Downsample[ns],BuildFilTree[ns],SearchFil[ns],DeleteFil[ns],BuildTreeSub[ns],SearchSub[ns],DeleteSub[ns],PreProcTotal[ns],Plane[ns],Total[ns],nx,ny,nz,planeCount
4986,0,0,0,0,890,234,6110,464,6574,-0.0321577,0.11,-0.993411,0
4863,0,0,0,0,1079,268,6210,640,6850,-0.0387186,0.0465308,-0.998167,0
4898,0,0,0,0,919,222,6039,1457,7496,-0.0374828,0.0703156,-0.99682,0
4782,0,0,0,0,890,257,5929,312,6241,-0.0435118,0.0306883,-0.998581,0
4915,0,0,0,0,904,223,6042,1588,7630,-0.0344232,0.0667814,-0.997174,0
4825,0,0,0,0,916,270,6011,297,6308,-0.0633801,0.0281984,-0.997591,0
4930,0,0,0,0,916,222,6068,1885,7953,-0.0306545,0.0696212,-0.997102,0
4735,0,0,0,0,995,250,5980,332,6312,-0.0337244,0.0283826,-0.999028,0
5873,0,0,0,0,853,219,6945,1598,8543,-0.0328902,0.0732537,-0.996771,0
4853,0,0,0,0,855,221,5929,289,6218,-0.0443696,0.0186311,-0.998841,0
4769,0,0,0,0,851,218,5838,1558,7396,-0.0414606,0.0721478,-0.996532,0
4782,0,0,0,0,865,218,5865,309,6174,-0.0429774,0.0386142,-0.99833,0
4720,0,0,0,0,993,222,5935,1453,7388,-0.0368851,0.0735618,-0.996608,0
4711,0,0,0,0,895,280,5886,340,6226,-0.0153327,0.0511207,-0.998575,0
5257,0,0,0,0,919,243,6419,258,6677,-0.0470121,0.00796191,-0.998863,0
4641,0,0,0,0,847,217,5705,1588,7293,-0.0396961,0.0682035,-0.996882,0
4714,0,0,0,0,968,221,5903,258,6161,-0.0631014,0.0250243,-0.997693,0
5206,0,0,0,0,1017,225,6448,1637,8085,-0.0316054,0.0716163,-0.996932,0
4848,0,0,0,0,897,222,5967,285,6252,-0.0411255,0.0430457,-0.998227,0
5055,0,0,0,0,918,219,6192,1549,7741,-0.037036,0.0709013,-0.996795,0
5128,0,0,0,0,1205,243,6576,301,6877,-0.0560498,0.0203903,-0.99822,0
4657,0,0,0,0,842,218,5717,1434,7151,-0.0261364,0.0759932,-0.996766,0
4942,0,0,0,0,850,224,6016,362,6378,-0.0158066,0.0552875,-0.998345,0
4830,0,0,0,0,852,215,5897,297,6194,-0.016451,0.0528144,-0.998469,0
4775,0,0,0,0,949,219,5943,275,6218,-0.0443245,0.0195682,-0.998825,0
4785,0,0,0,0,1161,314,6260,1893,8153,-0.0331158,0.0735948,-0.996738,0
4743,0,0,0,0,850,218,5811,322,6133,-0.0316282,0.0400734,-0.998696,0
4716,0,0,0,0,847,217,5780,1501,7281,-0.0272254,0.0736212,-0.996915,0
4903,0,0,0,0,924,221,6048,349,6397,-0.022424,0.0505058,-0.998472,0
4739,0,0,0,0,868,221,5828,1395,7223,-0.0333968,0.077307,-0.996448,0
4753,0,0,0,0,849,216,5818,350,6168,-0.0329414,0.0392996,-0.998684,0
5448,0,0,0,0,954,248,6650,1699,8349,-0.0281662,0.0746035,-0.996815,0
5457,0,0,0,0,997,220,6674,315,6989,-0.0222132,0.0509748,-0.998453,0
4889,0,0,0,0,853,251,5993,1553,7546,-0.026343,0.0741223,-0.996901,0
5416,0,0,0,0,959,246,6621,392,7013,-0.0182283,0.0519212,-0.998485,0
5300,0,0,0,0,994,244,6538,257,6795,-0.0215795,0.0416112,-0.998901,0
5544,0,0,0,0,904,233,6681,1125,7806,-0.0315606,0.0768495,-0.996543,0
4679,0,0,0,0,897,263,5839,317,6156,-0.0415605,0.0343189,-0.998547,0
5392,0,0,0,0,948,246,6586,1693,8279,-0.0310375,0.0725181,-0.996884,0
6128,0,0,0,0,1161,248,7537,336,7873,-0.0442815,0.0189194,-0.99884,0
5559,0,0,0,0,963,250,6772,1743,8515,-0.0306843,0.0769454,-0.996563,0
5331,0,0,0,0,1383,330,7044,462,7506,-0.0263893,0.0434195,-0.998708,0
5600,0,0,0,0,960,220,6780,1556,8336,-0.0290869,0.0753238,-0.996735,0
5428,0,0,0,0,1146,291,6865,374,7239,-0.0168239,0.0637501,-0.997824,0
5273,0,0,0,0,1016,246,6535,357,6892,-0.0240605,0.0372243,-0.999017,0
5450,0,0,0,0,959,287,6696,1671,8367,-0.0264723,0.0766814,-0.996704,0
5521,0,0,0,0,953,245,6719,513,7232,-0.0140391,0.0589573,-0.998162,0
5449,0,0,0,0,960,245,6654,374,7028,-0.0127018,0.0506755,-0.998634,0
5374,0,0,0,0,959,266,6599,290,6889,-0.0214055,0.0431782,-0.998838,0
5254,0,0,0,0,959,246,6459,1673,8132,-0.0293326,0.0758628,-0.996686,0
5626,0,0,0,0,964,245,6835,398,7233,-0.0395194,0.0456667,-0.998174,0
5556,0,0,0,0,1055,269,6880,1748,8628,-0.0290188,0.0737891,-0.996851,0
3561,0,0,0,0,643,162,4366,252,4618,-0.0284133,0.049737,-0.998358,0
5399,0,0,0,0,1068,252,6719,1691,8410,-0.0321192,0.0700781,-0.997024,0
5392,0,0,0,0,978,244,6614,420,7034,-0.0441531,0.0221521,-0.998779,0
5375,0,0,0,0,1037,252,6664,1658,8322,-0.0340503,0.0649019,-0.99731,0
4041,0,0,0,0,636,178,4855,226,5081,-0.0563937,0.038262,-0.997675,0
2611,0,0,0,0,479,122,3212,836,4048,-0.038696,0.0641353,-0.997191,0
5330,0,0,0,0,957,243,6530,308,6838,-0.0603159,0.0366232,-0.997508,0
5381,0,0,0,0,983,249,6613,1631,8244,-0.030446,0.0704695,-0.997049,0
5465,0,0,0,0,971,248,6684,366,7050,-0.0228729,0.052723,-0.998347,0
5262,0,0,0,0,963,299,6524,350,6874,-0.0412444,0.0363737,-0.998487,0
5431,0,0,0,0,952,245,6628,1603,8231,-0.0330201,0.0720976,-0.996851,0
5521,0,0,0,0,977,254,6752,392,7144,-0.0323996,0.0396204,-0.99869,0
5387,0,0,0,0,957,246,6590,1612,8202,-0.0273912,0.0757256,-0.996753,0
5320,0,0,0,0,1144,247,6711,385,7096,-0.0141963,0.061168,-0.998027,0
3731,0,0,0,0,641,165,4537,249,4786,-0.045403,0.0117124,-0.9989,0
4360,0,0,0,0,803,226,5389,1308,6697,-0.0382408,0.0724303,-0.99664,0
6419,0,0,0,0,1036,267,7722,421,8143,-0.0443347,0.0253701,-0.998694,0
5298,0,0,0,0,957,274,6529,1597,8126,-0.0350738,0.0752336,-0.996549,0
5459,0,0,0,0,959,244,6662,345,7007,-0.0423571,0.0408915,-0.998266,0
5311,0,0,0,0,960,247,6518,1640,8158,-0.026595,0.073735,-0.996923,0
5312,0,0,0,0,974,246,6532,334,6866,-0.0204792,0.0529709,-0.998386,0
5386,0,0,0,0,973,246,6605,294,6899,-0.0239492,0.0393838,-0.998937,0
5367,0,0,0,0,962,248,6577,1700,8277,-0.024658,0.0703771,-0.997216,0
5753,0,0,0,0,1316,257,7326,398,7724,-0.0227001,0.0490311,-0.99854,0
5329,0,0,0,0,962,244,6535,229,6764,-0.0395289,0.0443582,-0.998233,0
5498,0,0,0,0,988,249,6735,1665,8400,-0.0263394,0.0700777,-0.997194,0
4810,0,0,0,0,902,221,5933,343,6276,-0.0277103,0.0513914,-0.998294,0
5469,0,0,0,0,993,251,6713,254,6967,-0.022883,0.0567419,-0.998127,0
5464,0,0,0,0,985,290,6739,322,7061,-0.042779,0.0256029,-0.998756,0
5389,0,0,0,0,968,252,6609,1669,8278,-0.0312176,0.0653833,-0.997372,0
5256,0,0,0,0,1014,268,6538,354,6892,-0.029199,0.0466549,-0.998484,0
5454,0,0,0,0,956,247,6657,1644,8301,-0.0301948,0.0680971,-0.997222,0
5441,0,0,0,0,976,248,6665,405,7070,-0.0448487,0.0188498,-0.998816,0
5397,0,0,0,0,964,247,6608,1776,8384,-0.0376037,0.0713406,-0.996743,0
5460,0,0,0,0,945,245,6650,364,7014,-0.0429267,0.0400475,-0.998275,0
6376,0,0,0,0,1000,254,7630,1557,9187,-0.0308263,0.0691449,-0.99713,0
5396,0,0,0,0,947,242,6585,377,6962,-0.0254618,0.0431103,-0.998746,0
5337,0,0,0,0,984,248,6569,1803,8372,-0.0283539,0.0710146,-0.997072,0
3851,0,0,0,0,605,129,4585,168,4753,-0.0332315,0.0396026,-0.998663,0
5481,0,0,0,0,971,251,6703,1724,8427,-0.0251701,0.0718368,-0.997099,0
5494,0,0,0,0,1009,271,6774,436,7210,-0.0441342,0.0186223,-0.998852,0
5346,0,0,0,0,980,251,6577,1697,8274,-0.0385118,0.0664296,-0.997047,0
5204,0,0,0,0,876,263,6343,292,6635,-0.0495464,0.0307751,-0.998298,0
5446,0,0,0,0,980,234,6660,2018,8678,-0.0357878,0.0613574,-0.997474,0
5209,0,0,0,0,1081,269,6559,335,6894,-0.0474059,0.0466945,-0.997784,0
5274,0,0,0,0,1492,298,7064,1739,8803,-0.0323454,0.0668655,-0.997238,0
5461,0,0,0,0,1072,262,6795,318,7113,-0.0299079,0.042586,-0.998645,0
5667,0,0,0,0,1103,263,7033,1728,8761,-0.024031,0.067895,-0.997403,0
5655,0,0,0,0,1080,262,6997,380,7377,-0.0262778,0.0415197,-0.998792,0
5754,0,0,0,0,1084,311,7149,1668,8817,-0.0300816,0.0695915,-0.997122,0
4739,0,0,0,0,913,241,5893,337,6230,-0.0406951,0.0389889,-0.99841,0
5179,0,0,0,0,979,247,6405,1509,7914,-0.0285069,0.0676605,-0.997301,0
5418,0,0,0,0,1126,237,6781,299,7080,-0.0223528,0.0314596,-0.999255,0
4703,0,0,0,0,895,234,5832,1426,7258,-0.0283317,0.0722015,-0.996988,0
5085,0,0,0,0,1130,299,6514,388,6902,-0.0204287,0.0513376,-0.998472,0
4778,0,0,0,0,917,228,5923,232,6155,-0.0454717,0.00943244,-0.998921,0
4956,0,0,0,0,896,229,6081,1389,7470,-0.0305443,0.0732598,-0.996845,0
5085,0,0,0,0,913,232,6230,297,6527,-0.0131122,0.0601914,-0.9981,0
4923,0,0,0,0,928,236,6087,322,6409,-0.0156787,0.044126,-0.998903,0
5515,0,0,0,0,1156,265,6936,1828,8764,-0.0289754,0.0773374,-0.996584,0
5653,0,0,0,0,1014,261,6928,353,7281,-0.0422353,0.0496436,-0.997874,0
5036,0,0,0,0,904,278,6218,1439,7657,-0.0251369,0.0749204,-0.996873,0
5427,0,0,0,0,1016,263,6706,414,7120,-0.0388216,0.0410763,-0.998401,0
5436,0,0,0,0,1003,259,6698,1618,8316,-0.0263479,0.0698778,-0.997207,0
5405,0,0,0,0,1071,258,6734,347,7081,-0.0275054,0.0354379,-0.998994,0
5362,0,0,0,0,1005,311,6678,1579,8257,-0.0283079,0.0656382,-0.997442,0
6058,0,0,0,0,1062,262,7382,397,7779,-0.0260403,0.083653,-0.996155,0
5348,0,0,0,0,899,228,6475,407,6882,-0.0094584,0.0549169,-0.998446,0
5484,0,0,0,0,1010,259,6753,336,7089,-0.0252667,0.0373181,-0.998984,0
5537,0,0,0,0,1079,256,6872,1644,8516,-0.0215071,0.0694226,-0.997356,0
5531,0,0,0,0,1076,247,6854,378,7232,-0.0270369,0.0342561,-0.999047,0
5659,0,0,0,0,1216,251,7126,1697,8823,-0.0408819,0.0755004,-0.996308,0
5685,0,0,0,0,931,238,6854,366,7220,-0.0203823,0.0648298,-0.997688,0
5113,0,0,0,0,1024,237,6374,364,6738,-0.02216,0.0517227,-0.998416,0
5484,0,0,0,0,937,239,6660,1565,8225,-0.0403899,0.0770192,-0.996211,0
5795,0,0,0,0,887,229,6911,337,7248,-0.0140915,0.0600189,-0.998098,0
5292,0,0,0,0,972,213,6477,386,6863,-0.0278227,0.0766025,-0.996673,0
5493,0,0,0,0,827,211,6531,323,6854,-0.0180047,0.0726468,-0.997195,0
6093,0,0,0,0,875,212,7180,362,7542,-0.0221452,0.0752814,-0.996916,0
5543,0,0,0,0,732,206,6481,393,6874,-0.0228124,0.101482,-0.994576,0
5924,0,0,0,0,818,205,6947,501,7448,-0.0217858,0.0981623,-0.994932,0
5931,0,0,0,0,858,209,6998,665,7663,-0.0408361,0.0798048,-0.995974,0
5873,0,0,0,0,785,202,6860,493,7353,-0.0232822,0.0600919,-0.997921,0
6098,0,0,0,0,810,201,7109,381,7490,-0.0396916,0.0871918,-0.995401,0
5981,0,0,0,0,739,191,6911,419,7330,-0.0512025,0.116936,-0.991819,0
5981,0,0,0,0,741,185,6907,446,7353,-0.048216,0.112583,-0.992472,0
6044,0,0,0,0,683,176,6903,485,7388,-0.0318898,0.100244,-0.994452,0
5974,0,0,0,0,604,160,6738,417,7155,-0.0288575,0.0977058,-0.994797,0
6214,0,0,0,0,556,148,6918,468,7386,-0.0329628,0.0830663,-0.995999,0
5918,0,0,0,0,531,137,6586,467,7053,-0.0316596,0.0853093,-0.995852,0
6035,0,0,0,0,466,125,6626,453,7079,-0.0226463,0.126902,-0.991657,0
6004,0,0,0,0,435,118,6557,614,7171,-0.00343265,0.109112,-0.994024,0
6311,0,0,0,0,408,110,6829,720,7549,0.0133182,0.0796399,-0.996735,0
4212,0,0,0,0,254,72,4538,482,5020,0.0162771,0.0855921,-0.996197,0
3856,0,0,0,0,244,67,4167,624,4791,0.00867211,0.102593,-0.994686,0
6121,0,0,0,0,362,96,6579,775,7354,-0.00985241,0.0936333,-0.995558,0
5459,0,0,0,0,298,87,5844,793,6637,-0.0251142,0.117187,-0.992792,0
5475,0,0,0,0,256,73,5804,563,6367,0.00314765,0.0501835,-0.998735,0
5170,0,0,0,0,231,61,5462,533,5995,0.0278279,0.024098,-0.999322,0
5682,0,0,0,0,184,61,5927,595,6522,0.0189972,0.0871662,-0.996013,0
4984,0,0,0,0,162,49,5195,538,5733,0.0551384,-0.0173195,-0.998328,0
5129,0,0,0,0,175,50,5354,497,5851,0.0324479,0.0918583,-0.995243,0
4902,0,0,0,0,132,45,5079,378,5457,0.0437943,0.072904,-0.996377,0
4906,0,0,0,0,154,46,5106,414,5520,0.0332364,0.0610981,-0.997578,0
4904,0,0,0,0,107,40,5051,457,5508,0.0305979,0.0342243,-0.998946,0
4683,0,0,0,0,95,35,4813,436,5249,0.0859842,-0.0870763,-0.992484,0
4500,0,0,0,0,86,33,4619,401,5020,0.0300192,-0.0402407,-0.998739,0
4374,0,0,0,0,91,33,4498,465,4963,0.0501576,-0.10998,-0.992667,0
4298,0,0,0,0,71,29,4398,447,4845,0.0715577,-0.227121,-0.971234,0
4174,0,0,0,0,80,31,4285,397,4682,0.073738,-0.242238,-0.967411,0
4324,0,0,0,0,100,36,4460,422,4882,0.0668906,-0.207948,-0.97585,0
4360,0,0,0,0,96,38,4494,479,4973,0.06013,-0.166397,-0.984224,0
4298,0,0,0,0,102,37,4437,409,4846,0.0852479,-0.259556,-0.961958,0
4225,0,0,0,0,103,41,4369,426,4795,0.0757954,-0.255974,-0.963708,0
4235,0,0,0,0,105,40,4380,465,4845,0.0650612,-0.230761,-0.970833,0
4154,0,0,0,0,105,41,4300,488,4788,0.071322,-0.219423,-0.97302,0
4079,0,0,0,0,116,43,4238,591,4829,0.0653737,-0.165372,-0.984062,0
4171,0,0,0,0,134,46,4351,629,4980,0.060797,-0.13811,-0.988549,0
4373,0,0,0,0,151,52,4576,591,5167,0.0507099,-0.10552,-0.993123,0
4250,0,0,0,0,179,70,4499,741,5240,0.0620554,-0.144856,-0.987505,0
4322,0,0,0,0,251,69,4642,681,5323,0.0531402,-0.143967,-0.988155,0
4233,0,0,0,0,246,72,4551,920,5471,0.0638645,-0.103819,-0.992544,0
4361,0,0,0,0,273,78,4712,1220,5932,0.0740457,-0.118302,-0.990213,0
4238,0,0,0,0,301,86,4625,1375,6000,0.0792931,-0.124519,-0.989044,0
4339,0,0,0,0,329,95,4763,1421,6184,0.0719745,-0.122889,-0.989807,0
4528,0,0,0,0,360,101,4989,1456,6445,0.0631711,-0.116713,-0.991155,0
4445,0,0,0,0,539,134,5118,1704,6822,0.0533352,-0.119785,-0.991366,0
4633,0,0,0,0,467,122,5222,1831,7053,0.0438495,-0.106871,-0.993306,0
4486,0,0,0,0,520,131,5137,1989,7126,0.0260083,-0.077306,-0.996668,0
4549,0,0,0,0,601,152,5302,2245,7547,0.0276357,-0.0825971,-0.9962,0
4855,0,0,0,0,576,221,5652,2505,8157,0.0203697,-0.07436,-0.997023,0
4720,0,0,0,0,646,193,5559,2574,8133,0.0210801,-0.0479516,-0.998627,0
4723,0,0,0,0,674,168,5565,3433,8998,0.0224647,-0.0279164,-0.999358,0
4893,0,0,0,0,685,176,5754,3120,8874,0.0312589,-0.0104393,-0.999457,0
6072,0,0,0,0,722,173,6967,1621,8588,0.0383324,-0.0126661,-0.999185,0
1990,0,0,0,0,326,76,2392,1412,3804,0.0366301,-0.00775397,-0.999299,0
5243,0,0,0,0,838,209,6290,3838,10128,0.0318589,0.00957566,-0.999446,0
5539,0,0,0,0,1318,297,7154,3760,10914,0.00934666,0.0372931,-0.999261,0
5400,0,0,0,0,1000,247,6647,3420,10067,-0.0168194,0.0399746,-0.999059,0
5941,0,0,0,0,1123,275,7339,3256,10595,-0.0313899,0.0453881,-0.998476,0
5722,0,0,0,0,1204,296,7222,2253,9475,-0.0362171,0.0454698,-0.998309,0
6778,0,0,0,0,1679,332,8789,1822,10611,-0.0484252,0.0450785,-0.997809,0
6633,0,0,0,0,1618,376,8627,1863,10490,-0.0676146,0.0366826,-0.997037,0
6985,0,0,0,0,1766,458,9209,1980,11189,-0.0874743,0.0426029,-0.995256,0
7070,0,0,0,0,1809,441,9320,1785,11105,-0.106689,0.0239433,-0.994004,0
7061,0,0,0,0,1891,458,9410,1748,11158,-0.128311,0.0302494,-0.991273,0
4741,0,0,0,0,1314,311,6366,1346,7712,-0.13409,0.0557444,-0.9894,0
6962,0,0,0,0,2025,479,9466,2056,11522,-0.14511,0.108787,-0.983416,0
7107,0,0,0,0,2241,506,9854,2857,12711,-0.13147,0.139105,-0.981512,0
7483,0,0,0,0,2261,520,10264,3138,13402,-0.113886,0.165957,-0.979535,0
4842,0,0,0,0,1427,370,6639,2627,9266,-0.0861184,0.180033,-0.979884,0
7159,0,0,0,0,1841,445,9445,3743,13188,-0.0670133,0.180962,-0.981204,0
6367,0,0,0,0,1831,418,8616,3981,12597,-0.0530334,0.189686,-0.980411,0
6308,0,0,0,0,1608,398,8314,4203,12517,-0.0404739,0.174107,-0.983895,0
6343,0,0,0,0,1561,373,8277,4110,12387,-0.0360263,0.164029,-0.985797,0
6541,0,0,0,0,1456,356,8353,4065,12418,-0.0356976,0.154401,-0.987363,0
6034,0,0,0,0,1550,348,7932,4359,12291,-0.0412915,0.149636,-0.987879,0
5991,0,0,0,0,1656,343,7990,4173,12163,-0.0381427,0.147248,-0.988364,0
3941,0,0,0,0,935,226,5102,2882,7984,-0.0345952,0.137451,-0.989904,0
6556,0,0,0,0,1544,387,8487,4534,13021,-0.0429606,0.148217,-0.988021,0
5658,0,0,0,0,1185,304,7147,4055,11202,-0.0533469,0.159573,-0.985743,0
6570,0,0,0,0,1334,306,8210,3678,11888,-0.0667128,0.166392,-0.9838,0
6160,0,0,0,0,1190,271,7621,3191,10812,-0.0834592,0.197897,-0.976663,0
6347,0,0,0,0,1150,268,7765,3252,11017,-0.0869346,0.198677,-0.976202,0
5919,0,0,0,0,1081,279,7279,2933,10212,-0.0899315,0.233735,-0.968133,0
5669,0,0,0,0,925,228,6822,2615,9437,-0.0792908,0.247244,-0.965704,0
5497,0,0,0,0,873,209,6579,2388,8967,-0.0778685,0.272984,-0.958862,0
5338,0,0,0,0,753,190,6281,2352,8633,-0.0693451,0.252441,-0.965124,0
5163,0,0,0,0,675,171,6009,2319,8328,-0.0664518,0.254514,-0.964784,0
4951,0,0,0,0,628,160,5739,2234,7973,-0.0681033,0.247502,-0.966491,0
4962,0,0,0,0,602,152,5716,2189,7905,-0.064438,0.233156,-0.970302,0
4871,0,0,0,0,558,146,5575,2163,7738,-0.060187,0.241069,-0.96864,0
4711,0,0,0,0,513,135,5359,2040,7399,-0.064394,0.213142,-0.974897,0
4492,0,0,0,0,588,135,5215,1901,7116,-0.0719672,0.220635,-0.972698,0
4547,0,0,0,0,464,127,5138,1847,6985,-0.106466,0.315959,-0.94278,0
4196,0,0,0,0,493,124,4813,1773,6586,-0.0936158,0.249575,-0.96382,0
4231,0,0,0,0,436,119,4786,1700,6486,-0.0921781,0.217647,-0.971665,0
4259,0,0,0,0,489,129,4877,1555,6432,-0.0933868,0.160629,-0.982587,0
4168,0,0,0,0,372,102,4642,1290,5932,-0.0913343,0.0977699,-0.991009,0
4313,0,0,0,0,414,114,4841,1416,6257,-0.130843,0.162981,-0.977915,0
4223,0,0,0,0,409,139,4771,1328,6099,-0.129305,0.153134,-0.979709,0
4142,0,0,0,0,449,115,4706,1271,5977,-0.114605,0.174509,-0.977964,0
4102,0,0,0,0,395,108,4605,1218,5823,-0.110364,0.201352,-0.973282,0
4116,0,0,0,0,396,110,4622,1272,5894,-0.0985029,0.179095,-0.978888,0
4209,0,0,0,0,408,116,4733,1200,5933,-0.0916505,0.189128,-0.977666,0
4269,0,0,0,0,404,114,4787,1457,6244,-0.0947666,0.206161,-0.973918,0
4168,0,0,0,0,402,114,4684,1077,5761,-0.0931087,0.213689,-0.972454,0
4136,0,0,0,0,405,111,4652,1149,5801,-0.0855898,0.204568,-0.975103,0
4218,0,0,0,0,405,122,4745,1102,5847,-0.0814037,0.196998,-0.977019,0
4229,0,0,0,0,416,115,4760,1085,5845,-0.0983962,0.237322,-0.966435,0
4183,0,0,0,0,408,115,4706,959,5665,-0.0948401,0.224269,-0.969902,0
4233,0,0,0,0,415,136,4784,892,5676,-0.0992653,0.26073,-0.960295,0
4447,0,0,0,0,433,122,5002,771,5773,-0.0989871,0.222665,-0.969857,0
4467,0,0,0,0,507,142,5116,741,5857,-0.10688,0.263554,-0.958705,0
5237,0,0,0,0,633,143,6013,578,6591,-0.117644,0.298992,-0.946976,0
4835,0,0,0,0,584,151,5570,449,6019,-0.0970121,0.214881,-0.97181,0
4554,0,0,0,0,576,155,5285,287,5572,-0.0731928,0.177489,-0.981397,0
4471,0,0,0,0,660,161,5292,309,5601,-0.100582,0.257912,-0.960919,0
4691,0,0,0,0,603,185,5479,332,5811,-0.0918891,0.205008,-0.974437,0
4637,0,0,0,0,626,165,5428,288,5716,-0.0920175,0.216134,-0.972018,0
4577,0,0,0,0,594,159,5330,312,5642,-0.0905124,0.211978,-0.973074,0
4627,0,0,0,0,629,161,5417,271,5688,-0.0705765,0.173792,-0.98225,0
4539,0,0,0,0,876,236,5651,298,5949,-0.0671748,0.139189,-0.987985,0
4673,0,0,0,0,629,163,5465,228,5693,-0.105628,0.267494,-0.957752,0
4612,0,0,0,0,636,177,5425,350,5775,-0.0549774,0.142097,-0.988325,0
4626,0,0,0,0,633,163,5422,242,5664,-0.0569202,0.15472,-0.986318,0
4754,0,0,0,0,606,164,5524,270,5794,-0.0771402,0.148649,-0.985877,0
4638,0,0,0,0,694,190,5522,269,5791,-0.0537577,0.133887,-0.989538,0
4707,0,0,0,0,612,166,5485,822,6307,-0.0405207,0.128032,-0.990942,0
4530,0,0,0,0,963,255,5748,379,6127,-0.0458776,0.117505,-0.992012,0
4784,0,0,0,0,618,168,5570,260,5830,-0.0816221,0.114619,-0.990051,0
4500,0,0,0,0,618,172,5290,289,5579,-0.0999031,0.224797,-0.969271,0
4607,0,0,0,0,696,169,5472,228,5700,0.163958,-0.367097,-0.915619,0
4397,0,0,0,0,627,164,5188,474,5662,-0.0281485,0.107276,-0.993831,0
4518,0,0,0,0,642,167,5327,334,5661,-0.0463658,0.123516,-0.991259,0
4767,0,0,0,0,626,170,5563,719,6282,-0.0511559,0.107427,-0.992896,0
4472,0,0,0,0,631,171,5274,762,6036,-0.0631808,0.119868,-0.990778,0
4495,0,0,0,0,702,171,5368,703,6071,-0.0669414,0.126256,-0.989736,0
4705,0,0,0,0,628,207,5540,253,5793,-0.0720519,0.134362,-0.988309,0
4595,0,0,0,0,681,170,5446,809,6255,-0.0518513,0.114977,-0.992014,0
4549,0,0,0,0,671,171,5391,273,5664,-0.0527524,0.128464,-0.99031,0
4557,0,0,0,0,637,172,5366,836,6202,-0.054059,0.115,-0.991894,0
4233,0,0,0,0,573,150,4956,234,5190,-0.162746,0.507051,-0.846412,0
4686,0,0,0,0,656,175,5517,388,5905,-0.0717874,0.179372,-0.981159,0
4635,0,0,0,0,630,170,5435,258,5693,-0.0734486,0.1891,-0.979207,0
4665,0,0,0,0,646,167,5478,227,5705,-0.127144,0.285966,-0.949767,0
4410,0,0,0,0,558,157,5125,314,5439,-0.0438088,0.128148,-0.990787,0
4203,0,0,0,0,563,150,4916,247,5163,-0.130681,0.236095,-0.962903,0
4055,0,0,0,0,562,149,4766,714,5480,-0.0391916,0.121821,-0.991778,0
4554,0,0,0,0,629,185,5368,262,5630,-0.0581311,0.146266,-0.987536,0
4657,0,0,0,0,643,168,5468,797,6265,-0.0444107,0.121264,-0.991627,0
4285,0,0,0,0,553,148,4986,234,5220,-0.0758443,0.199464,-0.976966,0
4530,0,0,0,0,627,166,5323,273,5596,-0.0888244,0.190196,-0.97772,0
4213,0,0,0,0,557,148,4918,212,5130,-0.108089,0.266235,-0.957829,0
4148,0,0,0,0,584,181,4913,334,5247,-0.107327,0.226696,-0.968034,0
4108,0,0,0,0,549,148,4805,200,5005,-0.0998798,0.253097,-0.962271,0
4602,0,0,0,0,615,164,5381,368,5749,-0.0779299,0.216096,-0.973257,0
4643,0,0,0,0,649,168,5460,335,5795,-0.0853378,0.18519,-0.978991,0
4477,0,0,0,0,650,168,5295,730,6025,-0.0442196,0.125102,-0.991158,0
4532,0,0,0,0,699,168,5399,232,5631,-0.221429,0.566548,-0.79372,0
4476,0,0,0,0,647,166,5289,419,5708,-0.0648466,0.188999,-0.979834,1
4521,0,0,0,0,619,188,5328,274,5602,-0.0899413,0.200092,-0.97564,1
4507,0,0,0,0,633,168,5308,248,5556,-0.0630256,0.15014,-0.986654,1
4583,0,0,0,0,635,167,5385,275,5660,-0.0574201,0.146422,-0.987554,1
4549,0,0,0,0,629,168,5346,738,6084,-0.0419992,0.127915,-0.990896,1
4791,0,0,0,0,960,230,5981,954,6935,-0.0420734,0.122419,-0.991586,1
4574,0,0,0,0,629,168,5371,733,6104,-0.0388996,0.119209,-0.992107,1
4547,0,0,0,0,623,168,5338,291,5629,-0.0916081,0.185247,-0.978413,1
4674,0,0,0,0,628,168,5470,740,6210,-0.0454509,0.126707,-0.990898,1
4670,0,0,0,0,647,168,5485,227,5712,0.0311578,-0.113964,-0.992996,1
4560,0,0,0,0,699,175,5434,507,5941,-0.0423732,0.0676138,-0.996811,1
4586,0,0,0,0,635,167,5388,267,5655,-0.0514177,0.096194,-0.994034,1
4519,0,0,0,0,642,167,5328,747,6075,-0.0500948,0.133548,-0.989776,1
4400,0,0,0,0,646,166,5212,742,5954,-0.0547005,0.138788,-0.98881,1
4548,0,0,0,0,647,168,5363,235,5598,-0.142969,0.542841,-0.827577,1
2744,0,0,0,0,388,101,3233,233,3466,-0.0603543,0.162361,-0.984884,1
4429,0,0,0,0,620,167,5216,238,5454,-0.0746948,0.213038,-0.974184,1
4584,0,0,0,0,647,173,5404,241,5645,-0.0674897,0.173895,-0.982449,1
4608,0,0,0,0,741,176,5525,734,6259,-0.0545503,0.134441,-0.989419,1
4691,0,0,0,0,707,171,5569,817,6386,-0.0494024,0.134807,-0.98964,1
4621,0,0,0,0,683,185,5489,779,6268,-0.0504189,0.137092,-0.989274,1
4618,0,0,0,0,692,169,5479,811,6290,-0.047991,0.136442,-0.989485,1
4731,0,0,0,0,656,200,5587,247,5834,-0.0261533,-0.0765183,-0.996725,1
5720,0,0,0,0,684,204,6608,398,7006,-0.0487097,0.128577,-0.990503,1
4618,0,0,0,0,623,166,5407,231,5638,0.0324849,-0.26142,-0.964679,1
5109,0,0,0,0,624,167,5900,473,6373,-0.0237139,-0.0144515,-0.999615,1
4714,0,0,0,0,670,171,5555,356,5911,-0.0405026,0.0971437,-0.994446,1
4488,0,0,0,0,655,168,5311,271,5582,-0.0280846,0.0527419,-0.998213,1
4562,0,0,0,0,610,161,5333,325,5658,-0.0182073,0.0270887,-0.999467,1
4535,0,0,0,0,615,163,5313,327,5640,-0.0178603,0.0394982,-0.99906,1
4683,0,0,0,0,622,165,5470,383,5853,-0.00784684,0.0436437,-0.999017,1
4512,0,0,0,0,619,165,5296,432,5728,-0.0458353,0.104035,-0.993517,1
4497,0,0,0,0,646,202,5345,258,5603,-0.0444237,0.0941929,-0.994563,1
4549,0,0,0,0,634,165,5348,277,5625,-0.060199,0.148811,-0.987032,1
4548,0,0,0,0,625,162,5335,709,6044,-0.0445103,0.130596,-0.990436,1
4545,0,0,0,0,631,175,5351,269,5620,-0.0147642,0.0719776,-0.997297,1
4652,0,0,0,0,619,168,5439,381,5820,-0.0532947,0.118716,-0.991497,1
4613,0,0,0,0,615,186,5414,674,6088,-0.0460153,0.12742,-0.990781,1
4377,0,0,0,0,611,163,5151,249,5400,0.056951,0.143141,-0.988063,1
4442,0,0,0,0,656,164,5262,590,5852,-0.0448302,0.147762,-0.988007,1
5377,0,0,0,0,616,168,6161,259,6420,-0.0604695,0.148395,-0.987078,1
4395,0,0,0,0,696,192,5283,249,5532,-0.0684082,0.147255,-0.98673,1
4618,0,0,0,0,609,164,5391,831,6222,-0.0505488,0.131385,-0.990042,1
4635,0,0,0,0,605,163,5403,-1000,-1000,-1,-1,-1,1
2997,0,0,0,0,408,109,3514,264,3778,-0.0402402,0.0916292,-0.99498,1
4863,0,0,0,0,608,164,5635,282,5917,-0.025063,0.0576886,-0.99802,1
4762,0,0,0,0,631,173,5566,343,5909,-0.0333343,0.0759238,-0.996556,1
4629,0,0,0,0,606,165,5400,342,5742,-0.0322702,0.0699061,-0.997032,1
4676,0,0,0,0,605,165,5446,317,5763,-0.0209109,0.0417663,-0.998909,1
4679,0,0,0,0,615,163,5457,401,5858,-0.0360809,0.0691297,-0.996955,1
5073,0,0,0,0,652,167,5892,294,6186,-0.0410906,0.104619,-0.993663,1
4485,0,0,0,0,616,163,5264,-1000,-1000,-1,-1,-1,1
4387,0,0,0,0,625,162,5174,375,5549,-0.0422427,0.0877263,-0.995249,1
4410,0,0,0,0,649,164,5223,241,5464,-0.067235,0.124304,-0.989964,1
4520,0,0,0,0,641,178,5339,288,5627,-0.0954359,0.193477,-0.976452,1
4668,0,0,0,0,687,181,5536,678,6214,-0.0508127,0.130263,-0.990177,1
4604,0,0,0,0,618,168,5390,277,5667,-0.0658589,0.167681,-0.983639,1
4550,0,0,0,0,638,166,5354,810,6164,-0.0608383,0.106955,-0.992401,1
5092,0,0,0,0,715,176,5983,228,6211,-0.0411222,0.063115,-0.997159,1
4570,0,0,0,0,640,165,5375,261,5636,-0.0306143,0.0374126,-0.998831,1
4587,0,0,0,0,700,168,5455,363,5818,-0.0294844,0.0465955,-0.998479,1
4514,0,0,0,0,617,165,5296,290,5586,-0.0456543,0.0482796,-0.99779,1
4422,0,0,0,0,665,185,5272,274,5546,-0.0391507,0.126896,-0.991143,1
4483,0,0,0,0,642,165,5290,-1000,-1000,-1,-1,-1,1
4520,0,0,0,0,664,167,5351,402,5753,-0.041208,0.0591421,-0.997399,1
5356,0,0,0,0,635,168,6159,287,6446,-0.0429827,0.0987259,-0.994186,1
4365,0,0,0,0,638,168,5171,264,5435,-0.0447687,0.0729797,-0.996328,1
4422,0,0,0,0,623,172,5217,246,5463,-0.0265164,0.0275678,-0.999268,1
4559,0,0,0,0,641,164,5364,385,5749,-0.0376969,0.0604664,-0.997458,1
4505,0,0,0,0,608,161,5274,352,5626,-0.0393493,0.0744647,-0.996447,1
5610,0,0,0,0,665,201,6476,388,6864,-0.0364347,0.0575903,-0.997675,1
4634,0,0,0,0,658,169,5461,294,5755,-0.034416,0.0661884,-0.997213,1
4466,0,0,0,0,616,163,5245,292,5537,-0.0316963,0.0542481,-0.998024,1
4667,0,0,0,0,646,170,5483,331,5814,-0.02063,0.108348,-0.993899,1
4496,0,0,0,0,640,194,5330,355,5685,-0.0452812,0.129839,-0.990501,1
4561,0,0,0,0,722,193,5476,729,6205,-0.0706406,0.201994,-0.976836,1
4645,0,0,0,0,687,181,5513,744,6257,-0.0702835,0.214662,-0.974156,1
4668,0,0,0,0,709,187,5564,750,6314,-0.112934,0.219744,-0.968999,1
4684,0,0,0,0,789,192,5665,651,6316,-0.094348,0.201214,-0.974993,1
4822,0,0,0,0,747,198,5767,688,6455,-0.0584962,0.180975,-0.981746,1
4833,0,0,0,0,769,202,5804,751,6555,-0.0881174,0.202934,-0.97522,1
4923,0,0,0,0,845,217,5985,252,6237,-0.165906,0.148053,-0.974965,1
5057,0,0,0,0,999,238,6294,253,6547,-0.0760406,0.188373,-0.979149,1
5168,0,0,0,0,1006,258,6432,968,7400,-0.0506559,0.207705,-0.976879,1
5189,0,0,0,0,1051,273,6513,1064,7577,-0.0472907,0.205425,-0.977529,1
5207,0,0,0,0,1059,276,6542,1039,7581,-0.0341026,0.196076,-0.979996,1
5379,0,0,0,0,1161,300,6840,932,7772,-0.0221353,0.200827,-0.979376,1
5783,0,0,0,0,1568,283,7634,933,8567,-0.0189094,0.204919,-0.978596,1
5358,0,0,0,0,1169,311,6838,247,7085,-0.0587445,0.188719,-0.980273,1
6321,0,0,0,0,1231,286,7838,329,8167,-0.0653688,0.181309,-0.981251,1
5300,0,0,0,0,1113,283,6696,339,7035,-0.0864006,0.138969,-0.986521,1
5686,0,0,0,0,1105,290,7081,849,7930,-0.0256224,0.198108,-0.979845,1
5448,0,0,0,0,1116,286,6850,351,7201,-0.0667292,0.143803,-0.987354,1
5635,0,0,0,0,1179,289,7103,794,7897,-0.0112054,0.199,-0.979936,1
5487,0,0,0,0,1145,295,6927,400,7327,-0.0505364,0.162598,-0.985397,1
5575,0,0,0,0,1113,283,6971,354,7325,-0.0554297,0.183478,-0.98146,1
5514,0,0,0,0,1007,262,6783,680,7463,-0.13821,0.332605,-0.932884,1
5286,0,0,0,0,853,223,6362,687,7049,-0.144581,0.449996,-0.881249,1
5207,0,0,0,0,776,198,6181,357,6538,-0.0434778,0.172165,-0.984108,1
4946,0,0,0,0,698,181,5825,772,6597,-0.176521,0.625536,-0.759964,1
4955,0,0,0,0,637,174,5766,406,6172,-0.158678,0.658765,-0.735425,1
4918,0,0,0,0,559,149,5626,439,6065,-0.141553,0.642147,-0.753399,1
4972,0,0,0,0,584,146,5702,455,6157,-0.135864,0.586022,-0.798824,1
5945,0,0,0,0,529,143,6617,339,6956,-0.062305,0.401606,-0.913691,1
5272,0,0,0,0,465,124,5861,314,6175,-0.0538421,0.345864,-0.936738,1
4716,0,0,0,0,452,116,5284,340,5624,-0.0423469,0.157969,-0.986536,1
4486,0,0,0,0,397,107,4990,391,5381,-0.0110346,0.106203,-0.994283,1
5189,0,0,0,0,507,142,5838,374,6212,-0.019742,0.161189,-0.986726,1
5729,0,0,0,0,388,108,6225,387,6612,-0.00537569,0.0801941,-0.996765,1
4976,0,0,0,0,364,102,5442,610,6052,-0.00959155,0.149553,-0.988707,1
5530,0,0,0,0,342,96,5968,466,6434,-0.00987461,0.193347,-0.981081,1
4743,0,0,0,0,290,83,5116,428,5544,-0.0155749,0.217235,-0.975995,1
4882,0,0,0,0,304,88,5274,624,5898,-0.0262328,0.257442,-0.965938,1
4928,0,0,0,0,323,79,5330,570,5900,-0.0371817,0.29377,-0.955153,1
5483,0,0,0,0,240,71,5794,635,6429,-0.0430299,0.288596,-0.956484,1
5552,0,0,0,0,250,72,5874,766,6640,-0.0301557,0.278176,-0.960057,1
5276,0,0,0,0,234,66,5576,840,6416,-0.0189302,0.249832,-0.968104,1
5489,0,0,0,0,230,72,5791,930,6721,-0.0257235,0.295388,-0.955031,1
5415,0,0,0,0,214,62,5691,1049,6740,-0.0287215,0.32103,-0.946633,1
5603,0,0,0,0,191,60,5854,1022,6876,-0.0319966,0.30574,-0.951577,1
4878,0,0,0,0,159,53,5090,984,6074,-0.0271846,0.308086,-0.95097,1
5164,0,0,0,0,153,49,5366,788,6154,-0.0101245,0.223451,-0.974663,1
5726,0,0,0,0,161,52,5939,898,6837,-0.0160926,0.243772,-0.969699,1
4999,0,0,0,0,165,43,5207,956,6163,-0.0173413,0.252705,-0.967388,1
4884,0,0,0,0,138,46,5068,1236,6304,-0.0141179,0.278186,-0.960424,1
4933,0,0,0,0,137,48,5118,1309,6427,0.0217478,0.228036,-0.97341,1
4652,0,0,0,0,145,68,4865,1283,6148,0.0339894,0.199159,-0.979378,1
4139,0,0,0,0,135,46,4320,1095,5415,0.0259829,0.195173,-0.980425,1
3962,0,0,0,0,178,55,4195,1112,5307,0.0318348,0.178373,-0.983448,1
4401,0,0,0,0,213,85,4699,1161,5860,0.0388482,0.165293,-0.985479,1
4444,0,0,0,0,239,74,4757,1065,5822,0.0356435,0.123432,-0.991713,1
4434,0,0,0,0,286,79,4799,1174,5973,0.0401629,0.102997,-0.993871,1
4467,0,0,0,0,313,89,4869,1239,6108,0.030532,0.0885321,-0.995605,1
4505,0,0,0,0,373,109,4987,1622,6609,0.0132509,0.0812692,-0.996604,1
4701,0,0,0,0,458,122,5281,1824,7105,0.00558801,0.0931894,-0.995633,1
4652,0,0,0,0,539,143,5334,2172,7506,6.15149e-05,0.0946966,-0.995506,1
5040,0,0,0,0,672,194,5906,2427,8333,-0.00953839,0.108175,-0.994086,1
5281,0,0,0,0,811,208,6300,2695,8995,-0.0101244,0.138138,-0.990361,1
5444,0,0,0,0,1014,249,6707,2137,8844,0.00887066,0.128666,-0.991648,1
5944,0,0,0,0,1241,300,7485,1914,9399,0.0473466,0.173034,-0.983777,1
6815,0,0,0,0,1467,360,8642,1564,10206,0.110858,0.207358,-0.971963,1
7021,0,0,0,0,1688,433,9142,1969,11111,0.128189,0.218786,-0.967316,1
6217,0,0,0,0,1677,398,8292,1890,10182,0.131138,0.216412,-0.967455,1
6331,0,0,0,0,1749,445,8525,2200,10725,0.125668,0.24039,-0.962507,1
6316,0,0,0,0,1778,432,8526,2746,11272,0.0872262,0.268679,-0.959272,1
6368,0,0,0,0,1808,440,8616,3185,11801,0.052855,0.286473,-0.956629,1
6318,0,0,0,0,2258,452,9028,3552,12580,0.019216,0.282981,-0.958933,1
5757,0,0,0,0,1612,392,7761,3344,11105,-0.0132314,0.27576,-0.961136,1
6507,0,0,0,0,1700,413,8620,3824,12444,-0.0379597,0.273128,-0.961229,1
4181,0,0,0,0,1078,263,5522,2816,8338,-0.0454886,0.257223,-0.965281,1
6085,0,0,0,0,1395,343,7823,4259,12082,-0.0532732,0.261895,-0.963625,1
5874,0,0,0,0,1278,309,7461,4613,12074,-0.0593285,0.279779,-0.958229,1
5563,0,0,0,0,1086,263,6912,4775,11687,-0.0536017,0.277728,-0.959163,1
6137,0,0,0,0,940,232,7309,3827,11136,-0.0578147,0.282184,-0.957617,1
5211,0,0,0,0,837,204,6252,3095,9347,-0.0512553,0.286734,-0.956638,1
5130,0,0,0,0,795,205,6130,2787,8917,-0.0582446,0.312567,-0.948108,1
5050,0,0,0,0,793,186,6029,2165,8194,-0.0655909,0.318011,-0.945816,1
4872,0,0,0,0,704,175,5751,2019,7770,-0.0631013,0.321709,-0.944734,1
5052,0,0,0,0,944,220,6216,2080,8296,-0.0586105,0.28238,-0.957511,1
4661,0,0,0,0,669,159,5489,1786,7275,-0.0553186,0.283175,-0.957472,1
5186,0,0,0,0,587,153,5926,1724,7650,-0.050161,0.254976,-0.965645,1
4475,0,0,0,0,555,142,5172,1631,6803,-0.0469787,0.228753,-0.97235,1
4941,0,0,0,0,615,157,5713,1698,7411,-0.0426203,0.216523,-0.975347,1
4333,0,0,0,0,506,133,4972,1391,6363,-0.042395,0.18723,-0.981401,1
4098,0,0,0,0,497,130,4725,1317,6042,-0.0481992,0.224419,-0.9733,1
4016,0,0,0,0,459,124,4599,1295,5894,-0.0473787,0.197144,-0.979229,1
4022,0,0,0,0,450,123,4595,1144,5739,-0.0493758,0.202821,-0.97797,1
4310,0,0,0,0,490,131,4931,1269,6200,-0.0478538,0.276737,-0.959753,1
3791,0,0,0,0,585,176,4552,1367,5919,-0.0487404,0.223222,-0.973548,1
4230,0,0,0,0,596,119,4945,1174,6119,-0.0487366,0.212534,-0.975937,1
3753,0,0,0,0,376,104,4233,977,5210,-0.053424,0.238723,-0.969617,1
3936,0,0,0,0,362,101,4399,869,5268,-0.0583284,0.228535,-0.971787,1
4351,0,0,0,0,374,100,4825,971,5796,-0.0533422,0.223485,-0.973247,1
4260,0,0,0,0,546,141,4947,968,5915,-0.0714861,0.241603,-0.967739,1
3738,0,0,0,0,336,99,4173,714,4887,-0.0645107,0.224665,-0.972298,1
3723,0,0,0,0,270,68,4061,474,4535,-0.0581168,0.241201,-0.968733,1
3334,0,0,0,0,328,92,3754,694,4448,-0.0714463,0.271019,-0.959919,1
3888,0,0,0,0,372,103,4363,635,4998,-0.0767541,0.262861,-0.961776,1
3909,0,0,0,0,390,107,4406,674,5080,-0.0733251,0.27011,-0.960033,1
4622,0,0,0,0,468,118,5208,620,5828,-0.0783726,0.284336,-0.955516,1
3871,0,0,0,0,431,118,4420,611,5031,-0.0733782,0.294294,-0.952894,1
4608,0,0,0,0,525,138,5271,563,5834,-0.0761809,0.289054,-0.954277,1
4289,0,0,0,0,513,130,4932,446,5378,-0.071829,0.302085,-0.950571,1
3999,0,0,0,0,516,135,4650,350,5000,-0.0638593,0.323302,-0.944139,1
4001,0,0,0,0,541,151,4693,297,4990,-0.0553731,0.358449,-0.931906,1
4058,0,0,0,0,574,159,4791,279,5070,-0.0589064,0.360923,-0.930734,1
4382,0,0,0,0,666,164,5212,238,5450,-0.0515525,0.245049,-0.968139,1
4225,0,0,0,0,667,174,5066,453,5519,-0.0749258,0.309978,-0.947787,1
4318,0,0,0,0,721,191,5230,494,5724,-0.0737832,0.310915,-0.94757,1
5130,0,0,0,0,839,245,6214,483,6697,-0.0636561,0.319765,-0.945356,1
4658,0,0,0,0,949,240,5847,335,6182,-0.0453963,0.297647,-0.953596,1
5379,0,0,0,0,1191,299,6869,287,7156,-0.0406517,0.387089,-0.921146,1
4859,0,0,0,0,1117,278,6254,398,6652,-0.0318902,0.447939,-0.893496,1
5307,0,0,0,0,1348,286,6941,395,7336,0.0329028,0.457965,-0.888361,1
4787,0,0,0,0,1152,288,6227,434,6661,0.0749296,0.436655,-0.896503,1
5517,0,0,0,0,1261,315,7093,581,7674,0.0236526,0.324295,-0.94566,1
5556,0,0,0,0,1313,304,7173,436,7609,-0.082954,0.314626,-0.945584,1
6016,0,0,0,0,1173,295,7484,300,7784,-0.0909627,0.288818,-0.953053,1
5771,0,0,0,0,1071,281,7123,311,7434,-0.0833668,0.32159,-0.943202,1
4894,0,0,0,0,860,216,5970,360,6330,-0.0709378,0.184887,-0.980196,1
5251,0,0,0,0,866,235,6352,360,6712,-0.0355412,0.258378,-0.96539,1
4735,0,0,0,0,953,220,5908,290,6198,-0.0230589,0.295469,-0.955074,1
4514,0,0,0,0,518,168,5200,231,5431,-0.00175139,0.211037,-0.977477,1
5310,0,0,0,0,501,152,5963,-1000,-1000,-1,-1,-1,1
4945,0,0,0,0,428,115,5488,506,5994,-0.000170361,0.326131,-0.945325,1
4915,0,0,0,0,331,92,5338,276,5614,-0.00265173,0.473201,-0.880951,1
4294,0,0,0,0,298,85,4677,237,4914,0.00735,0.0869457,-0.996186,1
4873,0,0,0,0,356,99,5328,515,5843,-0.0249729,0.281,-0.959383,1
4949,0,0,0,0,430,107,5486,677,6163,-0.0316261,0.248044,-0.968233,1
4907,0,0,0,0,373,100,5380,814,6194,-0.0274516,0.273632,-0.961443,1
5868,0,0,0,0,371,101,6340,805,7145,-0.0248937,0.299087,-0.953901,1
4762,0,0,0,0,312,102,5176,1056,6232,-0.0191154,0.264842,-0.964102,1
5565,0,0,0,0,315,91,5971,984,6955,-0.0223609,0.294034,-0.955533,1
5158,0,0,0,0,256,76,5490,1028,6518,-0.0279794,0.333713,-0.94226,1
4674,0,0,0,0,239,67,4980,1039,6019,-0.0361673,0.317851,-0.947451,1
3631,0,0,0,0,157,44,3832,792,4624,-0.031074,0.323755,-0.945631,1
4483,0,0,0,0,208,61,4752,1106,5858,-0.023297,0.33457,-0.942083,1
5100,0,0,0,0,218,85,5403,1168,6571,-0.0145928,0.271982,-0.962192,1
4274,0,0,0,0,225,69,4568,1128,5696,-0.00200093,0.219506,-0.975609,1
4334,0,0,0,0,169,53,4556,1112,5668,-0.00447439,0.256672,-0.966488,1
4840,0,0,0,0,180,55,5075,1530,6605,-0.00785223,0.225872,-0.974125,1
4890,0,0,0,0,142,46,5078,1323,6401,-0.00906324,0.168608,-0.985642,1
4762,0,0,0,0,182,53,4997,1365,6362,-0.0182431,0.165728,-0.986003,1
4632,0,0,0,0,162,49,4843,1225,6068,-0.0163435,0.148896,-0.988718,1
4776,0,0,0,0,126,45,4947,1205,6152,-0.0296198,0.140052,-0.989701,1
4570,0,0,0,0,128,42,4740,1256,5996,-0.0279191,0.157458,-0.987131,1
4530,0,0,0,0,155,47,4732,1173,5905,-0.023148,0.14906,-0.988557,1
4416,0,0,0,0,172,54,4642,1183,5825,-0.0113719,0.0700295,-0.99748,1
4657,0,0,0,0,223,67,4947,1314,6261,-0.0179566,0.0598693,-0.998045,1
4748,0,0,0,0,274,86,5108,1421,6529,-0.0287073,0.0978566,-0.994786,1
4744,0,0,0,0,327,93,5164,1549,6713,-0.0232355,0.0758646,-0.996848,1
4846,0,0,0,0,428,115,5389,1635,7024,-0.0225028,0.103423,-0.994383,1
4686,0,0,0,0,531,159,5376,1829,7205,-0.0246367,0.109085,-0.993727,1
6082,0,0,0,0,596,159,6837,1929,8766,-0.0223231,0.098373,-0.994899,1
4854,0,0,0,0,673,175,5702,2100,7802,-0.0188198,0.0866263,-0.996063,1
5647,0,0,0,0,743,194,6584,2400,8984,-0.0208788,0.0688517,-0.997408,1
6281,0,0,0,0,768,200,7249,2344,9593,-0.0259374,0.0570518,-0.998035,1
5083,0,0,0,0,796,320,6199,2303,8502,-0.0303014,0.0678876,-0.997232,1
5215,0,0,0,0,883,213,6311,2373,8684,-0.0339999,0.071145,-0.996887,1
5224,0,0,0,0,872,217,6313,2576,8889,-0.0331304,0.0783086,-0.996379,1
5619,0,0,0,0,908,227,6754,2549,9303,-0.0458682,0.0962205,-0.994303,1
5317,0,0,0,0,1283,246,6846,3047,9893,-0.0637256,0.131103,-0.989319,1
4799,0,0,0,0,947,242,5988,2892,8880,-0.0726698,0.143424,-0.98699,1
5569,0,0,0,0,973,247,6789,3152,9941,-0.0814279,0.157489,-0.984158,1
5147,0,0,0,0,1116,275,6538,2895,9433,-0.0845956,0.16165,-0.983215,1
2359,0,0,0,0,532,143,3034,1123,4157,-0.0895001,0.170629,-0.981262,1
5843,0,0,0,0,1452,339,7634,2108,9742,-0.09443,0.180946,-0.978949,1
5813,0,0,0,0,1450,356,7619,1828,9447,-0.110493,0.190053,-0.975537,1
6037,0,0,0,0,1572,392,8001,1527,9528,-0.145049,0.190648,-0.970883,1
6244,0,0,0,0,1624,403,8271,1921,10192,-0.183767,0.189857,-0.964461,1
6459,0,0,0,0,1642,405,8506,2321,10827,-0.188259,0.236129,-0.953311,1
6706,0,0,0,0,1804,421,8931,2765,11696,-0.171305,0.271201,-0.947156,1
4433,0,0,0,0,1208,329,5970,2238,8208,-0.151145,0.315714,-0.936739,1
7086,0,0,0,0,2091,416,9593,3503,13096,-0.129887,0.361991,-0.923088,1
4407,0,0,0,0,1127,284,5818,2622,8440,-0.115708,0.369957,-0.921815,1
6389,0,0,0,0,1506,363,8258,3951,12209,-0.112691,0.402543,-0.908439,1
6512,0,0,0,0,958,234,7704,2521,10225,-0.104695,0.387144,-0.916056,1
3229,0,0,0,0,696,168,4093,2065,6158,-0.0891294,0.348942,-0.932897,1
6246,0,0,0,0,1422,312,7980,4708,12688,-0.0786633,0.304418,-0.949285,1
6309,0,0,0,0,1261,274,7844,3693,11537,-0.0632683,0.256843,-0.96438,1
3032,0,0,0,0,685,156,3873,2360,6233,-0.058385,0.232825,-0.970764,1
6206,0,0,0,0,1275,330,7811,4246,12057,-0.0593207,0.220053,-0.973683,1
5855,0,0,0,0,1232,296,7383,3898,11281,-0.0537562,0.213868,-0.975382,1
6612,0,0,0,0,1392,355,8359,4048,12407,-0.0482746,0.211299,-0.976229,1
6168,0,0,0,0,1269,313,7750,3030,10780,-0.0440626,0.215781,-0.975447,1
6768,0,0,0,0,1436,350,8554,3914,12468,-0.0375065,0.222399,-0.974234,1
6333,0,0,0,0,1275,308,7916,3342,11258,-0.0374845,0.223943,-0.973881,1
4031,0,0,0,0,924,212,5167,2385,7552,-0.0404163,0.221117,-0.97441,1
5135,0,0,0,0,960,215,6310,2332,8642,-0.044652,0.217473,-0.975044,1
6208,0,0,0,0,1268,336,7812,3383,11195,-0.0456166,0.218101,-0.974859,1
6175,0,0,0,0,1293,307,7775,3402,11177,-0.044341,0.222173,-0.973999,1
4068,0,0,0,0,943,232,5243,2744,7987,-0.0449076,0.22512,-0.973296,1
5984,0,0,0,0,1336,335,7655,3664,11319,-0.0435131,0.230579,-0.97208,1
5792,0,0,0,0,1266,302,7360,3640,11000,-0.0437921,0.230872,-0.971998,1
5855,0,0,0,0,1307,301,7463,2742,10205,-0.0420842,0.229726,-0.972345,1
2771,0,0,0,0,544,129,3444,1604,5048,-0.0412692,0.228603,-0.972644,1
2735,0,0,0,0,599,142,3476,1751,5227,-0.0380117,0.229137,-0.972652,1
6121,0,0,0,0,1268,305,7694,3821,11515,-0.0407711,0.227772,-0.97286,1
3172,0,0,0,0,565,112,3849,1351,5200,-0.0399397,0.229514,-0.972486,1
5791,0,0,0,0,1261,302,7354,3669,11023,-0.0391239,0.229491,-0.972524,1
5937,0,0,0,0,1285,307,7529,3726,11255,-0.0405278,0.227771,-0.972871,1
6166,0,0,0,0,1494,319,7979,3680,11659,-0.0373924,0.228774,-0.972761,1
6206,0,0,0,0,1340,309,7855,3253,11108,-0.0384296,0.224928,-0.973617,1
4083,0,0,0,0,917,213,5213,2661,7874,-0.0356735,0.227815,-0.973051,1
6000,0,0,0,0,1347,308,7655,3664,11319,-0.0364549,0.227926,-0.972996,1
5862,0,0,0,0,1263,303,7428,3596,11024,-0.0390711,0.227933,-0.972892,1
5910,0,0,0,0,1315,306,7531,3192,10723,-0.0376157,0.226898,-0.973192,1
4121,0,0,0,0,882,234,5237,2433,7670,-0.0378507,0.225523,-0.973502,1
5953,0,0,0,0,1313,321,7587,3432,11019,-0.0368543,0.224748,-0.97372,1
6067,0,0,0,0,1271,341,7679,3464,11143,-0.0394817,0.223193,-0.973974,1
4356,0,0,0,0,881,248,5485,2383,7868,-0.0406291,0.226054,-0.973267,1
6030,0,0,0,0,1957,472,8459,4327,12786,-0.0393001,0.227179,-0.97306,1
5894,0,0,0,0,1271,308,7473,3603,11076,-0.0386154,0.227516,-0.973008,1
5998,0,0,0,0,1268,306,7572,3627,11199,-0.0379197,0.22773,-0.972986,1
5795,0,0,0,0,996,209,7000,2436,9436,-0.0336844,0.228319,-0.973003,1
5893,0,0,0,0,1331,308,7532,3601,11133,-0.0335808,0.226212,-0.973499,1
5318,0,0,0,0,1163,275,6756,3051,9807,-0.0333121,0.226831,-0.973364,1
6042,0,0,0,0,1306,338,7686,3530,11216,-0.0363245,0.22566,-0.973529,1
6691,0,0,0,0,1319,340,8350,3220,11570,-0.0396552,0.226822,-0.973129,1
4122,0,0,0,0,899,252,5273,2342,7615,-0.0401933,0.228214,-0.972781,1
5770,0,0,0,0,1289,304,7363,3534,10897,-0.0400273,0.226838,-0.97311,1
5891,0,0,0,0,1275,312,7478,3560,11038,-0.0375638,0.228663,-0.972781,1
5879,0,0,0,0,1363,308,7550,3551,11101,-0.0389721,0.226229,-0.973294,1
5977,0,0,0,0,1288,309,7574,3466,11040,-0.0411656,0.225088,-0.973469,1
5890,0,0,0,0,1273,330,7493,3453,10946,-0.0434797,0.225854,-0.97319,1
5393,0,0,0,0,1172,278,6843,3103,9946,-0.0432343,0.226518,-0.973047,1
5879,0,0,0,0,1290,307,7476,3458,10934,-0.0438101,0.225681,-0.973216,1
5889,0,0,0,0,1306,313,7508,3581,11089,-0.0411174,0.227951,-0.972804,1
4060,0,0,0,0,914,213,5187,2437,7624,-0.040834,0.227036,-0.97303,1
5944,0,0,0,0,1307,327,7578,3464,11042,-0.0410137,0.227433,-0.97293,1
5849,0,0,0,0,1707,329,7885,3550,11435,-0.0423973,0.228379,-0.972649,1
5869,0,0,0,0,1276,305,7450,3623,11073,-0.0422039,0.228574,-0.972611,1
6512,0,0,0,0,1279,309,8100,3489,11589,-0.0429441,0.227878,-0.972742,1
5912,0,0,0,0,1339,311,7562,3523,11085,-0.0438777,0.2249,-0.973394,1
5516,0,0,0,0,892,213,6621,2351,8972,-0.0455395,0.225759,-0.973118,2
3070,0,0,0,0,681,161,3912,1810,5722,-0.0457117,0.225634,-0.973139,2
5930,0,0,0,0,1279,344,7553,3480,11033,-0.0463628,0.227003,-0.97279,2
5907,0,0,0,0,1321,306,7534,3699,11233,-0.0445959,0.227982,-0.972643,2
6036,0,0,0,0,1320,308,7664,3885,11549,-0.0417785,0.227392,-0.972907,2
5940,0,0,0,0,991,211,7142,2417,9559,-0.0389123,0.228834,-0.972687,2
3095,0,0,0,0,673,162,3930,1895,5825,-0.0382164,0.227985,-0.972914,2
6236,0,0,0,0,1403,312,7951,3525,11476,-0.0369575,0.228997,-0.972725,2
5838,0,0,0,0,1449,312,7599,3498,11097,-0.0391719,0.228875,-0.972668,2
5966,0,0,0,0,1270,305,7541,3412,10953,-0.0370031,0.228546,-0.97283,2
3631,0,0,0,0,691,162,4484,1565,6049,-0.0358607,0.230235,-0.972474,2
3272,0,0,0,0,717,188,4177,1976,6153,-0.0338377,0.229013,-0.972835,2
6023,0,0,0,0,1593,312,7928,3565,11493,-0.0340858,0.229686,-0.972668,2
5863,0,0,0,0,1401,337,7601,3476,11077,-0.0358806,0.228935,-0.97278,2
5987,0,0,0,0,1301,311,7599,3386,10985,-0.0363886,0.229319,-0.972671,2
4788,0,0,0,0,1091,285,6164,2873,9037,-0.0367333,0.229905,-0.97252,2
5978,0,0,0,0,1293,307,7578,3542,11120,-0.0346067,0.231238,-0.972282,2
6008,0,0,0,0,1258,330,7596,2902,10498,-0.0338516,0.230901,-0.972388,2
4061,0,0,0,0,880,253,5194,2438,7632,-0.0341371,0.230281,-0.972525,2
5950,0,0,0,0,1312,307,7569,3426,10995,-0.0334714,0.23131,-0.972304,2
8084,0,0,0,0,1306,312,9702,3556,13258,-0.0321193,0.232606,-0.972041,2
3751,0,0,0,0,822,241,4814,2312,7126,-0.034275,0.230675,-0.972427,2
5909,0,0,0,0,1264,306,7479,3516,10995,-0.033706,0.230037,-0.972598,2
5918,0,0,0,0,1272,308,7498,3570,11068,-0.0353124,0.230071,-0.972533,2
5893,0,0,0,0,1271,306,7470,3628,11098,-0.0370965,0.231309,-0.972173,2
6004,0,0,0,0,1270,306,7580,3604,11184,-0.0397383,0.230587,-0.97224,2
5999,0,0,0,0,1311,309,7619,3621,11240,-0.0406684,0.229981,-0.972345,2
5901,0,0,0,0,1264,330,7495,3574,11069,-0.0413416,0.230166,-0.972273,2
5605,0,0,0,0,1157,276,7038,3268,10306,-0.0407693,0.230348,-0.972254,2
5636,0,0,0,0,1221,307,7164,3322,10486,-0.0402023,0.230399,-0.972266,2
5341,0,0,0,0,1173,278,6792,3369,10161,-0.0398704,0.23293,-0.971676,2
5385,0,0,0,0,1209,279,6873,3350,10223,-0.0404351,0.232237,-0.971818,2
5460,0,0,0,0,1140,275,6875,3389,10264,-0.038323,0.233465,-0.97161,2
5935,0,0,0,0,1320,321,7576,3712,11288,-0.037162,0.230813,-0.972288,2
5957,0,0,0,0,1256,304,7517,3461,10978,-0.0387901,0.228154,-0.972852,2
5981,0,0,0,0,1261,305,7547,3712,11259,-0.0379299,0.2275,-0.973039,2
6004,0,0,0,0,1268,303,7575,3645,11220,-0.0405836,0.227421,-0.972951,2
5568,0,0,0,0,1150,275,6993,3400,10393,-0.0409936,0.231706,-0.971922,2
5325,0,0,0,0,1174,291,6790,3439,10229,-0.0385771,0.232275,-0.971885,2
5993,0,0,0,0,1322,324,7639,3828,11467,-0.0424604,0.227676,-0.972811,2
5959,0,0,0,0,1320,304,7583,3805,11388,-0.0460149,0.226298,-0.97297,2
4085,0,0,0,0,916,211,5212,2575,7787,-0.0545274,0.226064,-0.972585,2
5881,0,0,0,0,1246,321,7448,3640,11088,-0.0598762,0.235451,-0.97004,2
5842,0,0,0,0,1250,300,7392,3961,11353,-0.0623624,0.243858,-0.967804,2
5861,0,0,0,0,1240,293,7394,4194,11588,-0.0634335,0.251406,-0.965801,2
5861,0,0,0,0,1207,285,7353,4283,11636,-0.0647494,0.255843,-0.964548,2
5775,0,0,0,0,1144,277,7196,4438,11634,-0.0684335,0.254726,-0.964589,2
6726,0,0,0,0,1152,270,8148,4680,12828,-0.0700841,0.254026,-0.964655,2
3891,0,0,0,0,754,180,4825,3330,8155,-0.0674526,0.247271,-0.966596,2
5686,0,0,0,0,1067,252,7005,4560,11565,-0.0668008,0.260429,-0.963179,2
5542,0,0,0,0,1024,242,6808,4430,11238,-0.0624604,0.268251,-0.961322,2
5622,0,0,0,0,964,232,6818,4273,11091,-0.0580827,0.278455,-0.958692,2
6180,0,0,0,0,945,233,7358,4072,11430,-0.0502624,0.289779,-0.955773,2
5495,0,0,0,0,924,225,6644,4127,10771,-0.0478385,0.299152,-0.953005,2
5408,0,0,0,0,1039,225,6672,3692,10364,-0.05071,0.298444,-0.953079,2
5381,0,0,0,0,876,214,6471,3343,9814,-0.0508522,0.293503,-0.954605,2
5396,0,0,0,0,852,207,6455,3333,9788,-0.0488002,0.296836,-0.953681,2
5377,0,0,0,0,876,207,6460,3705,10165,-0.0488503,0.304931,-0.951121,2
5320,0,0,0,0,859,204,6383,2926,9309,-0.0514094,0.305192,-0.950902,2
5410,0,0,0,0,1143,249,6802,3012,9814,-0.0585396,0.318993,-0.945947,2
5141,0,0,0,0,749,192,6082,2933,9015,-0.0693467,0.320792,-0.944608,2
3958,0,0,0,0,536,124,4618,1973,6591,-0.0896729,0.31492,-0.944872,2
4928,0,0,0,0,697,195,5820,2709,8529,-0.108786,0.321971,-0.940479,2
5026,0,0,0,0,671,172,5869,2438,8307,-0.112597,0.316652,-0.941835,2
4874,0,0,0,0,645,157,5676,2286,7962,-0.114057,0.325587,-0.938608,2
4888,0,0,0,0,645,156,5689,2124,7813,-0.116982,0.373807,-0.9201,2
4728,0,0,0,0,575,145,5448,2203,7651,-0.109543,0.376181,-0.920048,2
4941,0,0,0,0,543,139,5623,1997,7620,-0.107052,0.353811,-0.92917,2
4529,0,0,0,0,574,132,5235,1969,7204,-0.112669,0.370177,-0.922103,2
5028,0,0,0,0,613,144,5785,2089,7874,-0.0947288,0.448926,-0.888534,2
5016,0,0,0,0,468,137,5621,1748,7369,-0.0775043,0.458691,-0.885209,2
4136,0,0,0,0,469,120,4725,1739,6464,-0.0640285,0.46562,-0.882666,2
4396,0,0,0,0,430,115,4941,1500,6441,-0.0602774,0.475706,-0.877537,2
4800,0,0,0,0,472,128,5400,1685,7085,-0.0669612,0.450213,-0.890407,2
4428,0,0,0,0,478,127,5033,1640,6673,-0.0669417,0.407802,-0.910613,2
4777,0,0,0,0,482,126,5385,1655,7040,-0.0780888,0.375557,-0.923503,2
3779,0,0,0,0,448,112,4339,1352,5691,-0.0858756,0.384764,-0.919012,2
4417,0,0,0,0,479,153,5049,1380,6429,-0.0902525,0.361635,-0.927941,2
4120,0,0,0,0,441,110,4671,1114,5785,-0.0918701,0.355726,-0.930064,2
4590,0,0,0,0,464,132,5186,1306,6492,-0.0829705,0.335463,-0.938393,2
4300,0,0,0,0,400,108,4808,1168,5976,-0.0733781,0.299453,-0.951285,2
4061,0,0,0,0,425,119,4605,1089,5694,-0.0661349,0.307611,-0.949211,2
3813,0,0,0,0,450,118,4381,1091,5472,-0.0647118,0.345769,-0.936086,2
3921,0,0,0,0,469,127,4517,1037,5554,-0.0643624,0.380451,-0.922559,2
4510,0,0,0,0,501,137,5148,807,5955,-0.0633374,0.386419,-0.920146,2
4367,0,0,0,0,577,153,5097,898,5995,-0.0541192,0.399075,-0.91532,2
4362,0,0,0,0,539,168,5069,670,5739,-0.0431046,0.411175,-0.910537,2
4398,0,0,0,0,502,132,5032,565,5597,-0.0450514,0.403825,-0.913727,2
4584,0,0,0,0,562,160,5306,463,5769,-0.044815,0.396688,-0.916859,2
4883,0,0,0,0,706,176,5765,416,6181,-0.0485736,0.409719,-0.910917,2
4765,0,0,0,0,726,188,5679,397,6076,-0.0533858,0.368485,-0.9281,2
4954,0,0,0,0,883,216,6053,295,6348,-0.0481733,0.386298,-0.921115,2
4902,0,0,0,0,897,231,6030,312,6342,-0.0257808,0.393707,-0.918874,2
5040,0,0,0,0,1002,248,6290,-1000,-1000,-1,-1,-1,2
4575,0,0,0,0,994,249,5818,367,6185,-0.0430973,0.366636,-0.929366,2
4711,0,0,0,0,1085,260,6056,204,6260,-0.058575,0.413807,-0.908478,2
6061,0,0,0,0,1196,308,7565,456,8021,-0.0421782,0.352108,-0.935009,2
4691,0,0,0,0,1065,273,6029,1304,7333,-0.0378268,0.366044,-0.929828,2
5797,0,0,0,0,1312,319,7428,330,7758,-0.0425964,0.363636,-0.930567,2
5549,0,0,0,0,1376,319,7244,298,7542,-0.0186573,0.345586,-0.938202,2
5712,0,0,0,0,1309,342,7363,453,7816,-0.0329315,0.318514,-0.947346,2
6269,0,0,0,0,1194,322,7785,244,8029,-0.121077,0.304105,-0.944913,2
4628,0,0,0,0,1074,269,5971,486,6457,-0.0473872,0.326477,-0.944017,2
5698,0,0,0,0,1252,315,7265,583,7848,-0.0260799,0.327383,-0.944532,2
5373,0,0,0,0,1137,282,6792,425,7217,-0.043745,0.31701,-0.947413,2
5039,0,0,0,0,976,245,6260,365,6625,-0.0247461,0.328554,-0.944161,2
4208,0,0,0,0,750,190,5148,323,5471,-0.00977654,0.289026,-0.957271,2
4861,0,0,0,0,724,185,5770,319,6089,-0.0611569,0.290092,-0.955043,2
5114,0,0,0,0,791,166,6071,444,6515,-0.068506,0.347681,-0.935107,2
4374,0,0,0,0,481,130,4985,366,5351,-0.0873937,0.384919,-0.918803,2
4603,0,0,0,0,452,109,5164,398,5562,-0.0789661,0.374444,-0.923881,2
4550,0,0,0,0,304,87,4941,490,5431,-0.0755322,0.375103,-0.923901,2
4801,0,0,0,0,250,74,5125,442,5567,-0.0530294,0.345532,-0.936908,2
4903,0,0,0,0,209,65,5177,478,5655,-0.0321221,0.333327,-0.942264,2
4855,0,0,0,0,191,60,5106,561,5667,-0.00560758,0.350736,-0.936457,2
4846,0,0,0,0,189,60,5095,431,5526,0.0260353,0.411741,-0.910929,2
5380,0,0,0,0,208,59,5647,400,6047,0.0310633,0.476789,-0.878469,2
4608,0,0,0,0,105,33,4746,245,4991,0.0595,0.358853,-0.931496,2
3964,0,0,0,0,107,35,4106,239,4345,0.0691259,0.435576,-0.897494,2
5525,0,0,0,0,158,49,5732,296,6028,0.0798975,0.503055,-0.860553,2
5323,0,0,0,0,148,49,5520,398,5918,0.0773601,0.585041,-0.807306,2
4977,0,0,0,0,128,40,5145,479,5624,0.0735814,0.543631,-0.836093,2
5064,0,0,0,0,130,43,5237,563,5800,0.0611411,0.402229,-0.913495,2
5368,0,0,0,0,149,50,5567,1043,6610,0.0399139,0.371152,-0.927714,2
4109,0,0,0,0,137,42,4288,1053,5341,0.0230977,0.302409,-0.952898,2
4568,0,0,0,0,154,47,4769,1390,6159,0.0213387,0.3268,-0.944853,2
4622,0,0,0,0,129,43,4794,1297,6091,0.0261243,0.34019,-0.939994,2
4634,0,0,0,0,126,41,4801,1344,6145,0.0286599,0.307892,-0.95099,2
4553,0,0,0,0,124,39,4716,1362,6078,0.019991,0.249119,-0.968267,2
4468,0,0,0,0,133,43,4644,1340,5984,0.030956,0.169348,-0.98507,2
5570,0,0,0,0,192,58,5820,1514,7334,0.00922954,0.126651,-0.991905,2
4794,0,0,0,0,231,70,5095,1578,6673,-0.00910835,0.135952,-0.990674,2
4758,0,0,0,0,262,77,5097,1650,6747,-0.0241527,0.168066,-0.98548,2
4766,0,0,0,0,319,87,5172,1742,6914,-0.0252218,0.212913,-0.976746,2
4932,0,0,0,0,418,105,5455,1885,7340,-0.0187283,0.262448,-0.964765,2
4981,0,0,0,0,496,132,5609,2209,7818,-0.00437038,0.305931,-0.952044,2
5187,0,0,0,0,667,158,6012,2141,8153,0.00417002,0.331886,-0.94331,2
5550,0,0,0,0,797,201,6548,1900,8448,-0.00818028,0.369774,-0.929086,2
5938,0,0,0,0,1084,261,7283,1302,8585,0.00208372,0.317954,-0.948104,2
6505,0,0,0,0,1371,348,8224,2274,10498,-0.00436169,0.322332,-0.946617,2
6964,0,0,0,0,1597,372,8933,1591,10524,-0.008451,0.271963,-0.962271,2
4868,0,0,0,0,1145,274,6287,1939,8226,-0.028444,0.286765,-0.957579,2
6794,0,0,0,0,1653,399,8846,867,9713,-0.0117644,0.302194,-0.953174,2
7625,0,0,0,0,2052,469,10146,1761,11907,-0.00450851,0.360846,-0.932615,2
5074,0,0,0,0,1430,328,6832,2109,8941,-0.0443983,0.377421,-0.924977,2
4975,0,0,0,0,1337,317,6629,2698,9327,-0.0491418,0.345589,-0.937098,2
6499,0,0,0,0,1706,445,8650,4074,12724,-0.0319638,0.351156,-0.935771,2
4300,0,0,0,0,1098,269,5667,2712,8379,-0.0268569,0.351625,-0.935756,2
6745,0,0,0,0,1465,357,8567,4482,13049,-0.0361706,0.365344,-0.93017,2
5928,0,0,0,0,1345,342,7615,4533,12148,-0.0511832,0.364363,-0.929849,2
3997,0,0,0,0,799,195,4991,3625,8616,-0.0643851,0.372242,-0.9259,2
6192,0,0,0,0,1171,269,7632,5887,13519,-0.0724516,0.376028,-0.923771,2
4647,0,0,0,0,692,168,5507,4637,10144,-0.0991491,0.403435,-0.90962,2
5005,0,0,0,0,651,163,5819,3911,9730,-0.11592,0.442831,-0.88908,2
5472,0,0,0,0,558,138,6168,3211,9379,-0.122833,0.488903,-0.863647,2
5007,0,0,0,0,524,130,5661,2854,8515,-0.112165,0.490631,-0.864118,2
6007,0,0,0,0,732,150,6889,2991,9880,-0.119498,0.524534,-0.842961,2
5118,0,0,0,0,484,139,5741,1545,7286,-0.118078,0.508231,-0.853088,2
2876,0,0,0,0,249,62,3187,1163,4350,-0.109785,0.464067,-0.878971,2
4707,0,0,0,0,507,117,5331,2239,7570,-0.107861,0.457177,-0.882811,2
5214,0,0,0,0,514,129,5857,2526,8383,-0.121792,0.492352,-0.861833,2
4668,0,0,0,0,487,146,5301,1929,7230,-0.11442,0.47582,-0.872068,2
5068,0,0,0,0,442,111,5621,1666,7287,-0.109721,0.505015,-0.856109,2
4528,0,0,0,0,375,98,5001,1233,6234,-0.0253269,0.377919,-0.925492,2
4956,0,0,0,0,408,147,5511,1667,7178,-0.0122682,0.310977,-0.950338,2
4320,0,0,0,0,305,83,4708,1637,6345,-0.0218022,0.277269,-0.960545,2
4124,0,0,0,0,310,85,4519,1486,6005,-0.0358941,0.308976,-0.950392,2
4326,0,0,0,0,405,93,4824,1470,6294,-0.0278952,0.310731,-0.950088,2
4278,0,0,0,0,318,91,4687,1113,5800,-0.0632153,0.372111,-0.926033,2
3848,0,0,0,0,331,91,4270,879,5149,-0.0654891,0.349955,-0.934475,2
4379,0,0,0,0,355,93,4827,795,5622,-0.0704663,0.37712,-0.92348,2
4385,0,0,0,0,376,103,4864,740,5604,-0.0751561,0.404471,-0.911458,2
4370,0,0,0,0,496,144,5010,793,5803,-0.0777953,0.424777,-0.90195,2
4495,0,0,0,0,442,117,5054,578,5632,-0.0867638,0.452045,-0.887766,2
4571,0,0,0,0,558,137,5266,615,5881,-0.0942171,0.43367,-0.896133,2
4756,0,0,0,0,545,148,5449,436,5885,-0.105695,0.4583,-0.882491,2
4248,0,0,0,0,542,144,4934,335,5269,-0.101168,0.442825,-0.890882,2
5743,0,0,0,0,749,187,6679,402,7081,-0.0996621,0.463189,-0.880639,2
4287,0,0,0,0,658,172,5117,321,5438,-0.096131,0.450049,-0.887814,2
5064,0,0,0,0,819,219,6102,261,6363,-0.0846165,0.548383,-0.831935,2
5111,0,0,0,0,817,218,6146,259,6405,-0.0777881,0.418778,-0.904751,2
4917,0,0,0,0,881,230,6028,601,6629,-0.0590158,0.485693,-0.872136,2
5371,0,0,0,0,1053,265,6689,715,7404,-0.0608664,0.46311,-0.884209,2
5327,0,0,0,0,986,251,6564,338,6902,-0.0707396,0.451533,-0.889446,2
5038,0,0,0,0,955,275,6268,218,6486,-0.0877688,0.435145,-0.896072,2
5216,0,0,0,0,1319,289,6824,246,7070,-0.048905,0.41229,-0.909739,2
5791,0,0,0,0,1210,301,7302,2027,9329,-0.0558814,0.399952,-0.914831,2
6110,0,0,0,0,1330,314,7754,1875,9629,-0.0690471,0.417452,-0.906072,2
5538,0,0,0,0,1117,295,6950,216,7166,-0.112638,0.40093,-0.909158,2
5622,0,0,0,0,1150,266,7038,352,7390,-0.0836524,0.437873,-0.895137,2
5649,0,0,0,0,1022,261,6932,511,7443,-0.0540552,0.409356,-0.910772,2
5250,0,0,0,0,918,230,6398,348,6746,-0.0521534,0.414904,-0.908369,2
4934,0,0,0,0,832,199,5965,291,6256,-0.070643,0.41202,-0.908433,2
4590,0,0,0,0,667,172,5429,821,6250,-0.00449557,0.379495,-0.925183,2
4619,0,0,0,0,544,144,5307,289,5596,-0.0574461,0.422082,-0.904736,2
4346,0,0,0,0,461,125,4932,247,5179,0.0242145,0.317671,-0.947892,2
4535,0,0,0,0,339,120,4994,252,5246,-0.105151,0.427945,-0.897667,2
4274,0,0,0,0,286,88,4648,370,5018,-0.0510878,0.438275,-0.897388,2
4261,0,0,0,0,210,62,4533,321,4854,-0.0159995,0.378147,-0.925607,2
4763,0,0,0,0,201,61,5025,264,5289,-0.0572627,0.530413,-0.845803,2
4818,0,0,0,0,189,57,5064,338,5402,-0.0854688,0.59338,-0.800372,2
4951,0,0,0,0,176,70,5197,378,5575,-0.0543015,0.503388,-0.862353,2
5996,0,0,0,0,165,54,6215,362,6577,-0.0261811,0.461904,-0.886544,2
4909,0,0,0,0,169,52,5130,352,5482,-0.0144838,0.454427,-0.890666,2
3046,0,0,0,0,79,27,3152,166,3318,-0.0202497,0.475131,-0.879682,2
2790,0,0,0,0,93,27,2910,206,3116,-0.00214956,0.431826,-0.901954,2
4844,0,0,0,0,198,68,5110,389,5499,0.0050215,0.415294,-0.909674,2
5071,0,0,0,0,174,55,5300,581,5881,0.0212729,0.424224,-0.905307,2
5181,0,0,0,0,167,52,5400,505,5905,0.0257491,0.450979,-0.892163,2
5250,0,0,0,0,102,33,5385,341,5726,0.029276,0.461746,-0.886529,2
3528,0,0,0,0,98,31,3657,423,4080,0.0241575,0.46566,-0.884634,2
5289,0,0,0,0,166,50,5505,877,6382,0.00739308,0.481934,-0.876176,2
6280,0,0,0,0,200,57,6537,1205,7742,-0.0194349,0.478116,-0.878082,2
5006,0,0,0,0,194,58,5258,1425,6683,-0.0350123,0.452298,-0.89118,2
5339,0,0,0,0,207,90,5636,1701,7337,-0.0463938,0.46222,-0.885551,2
4940,0,0,0,0,211,59,5210,1946,7156,-0.0450526,0.402277,-0.914409,2
5633,0,0,0,0,215,65,5913,1998,7911,-0.0520763,0.399824,-0.915111,2
4820,0,0,0,0,226,66,5112,1857,6969,-0.0517575,0.398185,-0.915844,2
5050,0,0,0,0,228,65,5343,1659,7002,-0.0454322,0.37761,-0.92485,2
4710,0,0,0,0,267,73,5050,1527,6577,-0.0276409,0.368327,-0.929285,2
4806,0,0,0,0,346,92,5244,1453,6697,-0.0215588,0.367367,-0.929826,2
4925,0,0,0,0,482,124,5531,1519,7050,-0.0132741,0.392525,-0.919646,2
5533,0,0,0,0,975,234,6742,1727,8469,-0.00973577,0.418195,-0.908305,2
6012,0,0,0,0,1040,271,7323,1304,8627,-0.0476931,0.468475,-0.882188,2
5755,0,0,0,0,1089,295,7139,1400,8539,-0.102755,0.423342,-0.900124,2
6846,0,0,0,0,1407,349,8602,2024,10626,-0.154221,0.397991,-0.904333,2
7338,0,0,0,0,1638,379,9355,2061,11416,-0.161153,0.387142,-0.907828,2
5498,0,0,0,0,1119,265,6882,2460,9342,-0.123766,0.388895,-0.912931,2
6391,0,0,0,0,1541,440,8372,3962,12334,-0.0849334,0.399664,-0.912719,2
4332,0,0,0,0,1045,232,5609,2849,8458,-0.0525144,0.38696,-0.9206,2
5319,0,0,0,0,1161,288,6768,4359,11127,-0.0422205,0.387902,-0.920733,2
5894,0,0,0,0,911,241,7046,4720,11766,-0.0475486,0.381983,-0.922945,2
3482,0,0,0,0,528,127,4137,3833,7970,-0.0654279,0.382972,-0.92144,2
5737,0,0,0,0,761,183,6681,5586,12267,-0.079984,0.390264,-0.917223,2
5075,0,0,0,0,567,139,5781,4240,10021,-0.0772768,0.410754,-0.908465,2
4880,0,0,0,0,516,127,5523,3616,9139,-0.067256,0.424579,-0.90289,2
5676,0,0,0,0,796,217,6689,3870,10559,-0.0763362,0.435552,-0.896921,2
6257,0,0,0,0,541,137,6935,3342,10277,-0.0911578,0.439466,-0.893622,2
5556,0,0,0,0,549,134,6239,2655,8894,-0.0986142,0.434666,-0.895176,2
3744,0,0,0,0,343,87,4174,2067,6241,-0.0965832,0.409478,-0.907193,2
5510,0,0,0,0,635,135,6280,2936,9216,-0.0947395,0.410458,-0.906945,2
4989,0,0,0,0,489,125,5603,2669,8272,-0.0859616,0.400684,-0.912175,2
4703,0,0,0,0,472,122,5297,2624,7921,-0.0756772,0.408763,-0.909498,2
4519,0,0,0,0,460,121,5100,2526,7626,-0.0732529,0.405425,-0.911188,2
4496,0,0,0,0,444,117,5057,2310,7367,-0.0586745,0.405887,-0.912038,2
4387,0,0,0,0,463,118,4968,2383,7351,-0.0561465,0.394272,-0.917277,2
4663,0,0,0,0,421,114,5198,1959,7157,-0.0653047,0.402789,-0.91296,2
5082,0,0,0,0,443,119,5644,1942,7586,-0.0731128,0.438433,-0.895786,2
4442,0,0,0,0,501,128,5071,1428,6499,-0.0936794,0.48989,-0.866736,2
4476,0,0,0,0,487,129,5092,983,6075,-0.090398,0.430449,-0.898077,2
4489,0,0,0,0,519,159,5167,559,5726,-0.0918073,0.393702,-0.914642,2
4994,0,0,0,0,477,155,5626,365,5991,-0.0822189,0.410118,-0.908319,2
5398,0,0,0,0,455,124,5977,-1000,-1000,-1,-1,-1,2
4752,0,0,0,0,481,126,5359,351,5710,-0.107702,0.353461,-0.929228,2
4954,0,0,0,0,559,145,5658,584,6242,-0.102551,0.402747,-0.909548,2
4781,0,0,0,0,629,189,5599,412,6011,-0.115545,0.38788,-0.914439,2
5062,0,0,0,0,726,184,5972,422,6394,-0.013411,0.490833,-0.871151,2
6303,0,0,0,0,799,232,7334,502,7836,-0.0455728,0.45046,-0.891633,2
5397,0,0,0,0,820,215,6432,517,6949,-0.0304905,0.441317,-0.896833,2
5554,0,0,0,0,854,219,6627,821,7448,-0.0511784,0.386576,-0.920837,2
4851,0,0,0,0,700,193,5744,1009,6753,-0.0425905,0.36757,-0.92902,2
4842,0,0,0,0,653,174,5669,753,6422,-0.0237615,0.367886,-0.929567,2
4919,0,0,0,0,644,192,5755,619,6374,-0.0122653,0.375108,-0.9269,2
4985,0,0,0,0,656,168,5809,508,6317,-0.00398326,0.379652,-0.925121,2
5689,0,0,0,0,763,191,6643,468,7111,0.0331837,0.386628,-0.921639,2
5402,0,0,0,0,668,174,6244,521,6765,0.0342415,0.391937,-0.919355,2
4593,0,0,0,0,479,128,5200,499,5699,0.0613342,0.386479,-0.920257,2
4285,0,0,0,0,404,110,4799,464,5263,0.0993603,0.430589,-0.897062,2
4863,0,0,0,0,417,117,5397,623,6020,0.0960574,0.41738,-0.903641,2
4442,0,0,0,0,370,104,4916,-1000,-1000,-1,-1,-1,2
4477,0,0,0,0,315,85,4877,-1000,-1000,-1,-1,-1,2
4925,0,0,0,0,217,66,5208,-1000,-1000,-1,-1,-1,2
4372,0,0,0,0,201,61,4634,-1000,-1000,-1,-1,-1,2
4573,0,0,0,0,175,56,4804,-1000,-1000,-1,-1,-1,2
4514,0,0,0,0,164,57,4735,-1000,-1000,-1,-1,-1,2
4672,0,0,0,0,164,55,4891,-1000,-1000,-1,-1,-1,2
4715,0,0,0,0,138,46,4899,208,5107,0.0325332,0.373391,-0.927104,2
4599,0,0,0,0,163,51,4813,-1000,-1000,-1,-1,-1,2
4727,0,0,0,0,175,62,4964,473,5437,-0.000585685,0.310021,-0.95073,2
4911,0,0,0,0,153,50,5114,261,5375,-0.143198,0.473975,-0.868816,2
5179,0,0,0,0,159,50,5388,651,6039,-0.109947,0.455769,-0.883281,2
5270,0,0,0,0,152,47,5469,678,6147,-0.0793537,0.424112,-0.902126,2
6308,0,0,0,0,187,63,6558,786,7344,-0.0714149,0.486498,-0.870758,2
5949,0,0,0,0,157,51,6157,856,7013,-0.0437748,0.453315,-0.890275,2
4436,0,0,0,0,94,29,4559,498,5057,-0.0150037,0.357892,-0.933643,2
3116,0,0,0,0,94,30,3240,506,3746,-0.0123115,0.364142,-0.931262,2
4820,0,0,0,0,167,54,5041,975,6016,-0.0462963,0.36702,-0.92906,2
5028,0,0,0,0,166,62,5256,1181,6437,-0.0318986,0.348213,-0.936872,2
4346,0,0,0,0,140,43,4529,1325,5854,-0.0265324,0.292464,-0.955908,2
4669,0,0,0,0,157,48,4874,1614,6488,-0.0358602,0.30959,-0.950194,2
4639,0,0,0,0,170,50,4859,1979,6838,-0.040915,0.301546,-0.952573,2
4581,0,0,0,0,218,63,4862,1924,6786,-0.0470805,0.292344,-0.955154,2
4978,0,0,0,0,307,85,5370,2041,7411,-0.0494416,0.316758,-0.947217,2
4858,0,0,0,0,426,109,5393,2153,7546,-0.0467619,0.304797,-0.951269,2
5050,0,0,0,0,542,184,5776,2252,8028,-0.0358276,0.305698,-0.951454,2
5258,0,0,0,0,777,188,6223,2388,8611,-0.0138621,0.368156,-0.929661,2
5818,0,0,0,0,1032,244,7094,2869,9963,-0.0225797,0.39219,-0.919607,2
7519,0,0,0,0,1188,294,9001,3555,12556,-0.0577913,0.411757,-0.909459,2
6843,0,0,0,0,1314,284,8441,2061,10502,-0.0552718,0.391766,-0.918403,2
4699,0,0,0,0,988,236,5923,2155,8078,-0.046417,0.362439,-0.930851,2
6448,0,0,0,0,1817,407,8672,4192,12864,-0.0500101,0.351437,-0.934875,2
6022,0,0,0,0,1825,385,8232,4023,12255,-0.035753,0.354417,-0.934404,2
5722,0,0,0,0,1257,373,7352,4677,12029,-0.0221933,0.347603,-0.93738,2
5613,0,0,0,0,1060,263,6936,4274,11210,-0.0304309,0.327272,-0.94444,2
5091,0,0,0,0,922,218,6231,4773,11004,-0.0466681,0.33684,-0.940405,2
3431,0,0,0,0,539,139,4109,3873,7982,-0.0586085,0.311507,-0.948435,2
5231,0,0,0,0,746,173,6150,5406,11556,-0.0771734,0.325281,-0.942463,2
5144,0,0,0,0,625,181,5950,4687,10637,-0.0823371,0.322531,-0.942971,2
4981,0,0,0,0,646,168,5795,4070,9865,-0.0796936,0.317598,-0.944871,2
4997,0,0,0,0,592,142,5731,3594,9325,-0.0564975,0.344911,-0.936933,2
4891,0,0,0,0,521,133,5545,3165,8710,-0.0485443,0.335441,-0.94081,2
4733,0,0,0,0,483,121,5337,2914,8251,-0.0503983,0.338054,-0.939776,2
4604,0,0,0,0,448,129,5181,2595,7776,-0.0518648,0.3434,-0.937756,2
4283,0,0,0,0,436,108,4827,2310,7137,-0.0500265,0.351129,-0.93499,2
4530,0,0,0,0,425,108,5063,2224,7287,-0.0853974,0.450409,-0.888729,2
4063,0,0,0,0,375,126,4564,1885,6449,-0.0742624,0.391337,-0.917247,2
3980,0,0,0,0,361,97,4438,1634,6072,-0.0743128,0.377249,-0.923126,2
3807,0,0,0,0,417,104,4328,1567,5895,-0.0804383,0.382359,-0.920506,2
4022,0,0,0,0,341,98,4461,1298,5759,-0.0868921,0.391381,-0.916117,2
3907,0,0,0,0,358,98,4363,1114,5477,-0.0774993,0.414935,-0.906544,2
3869,0,0,0,0,387,100,4356,762,5118,-0.0819825,0.424842,-0.901548,2
3955,0,0,0,0,576,143,4674,609,5283,-0.0848387,0.435481,-0.896191,2
3968,0,0,0,0,419,111,4498,489,4987,-0.0903386,0.441026,-0.892936,2
4026,0,0,0,0,500,121,4647,306,4953,-0.0876963,0.422397,-0.902158,2
3975,0,0,0,0,459,121,4555,249,4804,-0.0695955,0.43977,-0.89541,2
4036,0,0,0,0,469,128,4633,728,5361,-0.0763304,0.331711,-0.940288,2
4102,0,0,0,0,587,194,4883,757,5640,-0.0878552,0.254434,-0.963091,2
4849,0,0,0,0,642,193,5684,561,6245,-0.0723307,0.243674,-0.967156,2
4513,0,0,0,0,657,167,5337,608,5945,-0.0622517,0.303942,-0.950655,2
4516,0,0,0,0,623,164,5303,1120,6423,-0.0114039,0.277357,-0.960699,2
4514,0,0,0,0,546,143,5203,1287,6490,-0.00653386,0.39055,-0.920558,2
4951,0,0,0,0,542,146,5639,740,6379,-0.0380936,0.387942,-0.920896,2
4894,0,0,0,0,551,150,5595,705,6300,-0.0812342,0.398068,-0.913752,2
4761,0,0,0,0,504,132,5397,412,5809,-0.10288,0.507765,-0.85533,2
4474,0,0,0,0,473,124,5071,523,5594,-0.0807063,0.4672,-0.880461,2
4362,0,0,0,0,526,113,5001,-1000,-1000,-1,-1,-1,2
4379,0,0,0,0,286,84,4749,-1000,-1000,-1,-1,-1,2
4403,0,0,0,0,221,66,4690,-1000,-1000,-1,-1,-1,2
4302,0,0,0,0,156,51,4509,-1000,-1000,-1,-1,-1,2
4160,0,0,0,0,118,40,4318,247,4565,-0.0388636,0.283824,-0.958089,2
4522,0,0,0,0,131,44,4697,-1000,-1000,-1,-1,-1,2
4597,0,0,0,0,116,39,4752,467,5219,-0.0499012,0.305636,-0.95084,2
3116,0,0,0,0,80,25,3221,465,3686,-0.0646855,0.401414,-0.91361,2
4904,0,0,0,0,115,37,5056,913,5969,-0.0494389,0.403564,-0.913615,2
4986,0,0,0,0,101,35,5122,1040,6162,-0.0411522,0.40011,-0.915543,2
4843,0,0,0,0,92,32,4967,1000,5967,-0.0400537,0.411812,-0.910388,2
4628,0,0,0,0,84,30,4742,1064,5806,-0.0298709,0.36553,-0.93032,2
4450,0,0,0,0,75,29,4554,974,5528,-0.0429732,0.367867,-0.928885,2
4168,0,0,0,0,72,26,4266,1008,5274,-0.0598941,0.369689,-0.927223,2
4721,0,0,0,0,93,31,4845,1077,5922,-0.0465089,0.336353,-0.940587,2
4062,0,0,0,0,63,26,4151,967,5118,-0.0448015,0.306402,-0.950847,2
4222,0,0,0,0,62,25,4309,1072,5381,-0.0452414,0.281569,-0.958474,2
4863,0,0,0,0,69,30,4962,1304,6266,-0.0404178,0.254474,-0.966235,2
4055,0,0,0,0,66,24,4145,1238,5383,-0.0419556,0.252398,-0.966713,2
4697,0,0,0,0,89,34,4820,1538,6358,-0.0433463,0.264604,-0.963383,2
4230,0,0,0,0,96,35,4361,1017,5378,-0.0365819,0.225437,-0.973571,2
4631,0,0,0,0,135,47,4813,893,5706,-0.0408814,0.336268,-0.940879,2
4220,0,0,0,0,199,61,4480,1316,5796,-0.037883,0.339934,-0.939686,2
4862,0,0,0,0,380,91,5333,1711,7044,-0.0356247,0.331438,-0.942804,2
4732,0,0,0,0,527,137,5396,1821,7217,-0.0219348,0.302448,-0.952914,2
5012,0,0,0,0,805,202,6019,2264,8283,-0.0217564,0.334382,-0.942187,2
5715,0,0,0,0,1155,255,7125,1860,8985,-0.0390879,0.353832,-0.934492,2
5886,0,0,0,0,1202,284,7372,2004,9376,-0.0444195,0.352848,-0.934625,2
6148,0,0,0,0,1338,309,7795,2197,9992,-0.0465773,0.322796,-0.945322,2
6483,0,0,0,0,1358,326,8167,3641,11808,-0.0441321,0.294059,-0.954768,2
6300,0,0,0,0,1443,332,8075,5715,13790,-0.0470642,0.333099,-0.941716,2
4183,0,0,0,0,956,214,5353,2912,8265,-0.0300825,0.246781,-0.968604,2
6520,0,0,0,0,1207,279,8006,6942,14948,-0.0508337,0.306329,-0.950567,2
5927,0,0,0,0,1059,235,7221,5014,12235,-0.0404658,0.221011,-0.974431,2
5285,0,0,0,0,796,193,6274,6509,12783,-0.0391865,0.205555,-0.977861,2
5356,0,0,0,0,690,164,6210,5911,12121,-0.0383924,0.225166,-0.973564,2
5112,0,0,0,0,583,161,5856,4925,10781,-0.0416827,0.254326,-0.96622,2
4949,0,0,0,0,594,143,5686,4317,10003,-0.0388843,0.288293,-0.956753,2
4696,0,0,0,0,520,144,5360,3882,9242,-0.0393862,0.308068,-0.950548,2
4528,0,0,0,0,447,115,5090,3469,8559,-0.0369953,0.321138,-0.94631,2
4110,0,0,0,0,438,105,4653,2998,7651,-0.0207732,0.420704,-0.90696,2
4182,0,0,0,0,496,132,4810,2785,7595,-0.0269456,0.409524,-0.911902,2
3852,0,0,0,0,356,93,4301,2320,6621,-0.0361716,0.324286,-0.945267,2
3467,0,0,0,0,341,89,3897,2370,6267,-0.0360866,0.321558,-0.946202,2
4223,0,0,0,0,340,90,4653,3097,7750,-0.0262071,0.325403,-0.945212,2
3817,0,0,0,0,386,96,4299,2365,6664,-0.0331374,0.329134,-0.943702,2
3745,0,0,0,0,615,156,4516,2863,7379,-0.0330702,0.351113,-0.935749,2
2121,0,0,0,0,231,64,2416,974,3390,-0.0357039,0.377443,-0.925344,2
4834,0,0,0,0,451,120,5405,1410,6815,-0.0466558,0.417194,-0.907619,2
4005,0,0,0,0,490,153,4648,1112,5760,-0.0566679,0.408263,-0.911104,2
4667,0,0,0,0,645,175,5487,1203,6690,-0.0568999,0.390391,-0.918889,2
4686,0,0,0,0,650,164,5500,1086,6586,-0.0640831,0.38358,-0.921282,2
4795,0,0,0,0,740,181,5716,1184,6900,-0.0561018,0.35983,-0.93133,2
4168,0,0,0,0,696,171,5035,955,5990,-0.0528151,0.348143,-0.935953,2
4205,0,0,0,0,718,175,5098,845,5943,-0.0450987,0.332144,-0.94215,2
4484,0,0,0,0,772,187,5443,650,6093,-0.0485044,0.337191,-0.940187,2
4363,0,0,0,0,794,192,5349,739,6088,-0.0533267,0.315978,-0.947267,2
4724,0,0,0,0,811,203,5738,737,6475,-0.0712632,0.301889,-0.950676,2
4486,0,0,0,0,846,222,5554,1251,6805,-0.0721546,0.282652,-0.956505,2
4642,0,0,0,0,841,209,5692,1025,6717,-0.0580273,0.271477,-0.960694,2
4555,0,0,0,0,866,211,5632,764,6396,-0.051188,0.267215,-0.962277,2
4587,0,0,0,0,950,249,5786,550,6336,-0.0507347,0.257559,-0.96493,2
5039,0,0,0,0,946,206,6191,293,6484,-0.0456413,0.254639,-0.965959,2
4538,0,0,0,0,880,215,5633,4014,9647,-0.0227414,0.167339,-0.985638,2
4885,0,0,0,0,857,215,5957,4137,10094,-0.0177754,0.1715,-0.985024,2
4560,0,0,0,0,874,215,5649,4068,9717,-0.0110098,0.169362,-0.985493,2
4120,0,0,0,0,600,148,4868,2897,7765,-0.0150158,0.169277,-0.985454,2
3367,0,0,0,0,544,162,4073,2681,6754,-0.019757,0.167926,-0.985602,2
5088,0,0,0,0,963,271,6322,4250,10572,-0.0220277,0.167834,-0.985569,2
4924,0,0,0,0,986,216,6126,4044,10170,-0.0234034,0.16756,-0.985584,2
5156,0,0,0,0,958,243,6357,4545,10902,-0.020913,0.162985,-0.986407,2
5362,0,0,0,0,1095,254,6711,4480,11191,-0.022512,0.164904,-0.986053,2
5386,0,0,0,0,1103,247,6736,4844,11580,-0.0231573,0.1663,-0.985803,2
4582,0,0,0,0,965,219,5766,4299,10065,-0.0254205,0.167624,-0.985523,2
3833,0,0,0,0,587,148,4568,2937,7505,-0.0247287,0.167457,-0.985569,2
2346,0,0,0,0,472,112,2930,2204,5134,-0.0245141,0.165775,-0.985859,2
4862,0,0,0,0,852,214,5928,4345,10273,-0.0231855,0.164522,-0.986101,2
5273,0,0,0,0,1226,326,6825,4718,11543,-0.0199345,0.164263,-0.986215,2
4534,0,0,0,0,845,214,5593,4607,10200,-0.0229099,0.167615,-0.985587,2
4660,0,0,0,0,882,217,5759,4362,10121,-0.0229125,0.165355,-0.985968,2
4531,0,0,0,0,852,215,5598,4170,9768,-0.0233641,0.166559,-0.985755,2
5254,0,0,0,0,945,241,6440,4321,10761,-0.024254,0.164743,-0.986038,2
4798,0,0,0,0,916,221,5935,4398,10333,-0.0216865,0.166245,-0.985846,2
4819,0,0,0,0,850,263,5932,4233,10165,-0.0236155,0.169492,-0.985249,2
5282,0,0,0,0,994,245,6521,4996,11517,-0.0257306,0.166632,-0.985683,2
4583,0,0,0,0,890,255,5728,4378,10106,-0.0239468,0.165393,-0.985937,2
7173,0,0,0,0,1288,337,8798,6118,14916,-0.0249431,0.161894,-0.986493,2
3248,0,0,0,0,589,147,3984,3139,7123,-0.025007,0.162106,-0.986456,2
5273,0,0,0,0,953,263,6489,4942,11431,-0.0234881,0.163878,-0.986201,2
6175,0,0,0,0,894,218,7287,4707,11994,-0.0241319,0.159752,-0.986862,2
4747,0,0,0,0,892,240,5879,5231,11110,-0.0238985,0.164703,-0.986054,2
4734,0,0,0,0,890,247,5871,4951,10822,-0.0254526,0.168724,-0.985335,2
4831,0,0,0,0,850,243,5924,5219,11143,-0.0253146,0.164807,-0.986001,2
4672,0,0,0,0,845,212,5729,4901,10630,-0.0254696,0.166917,-0.985642,2
5169,0,0,0,0,971,210,6350,4839,11189,-0.0246128,0.16382,-0.986183,2
5633,0,0,0,0,1088,244,6965,5179,12144,-0.0267403,0.164865,-0.985953,2
5113,0,0,0,0,1460,265,6838,5627,12465,-0.0257972,0.164199,-0.98609,2
5105,0,0,0,0,958,241,6304,5162,11466,-0.0264492,0.165981,-0.985774,2
4617,0,0,0,0,847,214,5678,4947,10625,-0.026342,0.164347,-0.986051,2
5186,0,0,0,0,944,239,6369,5603,11972,-0.0269283,0.167581,-0.98549,2
4850,0,0,0,0,852,230,5932,5076,11008,-0.0281054,0.16521,-0.985858,2
4756,0,0,0,0,941,252,5949,5384,11333,-0.0274532,0.16329,-0.986196,2
4924,0,0,0,0,857,214,5995,5146,11141,-0.0269715,0.164964,-0.985931,2
4780,0,0,0,0,885,271,5936,5858,11794,-0.0258902,0.162574,-0.986357,2
4940,0,0,0,0,849,218,6007,5411,11418,-0.0273561,0.167015,-0.985575,2
4678,0,0,0,0,848,214,5740,4075,9815,-0.0270724,0.169592,-0.985143,2
2421,0,0,0,0,445,111,2977,2685,5662,-0.025131,0.164329,-0.986085,2
5224,0,0,0,0,1011,243,6478,5605,12083,-0.0255683,0.165614,-0.985859,2
4580,0,0,0,0,840,211,5631,5393,11024,-0.0264667,0.166623,-0.985665,2
4766,0,0,0,0,877,214,5857,5173,11030,-0.0272354,0.168261,-0.985366,2
5148,0,0,0,0,1021,241,6410,5883,12293,-0.0269654,0.168748,-0.98529,2
4520,0,0,0,0,846,212,5578,5132,10710,-0.0248198,0.169255,-0.98526,2
5262,0,0,0,0,1008,252,6522,5383,11905,-0.0259157,0.171703,-0.984808,2
4619,0,0,0,0,853,217,5689,5299,10988,-0.0272386,0.16807,-0.985399,2
4610,0,0,0,0,854,263,5727,5402,11129,-0.0274017,0.168164,-0.985378,2
5430,0,0,0,0,1195,273,6898,5944,12842,-0.0282704,0.166866,-0.985574,2
5268,0,0,0,0,964,258,6490,5435,11925,-0.0283856,0.170391,-0.984968,2
4714,0,0,0,0,870,213,5797,5450,11247,-0.0286229,0.169582,-0.9851,2
4547,0,0,0,0,866,212,5625,5340,10965,-0.0275572,0.166575,-0.985644,2
5245,0,0,0,0,973,243,6461,6153,12614,-0.0280132,0.172698,-0.984577,2
5308,0,0,0,0,885,241,6434,5668,12102,-0.0266865,0.174807,-0.984241,2
4910,0,0,0,0,887,221,6018,5417,11435,-0.0280009,0.176884,-0.983833,2
5313,0,0,0,0,961,240,6514,6202,12716,-0.0261027,0.174527,-0.984306,2
5258,0,0,0,0,967,241,6466,4742,11208,-0.0281173,0.174551,-0.984247,2
4250,0,0,0,0,793,198,5241,4915,10156,-0.0281151,0.177404,-0.983737,2
5226,0,0,0,0,1033,241,6500,6324,12824,-0.0274615,0.177104,-0.983809,2
5096,0,0,0,0,886,214,6196,3893,10089,-0.0290122,0.173908,-0.984335,2
2406,0,0,0,0,447,111,2964,3269,6233,-0.0298216,0.172136,-0.984622,3
4808,0,0,0,0,905,222,5935,5672,11607,-0.0296863,0.171849,-0.984676,3
4780,0,0,0,0,1016,216,6012,5444,11456,-0.0306346,0.170736,-0.984841,3
5129,0,0,0,0,1007,240,6376,6200,12576,-0.0285056,0.176763,-0.983841,3
5151,0,0,0,0,967,239,6357,5828,12185,-0.0302572,0.179548,-0.983284,3
6268,0,0,0,0,1102,266,7636,6228,13864,-0.026837,0.182611,-0.982819,3
4678,0,0,0,0,873,215,5766,5876,11642,-0.0304414,0.185998,-0.982078,3
5351,0,0,0,0,962,244,6557,6212,12769,-0.0320347,0.186124,-0.982004,3
4787,0,0,0,0,921,241,5949,6372,12321,-0.0332641,0.186397,-0.981911,3
4882,0,0,0,0,863,216,5961,6006,11967,-0.0303498,0.189275,-0.981455,3
4820,0,0,0,0,861,269,5950,5883,11833,-0.0307507,0.194975,-0.980326,3
3245,0,0,0,0,627,148,4020,4160,8180,-0.0300362,0.193843,-0.980573,3
5328,0,0,0,0,1005,244,6577,7091,13668,-0.0285206,0.200626,-0.979253,3
5240,0,0,0,0,1046,272,6558,6842,13400,-0.0271823,0.198752,-0.979673,3
5431,0,0,0,0,1041,243,6715,6796,13511,-0.0315887,0.197432,-0.979807,3
5485,0,0,0,0,1033,247,6765,7371,14136,-0.033982,0.199708,-0.979266,3
5361,0,0,0,0,1040,272,6673,6936,13609,-0.0297759,0.202458,-0.978838,3
4902,0,0,0,0,864,215,5981,6158,12139,-0.0283574,0.202547,-0.978862,3
4909,0,0,0,0,919,233,6061,6246,12307,-0.0268785,0.202638,-0.978885,3
4663,0,0,0,0,846,223,5732,6362,12094,-0.0270359,0.202885,-0.97883,3
4841,0,0,0,0,881,214,5936,6263,12199,-0.0282175,0.206571,-0.978025,3
4751,0,0,0,0,866,247,5864,6367,12231,-0.0290188,0.208198,-0.977656,3
3607,0,0,0,0,587,138,4332,3262,7594,-0.0268578,0.21011,-0.977309,3
1471,0,0,0,0,267,66,1804,1864,3668,-0.026714,0.207492,-0.977872,3
4751,0,0,0,0,876,274,5901,6072,11973,-0.0247199,0.211392,-0.977089,3
5205,0,0,0,0,857,217,6279,6706,12985,-0.0272844,0.208146,-0.977717,3
4839,0,0,0,0,867,211,5917,6040,11957,-0.0250733,0.206345,-0.978158,3
4829,0,0,0,0,814,202,5845,5934,11779,-0.0236588,0.205393,-0.978394,3
4930,0,0,0,0,889,230,6049,5822,11871,-0.020981,0.205836,-0.978362,3
5019,0,0,0,0,820,256,6095,5650,11745,-0.0241141,0.206713,-0.978104,3
4870,0,0,0,0,807,203,5880,5653,11533,-0.023354,0.204651,-0.978556,3
4746,0,0,0,0,836,203,5785,5812,11597,-0.0195107,0.204748,-0.97862,3
4786,0,0,0,0,851,207,5844,5731,11575,-0.0175753,0.205217,-0.978559,3
4872,0,0,0,0,832,227,5931,5622,11553,-0.0195483,0.20444,-0.978684,3
4884,0,0,0,0,823,215,5922,5645,11567,-0.0193205,0.204636,-0.978648,3
4817,0,0,0,0,854,209,5880,5723,11603,-0.0240031,0.205012,-0.978465,3
4997,0,0,0,0,863,212,6072,5685,11757,-0.0212336,0.204057,-0.978728,3
4919,0,0,0,0,835,209,5963,5773,11736,-0.0223373,0.207239,-0.978036,3
4853,0,0,0,0,819,205,5877,5631,11508,-0.0188846,0.209412,-0.977645,3
4847,0,0,0,0,815,205,5867,5463,11330,-0.0196291,0.211333,-0.977217,3
4876,0,0,0,0,862,228,5966,5810,11776,-0.0200039,0.211238,-0.97723,3
4986,0,0,0,0,819,207,6012,5296,11308,-0.0195958,0.209669,-0.977576,3
4924,0,0,0,0,857,206,5987,5597,11584,-0.0244513,0.211599,-0.977051,3
5001,0,0,0,0,851,210,6062,5492,11554,-0.0254306,0.211415,-0.977065,3
5043,0,0,0,0,900,217,6160,5328,11488,-0.0283899,0.208811,-0.977544,3
4914,0,0,0,0,853,210,5977,5408,11385,-0.0284551,0.211694,-0.976922,3
4968,0,0,0,0,954,244,6166,5264,11430,-0.0184875,0.207328,-0.978097,3
5059,0,0,0,0,854,243,6156,5870,12026,-0.0247139,0.20063,-0.979355,3
3430,0,0,0,0,572,143,4145,3756,7901,-0.0285646,0.198949,-0.979593,3
4931,0,0,0,0,819,206,5956,5165,11121,-0.0265516,0.198251,-0.979791,3
4930,0,0,0,0,839,205,5974,5185,11159,-0.0233085,0.19972,-0.979576,3
7632,0,0,0,0,1264,302,9198,6614,15812,-0.0245067,0.202452,-0.978985,3
1968,0,0,0,0,237,58,2263,1381,3644,-0.028369,0.202248,-0.978923,3
1313,0,0,0,0,222,55,1590,1418,3008,-0.0285969,0.200457,-0.979285,3
4912,0,0,0,0,881,261,6054,5939,11993,-0.0283772,0.203583,-0.978646,3
5017,0,0,0,0,832,211,6060,5244,11304,-0.0248612,0.206643,-0.978101,3
5085,0,0,0,0,824,211,6120,5082,11202,-0.0216488,0.212236,-0.976979,3
5146,0,0,0,0,922,212,6280,5870,12150,-0.0348385,0.223835,-0.974004,3
5214,0,0,0,0,852,216,6282,5394,11676,-0.0359616,0.242659,-0.969445,3
5122,0,0,0,0,1298,329,6749,5654,12403,-0.0401923,0.254421,-0.966258,3
4996,0,0,0,0,895,225,6116,5489,11605,-0.0376147,0.248063,-0.968013,3
6012,0,0,0,0,946,231,7189,5720,12909,-0.0363614,0.25397,-0.966528,3
5155,0,0,0,0,939,261,6355,6248,12603,-0.0328391,0.251865,-0.967205,3
5065,0,0,0,0,889,210,6164,227,6391,-0.0891892,0.328142,-0.940409,3
4859,0,0,0,0,835,202,5896,3065,8961,-0.0447828,0.350949,-0.935323,3
4693,0,0,0,0,723,180,5596,2461,8057,-0.0404697,0.351501,-0.935312,3
4486,0,0,0,0,612,156,5254,1210,6464,-0.0391074,0.323947,-0.945267,3
4290,0,0,0,0,494,127,4911,785,5696,-0.0341891,0.317017,-0.947803,3
4247,0,0,0,0,505,110,4862,497,5359,-0.0523178,0.447206,-0.8929,3
4426,0,0,0,0,341,90,4857,507,5364,-0.0325658,0.416208,-0.908686,3
4262,0,0,0,0,288,77,4627,510,5137,-0.030441,0.370812,-0.928209,3
4340,0,0,0,0,263,68,4671,948,5619,-0.00234839,0.271052,-0.962562,3
4448,0,0,0,0,239,66,4753,1232,5985,0.0200334,0.26953,-0.962784,3
5003,0,0,0,0,250,67,5320,1655,6975,0.0270911,0.24468,-0.969226,3
4928,0,0,0,0,243,64,5235,2234,7469,0.0187293,0.22485,-0.974213,3
4930,0,0,0,0,232,62,5224,2515,7739,0.00744902,0.21873,-0.975757,3
4817,0,0,0,0,233,62,5112,2692,7804,-0.00759038,0.229295,-0.973327,3
4751,0,0,0,0,231,62,5044,2770,7814,-0.0194159,0.217985,-0.975759,3
5650,0,0,0,0,245,64,5959,3026,8985,-0.0221469,0.212883,-0.976827,3
4604,0,0,0,0,232,61,4897,3026,7923,-0.0181956,0.212103,-0.977078,3
4337,0,0,0,0,223,60,4620,3050,7670,-0.0115344,0.205162,-0.97866,3
4335,0,0,0,0,207,58,4600,3195,7795,-0.0127944,0.214282,-0.976688,3
4338,0,0,0,0,194,55,4587,3384,7971,-0.0395184,0.228831,-0.972664,3
4159,0,0,0,0,198,54,4411,3275,7686,-0.0762497,0.30135,-0.95046,3
4051,0,0,0,0,197,53,4301,3048,7349,-0.0512875,0.239158,-0.969625,3
4246,0,0,0,0,220,60,4526,2689,7215,-0.0552254,0.237695,-0.969769,3
4215,0,0,0,0,289,79,4583,1986,6569,-0.0537324,0.230083,-0.971687,3
4422,0,0,0,0,554,135,5111,2402,7513,-0.0395304,0.226515,-0.973205,3
4909,0,0,0,0,746,189,5844,3217,9061,-0.030238,0.236075,-0.971265,3
4886,0,0,0,0,1003,290,6179,3513,9692,-0.0272498,0.229647,-0.972893,3
5415,0,0,0,0,1191,264,6870,3897,10767,-0.0172071,0.240301,-0.970546,3
5647,0,0,0,0,1214,293,7154,4144,11298,-0.00755223,0.240536,-0.970611,3
5601,0,0,0,0,1403,331,7335,3789,11124,0.0136836,0.236261,-0.971593,3
6230,0,0,0,0,1251,302,7783,4760,12543,0.0117091,0.224623,-0.974376,3
6091,0,0,0,0,1304,304,7699,5393,13092,-0.00873006,0.218417,-0.975816,3
4194,0,0,0,0,910,270,5374,4393,9767,-0.0271275,0.208553,-0.977635,3
5626,0,0,0,0,1172,279,7077,5057,12134,-0.0536639,0.218991,-0.97425,3
6442,0,0,0,0,1274,301,8017,5032,13049,-0.065042,0.220906,-0.973124,3
6300,0,0,0,0,1330,311,7941,4940,12881,-0.0583179,0.205298,-0.976961,3
4298,0,0,0,0,954,216,5468,4302,9770,-0.0537792,0.206422,-0.976984,3
5812,0,0,0,0,1282,320,7414,5650,13064,-0.0360008,0.185577,-0.98197,3
5985,0,0,0,0,1262,286,7533,6193,13726,-0.0248738,0.134412,-0.990613,3
4086,0,0,0,0,768,224,5078,6281,11359,-0.0220047,0.131117,-0.991122,3
3876,0,0,0,0,717,172,4765,5659,10424,-0.00989821,0.138238,-0.99035,3
5017,0,0,0,0,847,204,6068,6326,12394,-0.0112676,0.1431,-0.989644,3
5140,0,0,0,0,840,246,6226,5590,11816,-0.0176016,0.137098,-0.990401,3
4990,0,0,0,0,714,167,5871,5006,10877,-0.0200454,0.133779,-0.990809,3
4490,0,0,0,0,539,137,5166,3967,9133,-0.0235917,0.117696,-0.99277,3
4658,0,0,0,0,611,142,5411,4387,9798,-0.0185845,0.135776,-0.990565,3
4596,0,0,0,0,558,143,5297,3894,9191,-0.0200271,0.157127,-0.987375,3
4312,0,0,0,0,430,109,4851,3595,8446,-0.0207212,0.169675,-0.985282,3
4335,0,0,0,0,427,120,4882,3413,8295,-0.0199272,0.181776,-0.983138,3
4080,0,0,0,0,364,120,4564,3581,8145,-0.023643,0.210522,-0.977303,3
3766,0,0,0,0,359,88,4213,2879,7092,-0.0268252,0.220069,-0.975115,3
3725,0,0,0,0,338,87,4150,2681,6831,-0.0269619,0.229348,-0.972971,3
3709,0,0,0,0,338,88,4135,2700,6835,-0.0199103,0.227862,-0.97349,3
3907,0,0,0,0,348,99,4354,2352,6706,-0.0291843,0.223569,-0.974251,3
3787,0,0,0,0,368,96,4251,2163,6414,-0.0415512,0.232361,-0.971742,3
4083,0,0,0,0,416,107,4606,1872,6478,-0.0595813,0.277189,-0.958966,3
3929,0,0,0,0,461,116,4506,1411,5917,-0.0620896,0.300525,-0.951751,3
4032,0,0,0,0,499,126,4657,1151,5808,-0.0625309,0.325154,-0.943592,3
4169,0,0,0,0,613,159,4941,1053,5994,-0.039011,0.348107,-0.936643,3
4335,0,0,0,0,731,205,5271,727,5998,-0.0117448,0.357219,-0.933947,3
4716,0,0,0,0,826,202,5744,1353,7097,-0.00413241,0.363636,-0.931532,3
4970,0,0,0,0,879,212,6061,1842,7903,-0.00559241,0.366052,-0.930578,3
4961,0,0,0,0,991,220,6172,1969,8141,-0.00959754,0.364767,-0.93105,3
5226,0,0,0,0,937,221,6384,2287,8671,-0.0207166,0.362484,-0.93176,3
4753,0,0,0,0,908,222,5883,2378,8261,-0.0216578,0.357251,-0.933757,3
4453,0,0,0,0,653,163,5269,1601,6870,-0.00440088,0.350867,-0.936415,3
4319,0,0,0,0,542,137,4998,1074,6072,0.00387548,0.306146,-0.951977,3
4795,0,0,0,0,573,132,5500,1084,6584,0.0012307,0.309124,-0.951021,3
4457,0,0,0,0,433,104,4994,881,5875,-0.0118584,0.309668,-0.950771,3
4826,0,0,0,0,354,99,5279,1201,6480,-0.0559139,0.254759,-0.965387,3
4420,0,0,0,0,202,55,4677,1543,6220,-0.0678512,0.242571,-0.967758,3
4719,0,0,0,0,212,56,4987,1752,6739,-0.0574194,0.232507,-0.970899,3
4862,0,0,0,0,231,64,5157,1961,7118,-0.0313958,0.229432,-0.972818,3
5137,0,0,0,0,231,72,5440,2283,7723,-0.00836489,0.22239,-0.974922,3
5180,0,0,0,0,225,64,5469,1825,7294,0.00121509,0.23692,-0.971529,3
4574,0,0,0,0,243,68,4885,1992,6877,0.00274321,0.228952,-0.973434,3
4359,0,0,0,0,251,66,4676,2171,6847,-0.00515325,0.23576,-0.971798,3
4971,0,0,0,0,333,83,5387,2821,8208,-0.015977,0.22584,-0.974033,3
4769,0,0,0,0,262,72,5103,2675,7778,-0.0371788,0.230032,-0.972473,3
4483,0,0,0,0,304,76,4863,2849,7712,-0.0463254,0.214255,-0.975678,3
4959,0,0,0,0,307,77,5343,2729,8072,-0.0493682,0.219998,-0.97425,3
4856,0,0,0,0,340,91,5287,3413,8700,-0.0410287,0.206159,-0.977658,3
4452,0,0,0,0,358,95,4905,3222,8127,-0.0256788,0.199709,-0.979519,3
4894,0,0,0,0,602,123,5619,3045,8664,-0.0274069,0.216149,-0.975976,3
4756,0,0,0,0,581,144,5481,2147,7628,-0.0302588,0.238383,-0.9707,3
5372,0,0,0,0,757,179,6308,1848,8156,-0.0346643,0.27615,-0.960489,3
5454,0,0,0,0,968,233,6655,1660,8315,-0.0614651,0.270985,-0.960619,3
5945,0,0,0,0,1191,284,7420,1939,9359,-0.0664283,0.298002,-0.952251,3
6278,0,0,0,0,1445,323,8046,2068,10114,-0.0575413,0.336549,-0.939906,3
6363,0,0,0,0,1408,333,8104,2658,10762,-0.0361434,0.33433,-0.941763,3
7408,0,0,0,0,1782,357,9547,3006,12553,-0.00272616,0.341849,-0.939751,3
4465,0,0,0,0,795,190,5450,2584,8034,0.00778482,0.250879,-0.967987,3
5568,0,0,0,0,921,212,6701,4866,11567,0.00483152,0.215149,-0.97657,3
5744,0,0,0,0,737,179,6660,6011,12671,-0.000772876,0.185685,-0.982609,3
5244,0,0,0,0,726,159,6129,6007,12136,-0.0166208,0.172847,-0.984809,3
4804,0,0,0,0,587,143,5534,5143,10677,-0.0296996,0.170174,-0.984967,3
4791,0,0,0,0,451,119,5361,3227,8588,-0.0378329,0.175238,-0.983799,3
2358,0,0,0,0,274,63,2695,2260,4955,-0.0298012,0.134357,-0.990485,3
4538,0,0,0,0,451,145,5134,4085,9219,-0.0478481,0.177575,-0.982944,3
4275,0,0,0,0,440,107,4822,3390,8212,-0.0524847,0.192162,-0.979959,3
4138,0,0,0,0,556,112,4806,3252,8058,-0.0377869,0.209134,-0.977157,3
4442,0,0,0,0,510,139,5091,3503,8594,-0.032197,0.253069,-0.966912,3
3862,0,0,0,0,383,108,4353,2658,7011,-0.0396337,0.24178,-0.969521,3
3917,0,0,0,0,386,99,4402,2451,6853,-0.0629112,0.27016,-0.960758,3
3960,0,0,0,0,609,149,4718,2252,6970,-0.0668143,0.243893,-0.967498,3
3824,0,0,0,0,419,124,4367,1679,6046,-0.0960313,0.263896,-0.959759,3
3905,0,0,0,0,552,119,4576,1532,6108,-0.112032,0.270119,-0.956287,3
3933,0,0,0,0,510,134,4577,1579,6156,-0.121868,0.301038,-0.945793,3
4194,0,0,0,0,618,155,4967,1285,6252,-0.10565,0.293379,-0.95014,3
4262,0,0,0,0,738,197,5197,1081,6278,-0.0762997,0.293039,-0.953051,3
4605,0,0,0,0,841,204,5650,1861,7511,-0.0474386,0.385956,-0.921297,3
4887,0,0,0,0,923,228,6038,1923,7961,-0.0313289,0.346755,-0.937432,3
4976,0,0,0,0,926,228,6130,2390,8520,-0.0192027,0.323941,-0.945882,3
4772,0,0,0,0,1008,212,5992,2481,8473,-0.0159493,0.325822,-0.945297,3
4484,0,0,0,0,574,149,5207,1209,6416,-0.0203364,0.2901,-0.956781,3
4071,0,0,0,0,336,90,4497,937,5434,-0.0525055,0.481319,-0.874971,3
4266,0,0,0,0,243,65,4574,848,5422,-0.0457707,0.396203,-0.917021,3
4417,0,0,0,0,216,60,4693,956,5649,-0.0332792,0.299815,-0.953417,3
5648,0,0,0,0,235,69,5952,1075,7027,-0.0491318,0.268597,-0.961999,3
4803,0,0,0,0,211,58,5072,1311,6383,-0.0371557,0.251704,-0.967091,3
5159,0,0,0,0,230,59,5448,1882,7330,-0.0201594,0.234571,-0.97189,3
5908,0,0,0,0,194,66,6168,2133,8301,-0.00561977,0.240785,-0.970562,3
4576,0,0,0,0,179,57,4812,2282,7094,0.00269258,0.240392,-0.970672,3
6134,0,0,0,0,180,54,6368,2418,8786,-0.00165271,0.224544,-0.974463,3
4722,0,0,0,0,135,39,4896,2262,7158,0.00208934,0.205249,-0.978708,3
4906,0,0,0,0,117,38,5061,2442,7503,0.00692412,0.185929,-0.982539,3
4676,0,0,0,0,91,31,4798,2188,6986,0.0123286,0.170625,-0.985259,3
4579,0,0,0,0,92,31,4702,2067,6769,0.0227037,0.185902,-0.982306,3
4084,0,0,0,0,109,34,4227,1794,6021,0.0257718,0.179811,-0.983364,3
4586,0,0,0,0,169,51,4806,1929,6735,0.0250885,0.180691,-0.98322,3
4813,0,0,0,0,423,120,5356,3234,8590,0.0192224,0.172563,-0.984811,3
5210,0,0,0,0,396,106,5712,2806,8518,-0.0105476,0.203446,-0.97903,3
4744,0,0,0,0,448,146,5338,2273,7611,-0.003233,0.185219,-0.982692,3
5632,0,0,0,0,462,127,6221,1335,7556,0.034626,0.126907,-0.99131,3
3835,0,0,0,0,537,137,4509,2580,7089,0.0260798,0.136957,-0.990234,3
5695,0,0,0,0,945,259,6899,3159,10058,0.0596743,0.146879,-0.987353,3
5994,0,0,0,0,1132,274,7400,2913,10313,0.0685657,0.168263,-0.983355,3
6737,0,0,0,0,1225,321,8283,2931,11214,0.053155,0.173777,-0.98335,3
4138,0,0,0,0,1121,282,5541,2917,8458,0.0404479,0.158983,-0.986453,3
6627,0,0,0,0,1462,350,8439,4537,12976,0.0302511,0.155597,-0.987358,3
4373,0,0,0,0,961,228,5562,3740,9302,0.0145479,0.146724,-0.989071,3
7840,0,0,0,0,1483,343,9666,7182,16848,-0.0443852,0.199927,-0.978805,3
2977,0,0,0,0,545,129,3651,3125,6776,-0.0163153,0.133127,-0.990965,3
1872,0,0,0,0,300,70,2242,2274,4516,0.00294793,0.0798681,-0.996801,3
5896,0,0,0,0,746,179,6821,5673,12494,-0.000805843,0.130172,-0.991491,3
5829,0,0,0,0,565,143,6537,4377,10914,-0.00987203,0.134502,-0.990864,3
3455,0,0,0,0,363,90,3908,3093,7001,-0.0107968,0.134257,-0.990888,3
5411,0,0,0,0,555,139,6105,4611,10716,-0.0272206,0.316392,-0.948238,3
3398,0,0,0,0,287,72,3757,2288,6045,-0.0196839,0.228883,-0.973255,3
2012,0,0,0,0,191,47,2250,1513,3763,-0.0218345,0.195352,-0.98049,3
4065,0,0,0,0,349,88,4502,2280,6782,-0.0357675,0.243971,-0.969123,3
4309,0,0,0,0,397,87,4793,2078,6871,-0.0412115,0.262235,-0.964124,3
4175,0,0,0,0,287,81,4543,2192,6735,-0.0422337,0.2678,-0.962548,3
4116,0,0,0,0,357,90,4563,2046,6609,-0.0429989,0.299566,-0.953106,3
4241,0,0,0,0,405,109,4755,2081,6836,-0.0418925,0.299099,-0.953302,3
4100,0,0,0,0,542,114,4756,1625,6381,-0.0346131,0.42709,-0.903546,3
4197,0,0,0,0,481,122,4800,1494,6294,-0.0171323,0.424996,-0.905033,3
4158,0,0,0,0,618,154,4930,1290,6220,-0.0144424,0.345699,-0.938234,3
4914,0,0,0,0,844,209,5967,1872,7839,-0.00058024,0.416579,-0.9091,3
3338,0,0,0,0,496,136,3970,1340,5310,-0.0029195,0.31287,-0.949791,3
2099,0,0,0,0,415,110,2624,1079,3703,0.00933759,0.283506,-0.958925,3
4795,0,0,0,0,989,247,6031,2704,8735,0.0130903,0.25949,-0.965657,3
4913,0,0,0,0,1042,247,6202,2376,8578,0.012152,0.221818,-0.975012,3
5048,0,0,0,0,1073,251,6372,2405,8777,0.00922954,0.206156,-0.978476,3
5246,0,0,0,0,1295,381,6922,2640,9562,0.00170225,0.19377,-0.981045,3
5148,0,0,0,0,1163,262,6573,2494,9067,-0.00367857,0.179573,-0.983738,3
5118,0,0,0,0,1470,325,6913,2625,9538,-0.00110137,0.166045,-0.986117,3
5112,0,0,0,0,1189,265,6566,2283,8849,0.000280925,0.159596,-0.987182,3
5148,0,0,0,0,1087,258,6493,2473,8966,-0.00479027,0.155412,-0.987838,3
5169,0,0,0,0,1139,261,6569,2221,8790,-0.00203512,0.145463,-0.989362,3
5968,0,0,0,0,1113,297,7378,2040,9418,0.00931787,0.133918,-0.990949,3
5107,0,0,0,0,1231,405,6743,435,7178,0.0139113,0.126737,-0.991839,3
5178,0,0,0,0,1143,287,6608,6565,13173,0.0445329,0.104917,-0.993484,3
5262,0,0,0,0,1162,286,6710,6766,13476,0.0439861,0.104639,-0.993537,3
5211,0,0,0,0,1195,286,6692,6872,13564,0.0405772,0.107205,-0.993409,3
3520,0,0,0,0,827,197,4544,4777,9321,0.0408933,0.109848,-0.993107,3
5346,0,0,0,0,1773,428,7547,8130,15677,0.0391659,0.111658,-0.992975,3
5207,0,0,0,0,1207,286,6700,6583,13283,0.0391446,0.112426,-0.992889,3
4703,0,0,0,0,1017,254,5974,5859,11833,0.0409498,0.11274,-0.992781,3
5208,0,0,0,0,1138,284,6630,6876,13506,0.0426217,0.116609,-0.992263,3
5251,0,0,0,0,1149,283,6683,6451,13134,0.040484,0.116195,-0.992401,3
5467,0,0,0,0,1557,336,7360,6312,13672,0.0388816,0.116289,-0.992454,3
5227,0,0,0,0,1141,284,6652,5979,12631,0.0410104,0.115065,-0.992511,3
4641,0,0,0,0,1347,355,6343,6378,12721,0.0414978,0.112969,-0.992731,3
5218,0,0,0,0,1249,367,6834,6729,13563,0.0417293,0.112977,-0.992721,3
5250,0,0,0,0,1148,284,6682,6576,13258,0.0431152,0.111371,-0.992843,3
4743,0,0,0,0,1054,258,6055,6379,12434,0.0418644,0.111652,-0.992865,3
5357,0,0,0,0,1193,288,6838,6426,13264,0.040694,0.110995,-0.992987,3
5229,0,0,0,0,1175,297,6701,6831,13532,0.0407063,0.111723,-0.992905,3
5340,0,0,0,0,1187,314,6841,7155,13996,0.0452276,0.114046,-0.992445,3
5263,0,0,0,0,1261,291,6815,6285,13100,0.0506204,0.117757,-0.991752,3
6289,0,0,0,0,1147,285,7721,6304,14025,0.0507716,0.123328,-0.991066,3
5359,0,0,0,0,1131,280,6770,6164,12934,0.0502913,0.124375,-0.99096,3
5234,0,0,0,0,1176,280,6690,6487,13177,0.0440817,0.123672,-0.991344,3
5305,0,0,0,0,1130,278,6713,6455,13168,0.0379062,0.117443,-0.992356,3
5473,0,0,0,0,1180,317,6970,6578,13548,0.0408627,0.113586,-0.992688,3
5202,0,0,0,0,1128,291,6621,6268,12889,0.0463788,0.114095,-0.992387,3
5716,0,0,0,0,1164,280,7160,6723,13883,0.04488,0.111198,-0.992784,3
5251,0,0,0,0,1179,280,6710,6578,13288,0.0389284,0.107758,-0.993415,3
5216,0,0,0,0,1178,309,6703,6393,13096,0.036842,0.112103,-0.993014,3
5470,0,0,0,0,1124,280,6874,6227,13101,0.0384758,0.119806,-0.992052,3
5192,0,0,0,0,1131,282,6605,6250,12855,0.0489708,0.129776,-0.990333,3
5196,0,0,0,0,1230,287,6713,6225,12938,0.0481181,0.12485,-0.991008,3
2710,0,0,0,0,584,118,3412,2870,6282,0.044051,0.120925,-0.991684,3
5275,0,0,0,0,1173,280,6728,6512,13240,0.0425266,0.11532,-0.992418,3
6396,0,0,0,0,1306,282,7984,6707,14691,0.0424035,0.111005,-0.992915,3
5327,0,0,0,0,1113,276,6716,6388,13104,0.0418542,0.112262,-0.992796,3
3710,0,0,0,0,762,190,4662,4406,9068,0.0391856,0.115674,-0.992514,3
5562,0,0,0,0,1212,281,7055,6903,13958,0.0393046,0.118731,-0.992148,3
5375,0,0,0,0,1150,280,6805,6385,13190,0.0402627,0.117831,-0.992217,3
5363,0,0,0,0,1382,285,7030,6494,13524,0.040433,0.116171,-0.992406,3
4716,0,0,0,0,1176,272,6164,5633,11797,0.0400295,0.116452,-0.992389,3
6168,0,0,0,0,1349,426,7943,7070,15013,0.0387714,0.116929,-0.992383,3
5358,0,0,0,0,1143,281,6782,5483,12265,0.0391855,0.117927,-0.992249,3
3315,0,0,0,0,739,180,4234,4207,8441,0.040185,0.119221,-0.992055,3
5931,0,0,0,0,1301,333,7565,7073,14638,0.0421642,0.120033,-0.991874,3
5867,0,0,0,0,1273,280,7420,6561,13981,0.0419155,0.118852,-0.992027,3
5796,0,0,0,0,835,191,6822,4432,11254,0.0415746,0.118171,-0.992123,3
5312,0,0,0,0,1154,277,6743,6683,13426,0.0396822,0.117295,-0.992304,3
5132,0,0,0,0,1150,332,6614,6541,13155,0.0402583,0.117391,-0.99227,3
5788,0,0,0,0,1221,277,7286,6475,13761,0.0408401,0.1178,-0.992197,3
5189,0,0,0,0,1148,279,6616,6384,13000,0.0396798,0.11806,-0.992213,3
5981,0,0,0,0,1156,335,7472,6532,14004,0.0397587,0.117861,-0.992234,3
5367,0,0,0,0,1149,279,6795,6604,13399,0.038631,0.118433,-0.99221,3
4809,0,0,0,0,1181,254,6244,5478,11722,0.0395735,0.117096,-0.992332,3
5662,0,0,0,0,1156,281,7099,6947,14046,0.0392612,0.116647,-0.992397,3
5135,0,0,0,0,1376,282,6793,6160,12953,0.0394063,0.115824,-0.992488,3
5140,0,0,0,0,1132,276,6548,6672,13220,0.0389187,0.115377,-0.992559,3
5145,0,0,0,0,1117,296,6558,6437,12995,0.0388028,0.115799,-0.992514,3
5716,0,0,0,0,1307,282,7305,6149,13454,0.0387786,0.115733,-0.992523,3
5937,0,0,0,0,1281,277,7495,5091,12586,0.0390801,0.115417,-0.992548,3
3621,0,0,0,0,777,194,4592,4426,9018,0.0384993,0.115247,-0.992591,3
5967,0,0,0,0,1305,378,7650,7269,14919,0.0386351,0.114756,-0.992642,3
5320,0,0,0,0,1128,276,6724,6386,13110,0.0384432,0.114556,-0.992673,3
5571,0,0,0,0,1193,284,7048,6548,13596,0.0376854,0.114862,-0.992666,3
5300,0,0,0,0,1117,277,6694,5996,12690,0.0385056,0.11411,-0.992722,3
3784,0,0,0,0,783,194,4761,4564,9325,0.0383513,0.114603,-0.992671,3
5251,0,0,0,0,1113,275,6639,6533,13172,0.0384629,0.114795,-0.992644,3
5291,0,0,0,0,1159,282,6732,6525,13257,0.0373213,0.112963,-0.992898,3
5207,0,0,0,0,1598,298,7103,6383,13486,0.0380126,0.113871,-0.992768,3
5473,0,0,0,0,1434,324,7231,6261,13492,0.0378508,0.11408,-0.99275,3
5395,0,0,0,0,1105,304,6804,6481,13285,0.037145,0.11353,-0.99284,3
3644,0,0,0,0,761,187,4592,4493,9085,0.0358159,0.112933,-0.992957,3
5201,0,0,0,0,1065,273,6539,6619,13158,0.0352991,0.113334,-0.99293,3
5258,0,0,0,0,1130,267,6655,5961,12616,0.0341789,0.11268,-0.993044,3
4603,0,0,0,0,1006,241,5850,5678,11528,0.033537,0.11307,-0.993021,3
5375,0,0,0,0,1120,296,6791,6431,13222,0.0338288,0.113231,-0.992993,3
5271,0,0,0,0,1158,302,6731,6969,13700,0.0338176,0.112985,-0.993021,3
