Downsample[ns],BuildFilTree[ns],SearchFil[ns],DeleteFil[ns],BuildTreeSub[ns],SearchSub[ns],DeleteSub[ns],PreProcTotal[ns],Plane[ns],Total[ns],nx,ny,nz,planeCount
2522,0,0,0,0,466,108,3096,776,3872,-0.00452937,-0.191378,-0.981506,0
2501,0,0,0,0,441,115,3057,1131,4188,-0.010923,-0.109046,-0.993977,0
2597,0,0,0,0,404,100,3101,1153,4254,-0.00907008,-0.0326913,-0.999424,0
2492,0,0,0,0,405,99,2996,1302,4298,0.000789868,0.0084427,-0.999964,0
2647,0,0,0,0,428,122,3197,1364,4561,0.00588832,0.0191785,-0.999799,0
2908,0,0,0,0,486,109,3503,1411,4914,0.00703677,0.0205751,-0.999764,0
2571,0,0,0,0,422,101,3094,1307,4401,0.00701645,0.0195294,-0.999785,0
2647,0,0,0,0,469,102,3218,1304,4522,0.00748865,0.0188212,-0.999795,0
2464,0,0,0,0,424,98,2986,1364,4350,0.00758087,0.019636,-0.999778,0
2523,0,0,0,0,419,105,3047,1272,4319,0.00682982,0.0206837,-0.999763,0
2525,0,0,0,0,410,98,3033,1318,4351,0.00768231,0.0203041,-0.999764,0
2573,0,0,0,0,436,103,3112,1388,4500,0.00752393,0.0209079,-0.999753,0
2555,0,0,0,0,483,105,3143,1349,4492,0.00724875,0.0197639,-0.999778,0
2616,0,0,0,0,466,102,3184,1264,4448,0.0064144,0.0201888,-0.999776,0
2521,0,0,0,0,416,102,3039,1231,4270,0.00627958,0.0202326,-0.999776,0
2598,0,0,0,0,439,103,3140,1252,4392,0.00612738,0.0202527,-0.999776,0
2781,0,0,0,0,507,104,3392,1362,4754,0.00689609,0.019158,-0.999793,0
2663,0,0,0,0,414,104,3181,1303,4484,0.00711345,0.0206786,-0.999761,0
2554,0,0,0,0,432,123,3109,1329,4438,0.00735907,0.019447,-0.999784,0
2654,0,0,0,0,414,97,3165,1291,4456,0.00831454,0.0194172,-0.999777,0
2585,0,0,0,0,442,116,3143,1354,4497,0.00725359,0.0189217,-0.999795,0
2561,0,0,0,0,411,104,3076,1397,4473,0.00696167,0.0200109,-0.999775,0
2488,0,0,0,0,408,99,2995,1227,4222,0.00722119,0.0192411,-0.999789,0
2388,0,0,0,0,518,121,3027,1319,4346,0.00729367,0.0191858,-0.999789,0
2532,0,0,0,0,420,99,3051,1307,4358,0.00763991,0.0196324,-0.999778,0
2433,0,0,0,0,482,101,3016,1288,4304,0.0079128,0.0187589,-0.999793,0
2621,0,0,0,0,486,107,3214,1324,4538,0.00889949,0.0186472,-0.999787,0
2530,0,0,0,0,418,99,3047,1250,4297,0.00701992,0.019421,-0.999787,0
2509,0,0,0,0,443,103,3055,1342,4397,0.00741912,0.0194512,-0.999783,0
2570,0,0,0,0,419,101,3090,1302,4392,0.00701112,0.0188259,-0.999798,0
2552,0,0,0,0,414,104,3070,1331,4401,0.00779877,0.0189207,-0.999791,0
2740,0,0,0,0,478,101,3319,1315,4634,0.00702848,0.018749,-0.9998,0
2644,0,0,0,0,452,103,3199,1339,4538,0.00804877,0.0183674,-0.999799,0
2674,0,0,0,0,413,99,3186,1287,4473,0.00781015,0.0179401,-0.999809,0
2481,0,0,0,0,453,101,3035,1284,4319,0.00710501,0.018464,-0.999804,0
2755,0,0,0,0,703,121,3579,1337,4916,0.00763799,0.0188098,-0.999794,0
2495,0,0,0,0,409,122,3026,1403,4429,0.00616988,0.0197382,-0.999786,0
2458,0,0,0,0,414,102,2974,1261,4235,0.00806736,0.0188537,-0.99979,0
2511,0,0,0,0,448,111,3070,1326,4396,0.00769113,0.0185845,-0.999798,0
2525,0,0,0,0,446,113,3084,1326,4410,0.00714907,0.0193237,-0.999788,0
2729,0,0,0,0,416,99,3244,1327,4571,0.0071424,0.019602,-0.999782,0
2469,0,0,0,0,461,108,3038,1251,4289,0.007983,0.0192202,-0.999783,0
2533,0,0,0,0,462,99,3094,1341,4435,0.00680015,0.0188049,-0.9998,0
2450,0,0,0,0,454,99,3003,1315,4318,0.00733749,0.0195646,-0.999782,0
2849,0,0,0,0,502,117,3468,1346,4814,0.00706169,0.0191616,-0.999791,0
2441,0,0,0,0,453,101,2995,1288,4283,0.00817174,0.0186848,-0.999792,0
2837,0,0,0,0,415,98,3350,1352,4702,0.00808924,0.0182205,-0.999801,0
2524,0,0,0,0,454,106,3084,1276,4360,0.00909686,0.0179213,-0.999798,0
2601,0,0,0,0,535,108,3244,1360,4604,0.00772794,0.0189766,-0.99979,0
2600,0,0,0,0,441,106,3147,1290,4437,0.00690106,0.0189565,-0.999797,0
2516,0,0,0,0,493,101,3110,1271,4381,0.00750242,0.0184553,-0.999801,0
2569,0,0,0,0,415,102,3086,1282,4368,0.00668494,0.0184802,-0.999807,0
2585,0,0,0,0,416,102,3103,1413,4516,0.00730829,0.0182622,-0.999806,0
2461,0,0,0,0,487,104,3052,1395,4447,0.00714443,0.0176692,-0.999818,0
2690,0,0,0,0,505,103,3298,1326,4624,0.00611545,0.0190491,-0.9998,0
2562,0,0,0,0,462,104,3128,1344,4472,0.00709732,0.0181793,-0.99981,0
2450,0,0,0,0,439,111,3000,1346,4346,0.0073005,0.0184399,-0.999803,0
2533,0,0,0,0,421,99,3053,1369,4422,0.00687095,0.0186825,-0.999802,0
2467,0,0,0,0,455,102,3024,1272,4296,0.00655849,0.0186843,-0.999804,0
2493,0,0,0,0,419,99,3011,1296,4307,0.00750368,0.0181521,-0.999807,0
2513,0,0,0,0,405,97,3015,1374,4389,0.00717939,0.0190987,-0.999792,0
2485,0,0,0,0,411,99,2995,1350,4345,0.00737839,0.0186381,-0.999799,0
2528,0,0,0,0,413,98,3039,1269,4308,0.00687429,0.0187575,-0.9998,0
3564,0,0,0,0,690,144,4398,1600,5998,0.00677039,0.0185709,-0.999805,0
2679,0,0,0,0,472,125,3276,1366,4642,0.00783263,0.0176995,-0.999813,0
2628,0,0,0,0,423,103,3154,1340,4494,0.0062384,0.0184265,-0.999811,0
2608,0,0,0,0,412,98,3118,1276,4394,0.00693458,0.0189868,-0.999796,0
2542,0,0,0,0,432,129,3103,1319,4422,0.00674255,0.0188325,-0.9998,0
2708,0,0,0,0,407,101,3216,1244,4460,0.00749268,0.0192056,-0.999787,0
2582,0,0,0,0,462,101,3145,1281,4426,0.00626709,0.0184641,-0.99981,0
2585,0,0,0,0,407,98,3090,1271,4361,0.00675571,0.0177421,-0.99982,0
2462,0,0,0,0,458,103,3023,1296,4319,0.00665578,0.0183085,-0.99981,0
2696,0,0,0,0,453,101,3250,1358,4608,0.00674894,0.0189869,-0.999797,0
2411,0,0,0,0,467,101,2979,1269,4248,0.00741642,0.0177225,-0.999815,0
2525,0,0,0,0,412,101,3038,1252,4290,0.00729229,0.0178902,-0.999813,0
2771,0,0,0,0,406,112,3289,1304,4593,0.00772842,0.0178886,-0.99981,0
2751,0,0,0,0,414,100,3265,1360,4625,0.00719155,0.0186708,-0.9998,0
2542,0,0,0,0,406,103,3051,1208,4259,0.00760254,0.0184678,-0.999801,0
2642,0,0,0,0,443,100,3185,1257,4442,0.00809065,0.0179942,-0.999805,0
2457,0,0,0,0,434,118,3009,1252,4261,0.00806452,0.0170892,-0.999821,0
3205,0,0,0,0,448,100,3753,1305,5058,0.00801224,0.0176602,-0.999812,0
2629,0,0,0,0,413,99,3141,1293,4434,0.0068869,0.0188515,-0.999799,0
2518,0,0,0,0,419,100,3037,1280,4317,0.00851544,0.0174557,-0.999811,0
2515,0,0,0,0,415,104,3034,1295,4329,0.00738847,0.0175183,-0.999819,0
2598,0,0,0,0,430,127,3155,1671,4826,0.00700704,0.0189166,-0.999796,0
2439,0,0,0,0,497,101,3037,1328,4365,0.0075496,0.0181908,-0.999806,0
2590,0,0,0,0,471,105,3166,1341,4507,0.00714241,0.0183441,-0.999806,0
2593,0,0,0,0,411,103,3107,1237,4344,0.00904121,0.01706,-0.999813,0
2662,0,0,0,0,449,117,3228,1274,4502,0.00696021,0.018623,-0.999802,0
2610,0,0,0,0,549,111,3270,1370,4640,0.00694201,0.0182782,-0.999809,0
2683,0,0,0,0,435,117,3235,1345,4580,0.00655915,0.0187416,-0.999803,0
2604,0,0,0,0,619,132,3355,1285,4640,0.00592781,0.018602,-0.999809,0
2536,0,0,0,0,463,109,3108,1245,4353,0.00654238,0.0182187,-0.999813,0
2524,0,0,0,0,434,101,3059,1258,4317,0.00533179,0.0189782,-0.999806,0
2695,0,0,0,0,475,104,3274,1387,4661,0.00719138,0.0174888,-0.999821,0
2566,0,0,0,0,445,113,3124,1303,4427,0.0075657,0.0181833,-0.999806,0
2631,0,0,0,0,481,120,3232,1352,4584,0.00619344,0.0189017,-0.999802,0
2613,0,0,0,0,511,103,3227,1336,4563,0.00743711,0.0184777,-0.999802,0
3905,0,0,0,0,731,141,4777,1768,6545,0.00704828,0.0188976,-0.999797,0
2600,0,0,0,0,432,101,3133,1322,4455,0.00773491,0.0182029,-0.999804,0
2509,0,0,0,0,405,118,3032,1271,4303,0.00617771,0.0189542,-0.999801,0
2550,0,0,0,0,432,102,3084,1320,4404,0.00710627,0.0191097,-0.999792,0
2512,0,0,0,0,449,115,3076,1347,4423,0.00807974,0.017508,-0.999814,0
2472,0,0,0,0,414,104,2990,1333,4323,0.00736592,0.0179405,-0.999812,0
2604,0,0,0,0,481,104,3189,1380,4569,0.00739148,0.0176307,-0.999817,0
2460,0,0,0,0,429,123,3012,1283,4295,0.00666459,0.018602,-0.999805,0
2417,0,0,0,0,461,110,2988,1288,4276,0.00727312,0.0182614,-0.999807,0
2488,0,0,0,0,412,105,3005,1289,4294,0.00673266,0.0185748,-0.999805,0
2791,0,0,0,0,476,102,3369,1367,4736,0.00744348,0.0183192,-0.999804,0
2755,0,0,0,0,416,102,3273,1362,4635,0.00793805,0.0177818,-0.99981,0
2815,0,0,0,0,449,120,3384,1350,4734,0.0070335,0.0186852,-0.999801,0
2636,0,0,0,0,463,103,3202,1308,4510,0.00749858,0.0178001,-0.999813,0
2529,0,0,0,0,455,100,3084,1297,4381,0.00822021,0.0178727,-0.999807,0
2459,0,0,0,0,439,102,3000,1315,4315,0.00793203,0.0182303,-0.999802,0
2628,0,0,0,0,411,98,3137,1316,4453,0.0076017,0.018007,-0.999809,0
2658,0,0,0,0,482,116,3256,1347,4603,0.00752035,0.0179892,-0.99981,0
2632,0,0,0,0,414,99,3145,1321,4466,0.00716835,0.0185405,-0.999802,0
2528,0,0,0,0,413,102,3043,1274,4317,0.00667846,0.0187631,-0.999802,0
3847,0,0,0,0,747,149,4743,1857,6600,0.00762565,0.018075,-0.999808,0
2480,0,0,0,0,408,100,2988,1389,4377,0.00739838,0.0172777,-0.999823,0
2594,0,0,0,0,414,102,3110,1289,4399,0.00701642,0.0179868,-0.999814,0
2492,0,0,0,0,447,105,3044,1260,4304,0.00708062,0.0183775,-0.999806,0
2908,0,0,0,0,410,99,3417,1325,4742,0.00682459,0.0182569,-0.99981,0
2495,0,0,0,0,443,105,3043,1298,4341,0.00718042,0.0177209,-0.999817,0
2700,0,0,0,0,479,100,3279,1325,4604,0.0076704,0.0177261,-0.999813,0
2673,0,0,0,0,453,117,3243,1340,4583,0.0073414,0.0175111,-0.99982,0
2637,0,0,0,0,456,117,3210,1264,4474,0.00694833,0.0185425,-0.999804,0
2477,0,0,0,0,420,102,2999,1349,4348,0.00683038,0.0182598,-0.99981,0
2598,0,0,0,0,476,107,3181,1317,4498,0.00835126,0.0173812,-0.999814,0
2538,0,0,0,0,440,111,3089,1339,4428,0.00695363,0.0179817,-0.999814,0
2443,0,0,0,0,407,108,2958,1424,4382,0.00745456,0.0179225,-0.999812,0
2518,0,0,0,0,436,102,3056,1322,4378,0.00623066,0.0189835,-0.9998,0
2658,0,0,0,0,465,104,3227,1408,4635,0.00697516,0.0183912,-0.999807,0
2505,0,0,0,0,419,98,3022,1376,4398,0.00831853,0.0184394,-0.999795,0
2486,0,0,0,0,408,100,2994,1307,4301,0.00851492,0.0180776,-0.9998,0
2500,0,0,0,0,492,125,3117,1270,4387,0.00757336,0.0183465,-0.999803,0
2545,0,0,0,0,417,98,3060,1282,4342,0.00765791,0.0179399,-0.99981,0
2512,0,0,0,0,409,98,3019,1268,4287,0.0069062,0.0182636,-0.999809,0
2535,0,0,0,0,416,126,3077,1352,4429,0.00726009,0.0181619,-0.999809,0
2467,0,0,0,0,463,102,3032,1299,4331,0.00686327,0.0176244,-0.999821,0
2537,0,0,0,0,429,100,3066,1309,4375,0.00760594,0.0181544,-0.999806,0
2536,0,0,0,0,414,99,3049,1228,4277,0.00790762,0.0177465,-0.999811,0
2456,0,0,0,0,418,102,2976,1354,4330,0.00738274,0.0175256,-0.999819,0
2526,0,0,0,0,470,100,3096,1220,4316,0.00771561,0.0177383,-0.999813,0
2630,0,0,0,0,452,131,3213,1372,4585,0.00728088,0.0183901,-0.999804,0
2559,0,0,0,0,427,103,3089,1277,4366,0.00731396,0.0175293,-0.99982,0
2503,0,0,0,0,423,98,3024,1347,4371,0.00733995,0.0170077,-0.999828,0
2542,0,0,0,0,520,104,3166,1239,4405,0.00846641,0.0164538,-0.999829,0
2693,0,0,0,0,410,97,3200,1247,4447,0.00671316,0.0164571,-0.999842,0
2485,0,0,0,0,477,103,3065,1210,4275,0.00734397,0.0155139,-0.999853,0
2477,0,0,0,0,419,102,2998,1401,4399,0.00787446,0.0152596,-0.999852,0
2493,0,0,0,0,415,103,3011,1313,4324,0.00721823,0.0160344,-0.999845,0
2496,0,0,0,0,421,99,3016,1427,4443,0.00718124,0.0164362,-0.999839,0
2569,0,0,0,0,471,117,3157,1347,4504,0.00774987,0.0169074,-0.999827,0
2561,0,0,0,0,428,100,3089,1381,4470,0.00800264,0.0160922,-0.999838,0
2799,0,0,0,0,532,107,3438,1390,4828,0.00779256,0.0160792,-0.99984,0
2626,0,0,0,0,429,100,3155,1390,4545,0.00604555,0.017487,-0.999829,0
2549,0,0,0,0,456,101,3106,1326,4432,0.00714665,0.0166651,-0.999836,0
2772,0,0,0,0,424,103,3299,1441,4740,0.00709228,0.0162846,-0.999842,0
2850,0,0,0,0,419,100,3369,1350,4719,0.00737468,0.0160121,-0.999845,0
2626,0,0,0,0,534,106,3266,1369,4635,0.00733049,0.0154089,-0.999854,0
2582,0,0,0,0,414,99,3095,1414,4509,0.00642638,0.0152656,-0.999863,0
2457,0,0,0,0,417,105,2979,1530,4509,0.00787135,0.0134894,-0.999878,0
2735,0,0,0,0,427,117,3279,1309,4588,0.00740282,0.0147852,-0.999863,0
2681,0,0,0,0,411,102,3194,1409,4603,0.00640819,0.0151268,-0.999865,0
2720,0,0,0,0,453,103,3276,1317,4593,0.00697308,0.0149548,-0.999864,0
2574,0,0,0,0,449,105,3128,1439,4567,0.00790425,0.0139887,-0.999871,0
2574,0,0,0,0,410,99,3083,1227,4310,0.00652233,0.015726,-0.999855,0
2693,0,0,0,0,425,100,3218,1229,4447,0.00812208,0.0153054,-0.99985,0
2557,0,0,0,0,391,100,3048,1074,4122,0.00747571,0.0145548,-0.999866,0
2502,0,0,0,0,380,97,2979,986,3965,0.0093032,0.0108509,-0.999898,0
2465,0,0,0,0,360,94,2919,1015,3934,0.008914,0.0104401,-0.999906,0
2561,0,0,0,0,337,78,2976,1103,4079,0.00651883,0.0150445,-0.999866,0
2435,0,0,0,0,284,71,2790,1192,3982,0.00633759,0.0153788,-0.999862,0
2372,0,0,0,0,306,112,2790,1122,3912,0.00766481,0.015109,-0.999856,0
2454,0,0,0,0,390,75,2919,1082,4001,0.00782228,0.0138915,-0.999873,0
2503,0,0,0,0,297,73,2873,1176,4049,0.00755167,0.0136562,-0.999878,0
2404,0,0,0,0,311,75,2790,1036,3826,0.00799154,0.0140801,-0.999869,0
2474,0,0,0,0,315,76,2865,1096,3961,0.00709968,0.0140074,-0.999877,0
2591,0,0,0,0,317,77,2985,1034,4019,0.00633537,0.0139786,-0.999882,0
2552,0,0,0,0,319,77,2948,1125,4073,0.00821446,0.0128254,-0.999884,0
2448,0,0,0,0,316,76,2840,1030,3870,0.00781747,0.0126636,-0.999889,0
2679,0,0,0,0,337,79,3095,1211,4306,0.00593388,0.0145012,-0.999877,0
2689,0,0,0,0,317,76,3082,1076,4158,0.00665664,0.0142852,-0.999876,0
2457,0,0,0,0,303,76,2836,1042,3878,0.00659363,0.0142969,-0.999876,0
2506,0,0,0,0,298,74,2878,1023,3901,0.0066395,0.0150237,-0.999865,0
2641,0,0,0,0,380,90,3111,1148,4259,0.00733621,0.013803,-0.999878,0
2483,0,0,0,0,308,80,2871,1018,3889,0.00683504,0.0140921,-0.999877,0
2594,0,0,0,0,300,75,2969,1041,4010,0.0070117,0.0132809,-0.999887,0
2409,0,0,0,0,310,74,2793,1014,3807,0.00676922,0.0145392,-0.999871,0
2501,0,0,0,0,328,74,2903,1131,4034,0.00760356,0.0130764,-0.999886,0
2514,0,0,0,0,305,79,2898,976,3874,0.00799991,0.0107381,-0.99991,0
2409,0,0,0,0,333,76,2818,1058,3876,0.00792236,0.0111974,-0.999906,0
2491,0,0,0,0,301,71,2863,1027,3890,0.0097822,0.0109472,-0.999892,0
2465,0,0,0,0,335,84,2884,978,3862,0.0092996,0.0163971,-0.999822,0
2352,0,0,0,0,321,72,2745,1085,3830,0.0088698,0.0215017,-0.999729,0
2827,0,0,0,0,316,76,3219,1159,4378,0.0085603,0.0204599,-0.999754,0
2470,0,0,0,0,298,73,2841,1019,3860,0.00492488,0.0148144,-0.999878,0
2372,0,0,0,0,353,72,2797,1126,3923,0.0013755,0.0196267,-0.999806,0
2418,0,0,0,0,326,77,2821,1100,3921,-0.000933168,0.0271498,-0.999631,0
2541,0,0,0,0,350,76,2967,1163,4130,-0.00451601,0.0348821,-0.999381,0
2382,0,0,0,0,299,73,2754,1130,3884,-0.00599958,0.0436857,-0.999027,0
2424,0,0,0,0,296,70,2790,1082,3872,-0.0114513,0.0554998,-0.998393,0
2284,0,0,0,0,292,73,2649,1095,3744,-0.0203097,0.0631467,-0.997797,0
2459,0,0,0,0,301,73,2833,1056,3889,-0.026326,0.0680204,-0.997336,0
2372,0,0,0,0,319,74,2765,1095,3860,-0.0337417,0.0712915,-0.996885,0
2377,0,0,0,0,302,71,2750,1179,3929,-0.0177634,0.05181,-0.998499,0
2461,0,0,0,0,326,88,2875,1115,3990,-0.00356897,0.0302237,-0.999537,0
2394,0,0,0,0,300,72,2766,1122,3888,-0.00924325,0.039141,-0.999191,0
2373,0,0,0,0,336,76,2785,1196,3981,-0.021159,0.0498237,-0.998534,0
2335,0,0,0,0,301,74,2710,1208,3918,-0.0300574,0.0584291,-0.997839,0
2647,0,0,0,0,307,88,3042,1395,4437,0.0106791,0.0433954,-0.999001,0
2443,0,0,0,0,316,75,2834,1180,4014,0.00785961,0.0417468,-0.999097,0
2316,0,0,0,0,300,76,2692,1239,3931,-0.00727228,0.0482656,-0.998808,0
2497,0,0,0,0,302,90,2889,1149,4038,-0.0222954,0.0539966,-0.998292,0
2414,0,0,0,0,304,73,2791,1015,3806,-0.0381492,0.0597869,-0.997482,0
2383,0,0,0,0,308,77,2768,1036,3804,-0.0557703,0.056794,-0.996827,0
2319,0,0,0,0,346,73,2738,1136,3874,0.00972181,0.0431512,-0.999021,0
2569,0,0,0,0,371,79,3019,1128,4147,-0.00582136,0.0459608,-0.998926,0
2352,0,0,0,0,296,80,2728,1047,3775,-0.0198292,0.0502157,-0.998542,0
2527,0,0,0,0,328,77,2932,1059,3991,-0.0313671,0.0560556,-0.997935,0
2423,0,0,0,0,412,77,2912,999,3911,0.0307923,0.0347203,-0.998923,0
2360,0,0,0,0,319,74,2753,1022,3775,0.0140823,0.0387574,-0.99915,0
2455,0,0,0,0,313,74,2842,905,3747,-0.002094,0.0403776,-0.999182,0
2347,0,0,0,0,311,73,2731,883,3614,-0.0213534,0.0397994,-0.99898,0
2459,0,0,0,0,369,77,2905,807,3712,0.0534354,0.0110563,-0.99851,0
2347,0,0,0,0,320,74,2741,880,3621,0.0327233,0.00744457,-0.999437,0
2549,0,0,0,0,383,76,3008,858,3866,0.0108682,0.0142549,-0.999839,0
2579,0,0,0,0,369,75,3023,861,3884,-0.0127303,0.0204591,-0.99971,0
2501,0,0,0,0,364,78,2943,936,3879,-0.0375014,0.0215921,-0.999063,0
2346,0,0,0,0,329,84,2759,939,3698,-0.0554755,0.0272755,-0.998088,0
2491,0,0,0,0,365,82,2938,944,3882,0.0496374,-0.00142273,-0.998766,0
2568,0,0,0,0,361,75,3004,995,3999,0.0356891,0.00227378,-0.99936,0
2447,0,0,0,0,380,77,2904,858,3762,0.0568153,-0.00207018,-0.998383,0
2611,0,0,0,0,373,79,3063,861,3924,0.0342864,0.00568131,-0.999396,0
2471,0,0,0,0,332,82,2885,943,3828,0.010629,0.00863729,-0.999906,0
2667,0,0,0,0,342,75,3084,998,4082,-0.0109999,0.0113506,-0.999875,0
2309,0,0,0,0,301,71,2681,1013,3694,0.0426984,-0.00375209,-0.999081,0
2437,0,0,0,0,307,75,2819,1031,3850,0.0260076,-0.00302587,-0.999657,0
2660,0,0,0,0,310,74,3044,1037,4081,0.0138339,0.00187813,-0.999903,0
2446,0,0,0,0,301,75,2822,1109,3931,0.0255466,-0.0147687,-0.999565,0
2489,0,0,0,0,302,72,2863,1063,3926,0.0279767,-0.00655337,-0.999587,0
2396,0,0,0,0,302,79,2777,1034,3811,0.0316071,-0.00184224,-0.999499,0
2434,0,0,0,0,294,70,2798,1039,3837,0.0354772,0.00348273,-0.999364,0
2347,0,0,0,0,283,68,2698,1071,3769,0.0371484,0.00956459,-0.999264,0
2448,0,0,0,0,293,78,2819,1067,3886,0.0378561,0.0107342,-0.999226,0
2430,0,0,0,0,328,90,2848,1116,3964,0.0381629,0.0111529,-0.999209,0
2344,0,0,0,0,292,72,2708,1052,3760,0.0210007,-0.0129952,-0.999695,0
2307,0,0,0,0,317,70,2694,1082,3776,0.0209321,-0.0123362,-0.999705,0
2399,0,0,0,0,299,71,2769,1088,3857,0.0209934,-0.0122983,-0.999704,0
2524,0,0,0,0,315,73,2912,1132,4044,0.0206717,-0.0117365,-0.999717,0
2661,0,0,0,0,407,92,3160,1054,4214,0.0189474,-0.0125684,-0.999741,0
2493,0,0,0,0,296,83,2872,1097,3969,0.018291,-0.0132619,-0.999745,0
2442,0,0,0,0,322,73,2837,1050,3887,0.0177278,-0.012749,-0.999761,0
2435,0,0,0,0,300,72,2807,1084,3891,0.0174184,-0.0134195,-0.999758,0
2398,0,0,0,0,299,74,2771,1181,3952,0.0180268,-0.0137419,-0.999743,0
2526,0,0,0,0,308,76,2910,1065,3975,0.0181381,-0.0135522,-0.999744,0
2380,0,0,0,0,336,72,2788,1049,3837,0.018041,-0.0144418,-0.999733,0
2327,0,0,0,0,318,77,2722,1060,3782,0.0139457,-0.0147025,-0.999795,0
2427,0,0,0,0,290,73,2790,1052,3842,0.00981662,-0.0194415,-0.999763,0
2628,0,0,0,0,348,90,3066,2037,5103,0.00884104,-0.0218897,-0.999721,0
2313,0,0,0,0,302,68,2683,1026,3709,0.0168744,-0.0150992,-0.999744,0
2430,0,0,0,0,339,68,2837,1108,3945,0.0212166,-0.0154632,-0.999655,0
2433,0,0,0,0,291,70,2794,1068,3862,0.013602,-0.0147622,-0.999799,0
2433,0,0,0,0,285,71,2789,1062,3851,0.00800924,-0.00573289,-0.999952,0
2413,0,0,0,0,297,76,2786,1142,3928,0.000161825,0.0072042,-0.999974,0
2508,0,0,0,0,328,78,2914,1241,4155,-0.0112314,0.0232266,-0.999667,0
2694,0,0,0,0,388,77,3159,1940,5099,-0.020213,0.0296472,-0.999356,0
2659,0,0,0,0,340,81,3080,2356,5436,-0.0164353,0.0140476,-0.999766,0
2526,0,0,0,0,352,87,2965,2786,5751,-0.0073457,-0.0084333,-0.999937,0
3618,0,0,0,0,626,122,4366,3496,7862,0.0150898,-0.0486823,-0.9987,0
2788,0,0,0,0,378,95,3261,2873,6134,0.0156797,0.0197813,-0.999682,0
2729,0,0,0,0,360,92,3181,2821,6002,0.0299947,-0.00872248,-0.999512,0
2575,0,0,0,0,382,88,3045,3022,6067,0.0242906,0.0125073,-0.999627,0
2575,0,0,0,0,383,90,3048,2938,5986,0.0336558,-0.0159373,-0.999307,0
2729,0,0,0,0,416,112,3257,2820,6077,0.0461947,-0.0445378,-0.997939,0
2650,0,0,0,0,404,94,3148,2638,5786,0.0561781,-0.068553,-0.996065,0
2650,0,0,0,0,403,96,3149,2576,5725,0.0414571,-0.000609914,-0.99914,0
2722,0,0,0,0,450,98,3270,2280,5550,0.0394877,-0.0225037,-0.998967,0
2693,0,0,0,0,445,96,3234,2065,5299,0.0349092,-0.0383107,-0.998656,0
2548,0,0,0,0,424,95,3067,1779,4846,0.03257,-0.0446301,-0.998473,0
2560,0,0,0,0,425,91,3076,1711,4787,0.0272301,-0.0111638,-0.999567,0
2713,0,0,0,0,445,102,3260,1616,4876,0.0246123,-0.0135973,-0.999605,0
2599,0,0,0,0,367,91,3057,1331,4388,0.0225349,-0.00841178,-0.999711,0
2625,0,0,0,0,421,91,3137,1081,4218,0.0204531,-0.000571546,-0.999791,0
2531,0,0,0,0,345,87,2963,872,3835,0.0201466,0.0084513,-0.999761,0
2542,0,0,0,0,337,81,2960,817,3777,0.0190797,0.0153568,-0.9997,0
2442,0,0,0,0,319,84,2845,713,3558,0.0186098,0.0221083,-0.999582,0
2590,0,0,0,0,315,77,2982,669,3651,0.0189138,0.030206,-0.999365,0
2356,0,0,0,0,346,82,2784,517,3301,0.017282,0.0412053,-0.999001,0
2783,0,0,0,0,347,91,3221,527,3748,0.0237923,0.00213244,-0.999715,0
2342,0,0,0,0,304,76,2722,661,3383,0.0289909,-0.0159288,-0.999453,0
2553,0,0,0,0,314,86,2953,825,3778,0.0318802,-0.0157784,-0.999367,0
2481,0,0,0,0,304,75,2860,735,3595,0.0320205,-0.0152279,-0.999371,0
2523,0,0,0,0,306,79,2908,576,3484,0.0356379,-0.0145495,-0.999259,0
2389,0,0,0,0,301,74,2764,505,3269,0.0366518,-0.00849539,-0.999292,0
2482,0,0,0,0,325,80,2887,450,3337,0.031887,0.00158995,-0.99949,0
2418,0,0,0,0,295,80,2793,539,3332,0.0277351,0.0140184,-0.999517,0
2495,0,0,0,0,307,88,2890,521,3411,0.0201134,0.0368314,-0.999119,0
2619,0,0,0,0,317,77,3013,548,3561,0.00866615,0.0672774,-0.997697,0
2682,0,0,0,0,324,78,3084,694,3778,0.0273555,-0.0561168,-0.998049,0
2767,0,0,0,0,335,96,3198,712,3910,0.0110005,-0.00731229,-0.999913,0
2551,0,0,0,0,413,94,3058,699,3757,0.00411461,0.033053,-0.999445,0
2602,0,0,0,0,328,78,3008,642,3650,-0.00817387,0.0818097,-0.996615,0
2657,0,0,0,0,323,77,3057,678,3735,-0.0113368,0.103922,-0.994521,0
2681,0,0,0,0,334,79,3094,654,3748,0.0292613,-0.0974997,-0.994805,0
2462,0,0,0,0,321,75,2858,618,3476,0.00169778,-0.0236379,-0.999719,0
2576,0,0,0,0,304,72,2952,697,3649,-0.0183113,0.0409286,-0.998994,0
2479,0,0,0,0,312,77,2868,710,3578,-0.0373707,0.107371,-0.993516,0
3032,0,0,0,0,275,68,3375,820,4195,0.0272596,-0.0618075,-0.997716,0
2709,0,0,0,0,305,64,3078,809,3887,0.0525392,-0.190626,-0.980256,0
2484,0,0,0,0,278,61,2823,811,3634,0.0557089,-0.223489,-0.973113,0
2358,0,0,0,0,242,55,2655,870,3525,0.0176579,-0.0926711,-0.99554,0
2435,0,0,0,0,203,55,2693,1021,3714,-0.0118849,0.0178076,-0.999771,0
2817,0,0,0,0,188,47,3052,1017,4069,0.0148508,-0.0867,-0.996124,0
2548,0,0,0,0,195,47,2790,953,3743,-0.0131682,0.00575113,-0.999897,0
2473,0,0,0,0,178,44,2695,910,3605,-0.0397167,0.0842721,-0.995651,0
2642,0,0,0,0,203,60,2905,918,3823,-0.0140862,-0.011531,-0.999834,0
2419,0,0,0,0,173,45,2637,779,3416,0.00092597,-0.0578859,-0.998323,0
2340,0,0,0,0,237,50,2627,746,3373,-0.0245409,0.00662338,-0.999677,0
2448,0,0,0,0,153,43,2644,695,3339,0.00695958,-0.0974177,-0.995219,0
2346,0,0,0,0,169,49,2564,736,3300,-0.014008,-0.0611828,-0.998028,0
2540,0,0,0,0,184,46,2770,735,3505,0.0124844,-0.12949,-0.991502,0
2368,0,0,0,0,193,56,2617,730,3347,-0.0133129,-0.06711,-0.997657,0
2433,0,0,0,0,218,55,2706,773,3479,-0.0287237,-0.0195365,-0.999396,0
2524,0,0,0,0,311,62,2897,724,3621,-0.0133822,-0.121105,-0.99255,0
2413,0,0,0,0,803,73,3289,595,3884,-0.0278466,-0.110841,-0.993448,0
2895,0,0,0,0,274,72,3241,343,3584,0.00272362,-0.32178,-0.946811,0
2643,0,0,0,0,313,86,3042,259,3301,0.00799118,-0.457844,-0.888997,0
2536,0,0,0,0,302,77,2915,214,3129,-0.0265808,-0.407109,-0.912993,0
2426,0,0,0,0,335,90,2851,180,3031,-0.0714848,-0.301549,-0.950767,0
2507,0,0,0,0,402,88,2997,234,3231,-0.101204,-0.217995,-0.970689,0
2582,0,0,0,0,359,98,3039,264,3303,-0.13723,-0.117271,-0.983573,0
2651,0,0,0,0,375,95,3121,341,3462,-0.159368,-0.0210477,-0.986995,0
2516,0,0,0,0,495,102,3113,353,3466,-0.167815,0.0737565,-0.983055,0
2572,0,0,0,0,420,99,3091,293,3384,-0.186881,0.124306,-0.974486,0
2740,0,0,0,0,457,100,3297,283,3580,-0.211628,0.175121,-0.961533,0
2657,0,0,0,0,411,100,3168,293,3461,-0.236733,0.203592,-0.950004,0
2750,0,0,0,0,407,101,3258,250,3508,-0.135654,-0.515186,-0.846275,0
2756,0,0,0,0,443,107,3306,283,3589,-0.146113,-0.5113,-0.846891,0
2636,0,0,0,0,390,90,3116,322,3438,-0.153004,-0.651609,-0.742964,0
2668,0,0,0,0,364,90,3122,350,3472,-0.155651,-0.650689,-0.74322,0
2601,0,0,0,0,337,87,3025,342,3367,-0.161242,-0.633633,-0.756645,0
2909,0,0,0,0,350,77,3336,-1000,-1000,-1,-1,-1,0
2628,0,0,0,0,291,71,2990,2617,5607,0.00508351,-0.0100671,-0.999936,0
2598,0,0,0,0,333,69,3000,2575,5575,-0.0084343,0.0630005,-0.997978,0
2697,0,0,0,0,264,62,3023,2320,5343,-0.0208773,0.127008,-0.991682,0
2453,0,0,0,0,250,69,2772,2100,4872,0.0185072,-0.10044,-0.994771,0
2570,0,0,0,0,257,76,2903,1766,4669,0.000319515,-0.0328103,-0.999462,0
2606,0,0,0,0,223,56,2885,1661,4546,-0.0197703,0.0452588,-0.99878,0
2632,0,0,0,0,250,72,2954,1482,4436,0.0324597,-0.0760116,-0.996579,0
2556,0,0,0,0,312,64,2932,1326,4258,0.00901704,0.00130308,-0.999958,0
2564,0,0,0,0,307,72,2943,1174,4117,-0.0142171,0.0835951,-0.996398,0
2584,0,0,0,0,302,73,2959,1129,4088,-0.0391626,0.186852,-0.981607,0
2590,0,0,0,0,336,80,3006,1085,4091,-0.0605758,0.292672,-0.954292,0
2577,0,0,0,0,369,97,3043,1017,4060,-0.0803277,0.398726,-0.913545,0
2650,0,0,0,0,381,95,3126,958,4084,-0.0886583,0.478566,-0.873564,0
2832,0,0,0,0,382,100,3314,1021,4335,0.0448355,-0.0588189,-0.997261,0
2653,0,0,0,0,393,110,3156,872,4028,0.0440815,0.0347593,-0.998423,0
2940,0,0,0,0,607,111,3658,987,4645,0.0255808,-0.150853,-0.988225,0
2746,0,0,0,0,428,107,3281,1022,4303,0.0244681,-0.0438055,-0.99874,0
2758,0,0,0,0,483,114,3355,1045,4400,0.0174952,0.0415057,-0.998985,0
2837,0,0,0,0,452,123,3412,1005,4417,0.00803793,0.152368,-0.988291,0
2858,0,0,0,0,456,115,3429,1068,4497,-0.00441516,0.251336,-0.96789,0
2854,0,0,0,0,479,142,3475,965,4440,-0.0206083,0.351027,-0.936138,0
2927,0,0,0,0,491,161,3579,1196,4775,-0.0403698,0.444473,-0.894882,0
2806,0,0,0,0,482,156,3444,1135,4579,0.0557617,-0.195595,-0.979098,0
2733,0,0,0,0,488,138,3359,1136,4495,0.0459388,-0.160577,-0.985954,0
2717,0,0,0,0,514,125,3356,1076,4432,0.0307638,-0.0564213,-0.997933,0
2765,0,0,0,0,514,123,3402,1368,4770,0.0182508,0.0378296,-0.999118,0
2673,0,0,0,0,476,119,3268,1410,4678,0.00670803,0.131807,-0.991253,0
2650,0,0,0,0,522,121,3293,1258,4551,-0.00127911,0.229512,-0.973305,0
2619,0,0,0,0,423,106,3148,1173,4321,-0.0109714,0.322382,-0.946546,0
2592,0,0,0,0,422,97,3111,930,4041,-0.021466,0.42119,-0.906719,0
2686,0,0,0,0,382,101,3169,906,4075,-0.0296852,0.509797,-0.859782,0
2709,0,0,0,0,376,96,3181,1063,4244,0.0210534,-0.103797,-0.994376,0
2613,0,0,0,0,370,91,3074,1049,4123,0.027299,-0.129561,-0.991196,0
2654,0,0,0,0,348,86,3088,855,3943,0.00755713,-0.0487564,-0.998782,0
2542,0,0,0,0,368,81,2991,817,3808,0.0247569,-0.119741,-0.992496,0
2785,0,0,0,0,379,74,3238,697,3935,0.0273178,-0.172563,-0.98462,0
2774,0,0,0,0,276,69,3119,764,3883,0.00823825,-0.080096,-0.996753,0
2547,0,0,0,0,276,72,2895,736,3631,-0.0181021,0.0267257,-0.999479,0
2627,0,0,0,0,274,69,2970,889,3859,0.0158899,-0.0802915,-0.996645,0
2775,0,0,0,0,339,70,3184,1105,4289,0.0114001,-0.0795063,-0.996769,0
2560,0,0,0,0,307,65,2932,1010,3942,0.001441,-0.0426896,-0.999087,0
2433,0,0,0,0,234,58,2725,1005,3730,0.0284777,-0.111698,-0.993334,0
2637,0,0,0,0,244,60,2941,1073,4014,0.00924935,-0.0447593,-0.998955,0
2381,0,0,0,0,195,51,2627,955,3582,0.0112535,-0.0574041,-0.998288,0
2495,0,0,0,0,239,51,2785,880,3665,-0.00688187,0.00577056,-0.99996,0
2392,0,0,0,0,173,47,2612,879,3491,0.015596,-0.0760001,-0.996986,0
2391,0,0,0,0,196,46,2633,740,3373,0.0118165,-0.0359537,-0.999284,0
2298,0,0,0,0,141,41,2480,481,2961,0.0488631,-0.173517,-0.983618,0
2425,0,0,0,0,137,38,2600,448,3048,0.0568516,-0.143624,-0.987998,0
2347,0,0,0,0,144,50,2541,371,2912,0.0798553,-0.189339,-0.978659,0
2408,0,0,0,0,154,45,2607,443,3050,0.0440612,-0.105945,-0.993396,0
3320,0,0,0,0,173,47,3540,584,4124,0.0205481,-0.197285,-0.980131,0
2387,0,0,0,0,195,56,2638,511,3149,0.0070851,-0.15118,-0.988481,0
2569,0,0,0,0,209,54,2832,470,3302,-0.000981408,-0.0937389,-0.995596,0
2575,0,0,0,0,225,60,2860,473,3333,-0.00483035,0.0111332,-0.999926,0
2491,0,0,0,0,236,63,2790,501,3291,-0.005083,0.0699493,-0.997537,0
2528,0,0,0,0,259,69,2856,545,3401,-0.00686208,0.125961,-0.992011,0
2472,0,0,0,0,310,80,2862,507,3369,-0.0328665,-0.112517,-0.993106,0
2506,0,0,0,0,332,84,2922,496,3418,-0.0398507,-0.0508555,-0.99791,0
2572,0,0,0,0,302,78,2952,509,3461,-0.0428772,-0.0158673,-0.998954,0
2434,0,0,0,0,318,87,2839,483,3322,-0.0109728,-0.214363,-0.976692,0
2445,0,0,0,0,335,88,2868,356,3224,0.011035,-0.331659,-0.943335,0
2483,0,0,0,0,382,93,2958,226,3184,-0.00927642,-0.327283,-0.944881,0
2883,0,0,0,0,370,93,3346,168,3514,-0.0248592,-0.343401,-0.93886,0
2548,0,0,0,0,389,97,3034,182,3216,-0.119705,-0.0819524,-0.989421,0
2635,0,0,0,0,388,97,3120,303,3423,-0.129467,0.049347,-0.990355,0
2653,0,0,0,0,426,111,3190,442,3632,-0.107633,0.142654,-0.983903,0
2874,0,0,0,0,411,105,3390,578,3968,-0.111264,0.218779,-0.96941,0
2816,0,0,0,0,408,104,3328,746,4074,-0.097473,0.277,-0.955913,0
2846,0,0,0,0,467,104,3417,925,4342,-0.0852201,0.349116,-0.933197,0
2800,0,0,0,0,401,103,3304,1060,4364,-0.0707548,0.414535,-0.907279,0
2872,0,0,0,0,430,104,3406,1411,4817,-0.0280335,-0.0664859,-0.997393,0
3035,0,0,0,0,494,99,3628,1669,5297,-0.00369761,-0.114954,-0.993364,0
2735,0,0,0,0,353,85,3173,1881,5054,-0.0171457,-0.0457259,-0.998807,0
2746,0,0,0,0,533,88,3367,1962,5329,0.0253452,-0.0988663,-0.994778,0
2724,0,0,0,0,332,79,3135,2313,5448,0.00369978,-0.00657888,-0.999972,0
2547,0,0,0,0,293,70,2910,2551,5461,0.0175547,-0.0572549,-0.998205,0
2490,0,0,0,0,287,79,2856,2447,5303,0.000761627,-0.000592554,-1,0
2498,0,0,0,0,301,66,2865,2278,5143,-0.0194701,0.0694408,-0.997396,0
2467,0,0,0,0,278,77,2822,1899,4721,-0.0388712,0.143221,-0.988927,0
2511,0,0,0,0,248,61,2820,1736,4556,-0.0545319,0.206809,-0.97686,0
2530,0,0,0,0,294,66,2890,1619,4509,0.0393151,-0.0943643,-0.994761,0
2590,0,0,0,0,261,64,2915,1565,4480,0.0237928,-0.0107108,-0.99966,0
2741,0,0,0,0,278,70,3089,1573,4662,0.0173468,-0.125098,-0.991993,0
2526,0,0,0,0,299,75,2900,1416,4316,0.00698731,-0.0456651,-0.998933,0
2696,0,0,0,0,381,95,3172,1346,4518,-0.00483116,0.0495072,-0.998762,0
2768,0,0,0,0,367,90,3225,1247,4472,0.00933752,-0.0874325,-0.996127,0
2775,0,0,0,0,402,99,3276,1276,4552,-0.00546668,0.000648086,-0.999985,0
2798,0,0,0,0,410,105,3313,1137,4450,-0.0186786,0.106551,-0.994132,0
2645,0,0,0,0,427,116,3188,1151,4339,-0.0268916,0.191006,-0.981221,0
3864,0,0,0,0,704,162,4730,1256,5986,-0.00414469,0.164774,-0.986323,0
2677,0,0,0,0,446,126,3249,1021,4270,0.0121926,-0.0782094,-0.996863,0
2689,0,0,0,0,454,116,3259,990,4249,-0.0028552,0.0295395,-0.99956,0
2767,0,0,0,0,516,115,3398,996,4394,-0.0206333,0.137503,-0.990287,0
2736,0,0,0,0,513,133,3382,1078,4460,-0.0380683,0.247126,-0.968235,0
3859,0,0,0,0,747,149,4755,1311,6066,-0.0500104,0.345993,-0.936903,0
2726,0,0,0,0,537,122,3385,1029,4414,-0.0587007,0.447178,-0.892517,0
2732,0,0,0,0,487,117,3336,950,4286,0.0321049,-0.127335,-0.99134,0
2698,0,0,0,0,523,116,3337,1088,4425,0.00465024,0.0136694,-0.999896,0
2801,0,0,0,0,476,120,3397,1128,4525,-0.0138505,0.116157,-0.993134,0
2833,0,0,0,0,464,112,3409,1383,4792,0.0364054,-0.155993,-0.987087,0
2675,0,0,0,0,472,123,3270,1292,4562,0.0428437,-0.16818,-0.984825,0
2737,0,0,0,0,471,100,3308,1095,4403,0.0121297,-0.0597347,-0.998141,0
2499,0,0,0,0,431,104,3034,694,3728,-0.00687582,0.0282387,-0.999577,0
2686,0,0,0,0,382,82,3150,533,3683,-0.0397991,0.148737,-0.988076,0
2492,0,0,0,0,420,86,2998,738,3736,-0.0641589,0.245537,-0.967262,0
2553,0,0,0,0,380,106,3039,894,3933,-0.0834938,0.343275,-0.935516,0
2379,0,0,0,0,352,99,2830,887,3717,-0.0963165,0.424632,-0.900228,0
2514,0,0,0,0,349,89,2952,770,3722,-0.113099,0.509385,-0.853074,0
3651,0,0,0,0,550,121,4322,979,5301,-0.0715449,0.264951,-0.961604,0
2635,0,0,0,0,358,84,3077,737,3814,0.0293549,-0.092344,-0.995295,0
2643,0,0,0,0,338,88,3069,828,3897,0.0821133,-0.186191,-0.979076,0
2741,0,0,0,0,329,86,3156,837,3993,0.0363759,-0.0749606,-0.996523,0
2711,0,0,0,0,327,87,3125,939,4064,-0.00505168,0.0315031,-0.999491,0
2725,0,0,0,0,324,85,3134,1047,4181,-0.0417092,0.129445,-0.990709,0
2645,0,0,0,0,292,86,3023,1057,4080,-0.0745893,0.213531,-0.974085,0
2519,0,0,0,0,259,68,2846,915,3761,-0.103437,0.288753,-0.9518,0
2492,0,0,0,0,232,62,2786,864,3650,-0.135313,0.367557,-0.920104,0
2575,0,0,0,0,244,67,2886,838,3724,-0.156983,0.432087,-0.888064,0
2415,0,0,0,0,216,66,2697,823,3520,0.00750286,-0.0789483,-0.99685,0
2446,0,0,0,0,207,53,2706,678,3384,-0.0188325,-0.00939352,-0.999778,0
2442,0,0,0,0,193,52,2687,705,3392,-0.0343325,0.0430792,-0.998482,0
2448,0,0,0,0,242,56,2746,448,3194,0.0153379,-0.172144,-0.984953,0
2405,0,0,0,0,204,57,2666,398,3064,-0.0062384,-0.0982294,-0.995144,0
2437,0,0,0,0,234,61,2732,434,3166,-0.023723,0.0232135,-0.999449,0
2440,0,0,0,0,250,68,2758,497,3255,-0.0315289,-0.047408,-0.998378,0
2483,0,0,0,0,264,72,2819,522,3341,-0.0446288,0.0452122,-0.99798,0
2549,0,0,0,0,289,74,2912,479,3391,-0.0353583,-0.00683285,-0.999351,0
2445,0,0,0,0,296,88,2829,507,3336,-0.0357169,-0.0290756,-0.998939,0
2452,0,0,0,0,306,105,2863,555,3418,-0.0179592,-0.047741,-0.998698,0
2613,0,0,0,0,326,103,3042,595,3637,-0.0267059,0.0227102,-0.999385,0
2639,0,0,0,0,370,88,3097,677,3774,-0.0110676,-0.022257,-0.999691,0
2485,0,0,0,0,365,98,2948,721,3669,-0.0203575,0.0342358,-0.999206,0
2555,0,0,0,0,362,106,3023,673,3696,-0.029548,0.102499,-0.994294,0
2670,0,0,0,0,412,95,3177,702,3879,-0.0369191,0.151024,-0.98784,0
2672,0,0,0,0,393,92,3157,535,3692,-0.039476,0.176156,-0.98357,0
2627,0,0,0,0,436,95,3158,444,3602,-0.0696056,0.243186,-0.967479,0
2643,0,0,0,0,386,95,3124,636,3760,-0.111704,0.322217,-0.940052,0
3148,0,0,0,0,553,104,3805,856,4661,-0.116546,0.0918051,-0.988933,0
2730,0,0,0,0,432,99,3261,1131,4392,-0.104172,-0.00510175,-0.994546,0
3626,0,0,0,0,622,133,4381,1522,5903,-0.10022,-0.00853946,-0.994929,0
2761,0,0,0,0,426,94,3281,1384,4665,-0.0922717,-0.0138433,-0.995638,0
2704,0,0,0,0,387,95,3186,1533,4719,-0.098788,0.0369464,-0.994422,0
2728,0,0,0,0,435,98,3261,1583,4844,-0.10282,0.0832007,-0.991214,0
2777,0,0,0,0,388,95,3260,1684,4944,-0.0949838,0.118722,-0.988374,0
2711,0,0,0,0,392,92,3195,1899,5094,-0.0830587,0.162067,-0.983278,0
2619,0,0,0,0,413,90,3122,2194,5316,-0.0871433,0.221635,-0.971228,0
3161,0,0,0,0,371,89,3621,2427,6048,-0.0616753,0.141366,-0.988034,0
2816,0,0,0,0,429,86,3331,2542,5873,-0.0296633,0.0327237,-0.999024,0
2703,0,0,0,0,361,82,3146,2735,5881,0.0176313,-0.0438053,-0.998885,0
2681,0,0,0,0,334,89,3104,2612,5716,-0.00267036,0.0423066,-0.999101,0
2623,0,0,0,0,294,75,2992,2472,5464,0.0174867,-0.0199593,-0.999648,0
2806,0,0,0,0,283,68,3157,2251,5408,0.00347522,0.0530269,-0.998587,0
2486,0,0,0,0,270,65,2821,2016,4837,-0.00796909,0.113189,-0.993542,0
2572,0,0,0,0,270,67,2909,1882,4791,-0.0180148,0.176644,-0.98411,0
3566,0,0,0,0,474,108,4148,2287,6435,-0.0170108,0.0411867,-0.999007,0
2615,0,0,0,0,344,69,3028,1637,4665,-0.0174712,-0.0189118,-0.999669,0
2403,0,0,0,0,274,65,2742,1719,4461,-0.0262519,0.0720796,-0.997053,0
2551,0,0,0,0,287,73,2911,1489,4400,-0.0403376,0.164841,-0.985495,0
3660,0,0,0,0,369,123,4152,1388,5540,0.0354298,-0.131109,-0.990735,0
2710,0,0,0,0,357,103,3170,1324,4494,0.0281062,-0.0434419,-0.99866,0
2573,0,0,0,0,359,89,3021,1246,4267,0.0225978,0.0416367,-0.998877,0
2598,0,0,0,0,394,122,3114,1157,4271,0.0250979,0.153828,-0.987779,0
2733,0,0,0,0,390,102,3225,1077,4302,0.0265529,0.253044,-0.96709,0
2684,0,0,0,0,416,105,3205,998,4203,0.0292783,0.357724,-0.933369,0
2767,0,0,0,0,419,105,3291,1074,4365,0.0290352,0.442083,-0.896504,0
2800,0,0,0,0,505,115,3420,1125,4545,0.0375052,-0.0893517,-0.995294,0
3015,0,0,0,0,461,113,3589,1181,4770,0.0479323,0.0113248,-0.998786,0
2985,0,0,0,0,562,145,3692,1183,4875,0.057301,0.0946667,-0.993859,0
2876,0,0,0,0,630,151,3657,1222,4879,0.0725657,0.0860217,-0.993647,0
2996,0,0,0,0,504,130,3630,1366,4996,0.0407543,-0.0825608,-0.995752,0
2793,0,0,0,0,542,131,3466,1222,4688,0.0364646,-0.0758402,-0.996453,0
2841,0,0,0,0,503,134,3478,1274,4752,0.0645782,0.00101993,-0.997912,0
2794,0,0,0,0,556,133,3483,1284,4767,0.0890297,0.0764656,-0.99309,0
2746,0,0,0,0,529,136,3411,1403,4814,0.114639,0.157738,-0.980804,0
2791,0,0,0,0,515,134,3440,1426,4866,0.133869,0.226486,-0.964771,0
2729,0,0,0,0,536,140,3405,1592,4997,0.154213,0.293723,-0.943369,0
2686,0,0,0,0,560,125,3371,1573,4944,0.172517,0.357048,-0.918017,0
2702,0,0,0,0,508,139,3349,1416,4765,0.187782,0.415601,-0.889952,0
2752,0,0,0,0,538,133,3423,1262,4685,0.203986,0.477176,-0.854806,0
2706,0,0,0,0,542,120,3368,1145,4513,0.217677,0.533797,-0.817115,0
2566,0,0,0,0,544,120,3230,976,4206,-0.00533728,-0.052502,-0.998607,0
2591,0,0,0,0,399,99,3089,770,3859,0.0290754,0.0120195,-0.999505,0
2647,0,0,0,0,576,130,3353,710,4063,-0.0233417,-0.0429238,-0.998806,0
2577,0,0,0,0,349,92,3018,439,3457,-0.0304805,-0.0501318,-0.998277,0
2588,0,0,0,0,399,103,3090,545,3635,0.00448848,0.00896578,-0.99995,0
2643,0,0,0,0,365,90,3098,525,3623,0.0495163,0.071428,-0.996216,0
2556,0,0,0,0,366,93,3015,533,3548,0.0817805,0.124154,-0.988887,0
2737,0,0,0,0,396,90,3223,433,3656,-0.0751071,-0.0796606,-0.993989,0
2799,0,0,0,0,389,83,3271,471,3742,-0.0785044,-0.0631128,-0.994914,0
2800,0,0,0,0,319,80,3199,513,3712,-0.0185858,-0.0249516,-0.999516,0
2538,0,0,0,0,394,80,3012,628,3640,-0.0869821,-0.0439105,-0.995242,0
2446,0,0,0,0,312,78,2836,795,3631,-0.0281498,-0.014059,-0.999505,0
2462,0,0,0,0,285,71,2818,902,3720,-0.0624743,-0.016542,-0.99791,0
2497,0,0,0,0,275,87,2859,969,3828,0.000290994,0.018821,-0.999823,0
2400,0,0,0,0,326,77,2803,1053,3856,0.0620847,0.054053,-0.996606,0
2452,0,0,0,0,256,83,2791,1146,3937,0.123659,0.0896875,-0.988263,0
2403,0,0,0,0,255,66,2724,1163,3887,0.187251,0.12796,-0.973942,0
2478,0,0,0,0,290,70,2838,1182,4020,0.247875,0.163976,-0.954814,0
2605,0,0,0,0,326,69,3000,1208,4208,0.309487,0.198964,-0.929855,0
2935,0,0,0,0,337,71,3343,1347,4690,0.202025,0.127547,-0.971039,0
2448,0,0,0,0,245,61,2754,1232,3986,-0.0646579,-0.00549413,-0.997892,0
2456,0,0,0,0,236,63,2755,1155,3910,-0.0666128,0.00137472,-0.997778,0
2576,0,0,0,0,234,61,2871,1022,3893,0.00287506,0.0182328,-0.99983,0
2532,0,0,0,0,229,61,2822,1007,3829,0.0757033,0.0344791,-0.996534,0
2535,0,0,0,0,231,59,2825,839,3664,-0.0346124,0.018698,-0.999226,0
2378,0,0,0,0,254,72,2704,678,3382,-0.0416379,0.021142,-0.998909,0
2451,0,0,0,0,288,74,2813,659,3472,0.0394189,0.0245286,-0.998922,0
2686,0,0,0,0,283,75,3044,690,3734,0.124442,0.0336835,-0.991655,0
3555,0,0,0,0,339,91,3985,730,4715,-0.026511,0.0244632,-0.999349,0
2572,0,0,0,0,345,88,3005,688,3693,0.048688,0.0176926,-0.998657,0
2709,0,0,0,0,346,103,3158,639,3797,0.0989865,0.00396799,-0.995081,0
2754,0,0,0,0,414,93,3261,668,3929,0.149494,-0.016237,-0.98863,0
2647,0,0,0,0,383,102,3132,643,3775,0.193438,-0.0376452,-0.98039,0
2660,0,0,0,0,403,115,3178,623,3801,0.219266,-0.0667966,-0.973376,0
2758,0,0,0,0,463,111,3332,634,3966,0.260681,-0.0862402,-0.961565,0
2843,0,0,0,0,472,112,3427,635,4062,0.309837,-0.106766,-0.944776,0
2732,0,0,0,0,429,110,3271,664,3935,0.360849,-0.129762,-0.923553,0
7864,0,0,0,0,488,122,8474,891,9365,-0.0225176,-0.00770474,-0.999717,0
2910,0,0,0,0,452,117,3479,858,4337,0.019831,-0.0405721,-0.99898,0
2793,0,0,0,0,475,128,3396,998,4394,0.00621844,-0.0270147,-0.999616,0
2807,0,0,0,0,470,143,3420,1003,4423,0.0557249,-0.0629911,-0.996457,0
2732,0,0,0,0,542,127,3401,1073,4474,0.0989977,-0.0920928,-0.990817,0
2998,0,0,0,0,485,136,3619,1094,4713,-0.0445789,0.00250104,-0.999003,0
2618,0,0,0,0,505,126,3249,881,4130,-0.0364024,-0.0131435,-0.999251,0
2831,0,0,0,0,491,122,3444,462,3906,-0.112627,0.0573832,-0.991979,0
2638,0,0,0,0,550,124,3312,336,3648,-0.134465,0.0598577,-0.989109,0
2602,0,0,0,0,535,131,3268,405,3673,-0.138442,0.0847459,-0.986738,0
2626,0,0,0,0,580,153,3359,387,3746,-0.0640321,0.0790234,-0.994814,0
2750,0,0,0,0,557,128,3435,518,3953,-0.00608957,0.0630078,-0.997994,0
2804,0,0,0,0,588,145,3537,656,4193,0.0526914,0.0735209,-0.995901,0
2842,0,0,0,0,539,177,3558,1176,4734,0.0567137,0.0125944,-0.998311,0
2927,0,0,0,0,627,134,3688,1284,4972,0.050689,-0.0810821,-0.995418,0
3058,0,0,0,0,536,137,3731,1440,5171,0.0494213,-0.165998,-0.984887,0
2861,0,0,0,0,625,158,3644,1565,5209,-0.0328134,0.0753567,-0.996617,0
3299,0,0,0,0,535,129,3963,1511,5474,-0.0560028,0.112706,-0.992049,0
2676,0,0,0,0,487,110,3273,1586,4859,-0.0344175,0.00342635,-0.999402,0
2749,0,0,0,0,416,131,3296,1736,5032,-0.0134154,-0.106159,-0.994259,0
2624,0,0,0,0,526,110,3260,1516,4776,0.00704354,-0.200729,-0.979622,0
2741,0,0,0,0,421,103,3265,1330,4595,0.0262966,-0.296124,-0.954788,0
2593,0,0,0,0,398,105,3096,1109,4205,0.0490378,-0.389775,-0.919604,0
2550,0,0,0,0,365,104,3019,1020,4039,-0.0538595,0.0322249,-0.998028,0
2461,0,0,0,0,424,93,2978,954,3932,-0.0396051,-0.088168,-0.995318,0
2522,0,0,0,0,359,91,2972,950,3922,-0.0414786,-0.00137025,-0.999139,0
2648,0,0,0,0,342,92,3082,924,4006,-0.0255324,-0.102539,-0.994401,0
2886,0,0,0,0,399,88,3373,898,4271,-0.0482419,0.113565,-0.992359,0
2390,0,0,0,0,369,88,2847,829,3676,-0.0511306,-0.0101705,-0.99864,0
2767,0,0,0,0,331,82,3180,725,3905,-0.0382656,0.162548,-0.985958,0
2429,0,0,0,0,312,77,2818,686,3504,-0.034182,0.123297,-0.991781,0
2706,0,0,0,0,428,108,3242,1164,4406,-0.0373759,0.204184,-0.978219,0
2576,0,0,0,0,403,93,3072,583,3655,-0.0364163,0.0765973,-0.996397,0
2684,0,0,0,0,377,99,3160,639,3799,-0.0386749,0.100928,-0.994142,0
2611,0,0,0,0,441,105,3157,601,3758,-0.0424765,-0.0122334,-0.999023,0
2679,0,0,0,0,414,106,3199,603,3802,-0.0522132,-0.116323,-0.991838,0
2585,0,0,0,0,418,112,3115,577,3692,-0.0643462,-0.222108,-0.972896,0
2564,0,0,0,0,493,112,3169,573,3742,-0.00636688,0.0822777,-0.996589,0
2865,0,0,0,0,414,112,3391,521,3912,-0.0205897,-0.0359793,-0.999141,0
3222,0,0,0,0,487,125,3834,736,4570,0.0138425,0.16151,-0.986774,0
2643,0,0,0,0,460,103,3206,1000,4206,-0.00561645,0.0421903,-0.999094,0
2614,0,0,0,0,434,100,3148,902,4050,0.0400831,0.17494,-0.983763,0
2685,0,0,0,0,365,92,3142,731,3873,0.0220866,0.0630287,-0.997767,0
2500,0,0,0,0,348,97,2945,857,3802,0.0491871,0.174289,-0.983465,0
2729,0,0,0,0,361,86,3176,869,4045,0.0226398,0.0369832,-0.99906,0
3884,0,0,0,0,611,157,4652,1175,5827,0.0438234,0.120119,-0.991792,0
2675,0,0,0,0,385,91,3151,879,4030,0.0351798,0.068096,-0.997058,0
2682,0,0,0,0,382,94,3158,819,3977,0.0296167,-0.0516228,-0.998227,0
2650,0,0,0,0,379,97,3126,783,3909,0.0304782,0.138449,-0.989901,0
2626,0,0,0,0,378,95,3099,905,4004,0.0292577,0.0391702,-0.998804,0
2574,0,0,0,0,371,95,3040,927,3967,0.0295356,0.111646,-0.993309,0
2719,0,0,0,0,376,100,3195,1098,4293,0.0288512,0.0954456,-0.995016,0
2692,0,0,0,0,474,95,3261,1051,4312,0.0292293,0.0834804,-0.996081,0
2837,0,0,0,0,350,104,3291,1061,4352,0.0310438,0.00665107,-0.999496,0
2564,0,0,0,0,349,86,2999,961,3960,0.0324546,-0.0702806,-0.996999,0
2819,0,0,0,0,312,86,3217,949,4166,0.0278789,0.01629,-0.999479,0
2453,0,0,0,0,311,75,2839,837,3676,0.028067,0.0674734,-0.997326,0
2461,0,0,0,0,251,66,2778,681,3459,0.018511,-0.0140423,-0.99973,0
2454,0,0,0,0,224,64,2742,648,3390,0.0328766,0.0378812,-0.998741,0
2468,0,0,0,0,221,57,2746,647,3393,0.0295484,-0.0393112,-0.99879,0
2352,0,0,0,0,220,56,2628,680,3308,0.0370793,-0.115931,-0.992565,0
2510,0,0,0,0,220,57,2787,788,3575,0.0418454,-0.188749,-0.981133,0
2453,0,0,0,0,236,72,2761,843,3604,0.0481167,-0.26223,-0.963805,0
2519,0,0,0,0,273,80,2872,947,3819,0.0545673,-0.33524,-0.940551,0
2530,0,0,0,0,304,72,2906,920,3826,0.0563797,-0.399457,-0.915017,0
2543,0,0,0,0,272,74,2889,974,3863,0.055204,-0.465992,-0.883065,0
2579,0,0,0,0,313,93,2985,945,3930,0.0116009,0.0487292,-0.998745,0
2527,0,0,0,0,296,81,2904,820,3724,0.00807153,-0.0243362,-0.999671,0
2586,0,0,0,0,327,87,3000,788,3788,0.000148646,-0.109561,-0.99398,0
2689,0,0,0,0,369,97,3155,835,3990,-0.00991349,-0.189386,-0.981853,0
2717,0,0,0,0,394,92,3203,786,3989,-0.0193013,-0.265493,-0.963919,0
2599,0,0,0,0,375,97,3071,724,3795,-0.0292459,-0.336721,-0.94115,0
2763,0,0,0,0,392,105,3260,694,3954,-0.042495,-0.402638,-0.914372,0
2728,0,0,0,0,372,95,3195,681,3876,0.0200946,-0.0478104,-0.998654,0
2817,0,0,0,0,467,104,3388,679,4067,0.0111429,-0.115169,-0.993283,0
2531,0,0,0,0,432,114,3077,692,3769,0.0172564,-0.12468,-0.992047,0
2480,0,0,0,0,427,114,3021,477,3498,0.101052,-0.219414,-0.970385,0
3056,0,0,0,0,445,115,3616,776,4392,0.0866465,-0.0422137,-0.995344,0
2756,0,0,0,0,501,139,3396,899,4295,0.101186,-0.0279837,-0.994474,0
2653,0,0,0,0,451,117,3221,980,4201,0.101666,-0.0967122,-0.990107,0
2673,0,0,0,0,453,115,3241,1182,4423,0.0839799,-0.161749,-0.983252,0
2847,0,0,0,0,468,113,3428,1625,5053,0.0179248,0.0376711,-0.999129,0
2810,0,0,0,0,445,110,3365,1801,5166,0.00846769,-0.0499808,-0.998714,0
2827,0,0,0,0,444,108,3379,2126,5505,0.0110495,0.0493313,-0.998721,0
2915,0,0,0,0,433,110,3458,2516,5974,0.00565242,-0.0391756,-0.999216,0
3877,0,0,0,0,527,109,4513,2506,7019,0.0195002,0.0724937,-0.997178,0
2851,0,0,0,0,381,93,3325,2591,5916,0.0191087,0.0293753,-0.999386,0
2674,0,0,0,0,360,88,3122,2335,5457,0.0176295,-0.0520567,-0.998489,0
2830,0,0,0,0,352,89,3271,2040,5311,0.0155272,-0.132569,-0.991052,0
2570,0,0,0,0,324,90,2984,1803,4787,0.0138217,-0.210586,-0.977478,0
2610,0,0,0,0,357,92,3059,1666,4725,0.0109949,-0.291817,-0.956411,0
2552,0,0,0,0,374,87,3013,1554,4567,-0.0165053,-0.00707377,-0.999839,0
2657,0,0,0,0,323,80,3060,1433,4493,-0.0228678,0.0337129,-0.99917,0
2602,0,0,0,0,330,81,3013,1285,4298,-0.0161678,-0.0696821,-0.997438,0
2602,0,0,0,0,354,86,3042,1216,4258,-0.0156238,-0.160763,-0.986869,0
2745,0,0,0,0,367,95,3207,1187,4394,-0.0176936,-0.267079,-0.963512,0
2668,0,0,0,0,395,110,3173,1125,4298,-0.0210063,-0.357319,-0.933747,0
2898,0,0,0,0,464,104,3466,1087,4553,-0.0267861,-0.445012,-0.895124,0
2707,0,0,0,0,446,113,3266,1035,4301,-0.0333224,-0.530596,-0.84697,0
2813,0,0,0,0,432,109,3354,943,4297,-0.0388176,-0.612711,-0.789353,0
2809,0,0,0,0,472,116,3397,1024,4421,-0.0450604,-0.682895,-0.729125,0
3954,0,0,0,0,730,169,4853,1257,6110,-0.0429712,-0.220539,-0.974431,0
2884,0,0,0,0,455,120,3459,950,4409,-0.00178094,0.0558657,-0.998437,0
2856,0,0,0,0,496,112,3464,963,4427,-0.00722796,-0.0486757,-0.998789,0
2822,0,0,0,0,564,120,3506,814,4320,-0.00896018,-0.164917,-0.986267,0
2723,0,0,0,0,443,109,3275,855,4130,-0.00250607,0.0813614,-0.996682,0
2643,0,0,0,0,420,105,3168,870,4038,-0.0138278,-0.040186,-0.999097,0
2607,0,0,0,0,416,103,3126,899,4025,0.0066862,0.13796,-0.990415,0
2724,0,0,0,0,473,108,3305,956,4261,-0.00996518,0.0259047,-0.999615,0
2731,0,0,0,0,447,102,3280,1069,4349,0.0211458,0.15303,-0.987995,0
2764,0,0,0,0,579,116,3459,1404,4863,0.0164385,0.0573496,-0.998219,0
2610,0,0,0,0,405,115,3130,1303,4433,0.0237504,0.101315,-0.994571,0
2672,0,0,0,0,404,96,3172,915,4087,0.0181181,0.0832715,-0.996362,0
2798,0,0,0,0,384,102,3284,852,4136,0.0100479,0.164101,-0.986392,0
2570,0,0,0,0,391,99,3060,912,3972,0.0160636,0.100241,-0.994834,0
2634,0,0,0,0,375,120,3129,951,4080,0.0300793,0.000159983,-0.999548,0
2596,0,0,0,0,376,95,3067,963,4030,0.0432226,-0.101854,-0.99386,0
3789,0,0,0,0,601,163,4553,1059,5612,0.0210805,-0.0752835,-0.996939,0
3712,0,0,0,0,555,117,4384,975,5359,0.0130308,0.0388831,-0.999159,0
3385,0,0,0,0,584,132,4101,928,5029,0.0254867,-0.0342206,-0.999089,0
2464,0,0,0,0,354,92,2910,746,3656,0.00893821,0.0476859,-0.998822,0
2688,0,0,0,0,377,98,3163,887,4050,-0.00100941,0.117141,-0.993115,0
2655,0,0,0,0,404,90,3149,906,4055,0.0188391,0.0183345,-0.999654,0
2540,0,0,0,0,303,76,2919,872,3791,0.0055639,0.0640698,-0.99793,0
2422,0,0,0,0,249,66,2737,782,3519,0.0247828,-0.0392982,-0.99892,0
2508,0,0,0,0,239,64,2811,838,3649,0.0131444,0.051001,-0.998612,0
2501,0,0,0,0,250,65,2816,919,3735,0.0275643,-0.0371722,-0.998929,0
2455,0,0,0,0,263,64,2782,854,3636,0.00718781,0.102387,-0.994719,0
2380,0,0,0,0,223,80,2683,877,3560,0.0212757,0.0253517,-0.999452,0
2393,0,0,0,0,252,61,2706,828,3534,0.0162067,0.0766205,-0.996929,0
2536,0,0,0,0,233,72,2841,787,3628,0.0120291,0.0822236,-0.996541,0
2524,0,0,0,0,299,66,2889,753,3642,0.00962806,0.0508733,-0.998659,0
2683,0,0,0,0,254,68,3005,848,3853,0.0116556,-0.0010551,-0.999931,0
2579,0,0,0,0,272,72,2923,734,3657,0.00665043,0.043746,-0.999021,0
2614,0,0,0,0,287,86,2987,795,3782,0.00741073,-0.00236437,-0.99997,0
2424,0,0,0,0,279,72,2775,847,3622,0.0081082,-0.0489666,-0.998768,0
2434,0,0,0,0,280,93,2807,858,3665,0.012975,-0.101921,-0.994708,0
2634,0,0,0,0,327,79,3040,860,3900,0.000379502,0.0391027,-0.999235,0
2635,0,0,0,0,355,84,3074,782,3856,-0.00925218,0.0715067,-0.997397,0
2565,0,0,0,0,322,82,2969,782,3751,0.00046928,0.00750763,-0.999972,0
2545,0,0,0,0,338,88,2971,974,3945,0.0119492,-0.0647138,-0.997832,0
2895,0,0,0,0,406,99,3400,893,4293,-0.0255462,0.0783471,-0.996599,0
2531,0,0,0,0,398,94,3023,872,3895,-0.0113786,0.0068773,-0.999912,0
2686,0,0,0,0,426,99,3211,780,3991,-0.00929177,-0.0654763,-0.997811,0
2563,0,0,0,0,405,102,3070,799,3869,-0.00222752,-0.131522,-0.991311,0
2688,0,0,0,0,422,115,3225,534,3759,-0.00660675,-0.156461,-0.987662,0
2667,0,0,0,0,491,109,3267,340,3607,-0.0192874,-0.199473,-0.979714,0
2731,0,0,0,0,456,112,3299,362,3661,0.0791415,-0.336373,-0.938398,0
2746,0,0,0,0,469,116,3331,550,3881,0.105063,-0.442562,-0.890562,0
2738,0,0,0,0,494,120,3352,857,4209,0.0926855,0.0347808,-0.995088,0
2805,0,0,0,0,550,173,3528,1286,4814,0.0989397,-0.0022004,-0.995091,0
2934,0,0,0,0,540,137,3611,1167,4778,0.090375,0.0229868,-0.995643,0
2620,0,0,0,0,531,122,3273,1329,4602,0.0756915,-0.0342999,-0.996541,0
2640,0,0,0,0,536,150,3326,1532,4858,0.0522098,0.0584671,-0.996923,0
2638,0,0,0,0,468,113,3219,1553,4772,0.0540486,-0.0288216,-0.998122,0
2627,0,0,0,0,441,104,3172,1889,5061,0.0150768,0.0581404,-0.998195,0
2612,0,0,0,0,421,101,3134,2246,5380,0.0252798,-0.0523005,-0.998312,0
3211,0,0,0,0,458,98,3767,2515,6282,-0.0196662,0.0620505,-0.997879,0
2680,0,0,0,0,365,88,3133,2317,5450,-0.00783259,-0.0298907,-0.999523,0
2561,0,0,0,0,390,82,3033,2135,5168,-0.0224136,0.0549121,-0.99824,0
2576,0,0,0,0,324,80,2980,1759,4739,-0.0152424,-0.0421752,-0.998994,0
3693,0,0,0,0,495,114,4302,1640,5942,0.00602769,0.0580074,-0.998298,0
2638,0,0,0,0,316,79,3033,1376,4409,0.00438717,-0.00961003,-0.999944,0
2599,0,0,0,0,332,86,3017,1314,4331,0.00636157,-0.108562,-0.994069,0
2627,0,0,0,0,413,94,3134,1225,4359,0.000733348,-0.231465,-0.972843,0
2572,0,0,0,0,431,97,3100,1191,4291,-0.00221844,-0.345972,-0.938242,0
2967,0,0,0,0,380,99,3446,1035,4481,-0.0097238,-0.475271,-0.879786,0
2743,0,0,0,0,451,110,3304,1004,4308,-0.0148206,-0.590788,-0.806691,0
2599,0,0,0,0,470,123,3192,973,4165,-0.0150119,-0.68797,-0.725584,0
2853,0,0,0,0,441,111,3405,-1000,-1000,-1,-1,-1,0
2742,0,0,0,0,412,116,3270,401,3671,-0.0339813,0.0735203,-0.996715,0
2629,0,0,0,0,384,97,3110,730,3840,-0.0304377,0.0538762,-0.998084,0
2681,0,0,0,0,410,123,3214,643,3857,-0.0225361,-0.061721,-0.997839,0
2826,0,0,0,0,390,97,3313,693,4006,-0.0168008,-0.217202,-0.975982,0
2635,0,0,0,0,493,101,3229,678,3907,-0.00767724,0.13759,-0.990459,0
2690,0,0,0,0,368,117,3175,715,3890,0.00243414,0.123809,-0.992303,0
2674,0,0,0,0,359,95,3128,689,3817,-0.0169724,-0.0035182,-0.99985,0
2710,0,0,0,0,314,203,3227,933,4160,-0.00111387,0.00519212,-0.999986,0
2526,0,0,0,0,331,77,2934,888,3822,0.0427782,0.0996465,-0.994103,0
2384,0,0,0,0,334,74,2792,841,3633,0.0285975,0.129791,-0.991129,0
2428,0,0,0,0,295,72,2795,1019,3814,0.0316662,0.176985,-0.983704,0
2379,0,0,0,0,327,73,2779,940,3719,0.0243181,0.193769,-0.980746,0
2520,0,0,0,0,299,73,2892,898,3790,0.0379968,0.067966,-0.996964,0
2480,0,0,0,0,380,87,2947,927,3874,0.0499593,-0.0439475,-0.997784,0
2477,0,0,0,0,325,78,2880,1065,3945,0.0521694,-0.151435,-0.98709,0
2584,0,0,0,0,421,96,3101,1011,4112,0.0632782,-0.246305,-0.967125,0
2621,0,0,0,0,337,81,3039,888,3927,0.0655037,-0.338217,-0.938786,0
2540,0,0,0,0,324,82,2946,835,3781,0.0677503,-0.424005,-0.903122,0
2687,0,0,0,0,351,81,3119,822,3941,0.0654402,-0.503959,-0.861245,0
3060,0,0,0,0,430,149,3639,961,4600,0.0541577,-0.109772,-0.99248,0
2639,0,0,0,0,317,80,3036,949,3985,0.0544948,-0.01798,-0.998352,0
2413,0,0,0,0,286,82,2781,1028,3809,0.0660975,-0.107143,-0.992044,0
2550,0,0,0,0,266,66,2882,1047,3929,0.0783842,-0.196852,-0.977295,0
2443,0,0,0,0,261,65,2769,972,3741,0.0451059,0.0563859,-0.99739,0
2509,0,0,0,0,242,65,2816,1044,3860,0.0552872,-0.0270153,-0.998105,0
2489,0,0,0,0,232,59,2780,871,3651,0.0718186,-0.117338,-0.990492,0
2305,0,0,0,0,187,50,2542,677,3219,0.0787619,-0.179725,-0.980559,0
2491,0,0,0,0,203,54,2748,722,3470,0.037564,0.0535878,-0.997856,0
2447,0,0,0,0,235,64,2746,722,3468,0.028918,0.0632582,-0.997578,0
2501,0,0,0,0,296,85,2882,828,3710,0.0237755,0.0846741,-0.996125,0
2433,0,0,0,0,323,80,2836,800,3636,0.0370204,0.0318468,-0.998807,0
2605,0,0,0,0,337,76,3018,840,3858,0.0569965,-0.0339845,-0.997796,0
2613,0,0,0,0,369,85,3067,918,3985,0.0755047,-0.0879306,-0.993261,0
2578,0,0,0,0,313,80,2971,845,3816,0.0932395,-0.13504,-0.986443,0
2633,0,0,0,0,315,99,3047,800,3847,0.108393,-0.183886,-0.976953,0
2928,0,0,0,0,356,87,3371,814,4185,0.0618107,-0.116957,-0.991212,0
2592,0,0,0,0,327,83,3002,742,3744,-0.0216668,0.087951,-0.995889,0
2535,0,0,0,0,339,84,2958,659,3617,-0.0195149,0.0710085,-0.997285,0
2731,0,0,0,0,395,91,3217,733,3950,-0.0250736,0.11248,-0.993337,0
2652,0,0,0,0,338,94,3084,719,3803,-0.0195894,0.110378,-0.993697,0
2563,0,0,0,0,398,88,3049,778,3827,-0.0157322,0.0838347,-0.996355,0
2670,0,0,0,0,353,129,3152,829,3981,-0.00928759,0.0596601,-0.998176,0
2551,0,0,0,0,368,93,3012,909,3921,-0.00393645,0.04377,-0.999034,0
2623,0,0,0,0,346,98,3067,759,3826,-0.00778987,0.0493658,-0.99875,0
2513,0,0,0,0,358,78,2949,599,3548,-0.0110493,0.0626797,-0.997972,0
2454,0,0,0,0,284,84,2822,477,3299,0.0492079,-0.192613,-0.98004,0
2628,0,0,0,0,308,80,3016,385,3401,0.00172206,-0.0373842,-0.999299,0
2531,0,0,0,0,244,63,2838,344,3182,0.0133903,-0.0890068,-0.995941,0
2417,0,0,0,0,233,62,2712,317,3029,0.053867,-0.195196,-0.979284,0
2396,0,0,0,0,220,56,2672,275,2947,0.0453015,-0.172495,-0.983968,0
2555,0,0,0,0,223,57,2835,236,3071,0.0407862,-0.231534,-0.971972,0
2538,0,0,0,0,197,53,2788,172,2960,-0.00496805,-0.0961203,-0.995357,0
2419,0,0,0,0,193,59,2671,140,2811,-0.111347,0.165907,-0.979835,0
2436,0,0,0,0,249,49,2734,91,2825,-0.189732,0.194324,-0.962414,0
3448,0,0,0,0,269,62,3779,155,3934,-0.225213,0.339787,-0.913139,0
2455,0,0,0,0,183,47,2685,-1000,-1000,-1,-1,-1,0
2314,0,0,0,0,229,51,2594,191,2785,-0.0223564,0.13788,-0.990196,0
2344,0,0,0,0,186,49,2579,310,2889,-0.00844498,0.0597645,-0.998177,0
2346,0,0,0,0,196,51,2593,421,3014,-0.00419429,0.0711831,-0.997455,0
2400,0,0,0,0,190,57,2647,468,3115,-0.00331585,0.123395,-0.992352,0
2434,0,0,0,0,189,55,2678,464,3142,-0.00708351,0.164675,-0.986323,0
2449,0,0,0,0,212,52,2713,438,3151,-0.0112387,0.214881,-0.976575,0
2352,0,0,0,0,222,51,2625,504,3129,-0.0215814,0.26828,-0.963099,0
2351,0,0,0,0,202,52,2605,551,3156,-0.0284859,0.319217,-0.947253,0
2448,0,0,0,0,192,53,2693,612,3305,0.0162231,-0.0509624,-0.998569,0
2342,0,0,0,0,211,62,2615,668,3283,0.0216754,-0.0360205,-0.999116,0
2403,0,0,0,0,240,58,2701,723,3424,0.029906,-0.0896606,-0.995523,0
2434,0,0,0,0,212,56,2702,841,3543,0.0284137,-0.0618459,-0.997681,0
2441,0,0,0,0,223,62,2726,907,3633,0.0275174,0.00340555,-0.999616,0
2771,0,0,0,0,393,87,3251,1334,4585,0.0266103,0.0808279,-0.996373,0
2478,0,0,0,0,281,68,2827,1083,3910,0.0315206,-0.0304066,-0.99904,0
2609,0,0,0,0,269,66,2944,1264,4208,0.0326908,0.0126066,-0.999386,0
2515,0,0,0,0,278,68,2861,1239,4100,0.0353505,0.0359841,-0.998727,0
2501,0,0,0,0,292,71,2864,1295,4159,0.0407067,-0.0298462,-0.998725,0
2544,0,0,0,0,297,78,2919,1525,4444,0.03346,0.0137949,-0.999345,0
2523,0,0,0,0,294,79,2896,1549,4445,0.0282297,0.064781,-0.9975,0
2558,0,0,0,0,302,74,2934,1679,4613,0.0273299,0.113075,-0.993211,0
2472,0,0,0,0,325,77,2874,1797,4671,0.040155,-0.0912174,-0.995021,0
2448,0,0,0,0,320,79,2847,1921,4768,0.0355848,-0.0222998,-0.999118,0
2716,0,0,0,0,330,82,3128,2207,5335,0.0316411,-0.142843,-0.98924,0
2456,0,0,0,0,352,87,2895,2364,5259,0.0194046,-0.065723,-0.997649,0
2560,0,0,0,0,417,90,3067,2706,5773,0.00787437,0.00698331,-0.999945,0
2695,0,0,0,0,365,91,3151,3009,6160,-0.0026897,0.0761979,-0.997089,0
2737,0,0,0,0,374,93,3204,3327,6531,0.0233314,-0.0583088,-0.998026,0
2640,0,0,0,0,461,93,3194,3551,6745,0.0156298,-0.00118849,-0.999877,0
2763,0,0,0,0,390,95,3248,3607,6855,0.036132,-0.0721294,-0.996741,0
2657,0,0,0,0,432,98,3187,3288,6475,0.0179361,-0.0205274,-0.999628,0
2736,0,0,0,0,419,100,3255,3152,6407,-0.00181043,0.0304433,-0.999535,0
2732,0,0,0,0,410,97,3239,3023,6262,-0.00797179,0.0709715,-0.997446,0
2669,0,0,0,0,467,99,3235,3017,6252,-0.00612579,0.0992191,-0.995047,0
2624,0,0,0,0,393,93,3110,2779,5889,-0.00437387,0.117327,-0.993084,0
2770,0,0,0,0,513,114,3397,2593,5990,-0.00408759,0.0375016,-0.999288,0
2673,0,0,0,0,386,92,3151,2345,5496,0.000920577,0.00886158,-0.99996,0
2663,0,0,0,0,383,91,3137,2301,5438,0.00705106,-0.0039494,-0.999967,0
2746,0,0,0,0,404,98,3248,2232,5480,0.00404347,0.0171528,-0.999845,0
2651,0,0,0,0,405,98,3154,2234,5388,0.00203032,0.0241174,-0.999707,0
2813,0,0,0,0,422,94,3329,2143,5472,0.00237535,0.0172415,-0.999849,0
2617,0,0,0,0,395,89,3101,1934,5035,0.00865803,0.0067484,-0.99994,0
2514,0,0,0,0,395,95,3004,1627,4631,0.0168193,-0.0041309,-0.99985,0
2492,0,0,0,0,353,109,2954,1423,4377,0.0198312,-0.0155803,-0.999682,0
2580,0,0,0,0,354,94,3028,1337,4365,0.0198011,-0.0180408,-0.999641,0
2417,0,0,0,0,384,84,2885,1275,4160,0.012175,-0.00214657,-0.999924,0
2423,0,0,0,0,356,82,2861,1303,4164,0.0155954,0.0134196,-0.999788,0
2455,0,0,0,0,360,86,2901,1272,4173,0.0119051,0.00808766,-0.999896,0
2490,0,0,0,0,330,85,2905,1067,3972,0.0145673,0.0022535,-0.999891,0
2503,0,0,0,0,336,84,2923,1023,3946,0.0159556,-0.00500424,-0.99986,0
2533,0,0,0,0,338,82,2953,1078,4031,0.0134015,0.00130704,-0.999909,0
2569,0,0,0,0,336,82,2987,1030,4017,0.0130185,-0.00222537,-0.999913,0
2503,0,0,0,0,332,89,2924,1062,3986,0.0135926,-0.00247039,-0.999905,0
2561,0,0,0,0,364,84,3009,1123,4132,0.0144527,-0.00273796,-0.999892,0
2647,0,0,0,0,338,93,3078,1072,4150,0.0115075,0.00453645,-0.999923,0
2566,0,0,0,0,323,85,2974,923,3897,0.0122593,0.00593334,-0.999907,0
2634,0,0,0,0,325,81,3040,991,4031,0.0109238,0.0067765,-0.999917,0
2571,0,0,0,0,341,88,3000,1107,4107,0.0123538,0.00627289,-0.999904,0
2529,0,0,0,0,355,87,2971,1065,4036,0.0115085,0.00697913,-0.999909,0
2526,0,0,0,0,360,85,2971,1094,4065,0.0123038,0.00618741,-0.999905,0
2688,0,0,0,0,361,111,3160,1079,4239,0.0127621,0.0062615,-0.999899,0
2498,0,0,0,0,370,85,2953,1030,3983,0.0124801,0.00679513,-0.999899,0
2708,0,0,0,0,363,89,3160,1074,4234,0.0134318,0.0058091,-0.999893,0
2621,0,0,0,0,479,97,3197,1038,4235,0.0107379,0.00719387,-0.999917,0
2886,0,0,0,0,372,97,3355,1130,4485,0.0122915,0.00558986,-0.999909,0
2568,0,0,0,0,347,94,3009,1062,4071,0.0117634,0.00642338,-0.99991,0
