Downsample[ns],BuildFilTree[ns],SearchFil[ns],DeleteFil[ns],BuildTreeSub[ns],SearchSub[ns],DeleteSub[ns],PreProcTotal[ns],Plane[ns],Total[ns],nx,ny,nz,planeCount
6882,0,0,0,0,1084,296,8262,347,8609,-0.00142624,0.0438847,-0.999036,0
6052,0,0,0,0,1121,274,7447,1039,8486,0.00718059,0.0349385,-0.999364,0
6842,0,0,0,0,1105,274,8221,1793,10014,0.00873116,0.0334751,-0.999402,0
6032,0,0,0,0,1206,372,7610,2321,9931,0.00789164,0.0331372,-0.999419,0
5909,0,0,0,0,1221,429,7559,2173,9732,0.0061958,0.0332455,-0.999428,0
6338,0,0,0,0,1080,290,7708,1869,9577,0.00431502,0.0344999,-0.999395,0
6172,0,0,0,0,1088,271,7531,1790,9321,0.00497698,0.0359017,-0.999343,0
6699,0,0,0,0,1076,283,8058,1777,9835,0.00569358,0.0366839,-0.999311,0
6131,0,0,0,0,1115,275,7521,2265,9786,0.0059704,0.0381932,-0.999252,0
5944,0,0,0,0,1075,271,7290,1383,8673,0.00600989,0.040624,-0.999156,0
4162,0,0,0,0,812,240,5214,1052,6266,0.00631818,0.0440473,-0.99901,0
6283,0,0,0,0,1076,273,7632,1337,8969,0.00578675,0.0477439,-0.998843,0
7087,0,0,0,0,1211,376,8674,1500,10174,0.00815626,0.0535197,-0.998534,0
6033,0,0,0,0,1175,285,7493,1398,8891,0.0135149,0.0591643,-0.998156,0
4164,0,0,0,0,776,191,5131,1106,6237,0.0119565,0.0576932,-0.998263,0
6156,0,0,0,0,1079,278,7513,1386,8899,0.0118149,0.0636509,-0.997902,0
6069,0,0,0,0,1099,274,7442,1608,9050,0.00925678,0.0650236,-0.997841,0
6706,0,0,0,0,1187,292,8185,1630,9815,0.0115503,0.0670279,-0.997684,0
6057,0,0,0,0,1155,286,7498,1782,9280,0.0136933,0.0667254,-0.997677,0
6205,0,0,0,0,1197,306,7708,1945,9653,0.0150711,0.0690022,-0.997503,0
3671,0,0,0,0,568,141,4380,1189,5569,0.014739,0.0666237,-0.997669,0
2982,0,0,0,0,532,134,3648,1135,4783,0.0131555,0.0712051,-0.997375,0
6028,0,0,0,0,1073,267,7368,2460,9828,0.0100185,0.0834205,-0.996464,0
6232,0,0,0,0,1081,270,7583,2348,9931,0.0116501,0.0831313,-0.996471,0
6447,0,0,0,0,1175,283,7905,2587,10492,0.0157139,0.0844518,-0.996303,0
6277,0,0,0,0,1144,273,7694,2236,9930,0.0169879,0.0770051,-0.996886,0
4535,0,0,0,0,769,194,5498,1859,7357,0.0164804,0.0778305,-0.99683,0
6366,0,0,0,0,1113,279,7758,2516,10274,0.0132726,0.0859455,-0.996211,0
6167,0,0,0,0,1153,413,7733,1924,9657,0.0124645,0.0930975,-0.995579,0
4088,0,0,0,0,726,179,4993,1329,6322,0.0127561,0.090559,-0.995809,0
5829,0,0,0,0,1018,258,7105,1650,8755,0.0140492,0.0957608,-0.995305,0
5835,0,0,0,0,1013,254,7102,1632,8734,0.0145472,0.102456,-0.994631,0
5770,0,0,0,0,974,239,6983,1550,8533,0.0167062,0.0959006,-0.995251,0
5639,0,0,0,0,917,225,6781,1400,8181,0.0164658,0.0992553,-0.994926,0
5618,0,0,0,0,885,220,6723,1517,8240,0.0106517,0.108862,-0.994,0
5380,0,0,0,0,869,213,6462,1648,8110,0.00889454,0.0965221,-0.995291,0
5819,0,0,0,0,803,206,6828,1888,8716,0.00224295,0.101626,-0.994821,0
5385,0,0,0,0,799,234,6418,2060,8478,-0.000977845,0.095946,-0.995386,0
5384,0,0,0,0,749,192,6325,2235,8560,0.0044353,0.0896548,-0.995963,0
5459,0,0,0,0,729,187,6375,2389,8764,0.0126451,0.0857273,-0.996239,0
5268,0,0,0,0,698,179,6145,2473,8618,0.017422,0.0811194,-0.996552,0
5642,0,0,0,0,697,182,6521,2624,9145,0.0167911,0.0805338,-0.99661,0
5358,0,0,0,0,721,186,6265,2809,9074,0.0149359,0.0808985,-0.99661,0
5520,0,0,0,0,813,192,6525,2752,9277,0.0208896,0.0779297,-0.99674,0
6020,0,0,0,0,791,223,7034,1829,8863,0.0231335,0.0884821,-0.995809,0
3756,0,0,0,0,495,128,4379,1701,6080,0.0238976,0.0743503,-0.996946,0
5264,0,0,0,0,743,184,6191,2471,8662,0.02149,0.0772605,-0.996779,0
5381,0,0,0,0,671,175,6227,2111,8338,0.0210929,0.0755159,-0.996922,0
5402,0,0,0,0,726,176,6304,1983,8287,0.0158767,0.0785783,-0.996781,0
5269,0,0,0,0,831,219,6319,2242,8561,0.0106424,0.0882772,-0.996039,0
5342,0,0,0,0,536,173,6051,1652,7703,0.0105618,0.0925915,-0.995648,0
6063,0,0,0,0,560,137,6760,1638,8398,0.0132682,0.0969525,-0.9952,0
5416,0,0,0,0,521,127,6064,1314,7378,0.0172634,0.0918735,-0.995621,0
5418,0,0,0,0,447,123,5988,1276,7264,0.022612,0.0788989,-0.996626,0
5312,0,0,0,0,607,190,6109,1401,7510,0.0228966,0.0565878,-0.998135,0
5269,0,0,0,0,451,122,5842,1075,6917,0.0263456,0.0698954,-0.997206,0
7154,0,0,0,0,595,149,7898,1216,9114,0.0299843,0.0558283,-0.99799,0
6087,0,0,0,0,662,170,6919,1235,8154,0.0200922,0.0909556,-0.995652,0
5715,0,0,0,0,685,171,6571,678,7249,0.0322669,0.0451158,-0.998461,0
6345,0,0,0,0,1174,324,7843,894,8737,-0.0102278,0.119299,-0.992806,0
2367,0,0,0,0,327,85,2779,217,2996,-0.0139617,0.137131,-0.990455,0
5787,0,0,0,0,818,215,6820,641,7461,0.0449765,-0.0743127,-0.99622,0
5811,0,0,0,0,862,221,6894,1134,8028,0.0404939,-0.0256933,-0.99885,0
5933,0,0,0,0,871,230,7034,1147,8181,0.038793,-0.0196467,-0.999054,0
5998,0,0,0,0,887,232,7117,1239,8356,0.0276327,-0.00106434,-0.999617,0
6258,0,0,0,0,909,238,7405,1356,8761,0.0232038,0.00265012,-0.999727,0
6076,0,0,0,0,911,241,7228,1396,8624,0.0194131,0.0186369,-0.999638,0
6135,0,0,0,0,1015,246,7396,1635,9031,0.0253033,0.0256648,-0.99935,0
5995,0,0,0,0,1095,280,7370,1713,9083,0.0424852,0.037047,-0.99841,0
6891,0,0,0,0,1024,287,8202,1802,10004,0.0540828,0.112517,-0.992177,0
5992,0,0,0,0,998,207,7197,1220,8417,0.0610434,0.115641,-0.991414,0
2944,0,0,0,0,488,125,3557,781,4338,0.0497847,0.113014,-0.992346,0
5924,0,0,0,0,1191,291,7406,1793,9199,0.0617157,0.159811,-0.985216,0
6031,0,0,0,0,1191,297,7519,1934,9453,0.0565676,0.203093,-0.977524,0
6345,0,0,0,0,1357,317,8019,1753,9772,0.0316979,0.300772,-0.953169,0
6045,0,0,0,0,834,210,7089,968,8057,-0.0367462,0.157297,-0.986868,0
3401,0,0,0,0,646,159,4206,1068,5274,-0.0391493,0.104444,-0.99376,0
6522,0,0,0,0,1244,323,8089,2456,10545,-0.0475537,0.10626,-0.993201,0
6364,0,0,0,0,1322,296,7982,2841,10823,-0.0561477,0.112231,-0.992095,0
6293,0,0,0,0,1153,284,7730,3039,10769,-0.048829,0.130606,-0.990231,0
6591,0,0,0,0,1284,308,8183,3493,11676,-0.0469269,0.139097,-0.989166,0
6322,0,0,0,0,1176,282,7780,4133,11913,-0.0227238,0.156888,-0.987355,0
6374,0,0,0,0,1173,322,7869,5085,12954,-0.0130946,0.120415,-0.992637,0
4382,0,0,0,0,815,200,5397,3934,9331,0.00186609,0.100026,-0.994983,0
5630,0,0,0,0,1072,257,6959,5416,12375,0.0110862,0.0935108,-0.995556,0
5878,0,0,0,0,1151,265,7294,5455,12749,0.0179627,0.0818656,-0.996482,0
4328,0,0,0,0,735,184,5247,3870,9117,0.0129071,0.0696841,-0.997486,0
6337,0,0,0,0,1119,292,7748,5592,13340,0.0165253,0.120485,-0.992578,0
6969,0,0,0,0,1183,192,8344,3607,11951,0.00509514,0.113824,-0.993488,0
4068,0,0,0,0,705,176,4949,3097,8046,0.00911316,0.106297,-0.994293,0
6419,0,0,0,0,1207,305,7931,4160,12091,0.0102437,0.11484,-0.993331,0
6274,0,0,0,0,1157,279,7710,3485,11195,-0.00128084,0.120638,-0.992696,0
3435,0,0,0,0,585,144,4164,2078,6242,-0.0120297,0.106779,-0.99421,0
6228,0,0,0,0,1060,266,7554,3590,11144,-0.0114318,0.125307,-0.992052,0
6212,0,0,0,0,1082,292,7586,2938,10524,-0.0137537,0.125987,-0.991936,0
4138,0,0,0,0,743,187,5068,2290,7358,-0.0191611,0.101567,-0.994644,0
4382,0,0,0,0,761,189,5332,2130,7462,-0.0222555,0.129939,-0.991272,0
6265,0,0,0,0,1082,277,7624,2896,10520,-0.017633,0.140141,-0.989975,0
6137,0,0,0,0,1123,284,7544,2939,10483,-0.0141681,0.163738,-0.986403,0
7095,0,0,0,0,1147,294,8536,2793,11329,-0.00220215,0.150647,-0.988585,0
4262,0,0,0,0,863,214,5339,2032,7371,0.00785518,0.148053,-0.988948,0
5496,0,0,0,0,1143,287,6926,2149,9075,0.0151491,0.180401,-0.983476,0
6271,0,0,0,0,1248,313,7832,2084,9916,0.0250266,0.195552,-0.980374,0
5975,0,0,0,0,1279,345,7599,2199,9798,0.0162373,0.196908,-0.980288,0
6426,0,0,0,0,1360,328,8114,2713,10827,0.0138164,0.23251,-0.972496,0
5817,0,0,0,0,1307,334,7458,2324,9782,0.00887338,0.244835,-0.969524,0
6585,0,0,0,0,1514,363,8462,2252,10714,0.000784804,0.25044,-0.968132,0
6629,0,0,0,0,1453,369,8451,2824,11275,-0.0109392,0.271515,-0.962372,0
6437,0,0,0,0,1294,318,8049,2671,10720,-0.0153633,0.239479,-0.97078,0
6896,0,0,0,0,1368,307,8571,3359,11930,-0.019157,0.234694,-0.971881,0
6088,0,0,0,0,1608,316,8012,4283,12295,-0.0187643,0.254852,-0.966798,0
4262,0,0,0,0,807,194,5263,2757,8020,-0.0127481,0.239352,-0.970849,0
7064,0,0,0,0,1177,292,8533,3057,11590,-0.00425958,0.225698,-0.974188,0
6344,0,0,0,0,1219,322,7885,2361,10246,-0.00608764,0.211043,-0.977458,0
6344,0,0,0,0,1295,333,7972,2403,10375,-0.00464712,0.192589,-0.981268,0
6249,0,0,0,0,1347,326,7922,3027,10949,0.00346413,0.172852,-0.984942,0
6626,0,0,0,0,1449,344,8419,3015,11434,0.00285548,0.160173,-0.987085,0
7103,0,0,0,0,1509,353,8965,1994,10959,0.00117842,0.144158,-0.989554,0
4398,0,0,0,0,957,233,5588,1691,7279,0.00190656,0.12639,-0.991979,0
6346,0,0,0,0,1348,334,8028,2185,10213,0.00669175,0.119127,-0.992857,0
6054,0,0,0,0,1315,321,7690,2207,9897,0.0036628,0.109001,-0.994035,0
6305,0,0,0,0,1336,328,7969,2117,10086,0.00497341,0.0967839,-0.995293,0
6394,0,0,0,0,1457,332,8183,2488,10671,0.00544082,0.0758995,-0.997101,0
4214,0,0,0,0,912,227,5353,1905,7258,0.00443114,0.0581779,-0.998296,0
6289,0,0,0,0,1298,324,7911,2345,10256,0.00512532,0.0490437,-0.998784,0
6164,0,0,0,0,1391,352,7907,2894,10801,0.00695245,0.0499413,-0.998728,0
6080,0,0,0,0,1290,321,7691,2683,10374,0.0136261,0.066232,-0.997711,0
6131,0,0,0,0,1267,325,7723,2743,10466,0.014218,0.100907,-0.994794,0
5891,0,0,0,0,1250,335,7476,2337,9813,0.00824126,0.128829,-0.991633,0
6143,0,0,0,0,1296,322,7761,1778,9539,0.00168253,0.153145,-0.988203,0
5980,0,0,0,0,1229,330,7539,1640,9179,0.00804302,0.172075,-0.985051,0
5998,0,0,0,0,1336,317,7651,1916,9567,0.015884,0.186495,-0.982328,0
6020,0,0,0,0,1266,308,7594,1788,9382,0.0109791,0.17632,-0.984272,0
5897,0,0,0,0,1242,304,7443,1735,9178,0.00029,0.168017,-0.985784,0
5849,0,0,0,0,1166,292,7307,1850,9157,-0.0115695,0.151245,-0.988429,0
5668,0,0,0,0,1150,290,7108,1991,9099,-0.00719029,0.134679,-0.990863,0
6613,0,0,0,0,1266,318,8197,2579,10776,0.00156001,0.133284,-0.991077,0
6788,0,0,0,0,1207,311,8306,2624,10930,0.00377794,0.182451,-0.983208,0
4434,0,0,0,0,768,146,5348,1301,6649,0.00640736,0.165388,-0.986208,0
2259,0,0,0,0,347,89,2695,847,3542,0.0108782,0.137028,-0.990508,0
4377,0,0,0,0,615,158,5150,1686,6836,0.0104826,0.138654,-0.990286,0
6160,0,0,0,0,804,190,7154,2296,9450,0.00914667,0.140471,-0.990043,0
5745,0,0,0,0,689,195,6629,2124,8753,0.00411731,0.138117,-0.990407,0
3777,0,0,0,0,409,107,4293,1428,5721,0.0048136,0.126286,-0.991982,0
5611,0,0,0,0,573,146,6330,1983,8313,0.00498113,0.134896,-0.990847,0
5940,0,0,0,0,527,138,6605,2045,8650,0.0097134,0.134104,-0.99092,0
5504,0,0,0,0,575,148,6227,2096,8323,0.00472421,0.144096,-0.989553,0
5534,0,0,0,0,651,164,6349,2209,8558,0.00925053,0.131625,-0.991256,0
5733,0,0,0,0,711,177,6621,1988,8609,0.0177202,0.134056,-0.990815,0
5732,0,0,0,0,917,195,6844,1727,8571,0.0260118,0.0980831,-0.994838,0
5682,0,0,0,0,847,207,6736,1706,8442,0.0367651,0.0631941,-0.997324,0
6014,0,0,0,0,839,217,7070,1845,8915,0.0377668,0.0524235,-0.997911,0
5944,0,0,0,0,848,221,7013,1855,8868,0.0386214,0.0452307,-0.99823,0
6121,0,0,0,0,943,237,7301,1636,8937,0.0297582,0.0616203,-0.997656,0
6189,0,0,0,0,909,236,7334,1409,8743,0.0202984,0.118026,-0.992803,0
5970,0,0,0,0,944,243,7157,694,7851,0.0191539,0.0620643,-0.997889,0
3100,0,0,0,0,505,147,3752,689,4441,0.0402291,0.0348051,-0.998584,0
6313,0,0,0,0,1103,288,7704,1699,9403,0.0421078,0.0833198,-0.995633,0
4391,0,0,0,0,669,143,5203,891,6094,0.0387507,0.0527832,-0.997854,0
3789,0,0,0,0,620,160,4569,1129,5698,0.0421928,0.0444723,-0.998119,0
5969,0,0,0,0,980,263,7212,1737,8949,0.041112,0.0528417,-0.997756,0
6064,0,0,0,0,1023,243,7330,1707,9037,0.053628,0.0406831,-0.997732,0
5931,0,0,0,0,924,249,7104,1987,9091,0.0496727,0.0643434,-0.996691,0
6816,0,0,0,0,927,256,7999,2050,10049,0.0576526,0.0726036,-0.995693,0
6076,0,0,0,0,956,230,7262,2163,9425,0.0547494,0.0807437,-0.99523,0
6843,0,0,0,0,1017,236,8096,2222,10318,0.0466702,0.0854654,-0.995248,0
6052,0,0,0,0,974,236,7262,2298,9560,0.047785,0.0815944,-0.995519,0
6314,0,0,0,0,1002,246,7562,2621,10183,0.0453239,0.0871886,-0.99516,0
7190,0,0,0,0,1186,313,8689,3600,12289,0.0202344,0.0938366,-0.995382,0
4323,0,0,0,0,783,188,5294,2552,7846,0.00571922,0.0684332,-0.997639,0
6346,0,0,0,0,1227,283,7856,4107,11963,0.010318,0.177335,-0.984096,0
5869,0,0,0,0,818,215,6902,3048,9950,0.00982881,0.12592,-0.991992,0
3175,0,0,0,0,512,124,3811,2218,6029,0.0130372,0.0708888,-0.997399,0
2576,0,0,0,0,468,117,3161,2231,5392,0.0133848,0.0550715,-0.998393,0
6363,0,0,0,0,1093,268,7724,5302,13026,-0.00498775,0.107288,-0.994215,0
6157,0,0,0,0,1023,262,7442,4388,11830,-0.0125838,0.143466,-0.989575,0
6292,0,0,0,0,1039,255,7586,4525,12111,-0.0231752,0.157532,-0.987242,0
4308,0,0,0,0,660,172,5140,2551,7691,-0.0327967,0.159487,-0.986655,0
6247,0,0,0,0,983,243,7473,3427,10900,-0.0367534,0.149736,-0.988043,0
6090,0,0,0,0,1000,243,7333,3175,10508,-0.0317218,0.177539,-0.983602,0
7255,0,0,0,0,1046,252,8553,3030,11583,-0.0422186,0.171687,-0.984247,0
4189,0,0,0,0,648,162,4999,1975,6974,-0.0257,0.1453,-0.989054,0
6931,0,0,0,0,1049,260,8240,2986,11226,-0.0204931,0.145885,-0.989089,0
5800,0,0,0,0,994,259,7053,2802,9855,-0.0190744,0.182514,-0.983018,0
6124,0,0,0,0,958,229,7311,2591,9902,-0.00645592,0.190659,-0.981635,0
6870,0,0,0,0,983,255,8108,2363,10471,-0.00545277,0.191408,-0.981496,0
4122,0,0,0,0,693,171,4986,1609,6595,0.000642396,0.188142,-0.982142,0
5995,0,0,0,0,1113,271,7379,2419,9798,0.011118,0.223297,-0.974687,0
5982,0,0,0,0,1137,285,7404,2443,9847,0.0050105,0.215865,-0.97641,0
6121,0,0,0,0,1234,344,7699,2281,9980,0.00051032,0.244327,-0.969693,0
6183,0,0,0,0,1285,349,7817,2398,10215,-0.00577942,0.233835,-0.972259,0
5955,0,0,0,0,1212,310,7477,2566,10043,-0.00564968,0.207456,-0.978228,0
5962,0,0,0,0,1219,307,7488,2543,10031,-0.00675901,0.188755,-0.982001,0
5706,0,0,0,0,1220,297,7223,2474,9697,-0.0037346,0.168834,-0.985638,0
5758,0,0,0,0,1211,290,7259,2551,9810,-0.00430682,0.155746,-0.987788,0
5788,0,0,0,0,1154,307,7249,2424,9673,-0.0053513,0.150362,-0.988617,0
6386,0,0,0,0,1173,288,7847,2506,10353,-0.00670432,0.145552,-0.989328,0
6533,0,0,0,0,1241,287,8061,2596,10657,-0.00966643,0.141491,-0.989893,0
5645,0,0,0,0,1125,274,7044,2619,9663,-0.00824226,0.134108,-0.990933,0
6928,0,0,0,0,1185,274,8387,2712,11099,-0.00397458,0.134797,-0.990865,0
5612,0,0,0,0,1117,272,7001,2602,9603,0.000147051,0.133125,-0.991099,0
5710,0,0,0,0,1084,266,7060,2465,9525,-0.000163397,0.133348,-0.991069,0
5590,0,0,0,0,1175,264,7029,2483,9512,-0.00146639,0.128225,-0.991744,0
5911,0,0,0,0,1039,259,7209,2720,9929,-0.00483645,0.120913,-0.992651,0
5831,0,0,0,0,1072,287,7190,2610,9800,-0.0110383,0.109873,-0.993885,0
5887,0,0,0,0,1061,254,7202,2417,9619,-0.0114942,0.101677,-0.994751,0
5718,0,0,0,0,1058,301,7077,2442,9519,-0.0083815,0.0965895,-0.995289,0
5610,0,0,0,0,1034,256,6900,2641,9541,-0.00659109,0.0952139,-0.995435,0
5813,0,0,0,0,1078,258,7149,2582,9731,-0.0053543,0.0998712,-0.994986,0
5690,0,0,0,0,1071,259,7020,2655,9675,-0.00719132,0.106013,-0.994339,0
6005,0,0,0,0,1128,263,7396,2623,10019,-0.00675393,0.110104,-0.993897,0
6465,0,0,0,0,1172,288,7925,2944,10869,-0.00454791,0.108251,-0.994113,0
5718,0,0,0,0,1043,257,7018,2733,9751,-0.00353206,0.105859,-0.994375,0
6212,0,0,0,0,1073,284,7569,2628,10197,-0.0042963,0.103618,-0.994608,0
6461,0,0,0,0,1176,316,7953,3056,11009,-0.00680174,0.100032,-0.994961,0
4552,0,0,0,0,787,207,5546,1533,7079,-0.00763091,0.101398,-0.994817,0
2555,0,0,0,0,486,115,3156,1267,4423,-0.0072374,0.103791,-0.994573,0
5738,0,0,0,0,1032,258,7028,2680,9708,-0.00675763,0.10769,-0.994162,0
6138,0,0,0,0,1032,274,7444,2854,10298,-0.00598861,0.10737,-0.994201,0
6619,0,0,0,0,1063,288,7970,2812,10782,-0.00739131,0.106173,-0.99432,0
4159,0,0,0,0,746,195,5100,1867,6967,-0.00829868,0.105491,-0.994386,0
4468,0,0,0,0,865,180,5513,1893,7406,-0.00771664,0.105527,-0.994386,0
5975,0,0,0,0,1117,258,7350,2673,10023,-0.00872279,0.105487,-0.994382,0
5970,0,0,0,0,1073,260,7303,2720,10023,-0.00950998,0.106888,-0.994226,0
5660,0,0,0,0,1018,252,6930,2682,9612,-0.00910524,0.10723,-0.994193,0
5734,0,0,0,0,1018,255,7007,2676,9683,-0.0094767,0.109791,-0.99391,0
5675,0,0,0,0,1071,256,7002,2732,9734,-0.0100444,0.112833,-0.993563,0
5772,0,0,0,0,1012,250,7034,2656,9690,-0.0118831,0.114591,-0.993342,0
5782,0,0,0,0,1024,251,7057,2520,9577,-0.0129501,0.115051,-0.993275,0
5837,0,0,0,0,1006,247,7090,2672,9762,-0.0113991,0.113994,-0.993416,0
5803,0,0,0,0,1004,248,7055,2659,9714,-0.00898373,0.116482,-0.993152,0
6109,0,0,0,0,991,244,7344,2652,9996,-0.00754119,0.119715,-0.99278,0
5647,0,0,0,0,1008,241,6896,2596,9492,-0.00682323,0.120679,-0.992668,0
6581,0,0,0,0,1138,243,7962,2586,10548,-0.00747136,0.121847,-0.992521,0
6269,0,0,0,0,1066,304,7639,2764,10403,-0.010165,0.11917,-0.992822,0
5928,0,0,0,0,1004,237,7169,2656,9825,-0.00900539,0.114917,-0.993334,0
5936,0,0,0,0,999,240,7175,2798,9973,-0.00562048,0.110065,-0.993909,0
5894,0,0,0,0,1036,258,7188,2171,9359,-0.00550329,0.108123,-0.994122,0
4534,0,0,0,0,708,167,5409,1880,7289,-0.00679777,0.105775,-0.994367,0
5915,0,0,0,0,1004,242,7161,2757,9918,-0.00956798,0.104122,-0.994519,0
6370,0,0,0,0,1026,285,7681,2675,10356,-0.0114144,0.10277,-0.99464,0
5914,0,0,0,0,1296,363,7573,2488,10061,-0.0110086,0.101158,-0.99481,0
5219,0,0,0,0,909,242,6370,2271,8641,-0.0109236,0.101257,-0.9948,0
5688,0,0,0,0,906,250,6844,2307,9151,-0.0107798,0.100224,-0.994907,0
7305,0,0,0,0,1206,275,8786,2806,11592,-0.0100104,0.0997385,-0.994963,0
5466,0,0,0,0,702,168,6336,1777,8113,-0.00869764,0.102159,-0.99473,0
3048,0,0,0,0,524,129,3701,1413,5114,-0.00910905,0.103519,-0.994586,0
5730,0,0,0,0,1052,247,7029,2694,9723,-0.0104285,0.104673,-0.994452,0
5771,0,0,0,0,1044,333,7148,3306,10454,-0.00988289,0.105198,-0.994402,0
6019,0,0,0,0,1028,249,7296,2649,9945,-0.00974789,0.105461,-0.994376,0
4171,0,0,0,0,689,194,5054,1836,6890,-0.00923632,0.107711,-0.994139,0
5796,0,0,0,0,1071,249,7116,2778,9894,-0.00844151,0.108252,-0.994088,0
5880,0,0,0,0,997,248,7125,2708,9833,-0.00810973,0.110189,-0.993877,0
5906,0,0,0,0,1036,249,7191,2673,9864,-0.00877465,0.110252,-0.993865,0
4048,0,0,0,0,729,172,4949,1871,6820,-0.00874148,0.110897,-0.993794,0
5815,0,0,0,0,1001,306,7122,2779,9901,-0.00824915,0.109571,-0.993945,0
6131,0,0,0,0,1023,251,7405,2611,10016,-0.00694595,0.111625,-0.993726,0
3989,0,0,0,0,698,190,4877,1913,6790,-0.00811551,0.111521,-0.993729,0
5790,0,0,0,0,1044,250,7084,2695,9779,-0.0113369,0.111921,-0.993653,0
8726,0,0,0,0,1519,360,10605,2394,12999,-0.0119175,0.111198,-0.993727,0
2944,0,0,0,0,528,139,3611,1398,5009,-0.0107556,0.112165,-0.993631,0
5781,0,0,0,0,996,245,7022,2551,9573,-0.0106006,0.112469,-0.993599,0
5739,0,0,0,0,1065,245,7049,2577,9626,-0.0106536,0.113116,-0.993525,0
5792,0,0,0,0,989,248,7029,2620,9649,-0.00996514,0.114296,-0.993397,0
6014,0,0,0,0,1053,250,7317,2651,9968,-0.0104017,0.115292,-0.993277,0
5646,0,0,0,0,988,243,6877,2687,9564,-0.0108881,0.115721,-0.993222,0
5759,0,0,0,0,1028,253,7040,2517,9557,-0.0106028,0.115917,-0.993202,0
5791,0,0,0,0,989,263,7043,2660,9703,-0.00968778,0.114674,-0.993356,0
6019,0,0,0,0,984,242,7245,2532,9777,-0.0099969,0.114535,-0.993369,0
5761,0,0,0,0,1011,243,7015,2611,9626,-0.00792671,0.11179,-0.9937,0
5701,0,0,0,0,1016,245,6962,2152,9114,-0.00890901,0.114343,-0.993402,0
3987,0,0,0,0,696,185,4868,1890,6758,-0.00973143,0.117668,-0.993006,1
5999,0,0,0,0,1078,246,7323,2611,9934,-0.00653099,0.117847,-0.99301,1
5870,0,0,0,0,1055,261,7186,2330,9516,-0.0086188,0.115748,-0.993241,1
5928,0,0,0,0,1023,238,7189,1586,8775,-0.0148555,0.112594,-0.99353,1
5731,0,0,0,0,950,235,6916,1701,8617,-0.0176955,0.110169,-0.993755,1
6574,0,0,0,0,1149,270,7993,2015,10008,-0.0160846,0.110988,-0.993692,1
3900,0,0,0,0,550,134,4584,1043,5627,-0.010757,0.110841,-0.99378,1
2122,0,0,0,0,353,87,2562,808,3370,-0.00846554,0.112448,-0.993622,1
6349,0,0,0,0,937,231,7517,2178,9695,-0.00754327,0.116143,-0.993204,1
5654,0,0,0,0,965,229,6848,2183,9031,-0.00813754,0.117521,-0.993037,1
6570,0,0,0,0,998,289,7857,2502,10359,-0.0102399,0.117998,-0.992961,1
5793,0,0,0,0,926,228,6947,2232,9179,-0.012094,0.117204,-0.993034,1
6550,0,0,0,0,1131,263,7944,2176,10120,-0.0126348,0.117918,-0.992943,1
5973,0,0,0,0,1034,232,7239,1995,9234,-0.00912068,0.115138,-0.993308,1
6453,0,0,0,0,923,226,7602,2332,9934,-0.00570358,0.113329,-0.993541,1
6695,0,0,0,0,937,230,7862,2033,9895,-0.00468238,0.114811,-0.993376,1
5690,0,0,0,0,943,237,6870,2008,8878,-0.00463268,0.116437,-0.993187,1
6432,0,0,0,0,1037,274,7743,2244,9987,-0.00455218,0.118423,-0.992953,1
5820,0,0,0,0,969,229,7018,1962,8980,-0.00438705,0.120788,-0.992669,1
6491,0,0,0,0,1077,254,7822,2227,10049,-0.00493857,0.12108,-0.992631,1
6671,0,0,0,0,1066,259,7996,2350,10346,-0.00715337,0.122075,-0.992495,1
6337,0,0,0,0,1054,223,7614,2088,9702,-0.00680344,0.122437,-0.992453,1
5873,0,0,0,0,905,230,7008,2174,9182,-0.00677704,0.127407,-0.991827,1
6475,0,0,0,0,1006,252,7733,2244,9977,-0.00464388,0.131901,-0.991252,1
6682,0,0,0,0,1003,305,7990,2203,10193,-0.000878017,0.130227,-0.991484,1
7328,0,0,0,0,1113,274,8715,2260,10975,0.00180126,0.12663,-0.991948,1
4451,0,0,0,0,694,198,5343,1480,6823,0.00211066,0.123185,-0.992381,1
6638,0,0,0,0,1027,246,7911,2280,10191,0.00139821,0.127123,-0.991886,1
6430,0,0,0,0,993,240,7663,2341,10004,0.000705746,0.127336,-0.991859,1
4435,0,0,0,0,662,161,5258,1618,6876,0.00120021,0.128409,-0.991721,1
6670,0,0,0,0,1031,264,7965,2580,10545,0.00336047,0.132994,-0.991111,1
6562,0,0,0,0,971,246,7779,2536,10315,0.00712742,0.14181,-0.989868,1
6627,0,0,0,0,1006,255,7888,2711,10599,0.00646591,0.144211,-0.989526,1
4345,0,0,0,0,627,154,5126,1884,7010,0.00219999,0.134393,-0.990926,1
6810,0,0,0,0,1035,233,8078,2954,11032,0.00291255,0.106169,-0.994344,1
6012,0,0,0,0,840,201,7053,2627,9680,0.00407386,0.0991162,-0.995068,1
5955,0,0,0,0,846,204,7005,1348,8353,0.00289858,0.115119,-0.993347,1
5808,0,0,0,0,836,201,6845,2537,9382,0.00728188,0.128067,-0.991739,1
6495,0,0,0,0,957,226,7678,2944,10622,0.0089978,0.132147,-0.991189,1
6316,0,0,0,0,849,201,7366,3092,10458,0.00439974,0.148709,-0.988871,1
5743,0,0,0,0,853,204,6800,3322,10122,0.00528789,0.156598,-0.987648,1
5693,0,0,0,0,795,187,6675,3674,10349,0.00750358,0.170608,-0.98531,1
5728,0,0,0,0,794,186,6708,3760,10468,0.0110397,0.173827,-0.984714,1
6689,0,0,0,0,919,215,7823,3424,11247,0.0242907,0.216515,-0.975977,1
3258,0,0,0,0,464,110,3832,1516,5348,0.0188089,0.178851,-0.983696,1
2155,0,0,0,0,332,79,2566,1026,3592,0.0118818,0.14658,-0.989127,1
6995,0,0,0,0,1147,230,8372,2898,11270,-0.00361955,0.157091,-0.987578,1
5892,0,0,0,0,939,225,7056,2837,9893,0.000241638,0.141629,-0.98992,1
6531,0,0,0,0,964,240,7735,2949,10684,0.00495766,0.133298,-0.991064,1
5985,0,0,0,0,1009,242,7236,2854,10090,0.0112366,0.131484,-0.991255,1
5913,0,0,0,0,1054,275,7242,2991,10233,0.0195735,0.13755,-0.990301,1
6865,0,0,0,0,1103,266,8234,2848,11082,0.0254975,0.135531,-0.990445,1
6005,0,0,0,0,1126,278,7409,2525,9934,0.0241591,0.135796,-0.990442,1
5971,0,0,0,0,1116,276,7363,2263,9626,0.0238295,0.141451,-0.989658,1
5987,0,0,0,0,1116,308,7411,2069,9480,0.0176452,0.130508,-0.99129,1
6667,0,0,0,0,1271,301,8239,2380,10619,0.0146456,0.135008,-0.990736,1
5786,0,0,0,0,1141,264,7191,2007,9198,0.00429445,0.125274,-0.992113,1
5782,0,0,0,0,1045,257,7084,1952,9036,0.00454917,0.119951,-0.992769,1
6399,0,0,0,0,1005,268,7672,1716,9388,-0.0013721,0.119892,-0.992786,1
5712,0,0,0,0,1019,251,6982,1731,8713,-0.00531226,0.114198,-0.993444,1
6639,0,0,0,0,1122,283,8044,1913,9957,-0.000176658,0.120476,-0.992716,1
5840,0,0,0,0,1100,255,7195,1844,9039,0.0119393,0.120384,-0.992656,1
5766,0,0,0,0,1025,278,7069,2047,9116,0.0258914,0.11888,-0.992571,1
6687,0,0,0,0,1097,274,8058,2171,10229,0.0205613,0.111292,-0.993575,1
6343,0,0,0,0,907,230,7480,1786,9266,0.00940348,0.122883,-0.992377,1
5833,0,0,0,0,839,241,6913,1827,8740,0.00707608,0.113544,-0.993508,1
5964,0,0,0,0,736,208,6908,1777,8685,0.0155044,0.143746,-0.989493,1
5826,0,0,0,0,579,173,6578,1825,8403,0.0307778,0.153311,-0.987699,1
5740,0,0,0,0,514,125,6379,1932,8311,0.0354711,0.183253,-0.982426,1
5816,0,0,0,0,517,119,6452,1968,8420,0.0322476,0.154563,-0.987457,1
5587,0,0,0,0,513,124,6224,1697,7921,0.0254849,0.173428,-0.984517,1
5573,0,0,0,0,617,153,6343,1647,7990,0.0297225,0.155768,-0.987346,1
5882,0,0,0,0,758,180,6820,1830,8650,0.0294099,0.173843,-0.984334,1
6596,0,0,0,0,913,200,7709,1701,9410,0.0173369,0.242302,-0.970046,1
6769,0,0,0,0,1006,234,8009,1761,9770,0.0140891,0.367664,-0.929852,1
6056,0,0,0,0,931,220,7207,1345,8552,0.00311428,0.500758,-0.865582,1
5770,0,0,0,0,912,219,6901,1084,7985,-0.00521589,0.583249,-0.812277,1
6519,0,0,0,0,997,267,7783,1133,8916,-0.0140636,0.654856,-0.755623,1
6520,0,0,0,0,906,219,7645,-1000,-1000,-1,-1,-1,1
6090,0,0,0,0,837,211,7138,2038,9176,0.00878917,0.0204218,-0.999753,1
5790,0,0,0,0,808,206,6804,1860,8664,0.0137598,-0.00534046,-0.999891,1
6009,0,0,0,0,818,200,7027,2291,9318,0.00186483,0.0107484,-0.999941,1
6316,0,0,0,0,747,181,7244,1924,9168,-0.00640425,0.0299035,-0.999532,1
5689,0,0,0,0,724,190,6603,1345,7948,0.0204768,0.0471407,-0.998678,1
6639,0,0,0,0,814,211,7664,1544,9208,0.0586144,0.0744588,-0.9955,1
6675,0,0,0,0,884,189,7748,1887,9635,0.0828916,0.0972086,-0.991806,1
6814,0,0,0,0,872,194,7880,2274,10154,0.0738224,0.111765,-0.990989,1
7276,0,0,0,0,867,203,8346,1720,10066,0.0798936,0.122339,-0.989267,1
4649,0,0,0,0,612,140,5401,1768,7169,0.0842861,0.144494,-0.985909,1
6922,0,0,0,0,994,245,8161,2432,10593,0.0810985,0.179101,-0.980483,1
6912,0,0,0,0,1016,236,8164,2318,10482,0.0527761,0.228819,-0.972037,1
6702,0,0,0,0,998,258,7958,2109,10067,0.0174885,0.31167,-0.950029,1
7326,0,0,0,0,1001,241,8568,1813,10381,-0.00446668,0.375654,-0.92675,1
4453,0,0,0,0,656,157,5266,1547,6813,0.00377599,0.469406,-0.882975,1
6662,0,0,0,0,851,209,7722,1867,9589,0.017392,0.541831,-0.840308,1
5995,0,0,0,0,841,203,7039,1765,8804,0.0450706,0.6423,-0.765127,1
3958,0,0,0,0,540,130,4628,-1000,-1000,-1,-1,-1,1
5820,0,0,0,0,723,176,6719,1829,8548,-0.0197765,-0.0387095,-0.999055,1
5855,0,0,0,0,722,177,6754,1857,8611,-0.036466,-0.0352539,-0.998713,1
5721,0,0,0,0,714,177,6612,1643,8255,-0.0468024,-0.0561704,-0.997324,1
5572,0,0,0,0,685,170,6427,1840,8267,-0.0635209,-0.0467338,-0.996886,1
5672,0,0,0,0,684,172,6528,1707,8235,-0.0575835,-0.0408416,-0.997505,1
5749,0,0,0,0,704,177,6630,1767,8397,-0.0325515,0.0225923,-0.999215,1
5897,0,0,0,0,736,186,6819,2020,8839,-0.0127586,0.0767052,-0.996972,1
5832,0,0,0,0,1062,214,7108,1820,8928,-0.0109606,0.074336,-0.997173,1
5972,0,0,0,0,874,213,7059,1833,8892,-0.0169319,0.0537122,-0.998413,1
6204,0,0,0,0,979,235,7418,1900,9318,-0.0199867,0.0278771,-0.999411,1
5827,0,0,0,0,919,257,7003,1573,8576,-0.015631,0.00269427,-0.999874,1
5699,0,0,0,0,938,234,6871,1325,8196,-0.0196784,0.0176992,-0.99965,1
5634,0,0,0,0,891,252,6777,1170,7947,-0.018825,0.0270872,-0.999456,1
5206,0,0,0,0,797,228,6231,1370,7601,-0.0177635,0.023021,-0.999577,1
4947,0,0,0,0,813,198,5958,1590,7548,-0.0162728,0.0405721,-0.999044,1
6109,0,0,0,0,997,241,7347,2104,9451,-0.0257843,0.0674787,-0.997388,1
6311,0,0,0,0,1044,227,7582,2271,9853,-0.0415267,0.0781571,-0.996076,1
5639,0,0,0,0,764,218,6621,2683,9304,-0.0392829,0.087464,-0.995393,1
5811,0,0,0,0,774,218,6803,3674,10477,-0.0252978,0.0889242,-0.995717,1
5696,0,0,0,0,765,216,6677,4098,10775,0.00227893,0.140163,-0.990126,1
3987,0,0,0,0,504,117,4608,3123,7731,0.0110589,0.145693,-0.989268,1
6098,0,0,0,0,709,170,6977,3499,10476,0.00309857,0.137303,-0.990524,1
5773,0,0,0,0,761,180,6714,3449,10163,-0.0128579,0.129675,-0.991473,1
5780,0,0,0,0,852,196,6828,3450,10278,-0.0223027,0.131881,-0.991015,1
5852,0,0,0,0,840,199,6891,2835,9726,-0.0167233,0.0976945,-0.995076,1
6041,0,0,0,0,905,221,7167,2082,9249,-0.0129843,0.124209,-0.992171,1
5733,0,0,0,0,953,222,6908,1399,8307,-0.0063987,0.128361,-0.991707,1
5568,0,0,0,0,914,220,6702,1005,7707,-0.068604,0.193315,-0.978736,1
5553,0,0,0,0,836,206,6595,587,7182,-0.0162138,0.237633,-0.97122,1
5413,0,0,0,0,833,205,6451,674,7125,0.00412297,0.139316,-0.990239,1
4758,0,0,0,0,579,146,5483,673,6156,0.00676948,0.056621,-0.998373,1
4378,0,0,0,0,692,173,5243,1066,6309,-0.0215715,0.0651019,-0.997646,1
5439,0,0,0,0,846,214,6499,1225,7724,-0.0322032,0.0666212,-0.997259,1
5851,0,0,0,0,838,223,6912,1389,8301,-0.026588,0.0731196,-0.996969,1
5566,0,0,0,0,856,207,6629,1356,7985,-0.0278504,0.0493478,-0.998393,1
6024,0,0,0,0,764,195,6983,1469,8452,-0.031,0.0441313,-0.998545,1
5514,0,0,0,0,680,167,6361,1616,7977,-0.0271087,0.0460352,-0.998572,1
5788,0,0,0,0,577,150,6515,1578,8093,-0.0405853,0.0703867,-0.996694,1
6146,0,0,0,0,593,153,6892,1731,8623,-0.0399078,0.0634104,-0.997189,1
6340,0,0,0,0,580,147,7067,1851,8918,-0.0318957,0.0585153,-0.997777,1
5677,0,0,0,0,362,115,6154,1296,7450,-0.0168242,0.015777,-0.999734,1
3726,0,0,0,0,355,92,4173,1296,5469,-0.01097,-0.0262217,-0.999596,1
5499,0,0,0,0,594,152,6245,1762,8007,0.000716316,-0.0331072,-0.999452,1
6418,0,0,0,0,794,216,7428,1750,9178,-0.0179303,-0.00697707,-0.999815,1
5809,0,0,0,0,785,192,6786,1527,8313,-0.0515836,0.0168847,-0.998526,1
6689,0,0,0,0,852,260,7801,1907,9708,-0.0628995,0.00477442,-0.998009,1
6429,0,0,0,0,868,235,7532,1481,9013,-0.0698152,0.0252798,-0.99724,1
6414,0,0,0,0,951,243,7608,1652,9260,-0.0713599,0.00661784,-0.997429,1
5940,0,0,0,0,830,211,6981,1960,8941,-0.065926,0.0187541,-0.997648,1
5800,0,0,0,0,817,204,6821,2061,8882,-0.0616733,0.0241804,-0.997803,1
5789,0,0,0,0,810,192,6791,1797,8588,-0.0824259,0.0828433,-0.993148,1
5674,0,0,0,0,781,179,6634,1221,7855,-0.10269,0.156179,-0.982376,1
6760,0,0,0,0,814,197,7771,1136,8907,-0.113322,0.251358,-0.961238,1
6569,0,0,0,0,838,232,7639,1051,8690,-0.121333,0.31402,-0.941632,1
6545,0,0,0,0,763,179,7487,1104,8591,-0.133966,0.399682,-0.906812,1
6580,0,0,0,0,776,178,7534,1023,8557,-0.127514,0.436635,-0.890556,1
6442,0,0,0,0,826,186,7454,986,8440,-0.111917,0.484624,-0.867534,1
6275,0,0,0,0,746,167,7188,878,8066,-0.0851457,0.537024,-0.839259,1
5798,0,0,0,0,713,164,6675,1081,7756,-0.0574302,0.574582,-0.81643,1
5832,0,0,0,0,704,165,6701,938,7639,-0.03294,0.613057,-0.789352,1
6296,0,0,0,0,676,172,7144,-1000,-1000,-1,-1,-1,1
5787,0,0,0,0,651,163,6601,4221,10822,-0.0294665,0.0655758,-0.997413,1
3035,0,0,0,0,339,79,3453,1408,4861,-0.0281739,0.034969,-0.998991,1
3168,0,0,0,0,325,79,3572,1363,4935,-0.0425875,0.0467215,-0.998,1
5582,0,0,0,0,591,131,6304,2098,8402,-0.0550287,0.0935808,-0.99409,1
5514,0,0,0,0,473,117,6104,1832,7936,-0.0525291,0.0725237,-0.995983,1
5610,0,0,0,0,416,117,6143,1684,7827,-0.0531737,0.0710293,-0.996056,1
5705,0,0,0,0,464,147,6316,1706,8022,-0.0484699,0.0670764,-0.99657,1
5581,0,0,0,0,462,118,6161,1357,7518,-0.0597541,0.139485,-0.98842,1
5804,0,0,0,0,514,134,6452,1191,7643,-0.0646944,0.17608,-0.982248,1
5468,0,0,0,0,558,143,6169,1049,7218,-0.0500224,0.204498,-0.977588,1
5540,0,0,0,0,612,157,6309,1074,7383,-0.0344079,0.215895,-0.97581,1
5607,0,0,0,0,709,179,6495,948,7443,-0.0368211,0.18625,-0.981812,1
5646,0,0,0,0,756,194,6596,1038,7634,-0.0298731,0.149055,-0.988378,1
5603,0,0,0,0,814,223,6640,1028,7668,-0.026715,0.136228,-0.990317,1
5438,0,0,0,0,834,214,6486,1024,7510,-0.0189402,0.139573,-0.99003,1
7603,0,0,0,0,827,218,8648,1061,9709,-0.012296,0.14114,-0.989913,1
5342,0,0,0,0,813,208,6363,1100,7463,-0.0102617,0.140166,-0.990075,1
5404,0,0,0,0,812,200,6416,1169,7585,-0.0176693,0.114407,-0.993277,1
5774,0,0,0,0,753,192,6719,1088,7807,-0.0133155,0.105455,-0.994335,1
5295,0,0,0,0,727,187,6209,1247,7456,-0.00926494,0.091046,-0.995803,1
5482,0,0,0,0,655,163,6300,1935,8235,-0.0167813,0.0945616,-0.995378,1
5558,0,0,0,0,656,158,6372,3062,9434,-0.0271356,0.0754655,-0.996779,1
3981,0,0,0,0,433,103,4517,2382,6899,-0.039134,0.0701218,-0.99677,1
5757,0,0,0,0,588,141,6486,2833,9319,-0.0339274,0.0718172,-0.996841,1
5709,0,0,0,0,567,159,6435,2360,8795,-0.0305353,0.057525,-0.997877,1
5771,0,0,0,0,679,151,6601,2261,8862,-0.0463787,0.0927668,-0.994607,1
5598,0,0,0,0,624,147,6369,2273,8642,-0.0392044,0.0697339,-0.996795,1
5763,0,0,0,0,636,151,6550,1831,8381,-0.0371885,0.055287,-0.997778,1
5661,0,0,0,0,888,152,6701,1006,7707,-0.0313749,0.0799785,-0.996303,1
5598,0,0,0,0,588,152,6338,900,7238,-0.0426403,0.102404,-0.993829,1
5381,0,0,0,0,553,144,6078,928,7006,-0.0234973,0.157098,-0.987303,1
5134,0,0,0,0,646,140,5920,879,6799,-0.00579225,0.203921,-0.97897,1
5235,0,0,0,0,616,147,5998,981,6979,0.00509607,0.264085,-0.964486,1
5006,0,0,0,0,671,205,5882,993,6875,0.00593509,0.21559,-0.976466,1
5084,0,0,0,0,669,183,5936,956,6892,0.014786,0.241632,-0.970255,1
5095,0,0,0,0,489,124,5708,661,6369,0.0117641,0.115949,-0.993186,1
3516,0,0,0,0,542,132,4190,775,4965,0.0108572,0.0435309,-0.998993,1
6172,0,0,0,0,851,237,7260,1095,8355,-0.00273,0.0547464,-0.998497,1
5151,0,0,0,0,696,181,6028,615,6643,-0.0386865,0.0401453,-0.998445,1
6160,0,0,0,0,736,234,7130,624,7754,-0.0687402,0.049854,-0.996388,1
5384,0,0,0,0,547,145,6076,559,6635,-0.0775655,0.0739205,-0.994243,1
6054,0,0,0,0,494,126,6674,642,7316,-0.0827221,0.13194,-0.9878,1
5304,0,0,0,0,412,135,5851,736,6587,-0.0852998,0.19851,-0.97638,1
5381,0,0,0,0,386,102,5869,760,6629,-0.0758063,0.211893,-0.974349,1
5825,0,0,0,0,532,146,6503,935,7438,-0.0707765,0.233272,-0.969832,1
5640,0,0,0,0,356,92,6088,991,7079,-0.0546462,0.212348,-0.975665,1
5755,0,0,0,0,360,95,6210,944,7154,-0.0504984,0.214656,-0.975384,1
5885,0,0,0,0,445,118,6448,1149,7597,-0.0421681,0.246704,-0.968173,1
5282,0,0,0,0,440,116,5838,1077,6915,-0.0182533,0.146387,-0.989059,1
6283,0,0,0,0,587,149,7019,1168,8187,-0.00321979,0.0442085,-0.999017,1
5572,0,0,0,0,563,146,6281,1029,7310,-0.00412483,0.0444434,-0.999003,1
6361,0,0,0,0,728,185,7274,1376,8650,-0.00401487,0.0475394,-0.998861,1
6093,0,0,0,0,665,187,6945,1341,8286,0.00456079,0.030211,-0.999533,1
6672,0,0,0,0,718,209,7599,1298,8897,0.00861903,0.00972492,-0.999916,1
6249,0,0,0,0,803,203,7255,1432,8687,0.00361918,-0.00509238,-0.999981,1
5798,0,0,0,0,797,205,6800,1512,8312,-0.00178468,0.0166015,-0.999861,1
5964,0,0,0,0,825,213,7002,1585,8587,-0.00995751,0.0869296,-0.996165,1
5832,0,0,0,0,902,214,6948,1368,8316,-0.0238933,0.11527,-0.993047,1
3973,0,0,0,0,596,153,4722,998,5720,-0.0345758,0.124102,-0.991667,1
6468,0,0,0,0,845,223,7536,1354,8890,-0.0340501,0.124819,-0.991595,1
5957,0,0,0,0,794,213,6964,1226,8190,-0.0265145,0.123595,-0.991979,1
5941,0,0,0,0,859,220,7020,1223,8243,-0.0156966,0.140874,-0.989903,1
5720,0,0,0,0,778,186,6684,1120,7804,-0.018276,0.143899,-0.989424,1
5716,0,0,0,0,745,202,6663,1269,7932,-0.0360452,0.131135,-0.990709,1
6866,0,0,0,0,802,195,7863,1298,9161,-0.0711381,0.153817,-0.985535,1
5640,0,0,0,0,691,169,6500,1104,7604,-0.076071,0.142482,-0.98687,1
3877,0,0,0,0,401,89,4367,607,4974,-0.082537,0.132057,-0.9878,1
2441,0,0,0,0,298,71,2810,549,3359,-0.0654847,0.111151,-0.991644,1
6199,0,0,0,0,785,199,7183,1305,8488,-0.0610492,0.110143,-0.992039,1
5905,0,0,0,0,685,165,6755,1474,8229,-0.0652647,0.0902443,-0.993779,1
5976,0,0,0,0,681,163,6820,1629,8449,-0.0739481,0.0791603,-0.994115,1
5882,0,0,0,0,721,166,6769,1603,8372,-0.0572619,0.0647086,-0.99626,1
5831,0,0,0,0,733,166,6730,1813,8543,-0.0282434,0.0548007,-0.998098,1
5384,0,0,0,0,645,144,6173,1774,7947,0.00422167,0.0440431,-0.999021,1
6135,0,0,0,0,698,162,6995,2092,9087,0.0261065,0.0447869,-0.998655,1
7200,0,0,0,0,898,187,8285,2204,10489,0.0375542,0.0413862,-0.998437,1
5951,0,0,0,0,687,158,6796,2342,9138,0.0628701,0.0281779,-0.997624,1
5873,0,0,0,0,776,164,6813,2915,9728,0.0795678,0.0167917,-0.996688,1
6885,0,0,0,0,737,196,7818,3310,11128,0.0816355,0.00320327,-0.996657,1
3958,0,0,0,0,481,111,4550,2551,7101,0.0757773,-0.00786987,-0.997094,1
5883,0,0,0,0,712,178,6773,3974,10747,0.0691051,-0.00731546,-0.997583,1
6116,0,0,0,0,689,160,6965,4329,11294,0.0557702,-0.0100962,-0.998392,1
5885,0,0,0,0,691,163,6739,3570,10309,0.0429877,-0.0158781,-0.99895,1
2982,0,0,0,0,365,86,3433,2667,6100,0.0278416,-0.012485,-0.999535,1
6413,0,0,0,0,750,164,7327,5163,12490,0.0233098,-0.000410481,-0.999728,1
6227,0,0,0,0,771,163,7161,3346,10507,0.0328352,0.00862095,-0.999423,1
2954,0,0,0,0,346,82,3382,2397,5779,0.0399305,0.0147182,-0.999094,1
6377,0,0,0,0,777,173,7327,4716,12043,0.0410467,0.036253,-0.998499,1
6576,0,0,0,0,761,173,7510,3851,11361,0.0422429,0.0592399,-0.99735,1
3389,0,0,0,0,524,100,4013,2238,6251,0.0336849,0.0701263,-0.996969,1
6894,0,0,0,0,635,148,7677,3419,11096,0.0188338,0.092404,-0.995543,1
5754,0,0,0,0,669,147,6570,2893,9463,0.00534487,0.10453,-0.994508,1
5569,0,0,0,0,624,138,6331,2873,9204,0.00442431,0.111263,-0.993781,1
5547,0,0,0,0,628,174,6349,2828,9177,0.000388904,0.0970815,-0.995276,1
6334,0,0,0,0,568,143,7045,2919,9964,0.00111212,0.0758158,-0.997121,1
6978,0,0,0,0,557,142,7677,3044,10721,-0.000846568,0.0590822,-0.998253,1
4212,0,0,0,0,362,93,4667,1916,6583,-0.00185504,0.0276631,-0.999616,1
6477,0,0,0,0,542,137,7156,2638,9794,0.00442175,0.0338631,-0.999417,1
6289,0,0,0,0,781,191,7261,2694,9955,0.00695534,0.0288995,-0.999558,1
6478,0,0,0,0,537,138,7153,2196,9349,0.0107192,-0.00159157,-0.999941,1
6344,0,0,0,0,541,135,7020,2279,9299,-0.000144039,0.0264584,-0.99965,1
6340,0,0,0,0,554,139,7033,1803,8836,-0.00939721,0.0409609,-0.999117,1
5661,0,0,0,0,492,124,6277,1694,7971,-0.00146601,0.0371633,-0.999308,1
5717,0,0,0,0,506,142,6365,1613,7978,-0.00984486,0.0459695,-0.998894,1
6297,0,0,0,0,591,152,7040,1696,8736,-0.00274058,0.0667381,-0.997767,1
6215,0,0,0,0,634,187,7036,1507,8543,0.00179306,0.0624176,-0.998048,1
6242,0,0,0,0,602,157,7001,1491,8492,0.012936,0.0474528,-0.99879,1
6516,0,0,0,0,631,164,7311,1516,8827,0.0111025,0.0651501,-0.997814,1
6424,0,0,0,0,727,199,7350,1327,8677,-0.0026971,0.193394,-0.981118,1
5724,0,0,0,0,509,130,6363,901,7264,-0.010277,0.115354,-0.993271,1
3220,0,0,0,0,410,105,3735,681,4416,-0.0173885,0.0641153,-0.997791,1
5237,0,0,0,0,713,185,6135,1272,7407,-0.0348226,0.0678125,-0.99709,1
5519,0,0,0,0,956,218,6693,1521,8214,-0.0403593,0.0979818,-0.99437,1
6314,0,0,0,0,941,241,7496,1505,9001,-0.0457163,0.0860602,-0.99524,1
6373,0,0,0,0,941,235,7549,1466,9015,-0.0327761,0.118661,-0.992394,1
6188,0,0,0,0,899,231,7318,1426,8744,-0.0182916,0.145049,-0.989255,1
4025,0,0,0,0,649,146,4820,983,5803,-0.00714039,0.117984,-0.99299,1
5305,0,0,0,0,718,177,6200,1298,7498,0.00280393,0.133142,-0.991093,1
5243,0,0,0,0,662,160,6065,1425,7490,0.00795251,0.108732,-0.994039,1
5397,0,0,0,0,621,155,6173,2362,8535,0.00682306,0.0596899,-0.998194,1
6176,0,0,0,0,608,147,6931,3186,10117,0.0158489,0.085797,-0.996186,1
5635,0,0,0,0,553,154,6342,2802,9144,0.0327317,0.0889205,-0.995501,1
3766,0,0,0,0,381,90,4237,1782,6019,0.0232482,0.0902527,-0.995648,1
5595,0,0,0,0,641,161,6397,2351,8748,0.0205992,0.104705,-0.99429,1
5643,0,0,0,0,600,145,6388,2441,8829,0.0326465,0.149306,-0.988252,1
5903,0,0,0,0,671,152,6726,2046,8772,0.0430175,0.184031,-0.981979,1
5781,0,0,0,0,681,166,6628,1754,8382,0.042401,0.239171,-0.970051,1
5475,0,0,0,0,650,155,6280,1581,7861,0.0375894,0.24538,-0.968698,1
5424,0,0,0,0,637,176,6237,1456,7693,0.0268838,0.285973,-0.957861,1
5221,0,0,0,0,623,152,5996,1396,7392,0.0313064,0.315242,-0.948495,1
5720,0,0,0,0,640,150,6510,1221,7731,0.0135734,0.35126,-0.93618,1
6215,0,0,0,0,614,154,6983,1103,8086,0.00645323,0.388542,-0.921408,1
5550,0,0,0,0,615,157,6322,1067,7389,0.00482176,0.433711,-0.901039,1
5507,0,0,0,0,604,155,6266,945,7211,0.00885294,0.462781,-0.886428,1
5464,0,0,0,0,610,154,6228,890,7118,0.00386772,0.502916,-0.864327,1
5754,0,0,0,0,738,183,6675,983,7658,-0.00866177,0.539021,-0.842247,1
5171,0,0,0,0,683,198,6052,916,6968,-0.0194046,0.583039,-0.812212,1
5297,0,0,0,0,636,161,6094,947,7041,-0.0250827,0.620884,-0.783501,1
5312,0,0,0,0,680,203,6195,842,7037,-0.0469185,0.660724,-0.749162,1
5332,0,0,0,0,654,164,6150,760,6910,-0.0431742,0.697343,-0.715436,1
6159,0,0,0,0,747,187,7093,-1000,-1000,-1,-1,-1,1
6294,0,0,0,0,750,182,7226,1197,8423,-0.0141073,0.10847,-0.994,1
5433,0,0,0,0,695,168,6296,1086,7382,-0.0145635,0.152739,-0.98816,1
6241,0,0,0,0,650,151,7042,1280,8322,-0.0135099,0.138873,-0.990218,1
5993,0,0,0,0,478,125,6596,1252,7848,-0.0240122,0.125924,-0.991749,1
6164,0,0,0,0,435,114,6713,1192,7905,-0.0254432,0.129861,-0.991206,1
7135,0,0,0,0,363,99,7597,940,8537,-0.00866239,0.136225,-0.99064,1
3682,0,0,0,0,266,69,4017,815,4832,0.00671086,0.0514686,-0.998652,1
7692,0,0,0,0,525,130,8347,1420,9767,0.0180297,0.00801613,-0.999805,1
6202,0,0,0,0,490,129,6821,1436,8257,0.0103243,-0.00345596,-0.999941,1
4042,0,0,0,0,386,96,4524,1055,5579,0.00682681,0.0215696,-0.999744,1
4118,0,0,0,0,423,108,4649,1081,5730,-0.00243842,-0.0418467,-0.999121,1
6561,0,0,0,0,703,249,7513,1822,9335,-0.0171918,-0.081253,-0.996545,1
7807,0,0,0,0,738,251,8796,1769,10565,-0.0197706,-0.0618968,-0.997887,1
6443,0,0,0,0,728,205,7376,1888,9264,-0.0198646,-0.0217223,-0.999567,1
5877,0,0,0,0,742,193,6812,2003,8815,-0.0180513,0.00742088,-0.999809,1
5752,0,0,0,0,803,201,6756,1673,8429,-0.00880708,-0.0379629,-0.999241,1
6343,0,0,0,0,902,229,7474,2186,9660,0.00991023,-0.0483314,-0.998783,1
6511,0,0,0,0,893,231,7635,1426,9061,0.0252541,-0.0568176,-0.998065,1
3954,0,0,0,0,575,142,4671,1482,6153,0.0305644,-0.0683392,-0.997194,1
5820,0,0,0,0,769,189,6778,2402,9180,0.0349981,-0.0586575,-0.997664,1
6526,0,0,0,0,826,208,7560,2559,10119,0.0303022,-0.0507715,-0.99825,1
5823,0,0,0,0,787,182,6792,2745,9537,0.0379254,-0.0392375,-0.99851,1
5690,0,0,0,0,715,206,6611,2880,9491,0.0546551,-0.0289101,-0.998087,1
5743,0,0,0,0,709,170,6622,2807,9429,0.0771625,-0.0119479,-0.996947,1
6517,0,0,0,0,877,194,7588,2990,10578,0.0946244,0.0107378,-0.995455,1
6551,0,0,0,0,812,184,7547,2822,10369,0.104958,0.0402936,-0.99366,1
6544,0,0,0,0,816,177,7537,2914,10451,0.0791121,0.0754807,-0.994004,1
4230,0,0,0,0,496,159,4885,2064,6949,0.0606562,0.09627,-0.993505,1
6385,0,0,0,0,750,174,7309,2837,10146,0.0383259,0.1397,-0.989452,1
5640,0,0,0,0,697,157,6494,2470,8964,0.0155185,0.185597,-0.982503,1
6509,0,0,0,0,728,172,7409,2694,10103,-0.0176238,0.312132,-0.949876,1
6535,0,0,0,0,690,183,7408,1911,9319,-0.0294837,0.352974,-0.935169,1
3050,0,0,0,0,323,77,3450,1122,4572,-0.0339304,0.345955,-0.937638,1
4264,0,0,0,0,435,102,4801,1611,6412,-0.0388195,0.401843,-0.914886,1
6561,0,0,0,0,670,155,7386,2292,9678,-0.0489629,0.475179,-0.878525,1
6562,0,0,0,0,663,153,7378,2050,9428,-0.0467137,0.515129,-0.855839,1
4445,0,0,0,0,386,98,4929,1280,6209,-0.0560789,0.545592,-0.836172,1
4117,0,0,0,0,449,98,4664,1291,5955,-0.0696909,0.604831,-0.793299,1
4275,0,0,0,0,373,92,4740,1363,6103,-0.0804134,0.664787,-0.742692,1
6519,0,0,0,0,541,137,7197,-1000,-1000,-1,-1,-1,1
6424,0,0,0,0,547,145,7116,1825,8941,-0.0458793,0.0185532,-0.998775,1
6312,0,0,0,0,555,158,7025,1679,8704,-0.0721267,0.0303844,-0.996933,1
6399,0,0,0,0,563,143,7105,1661,8766,-0.0722863,0.0261442,-0.997041,1
6344,0,0,0,0,656,162,7162,1532,8694,-0.0778253,0.00861957,-0.99693,1
6328,0,0,0,0,646,164,7138,1584,8722,-0.0552955,-0.00944979,-0.998425,1
6321,0,0,0,0,745,173,7239,1471,8710,-0.0366248,0.0237351,-0.999047,1
4203,0,0,0,0,480,123,4806,856,5662,-0.0244202,-0.016721,-0.999562,1
4189,0,0,0,0,567,133,4889,926,5815,-0.0237542,0.0141231,-0.999618,1
5565,0,0,0,0,757,200,6522,1169,7691,-0.0194697,0.0065771,-0.999789,1
5498,0,0,0,0,779,197,6474,1243,7717,-0.0266954,0.0121669,-0.99957,1
5437,0,0,0,0,830,209,6476,1257,7733,-0.0383746,0.0331235,-0.998714,1
5522,0,0,0,0,829,213,6564,1311,7875,-0.0381328,0.0605086,-0.997439,1
5804,0,0,0,0,814,207,6825,1072,7897,-0.0246428,0.0507516,-0.998407,1
6039,0,0,0,0,796,202,7037,921,7958,-0.0202521,0.0599388,-0.997997,1
5984,0,0,0,0,882,239,7105,995,8100,-0.0664569,0.186946,-0.98012,1
5413,0,0,0,0,555,128,6096,640,6736,-0.0661403,0.142789,-0.987541,1
3606,0,0,0,0,485,92,4183,495,4678,-0.0522502,0.0660283,-0.996449,1
5549,0,0,0,0,612,155,6316,1193,7509,-0.0540571,0.11581,-0.991799,1
5585,0,0,0,0,601,149,6335,2312,8647,-0.0273373,0.270445,-0.962347,1
5832,0,0,0,0,413,115,6360,1954,8314,-0.00939138,0.256663,-0.966455,1
2662,0,0,0,0,230,54,2946,879,3825,0.00196632,0.218528,-0.975829,1
2650,0,0,0,0,258,61,2969,744,3713,-0.00697527,0.259762,-0.965647,1
5851,0,0,0,0,668,140,6659,1472,8131,-0.0366374,0.359,-0.932618,1
5556,0,0,0,0,588,136,6280,1409,7689,-0.0296426,0.41422,-0.909694,1
5623,0,0,0,0,562,136,6321,1354,7675,0.0280399,0.545288,-0.83778,1
5840,0,0,0,0,557,135,6532,1512,8044,0.0440414,0.589469,-0.806589,1
3186,0,0,0,0,301,73,3560,749,4309,0.0388828,0.59342,-0.803953,1
2251,0,0,0,0,283,63,2597,683,3280,0.0332772,0.623121,-0.781417,1
5333,0,0,0,0,663,155,6151,1723,7874,0.021591,0.700219,-0.713602,1
5301,0,0,0,0,651,163,6115,-1000,-1000,-1,-1,-1,1
5387,0,0,0,0,735,177,6299,1293,7592,-0.0104885,0.0537143,-0.998501,1
5344,0,0,0,0,734,181,6259,1197,7456,-0.0148472,0.0720987,-0.997287,1
5364,0,0,0,0,748,178,6290,1026,7316,-0.00316303,0.0777075,-0.996971,1
5416,0,0,0,0,682,171,6269,866,7135,-0.0106007,0.134627,-0.99084,1
5453,0,0,0,0,680,164,6297,942,7239,-0.029142,0.163213,-0.986161,1
5386,0,0,0,0,656,160,6202,1064,7266,-0.0149861,0.107731,-0.994067,1
3770,0,0,0,0,416,111,4297,620,4917,-0.00469187,0.0853096,-0.996343,1
2846,0,0,0,0,291,71,3208,563,3771,0.00644362,0.0605785,-0.998143,1
5467,0,0,0,0,455,117,6039,1137,7176,0.0158386,0.0306927,-0.999403,1
5322,0,0,0,0,416,105,5843,1121,6964,0.0133308,0.0485513,-0.998732,1
5553,0,0,0,0,384,103,6040,1263,7303,0.00667889,0.0384571,-0.999238,1
6181,0,0,0,0,354,93,6628,1205,7833,0.00945621,0.0650138,-0.99784,1
5521,0,0,0,0,337,107,5965,1218,7183,0.01235,0.0625846,-0.997963,1
5227,0,0,0,0,340,89,5656,1233,6889,0.00985073,0.129516,-0.991528,1
4854,0,0,0,0,254,69,5177,856,6033,0.00940213,0.0719105,-0.997367,1
3670,0,0,0,0,293,76,4039,871,4910,0.00604266,-0.010948,-0.999922,1
5456,0,0,0,0,533,135,6124,1316,7440,0.013103,-0.067984,-0.9976,1
5845,0,0,0,0,677,161,6683,1498,8181,0.0157822,-0.0865248,-0.996125,1
5846,0,0,0,0,709,180,6735,1634,8369,0.0210778,-0.106288,-0.994112,1
6431,0,0,0,0,754,197,7382,1741,9123,0.00541253,-0.0283642,-0.999583,1
4690,0,0,0,0,474,123,5287,975,6262,0.00185725,-0.0469366,-0.998896,1
2416,0,0,0,0,350,88,2854,875,3729,0.00636567,-0.0928616,-0.995659,1
5919,0,0,0,0,845,208,6972,2357,9329,0.0122533,-0.0963157,-0.995275,1
6754,0,0,0,0,920,222,7896,3220,11116,0.0245369,-0.0844277,-0.996128,1
2538,0,0,0,0,344,85,2967,1313,4280,0.0354849,-0.0772239,-0.996382,1
5725,0,0,0,0,737,177,6639,2709,9348,0.0676666,-0.0251411,-0.997391,1
5727,0,0,0,0,720,175,6622,2656,9278,0.104598,0.0135566,-0.994422,1
5780,0,0,0,0,705,170,6655,2518,9173,0.123298,0.028026,-0.991974,1
5786,0,0,0,0,733,164,6683,2424,9107,0.125715,0.05478,-0.990553,1
5655,0,0,0,0,684,155,6494,2392,8886,0.106955,0.122708,-0.986663,1
5792,0,0,0,0,717,156,6665,2416,9081,0.0974781,0.174387,-0.979841,1
3804,0,0,0,0,357,79,4240,1234,5474,0.0977596,0.158193,-0.982557,1
2444,0,0,0,0,275,63,2782,958,3740,0.101261,0.164821,-0.981112,1
5849,0,0,0,0,625,146,6620,2104,8724,0.100127,0.224205,-0.969385,1
5801,0,0,0,0,631,143,6575,2149,8724,0.0974437,0.262435,-0.960017,1
5810,0,0,0,0,641,140,6591,2113,8704,0.085664,0.301961,-0.949464,1
6135,0,0,0,0,859,163,7157,2224,9381,0.0586903,0.34107,-0.938204,1
5569,0,0,0,0,537,127,6233,1910,8143,0.026549,0.373291,-0.927334,1
5811,0,0,0,0,532,133,6476,1880,8356,-0.00935124,0.427954,-0.903752,1
5614,0,0,0,0,559,135,6308,1701,8009,-0.0183061,0.471865,-0.88148,1
5703,0,0,0,0,596,139,6438,1666,8104,-0.0181477,0.526423,-0.850029,1
5589,0,0,0,0,584,169,6342,1649,7991,0.00075625,0.571682,-0.820475,1
5588,0,0,0,0,535,137,6260,1696,7956,0.0228669,0.635074,-0.772113,1
5507,0,0,0,0,574,138,6219,-1000,-1000,-1,-1,-1,1
5677,0,0,0,0,561,148,6386,1515,7901,0.00530036,0.0509992,-0.998685,1
2974,0,0,0,0,282,72,3328,776,4104,-0.00747554,-0.0259283,-0.999636,1
4266,0,0,0,0,417,107,4790,1047,5837,0.00280831,0.00940197,-0.999952,1
5534,0,0,0,0,564,147,6245,1272,7517,0.00368737,0.0647211,-0.997897,1
6342,0,0,0,0,585,151,7078,1141,8219,0.00178458,0.107829,-0.994168,1
5698,0,0,0,0,610,154,6462,978,7440,-0.0218722,0.166815,-0.985745,1
6099,0,0,0,0,744,184,7027,1083,8110,-0.0522364,0.308836,-0.94968,1
3995,0,0,0,0,483,124,4602,671,5273,-0.0443761,0.26032,-0.964502,1
2991,0,0,0,0,388,99,3478,541,4019,-0.035918,0.188685,-0.981381,1
5997,0,0,0,0,888,248,7133,1026,8159,-0.0355475,0.159319,-0.986587,1
5491,0,0,0,0,832,206,6529,1052,7581,-0.0278733,0.120788,-0.992287,1
5509,0,0,0,0,824,243,6576,1423,7999,-0.0273865,0.0994351,-0.994667,1
5465,0,0,0,0,813,207,6485,1121,7606,-0.0370026,0.0943708,-0.994849,1
5468,0,0,0,0,810,210,6488,1482,7970,-0.0469375,0.0705409,-0.996404,1
5302,0,0,0,0,788,198,6288,1358,7646,-0.05253,0.0791883,-0.995475,1
5386,0,0,0,0,755,189,6330,1308,7638,-0.0446695,0.061949,-0.997079,1
5293,0,0,0,0,706,175,6174,1425,7599,-0.0343664,0.0498355,-0.998166,1
5451,0,0,0,0,665,165,6281,1627,7908,-0.0288106,0.0680233,-0.997268,1
5705,0,0,0,0,637,158,6500,2039,8539,-0.0119497,0.0827661,-0.996497,1
5527,0,0,0,0,627,153,6307,2648,8955,0.0027628,0.0874401,-0.996166,1
3922,0,0,0,0,427,103,4452,2112,6564,0.0134871,0.0695226,-0.997489,1
5766,0,0,0,0,587,138,6491,3413,9904,0.00133848,0.07444,-0.997225,1
5615,0,0,0,0,585,131,6331,2679,9010,-0.0193992,0.0657482,-0.997648,1
5851,0,0,0,0,594,134,6579,2415,8994,-0.0338607,0.0587357,-0.997699,1
5625,0,0,0,0,551,126,6302,2321,8623,-0.0371648,0.10074,-0.994218,1
5158,0,0,0,0,368,84,5610,1646,7256,-0.0205767,0.0388806,-0.999032,1
2898,0,0,0,0,277,63,3238,975,4213,-0.000687506,0.0432327,-0.999065,1
5593,0,0,0,0,530,123,6246,1086,7332,0.0670653,0.0922218,-0.993477,1
5386,0,0,0,0,539,127,6052,822,6874,0.0941577,0.117233,-0.988631,1
5197,0,0,0,0,569,133,5899,691,6590,0.0858612,0.145599,-0.985611,1
5219,0,0,0,0,595,143,5957,678,6635,0.0744677,0.199594,-0.977045,1
5148,0,0,0,0,634,158,5940,778,6718,0.0564866,0.324043,-0.944354,1
5187,0,0,0,0,684,168,6039,745,6784,0.0528202,0.34563,-0.936883,1
4689,0,0,0,0,656,164,5509,788,6297,0.0527257,0.368091,-0.928294,1
5302,0,0,0,0,784,196,6282,890,7172,0.0343127,0.425541,-0.904288,1
4009,0,0,0,0,545,146,4700,600,5300,0.0401435,0.364378,-0.930386,1
2894,0,0,0,0,433,108,3435,470,3905,0.0290826,0.253075,-0.96701,1
5701,0,0,0,0,793,206,6700,898,7598,0.0166374,0.14911,-0.988681,1
5518,0,0,0,0,776,194,6488,974,7462,0.0108854,0.0905758,-0.99583,1
5762,0,0,0,0,696,206,6664,1066,7730,-0.0173361,0.13178,-0.991128,1
5499,0,0,0,0,624,182,6305,990,7295,-0.0104182,0.0756605,-0.997079,1
5597,0,0,0,0,469,97,6163,657,6820,-0.0087635,0.0565914,-0.998359,1
4064,0,0,0,0,326,84,4474,676,5150,-0.00204736,0.0118189,-0.999928,1
5292,0,0,0,0,405,105,5802,1060,6862,0.00928567,0.0151711,-0.999842,1
5388,0,0,0,0,392,98,5878,961,6839,0.0124956,0.0759612,-0.997033,1
5242,0,0,0,0,358,95,5695,952,6647,-0.00399891,0.0409699,-0.999152,1
5152,0,0,0,0,407,108,5667,1000,6667,-0.0125931,0.0483711,-0.99875,1
5326,0,0,0,0,518,135,5979,1206,7185,-0.00203431,-0.0378381,-0.999282,1
5541,0,0,0,0,651,162,6354,1286,7640,-0.00649559,-0.0754613,-0.997127,1
5927,0,0,0,0,718,180,6825,1358,8183,0.00366053,-0.0922433,-0.99573,1
5810,0,0,0,0,764,194,6768,1323,8091,0.00681439,-0.115168,-0.993323,1
5761,0,0,0,0,812,204,6777,1442,8219,0.0111045,-0.109592,-0.993915,1
5794,0,0,0,0,858,246,6898,1651,8549,0.0152205,-0.0886839,-0.995944,1
6594,0,0,0,0,1012,236,7842,2025,9867,0.0150313,0.0162334,-0.999755,1
4960,0,0,0,0,591,158,5709,1576,7285,0.0160731,-0.0341708,-0.999287,1
3082,0,0,0,0,349,82,3513,996,4509,0.0165149,-0.07026,-0.997392,1
2705,0,0,0,0,355,88,3148,1456,4604,0.00213762,-0.0567372,-0.998387,1
5847,0,0,0,0,753,217,6817,2650,9467,-0.0211428,0.00175438,-0.999775,1
6696,0,0,0,0,788,189,7673,2374,10047,-0.0238504,0.0673745,-0.997442,1
6326,0,0,0,0,485,115,6926,1233,8159,-0.00744735,0.0932137,-0.995618,1
3123,0,0,0,0,391,107,3621,1015,4636,0.00856737,0.113661,-0.993482,1
4995,0,0,0,0,562,155,5712,1581,7293,0.0253595,0.138428,-0.990048,1
7841,0,0,0,0,860,186,8887,2329,11216,0.0427256,0.174027,-0.983814,1
5070,0,0,0,0,511,114,5695,1319,7014,0.0598611,0.205921,-0.976736,1
3303,0,0,0,0,363,83,3749,1185,4934,0.071166,0.237337,-0.968817,1
6669,0,0,0,0,754,162,7585,1993,9578,0.0845888,0.286688,-0.954282,1
6635,0,0,0,0,669,156,7460,1930,9390,0.0866366,0.317896,-0.944159,1
6526,0,0,0,0,423,98,7047,1222,8269,0.0741869,0.353158,-0.932618,1
5814,0,0,0,0,542,122,6478,1715,8193,0.0628274,0.362796,-0.929748,1
5679,0,0,0,0,483,128,6290,1531,7821,0.0507263,0.387243,-0.920581,1
6404,0,0,0,0,608,131,7143,1891,9034,0.0320054,0.400059,-0.915931,1
6431,0,0,0,0,534,158,7123,1948,9071,0.00705636,0.4293,-0.903134,1
6308,0,0,0,0,556,132,6996,1983,8979,-0.00956705,0.450944,-0.892501,1
6336,0,0,0,0,634,158,7128,1987,9115,-0.0126461,0.488674,-0.872375,1
6440,0,0,0,0,542,113,7095,1202,8297,-0.0144472,0.522665,-0.852416,1
6519,0,0,0,0,666,160,7345,1558,8903,-0.0318751,0.589036,-0.807478,1
5484,0,0,0,0,550,138,6172,1122,7294,-0.0328454,0.615395,-0.787534,1
6282,0,0,0,0,602,153,7037,1339,8376,-0.0144145,0.674312,-0.738306,1
6574,0,0,0,0,601,155,7330,-1000,-1000,-1,-1,-1,1
6198,0,0,0,0,396,103,6697,1098,7795,-0.00343956,0.0391942,-0.999226,1
5683,0,0,0,0,650,172,6505,1404,7909,-0.0102898,0.0317521,-0.999443,1
6831,0,0,0,0,800,180,7811,1369,9180,-0.00866453,0.0475139,-0.998833,1
5613,0,0,0,0,549,137,6299,1164,7463,-0.00358854,0.0368404,-0.999315,1
7104,0,0,0,0,690,164,7958,1320,9278,-0.0055049,0.0475974,-0.998851,1
6253,0,0,0,0,669,169,7091,1266,8357,-0.0115804,0.0381054,-0.999207,1
6679,0,0,0,0,668,176,7523,1270,8793,-0.0129636,0.0426577,-0.999006,1
6322,0,0,0,0,726,180,7228,1180,8408,-0.0288389,0.0221458,-0.999339,1
4162,0,0,0,0,493,128,4783,883,5666,-0.0416209,0.0172575,-0.998985,1
7161,0,0,0,0,785,202,8148,1311,9459,-0.0386199,0.00276594,-0.99925,1
6224,0,0,0,0,861,222,7307,1050,8357,-0.0329455,0.0110607,-0.999396,1
2409,0,0,0,0,343,87,2839,532,3371,-0.0256949,0.0151361,-0.999555,1
5825,0,0,0,0,902,201,6928,1200,8128,-0.0239142,0.0299125,-0.999266,1
5246,0,0,0,0,866,207,6319,1232,7551,-0.0165607,0.0649581,-0.997751,1
5932,0,0,0,0,923,231,7086,1447,8533,-0.0286044,0.0555593,-0.998046,1
5969,0,0,0,0,874,224,7067,1536,8603,-0.0388462,0.0465867,-0.998159,1
6438,0,0,0,0,1042,222,7702,1648,9350,-0.0346805,0.0623492,-0.997452,1
5842,0,0,0,0,828,232,6902,1770,8672,-0.0462275,0.0737835,-0.996202,1
3910,0,0,0,0,526,128,4564,1090,5654,-0.0352757,0.0558551,-0.997815,1
6058,0,0,0,0,713,189,6960,1644,8604,-0.0455266,0.0690067,-0.996577,1
5454,0,0,0,0,589,146,6189,1847,8036,-0.0464854,0.0687614,-0.99655,1
6504,0,0,0,0,668,167,7339,3046,10385,-0.0287103,0.0840987,-0.996044,1
5639,0,0,0,0,579,141,6359,2520,8879,-0.0293754,0.0921178,-0.995315,1
5521,0,0,0,0,599,133,6253,2528,8781,-0.0191967,0.079879,-0.996619,1
5626,0,0,0,0,534,127,6287,2289,8576,-0.0212673,0.0653216,-0.997638,1
6377,0,0,0,0,615,143,7135,2564,9699,-0.0185834,0.0666702,-0.997602,1
5810,0,0,0,0,529,120,6459,2075,8534,-0.00414275,0.0465973,-0.998905,1
5692,0,0,0,0,501,117,6310,1878,8188,0.00779394,0.0382794,-0.999237,1
5520,0,0,0,0,544,116,6180,1145,7325,0.0309491,0.0602512,-0.997703,1
5924,0,0,0,0,488,124,6536,832,7368,0.0488952,0.166848,-0.98477,1
6117,0,0,0,0,568,143,6828,1030,7858,0.0651675,0.225688,-0.972017,1
5826,0,0,0,0,644,162,6632,921,7553,0.0656084,0.263678,-0.962377,1
5943,0,0,0,0,737,187,6867,832,7699,0.0468101,0.278986,-0.959153,1
6853,0,0,0,0,870,210,7933,989,8922,0.0287531,0.313646,-0.949104,1
3876,0,0,0,0,577,143,4596,551,5147,0.0104095,0.347423,-0.937651,1
5939,0,0,0,0,867,214,7020,839,7859,0.00355647,0.32263,-0.946518,1
6191,0,0,0,0,798,219,7208,786,7994,-0.0184665,0.325792,-0.945261,1
6016,0,0,0,0,703,175,6894,850,7744,-0.0455877,0.305119,-0.951223,1
6062,0,0,0,0,617,143,6822,963,7785,-0.0584239,0.279,-0.958512,1
5934,0,0,0,0,426,113,6473,1069,7542,-0.0724637,0.293749,-0.953132,1
5896,0,0,0,0,419,108,6423,1161,7584,-0.0716757,0.2953,-0.952712,1
5897,0,0,0,0,406,111,6414,1224,7638,-0.056845,0.295117,-0.953769,1
5928,0,0,0,0,451,122,6501,1229,7730,-0.0204291,0.280925,-0.959513,1
6109,0,0,0,0,554,148,6811,1368,8179,0.00390511,0.2033,-0.979109,1
6356,0,0,0,0,665,171,7192,1396,8588,0.0245276,0.146015,-0.988978,1
6587,0,0,0,0,782,196,7565,1403,8968,0.036926,0.307911,-0.950698,1
6042,0,0,0,0,524,133,6699,972,7671,0.021366,0.345144,-0.938307,1
2609,0,0,0,0,334,86,3029,609,3638,0.0272375,0.288222,-0.957176,1
2405,0,0,0,0,332,84,2821,512,3333,0.0170743,0.277768,-0.960496,1
5954,0,0,0,0,795,202,6951,1169,8120,0.014022,0.280727,-0.959685,1
5777,0,0,0,0,982,307,7066,1425,8491,0.022342,0.288111,-0.957336,1
6532,0,0,0,0,843,262,7637,1203,8840,0.0519856,0.301668,-0.951995,1
6410,0,0,0,0,832,200,7442,1105,8547,0.0656746,0.338931,-0.938516,1
5681,0,0,0,0,675,169,6525,917,7442,0.0580176,0.384798,-0.921175,1
6561,0,0,0,0,722,178,7461,969,8430,0.039868,0.417507,-0.907799,1
6445,0,0,0,0,756,189,7390,972,8362,-0.00860358,0.576614,-0.816971,1
6173,0,0,0,0,679,169,7021,666,7687,-0.0377891,0.684488,-0.728044,1
6752,0,0,0,0,797,180,7729,-1000,-1000,-1,-1,-1,1
2642,0,0,0,0,307,70,3019,1400,4419,0.0483297,0.0416119,-0.997964,1
7572,0,0,0,0,885,180,8637,3288,11925,0.0809275,0.104108,-0.991268,1
6940,0,0,0,0,752,172,7864,3153,11017,0.00134411,0.176366,-0.984324,1
6677,0,0,0,0,742,161,7580,3099,10679,-0.017005,0.17395,-0.984607,1
5054,0,0,0,0,472,112,5638,1904,7542,-0.0200982,0.178802,-0.983679,1
3258,0,0,0,0,365,80,3703,1499,5202,-0.0123611,0.201279,-0.979456,1
6473,0,0,0,0,676,156,7305,2497,9802,-0.0034403,0.262194,-0.965009,1
5857,0,0,0,0,604,137,6598,2064,8662,0.0131422,0.321466,-0.94683,1
5960,0,0,0,0,586,140,6686,2091,8777,0.018709,0.399122,-0.916707,1
6677,0,0,0,0,701,172,7550,2291,9841,0.0102786,0.509952,-0.860141,1
6279,0,0,0,0,702,172,7153,1955,9108,-0.0113847,0.566654,-0.823877,1
2898,0,0,0,0,309,77,3284,803,4087,-0.0147506,0.55318,-0.832931,1
2306,0,0,0,0,237,70,2613,579,3192,-0.0233035,0.6217,-0.782909,1
7330,0,0,0,0,508,137,7975,-1000,-1000,-1,-1,-1,1
5568,0,0,0,0,474,123,6165,1506,7671,-0.00285107,0.0269273,-0.999633,1
6046,0,0,0,0,468,117,6631,1464,8095,-0.0122422,0.0514626,-0.9986,1
5631,0,0,0,0,514,132,6277,1358,7635,-0.0124045,0.0229597,-0.999659,1
5470,0,0,0,0,503,128,6101,1277,7378,-0.0225396,-0.00883524,-0.999707,1
5535,0,0,0,0,597,145,6277,1230,7507,-0.0261824,0.00194278,-0.999655,1
6041,0,0,0,0,583,153,6777,1232,8009,-0.0678482,0.12454,-0.989892,1
5237,0,0,0,0,432,112,5781,725,6506,-0.0538101,0.0575921,-0.996889,1
3489,0,0,0,0,362,98,3949,581,4530,-0.0482858,0.0261694,-0.998491,1
4363,0,0,0,0,860,192,5415,1006,6421,-0.041983,0.0603404,-0.997295,1
5291,0,0,0,0,790,197,6278,1133,7411,-0.0404919,0.108565,-0.993265,1
5254,0,0,0,0,824,225,6303,865,7168,-0.0432464,0.0950974,-0.994528,1
5326,0,0,0,0,779,199,6304,883,7187,-0.0491165,0.138544,-0.989138,1
5232,0,0,0,0,826,196,6254,1177,7431,-0.0476665,0.138202,-0.989256,1
5124,0,0,0,0,703,185,6012,1176,7188,-0.0386307,0.117979,-0.992264,1
6026,0,0,0,0,828,186,7040,1628,8668,-0.0364666,0.122859,-0.991754,1
6289,0,0,0,0,765,170,7224,2306,9530,-0.0286311,0.0882063,-0.995691,1
6233,0,0,0,0,685,164,7082,3109,10191,-0.0140577,0.24884,-0.968442,1
4269,0,0,0,0,448,104,4821,1540,6361,-0.0211259,0.215523,-0.97627,1
2535,0,0,0,0,242,58,2835,848,3683,-0.0100734,0.153649,-0.988074,1
2071,0,0,0,0,193,45,2309,704,3013,-0.0185469,0.14673,-0.989003,1
5673,0,0,0,0,494,118,6285,1734,8019,0.00647576,0.238027,-0.971237,1
6106,0,0,0,0,554,127,6787,1875,8662,0.0147945,0.277402,-0.96064,1
6177,0,0,0,0,560,132,6869,1705,8574,0.021375,0.459469,-0.887937,1
7611,0,0,0,0,620,143,8374,1290,9664,0.0331749,0.493311,-0.86922,1
2877,0,0,0,0,319,78,3274,621,3895,0.0219708,0.500307,-0.865569,1
2280,0,0,0,0,272,68,2620,559,3179,-0.0125362,0.511433,-0.859232,1
5209,0,0,0,0,702,176,6087,1200,7287,-0.058981,0.556285,-0.828895,1
5296,0,0,0,0,783,190,6269,1230,7499,-0.103311,0.58471,-0.804638,1
6834,0,0,0,0,904,227,7965,1361,9326,-0.133812,0.607257,-0.783156,1
6052,0,0,0,0,880,222,7154,1407,8561,-0.141931,0.629661,-0.763795,1
5338,0,0,0,0,758,204,6300,1237,7537,-0.146409,0.675817,-0.722382,1
5882,0,0,0,0,835,236,6953,-1000,-1000,-1,-1,-1,1
7226,0,0,0,0,843,210,8279,1479,9758,-0.00858463,0.0542968,-0.998488,1
6081,0,0,0,0,1190,309,7580,1760,9340,-0.00591459,0.0508121,-0.998691,1
5378,0,0,0,0,631,161,6170,1286,7456,-0.00502257,0.0660099,-0.997806,1
6246,0,0,0,0,560,140,6946,1176,8122,-0.00677666,0.0485073,-0.9988,1
5937,0,0,0,0,527,135,6599,1345,7944,-0.0062795,0.0699284,-0.997532,1
6031,0,0,0,0,463,119,6613,1478,8091,0.00576648,0.082467,-0.996577,1
6110,0,0,0,0,432,138,6680,1206,7886,0.00635702,0.0889568,-0.996015,1
6009,0,0,0,0,457,134,6600,1090,7690,0.00750464,0.0812658,-0.996664,1
6140,0,0,0,0,394,130,6664,1303,7967,0.00411817,0.0853472,-0.996343,1
5988,0,0,0,0,419,111,6518,1422,7940,0.00040917,0.127964,-0.991779,1
6169,0,0,0,0,468,124,6761,1485,8246,0.00433587,0.0983577,-0.995142,1
6218,0,0,0,0,516,135,6869,2067,8936,-0.00110908,0.0842127,-0.996447,1
6377,0,0,0,0,369,96,6842,1127,7969,0.000972687,0.0497255,-0.998762,1
4204,0,0,0,0,411,106,4721,1128,5849,-0.00136125,0.044033,-0.999029,1
6102,0,0,0,0,667,181,6950,1735,8685,0.000516083,0.0577856,-0.998329,1
6785,0,0,0,0,865,201,7851,1774,9625,0.0121558,0.0450915,-0.998909,1
6468,0,0,0,0,777,199,7444,1801,9245,0.0165609,0.0394414,-0.999085,1
7028,0,0,0,0,832,218,8078,1905,9983,0.0284287,0.0374156,-0.998896,1
6261,0,0,0,0,910,221,7392,2037,9429,0.0319376,0.0487863,-0.998298,1
6548,0,0,0,0,910,234,7692,2174,9866,0.0372685,0.034649,-0.998704,1
4346,0,0,0,0,652,156,5154,1436,6590,0.029165,0.0321862,-0.999056,1
6426,0,0,0,0,903,221,7550,2156,9706,0.00521906,0.119826,-0.992781,1
6526,0,0,0,0,800,260,7586,1747,9333,-0.0284485,0.209428,-0.97741,1
5897,0,0,0,0,770,197,6864,1169,8033,-0.0703949,0.234572,-0.969546,1
5806,0,0,0,0,674,158,6638,1086,7724,-0.0842535,0.242241,-0.966551,1
6024,0,0,0,0,727,162,6913,1105,8018,-0.108776,0.292873,-0.949944,1
5995,0,0,0,0,676,184,6855,1019,7874,-0.119015,0.34859,-0.929688,1
4730,0,0,0,0,503,119,5352,791,6143,-0.118279,0.392615,-0.912066,1
6752,0,0,0,0,760,170,7682,1138,8820,-0.0966115,0.413457,-0.905384,1
6941,0,0,0,0,640,141,7722,1155,8877,-0.0805095,0.432611,-0.897979,1
7796,0,0,0,0,771,159,8726,1460,10186,-0.0644657,0.448183,-0.891615,1
6218,0,0,0,0,467,107,6792,1292,8084,-0.0624694,0.449824,-0.89093,1
6167,0,0,0,0,428,99,6694,1409,8103,-0.0631169,0.465114,-0.882998,1
5714,0,0,0,0,442,100,6256,1458,7714,-0.0466593,0.49291,-0.868828,1
7098,0,0,0,0,434,104,7636,1547,9183,-0.0284495,0.540085,-0.84113,1
5735,0,0,0,0,446,106,6287,1507,7794,-0.00543159,0.566593,-0.82398,1
6001,0,0,0,0,430,110,6541,1625,8166,0.0300234,0.601902,-0.798005,1
5536,0,0,0,0,428,100,6064,1724,7788,0.0663216,0.618245,-0.783182,1
5385,0,0,0,0,339,83,5807,1595,7402,0.089303,0.620805,-0.778862,1
6212,0,0,0,0,337,88,6637,1634,8271,0.113209,0.651902,-0.749806,1
5228,0,0,0,0,316,79,5623,-1000,-1000,-1,-1,-1,1
5270,0,0,0,0,354,80,5704,1857,7561,-0.00922499,0.0243125,-0.999662,1
5248,0,0,0,0,318,79,5645,1710,7355,-0.0115904,0.0586644,-0.99821,1
5672,0,0,0,0,332,91,6095,1589,7684,-0.0121214,0.0770374,-0.996955,1
5490,0,0,0,0,510,118,6118,1527,7645,-0.0227007,0.0448238,-0.998737,1
5483,0,0,0,0,363,95,5941,1458,7399,-0.0221247,0.0294273,-0.999322,1
6096,0,0,0,0,386,101,6583,1301,7884,-0.0296815,0.0128553,-0.999477,1
5316,0,0,0,0,419,107,5842,1317,7159,-0.0463435,-0.00675506,-0.998903,1
5704,0,0,0,0,454,117,6275,1243,7518,-0.0485937,-0.0200058,-0.998618,1
5511,0,0,0,0,540,131,6182,1201,7383,-0.0459185,-0.023225,-0.998675,1
5675,0,0,0,0,548,142,6365,1103,7468,-0.0327461,-0.0690975,-0.997072,1
5542,0,0,0,0,602,166,6310,1244,7554,-0.0275095,-0.0530183,-0.998214,1
5618,0,0,0,0,671,166,6455,1027,7482,-0.0246928,-0.0738043,-0.996967,1
5693,0,0,0,0,691,180,6564,1090,7654,-0.0225315,-0.068479,-0.997398,1
5431,0,0,0,0,719,184,6334,1073,7407,-0.0305042,-0.0665861,-0.997314,1
6227,0,0,0,0,737,202,7166,1156,8322,-0.0421145,-0.0622542,-0.997171,1
5333,0,0,0,0,753,194,6280,1104,7384,-0.0477795,-0.0934503,-0.994477,1
5297,0,0,0,0,770,193,6260,1158,7418,-0.0437915,-0.0931185,-0.994691,1
5413,0,0,0,0,786,221,6420,1111,7531,-0.0384116,-0.0924301,-0.994978,1
5754,0,0,0,0,806,205,6765,1099,7864,-0.0350103,-0.0903458,-0.995295,1
5312,0,0,0,0,812,208,6332,1280,7612,-0.0381098,-0.0958844,-0.994663,1
5737,0,0,0,0,845,218,6800,1268,8068,-0.0379144,-0.0999391,-0.994271,1
5481,0,0,0,0,946,221,6648,1415,8063,-0.0372287,-0.080211,-0.996082,1
5291,0,0,0,0,912,222,6425,1537,7962,-0.0423984,-0.0902242,-0.995019,1
5549,0,0,0,0,887,223,6659,1685,8344,-0.0320228,-0.0733788,-0.99679,1
5461,0,0,0,0,965,229,6655,1740,8395,-0.0191053,-0.0546191,-0.998325,1
5474,0,0,0,0,904,226,6604,1832,8436,-0.0192808,-0.0541947,-0.998344,1
5415,0,0,0,0,990,232,6637,1894,8531,-0.0132269,-0.0432587,-0.998977,1
5920,0,0,0,0,1300,233,7453,2091,9544,-0.00600913,-0.036547,-0.999314,1
3812,0,0,0,0,626,155,4593,1463,6056,-0.00185775,-0.037061,-0.999312,1
6261,0,0,0,0,904,219,7384,2320,9704,0.0140502,-0.0229543,-0.999638,1
5284,0,0,0,0,903,235,6422,2511,8933,0.0314626,-0.0246041,-0.999202,1
5613,0,0,0,0,941,235,6789,2676,9465,0.0514178,-0.0186424,-0.998503,1
5280,0,0,0,0,898,206,6384,2570,8954,0.0623792,-0.0163068,-0.99792,1
5412,0,0,0,0,818,196,6426,2982,9408,0.06817,-0.0194708,-0.997484,1
5594,0,0,0,0,801,210,6605,3105,9710,0.0874475,-0.0188585,-0.995991,1
5806,0,0,0,0,807,186,6799,3602,10401,0.0960626,-0.0258629,-0.995039,1
5679,0,0,0,0,770,175,6624,3639,10263,0.125613,-0.0388983,-0.991317,1
5788,0,0,0,0,748,171,6707,3388,10095,0.132286,-0.0595778,-0.98942,1
5900,0,0,0,0,714,163,6777,2964,9741,0.125757,-0.0730361,-0.989369,1
5860,0,0,0,0,667,154,6681,2579,9260,0.132054,-0.0788905,-0.988098,1
5933,0,0,0,0,629,148,6710,2127,8837,0.144289,-0.101441,-0.984322,1
5898,0,0,0,0,642,143,6683,1601,8284,0.139727,-0.106031,-0.984497,1
5717,0,0,0,0,637,138,6492,1675,8167,0.139387,-0.0995514,-0.985221,1
6516,0,0,0,0,660,149,7325,2084,9409,0.130386,-0.0864212,-0.98769,1
6068,0,0,0,0,938,160,7166,1627,8793,0.104181,-0.084084,-0.990998,1
3964,0,0,0,0,487,101,4552,1585,6137,0.0867341,-0.0837432,-0.992706,1
6126,0,0,0,0,594,146,6866,2056,8922,0.0880437,-0.104999,-0.990568,1
6157,0,0,0,0,716,160,7033,2387,9420,0.0762599,-0.119276,-0.989928,1
5918,0,0,0,0,761,168,6847,2218,9065,0.0764557,-0.130478,-0.988499,1
5763,0,0,0,0,770,175,6708,1804,8512,0.0747202,-0.134801,-0.988051,1
3861,0,0,0,0,525,122,4508,1103,5611,0.0683444,-0.139326,-0.987885,1
5607,0,0,0,0,734,167,6508,1335,7843,0.0727003,-0.145855,-0.986631,1
6035,0,0,0,0,805,197,7037,1381,8418,0.0744388,-0.141184,-0.987181,1
5426,0,0,0,0,672,161,6259,1288,7547,0.0748534,-0.144794,-0.986626,1
5268,0,0,0,0,678,160,6106,1515,7621,0.0765115,-0.147968,-0.986028,1
5271,0,0,0,0,705,164,6140,1550,7690,0.0583464,-0.147245,-0.987378,1
5174,0,0,0,0,685,163,6022,2011,8033,0.0501074,-0.153473,-0.986882,1
5765,0,0,0,0,670,169,6604,1816,8420,0.0445222,-0.156698,-0.986643,1
5138,0,0,0,0,728,165,6031,1823,7854,0.0386491,-0.163538,-0.98578,1
5165,0,0,0,0,656,158,5979,1554,7533,0.0367598,-0.170216,-0.984721,1
5148,0,0,0,0,614,151,5913,1619,7532,0.0316215,-0.173824,-0.984269,1
4935,0,0,0,0,609,147,5691,1586,7277,0.0304617,-0.182632,-0.982709,1
5883,0,0,0,0,677,168,6728,1389,8117,0.0294852,-0.185223,-0.982254,1
5411,0,0,0,0,600,188,6199,1165,7364,0.0402141,-0.19253,-0.980467,1
5430,0,0,0,0,594,151,6175,1063,7238,0.0497957,-0.202409,-0.978034,1
5726,0,0,0,0,927,215,6868,1055,7923,0.0519246,-0.214038,-0.975444,1
5150,0,0,0,0,586,148,5884,921,6805,0.051813,-0.212226,-0.975846,1
6001,0,0,0,0,688,169,6858,1039,7897,0.0504183,-0.20816,-0.976795,1
5762,0,0,0,0,657,198,6617,986,7603,0.0483703,-0.206493,-0.977252,1
5943,0,0,0,0,644,168,6755,960,7715,0.0579173,-0.221543,-0.973429,1
5948,0,0,0,0,674,165,6787,1003,7790,0.0560458,-0.230074,-0.971558,1
5946,0,0,0,0,603,170,6719,924,7643,0.0573515,-0.241316,-0.968751,1
6233,0,0,0,0,617,156,7006,894,7900,0.0576158,-0.248148,-0.967007,1
5251,0,0,0,0,383,95,5729,616,6345,0.0549211,-0.252419,-0.966058,1
3934,0,0,0,0,328,86,4348,658,5006,0.0445644,-0.231154,-0.971896,1
5408,0,0,0,0,457,113,5978,872,6850,0.0379661,-0.226986,-0.973158,1
5480,0,0,0,0,411,107,5998,802,6800,0.0382255,-0.230594,-0.972299,1
5935,0,0,0,0,398,104,6437,812,7249,0.0303678,-0.233687,-0.971838,1
5086,0,0,0,0,387,99,5572,815,6387,0.0272354,-0.232037,-0.972326,1
6143,0,0,0,0,411,108,6662,860,7522,0.0213586,-0.22799,-0.973429,1
5783,0,0,0,0,446,109,6338,880,7218,0.032296,-0.242352,-0.969651,1
5866,0,0,0,0,393,104,6363,848,7211,0.0326115,-0.231297,-0.972337,1
5863,0,0,0,0,385,112,6360,840,7200,0.0414239,-0.245127,-0.968606,1
5729,0,0,0,0,485,109,6323,858,7181,0.0448146,-0.262353,-0.963931,1
5826,0,0,0,0,453,112,6391,814,7205,0.0437441,-0.259653,-0.964711,1
5824,0,0,0,0,488,129,6441,880,7321,0.0364935,-0.270384,-0.96206,1
6142,0,0,0,0,590,148,6880,894,7774,0.0208562,-0.240862,-0.970335,1
6060,0,0,0,0,616,158,6834,853,7687,0.0123549,-0.217207,-0.976047,1
6299,0,0,0,0,671,168,7138,965,8103,0.0176522,-0.228258,-0.973441,1
6358,0,0,0,0,718,184,7260,844,8104,0.0171521,-0.233101,-0.972301,1
4264,0,0,0,0,573,132,4969,672,5641,0.0348347,-0.284908,-0.957921,1
4215,0,0,0,0,523,137,4875,654,5529,0.0484051,-0.332969,-0.941695,1
6308,0,0,0,0,838,240,7386,968,8354,0.0563228,-0.349718,-0.93516,1
4151,0,0,0,0,645,190,4986,699,5685,0.0555724,-0.377478,-0.92435,1
4817,0,0,0,0,600,212,5629,778,6407,0.0481818,-0.346139,-0.936945,1
6484,0,0,0,0,943,241,7668,1275,8943,0.0311944,-0.304966,-0.951853,1
6658,0,0,0,0,977,248,7883,1317,9200,0.0366741,-0.338975,-0.94008,1
6726,0,0,0,0,643,165,7534,850,8384,0.0284511,-0.313425,-0.949187,1
4639,0,0,0,0,694,172,5505,907,6412,0.00543726,-0.217613,-0.97602,1
6068,0,0,0,0,882,225,7175,1171,8346,-0.00542028,-0.201539,-0.979465,1
5828,0,0,0,0,900,221,6949,1213,8162,-0.0237135,-0.156694,-0.987362,1
5954,0,0,0,0,894,238,7086,1314,8400,-0.0393965,-0.12332,-0.991585,1
5676,0,0,0,0,952,222,6850,1266,8116,-0.0364413,-0.145924,-0.988625,1
5797,0,0,0,0,930,218,6945,1316,8261,-0.035215,-0.152815,-0.987627,1
5629,0,0,0,0,811,208,6648,1579,8227,-0.0354462,-0.134429,-0.990289,1
5982,0,0,0,0,778,202,6962,1661,8623,-0.0349021,-0.149073,-0.98821,1
6678,0,0,0,0,756,188,7622,1843,9465,-0.0166294,-0.171112,-0.985112,1
5843,0,0,0,0,659,163,6665,2257,8922,-0.0102316,-0.180787,-0.983469,1
5717,0,0,0,0,608,151,6476,1795,8271,-0.0146998,-0.228121,-0.973522,1
5875,0,0,0,0,582,146,6603,1147,7750,-0.0250041,-0.281478,-0.959242,1
6683,0,0,0,0,665,156,7504,1140,8644,-0.0306738,-0.331078,-0.943105,1
6695,0,0,0,0,732,161,7588,1243,8831,-0.0277625,-0.465341,-0.884696,1
5538,0,0,0,0,583,115,6236,902,7138,-0.0370429,-0.473746,-0.879882,1
2135,0,0,0,0,237,55,2427,425,2852,-0.0416534,-0.475175,-0.878905,1
3944,0,0,0,0,438,103,4485,731,5216,-0.0167146,-0.560758,-0.827811,1
6322,0,0,0,0,635,156,7113,1131,8244,0.00891981,-0.647956,-0.761626,1
5667,0,0,0,0,628,145,6440,1123,7563,0.00440858,-0.68397,-0.729497,1
5868,0,0,0,0,530,132,6530,-1000,-1000,-1,-1,-1,1
5366,0,0,0,0,435,107,5908,1497,7405,0.00504155,-0.137557,-0.990481,1
5637,0,0,0,0,377,98,6112,1978,8090,0.0250444,-0.262129,-0.964708,1
4396,0,0,0,0,286,65,4747,1315,6062,0.0404312,-0.303319,-0.952031,1
5400,0,0,0,0,345,89,5834,1621,7455,0.0333564,-0.302936,-0.952427,1
6377,0,0,0,0,440,113,6930,1826,8756,0.0228412,-0.30053,-0.953499,1
6237,0,0,0,0,531,137,6905,1692,8597,0.0190227,-0.305722,-0.951931,1
6410,0,0,0,0,629,163,7202,1597,8799,0.0183276,-0.282065,-0.95922,1
6296,0,0,0,0,722,186,7204,1441,8645,0.0155795,-0.309739,-0.950694,1
5692,0,0,0,0,749,186,6627,1249,7876,0.0227728,-0.267086,-0.963403,1
5731,0,0,0,0,784,204,6719,1051,7770,0.0453105,-0.358675,-0.932362,1
6555,0,0,0,0,948,243,7746,892,8638,0.0283623,-0.302045,-0.952872,1
6337,0,0,0,0,989,244,7570,1138,8708,0.0188756,-0.314258,-0.94915,1
6264,0,0,0,0,960,269,7493,810,8303,0.0237569,-0.267194,-0.96335,1
5779,0,0,0,0,859,231,6869,772,7641,0.0233426,-0.297185,-0.954535,1
5396,0,0,0,0,871,221,6488,790,7278,0.0260301,-0.317416,-0.947929,1
5392,0,0,0,0,888,220,6500,916,7416,0.035262,-0.315445,-0.948289,1
6044,0,0,0,0,951,243,7238,1069,8307,0.0218834,-0.315684,-0.948612,1
5942,0,0,0,0,905,242,7089,1012,8101,-0.000679521,-0.308476,-0.951232,1
5817,0,0,0,0,1243,284,7344,1166,8510,-0.0268887,-0.430552,-0.902165,1
6345,0,0,0,0,760,194,7299,1188,8487,-0.0274804,-0.438604,-0.89826,1
3158,0,0,0,0,334,84,3576,706,4282,-0.0113715,-0.353594,-0.93533,1
2300,0,0,0,0,227,54,2581,941,3522,-0.00813831,-0.32796,-0.944656,1
5582,0,0,0,0,505,119,6206,2743,8949,-0.0209741,-0.460046,-0.887647,1
5628,0,0,0,0,494,114,6236,2384,8620,-0.0237693,-0.456395,-0.88946,1
2962,0,0,0,0,267,60,3289,936,4225,-0.0326077,-0.430761,-0.901876,1
2241,0,0,0,0,210,49,2500,753,3253,-0.0549961,-0.45106,-0.890797,1
5778,0,0,0,0,540,125,6443,1718,8161,-0.0903181,-0.496034,-0.863593,1
5450,0,0,0,0,587,133,6170,1536,7706,-0.145014,-0.542527,-0.827427,1
5583,0,0,0,0,597,141,6321,1448,7769,-0.188533,-0.592197,-0.783427,1
6318,0,0,0,0,660,164,7142,-1000,-1000,-1,-1,-1,1
6209,0,0,0,0,709,179,7097,1995,9092,-0.0926622,-0.224522,-0.970054,1
3115,0,0,0,0,378,95,3588,908,4496,-0.0812962,-0.256823,-0.963033,1
2230,0,0,0,0,298,75,2603,402,3005,-0.0752086,-0.280341,-0.95695,1
6341,0,0,0,0,1188,300,7829,1242,9071,-0.0959012,-0.439005,-0.893352,1
3063,0,0,0,0,402,100,3565,500,4065,-0.080007,-0.402036,-0.912122,1
2315,0,0,0,0,287,73,2675,300,2975,-0.0381224,-0.333983,-0.941808,1
5947,0,0,0,0,739,184,6870,652,7522,-0.0289991,-0.391474,-0.919732,1
5871,0,0,0,0,499,124,6494,668,7162,-0.0213499,-0.399854,-0.91633,1
6203,0,0,0,0,371,104,6678,719,7397,-0.0496923,-0.390539,-0.919244,1
5092,0,0,0,0,348,100,5540,725,6265,-0.0805118,-0.378781,-0.921978,1
5164,0,0,0,0,451,116,5731,816,6547,-0.084947,-0.354746,-0.931096,1
5955,0,0,0,0,669,169,6793,985,7778,-0.0486446,-0.338522,-0.9397,1
5651,0,0,0,0,662,173,6486,1022,7508,-0.0239762,-0.335042,-0.941898,1
5779,0,0,0,0,780,206,6765,1055,7820,-0.022608,-0.329069,-0.944035,1
5598,0,0,0,0,773,196,6567,1253,7820,-0.0212964,-0.328909,-0.944122,1
5753,0,0,0,0,804,205,6762,1333,8095,-0.0190544,-0.321553,-0.9467,1
5848,0,0,0,0,811,207,6866,1345,8211,-0.0183781,-0.311498,-0.950069,1
6518,0,0,0,0,948,233,7699,1837,9536,-0.00852123,-0.313931,-0.949407,1
6039,0,0,0,0,1196,285,7520,1685,9205,-0.0107748,-0.297411,-0.954689,1
3948,0,0,0,0,527,136,4611,1030,5641,-0.0153254,-0.29572,-0.955152,1
6646,0,0,0,0,890,220,7756,1423,9179,-0.0320727,-0.351766,-0.935538,1
5522,0,0,0,0,512,129,6163,914,7077,-0.0413941,-0.386309,-0.92144,1
4901,0,0,0,0,496,130,5527,942,6469,-0.0387045,-0.479361,-0.876764,1
6274,0,0,0,0,759,190,7223,1100,8323,-0.0102374,-0.564404,-0.825435,1
6333,0,0,0,0,789,184,7306,913,8219,0.0140636,-0.641392,-0.767084,1
6431,0,0,0,0,681,185,7297,-1000,-1000,-1,-1,-1,1
6673,0,0,0,0,647,152,7472,3754,11226,0.00225134,-0.11999,-0.992773,1
5893,0,0,0,0,545,132,6570,4663,11233,-0.011052,-0.211939,-0.97722,1
6482,0,0,0,0,632,147,7261,3130,10391,-0.0175631,-0.325264,-0.94546,1
6540,0,0,0,0,680,156,7376,3008,10384,-0.0761634,-0.525952,-0.847097,1
5792,0,0,0,0,632,166,6590,1814,8404,-0.083868,-0.565301,-0.82061,1
3039,0,0,0,0,368,82,3489,975,4464,-0.074496,-0.556419,-0.827556,1
2393,0,0,0,0,276,65,2734,665,3399,-0.0859135,-0.605373,-0.791291,1
5649,0,0,0,0,642,153,6444,1361,7805,-0.0988438,-0.682583,-0.724092,1
5586,0,0,0,0,579,153,6318,-1000,-1000,-1,-1,-1,1
5665,0,0,0,0,521,139,6325,1466,7791,-0.037282,-0.11726,-0.992401,1
5791,0,0,0,0,484,148,6423,1978,8401,-0.0229251,-0.238092,-0.970972,1
5542,0,0,0,0,439,113,6094,1953,8047,-0.00532466,-0.31164,-0.950186,1
5706,0,0,0,0,411,105,6222,1814,8036,0.00125004,-0.324968,-0.945724,1
6067,0,0,0,0,497,119,6683,1533,8216,0.0039101,-0.32338,-0.946261,1
5679,0,0,0,0,594,164,6437,1411,7848,0.000610619,-0.351384,-0.936232,1
6005,0,0,0,0,735,184,6924,1317,8241,-0.0056668,-0.330345,-0.943843,1
5778,0,0,0,0,776,240,6794,1268,8062,0.000288094,-0.334119,-0.942531,1
5757,0,0,0,0,824,206,6787,1244,8031,0.00630111,-0.327849,-0.944709,1
6082,0,0,0,0,861,217,7160,1226,8386,0.00717657,-0.344337,-0.938819,1
3488,0,0,0,0,443,130,4061,673,4734,0.00438008,-0.342816,-0.939392,1
4405,0,0,0,0,691,183,5279,1130,6409,0.00365142,-0.341129,-0.940009,1
5359,0,0,0,0,1166,324,6849,1692,8541,0.0123254,-0.359379,-0.93311,1
5221,0,0,0,0,863,215,6299,1550,7849,0.024311,-0.344224,-0.938573,1
5125,0,0,0,0,826,198,6149,1630,7779,0.0272889,-0.337852,-0.940804,1
5412,0,0,0,0,681,171,6264,1828,8092,0.0353762,-0.352995,-0.934956,1
5463,0,0,0,0,659,146,6268,2159,8427,0.0297677,-0.351566,-0.93569,1
5523,0,0,0,0,526,126,6175,2400,8575,0.00589177,-0.394097,-0.91905,1
5766,0,0,0,0,538,121,6425,2544,8969,0.0225696,-0.403819,-0.91456,1
6732,0,0,0,0,533,122,7387,2175,9562,0.0245521,-0.4051,-0.913943,1
5726,0,0,0,0,591,132,6449,1467,7916,0.0262952,-0.421371,-0.906508,1
4401,0,0,0,0,410,96,4907,924,5831,0.0193708,-0.463426,-0.885924,1
5539,0,0,0,0,603,141,6283,1226,7509,0.0449084,-0.543584,-0.838153,1
5712,0,0,0,0,647,150,6509,1115,7624,0.0526673,-0.616618,-0.785499,1
5338,0,0,0,0,697,172,6207,1027,7234,0.0755635,-0.647948,-0.757927,1
5334,0,0,0,0,678,170,6182,892,7074,0.121343,-0.668351,-0.733882,1
6154,0,0,0,0,718,181,7053,968,8021,0.116346,-0.68984,-0.714552,1
5409,0,0,0,0,746,189,6344,-1000,-1000,-1,-1,-1,1
5637,0,0,0,0,782,196,6615,1183,7798,-0.00619609,-0.229415,-0.973309,1
5221,0,0,0,0,680,175,6076,1157,7233,-0.0243972,-0.323502,-0.945913,1
5339,0,0,0,0,638,165,6142,1020,7162,-0.0224047,-0.284591,-0.958387,1
5200,0,0,0,0,570,146,5916,1178,7094,-0.0206517,-0.31841,-0.947728,1
5526,0,0,0,0,489,125,6140,1182,7322,-0.0036564,-0.330568,-0.943775,1
5334,0,0,0,0,427,111,5872,1122,6994,0.00311733,-0.325402,-0.945571,1
5287,0,0,0,0,376,100,5763,1083,6846,0.00353652,-0.320725,-0.947166,1
5656,0,0,0,0,380,99,6135,1083,7218,-0.0108982,-0.329192,-0.9442,1
5414,0,0,0,0,399,106,5919,1037,6956,-0.0133668,-0.319281,-0.947566,1
6109,0,0,0,0,450,119,6678,1289,7967,0.0136625,-0.323377,-0.946172,1
5878,0,0,0,0,539,140,6557,1315,7872,0.0281044,-0.303859,-0.952302,1
5493,0,0,0,0,701,183,6377,1338,7715,0.0417371,-0.335187,-0.941227,1
6274,0,0,0,0,715,185,7174,1457,8631,0.0448842,-0.338939,-0.939737,1
6602,0,0,0,0,871,229,7702,1445,9147,0.0373092,-0.310118,-0.949966,1
6457,0,0,0,0,898,231,7586,1669,9255,0.0392427,-0.269051,-0.962326,1
6287,0,0,0,0,882,226,7395,1791,9186,0.039245,-0.307064,-0.95088,1
5737,0,0,0,0,775,193,6705,1739,8444,0.0306834,-0.350378,-0.936106,1
5679,0,0,0,0,695,175,6549,1434,7983,0.0228697,-0.398402,-0.916926,1
5617,0,0,0,0,628,154,6399,1029,7428,0.00114104,-0.429128,-0.903243,1
6013,0,0,0,0,620,147,6780,1025,7805,-0.0229746,-0.460817,-0.887198,1
5832,0,0,0,0,608,136,6576,1138,7714,-0.035883,-0.49548,-0.867878,1
6033,0,0,0,0,604,137,6774,1299,8073,-0.0352353,-0.535911,-0.843539,1
3879,0,0,0,0,322,74,4275,617,4892,-0.0299113,-0.595911,-0.802494,1
6276,0,0,0,0,707,182,7165,1314,8479,-0.048169,-0.617618,-0.785002,1
5878,0,0,0,0,685,185,6748,1165,7913,-0.0639516,-0.63746,-0.767825,1
3979,0,0,0,0,485,111,4575,835,5410,-0.0652989,-0.658909,-0.749383,1
6575,0,0,0,0,702,168,7445,1142,8587,-0.0786469,-0.697818,-0.711944,1
5837,0,0,0,0,987,230,7054,-1000,-1000,-1,-1,-1,1
5565,0,0,0,0,650,160,6375,1500,7875,-0.0139254,-0.170274,-0.985299,1
6022,0,0,0,0,610,154,6786,2534,9320,0.0147365,-0.322759,-0.946367,1
5687,0,0,0,0,590,141,6418,1853,8271,0.0285121,-0.413059,-0.910258,1
5836,0,0,0,0,472,142,6450,1213,7663,0.0431387,-0.481854,-0.875189,1
5649,0,0,0,0,458,113,6220,1022,7242,0.0456713,-0.469981,-0.881495,1
5560,0,0,0,0,441,117,6118,1121,7239,0.054347,-0.456058,-0.888289,1
5634,0,0,0,0,563,163,6360,1237,7597,0.0549723,-0.466057,-0.883045,1
5570,0,0,0,0,630,161,6361,1188,7549,0.038882,-0.533311,-0.845025,1
5612,0,0,0,0,722,178,6512,1187,7699,0.036007,-0.526289,-0.849543,1
5663,0,0,0,0,754,193,6610,1158,7768,0.0407262,-0.463463,-0.88518,1
5744,0,0,0,0,815,208,6767,1147,7914,0.025846,-0.413111,-0.910314,1
5822,0,0,0,0,836,216,6874,1236,8110,0.0101609,-0.374755,-0.927068,1
5803,0,0,0,0,854,221,6878,1256,8134,0.00107983,-0.375271,-0.926915,1
5596,0,0,0,0,837,214,6647,1330,7977,-0.00172235,-0.373051,-0.927809,1
5679,0,0,0,0,836,216,6731,1415,8146,0.0110133,-0.371703,-0.928286,1
5348,0,0,0,0,786,195,6329,1481,7810,0.0329588,-0.399672,-0.916066,1
5311,0,0,0,0,739,178,6228,1536,7764,0.040387,-0.375236,-0.926049,1
6124,0,0,0,0,743,184,7051,1843,8894,0.0427665,-0.347783,-0.936599,1
5331,0,0,0,0,618,147,6096,1933,8029,0.0301775,-0.313338,-0.949162,1
6189,0,0,0,0,572,136,6897,2374,9271,0.0241024,-0.303318,-0.952585,1
5470,0,0,0,0,547,129,6146,2912,9058,0.0182303,-0.299597,-0.953892,1
5579,0,0,0,0,546,124,6249,2940,9189,0.0151311,-0.280018,-0.959875,1
5640,0,0,0,0,559,129,6328,3178,9506,0.027671,-0.269296,-0.96266,1
5708,0,0,0,0,563,130,6401,2995,9396,0.0464044,-0.286643,-0.956913,1
5755,0,0,0,0,583,135,6473,2384,8857,0.0427142,-0.284629,-0.957686,1
5670,0,0,0,0,641,142,6453,2149,8602,0.0446574,-0.287445,-0.956756,1
5604,0,0,0,0,642,143,6389,1871,8260,0.0370625,-0.309471,-0.950186,1
5473,0,0,0,0,627,155,6255,1349,7604,0.0335667,-0.305472,-0.951609,1
5603,0,0,0,0,691,173,6467,975,7442,0.0497677,-0.375093,-0.925651,1
5421,0,0,0,0,712,166,6299,685,6984,0.046634,-0.382887,-0.922618,1
3524,0,0,0,0,355,88,3967,476,4443,0.0533,-0.409511,-0.910747,1
5708,0,0,0,0,690,176,6574,993,7567,0.0693777,-0.485559,-0.871447,1
5666,0,0,0,0,730,188,6584,950,7534,0.0741285,-0.543808,-0.835929,1
5920,0,0,0,0,840,208,6968,1182,8150,0.0786847,-0.613177,-0.786018,1
3709,0,0,0,0,520,130,4359,660,5019,0.0915692,-0.675856,-0.731324,1
2738,0,0,0,0,390,98,3226,-1000,-1000,-1,-1,-1,1
5324,0,0,0,0,714,187,6225,814,7039,0.031275,-0.236014,-0.971246,1
5412,0,0,0,0,700,181,6293,1005,7298,0.0254271,-0.282493,-0.958932,1
5956,0,0,0,0,749,200,6905,1068,7973,0.027438,-0.30033,-0.953441,1
6546,0,0,0,0,604,158,7308,997,8305,0.0192947,-0.292213,-0.956159,1
5459,0,0,0,0,517,133,6109,1053,7162,0.0307523,-0.293197,-0.955557,1
5377,0,0,0,0,434,114,5925,1091,7016,0.0433682,-0.296666,-0.953996,1
5530,0,0,0,0,389,101,6020,1051,7071,0.047705,-0.342218,-0.938409,1
5302,0,0,0,0,379,98,5779,1045,6824,0.042326,-0.33044,-0.942877,1
5295,0,0,0,0,404,124,5823,1147,6970,0.0393356,-0.336559,-0.940841,1
5462,0,0,0,0,457,121,6040,1187,7227,0.0357956,-0.339089,-0.940073,1
5496,0,0,0,0,547,143,6186,1258,7444,0.0321292,-0.304176,-0.952074,1
5465,0,0,0,0,629,163,6257,1353,7610,0.0355331,-0.28419,-0.958109,1
5842,0,0,0,0,705,181,6728,1510,8238,0.0299606,-0.254599,-0.966582,1
5816,0,0,0,0,817,199,6832,1531,8363,0.0386182,-0.264885,-0.963506,1
6165,0,0,0,0,910,206,7281,1330,8611,0.0489691,-0.260052,-0.964353,1
5994,0,0,0,0,782,203,6979,1853,8832,0.0645082,-0.252059,-0.96556,1
5604,0,0,0,0,928,266,6798,1499,8297,0.0532825,-0.232195,-0.971209,1
6425,0,0,0,0,757,191,7373,1897,9270,0.0401818,-0.266634,-0.96296,1
5576,0,0,0,0,728,179,6483,1975,8458,0.0422815,-0.314112,-0.948444,1
6800,0,0,0,0,711,180,7691,2195,9886,0.0890222,-0.482177,-0.87154,1
5750,0,0,0,0,602,147,6499,1131,7630,0.108583,-0.577753,-0.808957,1
2723,0,0,0,0,235,55,3013,400,3413,0.116803,-0.5964,-0.794143,1
3342,0,0,0,0,315,73,3730,390,4120,0.100849,-0.637632,-0.763711,1
5619,0,0,0,0,612,127,6358,587,6945,0.0870518,-0.64937,-0.755474,1
5738,0,0,0,0,586,131,6455,646,7101,0.0177163,-0.603249,-0.797356,1
5705,0,0,0,0,627,140,6472,799,7271,-0.0315984,-0.601546,-0.798213,1
5752,0,0,0,0,642,146,6540,1023,7563,-0.0524507,-0.661146,-0.748421,1
5857,0,0,0,0,681,157,6695,-1000,-1000,-1,-1,-1,1
4882,0,0,0,0,485,123,5490,575,6065,-0.00321549,-0.0715173,-0.997434,1
2610,0,0,0,0,286,69,2965,473,3438,-0.0103116,-0.147611,-0.988992,1
2305,0,0,0,0,276,69,2650,908,3558,-0.0209994,-0.243778,-0.969604,1
5734,0,0,0,0,652,164,6550,2486,9036,-0.0171181,-0.328344,-0.944403,1
5688,0,0,0,0,615,155,6458,2214,8672,-0.0092103,-0.354521,-0.935003,1
5618,0,0,0,0,513,133,6264,1809,8073,0.0147061,-0.359222,-0.933136,1
5566,0,0,0,0,436,113,6115,1596,7711,0.0517536,-0.360618,-0.931277,1
5557,0,0,0,0,420,103,6080,1275,7355,0.0602668,-0.331831,-0.941412,1
5695,0,0,0,0,421,109,6225,1236,7461,0.043958,-0.297671,-0.953656,1
5695,0,0,0,0,602,170,6467,1247,7714,0.0494003,-0.264465,-0.963129,1
5796,0,0,0,0,656,163,6615,1217,7832,0.0465334,-0.302159,-0.952121,1
5763,0,0,0,0,744,181,6688,1004,7692,0.0468105,-0.340598,-0.939043,1
5873,0,0,0,0,825,199,6897,992,7889,0.0391354,-0.356557,-0.933454,1
5868,0,0,0,0,842,211,6921,931,7852,0.0332973,-0.359358,-0.932606,1
5652,0,0,0,0,838,212,6702,935,7637,0.0294559,-0.355125,-0.934355,1
5398,0,0,0,0,809,204,6411,969,7380,0.0288981,-0.332406,-0.942694,1
5318,0,0,0,0,813,197,6328,1112,7440,0.0226864,-0.335171,-0.941885,1
5314,0,0,0,0,768,185,6267,1082,7349,0.0258323,-0.430643,-0.902153,1
5268,0,0,0,0,744,224,6236,897,7133,0.0297153,-0.360248,-0.932383,1
3584,0,0,0,0,439,104,4127,916,5043,0.0272019,-0.337892,-0.940792,1
5327,0,0,0,0,550,129,6006,1934,7940,0.00331391,-0.36345,-0.931608,1
5642,0,0,0,0,521,124,6287,2591,8878,-0.00264166,-0.504985,-0.863124,1
5741,0,0,0,0,532,121,6394,2609,9003,0.00517117,-0.486318,-0.873767,1
2981,0,0,0,0,256,52,3289,1079,4368,0.00588817,-0.393746,-0.9192,1
2299,0,0,0,0,226,53,2578,978,3556,-0.00402108,-0.342137,-0.939642,1
5696,0,0,0,0,600,136,6432,2168,8600,0.00505041,-0.327558,-0.944818,1
5940,0,0,0,0,629,145,6714,2377,9091,0.00690777,-0.313931,-0.94942,1
5534,0,0,0,0,615,147,6296,2128,8424,0.017947,-0.3083,-0.95112,1
5957,0,0,0,0,622,148,6727,1243,7970,0.00356336,-0.302984,-0.952989,1
5368,0,0,0,0,632,152,6152,915,7067,0.00578219,-0.330034,-0.943952,1
5386,0,0,0,0,685,162,6233,952,7185,0.0388311,-0.394137,-0.918231,1
5331,0,0,0,0,712,173,6216,923,7139,0.0635442,-0.479741,-0.875106,1
5410,0,0,0,0,804,191,6405,745,7150,0.0776852,-0.538496,-0.83904,1
5395,0,0,0,0,778,209,6382,821,7203,0.10263,-0.58281,-0.806101,1
5417,0,0,0,0,796,196,6409,869,7278,0.111337,-0.654012,-0.748246,1
6363,0,0,0,0,751,214,7328,-1000,-1000,-1,-1,-1,1
5299,0,0,0,0,732,179,6210,804,7014,0.0195084,-0.23376,-0.972098,1
5415,0,0,0,0,773,180,6368,847,7215,0.0345249,-0.289917,-0.956429,1
5358,0,0,0,0,656,171,6185,1111,7296,0.0333499,-0.31016,-0.950099,1
5306,0,0,0,0,663,181,6150,880,7030,0.0377257,-0.30402,-0.951919,1
5308,0,0,0,0,571,174,6053,903,6956,0.0477497,-0.317764,-0.946967,1
5197,0,0,0,0,509,128,5834,819,6653,0.0515147,-0.316878,-0.947066,1
5432,0,0,0,0,454,117,6003,683,6686,0.0722433,-0.321581,-0.944122,1
5200,0,0,0,0,468,112,5780,665,6445,0.0875008,-0.321358,-0.942907,1
5213,0,0,0,0,366,95,5674,783,6457,0.0979946,-0.356957,-0.928967,1
5099,0,0,0,0,366,96,5561,959,6520,0.0861365,-0.348768,-0.933243,1
5345,0,0,0,0,388,101,5834,909,6743,0.0758894,-0.342346,-0.936504,1
5379,0,0,0,0,657,175,6211,1112,7323,0.0484605,-0.325103,-0.944436,1
5377,0,0,0,0,539,163,6079,993,7072,0.017887,-0.294231,-0.955567,1
5610,0,0,0,0,693,183,6486,1122,7608,0.0148198,-0.306754,-0.951673,1
5541,0,0,0,0,487,126,6154,844,6998,0.0154529,-0.271372,-0.96235,1
5594,0,0,0,0,856,197,6647,1096,7743,0.0203043,-0.252163,-0.967472,1
5840,0,0,0,0,915,201,6956,1244,8200,0.00350444,-0.254466,-0.967076,1
6534,0,0,0,0,892,221,7647,1632,9279,0.000379939,-0.354499,-0.935057,1
4621,0,0,0,0,494,125,5240,943,6183,0.00794637,-0.376909,-0.926216,1
3021,0,0,0,0,350,86,3457,772,4229,0.0180543,-0.426865,-0.904135,1
5771,0,0,0,0,626,153,6550,1209,7759,0.0251944,-0.545375,-0.837813,1
5627,0,0,0,0,670,145,6442,875,7317,0.0166598,-0.628165,-0.777902,1
5769,0,0,0,0,625,136,6530,647,7177,-0.00145843,-0.676312,-0.736614,1
6148,0,0,0,0,563,142,6853,654,7507,-0.0417591,-0.663231,-0.747249,1
6189,0,0,0,0,573,133,6895,645,7540,-0.0631537,-0.664446,-0.744663,1
6531,0,0,0,0,681,139,7351,641,7992,-0.0664426,-0.691799,-0.719027,1
5622,0,0,0,0,610,152,6384,-1000,-1000,-1,-1,-1,1
5676,0,0,0,0,631,144,6451,3264,9715,-0.00224382,-0.0565376,-0.998398,1
5600,0,0,0,0,648,158,6406,4440,10846,0.00872544,-0.0861758,-0.996242,1
5570,0,0,0,0,646,146,6362,4498,10860,0.0125307,-0.0849197,-0.996309,1
5662,0,0,0,0,644,148,6454,4296,10750,0.0122706,-0.0704642,-0.997439,1
6436,0,0,0,0,721,169,7326,4750,12076,0.00120504,-0.0350463,-0.999385,1
5224,0,0,0,0,482,130,5836,2708,8544,-0.00514081,-0.0358816,-0.999343,1
2491,0,0,0,0,306,68,2865,1753,4618,-0.00675761,-0.0459037,-0.998923,1
6383,0,0,0,0,736,170,7289,4336,11625,-0.0184284,-0.0544763,-0.998345,1
6267,0,0,0,0,729,167,7163,4653,11816,-0.0152129,-0.0795746,-0.996713,1
6658,0,0,0,0,751,172,7581,4693,12274,-0.00645146,-0.0765926,-0.997042,1
3960,0,0,0,0,363,84,4407,2249,6656,-0.00372962,-0.070465,-0.997507,1
2498,0,0,0,0,296,69,2863,1847,4710,0.00116034,-0.0625317,-0.998042,1
6446,0,0,0,0,810,173,7429,4237,11666,0.00305436,-0.0499235,-0.998748,1
6044,0,0,0,0,649,153,6846,4206,11052,0.00210624,-0.0472419,-0.998881,1
5628,0,0,0,0,666,152,6446,4076,10522,0.00505439,-0.0557987,-0.998429,1
5105,0,0,0,0,620,160,5885,3617,9502,0.0388681,-0.0590043,-0.997501,1
5601,0,0,0,0,656,169,6426,4290,10716,0.0479692,-0.0490675,-0.997643,1
5653,0,0,0,0,641,169,6463,3931,10394,0.0231014,-0.0388966,-0.998976,1
5612,0,0,0,0,614,144,6370,4100,10470,0.0190035,-0.0378317,-0.999103,1
5594,0,0,0,0,623,166,6383,4072,10455,0.0225741,-0.0652195,-0.997616,1
2952,0,0,0,0,326,89,3367,1887,5254,0.0119296,-0.0776655,-0.996908,1
2293,0,0,0,0,264,74,2631,1642,4273,0.00196744,-0.0819011,-0.996639,1
5593,0,0,0,0,637,151,6381,4158,10539,-0.00327531,-0.0799569,-0.996793,1
6533,0,0,0,0,718,178,7429,4261,11690,0.0101046,-0.101358,-0.994799,1
5537,0,0,0,0,658,151,6346,3046,9392,0.0136532,-0.106527,-0.994216,1
2809,0,0,0,0,274,63,3146,1789,4935,0.0147379,-0.107022,-0.994147,1
2014,0,0,0,0,319,65,2398,1432,3830,0.0193014,-0.115439,-0.993127,1
4634,0,0,0,0,538,126,5298,3307,8605,0.0194336,-0.126302,-0.991802,1
5821,0,0,0,0,658,182,6661,4398,11059,0.0110526,-0.144121,-0.989498,1
5827,0,0,0,0,789,179,6795,3012,9807,-0.000995748,-0.167257,-0.985913,1
6899,0,0,0,0,665,161,7725,4486,12211,0.00425481,-0.261988,-0.965062,1
4061,0,0,0,0,455,109,4625,3659,8284,0.0136736,-0.297926,-0.954491,1
5989,0,0,0,0,663,161,6813,4180,10993,0.0209959,-0.344133,-0.938686,1
5653,0,0,0,0,651,160,6464,3262,9726,0.0253045,-0.374858,-0.926737,1
5741,0,0,0,0,662,158,6561,2411,8972,0.0365862,-0.456924,-0.888753,1
5697,0,0,0,0,844,193,6734,1937,8671,0.0369547,-0.456121,-0.88915,1
6032,0,0,0,0,538,137,6707,1556,8263,0.00832788,-0.526993,-0.849829,1
6543,0,0,0,0,549,179,7271,1419,8690,-0.0181466,-0.592926,-0.805053,1
6245,0,0,0,0,509,128,6882,-1000,-1000,-1,-1,-1,1
6403,0,0,0,0,532,152,7087,1358,8445,0.00159199,-0.126016,-0.992027,1
6466,0,0,0,0,478,125,7069,1728,8797,0.00918202,-0.299566,-0.954032,1
6104,0,0,0,0,490,122,6716,1232,7948,0.0171841,-0.367354,-0.929922,1
3749,0,0,0,0,378,95,4222,968,5190,0.0277506,-0.353678,-0.934955,1
5600,0,0,0,0,629,165,6394,1219,7613,0.0345661,-0.306089,-0.951375,1
5611,0,0,0,0,694,177,6482,1250,7732,0.031099,-0.301941,-0.952819,1
6641,0,0,0,0,867,252,7760,1416,9176,0.0256591,-0.32338,-0.945921,1
5602,0,0,0,0,798,206,6606,1285,7891,0.0204446,-0.299085,-0.954007,1
5564,0,0,0,0,858,215,6637,1220,7857,0.0102925,-0.317325,-0.948261,1
5567,0,0,0,0,836,212,6615,1295,7910,0.00501343,-0.345176,-0.938524,1
5332,0,0,0,0,855,213,6400,1292,7692,-0.000209734,-0.354248,-0.935151,1
6002,0,0,0,0,940,269,7211,1647,8858,-0.000502735,-0.37708,-0.926181,1
5911,0,0,0,0,817,214,6942,1722,8664,0.00755942,-0.380942,-0.924568,1
5312,0,0,0,0,700,174,6186,1504,7690,0.0175095,-0.379328,-0.925097,1
6023,0,0,0,0,772,187,6982,1991,8973,0.0153771,-0.370448,-0.928726,1
6088,0,0,0,0,716,170,6974,2642,9616,0.0114208,-0.359067,-0.933242,1
6395,0,0,0,0,687,169,7251,2992,10243,-0.0181183,-0.346448,-0.937894,1
5665,0,0,0,0,612,143,6420,2891,9311,-0.017937,-0.345131,-0.938383,1
6468,0,0,0,0,735,167,7370,3147,10517,0.00983106,-0.389887,-0.92081,1
6347,0,0,0,0,636,173,7156,2310,9466,0.0114846,-0.385265,-0.922735,1
5015,0,0,0,0,571,131,5717,1888,7605,0.0315852,-0.395519,-0.917914,1
6161,0,0,0,0,718,167,7046,1787,8833,0.0434358,-0.386684,-0.921189,1
5467,0,0,0,0,670,159,6296,1189,7485,0.0304957,-0.397654,-0.917029,1
6090,0,0,0,0,763,183,7036,1064,8100,0.00196653,-0.427763,-0.903889,1
6118,0,0,0,0,813,189,7120,1129,8249,-0.0244553,-0.4655,-0.884711,1
6208,0,0,0,0,772,192,7172,1284,8456,-0.0411112,-0.502365,-0.863678,1
6313,0,0,0,0,828,199,7340,1410,8750,-0.0495371,-0.548305,-0.83481,1
6157,0,0,0,0,854,213,7224,1499,8723,-0.0350223,-0.596059,-0.802177,1
6200,0,0,0,0,897,219,7316,1438,8754,-0.0236247,-0.646328,-0.762694,1
5425,0,0,0,0,793,201,6419,1150,7569,0.00382211,-0.688363,-0.725356,1
6170,0,0,0,0,876,225,7271,-1000,-1000,-1,-1,-1,1
5733,0,0,0,0,748,191,6672,916,7588,0.0174988,-0.193317,-0.980981,1
6012,0,0,0,0,820,208,7040,944,7984,0.0231837,-0.269306,-0.962776,1
6012,0,0,0,0,771,199,6982,854,7836,0.0460959,-0.340182,-0.939229,1
5379,0,0,0,0,687,170,6236,710,6946,0.0518024,-0.338101,-0.939683,1
5443,0,0,0,0,587,151,6181,844,7025,0.0467469,-0.353007,-0.934452,1
5430,0,0,0,0,539,141,6110,843,6953,0.0488892,-0.340425,-0.939,1
5481,0,0,0,0,537,155,6173,911,7084,0.041997,-0.321612,-0.94594,1
5446,0,0,0,0,482,122,6050,1038,7088,0.0301652,-0.312539,-0.949426,1
5520,0,0,0,0,438,112,6070,1090,7160,0.0240531,-0.314105,-0.949084,1
5463,0,0,0,0,376,100,5939,1114,7053,0.0226785,-0.310212,-0.950397,1
6468,0,0,0,0,373,115,6956,1138,8094,0.038334,-0.347242,-0.936992,1
5332,0,0,0,0,419,111,5862,1139,7001,0.0461364,-0.330868,-0.942549,1
5566,0,0,0,0,520,137,6223,1296,7519,0.0613243,-0.341278,-0.93796,1
5486,0,0,0,0,652,165,6303,1355,7658,0.0460739,-0.314923,-0.947998,1
5691,0,0,0,0,746,192,6629,1482,8111,0.0458762,-0.298015,-0.953458,1
5789,0,0,0,0,811,204,6804,1546,8350,0.0330125,-0.289075,-0.956737,1
6091,0,0,0,0,788,211,7090,1457,8547,0.0183853,-0.31048,-0.950402,1
6136,0,0,0,0,772,200,7108,1331,8439,0.0359633,-0.367923,-0.929161,1
5775,0,0,0,0,713,181,6669,1191,7860,0.0262663,-0.413436,-0.910154,1
6720,0,0,0,0,724,175,7619,1019,8638,0.00100955,-0.416622,-0.909079,1
5723,0,0,0,0,668,162,6553,1099,7652,-0.0335961,-0.395461,-0.917868,1
6652,0,0,0,0,764,187,7603,1219,8822,-0.0449781,-0.417059,-0.907766,1
5723,0,0,0,0,676,181,6580,1261,7841,-0.0654071,-0.421728,-0.90436,1
5762,0,0,0,0,692,177,6631,1280,7911,-0.0969342,-0.44767,-0.888929,1
5852,0,0,0,0,705,164,6721,970,7691,-0.119973,-0.466983,-0.87609,1
5701,0,0,0,0,705,165,6571,1037,7608,-0.122886,-0.511653,-0.850359,1
5793,0,0,0,0,729,168,6690,1015,7705,-0.145844,-0.541226,-0.828133,1
5675,0,0,0,0,709,162,6546,1135,7681,-0.131023,-0.60032,-0.788955,1
5956,0,0,0,0,750,199,6905,1186,8091,-0.125009,-0.651967,-0.747871,1
5697,0,0,0,0,750,170,6617,-1000,-1000,-1,-1,-1,1
5770,0,0,0,0,721,179,6670,1093,7763,-0.0195183,-0.184966,-0.982551,1
5641,0,0,0,0,717,177,6535,1850,8385,-0.01575,-0.329589,-0.943993,1
5605,0,0,0,0,645,167,6417,2071,8488,0.0259859,-0.369269,-0.928959,1
5578,0,0,0,0,516,135,6229,1670,7899,0.0395822,-0.392761,-0.918789,1
5691,0,0,0,0,398,105,6194,1514,7708,0.0422448,-0.406061,-0.912869,1
5931,0,0,0,0,380,100,6411,1414,7825,0.0455433,-0.418157,-0.907232,1
5653,0,0,0,0,472,122,6247,1369,7616,0.0437231,-0.401152,-0.914967,1
3048,0,0,0,0,345,91,3484,662,4146,0.0426188,-0.360637,-0.931732,1
3770,0,0,0,0,397,104,4271,645,4916,0.0324943,-0.317416,-0.94773,1
5706,0,0,0,0,772,187,6665,1315,7980,0.0392593,-0.344089,-0.938116,1
5714,0,0,0,0,786,199,6699,1092,7791,0.0461397,-0.327825,-0.943611,1
5782,0,0,0,0,828,210,6820,1015,7835,0.0499777,-0.324991,-0.944396,1
5522,0,0,0,0,915,212,6649,1181,7830,0.0484482,-0.30046,-0.952563,1
5417,0,0,0,0,840,212,6469,1184,7653,0.0452755,-0.29879,-0.953244,1
5428,0,0,0,0,815,217,6460,1250,7710,0.0399741,-0.381734,-0.923408,1
5290,0,0,0,0,816,207,6313,1382,7695,0.0332947,-0.336091,-0.941241,1
4751,0,0,0,0,559,141,5451,986,6437,0.0360204,-0.296295,-0.954417,1
5192,0,0,0,0,784,198,6174,1412,7586,0.046782,-0.350863,-0.935257,1
5187,0,0,0,0,785,193,6165,1499,7664,0.0372766,-0.293643,-0.955189,1
5301,0,0,0,0,731,184,6216,1511,7727,0.0210796,-0.302434,-0.952937,1
5513,0,0,0,0,777,179,6469,1859,8328,0.0073031,-0.331458,-0.943442,1
5692,0,0,0,0,784,182,6658,2280,8938,-0.00976634,-0.319684,-0.947474,1
5895,0,0,0,0,735,175,6805,2874,9679,-0.00246769,-0.296391,-0.955063,1
5822,0,0,0,0,740,175,6737,2956,9693,-3.85484e-05,-0.410601,-0.911815,1
6149,0,0,0,0,704,179,7032,3089,10121,0.0192694,-0.409748,-0.911995,1
2971,0,0,0,0,366,70,3407,1166,4573,0.0122742,-0.348629,-0.93718,1
1991,0,0,0,0,230,54,2275,755,3030,0.0161473,-0.319498,-0.94745,1
5750,0,0,0,0,627,149,6526,1915,8441,0.0272041,-0.331587,-0.943033,1
5520,0,0,0,0,646,148,6314,1737,8051,0.014796,-0.371612,-0.92827,1
5692,0,0,0,0,458,110,6260,878,7138,-0.00982371,-0.343031,-0.939273,1
3932,0,0,0,0,391,86,4409,459,4868,-0.000445388,-0.317366,-0.948303,1
3185,0,0,0,0,405,99,3689,479,4168,-0.00175052,-0.348428,-0.937334,1
5417,0,0,0,0,702,176,6295,744,7039,-0.00543535,-0.396964,-0.917818,1
5265,0,0,0,0,761,178,6204,815,7019,-0.00833951,-0.469343,-0.882977,1
5428,0,0,0,0,849,195,6472,940,7412,-0.00989126,-0.525637,-0.850652,1
5469,0,0,0,0,1007,197,6673,969,7642,0.00231538,-0.58846,-0.808523,1
6641,0,0,0,0,801,225,7667,985,8652,0.0116251,-0.652017,-0.758115,1
5476,0,0,0,0,770,197,6443,928,7371,0.0284225,-0.705487,-0.708152,1
5428,0,0,0,0,761,223,6412,-1000,-1000,-1,-1,-1,1
5450,0,0,0,0,791,189,6430,927,7357,0.0076733,-0.239409,-0.970889,1
6499,0,0,0,0,747,186,7432,1070,8502,0.0134646,-0.283715,-0.958814,1
5498,0,0,0,0,685,177,6360,1025,7385,0.017817,-0.30735,-0.95143,1
5450,0,0,0,0,669,169,6288,933,7221,0.0487903,-0.343241,-0.937979,1
5524,0,0,0,0,561,145,6230,794,7024,0.0697403,-0.365859,-0.928054,1
5436,0,0,0,0,458,117,6011,844,6855,0.0768782,-0.426976,-0.900989,1
5781,0,0,0,0,599,128,6508,1044,7552,0.0685449,-0.411525,-0.908817,1
5408,0,0,0,0,429,133,5970,1188,7158,0.0372472,-0.392447,-0.91902,1
5856,0,0,0,0,474,121,6451,1172,7623,0.0415874,-0.512848,-0.857472,1
4519,0,0,0,0,442,118,5079,989,6068,0.0399697,-0.468851,-0.882372,1
2445,0,0,0,0,323,80,2848,533,3381,0.0491304,-0.40774,-0.911775,1
2306,0,0,0,0,331,82,2719,542,3261,0.058188,-0.388553,-0.919587,1
5687,0,0,0,0,788,204,6679,1173,7852,0.0722474,-0.507909,-0.858376,1
6349,0,0,0,0,842,258,7449,1000,8449,0.047752,-0.579118,-0.813844,1
3982,0,0,0,0,581,142,4705,430,5135,0.0289952,-0.68006,-0.732583,1
5736,0,0,0,0,799,217,6752,-1000,-1000,-1,-1,-1,1
5725,0,0,0,0,823,203,6751,2536,9287,0.0241526,-0.179126,-0.98353,1
5913,0,0,0,0,847,227,6987,3675,10662,0.0447066,-0.266375,-0.962832,1
5936,0,0,0,0,891,204,7031,2424,9455,0.0449854,-0.39995,-0.915432,1
5405,0,0,0,0,612,140,6157,1744,7901,0.0345713,-0.421811,-0.906024,1
2469,0,0,0,0,345,83,2897,865,3762,0.0237389,-0.412804,-0.91051,1
3248,0,0,0,0,433,99,3780,1178,4958,0.0138054,-0.451435,-0.892197,1
5845,0,0,0,0,727,170,6742,2006,8748,0.0147009,-0.522072,-0.852775,1
5854,0,0,0,0,719,171,6744,1762,8506,0.0117103,-0.569339,-0.82202,1
6551,0,0,0,0,814,192,7557,1838,9395,0.0200364,-0.699,-0.714841,1
4703,0,0,0,0,498,136,5337,1039,6376,0.0129068,-0.706324,-0.707771,1
3035,0,0,0,0,370,91,3496,684,4180,0.00602684,-0.701916,-0.712234,1
4609,0,0,0,0,536,135,5280,-1000,-1000,-1,-1,-1,1
5833,0,0,0,0,570,156,6559,1430,7989,-0.0403667,-0.186535,-0.981619,1
5915,0,0,0,0,483,122,6520,1610,8130,-0.0378685,-0.376483,-0.92565,1
5502,0,0,0,0,420,106,6028,1763,7791,-0.00163348,-0.456828,-0.889554,1
5743,0,0,0,0,392,103,6238,1403,7641,0.0115134,-0.435549,-0.900092,1
5676,0,0,0,0,400,102,6178,1272,7450,0.0298425,-0.388373,-0.921019,1
5701,0,0,0,0,525,123,6349,1339,7688,0.0556072,-0.327631,-0.943168,1
6276,0,0,0,0,527,149,6952,1268,8220,0.0712034,-0.307071,-0.949019,1
6281,0,0,0,0,731,175,7187,1303,8490,0.0794529,-0.284422,-0.955401,1
6307,0,0,0,0,713,193,7213,999,8212,0.0891961,-0.284082,-0.954642,1
5994,0,0,0,0,758,189,6941,724,7665,0.0939581,-0.255182,-0.962317,1
5851,0,0,0,0,865,208,6924,734,7658,0.089481,-0.313278,-0.945437,1
6663,0,0,0,0,1087,264,8014,827,8841,0.0778381,-0.308308,-0.948097,1
5686,0,0,0,0,1050,256,6992,860,7852,0.0765799,-0.350593,-0.933392,1
5785,0,0,0,0,1055,289,7129,785,7914,0.0381276,-0.36296,-0.931024,1
5687,0,0,0,0,1074,268,7029,1109,8138,0.0294623,-0.397577,-0.917096,1
5829,0,0,0,0,1076,272,7177,1150,8327,0.0201899,-0.401623,-0.915583,1
6462,0,0,0,0,1296,302,8060,1551,9611,0.0153971,-0.400283,-0.916262,1
6918,0,0,0,0,1198,320,8436,2141,10577,0.0127508,-0.371055,-0.928523,1
6718,0,0,0,0,1149,280,8147,2756,10903,0.00435045,-0.375806,-0.926688,1
5925,0,0,0,0,979,236,7140,2695,9835,0.0194317,-0.389057,-0.921009,1
3230,0,0,0,0,467,110,3807,1197,5004,0.00950941,-0.373005,-0.927781,1
6627,0,0,0,0,925,284,7836,2192,10028,0.00196819,-0.35315,-0.935565,1
6262,0,0,0,0,768,183,7213,2003,9216,0.0226794,-0.347366,-0.937455,1
5723,0,0,0,0,762,184,6669,2110,8779,0.0480504,-0.380658,-0.923467,1
5828,0,0,0,0,980,192,7000,1551,8551,0.0808389,-0.434447,-0.897062,1
6222,0,0,0,0,768,200,7190,1360,8550,0.0752412,-0.482652,-0.872574,1
6996,0,0,0,0,1020,205,8221,1308,9529,0.075129,-0.521521,-0.849925,1
6377,0,0,0,0,856,215,7448,1107,8555,0.0842991,-0.604196,-0.792365,1
6467,0,0,0,0,932,226,7625,1168,8793,0.0874523,-0.696762,-0.711951,1
6449,0,0,0,0,851,212,7512,-1000,-1000,-1,-1,-1,1
6373,0,0,0,0,872,207,7452,938,8390,0.0274443,-0.220999,-0.974888,1
6476,0,0,0,0,739,206,7421,1078,8499,0.0290799,-0.302625,-0.952666,1
6115,0,0,0,0,588,166,6869,929,7798,0.0229715,-0.312715,-0.949569,1
6294,0,0,0,0,553,142,6989,1028,8017,0.0248588,-0.313815,-0.949159,1
6093,0,0,0,0,505,131,6729,957,7686,0.032405,-0.310982,-0.949863,1
6220,0,0,0,0,472,121,6813,917,7730,0.0524576,-0.296776,-0.953505,1
6783,0,0,0,0,488,130,7401,816,8217,0.0736952,-0.317003,-0.945557,1
6407,0,0,0,0,424,94,6925,539,7464,0.0677427,-0.297554,-0.952299,1
4841,0,0,0,0,483,108,5432,663,6095,0.00251329,-0.283385,-0.959003,1
6085,0,0,0,0,646,164,6895,1114,8009,-0.0128518,-0.297451,-0.954651,1
6394,0,0,0,0,831,215,7440,1552,8992,-0.0312481,-0.250986,-0.967486,1
6505,0,0,0,0,1020,245,7770,1729,9499,-0.0403381,-0.212527,-0.976322,1
6798,0,0,0,0,1064,281,8143,1389,9532,-0.0504811,-0.172138,-0.983778,1
4561,0,0,0,0,1080,299,5940,1564,7504,-0.0600519,-0.140634,-0.988239,1
6953,0,0,0,0,1218,323,8494,2066,10560,-0.0815087,-0.110816,-0.990493,1
6055,0,0,0,0,1060,303,7418,1622,9040,-0.0905354,-0.129269,-0.987468,1
6676,0,0,0,0,1184,325,8185,1382,9567,-0.107873,-0.128269,-0.985855,1
6702,0,0,0,0,1199,279,8180,1172,9352,-0.105656,-0.169077,-0.979923,1
6689,0,0,0,0,1101,314,8104,833,8937,-0.0859593,-0.230223,-0.969334,1
6817,0,0,0,0,1073,291,8181,991,9172,-0.127353,-0.360514,-0.924019,1
6740,0,0,0,0,789,183,7712,909,8621,-0.160295,-0.316402,-0.934984,1
3109,0,0,0,0,432,105,3646,492,4138,-0.18278,-0.286778,-0.940399,1
3467,0,0,0,0,567,137,4171,707,4878,-0.199194,-0.291263,-0.935675,1
6629,0,0,0,0,1121,294,8044,1402,9446,-0.204487,-0.341754,-0.917273,1
6000,0,0,0,0,1011,229,7240,1054,8294,-0.212119,-0.39663,-0.893135,1
6996,0,0,0,0,1095,272,8363,1444,9807,-0.203229,-0.476662,-0.855273,1
6797,0,0,0,0,999,223,8019,1528,9547,-0.188311,-0.635907,-0.748439,1
5809,0,0,0,0,593,151,6553,927,7480,-0.190296,-0.664335,-0.722805,1
2633,0,0,0,0,327,78,3038,527,3565,-0.194571,-0.674636,-0.712045,1
2194,0,0,0,0,271,65,2530,-1000,-1000,-1,-1,-1,1
6725,0,0,0,0,852,208,7785,1678,9463,-0.0184049,-0.285569,-0.958181,1
5236,0,0,0,0,575,142,5953,2338,8291,-0.00858841,-0.220086,-0.975443,1
3263,0,0,0,0,439,110,3812,1630,5442,-0.00656351,-0.151718,-0.988402,1
6619,0,0,0,0,920,221,7760,3527,11287,0.0183805,-0.168512,-0.985528,1
6476,0,0,0,0,769,194,7439,2462,9901,0.0137628,-0.206742,-0.978299,1
4210,0,0,0,0,411,101,4722,1967,6689,0.00778311,-0.191226,-0.981516,1
5835,0,0,0,0,490,120,6445,2507,8952,-0.00121503,-0.212438,-0.977174,1
5726,0,0,0,0,532,132,6390,2731,9121,-0.00636773,-0.244425,-0.969647,1
5891,0,0,0,0,695,176,6762,2486,9248,0.00412857,-0.254823,-0.966979,1
6009,0,0,0,0,1011,226,7246,2256,9502,0.00880467,-0.253239,-0.967364,1
6246,0,0,0,0,1129,274,7649,2281,9930,0.00723605,-0.24559,-0.969347,1
5672,0,0,0,0,1086,274,7032,2150,9182,0.00709024,-0.236312,-0.971651,1
7197,0,0,0,0,1440,326,8963,2682,11645,0.0221806,-0.243768,-0.96958,1
6325,0,0,0,0,1321,328,7974,2585,10559,0.0273723,-0.241539,-0.970005,1
6115,0,0,0,0,1349,331,7795,2672,10467,0.018221,-0.233862,-0.972099,1
6832,0,0,0,0,1350,354,8536,2710,11246,0.0106419,-0.252287,-0.967594,1
6043,0,0,0,0,1298,361,7702,2499,10201,0.0227361,-0.248009,-0.968491,1
6736,0,0,0,0,1429,312,8477,2304,10781,0.0328496,-0.271465,-0.961888,1
6468,0,0,0,0,1211,297,7976,1625,9601,0.0362373,-0.286671,-0.957343,1
5902,0,0,0,0,1148,286,7336,1428,8764,0.0536074,-0.293816,-0.954358,1
5974,0,0,0,0,1111,278,7363,1239,8602,0.0630689,-0.2972,-0.95273,1
6706,0,0,0,0,1265,310,8281,1528,9809,0.0532243,-0.304955,-0.950879,1
6039,0,0,0,0,1106,272,7417,1565,8982,0.0359619,-0.304597,-0.951802,1
6775,0,0,0,0,1163,283,8221,2168,10389,0.0313982,-0.298747,-0.953816,1
6786,0,0,0,0,1118,281,8185,2772,10957,0.040314,-0.297297,-0.953934,1
6086,0,0,0,0,1062,254,7402,3104,10506,0.0309804,-0.28606,-0.957711,1
6472,0,0,0,0,1005,247,7724,3089,10813,0.0356191,-0.277815,-0.959974,1
5999,0,0,0,0,953,228,7180,2656,9836,0.0349174,-0.258985,-0.96525,1
4134,0,0,0,0,649,155,4938,1867,6805,0.0305029,-0.251999,-0.967247,1
6770,0,0,0,0,1107,258,8135,2646,10781,0.0242819,-0.260119,-0.965271,1
6682,0,0,0,0,1003,233,7918,1907,9825,0.0183234,-0.274901,-0.961298,1
4311,0,0,0,0,619,144,5074,1673,6747,0.02071,-0.264116,-0.964269,1
6565,0,0,0,0,843,202,7610,2242,9852,0.0295972,-0.280037,-0.959533,1
5921,0,0,0,0,857,189,6967,1961,8928,0.0267425,-0.271912,-0.961951,1
5179,0,0,0,0,780,177,6136,1363,7499,0.0223815,-0.261462,-0.964954,1
6499,0,0,0,0,967,256,7722,1252,8974,0.0211353,-0.286384,-0.957881,1
6554,0,0,0,0,968,220,7742,1004,8746,0.0189568,-0.301865,-0.953162,1
4204,0,0,0,0,616,149,4969,838,5807,0.0249707,-0.304984,-0.95203,1
6300,0,0,0,0,983,271,7554,1013,8567,0.0333476,-0.316447,-0.948024,1
6411,0,0,0,0,947,234,7592,827,8419,0.0409912,-0.312724,-0.948959,1
6091,0,0,0,0,826,207,7124,654,7778,0.0425926,-0.318308,-0.94703,1
5722,0,0,0,0,822,203,6747,602,7349,0.0384439,-0.339572,-0.939794,1
6024,0,0,0,0,863,207,7094,689,7783,0.0402263,-0.355113,-0.933958,1
6361,0,0,0,0,844,211,7416,735,8151,0.0376268,-0.378911,-0.924668,1
5602,0,0,0,0,891,207,6700,778,7478,0.0338315,-0.383823,-0.922787,1
5584,0,0,0,0,884,213,6681,769,7450,0.0289878,-0.379698,-0.924656,1
6390,0,0,0,0,1062,240,7692,895,8587,0.023815,-0.373077,-0.927495,1
4722,0,0,0,0,679,163,5564,567,6131,0.0281357,-0.312594,-0.94947,1
2534,0,0,0,0,396,97,3027,273,3300,0.0340951,-0.290141,-0.956376,1
2907,0,0,0,0,455,108,3470,260,3730,0.0170322,-0.189404,-0.981751,1
6394,0,0,0,0,984,243,7621,1144,8765,0.00758713,-0.137965,-0.990408,1
6329,0,0,0,0,1037,240,7606,926,8532,0.00668958,-0.0971389,-0.995249,1
6380,0,0,0,0,1032,242,7654,1307,8961,0.00447377,-0.0770234,-0.99702,1
6334,0,0,0,0,1001,368,7703,2057,9760,0.000575389,-0.0690253,-0.997615,1
4138,0,0,0,0,680,164,4982,1175,6157,-0.00185927,-0.0579554,-0.998317,1
6236,0,0,0,0,994,236,7466,1887,9353,-0.00282337,-0.0428333,-0.999078,1
6143,0,0,0,0,986,246,7375,1950,9325,-0.0044789,-0.0349226,-0.99938,1
6331,0,0,0,0,1027,312,7670,2224,9894,-0.00487751,-0.0289288,-0.99957,1
6281,0,0,0,0,981,242,7504,2261,9765,-0.0052354,-0.026856,-0.999626,1
6175,0,0,0,0,977,245,7397,2210,9607,-0.00663864,-0.0236209,-0.999699,1
6153,0,0,0,0,995,243,7391,2350,9741,-0.0104281,-0.0175966,-0.999791,1
6205,0,0,0,0,1008,240,7453,2389,9842,-0.0110873,-0.0190124,-0.999758,1
6235,0,0,0,0,1029,250,7514,2388,9902,-0.0125025,-0.0182602,-0.999755,1
6145,0,0,0,0,987,250,7382,2398,9780,-0.0149976,-0.0173265,-0.999738,1
6197,0,0,0,0,980,240,7417,2529,9946,-0.0125615,-0.0192443,-0.999736,1
5977,0,0,0,0,648,156,6781,1522,8303,-0.0121073,-0.0181535,-0.999762,1
3106,0,0,0,0,492,120,3718,1190,4908,-0.013703,-0.0181621,-0.999741,1
5485,0,0,0,0,872,215,6572,2129,8701,-0.0143911,-0.0189132,-0.999718,1
5499,0,0,0,0,876,226,6601,2121,8722,-0.0152784,-0.0206365,-0.999671,1
5580,0,0,0,0,872,216,6668,2281,8949,-0.0152389,-0.0201422,-0.999681,1
5699,0,0,0,0,872,215,6786,2272,9058,-0.0133575,-0.0185686,-0.999739,1
5914,0,0,0,0,871,218,7003,2216,9219,-0.0123804,-0.0188332,-0.999746,1
5566,0,0,0,0,870,216,6652,2271,8923,-0.0134036,-0.0191949,-0.999726,1
5890,0,0,0,0,871,215,6976,2266,9242,-0.0136188,-0.0190448,-0.999726,1
6043,0,0,0,0,963,219,7225,2183,9408,-0.0121513,-0.0168846,-0.999784,1
5613,0,0,0,0,865,215,6693,2132,8825,-0.01191,-0.0180266,-0.999767,1
4974,0,0,0,0,803,195,5972,1972,7944,-0.0136673,-0.0195097,-0.999716,1
5777,0,0,0,0,870,213,6860,2119,8979,-0.0150331,-0.0183592,-0.999719,1
5557,0,0,0,0,933,245,6735,2218,8953,-0.0139678,-0.0190193,-0.999722,1
6524,0,0,0,0,880,220,7624,2356,9980,-0.0130449,-0.0184055,-0.999746,1
5537,0,0,0,0,898,219,6654,2150,8804,-0.0117228,-0.0173505,-0.999781,1
2871,0,0,0,0,480,114,3465,1121,4586,-0.0119261,-0.0183977,-0.99976,1
5743,0,0,0,0,876,216,6835,2072,8907,-0.0121709,-0.0185148,-0.999755,1
6962,0,0,0,0,991,254,8207,2300,10507,-0.0108149,-0.0175402,-0.999788,1
5615,0,0,0,0,950,266,6831,2562,9393,-0.0108467,-0.0162099,-0.99981,1
5652,0,0,0,0,877,216,6745,2097,8842,-0.015112,-0.0187374,-0.99971,1
6250,0,0,0,0,983,246,7479,2717,10196,-0.0196738,-0.0207808,-0.99959,1
5711,0,0,0,0,915,224,6850,1645,8495,-0.0174717,-0.0211972,-0.999623,1
7182,0,0,0,0,995,245,8422,2600,11022,-0.0106287,-0.0201238,-0.999741,1
6101,0,0,0,0,930,235,7266,2194,9460,-0.00813564,-0.0186265,-0.999794,1
3846,0,0,0,0,588,145,4579,1459,6038,-0.01044,-0.0195914,-0.999754,1
2858,0,0,0,0,463,124,3445,1048,4493,-0.0127602,-0.0252727,-0.999599,1
5484,0,0,0,0,871,219,6574,1596,8170,-0.0191918,-0.0422948,-0.998921,1
5698,0,0,0,0,961,232,6891,1734,8625,-0.0174914,-0.06131,-0.997965,1
6425,0,0,0,0,1109,270,7804,1865,9669,-0.0115304,-0.0938879,-0.995516,1
5648,0,0,0,0,971,244,6863,1424,8287,-0.010592,-0.112916,-0.993549,1
6121,0,0,0,0,1170,251,7542,1289,8831,-0.00930065,-0.144852,-0.98941,1
5677,0,0,0,0,943,236,6856,1207,8063,-0.00816557,-0.159425,-0.987176,1
6332,0,0,0,0,907,237,7476,1213,8689,-0.00818233,-0.15978,-0.987119,1
5638,0,0,0,0,825,208,6671,1249,7920,-0.00519221,-0.155033,-0.987895,1
6113,0,0,0,0,766,195,7074,1130,8204,-0.00167366,-0.195644,-0.980674,1
6585,0,0,0,0,860,210,7655,1441,9096,0.00816974,-0.199082,-0.979949,1
6278,0,0,0,0,813,137,7228,1116,8344,0.0050758,-0.205137,-0.97872,1
5729,0,0,0,0,707,175,6611,1733,8344,0.00140183,-0.228927,-0.973443,1
6945,0,0,0,0,790,194,7929,2274,10203,-0.0025759,-0.210361,-0.97762,1
6648,0,0,0,0,799,210,7657,1805,9462,-0.00334119,-0.171557,-0.985169,1
5668,0,0,0,0,910,232,6810,2447,9257,-0.000112251,-0.144757,-0.989467,1
6508,0,0,0,0,840,211,7559,2730,10289,0.00104985,-0.132603,-0.991169,1
4608,0,0,0,0,630,169,5407,2074,7481,-0.00369122,-0.121609,-0.992571,1
6738,0,0,0,0,974,245,7957,3009,10966,-0.0123531,-0.105765,-0.994315,1
6851,0,0,0,0,1094,264,8209,3171,11380,-0.018584,-0.125803,-0.991881,1
6955,0,0,0,0,1244,378,8577,2994,11571,-0.0223321,-0.122789,-0.992181,1
4548,0,0,0,0,764,188,5500,2173,7673,-0.0211031,-0.101465,-0.994615,1
6346,0,0,0,0,1063,253,7662,3062,10724,-0.0143509,-0.115922,-0.993155,1
6650,0,0,0,0,1188,291,8129,3373,11502,-0.00738751,-0.125328,-0.992088,1
6713,0,0,0,0,751,189,7653,2047,9700,-0.00489878,-0.150072,-0.988663,1
5968,0,0,0,0,996,248,7212,2137,9349,0.0128661,-0.212541,-0.977067,1
5322,0,0,0,0,688,171,6181,1070,7251,0.0273895,-0.252808,-0.967129,1
3166,0,0,0,0,535,135,3836,531,4367,0.0477743,-0.294823,-0.954357,1
5894,0,0,0,0,1011,255,7160,842,8002,0.0573974,-0.302323,-0.951476,1
7166,0,0,0,0,1544,380,9090,1268,10358,0.0659597,-0.34311,-0.936976,1
3228,0,0,0,0,598,148,3974,474,4448,0.0899109,-0.359525,-0.928794,2
6799,0,0,0,0,1236,293,8328,720,9048,0.0958086,-0.375921,-0.921686,2
6166,0,0,0,0,1200,289,7655,879,8534,0.121972,-0.422304,-0.898211,2
6506,0,0,0,0,1280,294,8080,998,9078,0.0431946,-0.339414,-0.939645,2
6333,0,0,0,0,1294,296,7923,1391,9314,0.031819,-0.351114,-0.935792,2
6233,0,0,0,0,1157,275,7665,1497,9162,0.0163681,-0.379564,-0.92502,2
6949,0,0,0,0,1137,263,8349,1542,9891,-0.00979861,-0.475809,-0.879494,2
5438,0,0,0,0,731,170,6339,1169,7508,0.0061733,-0.47417,-0.880412,2
2645,0,0,0,0,392,82,3119,556,3675,0.0159424,-0.450152,-0.892809,2
2195,0,0,0,0,343,80,2618,599,3217,0.030758,-0.464788,-0.884888,2
6152,0,0,0,0,911,218,7281,1795,9076,0.0432575,-0.496335,-0.867052,2
6566,0,0,0,0,872,216,7654,1923,9577,0.0547093,-0.522979,-0.850588,2
7203,0,0,0,0,964,233,8400,2113,10513,0.0686714,-0.558566,-0.826612,2
6130,0,0,0,0,879,208,7217,2012,9229,0.0657344,-0.559602,-0.826151,2
7713,0,0,0,0,1037,274,9024,2285,11309,0.0761404,-0.623152,-0.778386,2
3451,0,0,0,0,513,117,4081,1125,5206,0.0691379,-0.603063,-0.794692,2
2213,0,0,0,0,325,81,2619,737,3356,0.0698151,-0.641276,-0.764128,2
6154,0,0,0,0,845,210,7209,-1000,-1000,-1,-1,-1,2
7003,0,0,0,0,871,208,8082,3945,12027,0.0193046,-0.116134,-0.993046,2
5991,0,0,0,0,737,186,6914,2948,9862,0.0112928,-0.141288,-0.989904,2
3169,0,0,0,0,356,89,3614,1785,5399,0.0183549,-0.108583,-0.993918,2
5177,0,0,0,0,801,183,6161,2836,8997,0.0360064,-0.114377,-0.992785,2
4931,0,0,0,0,580,142,5653,3003,8656,0.0422766,-0.127999,-0.990873,2
7161,0,0,0,0,889,227,8277,3260,11537,0.0581505,-0.259094,-0.9641,2
5417,0,0,0,0,629,169,6215,1986,8201,0.058355,-0.220478,-0.973645,2
3372,0,0,0,0,522,130,4024,1372,5396,0.0493537,-0.184049,-0.981677,2
2623,0,0,0,0,467,117,3207,1117,4324,0.0471059,-0.140541,-0.988954,2
4651,0,0,0,0,859,217,5727,2107,7834,0.0498711,-0.179817,-0.982435,2
6086,0,0,0,0,1221,355,7662,2872,10534,0.050531,-0.220262,-0.974131,2
5957,0,0,0,0,1305,310,7572,3017,10589,0.056016,-0.209926,-0.976111,2
4400,0,0,0,0,903,232,5535,2153,7688,0.0460603,-0.226656,-0.972885,2
5946,0,0,0,0,1320,504,7770,3287,11057,0.0336409,-0.262907,-0.964234,2
6111,0,0,0,0,1336,330,7777,2056,9833,0.0245142,-0.287309,-0.957524,2
6351,0,0,0,0,1261,338,7950,1453,9403,0.0217009,-0.294844,-0.955299,2
5780,0,0,0,0,1204,323,7307,1680,8987,0.0221461,-0.26994,-0.962623,2
6032,0,0,0,0,1177,296,7505,2431,9936,0.0157936,-0.275554,-0.961156,2
6131,0,0,0,0,1282,312,7725,3931,11656,0.0212784,-0.334727,-0.942075,2
5548,0,0,0,0,1098,274,6920,2873,9793,0.00543626,-0.368302,-0.92969,2
6186,0,0,0,0,1203,274,7663,1955,9618,0.00496939,-0.447503,-0.894269,2
6458,0,0,0,0,1033,426,7917,1329,9246,0.0277007,-0.549684,-0.834913,2
4072,0,0,0,0,671,160,4903,1137,6040,0.0435022,-0.626821,-0.777948,2
5795,0,0,0,0,1042,246,7083,-1000,-1000,-1,-1,-1,2
5750,0,0,0,0,1063,266,7079,2975,10054,0.0256707,-0.211688,-0.977,2
5686,0,0,0,0,1131,319,7136,1632,8768,0.0280382,-0.216901,-0.975791,2
5730,0,0,0,0,1208,329,7267,1753,9020,0.0309601,-0.195148,-0.980285,2
5609,0,0,0,0,1118,299,7026,2096,9122,0.0498004,-0.221071,-0.973986,2
5834,0,0,0,0,1070,268,7172,2432,9604,0.0602865,-0.217277,-0.974247,2
5778,0,0,0,0,1049,273,7100,2609,9709,0.0574162,-0.196834,-0.978754,2
5747,0,0,0,0,984,241,6972,2556,9528,0.0437987,-0.175763,-0.983458,2
6017,0,0,0,0,887,224,7128,2521,9649,0.0327873,-0.165762,-0.985621,2
5703,0,0,0,0,864,217,6784,2414,9198,0.0355426,-0.160776,-0.986351,2
5851,0,0,0,0,879,222,6952,2528,9480,0.0348525,-0.145294,-0.988775,2
5752,0,0,0,0,842,247,6841,2201,9042,0.0386561,-0.130669,-0.990672,2
4039,0,0,0,0,574,157,4770,1588,6358,0.0526542,-0.133049,-0.98971,2
5856,0,0,0,0,742,190,6788,1670,8458,0.0623412,-0.119428,-0.990884,2
5710,0,0,0,0,783,198,6691,1759,8450,0.0648337,-0.113312,-0.991442,2
6196,0,0,0,0,845,214,7255,1810,9065,0.0718229,-0.120895,-0.990064,2
5940,0,0,0,0,907,248,7095,1956,9051,0.0598262,-0.118038,-0.991205,2
5322,0,0,0,0,849,215,6386,1715,8101,0.0490194,-0.120739,-0.991473,2
6778,0,0,0,0,971,248,7997,2012,10009,0.0389599,-0.118225,-0.992222,2
5990,0,0,0,0,1019,246,7255,1968,9223,0.0301412,-0.117404,-0.992627,2
6175,0,0,0,0,887,226,7288,1761,9049,0.0412387,-0.152401,-0.987458,2
6112,0,0,0,0,1004,254,7370,1863,9233,0.0523223,-0.209603,-0.976386,2
5743,0,0,0,0,925,236,6904,1495,8399,0.0670909,-0.318228,-0.945638,2
5587,0,0,0,0,1213,256,7056,1222,8278,0.0900696,-0.42026,-0.902923,2
5921,0,0,0,0,1082,269,7272,1119,8391,0.121949,-0.517754,-0.846793,2
6724,0,0,0,0,1092,275,8091,923,9014,0.160146,-0.585579,-0.794639,2
6506,0,0,0,0,1134,280,7920,-1000,-1000,-1,-1,-1,2
6268,0,0,0,0,793,201,7262,2911,10173,0.0479771,-0.121621,-0.991417,2
2701,0,0,0,0,510,122,3333,920,4253,0.0658283,-0.155611,-0.985623,2
2934,0,0,0,0,570,140,3644,722,4366,0.0487797,-0.191981,-0.980186,2
7082,0,0,0,0,1207,299,8588,1526,10114,0.00587308,-0.200215,-0.979734,2
6265,0,0,0,0,1206,292,7763,1892,9655,0.0053168,-0.263433,-0.964663,2
6411,0,0,0,0,1215,281,7907,1833,9740,-0.00707788,-0.307761,-0.951437,2
6167,0,0,0,0,1105,263,7535,2191,9726,-0.0156251,-0.346511,-0.937916,2
7373,0,0,0,0,1022,249,8644,2084,10728,0.0050199,-0.498883,-0.866655,2
5452,0,0,0,0,691,164,6307,1427,7734,0.00972966,-0.536362,-0.843932,2
2531,0,0,0,0,386,92,3009,773,3782,0.00992937,-0.497385,-0.867473,2
2044,0,0,0,0,308,74,2426,692,3118,0.00335414,-0.524953,-0.851124,2
5853,0,0,0,0,986,220,7059,1937,8996,-0.00105108,-0.613774,-0.789481,2
6230,0,0,0,0,939,215,7384,1835,9219,0.0112296,-0.632997,-0.774073,2
6165,0,0,0,0,963,239,7367,1927,9294,0.0211162,-0.676772,-0.73589,2
5706,0,0,0,0,756,188,6650,1899,8549,0.0212117,-0.705398,-0.708494,2
6133,0,0,0,0,705,178,7016,1787,8803,0.0309207,-0.652609,-0.757064,2
5924,0,0,0,0,684,166,6774,1684,8458,0.0602612,-0.561501,-0.825279,2
6047,0,0,0,0,650,164,6861,1655,8516,0.0468627,-0.267123,-0.962523,2
5714,0,0,0,0,648,160,6522,2512,9034,0.0469424,-0.148593,-0.987784,2
5705,0,0,0,0,733,174,6612,2727,9339,0.0642346,-0.150375,-0.98654,2
6720,0,0,0,0,772,191,7683,2220,9903,0.065809,-0.180161,-0.981433,2
5763,0,0,0,0,804,202,6769,1382,8151,0.0721748,-0.189563,-0.979213,2
5997,0,0,0,0,875,253,7125,1184,8309,0.0722192,-0.21318,-0.97434,2
5690,0,0,0,0,1005,257,6952,1443,8395,0.0707257,-0.223872,-0.972049,2
5977,0,0,0,0,1168,296,7441,1237,8678,0.0651798,-0.232003,-0.970529,2
5860,0,0,0,0,1265,318,7443,1190,8633,0.0819433,-0.214045,-0.973381,2
5781,0,0,0,0,1289,349,7419,1048,8467,0.0701168,-0.202895,-0.976687,2
5773,0,0,0,0,1285,325,7383,1225,8608,0.0643132,-0.186839,-0.980283,2
5805,0,0,0,0,1284,349,7438,1146,8584,0.0493499,-0.192201,-0.980114,2
6117,0,0,0,0,1267,331,7715,1092,8807,0.0442499,-0.193703,-0.980062,2
5815,0,0,0,0,1681,326,7822,1037,8859,0.0402863,-0.22626,-0.973234,2
5329,0,0,0,0,1179,303,6811,1008,7819,0.0327392,-0.222241,-0.974442,2
6465,0,0,0,0,1200,309,7974,1122,9096,0.0196398,-0.24133,-0.970244,2
7035,0,0,0,0,1456,344,8835,2343,11178,0.0264754,-0.28619,-0.957807,2
4927,0,0,0,0,964,240,6131,1840,7971,0.0130528,-0.223416,-0.974636,2
2705,0,0,0,0,582,144,3431,1548,4979,0.019179,-0.192981,-0.981015,2
6073,0,0,0,0,1324,331,7728,3215,10943,0.0153671,-0.185079,-0.982604,2
6715,0,0,0,0,1302,344,8361,3219,11580,0.00673069,-0.16477,-0.986309,2
4271,0,0,0,0,866,214,5351,2410,7761,0.00312269,-0.145804,-0.989309,2
4311,0,0,0,0,925,212,5448,2391,7839,0.0027854,-0.124643,-0.992198,2
5834,0,0,0,0,1222,297,7353,3361,10714,-0.00394619,-0.112283,-0.993668,2
5757,0,0,0,0,1098,280,7135,3229,10364,-0.00841982,-0.096324,-0.995314,2
5705,0,0,0,0,1471,255,7431,2992,10423,-0.00756967,-0.0815038,-0.996644,2
5633,0,0,0,0,993,236,6862,2525,9387,-0.00982725,-0.0677397,-0.997655,2
6347,0,0,0,0,1011,248,7606,2850,10456,-0.00917165,-0.0631653,-0.997961,2
5810,0,0,0,0,1017,251,7078,3109,10187,-0.0120393,-0.0573114,-0.998284,2
6689,0,0,0,0,1042,252,7983,3497,11480,-0.0238743,-0.0571657,-0.998079,2
4684,0,0,0,0,708,171,5563,2107,7670,-0.0208934,-0.0441026,-0.998808,2
2594,0,0,0,0,350,85,3029,1274,4303,-0.0136849,-0.0354011,-0.999279,2
6811,0,0,0,0,1012,295,8118,3560,11678,-0.0065033,-0.0287916,-0.999564,2
5896,0,0,0,0,775,169,6840,2751,9591,-0.00425051,-0.0210031,-0.99977,2
3869,0,0,0,0,758,242,4869,2798,7667,-0.00251402,-0.013831,-0.999901,2
5737,0,0,0,0,1000,247,6984,3671,10655,-0.000547919,-0.0112751,-0.999936,2
6468,0,0,0,0,1048,251,7767,3396,11163,0.000871756,-0.0116168,-0.999932,2
6481,0,0,0,0,1102,273,7856,3483,11339,-0.000729045,-0.0191565,-0.999816,2
4034,0,0,0,0,588,137,4759,1921,6680,-0.0015762,-0.0241878,-0.999706,2
2454,0,0,0,0,449,109,3012,1618,4630,-0.00259463,-0.0284758,-0.999591,2
5882,0,0,0,0,1132,263,7277,3490,10767,-0.00472453,-0.0363173,-0.999329,2
6054,0,0,0,0,1044,261,7359,3288,10647,-0.00647671,-0.0398283,-0.999186,2
5897,0,0,0,0,1079,259,7235,3785,11020,-0.0130418,-0.04737,-0.998792,2
5827,0,0,0,0,1080,194,7101,2441,9542,-0.0152572,-0.0479343,-0.998734,2
5994,0,0,0,0,1033,256,7283,3424,10707,-0.0167427,-0.0405094,-0.999039,2
5835,0,0,0,0,1068,274,7177,3368,10545,-0.0125847,-0.0258008,-0.999588,2
5819,0,0,0,0,1036,257,7112,3679,10791,-0.0122458,-0.012733,-0.999844,2
5998,0,0,0,0,1095,271,7364,3765,11129,-0.0173184,-0.00265081,-0.999847,2
3090,0,0,0,0,589,136,3815,1890,5705,-0.0131751,-0.00850059,-0.999877,2
2097,0,0,0,0,374,93,2564,1509,4073,-0.0114163,-0.00917695,-0.999893,2
5463,0,0,0,0,1017,235,6715,3840,10555,-0.0142717,-0.00532877,-0.999884,2
6102,0,0,0,0,1172,265,7539,4430,11969,-0.0166014,-0.00852037,-0.999826,2
5334,0,0,0,0,978,238,6550,4769,11319,-0.0160538,-0.0137893,-0.999776,2
5467,0,0,0,0,992,301,6760,4166,10926,-0.0153662,-0.0195383,-0.999691,2
5874,0,0,0,0,1080,264,7218,4375,11593,-0.0155669,-0.0228599,-0.999617,2
5977,0,0,0,0,1096,262,7335,3001,10336,-0.0136699,-0.0247336,-0.9996,2
4840,0,0,0,0,863,213,5916,3509,9425,-0.012375,-0.0262495,-0.999579,2
5921,0,0,0,0,1075,258,7254,4390,11644,-0.013159,-0.0267958,-0.999555,2
6107,0,0,0,0,1051,256,7414,4253,11667,-0.0114111,-0.0246888,-0.99963,2
5933,0,0,0,0,1058,266,7257,4432,11689,-0.00975783,-0.0246954,-0.999648,2
5969,0,0,0,0,1033,250,7252,4476,11728,-0.00893734,-0.0261728,-0.999618,2
4281,0,0,0,0,755,175,5211,3123,8334,-0.0108857,-0.0285708,-0.999533,2
5897,0,0,0,0,1030,254,7181,4388,11569,-0.0140776,-0.0281647,-0.999504,2
6843,0,0,0,0,1234,317,8394,4166,12560,-0.0116713,-0.0264767,-0.999581,2
4190,0,0,0,0,824,197,5211,3039,8250,-0.00644288,-0.0265673,-0.999626,2
5409,0,0,0,0,911,247,6567,3700,10267,-0.00238103,-0.0262885,-0.999652,2
5464,0,0,0,0,913,227,6604,3365,9969,0.00134412,-0.0244367,-0.9997,2
7147,0,0,0,0,1162,278,8587,4093,12680,0.00335048,-0.023189,-0.999726,2
3110,0,0,0,0,531,131,3772,1761,5533,0.00293518,-0.0239123,-0.99971,2
7644,0,0,0,0,1191,250,9085,3713,12798,0.00062396,-0.0271132,-0.999632,2
3308,0,0,0,0,541,130,3979,1836,5815,-0.000205689,-0.0275018,-0.999622,2
2528,0,0,0,0,444,105,3077,1562,4639,-0.00118799,-0.0274923,-0.999621,2
5926,0,0,0,0,1004,246,7176,3593,10769,-0.00249637,-0.0269727,-0.999633,2
6707,0,0,0,0,1067,253,8027,3646,11673,-0.00276015,-0.0262615,-0.999651,2
6132,0,0,0,0,1040,248,7420,3845,11265,-0.00431025,-0.0268385,-0.99963,2
6052,0,0,0,0,1029,247,7328,3811,11139,-0.0025513,-0.0267481,-0.999639,2
