Downsample[ns],BuildFilTree[ns],SearchFil[ns],DeleteFil[ns],BuildTreeSub[ns],SearchSub[ns],DeleteSub[ns],PreProcTotal[ns],Plane[ns],Total[ns],nx,ny,nz,planeCount
4961,3425,96,416,0,759,212,9869,392,10261,-0.0320434,0.104569,-0.994001,0
4710,3326,35,384,0,757,213,9425,544,9969,-0.0387941,0.0417072,-0.998376,0
4777,3279,34,384,0,780,233,9487,1497,10984,-0.0387674,0.0711765,-0.99671,0
4807,3227,33,345,0,733,209,9354,361,9715,-0.0429044,0.0415781,-0.998214,0
4699,3397,34,387,0,755,213,9485,1492,10977,-0.0326683,0.0755862,-0.996604,0
4735,3201,33,397,0,753,209,9328,290,9618,-0.0323081,0.0393012,-0.998705,0
4761,3265,34,385,0,773,220,9438,1478,10916,-0.032507,0.0734734,-0.996767,0
4686,3201,33,386,0,782,264,9352,330,9682,-0.033738,0.0278807,-0.999042,0
5195,3424,35,415,0,771,221,10061,1757,11818,-0.0337271,0.0737698,-0.996705,0
4785,3307,33,390,0,755,211,9481,345,9826,-0.044125,0.0308179,-0.998551,0
5162,3298,33,386,0,774,214,9867,1478,11345,-0.039328,0.0717195,-0.996649,0
4856,3276,33,380,0,748,234,9527,306,9833,-0.0398839,0.0539076,-0.997749,0
4764,3319,32,384,0,756,209,9464,242,9706,-0.0178108,0.0563515,-0.998252,0
4854,3346,36,390,0,598,147,9371,240,9611,-0.0442959,0.0202049,-0.998814,0
3194,2282,27,283,0,526,147,6459,1070,7529,-0.0396961,0.0682035,-0.996882,0
3253,2277,23,266,0,556,146,6521,176,6697,-0.0631014,0.0250243,-0.997693,0
4714,3299,33,411,0,796,219,9472,1506,10978,-0.0316054,0.0716163,-0.996932,0
4671,3339,35,388,0,761,211,9405,320,9725,-0.0411741,0.0431501,-0.99822,0
4631,3342,35,386,0,749,210,9353,1477,10830,-0.0370656,0.0708876,-0.996795,0
4679,3241,33,383,0,755,209,9300,296,9596,-0.0560498,0.0203903,-0.99822,0
4613,3289,34,382,0,744,210,9272,1457,10729,-0.0261364,0.0759932,-0.996766,0
3202,1839,18,200,0,396,110,5765,193,5958,-0.0158066,0.0552875,-0.998345,0
2025,1399,15,163,0,323,89,4014,129,4143,-0.016451,0.0528144,-0.998469,0
4719,3235,33,383,0,749,230,9349,272,9621,-0.0443245,0.0195682,-0.998825,0
4872,3276,34,433,0,777,234,9626,1482,11108,-0.0331158,0.0735948,-0.996738,0
4712,3181,33,406,0,761,210,9303,318,9621,-0.0316162,0.0401275,-0.998694,0
4706,3291,33,379,0,749,210,9368,1504,10872,-0.0272254,0.0736212,-0.996915,0
4673,3257,33,393,0,758,211,9325,324,9649,-0.022424,0.0505058,-0.998472,0
4641,3191,39,378,0,761,214,9224,1372,10596,-0.0333229,0.0773845,-0.996444,0
5250,3321,34,440,0,753,214,10012,325,10337,-0.0329609,0.0392919,-0.998684,0
4677,3268,33,377,0,761,210,9326,1465,10791,-0.0281662,0.0746035,-0.996815,0
4670,3313,33,381,0,794,208,9399,311,9710,-0.0222132,0.0509748,-0.998453,0
4869,3693,42,511,0,854,244,10213,1582,11795,-0.0263512,0.0741744,-0.996897,0
6259,3667,35,418,0,773,245,11397,371,11768,-0.0182283,0.0519212,-0.998485,0
4495,2295,23,266,0,523,144,7746,171,7917,-0.0215795,0.0416112,-0.998901,0
2098,1419,15,163,0,339,92,4126,621,4747,-0.0316026,0.076778,-0.996547,0
3303,1926,21,226,0,461,148,6085,201,6286,-0.0415605,0.0343189,-0.998547,0
4801,3325,32,396,0,1024,317,9895,1753,11648,-0.0310375,0.0725181,-0.996884,0
4783,3253,34,383,0,776,209,9438,315,9753,-0.0442815,0.0189194,-0.99884,0
4774,3301,34,388,0,757,235,9489,1496,10985,-0.0306089,0.0769557,-0.996565,0
4959,3347,33,384,0,754,211,9688,330,10018,-0.0263273,0.0434015,-0.998711,0
4684,3264,33,388,0,754,237,9360,1480,10840,-0.0290791,0.0753469,-0.996733,0
4692,3261,33,381,0,765,209,9341,300,9641,-0.0168239,0.0637501,-0.997824,0
4809,3366,33,385,0,804,215,9612,308,9920,-0.0240637,0.0372282,-0.999017,0
4864,3760,34,404,0,784,228,10074,1499,11573,-0.0264723,0.0766814,-0.996704,0
4827,3213,34,383,0,817,212,9486,408,9894,-0.0140391,0.0589573,-0.998162,0
4745,3245,34,388,0,756,212,9380,345,9725,-0.0127018,0.0506755,-0.998634,0
4693,3270,33,399,0,784,213,9392,227,9619,-0.0213892,0.0432078,-0.998837,0
5122,3268,33,383,0,754,235,9795,1484,11279,-0.0293012,0.0758784,-0.996686,0
4750,3325,31,378,0,767,209,9460,350,9810,-0.0395194,0.0456667,-0.998174,0
4342,2287,23,262,0,566,148,7628,920,8548,-0.0290188,0.0737891,-0.996851,0
2010,1436,15,164,0,351,91,4067,144,4211,-0.0283936,0.0497882,-0.998356,0
4665,3359,34,421,0,753,212,9444,1501,10945,-0.0321192,0.0700781,-0.997024,0
6054,3332,35,388,0,781,211,10801,337,11138,-0.0441531,0.0221521,-0.998779,0
5690,3645,39,498,0,900,219,10991,1644,12635,-0.0340323,0.0649135,-0.99731,0
3673,2271,21,266,0,400,110,6741,141,6882,-0.0564503,0.0382187,-0.997673,0
2018,1408,15,163,0,323,91,4018,635,4653,-0.038696,0.0641353,-0.997191,0
4779,3279,33,382,0,752,207,9432,280,9712,-0.0603159,0.0366232,-0.997508,0
4783,3264,34,388,0,777,215,9461,1441,10902,-0.030446,0.0704695,-0.997049,0
4885,3360,34,387,0,763,212,9641,321,9962,-0.0228729,0.052723,-0.998347,0
5302,3684,33,388,0,782,212,10401,241,10642,-0.0412444,0.0363737,-0.998487,0
5205,3280,32,383,0,750,210,9860,1486,11346,-0.0330201,0.0720976,-0.996851,0
5341,3708,39,432,0,850,235,10605,363,10968,-0.032335,0.0396369,-0.998691,0
5320,3800,33,426,0,753,215,10547,1493,12040,-0.0273767,0.0757416,-0.996752,0
4698,3326,35,381,0,842,218,9500,343,9843,-0.0142428,0.0610446,-0.998033,0
5634,3757,37,433,0,879,240,10980,373,11353,-0.045403,0.0117124,-0.9989,0
5320,3737,38,481,0,840,242,10658,1633,12291,-0.0382645,0.0724594,-0.996637,0
4712,3316,33,384,0,783,212,9440,384,9824,-0.0443193,0.0253465,-0.998696,0
5441,3822,40,463,0,849,240,10855,1646,12501,-0.0350561,0.0752639,-0.996547,0
5512,3682,46,460,0,849,237,10786,335,11121,-0.0423571,0.0408915,-0.998266,0
4775,3286,33,382,0,808,218,9502,1468,10970,-0.0266624,0.0737159,-0.996923,0
4875,3266,33,385,0,759,213,9531,306,9837,-0.0204792,0.0529709,-0.998386,0
5629,3762,39,474,0,939,243,11086,252,11338,-0.0239492,0.0393838,-0.998937,0
5296,3591,36,385,0,804,218,10330,1502,11832,-0.024658,0.0703771,-0.997216,0
4630,3305,35,437,0,822,217,9446,311,9757,-0.0227001,0.0490311,-0.99854,0
4821,3235,35,387,0,771,211,9460,201,9661,-0.0395289,0.0443582,-0.998233,0
4767,3251,35,384,0,755,213,9405,1480,10885,-0.0263394,0.0700777,-0.997194,0
4682,3267,35,388,0,808,216,9396,333,9729,-0.0277103,0.0513914,-0.998294,0
4728,3378,34,386,0,762,233,9521,208,9729,-0.0228671,0.0567214,-0.998128,0
4820,3363,34,386,0,757,211,9571,283,9854,-0.042779,0.0256029,-0.998756,0
4690,3369,33,442,0,760,215,9509,1421,10930,-0.0312176,0.0653833,-0.997372,0
4808,3406,34,392,0,782,239,9661,323,9984,-0.029199,0.0466549,-0.998484,0
4743,3282,34,432,0,778,215,9484,1517,11001,-0.0301845,0.0680836,-0.997223,0
4763,3357,34,384,0,753,209,9500,301,9801,-0.0448487,0.0188498,-0.998816,0
5024,3546,33,399,0,751,235,9988,1424,11412,-0.0376037,0.0713406,-0.996743,0
5313,3443,33,380,0,750,208,10127,362,10489,-0.0428896,0.0400227,-0.998278,0
3370,2288,24,268,0,641,152,6743,1055,7798,-0.0307907,0.0691236,-0.997133,0
4780,3639,36,388,0,753,208,9804,337,10141,-0.0254618,0.0431103,-0.998746,0
5261,3404,32,391,0,767,239,10094,1475,11569,-0.0283119,0.0709907,-0.997075,0
5273,3445,35,421,0,757,238,10169,299,10468,-0.0332182,0.0396055,-0.998663,0
4635,3296,33,410,0,763,215,9352,1489,10841,-0.0251701,0.0718368,-0.997099,0
4693,3310,33,391,0,766,212,9405,308,9713,-0.0441342,0.0186223,-0.998852,0
4963,3914,35,477,0,807,249,10445,1576,12021,-0.0385118,0.0664296,-0.997047,0
4750,3598,34,450,0,814,221,9867,268,10135,-0.0495464,0.0307751,-0.998298,0
5046,3857,24,281,0,592,158,9958,1059,11017,-0.0357878,0.0613574,-0.997474,0
2562,1919,18,218,0,434,120,5271,143,5414,-0.0474607,0.046737,-0.997779,0
5626,3789,34,426,0,845,253,10973,1479,12452,-0.0323862,0.0668135,-0.99724,0
4858,3441,33,425,0,803,224,9784,280,10064,-0.0298631,0.0425869,-0.998646,0
5424,3924,33,409,0,812,273,10875,1469,12344,-0.024031,0.067895,-0.997403,0
4923,3615,36,410,0,797,221,10002,334,10336,-0.0263236,0.041479,-0.998793,0
4770,3478,36,422,0,797,230,9733,1361,11094,-0.0300816,0.0695915,-0.997122,0
4937,3684,36,484,0,840,230,10211,334,10545,-0.0406481,0.0390618,-0.99841,0
4870,3806,34,416,0,871,234,10231,1350,11581,-0.0285069,0.0676605,-0.997301,0
4869,3585,34,492,0,830,228,10038,333,10371,-0.0223528,0.0314596,-0.999255,0
3259,2449,25,278,0,559,156,6726,983,7709,-0.0283317,0.0722015,-0.996988,0
5279,3881,34,425,0,917,240,10776,351,11127,-0.0204287,0.0513376,-0.998472,0
4807,3466,33,429,0,802,227,9764,231,9995,-0.0454717,0.00943244,-0.998921,0
5448,3858,34,403,0,899,250,10892,1407,12299,-0.0305393,0.0732664,-0.996845,0
4740,3533,34,417,0,817,224,9765,311,10076,-0.0131122,0.0601914,-0.9981,0
5087,3531,36,410,0,803,221,10088,325,10413,-0.0156787,0.044126,-0.998903,0
5350,3924,40,501,0,943,261,11019,1505,12524,-0.0289754,0.0773374,-0.996584,0
5191,3420,35,416,0,864,227,10153,320,10473,-0.0422764,0.0496454,-0.997872,0
4718,3576,35,407,0,848,231,9815,1439,11254,-0.0250733,0.0749887,-0.996869,0
5006,3523,37,408,0,801,222,9997,368,10365,-0.0388216,0.0410763,-0.998401,0
4723,3466,34,403,0,826,226,9678,1440,11118,-0.0263479,0.0698778,-0.997207,0
4775,3470,33,400,0,786,218,9682,329,10011,-0.0275054,0.0354379,-0.998994,0
5533,3746,34,403,0,787,221,10724,1425,12149,-0.028088,0.0655196,-0.997456,0
4951,3510,36,402,0,790,237,9926,398,10324,-0.0260403,0.083653,-0.996155,0
2581,1871,18,234,0,443,132,5279,175,5454,-0.0094584,0.0549169,-0.998446,0
4958,3588,35,404,0,822,225,10032,306,10338,-0.0252667,0.0373181,-0.998984,0
4816,3422,43,398,0,787,234,9700,1423,11123,-0.0215071,0.0694226,-0.997356,0
4778,3340,40,382,0,779,211,9530,340,9870,-0.0270369,0.0342561,-0.999047,0
4848,3481,43,389,0,773,215,9749,1348,11097,-0.0408819,0.0755004,-0.996308,0
4725,3146,34,375,0,763,206,9249,319,9568,-0.0203823,0.0648298,-0.997688,0
4720,3164,33,371,0,721,211,9220,326,9546,-0.02216,0.0517227,-0.998416,0
4890,3146,37,369,0,763,207,9412,1380,10792,-0.0403899,0.0770192,-0.996211,0
4881,2918,34,355,0,753,198,9139,298,9437,-0.0140915,0.0600189,-0.998098,0
5601,3360,34,349,0,768,212,10324,385,10709,-0.0284682,0.0787703,-0.996486,0
5997,2823,36,338,0,687,184,10065,288,10353,-0.0184827,0.0764967,-0.996899,0
5141,2815,35,343,0,670,181,9185,320,9505,-0.0221452,0.0752814,-0.996916,0
4553,2430,31,291,0,584,158,8047,291,8338,-0.0228124,0.101482,-0.994576,0
4585,2445,62,291,0,634,159,8176,385,8561,-0.0217858,0.0981623,-0.994932,0
4790,2426,39,331,0,556,190,8332,523,8855,-0.0408361,0.0798048,-0.995974,0
4714,2533,32,315,0,584,158,8336,395,8731,-0.0232822,0.0600919,-0.997921,0
2618,1389,17,160,0,327,86,4597,162,4759,-0.0364561,0.0812607,-0.996026,0
5443,2607,31,310,0,644,168,9203,411,9614,-0.0512025,0.116936,-0.991819,0
5444,2518,35,286,0,577,192,9052,401,9453,-0.048216,0.112583,-0.992472,0
5407,2316,35,267,0,519,145,8689,406,9095,-0.0318898,0.100244,-0.994452,0
5521,2129,33,249,0,524,138,8594,369,8963,-0.0288575,0.0977058,-0.994797,0
5277,2012,35,290,0,435,126,8175,425,8600,-0.0329628,0.0830663,-0.995999,0
3587,1223,21,144,0,318,91,5384,250,5634,-0.0305288,0.077239,-0.996545,0
5551,1640,30,197,0,365,102,7885,417,8302,-0.0226463,0.126902,-0.991657,0
5314,1426,32,182,0,339,95,7388,527,7915,-0.00343265,0.109112,-0.994024,0
5333,1377,29,169,0,310,89,7307,570,7877,0.0133182,0.0796399,-0.996735,0
5199,1268,30,167,0,298,86,7048,608,7656,0.0196135,0.0965297,-0.995137,0
5264,1234,38,166,0,301,82,7085,667,7752,0.00882854,0.112597,-0.993602,0
4966,1112,31,144,0,266,77,6596,686,7282,-0.00985241,0.0936333,-0.995558,0
5896,1004,30,171,0,223,69,7393,637,8030,-0.0251142,0.117187,-0.992792,0
4754,772,44,110,0,188,55,5923,487,6410,0.00314765,0.0501835,-0.998735,0
4788,634,28,96,0,154,46,5746,485,6231,0.0278279,0.024098,-0.999322,0
4640,560,30,90,0,140,42,5502,528,6030,0.0189972,0.0871662,-0.996013,0
4519,466,28,80,0,141,39,5273,467,5740,0.0529099,-0.0104412,-0.998545,0
4379,449,29,72,0,109,35,5073,437,5510,0.02767,0.0978485,-0.994817,0
4473,434,26,71,0,98,32,5134,306,5440,0.0375449,0.08049,-0.996048,0
4453,383,26,69,0,94,31,5056,367,5423,0.0332364,0.0610981,-0.997578,0
4110,316,26,61,0,79,27,4619,378,4997,0.0305979,0.0342243,-0.998946,0
4639,327,28,60,0,80,28,5162,433,5595,0.0859842,-0.0870763,-0.992484,0
4162,253,25,51,0,62,23,4576,349,4925,0.0300192,-0.0402407,-0.998739,0
3830,228,25,47,0,55,21,4206,394,4600,0.0462338,-0.103105,-0.993595,0
3970,205,26,47,0,99,19,4366,364,4730,0.0715577,-0.227121,-0.971234,0
3912,247,25,50,0,74,25,4333,374,4707,0.0710321,-0.233791,-0.969689,0
3838,264,25,51,0,63,23,4264,360,4624,0.0668906,-0.207948,-0.97585,0
3728,301,25,55,0,72,26,4207,397,4604,0.06013,-0.166397,-0.984224,0
4574,312,24,59,0,76,27,5072,365,5437,0.0852479,-0.259556,-0.961958,0
4172,357,28,66,0,123,40,4786,434,5220,0.0757954,-0.255974,-0.963708,0
3974,403,28,66,0,85,30,4586,460,5046,0.0633187,-0.22519,-0.972255,0
6814,548,36,100,0,132,47,7677,660,8337,0.0707715,-0.212247,-0.97465,0
1419,138,10,24,0,33,11,1635,193,1828,0.0655557,-0.174571,-0.98246,0
3653,457,27,69,0,101,34,4341,562,4903,0.060797,-0.13811,-0.988549,0
4096,504,27,82,0,115,38,4862,534,5396,0.0507099,-0.10552,-0.993123,0
4129,688,32,115,0,193,54,5211,665,5876,0.0620554,-0.144856,-0.987505,0
3838,762,47,99,0,163,51,4960,616,5576,0.0531402,-0.143967,-0.988155,0
4035,757,27,135,0,185,59,5198,788,5986,0.0638645,-0.103819,-0.992544,0
4235,935,39,192,0,287,77,5765,1151,6916,0.0740457,-0.118302,-0.990213,0
4289,1008,28,138,0,235,70,5768,1265,7033,0.0792931,-0.124519,-0.989044,0
3884,1078,38,151,0,323,76,5550,1298,6848,0.0719745,-0.122889,-0.989807,0
4024,1144,28,156,0,282,86,5720,1222,6942,0.0631711,-0.116713,-0.991155,0
4231,1252,28,169,0,351,96,6127,1523,7650,0.0533352,-0.119785,-0.991366,0
4061,1406,35,183,0,344,98,6127,1637,7764,0.0438495,-0.106871,-0.993306,0
4360,1589,28,203,0,386,109,6675,1862,8537,0.0260083,-0.077306,-0.996668,0
4009,1821,28,222,0,508,127,6715,2047,8762,0.0276357,-0.0825971,-0.9962,0
4105,1818,28,226,0,455,127,6759,2215,8974,0.0203697,-0.07436,-0.997023,0
4323,1995,27,245,0,487,136,7213,2340,9553,0.0210801,-0.0479516,-0.998627,0
4217,2097,29,255,0,555,146,7299,2718,10017,0.0224647,-0.0279164,-0.999358,0
4368,2157,28,266,0,628,156,7603,2796,10399,0.0312589,-0.0104393,-0.999457,0
4387,2340,27,347,0,602,164,7867,2879,10746,0.0379224,-0.0167136,-0.999141,0
4454,2564,27,294,0,611,164,8114,3234,11348,0.0367789,-0.00326185,-0.999318,0
1623,900,10,99,0,202,69,2903,1183,4086,0.0326645,0.00431297,-0.999457,0
1027,645,8,74,0,244,59,2057,738,2795,0.0152659,0.0249941,-0.999571,0
4748,3334,29,382,0,867,219,9579,3084,12663,-0.0168194,0.0399746,-0.999059,0
5049,3918,32,419,0,874,236,10528,2131,12659,-0.0346879,0.0520565,-0.998042,0
3503,2710,19,312,0,673,196,7413,1400,8813,-0.0362171,0.0454698,-0.998309,0
5631,4856,29,535,0,1056,288,12395,1638,14033,-0.0484252,0.0450785,-0.997809,0
5611,5372,30,596,0,1175,250,13034,1119,14153,-0.0701268,0.0437321,-0.996579,0
4142,3989,23,453,0,924,249,9780,1228,11008,-0.0857955,0.0361968,-0.995655,0
6108,6131,32,697,0,1419,385,14772,1652,16424,-0.108422,0.0376589,-0.993391,0
6419,6359,22,504,0,1067,282,14653,1090,15743,-0.128006,0.0368484,-0.991089,0
3270,3352,16,390,0,849,217,8094,929,9023,-0.13409,0.0557444,-0.9894,0
6611,6626,30,750,0,1242,288,15547,1285,16832,-0.14511,0.108787,-0.983416,0
4293,4690,19,557,0,1176,325,11060,1700,12760,-0.13147,0.139105,-0.981512,0
4118,4905,19,543,0,1104,293,10982,2102,13084,-0.1125,0.159001,-0.980848,0
4149,4617,18,555,0,1108,292,10739,2236,12975,-0.0874424,0.187648,-0.978337,0
4036,4697,18,494,0,1063,299,10607,2378,12985,-0.0670133,0.180962,-0.981204,0
4070,4753,41,466,0,978,262,10570,2633,13203,-0.0530334,0.189686,-0.980411,0
4047,4370,20,447,0,939,250,10073,2781,12854,-0.0404739,0.174107,-0.983895,0
4422,3742,18,437,0,976,236,9831,2679,12510,-0.0343443,0.159748,-0.98656,0
6061,6087,31,655,0,1410,354,14598,3434,18032,-0.0377656,0.158087,-0.986703,0
3138,2801,14,313,0,691,191,7148,2402,9550,-0.0412915,0.149636,-0.987879,0
5413,4385,24,509,0,1041,272,11644,3569,15213,-0.0381427,0.147248,-0.988364,0
3436,3053,17,361,0,797,193,7857,2587,10444,-0.0351314,0.141826,-0.989268,0
4343,4155,27,464,0,872,229,10090,3146,13236,-0.0429606,0.148217,-0.988021,0
4149,3457,22,386,0,796,212,9022,3364,12386,-0.0533469,0.159573,-0.985743,0
3807,2764,20,310,0,681,179,7761,2375,10136,-0.0617134,0.157608,-0.985571,0
5553,4389,31,438,0,925,245,11581,2999,14580,-0.0834592,0.197897,-0.976663,0
5808,4257,36,427,0,917,301,11746,2951,14697,-0.0990466,0.228391,-0.968518,0
3722,2320,20,294,0,559,149,7064,1760,8824,-0.0870624,0.218543,-0.971936,0
5094,3107,29,358,0,734,195,9517,2402,11919,-0.0813834,0.262344,-0.961537,0
4785,2699,29,315,0,686,180,8694,2043,10737,-0.0778685,0.272984,-0.958862,0
4817,2560,35,362,0,648,199,8621,2295,10916,-0.0712436,0.264458,-0.961762,0
4724,2315,29,263,0,535,145,8011,2145,10156,-0.0684218,0.265073,-0.961798,0
4653,2560,36,311,0,528,154,8242,2018,10260,-0.0681033,0.247502,-0.966491,0
4109,1702,25,208,0,479,147,6670,1861,8531,-0.0658474,0.244059,-0.967522,0
4340,1763,27,243,0,491,126,6990,2011,9001,-0.060187,0.241069,-0.96864,0
4433,1571,28,236,0,426,147,6841,1829,8670,-0.064394,0.213142,-0.974897,0
4144,1759,29,244,0,393,114,6683,1671,8354,-0.0719672,0.220635,-0.972698,0
3909,1457,25,191,0,365,111,6058,1618,7676,-0.106466,0.315959,-0.94278,0
3707,1444,26,185,0,356,100,5818,1583,7401,-0.0936158,0.249575,-0.96382,0
3688,1407,23,182,0,343,98,5741,1522,7263,-0.0921781,0.217647,-0.971665,0
3734,1413,24,179,0,342,98,5790,1361,7151,-0.0933868,0.160629,-0.982587,0
4701,1341,24,178,0,332,95,6671,1344,8015,-0.0959221,0.10639,-0.989687,0
3831,1363,25,196,0,344,98,5857,1225,7082,-0.130843,0.162981,-0.977915,0
3657,1304,24,170,0,320,115,5590,1183,6773,-0.129305,0.153134,-0.979709,0
3690,1286,25,171,0,317,91,5580,1116,6696,-0.114605,0.174509,-0.977964,0
3626,1367,26,170,0,310,91,5590,1037,6627,-0.110364,0.201352,-0.973282,0
4353,1546,28,208,0,335,92,6562,1110,7672,-0.0985029,0.179095,-0.978888,0
4021,1307,26,171,0,319,93,5937,1032,6969,-0.0916505,0.189128,-0.977666,0
3941,1302,45,172,0,317,93,5870,1083,6953,-0.0947666,0.206161,-0.973918,0
3841,1284,25,173,0,316,93,5732,960,6692,-0.0931087,0.213689,-0.972454,0
3758,1383,25,173,0,317,93,5749,1001,6750,-0.0855898,0.204568,-0.975103,0
4057,1358,27,174,0,317,93,6026,943,6969,-0.0824247,0.201678,-0.975978,0
3714,1359,27,171,0,320,98,5689,959,6648,-0.0983962,0.237322,-0.966435,0
3889,1367,25,174,0,320,94,5869,852,6721,-0.0948401,0.224269,-0.969902,0
3704,1388,26,177,0,324,94,5713,752,6465,-0.0992653,0.26073,-0.960295,0
3728,1421,27,182,0,343,99,5800,681,6481,-0.0989871,0.222665,-0.969857,0
3882,1599,26,201,0,370,106,6184,595,6779,-0.10688,0.263554,-0.958705,0
4428,2020,31,240,0,451,130,7300,585,7885,-0.117644,0.298992,-0.946976,0
3987,2115,27,225,0,431,123,6908,400,7308,-0.0970121,0.214881,-0.97181,0
3865,1975,26,234,0,452,129,6681,258,6939,-0.0731928,0.177489,-0.981397,0
3842,2046,27,241,0,464,134,6754,238,6992,-0.101709,0.258309,-0.960693,0
4537,2265,28,264,0,532,152,7778,333,8111,-0.0918891,0.205008,-0.974437,0
4481,2345,29,304,0,537,156,7852,306,8158,-0.0920175,0.216134,-0.972018,0
4033,2067,28,242,0,465,134,6969,242,7211,-0.0905124,0.211978,-0.973074,0
3995,2235,28,247,0,469,135,7109,271,7380,-0.0705765,0.173792,-0.98225,0
4878,3402,37,374,0,697,199,9587,270,9857,-0.0670212,0.139763,-0.987914,0
4213,2239,26,254,0,521,144,7397,218,7615,-0.105628,0.267494,-0.957752,0
4292,2130,28,251,0,476,136,7313,295,7608,-0.0549774,0.142097,-0.988325,0
4275,2087,29,244,0,486,136,7257,215,7472,-0.0569202,0.15472,-0.986318,0
4425,2470,35,253,0,479,138,7800,217,8017,-0.0771402,0.148649,-0.985877,0
3889,2415,41,279,0,479,139,7242,228,7470,-0.0537577,0.133887,-0.989538,0
4694,2482,32,288,0,554,167,8217,809,9026,-0.0405207,0.128032,-0.990942,0
4847,2367,28,253,0,494,139,8128,270,8398,-0.0458776,0.117505,-0.992012,0
4074,2163,28,254,0,483,139,7141,203,7344,-0.0816221,0.114619,-0.990051,0
4674,2516,32,287,0,588,161,8258,277,8535,-0.100035,0.225127,-0.96918,0
3961,2153,27,255,0,577,192,7165,279,7444,0.163958,-0.367097,-0.915619,0
4490,2492,30,322,0,556,160,8050,531,8581,-0.0281485,0.107276,-0.993831,0
4532,2446,31,288,0,560,157,8014,334,8348,-0.0463658,0.123516,-0.991259,0
4517,2169,30,263,0,555,171,7705,687,8392,-0.0511559,0.107427,-0.992896,0
4444,2628,31,324,0,557,161,8145,752,8897,-0.0633195,0.12012,-0.990738,0
4417,2436,27,279,0,513,143,7815,662,8477,-0.0669414,0.126256,-0.989736,0
5228,2528,34,296,0,569,165,8820,229,9049,-0.0720519,0.134362,-0.988309,0
4722,2450,33,295,0,592,164,8256,777,9033,-0.0520855,0.114757,-0.992027,0
4764,2436,32,310,0,632,213,8387,266,8653,-0.0527524,0.128464,-0.99031,0
4764,2711,36,300,0,601,167,8579,831,9410,-0.0538347,0.1151,-0.991894,0
4727,2447,33,294,0,551,195,8247,294,8541,-0.162746,0.507051,-0.846412,0
5187,2532,32,294,0,561,161,8767,386,9153,-0.0717874,0.179372,-0.981159,0
4783,3355,33,300,0,641,172,9284,290,9574,-0.0736235,0.189062,-0.979201,0
5117,2443,32,291,0,578,184,8645,297,8942,-0.127144,0.285966,-0.949767,0
5615,2616,30,262,0,528,159,9210,356,9566,-0.0438088,0.128148,-0.990787,0
4498,2499,39,323,0,556,163,8078,270,8348,-0.130409,0.235983,-0.962967,0
5028,2544,32,298,0,650,176,8728,767,9495,-0.0391916,0.121821,-0.991778,0
4667,3032,42,387,0,567,165,8860,278,9138,-0.0582394,0.146205,-0.987539,0
4743,2588,39,330,0,569,164,8433,759,9192,-0.0446122,0.121232,-0.991621,0
4555,2511,33,291,0,617,163,8170,261,8431,-0.0758443,0.199464,-0.976966,0
4898,2434,32,310,0,610,166,8450,310,8760,-0.0888244,0.190196,-0.97772,0
5619,3005,33,312,0,632,179,9780,250,10030,-0.108089,0.266235,-0.957829,0
4524,2415,32,286,0,548,182,7987,332,8319,-0.107327,0.226696,-0.968034,0
4559,2447,33,286,0,548,157,8030,227,8257,-0.0998798,0.253097,-0.962271,0
4460,2388,30,281,0,562,159,7880,373,8253,-0.0779299,0.216096,-0.973257,0
4630,2442,34,288,0,552,170,8116,366,8482,-0.0853378,0.18519,-0.978991,0
4503,2532,44,289,0,547,156,8071,783,8854,-0.0442196,0.125102,-0.991158,0
4561,2463,31,290,0,611,165,8121,230,8351,-0.221309,0.566616,-0.793706,0
4476,2531,32,292,0,548,156,8035,376,8411,-0.0648466,0.188999,-0.979834,1
4534,2445,29,281,0,565,158,8012,273,8285,-0.0899413,0.200092,-0.97564,1
4539,2468,33,293,0,575,161,8069,265,8334,-0.063116,0.150354,-0.986616,1
4479,2242,28,281,0,462,107,7599,153,7752,-0.0574201,0.146422,-0.987554,1
4157,2154,28,258,0,493,142,7232,651,7883,-0.0419992,0.127915,-0.990896,1
4343,2236,28,290,0,509,146,7552,663,8215,-0.0420734,0.122419,-0.991586,1
4291,2300,32,257,0,493,140,7513,796,8309,-0.0388996,0.119209,-0.992107,1
4482,2769,48,321,0,556,160,8336,280,8616,-0.0916081,0.185247,-0.978413,1
4015,2233,35,356,0,532,173,7344,899,8243,-0.0454509,0.126707,-0.990898,1
4478,2351,28,257,0,496,142,7752,235,7987,0.0312247,-0.113963,-0.992994,1
4336,2198,30,257,0,492,140,7453,407,7860,-0.0423732,0.0676138,-0.996811,1
4070,2236,30,257,0,515,141,7249,259,7508,-0.0514177,0.096194,-0.994034,1
4476,2847,30,260,0,490,140,8243,771,9014,-0.0499796,0.133544,-0.989782,1
4482,2659,45,380,0,648,239,8453,763,9216,-0.054708,0.138749,-0.988815,1
4514,2508,31,293,0,648,184,8178,292,8470,-0.142967,0.542932,-0.827518,1
4577,2591,33,290,0,578,159,8228,377,8605,-0.0607673,0.162322,-0.984865,1
4482,2499,41,290,0,684,167,8163,229,8392,-0.0744439,0.21323,-0.974162,1
4487,2534,37,291,0,560,157,8066,229,8295,-0.0673798,0.173907,-0.982454,1
4504,2378,30,348,0,621,169,8050,902,8952,-0.0545503,0.134441,-0.989419,1
4294,2390,29,261,0,490,140,7604,686,8290,-0.0494024,0.134807,-0.98964,1
4420,2522,33,288,0,547,157,7967,740,8707,-0.0504189,0.137092,-0.989274,1
4269,2194,31,258,0,489,141,7382,673,8055,-0.0476776,0.13641,-0.989505,1
3949,2139,30,251,0,484,139,6992,215,7207,-0.0261533,-0.0765183,-0.996725,1
4386,2715,41,379,0,551,162,8234,387,8621,-0.0487097,0.128577,-0.990503,1
4031,2172,30,254,0,554,156,7197,264,7461,0.0323427,-0.261438,-0.964678,1
4180,2122,28,257,0,488,149,7224,406,7630,-0.0237139,-0.0144515,-0.999615,1
5069,2268,28,298,0,493,143,8299,331,8630,-0.0405026,0.0971437,-0.994446,1
4470,2407,31,314,0,559,167,7948,246,8194,-0.0280846,0.0527419,-0.998213,1
4586,2078,28,249,0,573,161,7675,335,8010,-0.0182073,0.0270887,-0.999467,1
4497,2485,35,326,0,544,158,8045,364,8409,-0.0178603,0.0394982,-0.99906,1
4447,2168,31,259,0,504,141,7550,306,7856,-0.00784684,0.0436437,-0.999017,1
4945,3094,37,337,0,575,162,9150,428,9578,-0.04596,0.1043,-0.993483,1
4564,2485,29,292,0,553,159,8082,267,8349,-0.0444237,0.0941929,-0.994563,1
4901,2421,33,292,0,542,157,8346,276,8622,-0.060199,0.148811,-0.987032,1
4483,2369,32,280,0,540,188,7892,687,8579,-0.0445103,0.130596,-0.990436,1
4541,2431,30,295,0,544,157,7998,252,8250,-0.0147986,0.0718648,-0.997304,1
4464,2453,32,296,0,561,158,7964,397,8361,-0.0534181,0.11856,-0.991509,1
4526,2400,33,286,0,539,155,7939,767,8706,-0.0460153,0.12742,-0.990781,1
4356,2430,38,402,0,781,164,8171,249,8420,0.0570155,0.143384,-0.988024,1
4546,2545,33,325,0,588,163,8200,633,8833,-0.0446304,0.147932,-0.98799,1
4537,2420,32,289,0,541,154,7973,288,8261,-0.0604695,0.148395,-0.987078,1
5036,2592,31,295,0,601,157,8712,229,8941,-0.0685665,0.14702,-0.986754,1
4894,2441,31,329,0,543,160,8398,746,9144,-0.0506016,0.131075,-0.99008,1
4558,2433,38,287,0,585,160,8061,-1000,-1000,-1,-1,-1,1
2445,1185,17,140,0,269,78,4134,220,4354,-0.0402402,0.0916292,-0.99498,1
4602,2357,30,323,0,670,162,8144,244,8388,-0.025063,0.0576886,-0.99802,1
4537,2447,39,334,0,585,162,8104,331,8435,-0.0332609,0.0759105,-0.99656,1
4506,2366,32,307,0,620,164,7995,311,8306,-0.0322702,0.0699061,-0.997032,1
3986,2163,28,252,0,481,137,7047,282,7329,-0.0209109,0.0417663,-0.998909,1
4090,2069,28,280,0,553,142,7162,321,7483,-0.0360809,0.0691297,-0.996955,1
4218,2172,29,357,0,737,234,7747,319,8066,-0.0410906,0.104619,-0.993663,1
4379,2377,44,358,0,543,162,7863,-1000,-1000,-1,-1,-1,1
4446,2869,32,287,0,543,155,8332,376,8708,-0.0422427,0.0877263,-0.995249,1
4388,2409,30,281,0,545,158,7811,246,8057,-0.067235,0.124304,-0.989964,1
4494,2476,31,288,0,600,163,8052,228,8280,-0.095455,0.193466,-0.976452,1
4619,2664,31,285,0,572,158,8329,751,9080,-0.0508171,0.130308,-0.99017,1
4416,2446,33,326,0,558,162,7941,268,8209,-0.0658589,0.167681,-0.983639,1
4461,2629,42,388,0,678,164,8362,833,9195,-0.0607805,0.10706,-0.992393,1
4680,2727,30,288,0,544,156,8425,227,8652,-0.0411222,0.063115,-0.997159,1
4535,2388,32,280,0,541,156,7932,260,8192,-0.0306143,0.0374126,-0.998831,1
4516,2463,31,281,0,541,182,8014,360,8374,-0.0294844,0.0465955,-0.998479,1
4470,2446,31,286,0,556,166,7955,328,8283,-0.0455469,0.0481229,-0.997803,1
4414,2442,31,296,0,542,156,7881,274,8155,-0.0391507,0.126896,-0.991143,1
4478,2418,32,284,0,542,158,7912,-1000,-1000,-1,-1,-1,1
4371,2191,27,261,0,485,138,7473,321,7794,-0.041208,0.0591421,-0.997399,1
4007,2235,27,273,0,482,139,7163,282,7445,-0.0429827,0.0987259,-0.994186,1
5702,2478,32,287,0,623,163,9285,278,9563,-0.0449982,0.0726253,-0.996344,1
4499,2413,31,298,0,537,156,7934,240,8174,-0.0265164,0.0275678,-0.999268,1
4518,2432,32,282,0,536,153,7953,362,8315,-0.0376969,0.0604664,-0.997458,1
4420,2412,32,284,0,537,153,7838,313,8151,-0.0393493,0.0744647,-0.996447,1
4491,2396,33,290,0,572,160,7942,322,8264,-0.0365405,0.0579811,-0.997649,1
4508,2523,32,292,0,591,163,8109,291,8400,-0.034416,0.0661884,-0.997213,1
4432,2383,33,297,0,542,155,7842,276,8118,-0.0316963,0.0542481,-0.998024,1
4632,2450,31,291,0,555,194,8153,347,8500,-0.0223418,0.111431,-0.993521,1
4552,2494,33,322,0,615,168,8184,335,8519,-0.0472703,0.133861,-0.989872,1
4559,2723,33,311,0,615,169,8410,715,9125,-0.0706406,0.201994,-0.976836,1
4681,2735,32,319,0,659,178,8604,742,9346,-0.0702835,0.214662,-0.974156,1
4704,2872,33,327,0,627,179,8742,724,9466,-0.112934,0.219744,-0.968999,1
4688,2863,33,336,0,638,181,8739,661,9400,-0.094348,0.201214,-0.974993,1
4872,2952,33,346,0,713,196,9112,640,9752,-0.0584962,0.180975,-0.981746,1
4813,3045,34,381,0,727,200,9200,698,9898,-0.0954306,0.211987,-0.972602,1
4931,3365,36,379,0,736,228,9675,244,9919,-0.165906,0.148053,-0.974965,1
4967,3683,35,413,0,807,240,10145,286,10431,-0.0793622,0.194386,-0.977709,1
5039,3833,38,477,0,927,254,10568,974,11542,-0.0506559,0.207705,-0.976879,1
5199,4131,31,413,0,606,179,10559,631,11190,-0.0467073,0.211075,-0.976353,1
3163,2935,24,295,0,617,163,7197,611,7808,-0.0341026,0.196076,-0.979996,1
5348,4318,36,522,0,1012,272,11508,917,12425,-0.0204818,0.206634,-0.978204,1
5412,4226,41,533,0,991,271,11474,926,12400,-0.0189094,0.204919,-0.978596,1
5210,4204,35,493,0,1005,325,11272,269,11541,-0.0587445,0.188719,-0.980273,1
5210,4330,37,567,0,1022,278,11444,301,11745,-0.0685938,0.185977,-0.980157,1
5261,4285,38,494,0,991,271,11340,288,11628,-0.0864006,0.138969,-0.986521,1
5401,4406,39,505,0,986,298,11635,803,12438,-0.0256224,0.198108,-0.979845,1
5320,4549,45,566,0,1136,345,11961,348,12309,-0.0681133,0.149965,-0.986342,1
4934,3979,32,444,0,907,249,10545,915,11460,-0.0112054,0.199,-0.979936,1
4974,4097,31,493,0,996,283,10874,364,11238,-0.0515538,0.172065,-0.983736,1
5766,5159,35,448,0,877,307,12592,307,12899,-0.0554297,0.183478,-0.98146,1
4929,3773,30,406,0,795,224,10157,603,10760,-0.137366,0.342407,-0.929456,1
4707,3098,30,384,0,951,197,9367,571,9938,-0.146129,0.459841,-0.875895,1
4747,2635,29,306,0,587,166,8470,308,8778,-0.0434778,0.172165,-0.984108,1
4383,2405,29,280,0,547,154,7798,712,8510,-0.175579,0.631911,-0.754892,1
4257,2239,28,251,0,482,138,7395,349,7744,-0.158678,0.658765,-0.735425,1
4775,2241,32,260,0,533,141,7982,469,8451,-0.141553,0.642147,-0.753399,1
4372,1812,29,223,0,419,120,6975,375,7350,-0.136764,0.592319,-0.794011,1
5461,2057,31,253,0,531,133,8466,317,8783,-0.0654319,0.406952,-0.911103,1
4706,1878,30,218,0,410,116,7358,316,7674,-0.0538421,0.345864,-0.936738,1
4642,1604,30,201,0,411,111,6999,324,7323,-0.0423469,0.157969,-0.986536,1
5028,1473,30,199,0,366,104,7200,372,7572,-0.0136018,0.111639,-0.993656,1
4980,1649,30,207,0,362,99,7327,382,7709,-0.019742,0.161189,-0.986726,1
4899,1397,27,178,0,337,94,6932,293,7225,-0.00537569,0.0801941,-0.996765,1
3669,791,19,108,0,196,56,4839,400,5239,-0.00944615,0.156621,-0.987614,1
2298,581,14,76,0,148,41,3158,220,3378,-0.00998699,0.177688,-0.984036,1
4953,1183,30,172,0,299,87,6724,526,7250,-0.0162536,0.22632,-0.973917,1
4439,927,27,135,0,236,68,5832,459,6291,-0.0262328,0.257442,-0.965938,1
5319,1028,37,142,0,302,93,6921,662,7583,-0.0371817,0.29377,-0.955153,1
5343,1012,30,137,0,234,68,6824,595,7419,-0.0459911,0.296701,-0.953862,1
7238,816,25,121,0,218,61,8479,680,9159,-0.0310897,0.286291,-0.957638,1
1635,231,9,33,0,58,17,1983,246,2229,-0.0180492,0.240465,-0.97049,1
4800,749,27,104,0,204,56,5940,811,6751,-0.0257235,0.295388,-0.955031,1
4787,614,27,92,0,163,48,5731,907,6638,-0.0287215,0.32103,-0.946633,1
5482,632,31,99,0,166,72,6482,1046,7528,-0.0334882,0.312046,-0.949476,1
5274,553,29,90,0,156,46,6148,1016,7164,-0.0271846,0.308086,-0.95097,1
5542,537,30,103,0,150,46,6408,879,7287,-0.0101245,0.223451,-0.974663,1
4562,460,27,77,0,124,36,5286,789,6075,-0.0214611,0.250722,-0.967821,1
7005,565,33,109,0,170,54,7936,1203,9139,-0.0173413,0.252705,-0.967388,1
4866,411,31,74,0,143,40,5565,1185,6750,-0.0141179,0.278186,-0.960424,1
4868,426,30,76,0,138,38,5576,1389,6965,0.0217478,0.228036,-0.97341,1
4647,458,32,81,0,123,38,5379,1255,6634,0.0339894,0.199159,-0.979378,1
4627,533,38,88,0,130,41,5457,1226,6683,0.0259829,0.195173,-0.980425,1
4592,677,31,104,0,182,54,5640,1227,6867,0.0272008,0.191559,-0.981104,1
4402,724,29,112,0,185,57,5509,1038,6547,0.0388482,0.165293,-0.985479,1
4437,869,28,124,0,208,64,5730,997,6727,0.0356435,0.123432,-0.991713,1
4426,965,32,144,0,238,72,5877,1124,7001,0.0401629,0.102997,-0.993871,1
4471,1076,32,154,0,273,81,6087,1243,7330,0.030532,0.0885321,-0.995605,1
4526,1369,40,202,0,329,95,6561,1531,8092,0.0107489,0.0899511,-0.995888,1
4596,1593,36,211,0,418,114,6968,1800,8768,0.00359301,0.101998,-0.994778,1
4777,1906,31,244,0,507,195,7660,1976,9636,6.15149e-05,0.0946966,-0.995506,1
5159,2485,32,293,0,656,168,8793,2298,11091,-0.0105013,0.128189,-0.991694,1
5397,3016,32,357,0,792,205,9799,2587,12386,-0.0121513,0.149895,-0.988627,1
3536,2536,22,282,0,596,160,7132,1433,8565,0.00887066,0.128666,-0.991648,1
5760,4576,32,540,0,1071,290,12269,1801,14070,0.0491951,0.195069,-0.979555,1
5785,5023,29,557,0,1166,311,12871,1299,14170,0.110858,0.207358,-0.971963,1
5213,5112,28,602,0,1226,324,12505,1519,14024,0.128189,0.218786,-0.967316,1
6782,6074,20,474,0,977,266,14593,1290,15883,0.131138,0.216412,-0.967455,1
4494,4945,21,522,0,1099,289,11370,1523,12893,0.125668,0.24039,-0.962507,1
4312,4612,19,520,0,1125,296,10884,1898,12782,0.0872262,0.268679,-0.959272,1
6887,6944,29,777,0,1392,304,16333,2181,18514,0.052855,0.286473,-0.956629,1
3316,3697,12,380,0,700,189,8294,1522,9816,0.0219226,0.275648,-0.961009,1
3871,4122,17,463,0,960,257,9690,2221,11911,-0.0132314,0.27576,-0.961136,1
6853,6507,26,742,0,1570,424,16122,2721,18843,-0.0402834,0.281978,-0.958575,1
3143,3163,15,350,0,800,199,7670,2131,9801,-0.0454886,0.257223,-0.965281,1
4762,4203,22,477,0,1051,275,10790,3490,14280,-0.0532732,0.261895,-0.963625,1
5647,4678,27,540,0,1139,302,12333,3850,16183,-0.0583249,0.29354,-0.954166,1
3724,2714,18,306,0,723,238,7723,3301,11024,-0.0525646,0.265822,-0.962588,1
7313,3787,46,479,0,897,224,12746,3925,16671,-0.0567584,0.296863,-0.953232,1
3537,2103,19,245,0,519,137,6560,2138,8698,-0.0512553,0.286734,-0.956638,1
6567,3108,30,335,0,849,248,11137,2833,13970,-0.0620079,0.327736,-0.942732,1
5299,2788,32,394,0,964,244,9721,2455,12176,-0.0690229,0.33149,-0.940931,1
3356,1735,23,206,0,422,114,5856,1705,7561,-0.0631013,0.321709,-0.944734,1
4744,2350,31,283,0,577,156,8141,1882,10023,-0.0586105,0.28238,-0.957511,1
4847,2236,28,267,0,550,149,8077,1766,9843,-0.0566428,0.292865,-0.954475,1
4564,2185,34,281,0,523,147,7734,1808,9542,-0.0501544,0.264004,-0.963217,1
5081,2302,35,279,0,556,154,8407,1837,10244,-0.0469787,0.228753,-0.97235,1
4960,2112,33,334,0,605,153,8197,1721,9918,-0.0437404,0.224697,-0.973447,1
4465,1782,27,238,0,448,127,7087,1449,8536,-0.0441436,0.195213,-0.979767,1
4216,1780,27,245,0,453,127,6848,1341,8189,-0.0481992,0.224419,-0.9733,1
4018,1695,26,213,0,411,117,6480,1449,7929,-0.0493295,0.206867,-0.977125,1
3956,1626,25,206,0,398,114,6325,1206,7531,-0.0493758,0.202821,-0.97797,1
4419,1764,28,229,0,434,165,7039,1321,8360,-0.0485016,0.286829,-0.956753,1
4373,1722,31,223,0,425,122,6896,1285,8181,-0.0487404,0.223222,-0.973548,1
4258,1719,32,216,0,414,119,6758,1251,8009,-0.0487366,0.212534,-0.975937,1
4208,1497,27,199,0,374,109,6414,1167,7581,-0.053424,0.238723,-0.969617,1
4218,1507,36,225,0,390,112,6488,990,7478,-0.0583284,0.228535,-0.971787,1
4319,1716,29,209,0,381,108,6762,1014,7776,-0.0533422,0.223485,-0.973247,1
4148,1392,27,180,0,332,97,6176,872,7048,-0.0714861,0.241603,-0.967739,1
4297,1394,28,188,0,333,98,6338,810,7148,-0.0645107,0.224665,-0.972298,1
4440,1430,30,209,0,308,90,6507,654,7161,-0.0581168,0.241201,-0.968733,1
3820,1330,25,173,0,320,94,5762,766,6528,-0.0714463,0.271019,-0.959919,1
3837,1403,25,203,0,326,96,5890,665,6555,-0.0767541,0.262861,-0.961776,1
4276,1701,30,217,0,394,112,6730,721,7451,-0.0733251,0.27011,-0.960033,1
4328,1719,30,223,0,407,119,6826,755,7581,-0.0783726,0.284336,-0.955516,1
4376,1823,30,230,0,428,123,7010,687,7697,-0.0733782,0.294294,-0.952894,1
4319,1929,35,240,0,442,128,7093,589,7682,-0.0761809,0.289054,-0.954277,1
4490,2035,30,251,0,474,137,7417,495,7912,-0.071829,0.302085,-0.950571,1
4806,2209,28,237,0,533,183,7996,378,8374,-0.0638593,0.323302,-0.944139,1
3992,2099,27,251,0,503,139,7011,295,7306,-0.0553731,0.358449,-0.931906,1
4638,2493,30,311,0,578,164,8214,302,8516,-0.0611166,0.367698,-0.927935,1
4761,2683,30,318,0,639,225,8656,263,8919,-0.0515525,0.245049,-0.968139,1
4908,3033,32,347,0,664,189,9173,535,9708,-0.0749258,0.309978,-0.947787,1
4816,3381,32,409,0,716,208,9562,541,10103,-0.0737832,0.310915,-0.94757,1
5081,3704,42,569,0,1070,254,10720,574,11294,-0.0595794,0.330047,-0.942083,1
5190,4190,36,478,0,923,258,11075,349,11424,-0.0453963,0.297647,-0.953596,1
5533,4488,37,522,0,1064,293,11937,257,12194,-0.0396574,0.397197,-0.916877,1
5392,4675,35,549,0,1089,358,12098,469,12567,-0.0313692,0.456862,-0.888985,1
5542,4845,36,590,0,1161,313,12487,446,12933,0.0316186,0.465925,-0.884259,1
4839,4466,32,578,0,1027,286,11228,424,11652,0.0734134,0.445618,-0.892208,1
5619,5039,38,588,0,1235,328,12847,553,13400,0.0236526,0.324295,-0.94566,1
5732,5543,39,613,0,1241,357,13525,397,13922,-0.082954,0.314626,-0.945584,1
5076,3127,19,290,0,579,162,9253,208,9461,-0.0909627,0.288818,-0.953053,1
2164,1816,15,212,0,417,115,4739,142,4881,-0.0833668,0.32159,-0.943202,1
3812,2714,25,321,0,598,170,7640,273,7913,-0.0729081,0.195287,-0.978032,1
5201,4136,73,397,0,769,218,10794,355,11149,-0.0313422,0.27021,-0.962291,1
5097,3215,43,451,0,853,186,9845,310,10155,-0.0205153,0.30781,-0.951227,1
5120,2252,33,294,0,526,152,8377,260,8637,-0.000194428,0.220584,-0.975368,1
4833,1864,30,206,0,420,125,7478,-1000,-1000,-1,-1,-1,1
4847,1679,40,263,0,423,113,7365,557,7922,-0.000929285,0.335108,-0.942179,1
4927,1371,30,179,0,334,95,6936,244,7180,-0.00445255,0.481617,-0.876371,1
3198,666,15,81,0,146,43,4149,148,4297,0.0044883,0.0968125,-0.995293,1
3849,1094,25,138,0,242,71,5419,421,5840,-0.0249729,0.281,-0.959383,1
4942,1389,33,183,0,375,97,7019,659,7678,-0.0338522,0.260272,-0.964942,1
4947,1388,40,183,0,373,100,7031,815,7846,-0.0238991,0.28366,-0.958627,1
5273,1263,31,202,0,339,120,7228,799,8027,-0.0248937,0.299087,-0.953901,1
5216,1176,31,165,0,298,86,6972,980,7952,-0.0186073,0.276062,-0.96096,1
5539,1130,33,199,0,275,86,7262,973,8235,-0.0223609,0.294034,-0.955533,1
5431,969,40,177,0,388,117,7122,1456,8578,-0.0279794,0.333713,-0.94226,1
5231,943,29,135,0,236,69,6643,1166,7809,-0.0361673,0.317851,-0.947451,1
4342,566,20,84,0,148,42,5202,858,6060,-0.031074,0.323755,-0.945631,1
2671,393,15,58,0,101,30,3268,604,3872,-0.023297,0.33457,-0.942083,1
5238,710,27,112,0,188,56,6331,1158,7489,-0.0145928,0.271982,-0.962192,1
4771,594,37,94,0,156,47,5699,1100,6799,-0.00200093,0.219506,-0.975609,1
4343,588,26,89,0,181,48,5275,1153,6428,-0.00476365,0.26335,-0.964689,1
4810,588,29,96,0,157,50,5730,1252,6982,-0.00785223,0.225872,-0.974125,1
4679,540,39,121,0,157,50,5586,1240,6826,-0.00906324,0.168608,-0.985642,1
4665,518,31,92,0,129,41,5476,1238,6714,-0.0216613,0.173503,-0.984595,1
4467,426,28,75,0,116,37,5149,1219,6368,-0.0205345,0.157303,-0.987337,1
4456,407,28,72,0,167,47,5177,1289,6466,-0.0296198,0.140052,-0.989701,1
4391,393,51,71,0,107,34,5047,1292,6339,-0.0321444,0.17786,-0.983531,1
4571,465,29,79,0,116,38,5298,1179,6477,-0.023148,0.14906,-0.988557,1
3272,382,18,60,0,99,30,3861,788,4649,-0.0113719,0.0700295,-0.99748,1
3570,610,23,91,0,155,47,4496,1029,5525,-0.0179566,0.0598693,-0.998045,1
4498,1045,32,140,0,237,71,6023,1431,7454,-0.0287073,0.0978566,-0.994786,1
4751,1197,29,158,0,289,85,6509,1443,7952,-0.0239173,0.0842888,-0.996155,1
4872,1540,31,203,0,437,111,7194,1570,8764,-0.0236506,0.113177,-0.993294,1
4780,1969,31,239,0,482,143,7644,1943,9587,-0.0248225,0.117817,-0.992725,1
5071,2287,30,296,0,530,194,8408,1927,10335,-0.0212065,0.104504,-0.994299,1
5020,2688,31,327,0,624,171,8861,2122,10983,-0.0176761,0.0903128,-0.995756,1
3369,1888,21,221,0,441,123,6063,1532,7595,-0.0208788,0.0688517,-0.997408,1
5330,2924,30,361,0,712,196,9553,2479,12032,-0.025534,0.0584749,-0.997963,1
5040,3114,29,384,0,767,204,9538,2310,11848,-0.0303014,0.0678876,-0.997232,1
5208,3254,30,378,0,758,206,9834,2316,12150,-0.0349702,0.0729408,-0.996723,1
3486,2550,26,359,0,529,146,7096,1721,8817,-0.0331304,0.0783086,-0.996379,1
4802,3061,28,348,0,707,197,9143,2240,11383,-0.0458682,0.0962205,-0.994303,1
5501,3686,35,410,0,842,254,10728,2836,13564,-0.0673914,0.135543,-0.988477,1
5491,3967,32,434,0,930,306,11160,3263,14423,-0.0781428,0.153549,-0.985046,1
5276,3758,30,439,0,805,165,10473,2236,12709,-0.0814279,0.157489,-0.984158,1
3557,2984,20,325,0,681,185,7752,1989,9741,-0.0845956,0.16165,-0.983215,1
5341,4730,28,534,0,1131,302,12066,2620,14686,-0.0930838,0.183603,-0.978583,1
6322,5114,28,589,0,1215,361,13629,1899,15528,-0.0959758,0.188054,-0.977458,1
4004,3711,19,433,0,888,256,9311,1239,10550,-0.108294,0.182883,-0.977152,1
6014,5757,28,655,0,1336,359,14149,1412,15561,-0.145049,0.190648,-0.970883,1
4279,3992,19,466,0,999,270,10025,1332,11357,-0.183767,0.189857,-0.964461,1
6453,6294,28,722,0,1355,277,15129,1537,16666,-0.188259,0.236129,-0.953311,1
4554,4452,19,500,0,1051,282,10858,1852,12710,-0.171305,0.271201,-0.947156,1
6380,7257,30,786,0,1541,414,16408,3184,19592,-0.153501,0.327787,-0.932198,1
4412,4659,19,518,0,1061,282,10951,2462,13413,-0.129887,0.361991,-0.923088,1
3328,3410,16,353,0,754,197,8058,1987,10045,-0.115708,0.369957,-0.921815,1
6163,5681,30,626,0,1370,360,14230,3862,18092,-0.112691,0.402543,-0.908439,1
4332,3759,20,430,0,877,230,9648,2494,12142,-0.104695,0.387144,-0.916056,1
5928,4922,28,576,0,1234,321,13009,4350,17359,-0.0908298,0.355679,-0.930184,1
2103,1530,10,167,0,359,94,4263,1450,5713,-0.0777777,0.302592,-0.949941,1
1986,1594,13,177,0,385,102,4257,1785,6042,-0.0629074,0.256203,-0.964574,1
6039,4621,27,507,0,1110,289,12593,4537,17130,-0.0591754,0.232094,-0.970891,1
6669,4798,28,510,0,1127,334,13466,3013,16479,-0.0593207,0.220053,-0.973683,1
3091,2320,14,264,0,587,167,6443,2071,8514,-0.0538012,0.214989,-0.975134,1
6019,4580,29,593,0,1109,339,12669,3643,16312,-0.0483247,0.210693,-0.976357,1
5858,3628,19,358,0,777,203,10843,2153,12996,-0.0440626,0.215781,-0.975447,1
2907,2335,14,261,0,564,149,6230,1737,7967,-0.0386933,0.222534,-0.974157,1
6665,4644,26,529,0,1144,300,13308,3645,16953,-0.0362678,0.223327,-0.974069,1
5821,4757,27,643,0,1495,324,13067,2763,15830,-0.0405271,0.220541,-0.974535,1
3102,2528,16,306,0,714,162,6828,1829,8657,-0.044652,0.217473,-0.975044,1
6189,4731,33,628,0,1147,305,13033,3481,16514,-0.0456166,0.218101,-0.974859,1
5882,3582,19,377,0,789,208,10857,1978,12835,-0.0441317,0.222557,-0.973921,1
3087,2679,14,331,0,615,163,6889,1800,8689,-0.0449076,0.22512,-0.973296,1
5807,4667,26,525,0,1141,300,12466,3822,16288,-0.0435131,0.230579,-0.97208,1
5853,4922,34,727,0,1184,306,13026,3663,16689,-0.0436069,0.230986,-0.971979,1
3448,2455,15,277,0,503,128,6826,1563,8389,-0.0423647,0.2297,-0.972339,1
1975,1425,8,142,0,309,81,3940,1030,4970,-0.0412692,0.228603,-0.972644,1
1920,1519,9,180,0,385,99,4112,1330,5442,-0.0380117,0.229137,-0.972652,1
5842,4616,27,521,0,1137,299,12442,3934,16376,-0.0407719,0.2278,-0.972854,1
6234,4740,29,526,0,1195,307,13031,2637,15668,-0.0399416,0.229624,-0.97246,1
4014,3168,18,392,0,1007,217,8816,2647,11463,-0.0391168,0.229553,-0.97251,1
6232,4621,28,528,0,1244,324,12977,2515,15492,-0.0405278,0.227771,-0.972871,1
3064,2699,15,282,0,630,162,6852,1932,8784,-0.0373924,0.228774,-0.972761,1
5836,4647,27,534,0,1146,301,12491,3848,16339,-0.0384219,0.224936,-0.973616,1
6299,3605,19,373,0,821,210,11327,2400,13727,-0.0355722,0.227936,-0.973026,1
3133,2420,14,274,0,612,158,6611,1928,8539,-0.0363216,0.227938,-0.972998,1
5894,4715,29,527,0,1250,308,12723,3465,16188,-0.0390711,0.227933,-0.972892,1
4043,3412,23,449,0,884,270,9081,2487,11568,-0.0376157,0.226898,-0.973192,1
5865,4737,31,537,0,1160,303,12633,2809,15442,-0.0375079,0.225362,-0.973553,1
4127,3336,18,368,0,829,213,8891,2371,11262,-0.0368543,0.224748,-0.97372,1
5993,4665,27,535,0,1173,310,12703,2469,15172,-0.039761,0.223207,-0.97396,1
4143,3392,20,373,0,840,211,8979,2380,11359,-0.0406985,0.226129,-0.973247,1
5954,4702,28,527,0,1175,303,12689,2708,15397,-0.0393001,0.227179,-0.97306,1
4118,3252,19,384,0,795,210,8778,2467,11245,-0.0384982,0.227555,-0.973004,1
6155,4678,28,534,0,1157,318,12870,3665,16535,-0.03781,0.227644,-0.97301,1
5629,3222,19,363,0,810,190,10233,1869,12102,-0.0336844,0.228319,-0.973003,1
2885,2362,15,278,0,574,150,6264,1843,8107,-0.0336788,0.22624,-0.973489,1
5963,4759,29,541,0,1149,303,12744,3437,16181,-0.0332597,0.226949,-0.973339,1
5886,4633,28,533,0,1151,301,12532,3241,15773,-0.036242,0.225891,-0.973478,1
5319,4260,25,484,0,1036,270,11394,3069,14463,-0.0396552,0.226822,-0.973129,1
5907,4611,28,533,0,1139,299,12517,3394,15911,-0.0402671,0.22826,-0.972767,1
6057,4160,19,363,0,784,205,11588,2520,14108,-0.0400273,0.226838,-0.97311,1
2596,2027,14,232,0,521,140,5530,1542,7072,-0.0379278,0.228605,-0.97278,1
5979,4898,31,540,0,1143,301,12892,3525,16417,-0.0389721,0.226229,-0.973294,1
5342,4319,25,474,0,1064,276,11500,3096,14596,-0.0411656,0.225088,-0.973469,1
3806,3067,18,373,0,767,205,8236,2108,10344,-0.0436738,0.225845,-0.973184,1
3581,2915,17,318,0,683,197,7711,2083,9794,-0.0432343,0.226518,-0.973047,1
6035,4716,28,555,0,1142,301,12777,2850,15627,-0.0438101,0.225681,-0.973216,1
4191,3284,23,414,0,789,208,8909,2489,11398,-0.0411107,0.227961,-0.972802,1
4135,3441,19,368,0,790,209,8962,2431,11393,-0.040834,0.227036,-0.97303,1
5870,4844,25,480,0,1091,298,12608,3137,15745,-0.0410137,0.227433,-0.97293,1
3827,3109,17,341,0,804,198,8296,2267,10563,-0.0423973,0.228379,-0.972649,1
5096,4021,22,491,0,935,249,10814,2960,13774,-0.0422039,0.228574,-0.972611,1
4896,3998,23,436,0,941,248,10542,2528,13070,-0.0429441,0.227878,-0.972742,1
6042,4945,36,532,0,1145,300,13000,3487,16487,-0.043929,0.224904,-0.97339,1
3132,2156,12,228,0,499,129,6156,1486,7642,-0.0455395,0.225759,-0.973118,2
4145,3501,18,401,0,788,228,9081,1982,11063,-0.0455323,0.22586,-0.973095,2
3120,2524,15,280,0,679,176,6794,1803,8597,-0.0465749,0.226957,-0.97279,2
5867,4819,27,527,0,1142,301,12683,3384,16067,-0.044578,0.227871,-0.97267,2
6220,4776,33,534,0,1196,306,13065,3489,16554,-0.0417785,0.227392,-0.972907,2
4728,2668,16,278,0,603,158,8451,1858,10309,-0.0389123,0.228834,-0.972687,2
2469,2033,13,317,0,691,154,5677,1533,7210,-0.0381532,0.227868,-0.972944,2
6004,4818,28,533,0,1147,300,12830,2856,15686,-0.0369575,0.228997,-0.972725,2
5917,4862,29,552,0,1150,303,12813,3570,16383,-0.0391719,0.228875,-0.972668,2
6204,3489,27,384,0,811,174,11089,1911,13000,-0.0370031,0.228546,-0.97283,2
2445,1677,10,188,0,412,108,4840,1273,6113,-0.0358607,0.230235,-0.972474,2
2198,1774,11,199,0,429,113,4724,1347,6071,-0.0338377,0.229013,-0.972835,2
5929,4830,27,540,0,1149,332,12807,3520,16327,-0.0340247,0.229848,-0.972631,2
5813,4693,27,509,0,1123,313,12478,3222,15700,-0.0358806,0.228935,-0.97278,2
5947,4879,29,534,0,857,209,12455,2411,14866,-0.0363886,0.229319,-0.972671,2
3105,2479,14,276,0,601,158,6633,1864,8497,-0.0367333,0.229905,-0.97252,2
6100,4713,28,622,0,1263,329,13055,3683,16738,-0.0346407,0.231207,-0.972288,2
6043,4025,19,366,0,804,213,11470,2316,13786,-0.0339107,0.230878,-0.972392,2
3070,2534,15,280,0,604,158,6661,1879,8540,-0.0341601,0.230247,-0.972533,2
5929,4730,29,533,0,1197,307,12725,3543,16268,-0.0334714,0.23131,-0.972304,2
5867,4856,29,574,0,940,210,12476,2475,14951,-0.0321193,0.232606,-0.972041,2
3082,2604,15,281,0,642,161,6785,1952,8737,-0.034275,0.230675,-0.972427,2
5815,4686,28,527,0,1134,310,12500,3506,16006,-0.033706,0.230037,-0.972598,2
5885,4826,27,585,0,790,210,12323,2441,14764,-0.0353124,0.230071,-0.972533,2
3155,2494,16,290,0,616,161,6732,1882,8614,-0.0370043,0.231188,-0.972205,2
6025,4834,28,537,0,1185,237,12846,2478,15324,-0.0396673,0.230684,-0.97222,2
4115,3296,19,372,0,808,210,8820,2473,11293,-0.0405754,0.229971,-0.972351,2
5859,4750,28,527,0,1168,304,12636,3576,16212,-0.0413416,0.230166,-0.972273,2
4076,3358,19,385,0,786,209,8833,2479,11312,-0.0407693,0.230348,-0.972254,2
5278,4305,26,497,0,1051,303,11460,3221,14681,-0.0402023,0.230399,-0.972266,2
3755,3067,17,337,0,750,200,8126,2392,10518,-0.0398704,0.23293,-0.971676,2
6012,4855,31,558,0,1169,307,12932,3782,16714,-0.0406087,0.232711,-0.971698,2
5967,4721,28,530,0,1164,302,12712,3289,16001,-0.038323,0.233465,-0.97161,2
4049,3258,20,365,0,787,226,8705,2570,11275,-0.037162,0.230813,-0.972288,2
4024,3267,19,361,0,791,205,8667,2482,11149,-0.0392608,0.228031,-0.972862,2
5299,4240,27,516,0,1074,272,11428,3274,14702,-0.0377252,0.227643,-0.973014,2
5396,4321,25,477,0,1025,269,11513,3111,14624,-0.0405836,0.227421,-0.972951,2
3758,3081,19,364,0,732,197,8151,2372,10523,-0.0407517,0.231304,-0.972028,2
4763,3908,23,443,0,926,243,10306,3083,13389,-0.0386594,0.232185,-0.971903,2
5881,4709,47,542,0,1178,301,12658,3833,16491,-0.0424604,0.227676,-0.972811,2
5120,3261,15,276,0,637,159,9468,1961,11429,-0.0460149,0.226298,-0.97297,2
5939,4706,29,532,0,1193,303,12702,2662,15364,-0.058442,0.226875,-0.972169,2
3124,2493,15,285,0,591,156,6664,1964,8628,-0.0598762,0.235451,-0.97004,2
5815,4602,32,514,0,1117,295,12375,3985,16360,-0.0628737,0.2466,-0.967075,2
4026,3158,19,343,0,796,200,8542,2867,11409,-0.0631113,0.248316,-0.966621,2
4686,3601,21,393,0,885,229,9815,3514,13329,-0.0647494,0.255843,-0.964548,2
6037,4307,37,486,0,1035,272,12174,4352,16526,-0.0684335,0.254726,-0.964589,2
3899,2787,21,316,0,722,185,7930,3259,11189,-0.0698311,0.248964,-0.965992,2
5628,3946,29,444,0,980,256,11283,4557,15840,-0.0677716,0.252556,-0.965206,2
5812,3721,29,485,0,1012,258,11317,4114,15431,-0.0668008,0.260429,-0.963179,2
3799,2567,19,281,0,625,162,7453,3069,10522,-0.0624604,0.268251,-0.961322,2
5642,3543,29,396,0,865,224,10699,4503,15202,-0.0575506,0.28224,-0.957616,2
3765,2322,28,268,0,620,157,7160,2795,9955,-0.0502624,0.289779,-0.955773,2
5336,3326,30,387,0,833,219,10131,3991,14122,-0.0478385,0.299152,-0.953005,2
4798,2951,26,352,0,735,193,9055,3334,12389,-0.05071,0.298444,-0.953079,2
4820,2851,26,335,0,714,194,8940,3076,12016,-0.0508522,0.293503,-0.954605,2
5312,3107,28,351,0,791,203,9792,3357,13149,-0.0488002,0.296836,-0.953681,2
5363,3017,28,344,0,740,194,9686,3228,12914,-0.0488503,0.304931,-0.951121,2
5467,2983,27,357,0,726,193,9753,2839,12592,-0.0515435,0.309827,-0.949395,2
3887,2054,19,245,0,507,130,6842,2086,8928,-0.0585396,0.318993,-0.945947,2
3567,1852,20,234,0,466,124,6263,1925,8188,-0.0693467,0.320792,-0.944608,2
5404,2679,29,304,0,644,169,9229,2883,12112,-0.0976721,0.327055,-0.939944,2
5174,2507,28,313,0,623,189,8834,2734,11568,-0.108786,0.321971,-0.940479,2
5004,2393,30,287,0,714,165,8593,2395,10988,-0.114318,0.323576,-0.939271,2
3215,1386,18,178,0,413,96,5306,1452,6758,-0.114057,0.325587,-0.938608,2
5742,2166,31,267,0,585,150,8941,2127,11068,-0.116982,0.373807,-0.9201,2
4870,1980,30,247,0,512,137,7776,2142,9918,-0.109543,0.376181,-0.920048,2
4545,1867,35,258,0,485,142,7332,1929,9261,-0.111592,0.37534,-0.920145,2
4375,1821,30,256,0,463,127,7072,1926,8998,-0.115229,0.382583,-0.916707,2
4467,1704,28,218,0,439,119,6975,1821,8796,-0.0947288,0.448926,-0.888534,2
4043,1602,27,205,0,446,117,6440,1723,8163,-0.0775043,0.458691,-0.885209,2
4023,1539,25,199,0,448,117,6351,1662,8013,-0.0639421,0.477702,-0.876192,2
3888,1501,24,197,0,382,106,6098,1524,7622,-0.0602774,0.475706,-0.877537,2
3828,1524,26,194,0,370,106,6048,1410,7458,-0.0641345,0.442408,-0.894518,2
3814,1474,24,193,0,372,106,5983,1434,7417,-0.0669417,0.407802,-0.910613,2
3773,1520,25,192,0,370,104,5984,1452,7436,-0.0780888,0.375557,-0.923503,2
3881,1728,33,205,0,356,103,6306,1386,7692,-0.0858756,0.384764,-0.919012,2
3826,1543,25,188,0,354,101,6037,1186,7223,-0.0902525,0.361635,-0.927941,2
3697,1445,26,196,0,351,106,5821,1135,6956,-0.0918701,0.355726,-0.930064,2
3824,1423,26,183,0,347,101,5904,1131,7035,-0.0829705,0.335463,-0.938393,2
3826,1544,26,221,0,354,104,6075,1070,7145,-0.0733781,0.299453,-0.951285,2
3773,1473,27,192,0,410,135,6010,1303,7313,-0.0661349,0.307611,-0.949211,2
3908,1707,26,220,0,388,111,6360,1064,7424,-0.0643452,0.359576,-0.930894,2
4384,1808,26,219,0,452,126,7015,1124,8139,-0.0643624,0.380451,-0.922559,2
4004,1877,25,232,0,442,127,6707,812,7519,-0.0633374,0.386419,-0.920146,2
4226,1956,27,238,0,499,135,7081,934,8015,-0.0541192,0.399075,-0.91532,2
4021,1884,28,231,0,476,130,6770,645,7415,-0.0431046,0.411175,-0.910537,2
4113,1941,27,230,0,441,126,6878,518,7396,-0.0450514,0.403825,-0.913727,2
4110,2051,32,250,0,473,133,7049,410,7459,-0.044815,0.396688,-0.916859,2
4222,2198,29,266,0,511,144,7370,375,7745,-0.0485736,0.409719,-0.910917,2
4476,2491,30,307,0,635,166,8105,382,8487,-0.0533858,0.368485,-0.9281,2
4442,2804,30,334,0,645,182,8437,259,8696,-0.0481733,0.386298,-0.921115,2
4429,3132,28,360,0,745,210,8904,292,9196,-0.0250884,0.402238,-0.915191,2
5229,3970,41,408,0,872,259,10779,-1000,-1000,-1,-1,-1,2
4674,3683,36,436,0,860,239,9928,355,10283,-0.0448471,0.377133,-0.925073,2
5770,4136,33,473,0,1045,250,11707,205,11912,-0.0600304,0.420125,-0.905479,2
4852,3996,31,491,0,941,263,10574,378,10952,-0.0421782,0.352108,-0.935009,2
5007,3982,33,482,0,955,268,10727,1303,12030,-0.0378268,0.366044,-0.929828,2
4989,4868,34,496,0,1003,272,11662,287,11949,-0.0425964,0.363636,-0.930567,2
5048,4197,37,498,0,988,274,11042,244,11286,-0.0186573,0.345586,-0.938202,2
5888,4825,35,574,0,1187,288,12797,343,13140,-0.0317222,0.336744,-0.941062,2
3536,3186,23,368,0,732,203,8048,169,8217,-0.121077,0.304105,-0.944913,2
5277,4650,33,538,0,1057,295,11850,574,12424,-0.047795,0.342745,-0.938212,2
5753,4855,32,563,0,976,278,12457,510,12967,-0.0255185,0.336592,-0.941304,2
4724,3871,35,438,0,781,167,10016,243,10259,-0.043745,0.31701,-0.947413,2
4493,3541,35,415,0,754,210,9448,392,9840,-0.0248366,0.338765,-0.940543,2
4172,2896,58,332,0,656,184,8298,319,8617,-0.0122312,0.299301,-0.95408,2
4117,2454,40,285,0,547,156,7599,281,7880,-0.0611569,0.290092,-0.955043,2
3916,2074,28,253,0,470,136,6877,340,7217,-0.068506,0.347681,-0.935107,2
4044,1652,29,203,0,381,109,6418,327,6745,-0.0873937,0.384919,-0.918803,2
3890,1284,28,166,0,305,89,5762,427,6189,-0.0789661,0.374444,-0.923881,2
4081,977,30,137,0,237,70,5532,431,5963,-0.0755322,0.375103,-0.923901,2
3996,811,27,117,0,190,57,5198,418,5616,-0.0530294,0.345532,-0.936908,2
4062,658,24,100,0,162,49,5055,457,5512,-0.0321221,0.333327,-0.942264,2
4339,572,26,92,0,148,44,5221,499,5720,-0.00560758,0.350736,-0.936457,2
4284,541,27,87,0,135,41,5115,383,5498,0.0260353,0.411741,-0.910929,2
4384,478,26,79,0,130,38,5135,316,5451,0.0310633,0.476789,-0.878469,2
4743,457,25,78,0,121,36,5460,333,5793,0.0595,0.358853,-0.931496,2
5708,460,30,80,0,123,37,6438,315,6753,0.0708445,0.448472,-0.890985,2
4958,451,26,113,0,121,38,5707,296,6003,0.0798975,0.503055,-0.860553,2
5279,409,27,74,0,143,36,5968,330,6298,0.0789602,0.575165,-0.814218,2
4622,342,25,70,0,112,35,5206,426,5632,0.0735814,0.543631,-0.836093,2
4390,404,25,69,0,98,30,5016,462,5478,0.0611411,0.402229,-0.913495,2
4189,420,27,71,0,138,41,4886,904,5790,0.0399139,0.371152,-0.927714,2
4418,417,26,74,0,121,35,5091,966,6057,0.0230977,0.302409,-0.952898,2
4467,473,25,75,0,131,53,5224,1223,6447,0.0213387,0.3268,-0.944853,2
4305,354,27,65,0,99,31,4881,1189,6070,0.0261243,0.34019,-0.939994,2
4331,336,27,63,0,95,29,4881,1173,6054,0.0286599,0.307892,-0.95099,2
4006,370,29,62,0,92,29,4588,1173,5761,0.019991,0.249119,-0.968267,2
3990,365,33,69,0,101,31,4589,865,5454,0.030956,0.169348,-0.98507,2
2749,329,18,68,0,89,28,3281,862,4143,0.00922954,0.126651,-0.991905,2
4213,702,33,102,0,160,48,5258,1375,6633,-0.00910835,0.135952,-0.990674,2
4108,789,27,112,0,202,58,5296,1502,6798,-0.0241527,0.168066,-0.98548,2
4242,953,27,132,0,249,70,5673,1503,7176,-0.0277403,0.221425,-0.974783,2
4970,1379,32,187,0,320,88,6976,1788,8764,-0.0187283,0.262448,-0.964765,2
4564,1696,29,214,0,493,118,7114,1955,9069,-0.00437038,0.305931,-0.952044,2
4705,2001,29,255,0,503,152,7645,1894,9539,0.00112353,0.346632,-0.938,2
4808,2617,38,311,0,635,173,8582,1637,10219,-0.00818028,0.369774,-0.929086,2
5293,3401,30,423,0,867,229,10243,1112,11355,-0.00402752,0.328007,-0.944667,2
5808,4443,28,502,0,1065,282,12128,2038,14166,-0.00978937,0.331709,-0.943331,2
6431,5003,28,568,0,1113,222,13365,928,14293,-0.008451,0.271963,-0.962271,2
4408,3913,20,441,0,952,247,9981,1797,11778,-0.0331253,0.298049,-0.953976,2
6618,6071,28,709,0,1461,388,15275,817,16092,-0.0152983,0.310954,-0.950302,2
4710,4513,20,499,0,1057,280,11079,1076,12155,-0.00164699,0.353915,-0.935276,2
5958,6148,26,667,0,1430,412,14641,1962,16603,-0.0449487,0.381979,-0.923077,2
4219,4353,21,473,0,1017,267,10350,2333,12683,-0.0466582,0.352228,-0.93475,2
6655,6827,28,530,0,1092,282,15414,2832,18246,-0.0295728,0.358678,-0.932993,2
3266,3419,13,357,0,765,204,8024,2100,10124,-0.0268569,0.351625,-0.935756,2
6787,5841,28,631,0,1366,368,15021,4138,19159,-0.0361706,0.365344,-0.93017,2
4120,3552,19,394,0,827,219,9131,3282,12413,-0.0494056,0.353762,-0.93403,2
5894,4466,29,486,0,1074,308,12257,5727,17984,-0.0643851,0.372242,-0.9259,2
3878,2378,19,274,0,624,182,7355,3912,11267,-0.0724516,0.376028,-0.923771,2
3599,1819,20,220,0,482,125,6265,3576,9841,-0.0928404,0.384492,-0.918448,2
5290,2190,29,267,0,567,148,8491,3936,12427,-0.11592,0.442831,-0.88908,2
5677,2089,30,234,0,538,135,8703,3268,11971,-0.122833,0.488903,-0.863647,2
5206,1821,31,223,0,475,126,7882,2891,10773,-0.112165,0.490631,-0.864118,2
5653,1901,35,243,0,505,133,8470,2663,11133,-0.119498,0.524534,-0.842961,2
4935,1685,29,207,0,372,80,7308,1544,8852,-0.118078,0.508231,-0.853088,2
2886,894,16,108,0,221,58,4183,1184,5367,-0.110653,0.472191,-0.874524,2
3500,1164,21,149,0,307,82,5223,1655,6878,-0.105122,0.449273,-0.887188,2
4603,1592,30,199,0,433,112,6969,2265,9234,-0.121792,0.492352,-0.861833,2
4485,1456,26,201,0,423,109,6700,1915,8615,-0.116366,0.48329,-0.867692,2
3065,946,19,124,0,248,68,4470,1165,5635,-0.107829,0.497612,-0.860672,2
4338,1227,26,165,0,317,89,6162,1261,7423,-0.0253269,0.377919,-0.925492,2
4511,1127,27,155,0,293,81,6194,1540,7734,-0.0122682,0.310977,-0.950338,2
4119,1109,24,140,0,271,76,5739,1571,7310,-0.0246978,0.287311,-0.957519,2
4184,1078,25,142,0,311,120,5860,2007,7867,-0.0358941,0.308976,-0.950392,2
4075,1094,31,157,0,279,81,5717,1323,7040,-0.0278952,0.310731,-0.950088,2
3892,1189,27,178,0,279,87,5652,1029,6681,-0.0632153,0.372111,-0.926033,2
4011,1252,27,182,0,291,85,5848,870,6718,-0.0654891,0.349955,-0.934475,2
4034,1225,26,169,0,288,84,5826,807,6633,-0.0704663,0.37712,-0.92348,2
4032,1209,26,159,0,292,86,5804,648,6452,-0.0751561,0.404471,-0.911458,2
3830,1361,25,173,0,329,141,5859,605,6464,-0.0777953,0.424777,-0.90195,2
3964,1435,39,183,0,341,137,6099,471,6570,-0.0867638,0.452045,-0.887766,2
4214,1734,28,206,0,389,113,6684,516,7200,-0.0942171,0.43367,-0.896133,2
4182,1880,27,227,0,426,145,6887,416,7303,-0.105695,0.4583,-0.882491,2
4302,2082,27,292,0,520,143,7366,406,7772,-0.101168,0.442825,-0.890882,2
4375,2666,28,335,0,610,163,8177,361,8538,-0.0996621,0.463189,-0.880639,2
4347,2501,27,302,0,637,172,7986,320,8306,-0.096131,0.450049,-0.887814,2
4350,2795,26,331,0,645,182,8329,234,8563,-0.0846165,0.548383,-0.831935,2
4508,3222,29,377,0,781,210,9127,260,9387,-0.0794935,0.425576,-0.901424,2
4504,3317,34,393,0,784,220,9252,618,9870,-0.0590158,0.485693,-0.872136,2
4778,3465,30,414,0,810,227,9724,642,10366,-0.0608664,0.46311,-0.884209,2
4841,3541,32,435,0,857,237,9943,229,10172,-0.0705915,0.459724,-0.885252,2
4893,3593,31,464,0,847,237,10065,239,10304,-0.0892844,0.443339,-0.891896,2
5078,3897,39,534,0,926,258,10732,217,10949,-0.0521718,0.421051,-0.905536,2
5017,3900,34,471,0,952,261,10635,1804,12439,-0.0601359,0.409347,-0.910395,2
5701,4223,32,486,0,1018,312,11772,1576,13348,-0.0731555,0.429028,-0.900324,2
5394,4253,33,489,0,847,189,11205,150,11355,-0.112638,0.40093,-0.909158,2
3555,2816,23,329,0,764,195,7682,225,7907,-0.0836524,0.437873,-0.895137,2
5033,3625,35,408,0,806,246,10153,461,10614,-0.0540552,0.409356,-0.910772,2
4631,3316,35,413,0,716,198,9309,274,9583,-0.0517715,0.427416,-0.902572,2
4343,2551,30,343,0,630,173,8070,288,8358,-0.0710666,0.421555,-0.904014,2
4087,2500,29,264,0,559,147,7586,571,8157,-0.00449557,0.379495,-0.925183,2
4046,1813,28,223,0,408,117,6635,257,6892,-0.0574461,0.422082,-0.904736,2
3850,1506,27,193,0,341,100,6017,223,6240,0.0242145,0.317671,-0.947892,2
4358,1722,39,179,0,363,95,6756,226,6982,-0.105151,0.427945,-0.897667,2
4270,943,31,136,0,235,72,5687,386,6073,-0.0510878,0.438275,-0.897388,2
4028,676,27,102,0,169,51,5053,278,5331,-0.0159995,0.378147,-0.925607,2
4987,682,28,109,0,174,74,6054,276,6330,-0.0604498,0.541828,-0.838312,2
4687,633,31,107,0,161,49,5668,338,6006,-0.0854688,0.59338,-0.800372,2
5406,603,29,96,0,154,46,6334,345,6679,-0.0543015,0.503388,-0.862353,2
4321,470,26,76,0,126,37,5056,320,5376,-0.0261811,0.461904,-0.886544,2
4730,531,41,82,0,156,58,5598,319,5917,-0.0149923,0.459509,-0.888046,2
4293,480,26,79,0,122,36,5036,293,5329,-0.0202497,0.475131,-0.879682,2
4306,471,27,82,0,126,37,5049,302,5351,-0.00214956,0.431826,-0.901954,2
4886,553,29,88,0,143,42,5741,382,6123,0.00342907,0.42236,-0.906422,2
5032,611,29,92,0,152,45,5961,505,6466,0.0212729,0.424224,-0.905307,2
5236,534,28,88,0,164,60,6110,549,6659,0.0257491,0.450979,-0.892163,2
4511,303,19,53,0,81,24,4991,295,5286,0.029276,0.461746,-0.886529,2
3518,290,18,49,0,78,23,3976,394,4370,0.0241575,0.46566,-0.884634,2
5236,534,30,100,0,164,43,6107,833,6940,0.00739308,0.481934,-0.876176,2
4423,496,27,81,0,140,41,5208,1098,6306,-0.0194349,0.478116,-0.878082,2
5228,605,32,99,0,169,49,6182,1458,7640,-0.0350123,0.452298,-0.89118,2
4489,583,28,92,0,159,45,5396,1591,6987,-0.0463938,0.46222,-0.885551,2
4482,606,30,95,0,168,48,5429,1729,7158,-0.0450526,0.402277,-0.914409,2
4304,685,29,95,0,167,46,5326,1790,7116,-0.0520763,0.399824,-0.915111,2
4804,747,32,111,0,192,54,5940,1808,7748,-0.0517575,0.398185,-0.915844,2
4800,737,31,143,0,252,66,6029,1666,7695,-0.0446241,0.391087,-0.919271,2
4763,883,30,160,0,238,67,6141,1544,7685,-0.0276409,0.368327,-0.929285,2
4647,1099,30,146,0,269,76,6267,1321,7588,-0.0216199,0.381688,-0.924038,2
4424,1605,30,197,0,403,109,6768,1347,8115,-0.0132741,0.392525,-0.919646,2
4957,2328,29,294,0,568,156,8332,1383,9715,-0.00973577,0.418195,-0.908305,2
5211,3215,28,376,0,791,209,9830,1212,11042,-0.0558692,0.481408,-0.874714,2
5798,4074,37,487,0,987,262,11645,1184,12829,-0.102755,0.423342,-0.900124,2
6272,4863,31,566,0,1257,304,13293,1624,14917,-0.154221,0.397991,-0.904333,2
4256,3513,20,402,0,873,228,9292,1696,10988,-0.161153,0.387142,-0.907828,2
6799,5462,30,617,0,1303,345,14556,3027,17583,-0.124557,0.399748,-0.908122,2
4326,4017,23,436,0,916,239,9957,2580,12537,-0.087186,0.386415,-0.918195,2
4126,3363,18,386,0,820,211,8924,2617,11541,-0.0510607,0.400007,-0.915089,2
5951,4512,27,525,0,1320,296,12631,3984,16615,-0.0422205,0.387902,-0.920733,2
3826,2404,19,282,0,643,167,7341,3593,10934,-0.0475486,0.381983,-0.922945,2
5307,2710,26,368,0,793,200,9404,5427,14831,-0.0701679,0.397916,-0.914734,2
5016,2492,29,284,0,601,229,8651,4237,12888,-0.079984,0.390264,-0.917223,2
5147,1907,28,244,0,506,133,7965,3185,11150,-0.0772768,0.410754,-0.908465,2
5027,1523,27,197,0,412,109,7295,3211,10506,-0.067256,0.424579,-0.90289,2
4863,1634,30,219,0,455,125,7326,3240,10566,-0.0763362,0.435552,-0.896921,2
4849,1683,31,265,0,465,120,7413,2848,10261,-0.0911578,0.439466,-0.893622,2
4778,1560,31,202,0,428,118,7117,2923,10040,-0.0986142,0.434666,-0.895176,2
4821,1815,31,204,0,407,108,7386,2663,10049,-0.0987935,0.422412,-0.901004,2
4720,1615,29,243,0,391,109,7107,2532,9639,-0.0947395,0.410458,-0.906945,2
4304,1469,28,189,0,387,105,6482,2328,8810,-0.0859616,0.400684,-0.912175,2
4432,1419,27,188,0,372,101,6539,2291,8830,-0.0756772,0.408763,-0.909498,2
4008,1403,25,182,0,394,105,6117,2158,8275,-0.0732529,0.405425,-0.911188,2
4015,1335,28,193,0,351,98,6020,2105,8125,-0.0586745,0.405887,-0.912038,2
3940,1650,31,183,0,373,100,6277,1773,8050,-0.0561465,0.394272,-0.917277,2
4164,1328,25,174,0,332,94,6117,1720,7837,-0.0653047,0.402789,-0.91296,2
4042,1728,30,187,0,376,102,6465,1794,8259,-0.0731128,0.438433,-0.895786,2
4086,1574,26,194,0,369,105,6354,1294,7648,-0.0936794,0.48989,-0.866736,2
2780,1096,22,151,0,275,77,4401,636,5037,-0.090398,0.430449,-0.898077,2
2157,879,13,108,0,206,58,3421,261,3682,-0.0908019,0.385492,-0.918233,2
4376,1558,26,201,0,374,108,6643,298,6941,-0.0822189,0.410118,-0.908319,2
4015,2150,34,257,0,392,108,6956,-1000,-1000,-1,-1,-1,2
4351,1554,26,196,0,360,104,6591,317,6908,-0.107702,0.353461,-0.929228,2
4253,1775,26,220,0,410,118,6802,517,7319,-0.102551,0.402747,-0.909548,2
4159,2001,26,246,0,463,134,7029,363,7392,-0.115545,0.38788,-0.914439,2
4388,2384,27,286,0,539,156,7780,363,8143,-0.013411,0.490833,-0.871151,2
4480,2604,28,320,0,617,191,8240,398,8638,-0.0455728,0.45046,-0.891633,2
4662,2775,28,336,0,647,184,8632,400,9032,-0.0307535,0.451727,-0.891626,2
4718,2699,27,348,0,642,182,8616,759,9375,-0.0511784,0.386576,-0.920837,2
4816,2535,28,320,0,622,176,8497,1049,9546,-0.0428944,0.380125,-0.92394,2
4840,2399,26,303,0,581,165,8314,705,9019,-0.0235435,0.375352,-0.926583,2
4936,2339,30,301,0,568,162,8336,621,8957,-0.0122653,0.375108,-0.9269,2
4843,2333,34,296,0,619,168,8293,541,8834,-0.00205323,0.38964,-0.920965,2
5807,2849,35,352,0,834,223,10100,486,10586,0.0331837,0.386628,-0.921639,2
4824,2148,30,298,0,531,152,7983,462,8445,0.0342415,0.391937,-0.919355,2
4601,1707,29,225,0,517,137,7216,518,7734,0.0576959,0.393771,-0.917396,2
4337,1482,28,194,0,375,105,6521,465,6986,0.0993603,0.430589,-0.897062,2
4357,1332,26,179,0,326,95,6315,605,6920,0.0934589,0.428843,-0.898532,2
3974,1225,27,187,0,290,88,5791,-1000,-1000,-1,-1,-1,2
4921,1084,43,135,0,263,80,6526,-1000,-1000,-1,-1,-1,2
4515,934,29,133,0,212,66,5889,-1000,-1000,-1,-1,-1,2
3924,598,26,110,0,154,49,4861,-1000,-1000,-1,-1,-1,2
4827,592,36,114,0,149,49,5767,-1000,-1000,-1,-1,-1,2
4596,549,27,90,0,159,45,5466,-1000,-1000,-1,-1,-1,2
3101,366,19,62,0,94,30,3672,-1000,-1000,-1,-1,-1,2
3166,333,20,59,0,89,28,3695,156,3851,0.0382831,0.361405,-0.931623,2
4479,456,25,79,0,126,42,5207,-1000,-1000,-1,-1,-1,2
4430,542,28,87,0,128,38,5253,391,5644,-0.00340455,0.318458,-0.947931,2
4341,425,27,75,0,116,35,5019,208,5227,-0.143198,0.473975,-0.868816,2
5193,439,26,76,0,141,38,5913,658,6571,-0.109947,0.455769,-0.883281,2
5226,487,30,83,0,130,39,5995,747,6742,-0.0793537,0.424112,-0.902126,2
5535,571,38,94,0,147,45,6430,812,7242,-0.0714149,0.486498,-0.870758,2
4544,321,19,58,0,89,27,5058,572,5630,-0.0437748,0.453315,-0.890275,2
1999,198,18,40,0,53,17,2325,323,2648,-0.0100833,0.343016,-0.939276,2
4885,477,36,89,0,137,42,5666,932,6598,-0.0127895,0.394152,-0.918956,2
4411,480,25,80,0,130,40,5166,752,5918,-0.0462963,0.36702,-0.92906,2
4866,605,36,99,0,173,66,5845,1192,7037,-0.030856,0.359446,-0.932655,2
4242,453,27,87,0,122,50,4981,1355,6336,-0.026726,0.302085,-0.952906,2
4525,465,26,76,0,85,25,5202,991,6193,-0.0385154,0.323175,-0.945555,2
4712,487,28,80,0,130,39,5476,1614,7090,-0.040915,0.301546,-0.952573,2
4074,645,26,96,0,168,50,5059,1763,6822,-0.0470805,0.292344,-0.955154,2
4976,1045,32,147,0,262,76,6538,2064,8602,-0.0509929,0.32449,-0.944514,2
4636,1392,28,227,0,319,92,6694,1898,8592,-0.0467619,0.304797,-0.951269,2
5048,1772,33,221,0,424,120,7618,2016,9634,-0.0327829,0.31954,-0.947006,2
5143,2405,31,357,0,681,168,8785,2074,10859,-0.0138621,0.368156,-0.929661,2
5310,3179,47,371,0,774,212,9893,2632,12525,-0.0225797,0.39219,-0.919607,2
6063,4051,33,451,0,1037,185,11820,2032,13852,-0.0577913,0.411757,-0.909459,2
4192,3025,35,367,0,725,191,8535,1452,9987,-0.0509943,0.380671,-0.923304,2
6241,4712,30,540,0,1184,303,13010,2842,15852,-0.0487369,0.373705,-0.926267,2
6642,5095,29,603,0,1291,328,13988,3879,17867,-0.0499898,0.357752,-0.932477,2
4419,3521,21,399,0,870,225,9455,2615,12070,-0.035753,0.354417,-0.934404,2
3992,3186,18,349,0,769,198,8512,2964,11476,-0.0212022,0.327295,-0.944684,2
6862,4792,27,535,0,998,205,13419,3515,16934,-0.0376461,0.361713,-0.93153,2
3124,1974,15,224,0,505,144,5986,3335,9321,-0.0421102,0.319609,-0.946613,2
6050,2892,30,337,0,753,196,10258,4441,14699,-0.0646401,0.325574,-0.943304,2
3341,1541,19,185,0,428,109,5623,3522,9145,-0.0771734,0.325281,-0.942463,2
5755,2451,34,292,0,676,166,9374,4944,14318,-0.0823371,0.322531,-0.942971,2
5114,1955,31,245,0,551,142,8038,3915,11953,-0.0748343,0.336276,-0.938786,2
4524,1712,26,213,0,447,120,7042,3186,10228,-0.0583888,0.324907,-0.943942,2
5463,1747,29,224,0,472,124,8059,3199,11258,-0.0482762,0.353626,-0.93414,2
4905,1613,30,210,0,465,158,7381,3073,10454,-0.0512097,0.355536,-0.933259,2
3350,1043,19,137,0,275,74,4898,1875,6773,-0.0518648,0.3434,-0.937756,2
4379,1498,27,190,0,376,103,6573,2586,9159,-0.0530515,0.368384,-0.928159,2
4780,1488,29,198,0,422,112,7029,2349,9378,-0.0892211,0.463893,-0.881387,2
3951,1282,25,169,0,343,93,5863,1470,7333,-0.0742624,0.391337,-0.917247,2
3836,1260,24,164,0,320,90,5694,1595,7289,-0.0743128,0.377249,-0.923126,2
3936,1208,24,164,0,323,91,5746,1533,7279,-0.0804383,0.382359,-0.920506,2
3821,1196,25,162,0,320,89,5613,1263,6876,-0.0868921,0.391381,-0.916117,2
3824,1295,25,171,0,315,90,5720,1117,6837,-0.0774993,0.414935,-0.906544,2
3803,1300,27,172,0,329,112,5743,759,6502,-0.0819825,0.424842,-0.901548,2
4207,1404,24,188,0,355,100,6278,543,6821,-0.0848387,0.435481,-0.896191,2
3918,1535,27,198,0,422,109,6209,464,6673,-0.0903386,0.441026,-0.892936,2
3924,1597,25,203,0,384,109,6242,303,6545,-0.0876963,0.422397,-0.902158,2
4073,1636,26,260,0,415,121,6531,247,6778,-0.0695955,0.43977,-0.89541,2
3961,1731,25,217,0,414,119,6467,744,7211,-0.0763304,0.331711,-0.940288,2
4176,1880,26,235,0,501,136,6954,601,7555,-0.0894802,0.268571,-0.959095,2
4390,2854,27,336,0,528,146,8281,471,8752,-0.0723307,0.243674,-0.967156,2
4359,2556,26,289,0,555,158,7943,568,8511,-0.0622517,0.303942,-0.950655,2
4559,2274,27,290,0,605,164,7919,1095,9014,-0.0132843,0.29297,-0.956029,2
4755,1978,26,256,0,501,139,7655,1244,8899,-0.00653386,0.39055,-0.920558,2
4856,2051,31,258,0,523,138,7857,774,8631,-0.0390951,0.408366,-0.911981,2
4889,2056,30,263,0,527,146,7911,738,8649,-0.0842197,0.417587,-0.904726,2
4742,1839,27,231,0,450,125,7414,405,7819,-0.10288,0.507765,-0.85533,2
4529,1814,28,224,0,409,118,7122,530,7652,-0.0807063,0.4672,-0.880461,2
4729,1493,26,193,0,348,112,6901,-1000,-1000,-1,-1,-1,2
4513,1160,25,178,0,253,79,6208,-1000,-1000,-1,-1,-1,2
4822,790,27,130,0,224,64,6057,-1000,-1000,-1,-1,-1,2
4260,553,24,88,0,134,43,5102,-1000,-1000,-1,-1,-1,2
4541,393,27,76,0,100,32,5169,247,5416,-0.0388636,0.283824,-0.958089,2
4942,403,29,73,0,111,39,5597,-1000,-1000,-1,-1,-1,2
4449,392,31,65,0,111,39,5087,498,5585,-0.051408,0.321734,-0.945434,2
4464,315,25,59,0,99,28,4990,670,5660,-0.0646855,0.401414,-0.91361,2
4617,293,24,57,0,94,27,5112,1005,6117,-0.0494389,0.403564,-0.913615,2
5288,276,26,56,0,87,25,5758,985,6743,-0.0411522,0.40011,-0.915543,2
4644,248,26,51,0,76,24,5069,1079,6148,-0.0400537,0.411812,-0.910388,2
5156,264,29,58,0,79,25,5611,1206,6817,-0.0298709,0.36553,-0.93032,2
4484,204,25,44,0,63,20,4840,975,5815,-0.0429732,0.367867,-0.928885,2
4237,204,26,45,0,60,19,4591,991,5582,-0.0598941,0.369689,-0.927223,2
4041,181,26,42,0,57,18,4365,1019,5384,-0.0439986,0.327193,-0.943933,2
4093,173,28,40,0,49,19,4402,975,5377,-0.0448015,0.306402,-0.950847,2
4474,168,28,45,0,51,21,4787,1053,5840,-0.0452414,0.281569,-0.958474,2
4717,189,30,44,0,55,20,5055,1351,6406,-0.0428309,0.261791,-0.964174,2
4595,214,31,47,0,96,26,5009,1330,6339,-0.0437147,0.259887,-0.964649,2
4518,258,30,54,0,73,25,4958,1487,6445,-0.0433463,0.264604,-0.963383,2
4621,342,32,66,0,90,30,5181,1124,6305,-0.0364658,0.235489,-0.971193,2
4745,408,29,70,0,102,33,5387,846,6233,-0.0408814,0.336268,-0.940879,2
4882,697,28,104,0,209,57,5977,1328,7305,-0.037883,0.339934,-0.939686,2
4518,1172,29,181,0,314,99,6313,1751,8064,-0.0356247,0.331438,-0.942804,2
4839,1944,28,240,0,468,129,7648,1836,9484,-0.0233606,0.316856,-0.948186,2
5029,2894,28,386,0,719,198,9254,2242,11496,-0.0246875,0.352529,-0.935475,2
7013,4326,34,492,0,1087,320,13272,1663,14935,-0.0412994,0.369194,-0.928434,2
4430,3234,22,383,0,811,209,9089,1514,10603,-0.0444195,0.352848,-0.934625,2
4668,3576,22,446,0,889,226,9827,1668,11495,-0.0465773,0.322796,-0.945322,2
6444,4967,29,569,0,1230,335,13574,3075,16649,-0.0441321,0.294059,-0.954768,2
4320,3328,19,407,0,876,223,9173,3968,13141,-0.0470642,0.333099,-0.941716,2
3889,3043,18,358,0,915,301,8524,3513,12037,-0.0300825,0.246781,-0.968604,2
5093,3470,23,408,0,840,238,10072,4916,14988,-0.0508337,0.306329,-0.950567,2
6639,3535,28,343,0,713,183,11441,3420,14861,-0.0404658,0.221011,-0.974431,2
1463,738,8,88,0,195,50,2542,1762,4304,-0.0331617,0.171684,-0.984594,2
1155,537,7,64,0,141,36,1940,1440,3380,-0.0344309,0.185111,-0.982115,2
4758,2028,29,239,0,529,137,7720,4860,12580,-0.0416827,0.254326,-0.96622,2
5013,1942,30,239,0,538,138,7900,4343,12243,-0.0386419,0.314507,-0.948468,2
5042,1769,34,224,0,539,161,7769,3868,11637,-0.0393862,0.308068,-0.950548,2
4449,1574,27,194,0,442,111,6797,3541,10338,-0.0346933,0.345167,-0.9379,2
4097,1449,28,181,0,394,134,6283,3021,9304,-0.0207732,0.420704,-0.90696,2
3915,1273,25,167,0,335,91,5806,2942,8748,-0.0269456,0.409524,-0.911902,2
3859,1175,27,156,0,343,102,5662,1950,7612,-0.0361716,0.324286,-0.945267,2
3662,1189,26,157,0,308,85,5427,2658,8085,-0.0360866,0.321558,-0.946202,2
4255,1192,28,174,0,341,108,6098,2721,8819,-0.0262071,0.325403,-0.945212,2
3723,1213,25,162,0,318,88,5529,2378,7907,-0.0331374,0.329134,-0.943702,2
3767,1361,26,174,0,371,97,5796,2140,7936,-0.0330702,0.351113,-0.935749,2
4787,1489,26,191,0,371,104,6968,1705,8673,-0.0373993,0.397044,-0.917037,2
3857,1602,34,199,0,405,112,6209,1383,7592,-0.0466558,0.417194,-0.907619,2
4036,1825,28,221,0,439,121,6670,1118,7788,-0.0615817,0.421485,-0.904742,2
4067,1943,27,240,0,489,134,6900,1060,7960,-0.0568999,0.390391,-0.918889,2
4502,2140,27,256,0,534,143,7602,990,8592,-0.0640831,0.38358,-0.921282,2
4286,2409,34,297,0,585,160,7771,1081,8852,-0.0561018,0.35983,-0.93133,2
4203,2540,27,328,0,604,169,7871,992,8863,-0.0534461,0.35346,-0.933922,2
4308,2491,28,320,0,622,171,7940,839,8779,-0.0450987,0.332144,-0.94215,2
4278,2744,29,323,0,661,180,8215,691,8906,-0.0485044,0.337191,-0.940187,2
4990,3001,29,341,0,694,187,9242,782,10024,-0.0533267,0.315978,-0.947267,2
4871,2895,32,395,0,761,201,9155,732,9887,-0.0725898,0.303534,-0.950052,2
5012,3267,32,362,0,759,200,9632,1026,10658,-0.0723702,0.283222,-0.95632,2
4775,3050,31,365,0,752,201,9174,1018,10192,-0.0580273,0.271477,-0.960694,2
4510,3194,29,369,0,763,205,9070,743,9813,-0.051188,0.267215,-0.962277,2
5339,3344,32,367,0,767,203,10052,504,10556,-0.0506822,0.257062,-0.965065,2
4490,3096,33,412,0,749,220,9000,258,9258,-0.045851,0.254698,-0.965933,2
4850,3193,35,366,0,746,205,9395,3998,13393,-0.0227414,0.167339,-0.985638,2
5143,3622,62,420,0,820,235,10302,3983,14285,-0.0177754,0.1715,-0.985024,2
4687,3059,34,367,0,769,226,9142,3567,12709,-0.0102074,0.169862,-0.985415,2
2919,1688,17,195,0,398,109,5326,1927,7253,-0.0150158,0.169277,-0.985454,2
2530,1754,21,251,0,533,145,5234,2780,8014,-0.019757,0.167926,-0.985602,2
5173,3537,36,415,0,950,237,10348,4521,14869,-0.0220277,0.167834,-0.985569,2
5230,3457,36,465,0,870,236,10294,4346,14640,-0.0234034,0.16756,-0.985584,2
4940,3129,33,416,0,765,212,9495,4282,13777,-0.0208799,0.162767,-0.986444,2
6292,3431,35,451,0,906,239,11354,4723,16077,-0.022512,0.164904,-0.986053,2
5261,3731,37,425,0,914,245,10613,4932,15545,-0.0236223,0.166546,-0.985751,2
4670,3128,32,413,0,814,215,9272,4317,13589,-0.0254205,0.167624,-0.985523,2
3100,1785,16,196,0,403,110,5610,2319,7929,-0.0249617,0.16774,-0.985515,2
1906,1312,14,156,0,324,89,3801,1783,5584,-0.0245141,0.165775,-0.985859,2
5187,3559,31,370,0,967,242,10356,4452,14808,-0.0231855,0.164522,-0.986101,2
4485,3126,38,371,0,763,208,8991,4470,13461,-0.0199345,0.164263,-0.986215,2
4664,3109,32,367,0,755,207,9134,4242,13376,-0.0229099,0.167615,-0.985587,2
4713,3156,32,391,0,775,212,9279,4354,13633,-0.0229125,0.165355,-0.985968,2
4713,3083,29,404,0,810,218,9257,4169,13426,-0.0233641,0.166559,-0.985755,2
5984,4872,48,617,0,1229,338,13088,5993,19081,-0.0237804,0.164633,-0.986068,2
2010,1255,13,163,0,322,88,3851,1434,5285,-0.0223954,0.165571,-0.985944,2
4663,3172,30,371,0,794,212,9242,3735,12977,-0.0236155,0.169492,-0.985249,2
3108,2134,22,251,0,525,143,6183,2974,9157,-0.0257361,0.166289,-0.985741,2
4566,3181,33,368,0,818,212,9178,4403,13581,-0.0239304,0.165661,-0.985892,2
4679,3290,32,422,0,761,211,9395,4578,13973,-0.0249431,0.161894,-0.986493,2
4517,3176,32,369,0,782,209,9085,4540,13625,-0.0249925,0.16247,-0.986397,2
4682,3199,31,411,0,799,211,9333,4634,13967,-0.0234881,0.163878,-0.986201,2
4818,3648,41,545,0,759,215,10026,4780,14806,-0.0239485,0.160207,-0.986793,2
4712,3314,34,386,0,767,210,9423,5099,14522,-0.0238985,0.164703,-0.986054,2
3176,2629,25,274,0,578,147,6829,3376,10205,-0.0254526,0.168724,-0.985335,2
3226,2208,23,252,0,524,142,6375,3421,9796,-0.0253146,0.164807,-0.986001,2
4715,3113,41,401,0,755,207,9232,4893,14125,-0.0250856,0.167019,-0.985634,2
4708,3112,32,389,0,818,211,9270,5456,14726,-0.0246128,0.16382,-0.986183,2
4773,3156,35,366,0,834,215,9379,4816,14195,-0.0267403,0.164865,-0.985953,2
3190,2500,25,282,0,525,145,6667,3373,10040,-0.0257639,0.163983,-0.986127,2
3166,2148,23,254,0,526,159,6276,3566,9842,-0.0264492,0.165981,-0.985774,2
5610,3609,33,371,0,830,221,10674,4978,15652,-0.026342,0.164347,-0.986051,2
4634,3138,38,404,0,755,212,9181,5259,14440,-0.0269283,0.167581,-0.98549,2
4783,3184,36,369,0,795,211,9378,5060,14438,-0.0282213,0.165346,-0.985832,2
4212,2982,29,334,0,710,188,8455,4541,12996,-0.0274532,0.16329,-0.986196,2
4641,3155,35,373,0,810,226,9240,5175,14415,-0.0268112,0.165073,-0.985917,2
4870,3164,33,412,0,932,250,9661,5187,14848,-0.0257179,0.16255,-0.986365,2
5280,3143,38,407,0,764,228,9860,5438,15298,-0.0273771,0.167273,-0.98553,2
4154,2140,21,253,0,550,146,7264,2999,10263,-0.0270724,0.169592,-0.985143,2
1974,1296,16,155,0,324,87,3852,2133,5985,-0.025131,0.164329,-0.986085,2
4575,3148,96,433,0,805,214,9271,5192,14463,-0.0255923,0.165705,-0.985844,2
4766,3086,34,367,0,756,225,9234,5244,14478,-0.0264667,0.166623,-0.985665,2
4586,3069,33,366,0,759,205,9018,5102,14120,-0.0272354,0.168261,-0.985366,2
4537,3079,34,362,0,775,207,8994,5101,14095,-0.0269654,0.168748,-0.98529,2
5013,3163,33,394,0,762,208,9573,5242,14815,-0.0248198,0.169255,-0.98526,2
4824,3162,32,393,0,761,207,9379,5243,14622,-0.0259157,0.171703,-0.984808,2
4607,3153,33,384,0,762,209,9148,5250,14398,-0.0272386,0.16807,-0.985399,2
4686,3222,38,375,0,792,211,9324,5446,14770,-0.0275441,0.168224,-0.985364,2
4857,3114,36,373,0,753,206,9339,5163,14502,-0.0282704,0.166866,-0.985574,2
4729,3362,33,376,0,769,210,9479,5190,14669,-0.0283856,0.170391,-0.984968,2
4842,3186,31,367,0,759,232,9417,5419,14836,-0.0287158,0.169909,-0.985041,2
3239,2105,23,258,0,529,146,6300,3692,9992,-0.0274802,0.166,-0.985743,2
4642,3072,31,403,0,831,213,9192,5482,14674,-0.0280848,0.173098,-0.984504,2
4621,3123,38,373,0,766,208,9129,5711,14840,-0.0266865,0.174807,-0.984241,2
4772,3212,34,408,0,836,216,9478,5357,14835,-0.0280009,0.176884,-0.983833,2
4678,3042,34,361,0,766,205,9086,5397,14483,-0.0261027,0.174527,-0.984306,2
4662,3122,32,366,0,761,206,9149,5317,14466,-0.0281173,0.174551,-0.984247,2
5348,3222,38,391,0,814,212,10025,5456,15481,-0.0280823,0.177658,-0.983692,2
4642,3057,33,375,0,787,210,9104,5590,14694,-0.0274615,0.177104,-0.983809,2
4592,3064,33,395,0,797,245,9126,5572,14698,-0.0290687,0.17395,-0.984326,2
6518,3311,32,368,0,756,204,11189,5899,17088,-0.0292693,0.17195,-0.984671,3
4598,3179,33,367,0,760,208,9145,5567,14712,-0.0298443,0.172029,-0.98464,3
4198,2797,29,327,0,703,188,8242,4907,13149,-0.0306346,0.170736,-0.984841,3
4552,3081,32,368,0,791,209,9033,5444,14477,-0.028191,0.177225,-0.983767,3
4971,3201,34,403,0,767,210,9586,5677,15263,-0.0302572,0.179548,-0.983284,3
4703,3131,32,370,0,796,210,9242,4961,14203,-0.026837,0.182611,-0.982819,3
4650,3059,32,410,0,766,209,9126,5766,14892,-0.0308093,0.186846,-0.981906,3
5267,3266,49,410,0,779,210,9981,5634,15615,-0.0323496,0.186846,-0.981856,3
4655,3095,33,362,0,787,211,9143,5729,14872,-0.0332641,0.186397,-0.981911,3
5366,3490,36,410,0,1034,291,10627,6229,16856,-0.0303017,0.190356,-0.981247,3
3568,2313,23,276,0,576,156,6912,4543,11455,-0.0307507,0.194975,-0.980326,3
5383,3400,38,412,0,888,209,10330,6172,16502,-0.0299703,0.195778,-0.98019,3
5096,3297,34,371,0,809,211,9818,4734,14552,-0.0285206,0.200626,-0.979253,3
3225,2071,22,249,0,528,142,6237,4109,10346,-0.0277335,0.198072,-0.979795,3
5368,3457,38,410,0,1046,243,10562,6598,17160,-0.0320619,0.197845,-0.979709,3
4652,3053,31,368,0,887,216,9207,6481,15688,-0.0346927,0.199939,-0.979194,3
4666,2728,29,336,0,695,187,8641,5550,14191,-0.0297759,0.202458,-0.978838,3
4671,3094,32,363,0,763,220,9143,6029,15172,-0.0283574,0.202547,-0.978862,3
4812,2995,32,360,0,794,165,9158,4254,13412,-0.0268785,0.202638,-0.978885,3
2484,1665,21,212,0,402,109,4893,3203,8096,-0.0270521,0.202268,-0.978957,3
4713,3530,41,518,0,823,239,9864,6310,16174,-0.0282175,0.206571,-0.978025,3
4794,3003,32,394,0,1061,214,9498,5786,15284,-0.0290786,0.208977,-0.977488,3
2470,1595,17,192,0,411,110,4795,3246,8041,-0.0268578,0.21011,-0.977309,3
4713,2973,35,371,0,805,212,9109,6435,15544,-0.0271525,0.21068,-0.977178,3
3292,2075,23,249,0,542,142,6323,4275,10598,-0.0247199,0.211392,-0.977089,3
4376,2696,30,330,0,701,193,8326,5705,14031,-0.0274534,0.208445,-0.977649,3
4335,2603,28,317,0,674,212,8169,5463,13632,-0.0250733,0.206345,-0.978158,3
3053,1787,20,218,0,462,123,5663,4395,10058,-0.0236588,0.205393,-0.978394,3
3882,2242,24,273,0,634,161,7216,4756,11972,-0.020981,0.205836,-0.978362,3
4940,3000,34,346,0,728,194,9242,5530,14772,-0.0246469,0.206758,-0.978082,3
4723,2832,32,341,0,736,205,8869,4899,13768,-0.023354,0.204651,-0.978556,3
3880,2480,29,291,0,599,161,7440,4671,12111,-0.0195107,0.204748,-0.97862,3
3824,2329,27,283,0,624,164,7251,4665,11916,-0.0177061,0.205506,-0.978496,3
4835,2875,31,351,0,734,199,9025,5578,14603,-0.0194364,0.204646,-0.978643,3
4744,2978,34,380,0,847,217,9200,5268,14468,-0.0193205,0.204636,-0.978648,3
3373,2026,38,244,0,517,139,6337,4115,10452,-0.0240031,0.205012,-0.978465,3
4527,2671,28,342,0,706,208,8482,5123,13605,-0.0208744,0.204518,-0.97864,3
4382,2604,28,342,0,682,183,8221,5194,13415,-0.0217066,0.208233,-0.977838,3
5088,2936,34,352,0,753,241,9404,5527,14931,-0.0188846,0.209412,-0.977645,3
3373,2038,21,245,0,576,139,6392,3882,10274,-0.0196291,0.211333,-0.977217,3
4577,2741,29,323,0,672,190,8532,5271,13803,-0.0192543,0.212391,-0.976995,3
4331,2683,30,319,0,661,179,8203,4741,12944,-0.0190612,0.21084,-0.977335,3
4442,2363,30,295,0,674,168,7972,4468,12440,-0.0244513,0.211599,-0.977051,3
5023,2995,33,359,0,743,200,9353,5300,14653,-0.025638,0.212555,-0.976813,3
3467,2053,20,317,0,563,144,6564,3650,10214,-0.0283899,0.208811,-0.977544,3
4945,2962,31,377,0,746,202,9263,5427,14690,-0.0279341,0.212701,-0.976718,3
4904,2962,32,357,0,738,200,9193,4264,13457,-0.0178104,0.207713,-0.978028,3
3395,2056,23,249,0,540,142,6405,3583,9988,-0.0247139,0.20063,-0.979355,3
4932,2934,33,357,0,760,201,9217,3989,13206,-0.0281956,0.198991,-0.979595,3
2567,1551,18,195,0,400,106,4837,2752,7589,-0.0272522,0.198188,-0.979785,3
4818,2896,32,349,0,740,198,9033,5288,14321,-0.0233085,0.19972,-0.979576,3
4904,2876,32,371,0,742,199,9124,4857,13981,-0.0245067,0.202452,-0.978985,3
3361,2025,25,260,0,509,138,6318,3609,9927,-0.0286038,0.202276,-0.97891,3
5013,2905,33,356,0,763,201,9271,5029,14300,-0.0289426,0.200934,-0.979177,3
4906,3038,33,374,0,741,201,9293,5529,14822,-0.0283772,0.203583,-0.978646,3
3383,2093,22,248,0,515,139,6400,3638,10038,-0.0248612,0.206643,-0.978101,3
4986,3006,34,366,0,733,200,9325,5045,14370,-0.0217766,0.214765,-0.976423,3
5018,3013,34,365,0,748,221,9399,5221,14620,-0.0348385,0.223835,-0.974004,3
3443,2101,24,264,0,527,145,6504,3669,10173,-0.0342874,0.23741,-0.970804,3
4980,3447,48,495,0,825,226,10021,5390,15411,-0.0401923,0.254421,-0.966258,3
5061,3305,30,351,0,783,220,9750,4896,14646,-0.0395262,0.254882,-0.966164,3
2656,1735,18,205,0,446,121,5181,3062,8243,-0.0352458,0.246475,-0.968508,3
5108,3384,33,387,0,812,220,9944,6306,16250,-0.0330441,0.260201,-0.964989,3
5022,3217,34,369,0,778,201,9621,229,9850,-0.0891892,0.328142,-0.940409,3
4904,2821,32,345,0,727,188,9017,3331,12348,-0.0450053,0.361287,-0.931368,3
4817,2721,32,309,0,638,171,8688,2505,11193,-0.0420816,0.362937,-0.930863,3
4793,2268,30,271,0,572,155,8089,1191,9280,-0.0391074,0.323947,-0.945267,3
4469,2009,29,225,0,513,151,7396,812,8208,-0.0400538,0.337503,-0.940472,3
4591,1459,29,189,0,378,130,6776,484,7260,-0.0523178,0.447206,-0.8929,3
4410,1194,31,193,0,299,85,6212,490,6702,-0.0325658,0.416208,-0.908686,3
3626,671,20,91,0,186,48,4642,350,4992,-0.030441,0.370812,-0.928209,3
3446,534,18,76,0,144,39,4257,604,4861,-0.00234839,0.271052,-0.962562,3
4610,787,29,112,0,222,58,5818,1273,7091,0.0240661,0.288922,-0.95705,3
4785,749,26,111,0,221,58,5950,1644,7594,0.0270911,0.24468,-0.969226,3
4968,800,27,112,0,251,77,6235,2455,8690,0.0173745,0.240525,-0.970487,3
4867,682,28,104,0,205,54,5940,2566,8506,0.00744902,0.21873,-0.975757,3
3246,469,18,70,0,152,38,3993,1888,5881,-0.00338977,0.217594,-0.976033,3
4585,713,27,104,0,204,55,5688,2850,8538,-0.0194159,0.217985,-0.975759,3
4572,724,31,106,0,207,60,5700,2999,8699,-0.0221469,0.212883,-0.976827,3
4549,670,28,101,0,205,66,5619,3015,8634,-0.0181956,0.212103,-0.977078,3
4334,649,26,102,0,199,54,5364,3047,8411,-0.0115344,0.205162,-0.97866,3
4246,571,29,92,0,184,50,5172,3188,8360,-0.0127944,0.214282,-0.976688,3
4284,550,28,88,0,170,54,5174,3346,8520,-0.0395184,0.228831,-0.972664,3
4052,548,25,88,0,173,70,4956,3192,8148,-0.0762497,0.30135,-0.95046,3
4083,559,27,90,0,173,47,4979,3147,8126,-0.0574042,0.254902,-0.965262,3
4400,636,29,101,0,229,57,5452,2705,8157,-0.0552254,0.237695,-0.969769,3
3894,887,26,159,0,230,68,5264,1789,7053,-0.0537324,0.230083,-0.971687,3
4559,1905,30,234,0,458,127,7313,2370,9683,-0.0395304,0.226515,-0.973205,3
5183,2675,45,322,0,656,178,9059,3339,12398,-0.0314344,0.249458,-0.967876,3
4914,3548,30,397,0,830,222,9941,2932,12873,-0.0271266,0.242067,-0.96988,3
4666,3681,28,421,0,880,230,9906,3354,13260,-0.0172071,0.240301,-0.970546,3
4895,3967,28,455,0,980,257,10582,3721,14303,-0.00511859,0.248337,-0.96866,3
5012,4123,29,475,0,1024,266,10929,3416,14345,0.0136836,0.236261,-0.971593,3
3704,2911,20,330,0,727,189,7881,2973,10854,0.01499,0.217953,-0.975844,3
5783,4747,38,662,0,1241,372,12843,5831,18674,-0.00873006,0.218417,-0.975816,3
6933,4439,29,510,0,915,205,13031,4246,17277,-0.0342232,0.216578,-0.975665,3
3241,2350,17,285,0,602,157,6652,2960,9612,-0.0482997,0.210446,-0.976412,3
6261,4570,30,523,0,1146,294,12824,4976,17800,-0.065042,0.220906,-0.973124,3
4290,3295,19,366,0,869,238,9077,3006,12083,-0.0583179,0.205298,-0.976961,3
3201,2459,15,277,0,630,161,6743,3299,10042,-0.0513161,0.197738,-0.978911,3
6298,4709,28,537,0,1138,320,13030,5869,18899,-0.0360008,0.185577,-0.98197,3
3129,2253,16,248,0,573,146,6365,3573,9938,-0.0238758,0.124854,-0.991887,3
6114,3912,29,462,0,1001,259,11777,7982,19759,-0.0220047,0.131117,-0.991122,3
2962,1938,15,219,0,514,136,5784,4382,10166,-0.012376,0.126801,-0.991851,3
3486,2129,19,244,0,544,141,6563,4450,11013,-0.0115596,0.130613,-0.991366,3
5400,3516,36,475,0,841,210,10478,6234,16712,-0.0171861,0.151481,-0.988311,3
3501,1856,20,212,0,466,121,6176,3577,9753,-0.0200454,0.133779,-0.990809,3
5011,2731,29,281,0,598,185,8835,4744,13579,-0.0296085,0.15413,-0.987607,3
2531,1036,15,126,0,275,71,4054,2190,6244,-0.0185845,0.135776,-0.990565,3
4527,1579,30,209,0,444,117,6906,3914,10820,-0.0210198,0.180521,-0.983346,3
4319,1438,29,185,0,387,102,6460,3554,10014,-0.0207212,0.169675,-0.985282,3
4018,1246,26,165,0,349,93,5897,3295,9192,-0.0199272,0.181776,-0.983138,3
3992,1240,24,161,0,326,88,5831,2927,8758,-0.023643,0.210522,-0.977303,3
3825,1180,24,156,0,311,85,5581,2934,8515,-0.0268252,0.220069,-0.975115,3
3890,1090,25,151,0,303,83,5542,2738,8280,-0.0269619,0.229348,-0.972971,3
3740,1091,24,150,0,301,82,5388,2631,8019,-0.0228625,0.243575,-0.969612,3
3783,1163,23,154,0,304,84,5511,2420,7931,-0.0291843,0.223569,-0.974251,3
4251,1227,26,165,0,332,89,6090,2206,8296,-0.0472511,0.252476,-0.966449,3
3734,1377,26,174,0,360,96,5767,1853,7620,-0.0595813,0.277189,-0.958966,3
3920,1589,24,196,0,390,107,6226,1430,7656,-0.0620896,0.300525,-0.951751,3
3933,1730,26,216,0,435,119,6459,1170,7629,-0.0625309,0.325154,-0.943592,3
4101,2197,28,263,0,536,147,7272,979,8251,-0.0346637,0.375122,-0.926327,3
4339,2696,29,322,0,685,179,8250,714,8964,-0.0117448,0.357219,-0.933947,3
4633,2962,32,348,0,752,194,8921,1345,10266,4.59484e-05,0.383723,-0.923448,3
4774,3159,34,397,0,773,233,9370,1814,11184,-0.00559241,0.366052,-0.930578,3
4962,3219,37,394,0,841,215,9668,2026,11694,-0.010275,0.387427,-0.921843,3
4943,3188,33,421,0,840,246,9671,2280,11951,-0.0227918,0.377986,-0.925531,3
4733,2864,34,335,0,729,188,8883,2324,11207,-0.0216578,0.357251,-0.933757,3
4420,2372,51,283,0,582,185,7893,1602,9495,-0.00258426,0.371934,-0.928256,3
4237,1922,29,238,0,575,137,7138,1083,8221,0.00387548,0.306146,-0.951977,3
4230,1578,27,199,0,399,107,6540,988,7528,0.0012307,0.309124,-0.951021,3
4251,1289,28,170,0,343,92,6173,901,7074,-0.021691,0.329184,-0.944017,3
4238,1107,28,141,0,307,77,5898,1039,6937,-0.0559139,0.254759,-0.965387,3
4611,775,28,109,0,210,55,5788,1498,7286,-0.0678512,0.242571,-0.967758,3
4577,629,27,96,0,179,50,5558,1681,7239,-0.0574194,0.232507,-0.970899,3
4743,723,27,109,0,204,56,5862,1941,7803,-0.0313958,0.229432,-0.972818,3
4780,714,27,107,0,203,55,5886,2054,7940,-0.00836489,0.22239,-0.974922,3
2425,378,15,68,0,105,29,3020,931,3951,0.00117428,0.222668,-0.974894,3
4497,795,26,116,0,215,59,5708,1924,7632,0.00274321,0.228952,-0.973434,3
4835,854,28,118,0,221,61,6117,2217,8334,-0.00515325,0.23576,-0.971798,3
4247,817,27,117,0,262,67,5537,2442,7979,-0.015977,0.22584,-0.974033,3
4578,831,28,120,0,228,62,5847,2518,8365,-0.0371788,0.230032,-0.972473,3
4435,882,34,132,0,233,66,5782,2840,8622,-0.0528434,0.228969,-0.971998,3
4332,1089,29,160,0,244,71,5925,2747,8672,-0.0493682,0.219998,-0.97425,3
4396,958,29,166,0,313,80,5942,3072,9014,-0.0410287,0.206159,-0.977658,3
4561,1426,28,162,0,319,88,6584,3115,9699,-0.0256788,0.199709,-0.979519,3
3190,1127,18,138,0,284,77,4834,2026,6860,-0.0274069,0.216149,-0.975976,3
5042,2044,27,279,0,589,141,8122,2213,10335,-0.0364931,0.253115,-0.966748,3
2704,1416,14,170,0,282,84,4670,761,5431,-0.027783,0.262173,-0.964621,3
2934,2010,16,224,0,489,125,5798,972,6770,-0.0614651,0.270985,-0.960619,3
5772,4343,28,486,0,1073,277,11979,1930,13909,-0.0760716,0.331626,-0.940339,3
6337,4949,28,613,0,1204,313,13444,2053,15497,-0.0575413,0.336549,-0.939906,3
6386,5230,39,411,0,929,231,13226,1838,15064,-0.0361434,0.33433,-0.941763,3
4197,3337,18,371,0,813,229,8965,1919,10884,-0.00695209,0.300402,-0.953787,3
3899,3244,19,328,0,687,174,8351,2365,10716,0.00900968,0.26996,-0.96283,3
5409,3103,30,365,0,802,204,9913,4813,14726,0.00483152,0.215149,-0.97657,3
5217,2537,27,324,0,714,178,8997,4950,13947,-0.000772876,0.185685,-0.982609,3
2650,1152,15,136,0,301,78,4332,3063,7395,-0.00907828,0.157,-0.987557,3
4870,2062,30,244,0,526,137,7869,5089,12958,-0.0296996,0.170174,-0.984967,3
4776,1843,30,243,0,484,126,7502,4514,12016,-0.0378329,0.175238,-0.983799,3
4559,1645,28,203,0,428,113,6976,4258,11234,-0.0413116,0.176032,-0.983517,3
4402,1579,30,193,0,401,106,6711,3786,10497,-0.0478481,0.177575,-0.982944,3
4345,1392,26,186,0,379,102,6430,3373,9803,-0.0524847,0.192162,-0.979959,3
3989,1387,27,174,0,361,97,6035,3131,9166,-0.0377869,0.209134,-0.977157,3
3919,1303,24,168,0,353,95,5862,3041,8903,-0.032197,0.253069,-0.966912,3
3975,1296,25,165,0,343,93,5897,2586,8483,-0.0396337,0.24178,-0.969521,3
3822,1291,25,168,0,339,92,5737,2441,8178,-0.0629112,0.27016,-0.960758,3
3796,1335,25,172,0,356,96,5780,2184,7964,-0.0668143,0.243893,-0.967498,3
4245,1810,27,192,0,374,123,6771,1673,8444,-0.0960313,0.263896,-0.959759,3
3932,1557,26,195,0,404,109,6223,1517,7740,-0.112032,0.270119,-0.956287,3
4171,1773,25,225,0,458,139,6791,1599,8390,-0.121868,0.301038,-0.945793,3
4197,2256,28,267,0,549,149,7446,1264,8710,-0.10565,0.293379,-0.95014,3
4299,2611,31,310,0,645,172,8068,1108,9176,-0.0765044,0.317528,-0.945157,3
4935,3197,34,405,0,991,205,9767,1887,11654,-0.0462671,0.409942,-0.910938,3
5070,3541,42,464,0,852,262,10231,1897,12128,-0.0313289,0.346755,-0.937432,3
3603,2384,25,280,0,632,178,7102,1651,8753,-0.0192027,0.323941,-0.945882,3
3753,2897,29,320,0,668,178,7845,2184,10029,-0.0159493,0.325822,-0.945297,3
4304,2068,30,271,0,499,140,7312,1196,8508,-0.0203364,0.2901,-0.956781,3
4934,1339,32,179,0,398,98,6980,1090,8070,-0.0595339,0.503845,-0.86174,3
4501,856,27,144,0,175,46,5749,598,6347,-0.0457707,0.396203,-0.917021,3
3001,468,18,71,0,132,37,3727,637,4364,-0.0243244,0.277936,-0.960292,3
4522,643,28,98,0,196,51,5538,987,6525,-0.0441777,0.25115,-0.96694,3
4777,668,28,101,0,185,51,5810,1332,7142,-0.0371557,0.251704,-0.967091,3
5575,810,29,117,0,219,59,6809,2100,8909,-0.0227328,0.252768,-0.96726,3
5318,628,40,101,0,193,51,6331,2140,8471,-0.00561977,0.240785,-0.970562,3
4666,550,29,87,0,222,47,5601,2263,7864,0.00269258,0.240392,-0.970672,3
2970,322,19,53,0,97,26,3487,1528,5015,0.00157785,0.210901,-0.977506,3
4406,387,35,103,0,116,33,5080,2182,7262,0.00208934,0.205249,-0.978708,3
4606,386,34,78,0,146,37,5287,2930,8217,0.00692412,0.185929,-0.982539,3
2180,108,15,23,0,35,10,2371,1022,3393,0.0123286,0.170625,-0.985259,3
4219,274,34,49,0,64,20,4660,1822,6482,0.0227037,0.185902,-0.982306,3
4071,310,27,60,0,92,28,4588,1854,6442,0.0257718,0.179811,-0.983364,3
4404,510,27,85,0,147,43,5216,1796,7012,0.0250885,0.180691,-0.98322,3
4154,822,27,116,0,223,63,5405,2437,7842,0.0192224,0.172563,-0.984811,3
4441,1161,28,157,0,352,115,6254,2959,9213,-0.0105476,0.203446,-0.97903,3
5760,1593,27,201,0,401,107,8089,2373,10462,-0.00575006,0.195002,-0.980786,3
2403,971,13,120,0,266,68,3841,945,4786,0.034626,0.126907,-0.99131,3
2185,1052,13,126,0,270,71,3717,1427,5144,0.0260798,0.136957,-0.990234,3
4966,2876,29,335,0,712,185,9103,2338,11441,0.0596743,0.146879,-0.987353,3
5408,3684,29,422,0,900,238,10681,2685,13366,0.0685657,0.168263,-0.983355,3
3976,3052,20,343,0,742,194,8327,2027,10354,0.0538519,0.156838,-0.986155,3
6035,4953,29,555,0,1275,320,13167,3982,17149,0.0353559,0.187307,-0.981665,3
4540,3551,24,403,0,1014,253,9785,3119,12904,0.0302511,0.155597,-0.987358,3
6219,5421,28,574,0,1218,321,13781,4429,18210,0.00402913,0.163202,-0.986584,3
6036,4604,29,540,0,1225,321,12755,6440,19195,-0.0528629,0.216521,-0.974846,3
3034,1779,13,192,0,443,102,5563,3060,8623,-0.0245985,0.150924,-0.988239,3
1897,990,11,117,0,257,66,3338,2275,5613,-0.00259512,0.0978532,-0.995198,3
4656,2056,28,239,0,523,151,7653,4967,12620,-0.000805843,0.130172,-0.991491,3
4917,1885,30,232,0,503,131,7698,4889,12587,-0.00987203,0.134502,-0.990864,3
5319,1873,30,222,0,489,126,8059,4624,12683,-0.0150604,0.160928,-0.986851,3
4809,1548,28,201,0,432,114,7132,4026,11158,-0.0272206,0.316392,-0.948238,3
4194,988,18,128,0,274,71,5673,2589,8262,-0.0196839,0.228883,-0.973255,3
2400,721,15,92,0,194,51,3473,1776,5249,-0.0218345,0.195352,-0.98049,3
4209,1207,27,185,0,312,104,6044,2259,8303,-0.0357675,0.243971,-0.969123,3
4866,837,25,121,0,234,64,6147,1912,8059,-0.0450773,0.288988,-0.956271,3
3732,826,24,117,0,227,84,5010,1873,6883,-0.0422337,0.2678,-0.962548,3
3728,1007,24,139,0,266,75,5239,1780,7019,-0.0429989,0.299566,-0.953106,3
3730,1294,29,164,0,346,131,5694,1696,7390,-0.0418925,0.299099,-0.953302,3
3874,1468,25,191,0,369,102,6029,1628,7657,-0.0346131,0.42709,-0.903546,3
4165,1789,28,218,0,432,117,6749,1483,8232,-0.0171323,0.424996,-0.905033,3
4215,2241,27,270,0,563,177,7493,1302,8795,-0.0144424,0.345699,-0.938234,3
4490,2926,31,344,0,673,180,8644,1658,10302,-0.00058024,0.416579,-0.9091,3
4592,3237,32,406,0,1141,279,9687,2099,11786,0.00378846,0.345914,-0.938258,3
3237,2273,23,267,0,571,150,6521,1673,8194,0.00933759,0.283506,-0.958925,3
4812,3618,38,419,0,871,234,9992,2285,12277,0.0130903,0.25949,-0.965657,3
4998,3841,36,472,0,925,309,10581,2409,12990,0.0115265,0.22836,-0.973508,3
6007,3785,35,475,0,986,247,11535,2467,14002,0.00769058,0.211486,-0.977351,3
3628,2687,24,353,0,724,172,7588,1683,9271,0.00170225,0.19377,-0.981045,3
7614,5744,42,673,0,901,179,15153,1823,16976,-0.00576426,0.182171,-0.98325,3
5307,4585,36,463,0,1029,288,11708,2580,14288,-0.00205841,0.168111,-0.985766,3
3583,2836,24,310,0,705,176,7634,1561,9195,0.000280925,0.159596,-0.987182,3
6261,4062,42,449,0,995,255,12064,2481,14545,-0.00479027,0.155412,-0.987838,3
5224,4048,35,462,0,1004,260,11033,2224,13257,-0.0014733,0.144285,-0.989535,3
3520,2365,17,247,0,528,137,6814,1076,7890,0.0106304,0.132237,-0.991161,3
2184,1824,14,207,0,434,113,4776,149,4925,0.0139113,0.126737,-0.991839,3
3535,2972,23,374,0,711,191,7806,4586,12392,0.0445329,0.104917,-0.993484,3
5137,4337,34,490,0,1158,287,11443,6753,18196,0.0439861,0.104639,-0.993537,3
3609,2968,24,333,0,709,190,7833,4575,12408,0.040123,0.107956,-0.993346,3
4224,3560,26,399,0,865,228,9302,5587,14889,0.0412186,0.109276,-0.993156,3
5222,4320,34,487,0,1043,277,11383,5437,16820,0.0391659,0.111658,-0.992975,3
2731,2248,18,253,0,544,157,5951,3516,9467,0.0387248,0.112763,-0.992867,3
5218,4372,37,581,0,1057,283,11548,6495,18043,0.041545,0.11272,-0.992758,3
3619,2985,23,333,0,706,190,7856,4487,12343,0.0421319,0.1166,-0.992285,3
5304,4227,34,547,0,1020,279,11411,6565,17976,0.0403316,0.116322,-0.992392,3
5205,4298,24,331,0,702,189,10749,4231,14980,0.0388816,0.116289,-0.992454,3
2765,2315,17,255,0,541,146,6039,3421,9460,0.0409665,0.115214,-0.992496,3
5230,4351,82,545,0,1074,275,11557,6640,18197,0.0416769,0.11262,-0.992764,3
3554,3007,24,334,0,720,190,7829,4405,12234,0.041352,0.113495,-0.992677,3
4733,3987,31,442,0,1069,256,10518,5939,16457,0.0431152,0.111371,-0.992843,3
3344,2758,22,310,0,683,180,7297,4275,11572,0.0418644,0.111652,-0.992865,3
5346,4290,35,488,0,1057,280,11496,5579,17075,0.040694,0.110995,-0.992987,3
3603,2937,23,332,0,726,193,7814,4611,12425,0.0407063,0.111723,-0.992905,3
5283,4312,34,493,0,1024,275,11421,6589,18010,0.0452276,0.114046,-0.992445,3
4774,3908,32,437,0,913,246,10310,5519,15829,0.0506204,0.117757,-0.991752,3
4587,3856,33,462,0,974,253,10165,5614,15779,0.0507716,0.123328,-0.991066,3
4751,3943,29,483,0,937,251,10394,5886,16280,0.0502913,0.124375,-0.99096,3
5190,4368,33,486,0,1094,279,11450,5747,17197,0.0440817,0.123672,-0.991344,3
5302,4226,26,365,0,698,191,10808,4182,14990,0.0379062,0.117443,-0.992356,3
2702,2231,19,270,0,541,144,5907,3397,9304,0.0408627,0.113586,-0.992688,3
5248,4259,35,479,0,1009,283,11313,6260,17573,0.0463788,0.114095,-0.992387,3
5192,3722,24,331,0,717,189,10175,4034,14209,0.04488,0.111198,-0.992784,3
2685,2254,18,250,0,542,145,5894,3378,9272,0.039583,0.108407,-0.993318,3
5128,4271,35,479,0,1001,270,11184,6321,17505,0.036842,0.112103,-0.993014,3
4768,3849,31,432,0,938,249,10267,5626,15893,0.0384758,0.119806,-0.992052,3
5189,4346,35,487,0,1014,274,11345,6333,17678,0.0489708,0.129776,-0.990333,3
4149,2689,18,256,0,541,145,7798,3328,11126,0.0481181,0.12485,-0.991008,3
1855,1491,12,171,0,365,84,3978,1989,5967,0.044051,0.120925,-0.991684,3
5262,4387,34,524,0,1022,283,11512,6479,17991,0.0425266,0.11532,-0.992418,3
3608,2981,24,332,0,722,190,7857,4533,12390,0.042207,0.111497,-0.992868,3
5541,4214,34,468,0,1109,274,11640,5939,17579,0.0420052,0.112066,-0.992812,3
4327,2943,25,324,0,685,186,8490,4028,12518,0.0390281,0.115767,-0.992509,3
3343,2711,23,301,0,714,175,7267,4143,11410,0.0392224,0.118525,-0.992176,3
5140,4307,34,553,0,1065,277,11376,6539,17915,0.0403743,0.117841,-0.992211,3
5282,4348,34,496,0,706,189,11055,4305,15360,0.040433,0.116171,-0.992406,3
2736,2227,17,251,0,528,142,5901,3292,9193,0.0400573,0.11638,-0.992396,3
5443,4470,33,476,0,1102,283,11807,6573,18380,0.0387714,0.116929,-0.992383,3
5347,3739,23,329,0,699,187,10324,4001,14325,0.0391195,0.11824,-0.992214,3
2222,1818,15,204,0,432,116,4807,2798,7605,0.0398961,0.118807,-0.992116,3
5161,4322,46,482,0,1009,329,11349,6564,17913,0.0421642,0.120033,-0.991874,3
3633,2918,52,344,0,734,192,7873,4448,12321,0.0419155,0.118852,-0.992027,3
4732,3799,31,423,0,899,251,10135,5244,15379,0.0415746,0.118171,-0.992123,3
4232,3481,30,391,0,821,222,9177,5264,14441,0.0396822,0.117295,-0.992304,3
4236,3457,27,384,0,822,253,9179,5234,14413,0.0402583,0.117391,-0.99227,3
3881,3203,27,359,0,752,202,8424,4963,13387,0.0408401,0.1178,-0.992197,3
3918,3195,29,355,0,847,208,8552,4753,13305,0.0396798,0.11806,-0.992213,3
4428,3137,25,387,0,750,204,8931,4928,13859,0.0397587,0.117861,-0.992234,3
5288,4300,35,485,0,1008,271,11387,6375,17762,0.038737,0.118433,-0.992206,3
3586,2892,24,329,0,690,185,7706,4206,11912,0.0395735,0.117096,-0.992332,3
4645,3941,31,434,0,952,251,10254,5610,15864,0.0392612,0.116647,-0.992397,3
4256,3466,27,390,0,819,220,9178,5088,14266,0.0394807,0.115904,-0.992475,3
4248,3440,29,401,0,823,220,9161,5135,14296,0.0389514,0.115396,-0.992556,3
4218,3473,28,388,0,822,222,9151,5273,14424,0.0388028,0.115799,-0.992514,3
3135,2525,20,289,0,652,165,6786,3696,10482,0.0387905,0.115654,-0.992532,3
5185,4247,37,483,0,1049,275,11276,5399,16675,0.0391317,0.115514,-0.992535,3
3593,2917,23,328,0,704,207,7772,4323,12095,0.0384993,0.115247,-0.992591,3
5245,4292,33,484,0,1007,271,11332,6252,17584,0.0386858,0.114716,-0.992645,3
3576,2899,30,323,0,724,190,7742,4398,12140,0.0384432,0.114556,-0.992673,3
4747,3766,30,427,0,965,249,10184,5644,15828,0.0377759,0.11483,-0.992667,3
3290,2774,23,321,0,643,173,7224,4069,11293,0.0385056,0.11411,-0.992722,3
5295,4316,33,508,0,1022,273,11447,5810,17257,0.0384169,0.114625,-0.992666,3
3617,2901,23,325,0,732,220,7818,4396,12214,0.0384629,0.114795,-0.992644,3
4345,3450,29,388,0,812,219,9243,5173,14416,0.037372,0.113003,-0.992892,3
4337,3473,28,412,0,873,227,9350,5094,14444,0.0380126,0.113871,-0.992768,3
4317,3487,27,405,0,814,219,9269,5065,14334,0.0378508,0.11408,-0.99275,3
3091,2501,20,280,0,591,159,6642,3852,10494,0.0370723,0.113516,-0.992845,3
5209,4252,45,594,0,1098,273,11471,5390,16861,0.0358537,0.11298,-0.99295,3
3557,2807,23,307,0,708,181,7583,4599,12182,0.0352991,0.113334,-0.99293,3
4838,3673,31,487,0,931,242,10202,5853,16055,0.0342334,0.112697,-0.99304,3
3275,2572,23,288,0,617,166,6941,3681,10622,0.033537,0.11307,-0.993021,3
5232,4099,34,479,0,985,264,11093,6337,17430,0.0338147,0.113224,-0.992994,3
3577,2798,23,319,0,681,184,7582,4508,12090,0.0338176,0.112985,-0.993021,3
