Downsample[ns],BuildFilTree[ns],SearchFil[ns],DeleteFil[ns],BuildTreeSub[ns],SearchSub[ns],DeleteSub[ns],PreProcTotal[ns],Plane[ns],Total[ns],nx,ny,nz,planeCount
5664,3766,65,455,0,915,250,11115,302,11417,-0.117563,0.152259,-0.981323,0
5511,3686,29,429,0,867,172,10694,810,11504,0.00685164,0.0371275,-0.999287,0
3917,2639,22,308,0,633,170,7689,1178,8867,0.00920084,0.03466,-0.999357,0
5537,3742,29,537,0,884,246,10975,1769,12744,0.0103356,0.0333247,-0.999391,0
5379,3668,27,426,0,882,239,10621,2152,12773,0.0083492,0.0331392,-0.999416,0
3816,2618,21,298,0,633,135,7521,1034,8555,0.00642595,0.0332782,-0.999425,0
5668,3607,28,418,0,879,246,10846,1794,12640,0.00467273,0.0345515,-0.999392,0
5335,4044,36,433,0,878,245,10971,1538,12509,0.00516536,0.035949,-0.99934,0
4827,3305,24,380,0,803,228,9567,1452,11019,0.00571171,0.0366828,-0.999311,0
5579,3338,27,380,0,809,217,10350,1511,11861,0.00600948,0.0382142,-0.999251,0
5242,3571,28,419,0,878,284,10422,1821,12243,0.00582901,0.0413033,-0.999129,0
5686,3598,29,463,0,905,246,10927,1372,12299,0.00599436,0.0449036,-0.998973,0
5324,3861,31,430,0,873,234,10753,1069,11822,0.00578675,0.0477439,-0.998843,0
3919,2565,19,299,0,624,170,7596,852,8448,0.00798918,0.052042,-0.998613,0
6153,3657,32,424,0,882,237,11385,1223,12608,0.0135149,0.0591643,-0.998156,0
5401,3617,29,424,0,882,241,10594,1448,12042,0.0119565,0.0576932,-0.998263,0
6054,3615,28,418,0,877,236,11228,1275,12503,0.0118149,0.0636509,-0.997902,0
5489,3666,28,452,0,1190,296,11121,1474,12595,0.00925678,0.0650236,-0.997841,0
3881,2752,32,312,0,649,173,7799,979,8778,0.0114043,0.0643277,-0.997863,0
6131,4293,29,435,0,985,253,12126,1564,13690,0.0139564,0.0694034,-0.997491,0
5406,3764,28,448,0,890,240,10776,1752,12528,0.0150711,0.0690022,-0.997503,0
3850,2653,23,299,0,629,168,7622,1407,9029,0.014739,0.0666237,-0.997669,0
5579,3500,30,429,0,869,233,10640,2030,12670,0.0127193,0.0762196,-0.99701,0
5849,3590,29,471,0,876,236,11051,2225,13276,0.0100185,0.0834205,-0.996464,0
5053,3210,27,439,0,820,232,9781,1917,11698,0.0116501,0.0831313,-0.996471,0
5972,3918,30,414,0,932,239,11505,2264,13769,0.0157139,0.0844518,-0.996303,0
3944,2682,21,299,0,646,170,7762,1708,9470,0.0169879,0.0770051,-0.996886,0
6369,3804,34,423,0,940,249,11819,2355,14174,0.0164593,0.0826803,-0.99644,0
6090,3907,29,455,0,1008,240,11729,2226,13955,0.0132726,0.0859455,-0.996211,0
6544,3570,29,406,0,989,239,11777,1801,13578,0.0124645,0.0930975,-0.995579,0
5297,3386,28,390,0,853,224,10178,1663,11841,0.0127561,0.090559,-0.995809,0
5478,3313,29,394,0,845,223,10282,1475,11757,0.0140492,0.0957608,-0.995305,0
5155,3194,27,382,0,803,215,9776,1472,11248,0.0145472,0.102456,-0.994631,0
5896,3322,28,362,0,766,207,10581,1405,11986,0.0168224,0.102423,-0.994599,0
5280,2970,28,352,0,740,200,9570,1252,10822,0.0164658,0.0992553,-0.994926,0
5548,3032,27,337,0,712,193,9849,1355,11204,0.0106517,0.108862,-0.994,0
5692,3045,31,362,0,758,217,10105,1580,11685,0.00649404,0.103313,-0.994628,0
4871,2578,26,315,0,659,178,8627,1699,10326,0.00224295,0.101626,-0.994821,0
5575,2763,29,366,0,694,189,9616,1961,11577,-0.000977845,0.095946,-0.995386,0
5361,3005,31,336,0,738,245,9716,2137,11853,0.00359011,0.0960433,-0.995371,0
3774,1808,20,218,0,500,124,6444,1637,8081,0.0126451,0.0857273,-0.996239,0
5480,2390,27,287,0,568,171,8923,2261,11184,0.0168638,0.0872071,-0.996047,0
5068,2241,26,297,0,565,157,8354,2288,10642,0.0167911,0.0805338,-0.99661,0
4747,2360,28,322,0,672,168,8297,2541,10838,0.0149359,0.0808985,-0.99661,0
5199,2472,26,296,0,606,168,8767,2467,11234,0.0208896,0.0779297,-0.99674,0
4833,2307,26,322,0,594,165,8247,2225,10472,0.0231335,0.0884821,-0.995809,0
5417,2549,28,322,0,646,201,9163,2434,11597,0.0227586,0.0808785,-0.996464,0
5364,2442,28,381,0,675,185,9075,2202,11277,0.02149,0.0772605,-0.996779,0
4769,2214,28,275,0,620,157,8063,1828,9891,0.0210929,0.0755159,-0.996922,0
5338,2201,48,285,0,609,162,8643,2189,10832,0.0158767,0.0785783,-0.996781,0
3601,1390,19,183,0,369,101,5663,1351,7014,0.0132956,0.0805194,-0.996664,0
5278,1998,30,244,0,516,138,8204,1551,9755,0.0105618,0.0925915,-0.995648,0
5162,1661,27,224,0,452,126,7652,1612,9264,0.0132682,0.0969525,-0.9952,0
5706,1575,28,218,0,421,119,8067,1318,9385,0.0172634,0.0918735,-0.995621,0
5330,1485,27,207,0,401,112,7562,1263,8825,0.022612,0.0788989,-0.996626,0
5365,1548,27,207,0,392,112,7651,1080,8731,0.0228966,0.0565878,-0.998135,0
5318,1572,34,232,0,406,117,7679,1106,8785,0.0263456,0.0698954,-0.997206,0
5378,1803,27,229,0,443,124,8004,1143,9147,0.0299843,0.0558283,-0.99799,0
6399,2030,27,256,0,519,169,9400,1088,10488,0.0200922,0.0909556,-0.995652,0
5363,2211,28,290,0,568,161,8621,687,9308,0.0322669,0.0451158,-0.998461,0
5707,2454,28,318,0,622,176,9305,616,9921,-0.0102278,0.119299,-0.992806,0
5805,2806,28,351,0,687,195,9872,508,10380,-0.0182525,0.156681,-0.987481,0
3982,2104,20,260,0,509,144,7019,488,7507,0.0449765,-0.0743127,-0.99622,0
5847,3286,31,391,0,759,215,10529,1100,11629,0.0404939,-0.0256933,-0.99885,0
5814,3235,29,393,0,855,228,10554,1169,11723,0.035155,-0.0119888,-0.99931,0
6060,3344,29,404,0,806,229,10872,1203,12075,0.0276327,-0.00106434,-0.999617,0
6043,3759,34,471,0,817,237,11361,1324,12685,0.0191497,0.00792419,-0.999785,0
4121,2404,21,287,0,566,157,7556,980,8536,0.0194131,0.0186369,-0.999638,0
6783,3415,29,423,0,841,233,11724,1739,13463,0.0253033,0.0256648,-0.99935,0
5972,3677,32,435,0,916,270,11302,1197,12499,0.0424852,0.037047,-0.99841,0
6033,3774,32,454,0,946,258,11497,1911,13408,0.0559027,0.124044,-0.990701,0
4559,2501,16,254,0,520,143,7993,921,8914,0.0610434,0.115641,-0.991414,0
2172,1381,10,155,0,319,88,4125,561,4686,0.0497847,0.113014,-0.992346,0
2226,1581,12,187,0,385,106,4497,691,5188,0.0624502,0.150395,-0.986652,0
6078,4482,30,527,0,1073,291,12481,1898,14379,0.0565676,0.203093,-0.977524,0
6206,4551,30,529,0,1179,299,12794,2016,14810,0.029485,0.313967,-0.948976,0
3745,2410,16,276,0,511,129,7087,627,7714,-0.0367462,0.157297,-0.986868,0
2241,1585,11,182,0,388,104,4511,745,5256,-0.0391493,0.104444,-0.99376,0
5581,4349,26,548,0,1010,261,11775,2200,13975,-0.0475537,0.10626,-0.993201,0
5591,3876,27,476,0,956,254,11180,2403,13583,-0.0561477,0.112231,-0.992095,0
5741,3355,22,396,0,856,226,10596,2494,13090,-0.048829,0.130606,-0.990231,0
5138,3399,22,398,0,869,227,10053,2774,12827,-0.0469269,0.139097,-0.989166,0
5306,3283,22,400,0,900,227,10138,3366,13504,-0.022778,0.142961,-0.989466,0
6809,4178,49,485,0,1100,289,12910,4607,17517,-0.0130946,0.120415,-0.992637,0
4342,2930,38,336,0,747,199,8592,3442,12034,0.00425479,0.111088,-0.993801,0
3367,2777,18,379,0,880,226,7647,4061,11708,0.00882082,0.0821128,-0.996584,0
6292,4468,30,465,0,1030,282,12567,5529,18096,0.0216707,0.0951776,-0.995224,0
4521,3004,43,328,0,723,190,8809,4145,12954,0.0171261,0.103741,-0.994457,0
5802,4033,28,428,0,944,246,11481,3833,15314,0.0165253,0.120485,-0.992578,0
3252,2009,15,230,0,497,149,6152,2584,8736,0.00713396,0.102142,-0.994744,0
6368,4052,32,466,0,1032,312,12262,4640,16902,0.0131247,0.120444,-0.992633,0
6105,4417,23,337,0,691,181,11754,2882,14636,0.0102437,0.11484,-0.993331,0
3197,2171,20,249,0,523,141,6301,2165,8466,6.94465e-05,0.103998,-0.994578,0
6983,3837,30,464,0,1062,271,12647,3912,16559,-0.0107828,0.132258,-0.991157,0
4222,2557,19,311,0,663,181,7953,2467,10420,-0.0114318,0.125307,-0.992052,0
6255,3864,27,488,0,967,265,11866,2987,14853,-0.0137537,0.125987,-0.991936,0
4217,2554,18,317,0,673,182,7961,2301,10262,-0.0208628,0.117737,-0.992826,0
6190,3844,28,458,0,991,339,11850,2356,14206,-0.0199101,0.146935,-0.988946,0
4221,3115,18,325,0,678,183,8540,1968,10508,-0.017633,0.140141,-0.989975,0
5904,3715,22,463,0,926,251,11281,2586,13867,-0.0141681,0.163738,-0.986403,0
4007,2643,15,320,0,747,184,7916,1692,9608,-0.00710264,0.136011,-0.990682,0
5846,3974,23,515,0,1031,271,11660,2622,14282,0.00919825,0.167928,-0.985756,0
3900,3101,20,385,0,751,223,8380,1544,9924,0.0151491,0.180401,-0.983476,0
5127,4043,31,461,0,944,258,10864,1807,12671,0.0294023,0.214419,-0.976299,0
4856,3878,20,452,0,932,254,10392,1757,12149,0.0162373,0.196908,-0.980288,0
5927,4801,27,573,0,1170,322,12820,2272,15092,0.0138164,0.23251,-0.972496,0
5827,4964,23,566,0,1360,333,13073,1660,14733,0.00887338,0.244835,-0.969524,0
3072,2703,16,371,0,630,212,7004,1206,8210,0.00306806,0.230193,-0.97314,0
5949,4938,27,599,0,1390,353,13256,2466,15722,-0.0109392,0.271515,-0.962372,0
6260,3839,20,380,0,783,212,11494,1784,13278,-0.0153633,0.239479,-0.97078,0
3187,2512,16,281,0,624,159,6779,1813,8592,-0.0139462,0.204832,-0.978698,0
6200,4607,31,518,0,1124,288,12768,4314,17082,-0.0187643,0.254852,-0.966798,0
4685,3024,22,337,0,733,194,8995,2721,11716,-0.0127481,0.239352,-0.970849,0
5740,4036,47,449,0,962,252,11486,2314,13800,-0.00425958,0.225698,-0.974188,0
4022,2912,20,330,0,726,191,8201,1490,9691,-0.00608764,0.211043,-0.977458,0
5299,3889,27,450,0,1012,270,10947,1976,12923,-0.00464712,0.192589,-0.981268,0
5136,4047,24,488,0,1003,267,10965,2416,13381,0.00346413,0.172852,-0.984942,0
4751,3932,46,454,0,1024,258,10465,2261,12726,0.00285548,0.160173,-0.987085,0
6430,5486,34,609,0,1301,340,14200,2003,16203,-0.000413081,0.152265,-0.98834,0
4415,3579,22,409,0,968,230,9623,1680,11303,0.00190656,0.12639,-0.991979,0
5496,4427,28,527,0,1119,293,11890,1901,13791,0.00669175,0.119127,-0.992857,0
4999,3997,24,482,0,984,275,10761,1732,12493,0.0036628,0.109001,-0.994035,0
6565,4759,30,581,0,1295,328,13558,1816,15374,0.00483734,0.0995627,-0.99502,0
4174,3636,21,439,0,900,271,9441,1828,11269,0.00544082,0.0758995,-0.997101,0
5345,4397,26,505,0,1085,283,11641,2217,13858,0.00375423,0.0585773,-0.998276,0
6299,5682,26,538,0,1431,366,14342,1992,16334,0.00512532,0.0490437,-0.998784,0
3657,2892,17,338,0,697,190,7791,1411,9202,0.00735119,0.048145,-0.998813,0
6822,4718,30,561,0,1164,317,13612,2849,16461,0.0140099,0.0716093,-0.997334,0
7164,4869,29,561,0,1141,220,13984,1976,15960,0.014218,0.100907,-0.994794,0
3184,2554,15,294,0,599,161,6807,1211,8018,0.00887627,0.118394,-0.992927,0
6026,4729,29,567,0,1159,317,12827,1795,14622,0.00109162,0.168102,-0.985769,0
5908,4679,27,553,0,1121,212,12500,1134,13634,0.00804302,0.172075,-0.985051,0
5351,4187,25,512,0,1019,278,11372,1732,13104,0.015884,0.186495,-0.982328,0
5235,3912,25,517,0,969,272,10930,1627,12557,0.0109791,0.17632,-0.984272,0
5177,3845,25,496,0,959,264,10766,1564,12330,0.00029,0.168017,-0.985784,0
5882,3932,43,462,0,949,263,11531,1629,13160,-0.0115695,0.151245,-0.988429,0
3604,2698,18,315,0,657,199,7491,1238,8729,-0.00719029,0.134679,-0.990863,0
4780,3314,23,394,0,825,245,9581,1847,11428,0.0024533,0.1267,-0.991938,0
5676,3910,28,494,0,982,268,11358,2300,13658,0.00377794,0.182451,-0.983208,0
3978,2234,15,232,0,486,132,7077,1223,8300,0.00640736,0.165388,-0.986208,0
5772,3393,28,415,0,859,231,10698,2271,12969,0.00971903,0.145616,-0.989294,0
5749,2917,31,363,0,766,205,10031,2169,12200,0.00972686,0.146983,-0.989091,0
5618,2538,28,322,0,661,182,9349,2316,11665,0.00914667,0.140471,-0.990043,0
5568,2254,41,291,0,641,168,8963,2049,11012,0.00411731,0.138117,-0.990407,0
5491,2039,26,280,0,536,149,8521,1994,10515,0.00348316,0.134719,-0.990878,0
5575,1827,26,248,0,517,142,8335,1956,10291,0.00498113,0.134896,-0.990847,0
5500,1733,30,265,0,485,150,8163,1985,10148,0.0097134,0.134104,-0.99092,0
5503,1834,28,261,0,500,138,8264,2091,10355,0.00472421,0.144096,-0.989553,0
5588,2104,28,278,0,652,160,8810,2189,10999,0.00999661,0.143152,-0.98965,0
5277,2154,24,281,0,564,157,8457,1783,10240,0.0177202,0.134056,-0.990815,0
5733,2544,29,333,0,676,185,9500,1648,11148,0.0260118,0.0980831,-0.994838,0
5964,2719,43,414,0,720,201,10061,1650,11711,0.0367651,0.0631941,-0.997324,0
4103,2026,20,253,0,572,146,7120,1257,8377,0.0377668,0.0524235,-0.997911,0
5915,3197,38,543,0,823,223,10739,1790,12529,0.0386214,0.0452307,-0.99823,0
6072,3281,30,454,0,838,228,10903,1814,12717,0.0297582,0.0616203,-0.997656,0
6019,3308,29,412,0,822,247,10837,1412,12249,0.0202984,0.118026,-0.992803,0
5832,2364,21,292,0,613,163,9285,695,9980,0.0191539,0.0620643,-0.997889,0
2472,1457,11,154,0,310,86,4490,557,5047,0.0399508,0.0277617,-0.998816,0
5857,3643,27,437,0,926,252,11142,1642,12784,0.0421078,0.0833198,-0.995633,0
3162,1595,13,187,0,378,105,5440,732,6172,0.0387507,0.0527832,-0.997854,0
6330,3570,30,430,0,870,261,11491,1698,13189,0.0421444,0.052837,-0.997713,0
5767,3491,31,473,0,856,238,10856,1701,12557,0.041112,0.0528417,-0.997756,0
4650,2623,35,314,0,633,160,8415,1181,9596,0.0526696,0.0308129,-0.998137,0
5965,3632,30,409,0,839,269,11144,2206,13350,0.0498425,0.0758999,-0.995869,0
6117,3360,31,401,0,837,228,10974,1895,12869,0.0576526,0.0726036,-0.995693,0
4164,2370,20,270,0,578,154,7556,1483,9039,0.0581682,0.0709401,-0.995783,0
4363,2473,20,298,0,594,158,7906,1517,9423,0.0502606,0.0735634,-0.996023,0
6218,3405,26,398,0,870,227,11144,2360,13504,0.0457622,0.0922583,-0.994683,0
6258,3466,29,409,0,898,232,11292,2338,13630,0.0453239,0.0871886,-0.99516,0
4323,2609,19,296,0,664,171,8082,2215,10297,0.0224571,0.0809734,-0.996463,0
6359,3929,27,459,0,1019,260,12053,3276,15329,0.00679001,0.102545,-0.994705,0
6405,4062,28,473,0,1070,282,12320,4114,16434,0.010318,0.177335,-0.984096,0
3537,2151,12,208,0,488,122,6518,1966,8484,0.00982881,0.12592,-0.991992,0
2231,1485,10,185,0,391,103,4405,1848,6253,0.0130372,0.0708888,-0.997399,0
2141,1372,11,165,0,361,96,4146,1909,6055,0.0133848,0.0550715,-0.998393,0
6303,3826,28,458,0,991,276,11882,5403,17285,-0.00498775,0.107288,-0.994215,0
4327,2512,20,297,0,677,190,8023,3041,11064,-0.0125838,0.143466,-0.989575,0
6298,3566,32,445,0,916,280,11537,4136,15673,-0.0231752,0.157532,-0.987242,0
4271,2397,21,295,0,597,188,7769,2562,10331,-0.0327967,0.159487,-0.986655,0
6089,3442,42,411,0,881,231,11096,3464,14560,-0.0367534,0.149736,-0.988043,0
6159,3438,30,414,0,859,232,11132,2648,13780,-0.0317218,0.177539,-0.983602,0
4245,2404,21,287,0,605,169,7731,2153,9884,-0.0398022,0.141411,-0.989151,0
6478,3244,29,412,0,853,228,11244,2914,14158,-0.0231761,0.164037,-0.986182,0
5990,3224,28,391,0,840,226,10699,2868,13567,-0.0204931,0.145885,-0.989089,0
5843,3255,25,392,0,834,228,10577,2738,13315,-0.0190744,0.182514,-0.983018,0
5814,3162,26,407,0,855,231,10495,2591,13086,-0.00645592,0.190659,-0.981635,0
5827,3303,25,403,0,854,233,10645,2425,13070,-0.00545277,0.191408,-0.981496,0
4132,2411,28,295,0,622,170,7658,1591,9249,0.00351378,0.207326,-0.978266,0
5870,3760,27,459,0,949,261,11326,2463,13789,0.011118,0.223297,-0.974687,0
6073,4106,19,337,0,713,214,11462,1697,13159,0.006588,0.234492,-0.972096,0
3829,2789,17,334,0,714,193,7876,1480,9356,0.00051032,0.244327,-0.969693,0
5970,4576,26,541,0,1202,334,12649,2354,15003,-0.00673933,0.246245,-0.969184,0
6001,4443,35,543,0,1130,306,12458,2256,14714,-0.00466776,0.217858,-0.97597,0
4027,3032,19,387,0,758,207,8430,1720,10150,-0.00675901,0.188755,-0.982001,0
5761,4271,28,514,0,1069,318,11961,2501,14462,-0.00282743,0.173728,-0.98479,0
5737,4283,27,520,0,1079,288,11934,2047,13981,-0.00404852,0.160551,-0.987019,0
5177,3786,23,439,0,952,254,10631,2129,12760,-0.00523024,0.15427,-0.988015,0
5822,4112,45,494,0,1041,281,11795,2523,14318,-0.00717541,0.149594,-0.988722,0
5139,3633,27,427,0,911,243,10380,2278,12658,-0.00966643,0.141491,-0.989893,0
5644,3966,27,474,0,1010,267,11388,2654,14042,-0.00820256,0.137033,-0.990533,0
5781,3884,29,470,0,760,186,11110,1878,12988,-0.00397458,0.134797,-0.990865,0
5273,3887,29,464,0,1011,266,10930,2620,13550,0.000147051,0.133125,-0.991099,0
6395,3816,29,470,0,977,288,11975,2556,14531,-0.000163397,0.133348,-0.991069,0
5695,3724,27,445,0,746,176,10813,1748,12561,-0.00133316,0.129782,-0.991542,0
4443,2494,19,305,0,653,190,8104,1833,9937,-0.00483645,0.120913,-0.992651,0
5680,3679,27,439,0,937,247,11009,2633,13642,-0.0110383,0.109873,-0.993885,0
2973,2007,16,232,0,487,131,5846,1258,7104,-0.0110971,0.102438,-0.994677,0
5678,3604,29,460,0,928,256,10955,2485,13440,-0.00906661,0.0954475,-0.995393,0
5704,3655,28,453,0,786,172,10798,1837,12635,-0.00659109,0.0952139,-0.995435,0
3856,2537,19,308,0,649,198,7567,1783,9350,-0.0053543,0.0998712,-0.994986,0
5644,3669,27,445,0,961,255,11001,2665,13666,-0.00719132,0.106013,-0.994339,0
5804,3733,29,459,0,948,267,11240,2154,13394,-0.00675393,0.110104,-0.993897,0
3913,2542,19,305,0,671,181,7631,1868,9499,-0.00454791,0.108251,-0.994113,0
5871,3670,26,456,0,947,252,11222,2722,13944,-0.0030395,0.105824,-0.99438,0
3976,2516,22,359,0,667,180,7720,1800,9520,-0.0042963,0.103618,-0.994608,0
5686,3637,27,441,0,938,250,10979,2861,13840,-0.00680174,0.100032,-0.994961,0
3924,1893,14,232,0,497,132,6692,1438,8130,-0.00776586,0.101662,-0.994789,0
2512,1544,13,192,0,404,107,4772,1198,5970,-0.0072374,0.103791,-0.994573,0
5719,3578,32,531,0,937,254,11051,2695,13746,-0.00668805,0.108038,-0.994124,0
5739,3990,29,443,0,939,250,11390,2485,13875,-0.00598861,0.10737,-0.994201,0
3002,1998,15,230,0,495,131,5871,1479,7350,-0.00695751,0.106077,-0.994334,0
5779,3575,26,436,0,976,248,11040,2700,13740,-0.00851351,0.105513,-0.994382,0
5720,3553,28,435,0,941,250,10927,2666,13593,-0.00773178,0.105517,-0.994387,0
5918,3569,27,439,0,934,249,11136,2412,13548,-0.00872279,0.105487,-0.994382,0
5767,3652,28,434,0,959,251,11091,2648,13739,-0.00950998,0.106888,-0.994226,0
5743,3549,28,463,0,850,172,10805,1841,12646,-0.00957112,0.10786,-0.99412,0
3964,2483,20,302,0,648,177,7594,1813,9407,-0.0094767,0.109791,-0.99391,0
5684,3538,27,432,0,933,243,10857,2700,13557,-0.0100444,0.112833,-0.993563,0
5866,3543,27,469,0,944,251,11100,2628,13728,-0.0118831,0.114591,-0.993342,0
3985,2380,19,294,0,642,167,7487,1712,9199,-0.0122271,0.114271,-0.993374,0
5834,3481,27,471,0,936,240,10989,2640,13629,-0.0116551,0.115018,-0.993295,0
5842,3476,28,467,0,911,247,10971,2649,13620,-0.00898373,0.116482,-0.993152,0
5106,3126,25,383,0,810,213,9663,2378,12041,-0.00754119,0.119715,-0.99278,0
5697,3413,28,421,0,897,258,10714,2619,13333,-0.00684042,0.122326,-0.992466,0
5765,3906,30,416,0,950,240,11307,2598,13905,-0.00786194,0.123126,-0.99236,0
3961,2344,28,287,0,617,161,7398,1822,9220,-0.00975235,0.118321,-0.992928,0
5716,3360,29,414,0,884,247,10650,2619,13269,-0.00900539,0.114917,-0.993334,0
5742,3402,29,421,0,881,237,10712,2652,13364,-0.00562048,0.110065,-0.993909,0
5942,3443,28,410,0,878,230,10931,2552,13483,-0.00550329,0.108123,-0.994122,0
3974,2397,19,303,0,631,160,7484,1765,9249,-0.00679777,0.105775,-0.994367,0
5260,3124,24,375,0,882,232,9897,2350,12247,-0.00956798,0.104122,-0.994519,0
6126,3122,25,368,0,819,228,10688,2154,12842,-0.0110307,0.103316,-0.994587,0
3700,2240,18,281,0,596,151,6986,1702,8688,-0.0110086,0.101158,-0.99481,0
5688,3428,28,414,0,907,237,10702,2470,13172,-0.0109236,0.101257,-0.9948,0
5671,3334,29,433,0,891,235,10593,2538,13131,-0.0107798,0.100224,-0.994907,0
3936,2334,19,287,0,629,166,7371,1765,9136,-0.0101023,0.100302,-0.994906,0
5211,3070,26,385,0,807,215,9714,2540,12254,-0.00869764,0.102159,-0.99473,0
5657,3435,28,415,0,970,254,10759,2606,13365,-0.00965782,0.102572,-0.994679,0
5948,3057,26,377,0,879,217,10504,2380,12884,-0.0104285,0.104673,-0.994452,0
5058,3069,23,375,0,818,223,9566,2404,11970,-0.00988289,0.105198,-0.994402,0
5769,3490,28,422,0,948,289,10946,2712,13658,-0.00974789,0.105461,-0.994376,0
5561,3408,27,422,0,908,239,10565,2779,13344,-0.00896029,0.107634,-0.99415,0
4385,2433,19,293,0,631,177,7938,1897,9835,-0.00844151,0.108252,-0.994088,0
5854,3394,24,379,0,934,245,10830,2616,13446,-0.00810973,0.110189,-0.993877,0
5730,3460,26,450,0,931,244,10841,2643,13484,-0.00877465,0.110252,-0.993865,0
5677,3454,27,425,0,907,240,10730,2702,13432,-0.00860298,0.111071,-0.993775,0
5770,3483,36,427,0,1023,245,10984,2984,13968,-0.00806115,0.109773,-0.993924,0
4465,2472,19,330,0,632,170,8088,1844,9932,-0.00694595,0.111625,-0.993726,0
5860,3490,27,429,0,918,261,10985,2990,13975,-0.00811787,0.111747,-0.993704,0
4198,2416,21,295,0,640,179,7749,1830,9579,-0.0103362,0.111545,-0.993706,0
6030,3554,31,429,0,909,240,11193,2685,13878,-0.0119854,0.111542,-0.993687,0
5702,3462,28,421,0,905,240,10758,2153,12911,-0.0108201,0.112488,-0.993594,0
5272,3184,26,387,0,820,222,9911,2333,12244,-0.0106006,0.112469,-0.993599,0
5774,3488,29,454,0,929,243,10917,2580,13497,-0.0106536,0.113116,-0.993525,0
5715,3496,29,446,0,992,245,10923,2623,13546,-0.00996514,0.114296,-0.993397,0
6539,3465,30,418,0,902,246,11600,2079,13679,-0.0104017,0.115292,-0.993277,0
3891,2398,19,286,0,627,163,7384,1864,9248,-0.0108881,0.115721,-0.993222,0
5733,3410,29,419,0,985,244,10820,2564,13384,-0.0106028,0.115917,-0.993202,0
5637,3521,30,422,0,926,240,10776,1992,12768,-0.00968778,0.114674,-0.993356,0
3611,2236,18,265,0,575,149,6854,1621,8475,-0.0102351,0.114484,-0.993373,0
5852,3486,27,420,0,888,236,10909,2592,13501,-0.00754244,0.111947,-0.993686,0
5657,3424,29,415,0,909,258,10692,2574,13266,-0.0089352,0.114998,-0.993326,0
4091,3006,29,304,0,615,162,8207,1854,10061,-0.00973143,0.117668,-0.993006,1
5686,3350,28,408,0,889,232,10593,2637,13230,-0.00653099,0.117847,-0.99301,1
5690,3486,30,418,0,879,232,10735,2287,13022,-0.00926083,0.11563,-0.993249,1
5752,3343,30,416,0,872,232,10645,2146,12791,-0.0148555,0.112594,-0.99353,1
4374,2351,43,282,0,598,156,7804,1364,9168,-0.0176955,0.110169,-0.993755,1
5979,3534,27,422,0,863,226,11051,1847,12898,-0.0156552,0.111526,-0.993638,1
3696,1734,14,210,0,454,118,6226,901,7127,-0.0101208,0.111444,-0.993719,1
2387,1660,13,171,0,367,95,4693,908,5601,-0.00804867,0.112941,-0.993569,1
5766,3322,29,398,0,854,251,10620,2532,13152,-0.00754327,0.116143,-0.993204,1
5657,3299,28,401,0,937,232,10554,2140,12694,-0.00813754,0.117521,-0.993037,1
3924,2640,23,400,0,723,163,7873,1526,9399,-0.00965391,0.117169,-0.993065,1
3966,2224,18,268,0,582,154,7212,1508,8720,-0.012094,0.117204,-0.993034,1
5089,2941,26,354,0,782,219,9411,1772,11183,-0.0124458,0.11745,-0.993001,1
5044,2880,40,356,0,772,196,9288,1588,10876,-0.00912068,0.115138,-0.993308,1
4809,2618,22,317,0,691,182,8639,1844,10483,-0.00620612,0.113173,-0.993556,1
6640,3248,30,392,0,854,221,11385,1980,13365,-0.00468238,0.114811,-0.993376,1
3887,2190,46,265,0,589,153,7130,1376,8506,-0.00480354,0.11598,-0.99324,1
6240,3262,30,395,0,888,218,11033,1935,12968,-0.00422432,0.119237,-0.992857,1
5667,3328,27,397,0,833,227,10479,1951,12430,-0.00438705,0.120788,-0.992669,1
5057,2822,24,359,0,748,198,9208,1813,11021,-0.00493857,0.12108,-0.992631,1
6498,3183,28,390,0,863,251,11213,2442,13655,-0.00715337,0.122075,-0.992495,1
3957,2170,19,265,0,603,150,7164,1428,8592,-0.00680344,0.122437,-0.992453,1
5629,3233,28,386,0,836,217,10329,2130,12459,-0.00677704,0.127407,-0.991827,1
5608,3085,28,385,0,813,214,10133,1600,11733,-0.00464388,0.131901,-0.991252,1
5075,2749,25,339,0,743,193,9124,1875,10999,-0.00169694,0.128813,-0.991667,1
5774,3093,33,375,0,819,212,10306,2150,12456,0.00180126,0.12663,-0.991948,1
5792,3171,31,395,0,813,229,10431,1955,12386,0.0024422,0.124438,-0.992224,1
3974,2075,19,253,0,567,146,7034,1359,8393,0.00126948,0.124304,-0.992243,1
5733,2999,29,460,0,801,253,10275,2033,12308,0.000705746,0.127336,-0.991859,1
5870,3031,28,367,0,835,212,10343,2135,12478,0.00120021,0.128409,-0.991721,1
3922,2093,21,248,0,549,142,6975,1560,8535,0.00264891,0.13032,-0.991468,1
5934,2920,29,449,0,788,206,10326,2230,12556,0.00712742,0.14181,-0.989868,1
5697,2950,30,356,0,792,201,10026,2208,12234,0.00646591,0.144211,-0.989526,1
3900,1994,21,239,0,535,135,6824,1744,8568,0.00219999,0.134393,-0.990926,1
5851,2863,32,350,0,762,201,10059,2636,12695,0.00291255,0.106169,-0.994344,1
5871,2850,29,354,0,788,198,10090,2566,12656,0.00407386,0.0991162,-0.995068,1
5740,2863,31,373,0,819,199,10025,1360,11385,0.00259474,0.117273,-0.993096,1
5819,2835,31,362,0,778,198,10023,2502,12525,0.00728188,0.128067,-0.991739,1
5817,2911,32,351,0,829,210,10150,2779,12929,0.0089978,0.132147,-0.991189,1
5811,2826,44,343,0,765,191,9980,3116,13096,0.00439974,0.148709,-0.988871,1
5872,2776,39,368,0,678,132,9865,2383,12248,0.00576497,0.162534,-0.986686,1
3048,1385,17,171,0,382,96,5099,1924,7023,0.0069089,0.163701,-0.986486,1
6699,2585,32,400,0,755,191,10662,3709,14371,0.0110397,0.173827,-0.984714,1
5732,2670,31,328,0,734,186,9681,3341,13022,0.0242907,0.216515,-0.975977,1
3582,1479,17,180,0,416,110,5784,1513,7297,0.0184124,0.186027,-0.982372,1
5925,3153,33,375,0,871,213,10570,2798,13368,0.00811327,0.160161,-0.987057,1
5958,3185,31,380,0,878,219,10651,2940,13591,-0.00361955,0.157091,-0.987578,1
4186,2239,25,271,0,591,160,7472,2034,9506,0.000241638,0.141629,-0.98992,1
6050,3297,32,399,0,905,230,10913,3004,13917,0.0052568,0.140539,-0.990061,1
4273,2449,24,291,0,637,160,7834,2001,9835,0.0112366,0.131484,-0.991255,1
5954,3827,37,608,0,970,252,11648,2980,14628,0.0221235,0.145651,-0.989089,1
6084,3840,32,458,0,1047,269,11730,2291,14021,0.0276433,0.144147,-0.98917,1
5427,3615,27,469,0,917,252,10707,2331,13038,0.0241591,0.135796,-0.990442,1
4875,2558,19,312,0,617,139,8520,1088,9608,0.0238295,0.141451,-0.989658,1
4681,2963,23,371,0,777,233,9048,1577,10625,0.018148,0.120941,-0.992494,1
6021,4023,30,500,0,911,188,11673,1474,13147,0.0126751,0.143115,-0.989625,1
3967,2765,20,313,0,706,180,7951,1421,9372,0.00429445,0.125274,-0.992113,1
3984,2720,20,305,0,645,173,7847,1335,9182,0.00454917,0.119951,-0.992769,1
4021,2572,20,299,0,631,170,7713,1223,8936,0.00244782,0.107918,-0.994157,1
5833,3682,29,457,0,924,274,11199,1772,12971,-0.00811427,0.125892,-0.992011,1
5903,3769,28,431,0,858,180,11169,1288,12457,-0.000176658,0.120476,-0.992716,1
3244,1914,14,227,0,524,146,6069,1010,7079,0.0116297,0.104731,-0.994433,1
6827,3599,27,421,0,954,259,12087,2069,14156,0.025443,0.130963,-0.991061,1
5893,3458,39,444,0,612,165,10611,1374,11985,0.0205613,0.111292,-0.993575,1
3109,1683,14,209,0,479,120,5614,1002,6616,0.0105823,0.110003,-0.993875,1
5832,3758,30,403,0,759,235,11017,1862,12879,0.00533393,0.129977,-0.991503,1
5905,2449,27,306,0,670,175,9532,1369,10901,0.0155044,0.143746,-0.989493,1
3791,1214,27,162,0,390,92,5676,1285,6961,0.0307778,0.153311,-0.987699,1
5508,1424,28,201,0,420,112,7693,1936,9629,0.0354711,0.183253,-0.982426,1
5346,1449,27,196,0,401,105,7524,1948,9472,0.0344456,0.172082,-0.98448,1
5302,1571,31,276,0,527,169,7876,2063,9939,0.0254849,0.173428,-0.984517,1
5500,1951,30,310,0,527,144,8462,1590,10052,0.0297225,0.155768,-0.987346,1
5766,2706,28,329,0,619,171,9619,1839,11458,0.0283029,0.187573,-0.981843,1
5826,2714,29,339,0,688,184,9780,1655,11435,0.0160167,0.252664,-0.967422,1
5783,2829,30,356,0,782,205,9985,1715,11700,0.0140891,0.367664,-0.929852,1
5753,2969,31,369,0,788,213,10123,1356,11479,0.00311428,0.500758,-0.865582,1
5726,3124,32,377,0,775,211,10245,1068,11313,-0.00420006,0.591695,-0.806151,1
3977,2083,21,262,0,572,154,7069,665,7734,-0.0140636,0.654856,-0.755623,1
5764,3028,31,374,0,782,208,10187,-1000,-1000,-1,-1,-1,1
5763,2884,41,370,0,767,205,10030,2031,12061,0.00893955,0.0298022,-0.999516,1
5822,2922,31,359,0,742,207,10083,1267,11350,0.0113709,0.00449952,-0.999925,1
4413,1824,20,244,0,486,127,7114,1584,8698,0.00186483,0.0107484,-0.999941,1
5700,2473,28,314,0,995,237,9747,1869,11616,-0.00640425,0.0299035,-0.999532,1
5692,2418,25,327,0,700,175,9337,1355,10692,0.0204768,0.0471407,-0.998678,1
6184,2329,27,292,0,682,168,9682,1506,11188,0.0586144,0.0744588,-0.9955,1
5814,2384,26,285,0,636,160,9305,1691,10996,0.0828916,0.0972086,-0.991806,1
5904,2419,26,288,0,762,163,9562,1950,11512,0.0738224,0.111765,-0.990989,1
4077,1692,18,207,0,490,118,6602,1430,8032,0.0812742,0.113375,-0.990222,1
5960,2732,28,325,0,747,201,9993,2308,12301,0.0830995,0.154413,-0.984506,1
6186,3015,26,349,0,836,203,10615,2229,12844,0.0810985,0.179101,-0.980483,1
6061,3071,28,360,0,814,203,10537,2191,12728,0.0527761,0.228819,-0.972037,1
4412,2093,18,252,0,582,144,7501,1228,8729,0.0235483,0.286863,-0.957682,1
5988,2976,29,367,0,1092,280,10732,2161,12893,-0.00417766,0.388204,-0.921564,1
6128,2968,28,361,0,808,206,10499,2031,12530,0.00377599,0.469406,-0.882975,1
5958,3022,54,359,0,773,201,10367,1905,12272,0.017392,0.541831,-0.840308,1
5923,2818,30,347,0,817,200,10135,1632,11767,0.0502779,0.658879,-0.750567,1
4161,1792,20,231,0,492,127,6823,-1000,-1000,-1,-1,-1,1
5858,2496,30,307,0,655,170,9516,1860,11376,-0.0197765,-0.0387095,-0.999055,1
6283,2517,29,320,0,679,177,10005,1500,11505,-0.036466,-0.0352539,-0.998713,1
4035,1692,20,231,0,463,120,6561,1137,7698,-0.0468024,-0.0561704,-0.997324,1
5708,2335,27,313,0,623,190,9196,1812,11008,-0.0635209,-0.0467338,-0.996886,1
5746,2304,26,324,0,620,182,9202,1672,10874,-0.0559955,-0.0192201,-0.998246,1
5811,2328,27,316,0,626,168,9276,1802,11078,-0.0325515,0.0225923,-0.999215,1
5743,2408,25,337,0,669,179,9361,1930,11291,-0.0127586,0.0767052,-0.996972,1
5795,2680,26,348,0,768,203,9820,1808,11628,-0.0109606,0.074336,-0.997173,1
3976,2032,17,252,0,541,143,6961,1282,8243,-0.0164663,0.0368199,-0.999186,1
5738,3134,25,393,0,866,250,10406,1815,12221,-0.0199867,0.0278771,-0.999411,1
5658,3210,26,427,0,831,229,10381,1457,11838,-0.015631,0.00269427,-0.999874,1
5718,3278,24,389,0,858,183,10450,917,11367,-0.0196784,0.0176992,-0.99965,1
4022,2136,35,271,0,585,172,7221,935,8156,-0.018825,0.0270872,-0.999456,1
5561,3223,26,390,0,858,222,10280,1554,11834,-0.017603,0.0382802,-0.999112,1
4008,2087,17,292,0,569,154,7127,1210,8337,-0.0162728,0.0405721,-0.999044,1
5552,2946,26,362,0,825,224,9935,1902,11837,-0.0257843,0.0674787,-0.997388,1
5740,2616,25,401,0,637,136,9555,1365,10920,-0.0415267,0.0781571,-0.996076,1
3848,1801,19,224,0,480,126,6498,1831,8329,-0.0394861,0.0751895,-0.996387,1
5775,2547,31,370,0,685,178,9586,3671,13257,-0.0209724,0.108925,-0.993829,1
5961,2534,35,216,0,483,122,9351,3156,12507,0.00227893,0.140163,-0.990126,1
5883,2385,29,289,0,664,165,9415,4618,14033,0.0125718,0.159847,-0.987062,1
3936,1641,22,199,0,448,111,6357,2473,8830,0.00309857,0.137303,-0.990524,1
4030,1815,21,224,0,479,124,6693,2372,9065,-0.0128579,0.129675,-0.991473,1
4065,1842,21,230,0,577,133,6868,2390,9258,-0.0172081,0.106459,-0.994169,1
5927,2939,32,394,0,790,198,10280,2516,12796,-0.0210195,0.130723,-0.991196,1
4093,2030,21,272,0,543,140,7099,1447,8546,-0.0129843,0.124209,-0.992171,1
5302,2832,27,364,0,747,215,9487,1281,10768,-0.0063987,0.128361,-0.991707,1
5080,2890,25,336,0,791,198,9320,920,10240,-0.0664455,0.21402,-0.974567,1
5692,3365,37,372,0,796,246,10508,644,11152,-0.0145444,0.263246,-0.964619,1
5718,2561,19,251,0,637,143,9329,410,9739,0.00412297,0.139316,-0.990239,1
2805,1287,21,155,0,325,86,4679,414,5093,0.0137,0.0336188,-0.999341,1
1859,1042,11,127,0,265,78,3382,402,3784,-0.0101465,0.0325755,-0.999418,1
5849,2991,29,402,0,841,211,10323,1260,11583,-0.0322032,0.0666212,-0.997259,1
5823,2989,36,383,0,569,145,9945,907,10852,-0.026588,0.0731196,-0.996969,1
2968,1660,14,187,0,403,106,5338,708,6046,-0.0223787,0.0309568,-0.99927,1
5652,2646,34,369,0,665,191,9557,1451,11008,-0.0333967,0.0562562,-0.997858,1
8580,2584,26,313,0,621,172,12296,1389,13685,-0.0287144,0.0578425,-0.997913,1
2313,825,12,110,0,231,62,3553,688,4241,-0.0356142,0.0576972,-0.997699,1
5769,1747,27,232,0,530,134,8439,1585,10024,-0.0399078,0.0634104,-0.997189,1
5540,1530,28,246,0,434,122,7900,1645,9545,-0.0310824,0.045022,-0.998502,1
5509,1466,28,209,0,488,117,7817,1779,9596,-0.0168242,0.015777,-0.999734,1
5351,1590,28,228,0,486,137,7820,1874,9694,-0.0138516,-0.00806859,-0.999872,1
5461,1946,29,266,0,548,148,8398,1772,10170,-0.00342164,-0.0112376,-0.999931,1
5839,2363,29,305,0,632,199,9367,1554,10921,-0.0179303,-0.00697707,-0.999815,1
6005,2537,31,362,0,691,229,9855,1500,11355,-0.0515836,0.0168847,-0.998526,1
4020,1984,23,245,0,495,137,6904,1233,8137,-0.0628995,0.00477442,-0.998009,1
5662,3142,42,499,0,909,247,10501,1471,11972,-0.0698152,0.0252798,-0.99724,1
5787,2831,32,368,0,769,207,9994,1515,11509,-0.0713599,0.00661784,-0.997429,1
4032,2045,22,252,0,518,167,7036,1328,8364,-0.065926,0.0187541,-0.997648,1
5765,2851,31,342,0,771,199,9959,2078,12037,-0.0616733,0.0241804,-0.997803,1
5796,2642,29,326,0,700,180,9673,1805,11478,-0.083981,0.0947038,-0.991957,1
5680,2521,30,310,0,796,180,9517,1272,10789,-0.10269,0.156179,-0.982376,1
5985,2386,28,292,0,715,176,9582,957,10539,-0.113322,0.251358,-0.961238,1
5889,2327,27,290,0,715,188,9436,904,10340,-0.121333,0.31402,-0.941632,1
5829,2161,28,275,0,618,152,9063,936,9999,-0.134161,0.411766,-0.90136,1
5802,2124,25,275,0,639,152,9017,914,9931,-0.127514,0.436635,-0.890556,1
5774,2206,24,311,0,647,163,9125,874,9999,-0.111917,0.484624,-0.867534,1
5853,2236,25,293,0,652,159,9218,882,10100,-0.0851457,0.537024,-0.839259,1
5835,2326,27,290,0,676,162,9316,1064,10380,-0.0574302,0.574582,-0.81643,1
5723,2329,26,288,0,650,159,9175,928,10103,-0.03294,0.613057,-0.789352,1
5810,2113,26,279,0,620,156,9004,-1000,-1000,-1,-1,-1,1
5872,1926,20,207,0,440,114,8579,3171,11750,-0.0294665,0.0655758,-0.997413,1
2512,822,12,107,0,233,65,3751,1378,5129,-0.0281739,0.034969,-0.998991,1
2238,714,11,95,0,199,52,3309,965,4274,-0.0425875,0.0467215,-0.998,1
5640,1659,31,220,0,484,125,8159,2070,10229,-0.0550287,0.0935808,-0.99409,1
5555,1445,30,231,0,529,125,7915,1943,9858,-0.0525291,0.0725237,-0.995983,1
5658,1392,30,184,0,415,104,7783,1221,9004,-0.0531737,0.0710293,-0.996056,1
3865,978,19,132,0,296,74,5364,1186,6550,-0.0512534,0.0488902,-0.997488,1
5637,1828,31,232,0,455,130,8313,1377,9690,-0.0597541,0.139485,-0.98842,1
5382,1700,27,241,0,491,163,8004,1239,9243,-0.0600183,0.198731,-0.978215,1
6592,1486,21,182,0,349,95,8725,715,9440,-0.0500224,0.204498,-0.977588,1
4978,1866,22,243,0,504,137,7750,874,8624,-0.0291735,0.23734,-0.970989,1
5617,2304,23,299,0,622,222,9087,932,10019,-0.0347186,0.208641,-0.977376,1
5732,2876,30,559,0,1034,240,10471,1254,11725,-0.0298731,0.149055,-0.988378,1
5680,2934,25,362,0,736,203,9940,1033,10973,-0.026715,0.136228,-0.990317,1
3877,1987,16,259,0,549,148,6836,722,7558,-0.0189402,0.139573,-0.99003,1
5298,2891,25,360,0,801,210,9585,1034,10619,-0.012296,0.14114,-0.989913,1
5554,2819,25,391,0,827,207,9823,1124,10947,-0.0102617,0.140166,-0.990075,1
5298,2747,25,343,0,798,201,9412,1114,10526,-0.0176693,0.114407,-0.993277,1
5318,2514,24,329,0,786,190,9161,1113,10274,-0.01113,0.125782,-0.991996,1
5288,2292,25,304,0,719,199,8827,979,9806,-0.0101312,0.104412,-0.994482,1
3712,1468,19,194,0,439,130,5962,1356,7318,-0.0167813,0.0945616,-0.995378,1
5677,1968,29,268,0,702,160,8804,3012,11816,-0.0271356,0.0754655,-0.996779,1
5931,1991,28,295,0,439,103,8787,2329,11116,-0.0421819,0.0830794,-0.99565,1
3294,965,15,126,0,283,70,4753,1434,6187,-0.0319646,0.0594893,-0.997717,1
5385,1623,27,210,0,465,126,7836,2604,10440,-0.0305353,0.057525,-0.997877,1
5814,1981,29,257,0,616,142,8839,2213,11052,-0.0463787,0.0927668,-0.994607,1
6086,1953,30,300,0,651,176,9196,2385,11581,-0.0380199,0.0818165,-0.995922,1
3960,1331,21,175,0,412,99,5998,1261,7259,-0.0371885,0.055287,-0.997778,1
5402,1672,27,226,0,515,126,7968,900,8868,-0.0313749,0.0799785,-0.996303,1
5474,1900,29,249,0,568,142,8362,932,9294,-0.0377201,0.112273,-0.992961,1
5521,1869,28,237,0,502,130,8287,918,9205,-0.0234973,0.157098,-0.987303,1
5099,1775,26,235,0,528,133,7796,868,8664,-0.00579225,0.203921,-0.97897,1
5004,1931,26,248,0,529,140,7878,919,8797,0.00467885,0.278472,-0.960433,1
5194,2605,28,271,0,591,153,8842,965,9807,0.00593509,0.21559,-0.976466,1
6144,2224,26,294,0,624,204,9516,902,10418,0.014786,0.241632,-0.970255,1
3977,1632,17,236,0,441,121,6424,520,6944,0.0117641,0.115949,-0.993186,1
2663,1327,12,174,0,359,97,4632,594,5226,0.0108572,0.0435309,-0.998993,1
5175,2623,25,364,0,685,184,9056,949,10005,-0.00273,0.0547464,-0.998497,1
5169,2398,29,316,0,628,170,8710,602,9312,-0.0386865,0.0401453,-0.998445,1
5262,2146,29,306,0,580,155,8478,554,9032,-0.0687402,0.049854,-0.996388,1
5231,1791,27,258,0,477,130,7914,513,8427,-0.0775655,0.0739205,-0.994243,1
5278,1478,27,207,0,411,114,7515,669,8184,-0.0827221,0.13194,-0.9878,1
5327,1314,27,190,0,369,101,7328,762,8090,-0.0852998,0.19851,-0.97638,1
5189,1482,35,213,0,364,96,7379,759,8138,-0.0799171,0.225801,-0.97089,1
5145,1090,25,163,0,318,88,6829,848,7677,-0.0707765,0.233272,-0.969832,1
5291,1097,27,167,0,318,101,7001,838,7839,-0.0546462,0.212348,-0.975665,1
5283,1089,26,168,0,359,93,7018,970,7988,-0.0504984,0.214656,-0.975384,1
5626,1181,28,184,0,352,97,7468,937,8405,-0.0421681,0.246704,-0.968173,1
5371,1702,48,233,0,397,124,7875,1154,9029,-0.0182533,0.146387,-0.989059,1
5430,1615,28,229,0,452,125,7879,1023,8902,-0.00321979,0.0442085,-0.999017,1
5412,2033,35,300,0,507,143,8430,1047,9477,-0.00412483,0.0444434,-0.999003,1
5844,2049,28,282,0,555,153,8911,1249,10160,-0.00401487,0.0475394,-0.998861,1
5711,2219,29,350,0,633,171,9113,1430,10543,0.00456079,0.030211,-0.999533,1
3928,1698,20,229,0,450,124,6449,904,7353,0.00861903,0.00972492,-0.999916,1
5707,2655,29,349,0,690,189,9619,1436,11055,0.00361918,-0.00509238,-0.999981,1
5701,2721,29,372,0,732,200,9755,1504,11259,-0.000710326,0.0260925,-0.999659,1
3959,1938,19,248,0,518,163,6845,1167,8012,-0.00995751,0.0869296,-0.996165,1
5755,3128,29,367,0,774,208,10261,1334,11595,-0.0238933,0.11527,-0.993047,1
5764,2736,28,352,0,737,201,9818,1515,11333,-0.0339003,0.132174,-0.990647,1
5167,2488,26,336,0,651,175,8843,1141,9984,-0.0340501,0.124819,-0.991595,1
5783,2672,30,345,0,720,189,9739,1343,11082,-0.0265145,0.123595,-0.991979,1
5868,2471,39,320,0,686,177,9561,1199,10760,-0.0156966,0.140874,-0.989903,1
5737,2458,28,315,0,831,181,9550,1114,10664,-0.018276,0.143899,-0.989424,1
5698,2315,26,306,0,698,190,9233,1213,10446,-0.0376354,0.135274,-0.990093,1
6209,2303,27,300,0,685,169,9693,1162,10855,-0.0711381,0.153817,-0.985535,1
5656,2143,28,291,0,652,169,8939,1106,10045,-0.0767275,0.144726,-0.986493,1
3213,1117,13,150,0,335,85,4913,619,5532,-0.082537,0.132057,-0.9878,1
2413,910,11,121,0,272,68,3795,551,4346,-0.0654847,0.111151,-0.991644,1
5705,2193,26,285,0,637,160,9006,1297,10303,-0.0610492,0.110143,-0.992039,1
5757,2135,27,278,0,650,190,9037,1549,10586,-0.0652647,0.0902443,-0.993779,1
5725,2180,27,276,0,622,156,8986,1560,10546,-0.0739481,0.0791603,-0.994115,1
6019,2273,39,281,0,652,161,9425,1582,11007,-0.0578014,0.068855,-0.995951,1
5926,2552,35,411,0,770,168,9862,1915,11777,-0.0274891,0.0596753,-0.997839,1
5942,2297,27,279,0,909,165,9619,1788,11407,0.00422167,0.0440431,-0.999021,1
4793,1497,18,188,0,479,108,7083,1448,8531,0.0258529,0.0401886,-0.998857,1
4150,1460,18,222,0,468,122,6440,1537,7977,0.0371848,0.0368451,-0.998629,1
6087,2054,26,270,0,631,152,9220,2301,11521,0.0628701,0.0281779,-0.997624,1
5986,2388,27,314,0,773,188,9676,2575,12251,0.0795678,0.0167917,-0.996688,1
4027,1467,17,186,0,442,107,6246,2271,8517,0.0818187,-0.000809292,-0.996647,1
5758,2096,26,271,0,667,175,8993,3789,12782,0.076263,-0.00345434,-0.997082,1
5786,2038,45,290,0,639,157,8955,3962,12917,0.0691051,-0.00731546,-0.997583,1
3981,1408,17,183,0,466,109,6164,2964,9128,0.0557852,-0.014016,-0.998344,1
5718,2056,28,270,0,666,156,8894,4578,13472,0.0416186,-0.0118826,-0.999063,1
5808,2063,26,266,0,635,155,8953,3799,12752,0.0269774,-0.00717838,-0.999611,1
3871,1310,16,171,0,406,98,5872,3114,8986,0.0233098,-0.000410481,-0.999728,1
5957,2024,28,280,0,610,152,9051,4733,13784,0.0336998,0.0154828,-0.999312,1
5678,2020,27,256,0,598,147,8726,4312,13038,0.0419967,0.0215958,-0.998884,1
3912,1338,18,197,0,403,102,5970,2932,8902,0.0402446,0.0289733,-0.99877,1
5949,1964,23,226,0,607,147,8916,3887,12803,0.0422429,0.0592399,-0.99735,1
5208,1655,23,236,0,522,129,7773,3590,11363,0.0311974,0.0774467,-0.996508,1
5050,1689,24,219,0,494,127,7603,3040,10643,0.0188338,0.092404,-0.995543,1
5192,1675,39,276,0,491,125,7798,2640,10438,0.00534487,0.10453,-0.994508,1
5637,1656,28,227,0,504,126,8178,2882,11060,0.00442431,0.111263,-0.993781,1
5735,1601,33,220,0,474,123,8186,2596,10782,-7.8607e-05,0.102832,-0.994699,1
5728,1612,29,219,0,494,124,8206,2577,10783,0.00111212,0.0758158,-0.997121,1
3895,1051,20,144,0,308,83,5501,1883,7384,-0.00168334,0.045635,-0.998957,1
5653,1606,32,216,0,449,115,8071,2542,10613,-0.000617815,0.0354188,-0.999372,1
5658,1490,29,208,0,436,114,7935,2308,10243,0.00442175,0.0338631,-0.999417,1
5675,1517,32,212,0,431,114,7981,2151,10132,0.00695534,0.0288995,-0.999558,1
4965,1382,27,187,0,410,106,7077,1734,8811,0.0107192,-0.00159157,-0.999941,1
5554,1483,27,206,0,428,113,7811,1842,9653,-0.000144039,0.0264584,-0.99965,1
5589,1488,28,226,0,432,119,7882,1778,9660,-0.00939721,0.0409609,-0.999117,1
5693,1523,28,215,0,447,117,8023,1676,9699,-0.00146601,0.0371633,-0.999308,1
5900,1616,28,223,0,477,128,8372,1600,9972,-0.00984486,0.0459695,-0.998894,1
6531,1795,30,232,0,472,129,9189,1273,10462,-0.00274058,0.0667381,-0.997767,1
3889,1202,19,179,0,337,91,5717,917,6634,0.00179306,0.0624176,-0.998048,1
5284,1525,38,211,0,438,118,7614,1229,8843,0.012936,0.0474528,-0.99879,1
5654,1812,26,254,0,507,138,8391,1320,9711,0.0111025,0.0651501,-0.997814,1
5556,2034,24,278,0,562,153,8607,1211,9818,-0.0026971,0.193394,-0.981118,1
5208,2007,21,240,0,399,107,7982,770,8752,-0.010277,0.115354,-0.993271,1
2831,1213,36,157,0,330,88,4655,632,5287,-0.0173885,0.0641153,-0.997791,1
5025,2435,22,313,0,646,173,8614,1216,9830,-0.0348226,0.0678125,-0.99709,1
4976,2585,21,323,0,678,184,8767,1173,9940,-0.0403593,0.0979818,-0.99437,1
5702,2861,24,365,0,767,209,9928,1351,11279,-0.0457163,0.0860602,-0.99524,1
5137,2612,23,356,0,675,210,9013,1164,10177,-0.0327761,0.118661,-0.992394,1
5463,2723,23,338,0,733,199,9479,1265,10744,-0.0182916,0.145049,-0.989255,1
4891,2343,22,337,0,630,179,8402,1185,9587,-0.0114506,0.136826,-0.990529,1
4993,2079,23,276,0,577,153,8101,1242,9343,0.00280393,0.133142,-0.991093,1
4806,1891,26,251,0,530,141,7645,1384,9029,0.00795251,0.108732,-0.994039,1
4862,1832,28,234,0,503,130,7589,2124,9713,0.00682306,0.0596899,-0.998194,1
4494,1525,41,208,0,452,112,6832,2589,9421,0.0158489,0.085797,-0.996186,1
6348,1715,33,234,0,567,128,9025,2832,11857,0.0327317,0.0889205,-0.995501,1
5582,1641,32,223,0,567,128,8173,2624,10797,0.0223701,0.104249,-0.9943,1
3792,1255,20,173,0,428,93,5761,1573,7334,0.0205992,0.104705,-0.99429,1
5636,1842,31,240,0,548,133,8430,2313,10743,0.0326465,0.149306,-0.988252,1
5725,1870,30,268,0,579,142,8614,2018,10632,0.0430175,0.184031,-0.981979,1
5609,2004,32,311,0,633,172,8761,1605,10366,0.042401,0.239171,-0.970051,1
5556,2093,30,269,0,591,158,8697,1608,10305,0.0388728,0.255917,-0.965917,1
5421,2044,30,270,0,650,155,8570,1393,9963,0.0268838,0.285973,-0.957861,1
5558,2117,29,294,0,564,150,8712,1373,10085,0.0313064,0.315242,-0.948495,1
5393,1989,28,302,0,696,203,8611,1159,9770,0.0135734,0.35126,-0.93618,1
3788,1357,19,219,0,385,101,5869,821,6690,0.00682376,0.381036,-0.924535,1
5978,1962,28,265,0,558,147,8938,1103,10041,0.00482176,0.433711,-0.901039,1
5288,2382,34,331,0,477,107,8619,652,9271,0.0100116,0.469006,-0.883138,1
3655,1390,20,184,0,381,102,5732,685,6417,0.00386772,0.502916,-0.864327,1
6065,2083,28,307,0,657,189,9329,915,10244,-0.00866177,0.539021,-0.842247,1
3865,1433,20,190,0,396,105,6009,481,6490,-0.0194046,0.583039,-0.812212,1
3323,1343,18,177,0,371,100,5332,610,5942,-0.0250827,0.620884,-0.783501,1
5208,2139,27,283,0,578,152,8387,839,9226,-0.0469185,0.660724,-0.749162,1
5415,2156,30,352,0,664,164,8781,722,9503,-0.0431742,0.697343,-0.715436,1
5489,2185,46,289,0,577,155,8741,-1000,-1000,-1,-1,-1,1
4952,1868,24,246,0,516,137,7743,934,8677,-0.0125546,0.0905743,-0.995811,1
6072,1842,28,257,0,517,147,8863,1171,10034,-0.0145635,0.152739,-0.98816,1
5350,1577,44,225,0,452,125,7773,1133,8906,-0.0135099,0.138873,-0.990218,1
5506,1383,26,193,0,423,107,7638,1095,8733,-0.0240122,0.125924,-0.991749,1
5348,1158,26,182,0,345,93,7152,1080,8232,-0.0254432,0.129861,-0.991206,1
5272,1107,28,165,0,324,89,6985,1105,8090,-0.0112116,0.126138,-0.991949,1
5405,1253,26,197,0,349,115,7345,1165,8510,0.0136509,0.0771015,-0.99693,1
5399,1242,29,198,0,369,101,7338,1256,8594,0.0180297,0.00801613,-0.999805,1
5430,1420,26,220,0,394,109,7599,1268,8867,0.0103243,-0.00345596,-0.999941,1
4524,1087,19,153,0,377,86,6246,940,7186,0.00682681,0.0215696,-0.999744,1
4886,1516,26,214,0,427,119,7188,1198,8386,-0.00243842,-0.0418467,-0.999121,1
6102,2008,36,269,0,591,154,9160,1600,10760,-0.0171918,-0.081253,-0.996545,1
5680,2245,29,318,0,590,163,9025,1580,10605,-0.0197706,-0.0618968,-0.997887,1
5665,2394,29,313,0,633,188,9222,1665,10887,-0.0198646,-0.0217223,-0.999567,1
5764,2576,29,334,0,670,180,9553,1684,11237,-0.0180513,0.00742088,-0.999809,1
5878,2695,46,342,0,736,196,9893,1598,11491,-0.00717318,-0.0234791,-0.999699,1
4651,1931,20,257,0,500,139,7498,1300,8798,0.00851735,-0.0588125,-0.998233,1
5745,2995,36,559,0,1021,209,10565,1932,12497,0.0252541,-0.0568176,-0.998065,1
6066,2655,29,347,0,716,178,9991,1486,11477,0.0326286,-0.0597344,-0.997681,1
4029,1790,30,228,0,482,127,6686,1632,8318,0.0344723,-0.0662236,-0.997209,1
5820,2467,28,317,0,665,177,9474,2369,11843,0.0303022,-0.0507715,-0.99825,1
6750,2406,29,323,0,694,177,10379,2720,13099,0.0379254,-0.0392375,-0.99851,1
4013,1554,19,206,0,478,145,6415,2037,8452,0.054401,-0.0369462,-0.997836,1
5779,2208,27,307,0,644,172,9137,2775,11912,0.077915,-0.00270239,-0.996956,1
5792,2227,28,292,0,667,167,9173,2570,11743,0.0946244,0.0107378,-0.995455,1
5738,2058,25,269,0,622,155,8867,2487,11354,0.104958,0.0402936,-0.99366,1
5750,2014,28,298,0,617,147,8854,2577,11431,0.0791121,0.0754807,-0.994004,1
5600,1981,26,263,0,608,145,8623,2742,11365,0.0572308,0.106705,-0.992642,1
5687,2000,25,260,0,704,155,8831,2429,11260,0.0383259,0.1397,-0.989452,1
5805,2100,24,311,0,615,149,9004,2418,11422,0.0155185,0.185597,-0.982503,1
6021,2008,26,257,0,591,147,9050,2370,11420,-0.0176238,0.312132,-0.949876,1
5641,2009,31,260,0,409,103,8453,1442,9895,-0.0294837,0.352974,-0.935169,1
2446,808,11,105,0,238,60,3668,823,4491,-0.03542,0.333498,-0.942085,1
5770,1801,42,259,0,558,137,8567,2141,10708,-0.0400346,0.417712,-0.907697,1
5833,1712,29,263,0,523,132,8492,1979,10471,-0.0489629,0.475179,-0.878525,1
5686,1623,23,162,0,357,91,7942,1328,9270,-0.0467137,0.515129,-0.855839,1
4588,1399,23,180,0,382,101,6673,1306,7979,-0.0577402,0.555468,-0.829531,1
5466,1614,34,215,0,444,115,7888,1676,9564,-0.0716377,0.615022,-0.785249,1
5408,1468,30,206,0,427,114,7653,1802,9455,-0.0807647,0.677011,-0.731528,1
5486,1500,28,210,0,434,125,7783,-1000,-1000,-1,-1,-1,1
5619,1541,34,213,0,424,123,7954,1536,9490,-0.0458793,0.0185532,-0.998775,1
5595,1485,33,217,0,455,118,7903,1477,9380,-0.0721267,0.0303844,-0.996933,1
5441,1586,33,221,0,488,125,7894,1435,9329,-0.0722863,0.0261442,-0.997041,1
5439,1702,27,247,0,526,142,8083,1338,9421,-0.0778253,0.00861957,-0.99693,1
5520,1843,29,250,0,521,139,8302,1346,9648,-0.0552955,-0.00944979,-0.998425,1
5568,1952,28,262,0,538,154,8502,1322,9824,-0.0366248,0.0237351,-0.999047,1
5559,2090,25,282,0,585,167,8708,1190,9898,-0.0216863,0.00591403,-0.999747,1
5914,2554,27,309,0,652,174,9630,1199,10829,-0.0237542,0.0141231,-0.999618,1
5554,2462,25,325,0,668,236,9270,1460,10730,-0.0207594,0.0199335,-0.999586,1
4975,2405,21,310,0,635,175,8521,1078,9599,-0.0266954,0.0121669,-0.99957,1
5617,3271,47,419,0,738,205,10297,1254,11551,-0.0383746,0.0331235,-0.998714,1
5446,2857,25,404,0,750,207,9689,1345,11034,-0.0381328,0.0605086,-0.997439,1
5488,2987,34,560,0,1071,269,10409,1134,11543,-0.0246428,0.0507516,-0.998407,1
4794,2485,25,316,0,649,177,8446,808,9254,-0.0202521,0.0599388,-0.997997,1
6049,2583,26,339,0,691,189,9877,859,10736,-0.0664569,0.186946,-0.98012,1
4133,1665,34,220,0,453,94,6599,479,7078,-0.0602045,0.130609,-0.989604,1
2751,1143,13,154,0,328,87,4476,516,4992,-0.0522502,0.0660283,-0.996449,1
4003,1461,19,224,0,616,171,6494,993,7487,-0.0540571,0.11581,-0.991799,1
5497,1862,29,253,0,546,140,8327,2225,10552,-0.0273373,0.270445,-0.962347,1
5867,1829,62,276,0,572,138,8744,2194,10938,-0.00939138,0.256663,-0.966455,1
2960,757,19,92,0,234,61,4123,888,5011,0.00196632,0.218528,-0.975829,1
5646,1647,29,222,0,365,86,7995,1047,9042,-0.00575177,0.282901,-0.959132,1
3893,1191,20,160,0,405,88,5757,1009,6766,-0.0360072,0.347983,-0.936809,1
5574,1768,31,232,0,523,128,8256,1473,9729,-0.0296426,0.41422,-0.909694,1
6759,1689,30,229,0,513,125,9345,1360,10705,0.0280399,0.545288,-0.83778,1
5491,1692,28,251,0,507,130,8099,1574,9673,0.0474242,0.602299,-0.79686,1
2885,958,13,126,0,273,69,4324,755,5079,0.0388828,0.59342,-0.803953,1
1895,648,10,99,0,189,49,2890,563,3453,0.0332772,0.623121,-0.781417,1
5393,2023,26,264,0,564,144,8414,1748,10162,0.021591,0.700219,-0.713602,1
5265,2109,26,279,0,603,157,8439,-1000,-1000,-1,-1,-1,1
5607,2468,28,307,0,633,170,9213,1297,10510,-0.0126569,0.0662141,-0.997725,1
5391,2417,26,314,0,696,179,9023,1266,10289,-0.0133876,0.0916821,-0.995698,1
5608,2379,25,352,0,799,186,9349,1072,10421,-0.00316303,0.0777075,-0.996971,1
5669,2190,18,205,0,427,115,8624,602,9226,-0.0106007,0.134627,-0.99084,1
5484,2206,27,288,0,589,159,8753,938,9691,-0.029142,0.163213,-0.986161,1
3715,1298,15,145,0,296,80,5549,572,6121,-0.0149861,0.107731,-0.994067,1
2341,765,12,106,0,218,59,3501,440,3941,-0.00281786,0.0691211,-0.997604,1
3804,1007,16,151,0,422,85,5485,630,6115,0.00570345,0.0766487,-0.997042,1
5556,1455,24,204,0,411,110,7760,1244,9004,0.0158386,0.0306927,-0.999403,1
5424,1260,25,185,0,369,115,7378,1134,8512,0.0133308,0.0485513,-0.998732,1
5273,1151,26,170,0,345,93,7058,1173,8231,0.00667889,0.0384571,-0.999238,1
5933,1078,27,162,0,317,85,7602,1181,8783,0.00945621,0.0650138,-0.99784,1
5393,1043,30,169,0,303,83,7021,1216,8237,0.01235,0.0625846,-0.997963,1
5523,1114,37,163,0,304,83,7224,1221,8445,0.00820662,0.144397,-0.989486,1
3804,800,18,117,0,227,63,5029,761,5790,0.00940213,0.0719105,-0.997367,1
2786,719,14,112,0,202,55,3888,670,4558,0.00604266,-0.010948,-0.999922,1
5856,1646,29,238,0,508,130,8407,1315,9722,0.0131825,-0.0564987,-0.998316,1
6213,2094,31,274,0,541,150,9303,1562,10865,0.0157822,-0.0865248,-0.996125,1
4048,1754,21,218,0,426,118,6585,1148,7733,0.0236307,-0.122211,-0.992223,1
5954,2571,35,334,0,680,187,9761,1691,11452,0.00541253,-0.0283642,-0.999583,1
3944,1489,22,182,0,379,104,6120,987,7107,0.00185725,-0.0469366,-0.998896,1
2424,1142,12,128,0,265,72,4043,723,4766,0.00636567,-0.0928616,-0.995659,1
2727,1289,14,205,0,369,98,4702,1142,5844,0.0134146,-0.108207,-0.994038,1
6101,2631,30,339,0,798,198,10097,2835,12932,0.0245369,-0.0844277,-0.996128,1
5723,2487,28,326,0,730,191,9485,2212,11697,0.0389535,-0.05274,-0.997848,1
5164,2099,26,276,0,602,157,8324,2456,10780,0.0676666,-0.0251411,-0.997391,1
5860,2320,28,299,0,683,170,9360,2145,11505,0.105216,0.0238201,-0.994164,1
3967,1605,19,200,0,446,115,6352,1730,8082,0.123298,0.028026,-0.991974,1
5808,2075,27,277,0,653,161,9001,2376,11377,0.125715,0.05478,-0.990553,1
5676,2132,34,268,0,623,150,8883,2421,11304,0.101484,0.146634,-0.983972,1
5813,2031,26,257,0,606,144,8877,1827,10704,0.0974781,0.174387,-0.979841,1
2844,811,10,108,0,256,62,4091,1001,5092,0.0960748,0.151198,-0.983824,1
2012,687,10,97,0,212,50,3068,803,3871,0.101261,0.164821,-0.981112,1
5988,1881,42,243,0,574,141,8869,2165,11034,0.100127,0.224205,-0.969385,1
6006,1861,26,243,0,552,136,8824,2184,11008,0.0972968,0.273942,-0.956812,1
5731,1788,27,268,0,554,139,8507,1732,10239,0.085664,0.301961,-0.949464,1
3956,1212,18,156,0,355,88,5785,1433,7218,0.0635299,0.331213,-0.941415,1
5616,1575,26,217,0,489,133,8056,2010,10066,0.026549,0.373291,-0.927334,1
5733,1661,29,238,0,499,125,8285,1843,10128,-0.00935124,0.427954,-0.903752,1
6348,1680,30,230,0,481,126,8895,1695,10590,-0.0183061,0.471865,-0.88148,1
5627,1778,29,238,0,492,130,8294,1691,9985,-0.0181477,0.526423,-0.850029,1
5668,1858,30,261,0,488,131,8436,1668,10104,0.00075625,0.571682,-0.820475,1
5660,1769,49,242,0,481,131,8332,1644,9976,0.0228669,0.635074,-0.772113,1
5702,1683,44,238,0,492,136,8295,-1000,-1000,-1,-1,-1,1
5672,1591,19,162,0,331,89,7864,1031,8895,0.00530036,0.0509992,-0.998685,1
2399,785,16,124,0,217,56,3597,554,4151,-0.00747554,-0.0259283,-0.999636,1
3145,1031,17,136,0,281,76,4686,767,5453,-0.000206127,-0.00845956,-0.999964,1
5553,1835,28,249,0,510,139,8314,1267,9581,0.00368737,0.0647211,-0.997897,1
5873,1858,28,259,0,527,150,8695,1195,9890,0.00178458,0.107829,-0.994168,1
5669,2001,28,276,0,551,151,8676,976,9652,-0.0218722,0.166815,-0.985745,1
5587,2216,25,289,0,601,165,8883,1108,9991,-0.0522364,0.308836,-0.94968,1
3298,1245,14,163,0,389,103,5212,518,5730,-0.0443761,0.26032,-0.964502,1
2032,888,10,117,0,248,67,3362,370,3732,-0.035918,0.188685,-0.981381,1
5801,2665,25,338,0,699,193,9721,1029,10750,-0.0355475,0.159319,-0.986587,1
5466,2751,27,353,0,735,222,9554,1106,10660,-0.0278733,0.120788,-0.992287,1
5500,2883,25,358,0,749,239,9754,1139,10893,-0.0301217,0.111594,-0.993297,1
5412,2992,34,468,0,831,211,9948,1254,11202,-0.0370026,0.0943708,-0.994849,1
4890,2475,25,316,0,687,184,8577,1072,9649,-0.0469375,0.0705409,-0.996404,1
5884,2786,26,416,0,716,197,10025,1397,11422,-0.05253,0.0791883,-0.995475,1
5383,2532,25,326,0,687,184,9137,1303,10440,-0.0446346,0.074539,-0.996219,1
5396,2290,24,323,0,641,173,8847,1415,10262,-0.0378607,0.0684314,-0.996938,1
5568,2119,26,284,0,626,189,8812,1610,10422,-0.0273327,0.0846514,-0.996036,1
2034,713,10,96,0,217,54,3124,733,3857,-0.0161912,0.0530188,-0.998462,1
6184,2024,30,303,0,603,170,9314,2618,11932,0.00392677,0.0986969,-0.99511,1
5756,1910,29,249,0,608,145,8697,3081,11778,0.0134837,0.0810832,-0.996616,1
4012,1236,21,161,0,386,92,5908,2054,7962,0.00625849,0.0591042,-0.998232,1
5231,1455,26,198,0,461,110,7481,2410,9891,-0.0193992,0.0657482,-0.997648,1
5848,1787,28,226,0,519,127,8535,2480,11015,-0.0338607,0.0587357,-0.997699,1
5787,1608,50,243,0,567,130,8385,2298,10683,-0.0371648,0.10074,-0.994218,1
3583,810,14,110,0,271,63,4851,1215,6066,-0.0205767,0.0388806,-0.999032,1
5691,1500,28,209,0,477,141,8046,1815,9861,0.00438989,0.0536271,-0.998552,1
5436,1514,28,207,0,480,113,7778,1104,8882,0.0670653,0.0922218,-0.993477,1
5478,1598,27,221,0,483,123,7930,882,8812,0.0992838,0.1297,-0.98657,1
5866,1774,27,236,0,526,133,8562,695,9257,0.0858612,0.145599,-0.985611,1
3676,1252,19,188,0,368,94,5597,441,6038,0.0732246,0.185537,-0.979905,1
5860,2167,29,335,0,576,184,9151,859,10010,0.0564866,0.324043,-0.944354,1
3350,1451,18,222,0,330,90,5461,411,5872,0.0528202,0.34563,-0.936883,1
2268,1041,12,148,0,358,78,3905,369,4274,0.0554993,0.356324,-0.932713,1
5291,2630,24,333,0,700,188,9166,854,10020,0.0343127,0.425541,-0.904288,1
3696,1396,14,183,0,406,105,5800,452,6252,0.0401435,0.364378,-0.930386,1
2315,1134,13,151,0,309,87,4009,382,4391,0.0290826,0.253075,-0.96701,1
5449,2606,30,343,0,737,196,9361,910,10271,0.0166374,0.14911,-0.988681,1
5551,2635,28,350,0,682,211,9457,964,10421,0.0094191,0.100632,-0.994879,1
5548,2371,28,307,0,630,171,9055,1036,10091,-0.0173361,0.13178,-0.991128,1
5613,2146,21,226,0,423,122,8551,706,9257,-0.0128311,0.0874964,-0.996082,1
3059,985,14,126,0,258,70,4512,523,5035,-0.0087635,0.0565914,-0.998359,1
2280,655,12,90,0,182,49,3268,401,3669,-0.00204736,0.0118189,-0.999928,1
5470,1223,27,181,0,366,99,7366,1125,8491,0.00928567,0.0151711,-0.999842,1
5299,1116,28,169,0,324,96,7032,967,7999,0.0124956,0.0759612,-0.997033,1
5388,1110,29,166,0,321,87,7101,1008,8109,-0.00399891,0.0409699,-0.999152,1
6324,1230,37,187,0,367,101,8246,1007,9253,-0.0125931,0.0483711,-0.99875,1
5360,1641,28,232,0,464,128,7853,917,8770,-0.00203431,-0.0378381,-0.999282,1
3751,1414,19,193,0,417,105,5899,926,6825,-0.00642301,-0.0918061,-0.995756,1
5967,2284,31,345,0,637,174,9438,1387,10825,0.00366053,-0.0922433,-0.99573,1
5933,2589,47,334,0,670,185,9758,1156,10914,0.00681439,-0.115168,-0.993323,1
4065,1828,21,240,0,492,135,6781,1021,7802,0.0111045,-0.109592,-0.993915,1
5889,2860,30,358,0,736,200,10073,1727,11800,0.0152205,-0.0886839,-0.995944,1
6279,2908,31,365,0,742,204,10529,2040,12569,0.0150313,0.0162334,-0.999755,1
3884,1474,17,197,0,387,105,6064,1131,7195,0.0160731,-0.0341708,-0.999287,1
2051,898,11,120,0,251,66,3397,848,4245,0.0165149,-0.07026,-0.997392,1
2967,1341,21,189,0,345,93,4956,1474,6430,0.00213762,-0.0567372,-0.998387,1
5651,2237,29,296,0,643,166,9022,2480,11502,-0.0211428,0.00175438,-0.999775,1
6141,2105,28,281,0,621,157,9333,1943,11276,-0.0238504,0.0673745,-0.997442,1
3984,1494,19,194,0,455,111,6257,1212,7469,-0.00744735,0.0932137,-0.995618,1
6033,2171,27,282,0,641,159,9313,1937,11250,0.00823931,0.122667,-0.992413,1
6674,2148,27,273,0,630,152,9904,1912,11816,0.0262752,0.147595,-0.988699,1
5815,2056,26,264,0,624,150,8935,1978,10913,0.0409076,0.165159,-0.985418,1
5914,1763,23,230,0,549,128,8607,1719,10326,0.0598611,0.205921,-0.976736,1
5393,1739,23,226,0,534,133,8048,1638,9686,0.0723046,0.248258,-0.965992,1
6476,1807,26,253,0,571,132,9265,1771,11036,0.0845888,0.286688,-0.954282,1
5864,1885,25,233,0,549,127,8683,1753,10436,0.0866366,0.317896,-0.944159,1
4037,1157,18,153,0,386,89,5840,1165,7005,0.0755246,0.346847,-0.934876,1
5347,1393,26,191,0,470,167,7594,1626,9220,0.0613147,0.370577,-0.926776,1
5120,1301,22,200,0,398,98,7139,1447,8586,0.0507263,0.387243,-0.920581,1
5306,1346,24,191,0,462,103,7432,1578,9010,0.0320054,0.400059,-0.915931,1
3761,918,17,125,0,280,68,5169,1157,6326,0.0129987,0.413804,-0.910273,1
5797,1469,26,199,0,439,110,8040,1792,9832,-0.00956705,0.450944,-0.892501,1
6598,1568,32,257,0,487,120,9062,1859,10921,-0.0126461,0.488674,-0.872375,1
5893,1651,30,252,0,472,129,8427,1509,9936,-0.0144472,0.522665,-0.852416,1
3976,1219,21,171,0,393,94,5874,937,6811,-0.0298354,0.577592,-0.815781,1
5512,1835,30,237,0,517,134,8265,1527,9792,-0.0333091,0.628066,-0.777446,1
5667,1760,30,240,0,482,130,8309,1143,9452,-0.0144145,0.674312,-0.738306,1
5767,1811,28,261,0,480,132,8479,-1000,-1000,-1,-1,-1,1
5678,1761,28,242,0,477,131,8317,1487,9804,-0.00343956,0.0391942,-0.999226,1
5962,1854,29,241,0,524,172,8782,1407,10189,-0.0109461,0.0485933,-0.998759,1
5978,1695,28,234,0,520,162,8617,1201,9818,-0.00866453,0.0475139,-0.998833,1
5877,1835,27,240,0,477,128,8584,1182,9766,-0.00358854,0.0368404,-0.999315,1
5472,1769,26,240,0,492,136,8135,1123,9258,-0.00589903,0.0335753,-0.999419,1
5121,1716,23,227,0,470,124,7681,995,8676,-0.0115804,0.0381054,-0.999207,1
5558,2326,32,287,0,680,182,9065,1102,10167,-0.0129636,0.0426577,-0.999006,1
5507,1998,24,274,0,556,153,8512,1079,9591,-0.0288389,0.0221458,-0.999339,1
5876,2128,24,292,0,621,167,9108,1131,10239,-0.0442163,0.0278714,-0.998633,1
5509,2325,30,305,0,662,173,9004,1092,10096,-0.0386199,0.00276594,-0.99925,1
5703,2433,24,328,0,673,221,9382,1232,10614,-0.0329455,0.0110607,-0.999396,1
5363,2554,26,340,0,723,190,9196,1214,10410,-0.0262571,0.0239227,-0.999369,1
5254,2642,25,343,0,701,194,9159,1153,10312,-0.0239142,0.0299125,-0.999266,1
5765,2961,25,360,0,723,197,10031,1331,11362,-0.0165607,0.0649581,-0.997751,1
5338,2622,24,369,0,719,195,9267,1260,10527,-0.0286044,0.0555593,-0.998046,1
5317,2663,24,345,0,757,199,9305,1404,10709,-0.0388462,0.0465867,-0.998159,1
5167,2466,24,388,0,687,215,8947,1933,10880,-0.0346805,0.0623492,-0.997452,1
5198,2499,47,322,0,655,178,8899,1529,10428,-0.0462275,0.0737835,-0.996202,1
5153,2239,32,308,0,601,169,8502,1487,9989,-0.0366951,0.0677541,-0.997027,1
5305,1971,27,269,0,551,106,8229,984,9213,-0.0455266,0.0690067,-0.996577,1
3749,1297,18,180,0,399,101,5744,1288,7032,-0.0464854,0.0687614,-0.99655,1
4839,1590,25,219,0,482,123,7278,2400,9678,-0.0287103,0.0840987,-0.996044,1
5633,1702,31,238,0,579,139,8322,2605,10927,-0.0293754,0.0921178,-0.995315,1
5642,1785,30,223,0,527,126,8333,2378,10711,-0.0191967,0.079879,-0.996619,1
5208,1447,27,200,0,438,109,7429,2087,9516,-0.0212673,0.0653216,-0.997638,1
5262,1520,25,198,0,487,113,7605,2050,9655,-0.0185834,0.0666702,-0.997602,1
5112,1415,25,184,0,439,103,7278,1816,9094,-0.00414275,0.0465973,-0.998905,1
5227,1313,25,182,0,432,112,7291,1744,9035,0.00779394,0.0382794,-0.999237,1
5631,1356,27,192,0,464,110,7780,1244,9024,0.0309491,0.0602512,-0.997703,1
5495,1448,27,197,0,335,82,7584,582,8166,0.0488952,0.166848,-0.98477,1
4108,1178,18,198,0,317,82,5901,651,6552,0.0617095,0.208879,-0.975992,1
5317,1857,27,275,0,545,139,8160,918,9078,0.0656084,0.263678,-0.962377,1
5230,2244,26,292,0,641,164,8597,737,9334,0.0468101,0.278986,-0.959153,1
5256,2524,28,320,0,654,191,8973,813,9786,0.0287531,0.313646,-0.949104,1
5377,2599,26,338,0,759,192,9291,767,10058,0.0110746,0.371163,-0.928502,1
3697,1765,18,228,0,475,129,6312,502,6814,0.00367135,0.303423,-0.952849,1
6048,2407,28,310,0,657,170,9620,733,10353,-0.0184665,0.325792,-0.945261,1
3639,1373,18,186,0,379,103,5698,511,6209,-0.0418657,0.286022,-0.957308,1
5415,1552,28,215,0,575,190,7975,1096,9071,-0.0584239,0.279,-0.958512,1
5616,1281,27,175,0,341,92,7532,964,8496,-0.0724637,0.293749,-0.953132,1
5473,1129,27,166,0,319,88,7202,1013,8215,-0.0716757,0.2953,-0.952712,1
5317,1108,27,183,0,324,88,7047,1103,8150,-0.056845,0.295117,-0.953769,1
5435,1357,27,188,0,361,99,7467,1074,8541,-0.0204291,0.280925,-0.959513,1
5297,1633,28,226,0,444,124,7752,1184,8936,0.00390511,0.2033,-0.979109,1
6238,2062,29,263,0,550,146,9288,1271,10559,0.0245276,0.146015,-0.988978,1
6583,2559,36,341,0,668,183,10370,1404,11774,0.036926,0.307911,-0.950698,1
4001,1321,17,176,0,373,97,5985,727,6712,0.021366,0.345144,-0.938307,1
2088,972,12,137,0,287,62,3558,438,3996,0.0272375,0.288222,-0.957176,1
1915,884,11,118,0,241,66,3235,410,3645,0.0170743,0.277768,-0.960496,1
6366,3004,31,352,0,753,198,10704,1111,11815,0.0115202,0.293449,-0.955905,1
5760,2580,50,386,0,724,191,9691,1153,10844,0.022342,0.288111,-0.957336,1
3939,1676,21,224,0,469,125,6454,717,7171,0.0513632,0.293633,-0.954537,1
4084,1683,21,214,0,499,124,6625,668,7293,0.0669835,0.330036,-0.941589,1
6527,2154,28,291,0,671,187,9858,662,10520,0.0580176,0.384798,-0.921175,1
3910,1442,19,218,0,433,108,6130,634,6764,0.0445009,0.406778,-0.912443,1
6109,2058,26,274,0,709,159,9335,922,10257,-0.00860358,0.576614,-0.816971,1
6723,2050,27,274,0,624,168,9866,619,10485,-0.0366603,0.691787,-0.72117,1
5831,2103,28,268,0,615,156,9001,-1000,-1000,-1,-1,-1,1
6096,2041,26,269,0,626,152,9210,3157,12367,0.0579913,0.0634812,-0.996297,1
6741,2365,35,439,0,635,154,10369,2985,13354,0.0809275,0.104108,-0.991268,1
6766,2159,32,289,0,691,180,10117,2785,12902,0.00134411,0.176366,-0.984324,1
4051,1013,15,143,0,307,74,5603,1459,7062,-0.017005,0.17395,-0.984607,1
2493,685,10,84,0,200,48,3520,1014,4534,-0.0153766,0.1693,-0.985444,1
3398,987,14,128,0,322,79,4928,1519,6447,-0.0123611,0.201279,-0.979456,1
6142,1654,27,251,0,545,130,8749,2492,11241,-0.00350026,0.276544,-0.960995,1
5764,1705,29,240,0,515,128,8381,2136,10517,0.0131422,0.321466,-0.94683,1
5952,1790,29,250,0,533,134,8688,2081,10769,0.018709,0.399122,-0.916707,1
6616,2086,30,256,0,546,181,9715,2026,11741,0.0102786,0.509952,-0.860141,1
5690,1914,29,257,0,540,162,8592,1705,10297,-0.00811375,0.554934,-0.831855,1
2738,800,12,108,0,226,60,3944,652,4596,-0.0147506,0.55318,-0.832931,1
1919,626,11,85,0,175,47,2863,469,3332,-0.0184695,0.604345,-0.796509,1
5601,1623,31,226,0,511,127,8119,-1000,-1000,-1,-1,-1,1
5539,1551,29,210,0,432,116,7877,1495,9372,-0.00285107,0.0269273,-0.999633,1
5607,1480,27,216,0,464,121,7915,1450,9365,-0.0122422,0.0514626,-0.9986,1
5404,1516,30,222,0,463,122,7757,1469,9226,-0.0126028,0.046689,-0.99883,1
5681,1587,30,237,0,455,124,8114,1266,9380,-0.0225396,-0.00883524,-0.999707,1
5864,1724,26,256,0,487,135,8492,1227,9719,-0.0261824,0.00194278,-0.999655,1
5743,1999,26,280,0,519,146,8713,1186,9899,-0.0678482,0.12454,-0.989892,1
3772,1109,13,148,0,301,82,5425,563,5988,-0.0538101,0.0575921,-0.996889,1
2265,953,10,145,0,265,74,3712,433,4145,-0.0463018,0.000389412,-0.998927,1
3660,1754,16,226,0,514,129,6299,772,7071,-0.041983,0.0603404,-0.997295,1
5926,2762,30,410,0,730,200,10058,1048,11106,-0.0434272,0.1304,-0.99051,1
5264,1965,18,249,0,413,106,8015,465,8480,-0.0428288,0.118013,-0.992088,1
6273,2655,25,386,0,731,198,10268,881,11149,-0.0491165,0.138544,-0.989138,1
5111,2487,43,331,0,709,185,8866,1137,10003,-0.0476665,0.138202,-0.989256,1
5112,2259,27,301,0,645,172,8516,1214,9730,-0.0404893,0.134013,-0.990152,1
5364,2092,27,281,0,584,154,8502,1477,9979,-0.0364666,0.122859,-0.991754,1
5448,1835,29,251,0,546,154,8263,2157,10420,-0.0286311,0.0882063,-0.995691,1
6248,1796,28,296,0,879,148,9395,2718,12113,-0.0140577,0.24884,-0.968442,1
3889,974,16,127,0,287,71,5364,1344,6708,-0.0211259,0.215523,-0.97627,1
2261,582,11,78,0,178,43,3153,763,3916,-0.0100734,0.153649,-0.988074,1
2300,638,12,86,0,191,49,3276,772,4048,-0.0185469,0.14673,-0.989003,1
5667,1483,30,203,0,502,133,8018,1724,9742,0.00647576,0.238027,-0.971237,1
5734,1380,27,193,0,431,104,7869,1669,9538,0.0147945,0.277402,-0.96064,1
6197,1604,30,225,0,498,106,8660,1500,10160,0.021375,0.459469,-0.887937,1
5512,1711,19,156,0,316,83,7797,871,8668,0.0331749,0.493311,-0.86922,1
2490,787,11,104,0,239,60,3691,588,4279,0.0254313,0.489835,-0.871444,1
5234,2078,27,276,0,576,154,8345,1368,9713,-0.0199403,0.522115,-0.852642,1
5530,2329,26,307,0,681,177,9050,1276,10326,-0.0656586,0.564922,-0.822528,1
5277,2494,27,331,0,701,187,9017,1240,10257,-0.103311,0.58471,-0.804638,1
5360,2691,27,343,0,762,190,9373,1242,10615,-0.133812,0.607257,-0.783156,1
5241,2628,27,338,0,711,189,9134,1256,10390,-0.141931,0.629661,-0.763795,1
6069,2557,26,331,0,686,186,9855,1269,11124,-0.146409,0.675817,-0.722382,1
5225,2953,34,343,0,707,188,9450,-1000,-1000,-1,-1,-1,1
6185,2378,27,318,0,675,179,9762,1315,11077,-0.00858463,0.0542968,-0.998488,1
6463,2236,32,310,0,634,171,9846,1265,11111,-0.00700978,0.0608568,-0.998122,1
5339,2025,28,275,0,571,152,8390,1268,9658,-0.00502257,0.0660099,-0.997806,1
5512,1686,27,234,0,482,131,8072,1168,9240,-0.00677666,0.0485073,-0.9988,1
5649,1511,27,212,0,420,113,7932,1184,9116,-0.0062795,0.0699284,-0.997532,1
5392,1223,26,216,0,379,102,7338,1175,8513,0.00485372,0.0702851,-0.997515,1
5390,1152,26,171,0,336,92,7167,1022,8189,0.00635702,0.0889568,-0.996015,1
5158,1094,27,162,0,316,87,6844,970,7814,0.00750464,0.0812658,-0.996664,1
5351,1034,28,160,0,314,92,6979,1121,8100,0.00643426,0.0750538,-0.997159,1
5288,1143,28,173,0,336,92,7060,1314,8374,0.00040917,0.127964,-0.991779,1
6561,1369,31,212,0,420,116,8709,1485,10194,0.00433587,0.0983577,-0.995142,1
6149,1589,32,233,0,464,126,8593,1553,10146,-0.00110908,0.0842127,-0.996447,1
5356,1502,29,218,0,443,122,7670,1485,9155,0.000972687,0.0497255,-0.998762,1
6409,1734,29,269,0,493,138,9072,1452,10524,-0.00136125,0.044033,-0.999029,1
6081,2104,29,259,0,534,145,9152,1555,10707,0.000516083,0.0577856,-0.998329,1
5940,2071,31,291,0,594,167,9094,1561,10655,0.0121558,0.0450915,-0.998909,1
5821,2208,33,307,0,642,175,9186,1621,10807,0.0165609,0.0394414,-0.999085,1
5930,2453,29,368,0,682,188,9650,1686,11336,0.0284287,0.0374156,-0.998896,1
5839,2599,32,353,0,705,195,9723,1792,11515,0.0319376,0.0487863,-0.998298,1
5810,2781,33,350,0,728,198,9900,1646,11546,0.0372685,0.034649,-0.998704,1
4029,1944,20,245,0,508,136,6882,1376,8258,0.029165,0.0321862,-0.999056,1
4008,1751,20,239,0,499,130,6647,1360,8007,0.00856535,0.111729,-0.993702,1
5705,2301,28,314,0,644,173,9165,1571,10736,-0.0284485,0.209428,-0.97741,1
5756,2219,31,289,0,654,164,9113,1057,10170,-0.0703949,0.234572,-0.969546,1
5579,1988,28,262,0,584,148,8589,1049,9638,-0.0842535,0.242241,-0.966551,1
5760,1999,27,334,0,663,155,8938,1076,10014,-0.108776,0.292873,-0.949944,1
5827,2051,27,284,0,641,157,8987,1015,10002,-0.119732,0.361281,-0.924738,1
5991,2152,27,262,0,599,146,9177,1100,10277,-0.118279,0.392615,-0.912066,1
5968,1890,18,177,0,432,103,8588,683,9271,-0.0966115,0.413457,-0.905384,1
4040,1302,18,166,0,388,95,6009,814,6823,-0.0809468,0.423974,-0.90205,1
5806,1674,27,226,0,642,133,8508,1418,9926,-0.0644657,0.448183,-0.891615,1
5687,1348,27,181,0,427,100,7770,1309,9079,-0.0624694,0.449824,-0.89093,1
6754,1493,41,304,0,541,113,9246,1584,10830,-0.0639626,0.473272,-0.878591,1
5796,1252,30,176,0,403,95,7752,1374,9126,-0.0467282,0.501558,-0.863861,1
5263,1148,25,162,0,357,84,7039,1412,8451,-0.0295937,0.530766,-0.847002,1
5709,1331,29,182,0,418,101,7770,1559,9329,-0.00543159,0.566593,-0.82398,1
5622,1395,29,178,0,390,98,7712,1630,9342,0.0300234,0.601902,-0.798005,1
5538,1155,31,210,0,367,115,7416,1660,9076,0.0663216,0.618245,-0.783182,1
5548,983,32,186,0,330,84,7163,1573,8736,0.0938446,0.629936,-0.770957,1
5435,970,28,144,0,298,75,6950,1695,8645,0.113209,0.651902,-0.749806,1
5289,945,28,140,0,284,74,6760,-1000,-1000,-1,-1,-1,1
5326,918,29,138,0,277,82,6770,1839,8609,-0.00922499,0.0243125,-0.999662,1
5410,948,26,140,0,316,79,6919,1748,8667,-0.0123942,0.0705799,-0.997429,1
5357,1064,29,147,0,297,79,6973,1545,8518,-0.0121214,0.0770374,-0.996955,1
5560,1089,26,159,0,312,83,7229,1436,8665,-0.0227007,0.0448238,-0.998737,1
5518,1155,28,163,0,326,87,7277,1427,8704,-0.0221247,0.0294273,-0.999322,1
5535,1227,28,170,0,348,94,7402,1364,8766,-0.0296815,0.0128553,-0.999477,1
5498,1324,26,185,0,409,105,7547,1369,8916,-0.0463435,-0.00675506,-0.998903,1
5487,1487,25,201,0,411,109,7720,1269,8989,-0.0485937,-0.0200058,-0.998618,1
5522,1747,26,226,0,458,124,8103,1188,9291,-0.0459185,-0.023225,-0.998675,1
5543,1891,24,242,0,497,136,8333,1139,9472,-0.0327461,-0.0690975,-0.997072,1
5477,1976,34,259,0,570,151,8467,1172,9639,-0.0275095,-0.0530183,-0.998214,1
5560,2223,25,288,0,590,160,8846,1044,9890,-0.0246928,-0.0738043,-0.996967,1
5506,2336,25,314,0,625,171,8977,1091,10068,-0.0225315,-0.068479,-0.997398,1
5586,2411,25,320,0,664,179,9185,1116,10301,-0.0305042,-0.0665861,-0.997314,1
5456,2574,25,329,0,667,183,9234,1204,10438,-0.0421145,-0.0622542,-0.997171,1
5546,2581,24,348,0,683,189,9371,1143,10514,-0.0500132,-0.0867692,-0.994972,1
5416,2646,26,350,0,709,193,9340,1148,10488,-0.0437915,-0.0931185,-0.994691,1
5628,2940,25,362,0,711,196,9862,1155,11017,-0.0384116,-0.0924301,-0.994978,1
5313,2715,25,371,0,745,203,9372,1101,10473,-0.0350103,-0.0903458,-0.995295,1
5187,2887,25,363,0,737,204,9403,1221,10624,-0.0381098,-0.0958844,-0.994663,1
5690,2853,25,367,0,746,202,9883,1325,11208,-0.0379144,-0.0999391,-0.994271,1
5293,2888,25,402,0,792,215,9615,1320,10935,-0.0372287,-0.080211,-0.996082,1
5973,2880,25,398,0,782,216,10274,1495,11769,-0.0395394,-0.0794738,-0.996053,1
5344,3381,26,394,0,802,215,10162,1267,11429,-0.0320228,-0.0733788,-0.99679,1
3769,2026,17,267,0,564,154,6797,1153,7950,-0.0217359,-0.0666452,-0.99754,1
6091,3007,25,392,0,821,220,10556,1798,12354,-0.0177604,-0.0465801,-0.998757,1
5339,2962,24,387,0,824,221,9757,1892,11649,-0.0106146,-0.0355182,-0.999313,1
5755,3066,25,390,0,861,222,10319,2056,12375,-0.00600913,-0.036547,-0.999314,1
5511,3166,31,593,0,1049,161,10511,1464,11975,0.00984366,-0.0199094,-0.999754,1
2870,1556,13,198,0,450,116,5203,1209,6412,0.006705,-0.0315659,-0.999479,1
5934,3050,28,395,0,886,219,10512,2471,12983,0.0389702,-0.0201531,-0.999037,1
5315,2953,26,364,0,849,211,9718,2648,12366,0.0514178,-0.0186424,-0.998503,1
5306,2724,28,352,0,824,232,9466,2675,12141,0.0729595,-0.00888923,-0.997296,1
5434,2731,28,334,0,821,194,9542,2897,12439,0.0793352,-0.0143645,-0.996745,1
3850,2314,24,351,0,771,195,7505,2226,9731,0.0874475,-0.0188585,-0.995991,1
5751,2502,28,314,0,774,182,9551,3570,13121,0.107038,-0.0235358,-0.993976,1
5646,2397,29,340,0,744,174,9330,3063,12393,0.125613,-0.0388983,-0.991317,1
5779,2347,33,292,0,686,161,9298,2574,11872,0.132286,-0.0595778,-0.98942,1
5256,1902,28,248,0,590,141,8165,2666,10831,0.125757,-0.0730361,-0.989369,1
5825,2044,30,260,0,658,151,8968,2510,11478,0.132054,-0.0788905,-0.988098,1
5157,1757,29,229,0,518,125,7815,1865,9680,0.144289,-0.101441,-0.984322,1
5662,1872,30,246,0,539,134,8483,1605,10088,0.139727,-0.106031,-0.984497,1
5761,1730,28,234,0,519,130,8402,1633,10035,0.139387,-0.0995514,-0.985221,1
5635,1720,27,270,0,543,132,8327,1820,10147,0.124543,-0.0878244,-0.98832,1
5701,1822,37,274,0,564,142,8540,2271,10811,0.108251,-0.083673,-0.990596,1
5705,1889,30,249,0,570,138,8581,2257,10838,0.0922449,-0.0855125,-0.992058,1
5853,1964,29,258,0,605,147,8856,2205,11061,0.0880437,-0.104999,-0.990568,1
5794,2121,40,266,0,643,155,9019,2377,11396,0.0762599,-0.119276,-0.989928,1
5757,2315,51,336,0,675,159,9293,2160,11453,0.0764557,-0.130478,-0.988499,1
5668,2332,30,294,0,702,115,9141,1227,10368,0.0747202,-0.134801,-0.988051,1
4972,2181,24,267,0,619,150,8213,1429,9642,0.0760157,-0.145735,-0.986399,1
5409,2307,28,297,0,692,167,8900,1343,10243,0.0809222,-0.150209,-0.985337,1
5429,2221,27,318,0,653,162,8810,1368,10178,0.0821984,-0.145152,-0.985989,1
5235,2055,28,277,0,612,153,8360,1344,9704,0.0815084,-0.148703,-0.985517,1
5456,2234,36,302,0,681,155,8864,1570,10434,0.0765115,-0.147968,-0.986028,1
5154,2170,28,280,0,609,155,8396,1582,9978,0.0583464,-0.147245,-0.987378,1
5239,2128,27,287,0,618,159,8458,2127,10585,0.0529553,-0.157258,-0.986137,1
5205,2153,26,283,0,611,157,8435,1850,10285,0.0445222,-0.156698,-0.986643,1
5334,2212,28,282,0,593,154,8603,1795,10398,0.0386491,-0.163538,-0.98578,1
4603,1801,25,278,0,540,136,7383,1409,8792,0.0367598,-0.170216,-0.984721,1
5124,1885,28,258,0,579,146,8020,1558,9578,0.0316215,-0.173824,-0.984269,1
5026,1907,27,259,0,579,152,7950,1544,9494,0.0311614,-0.187252,-0.981818,1
4912,1823,26,252,0,552,140,7705,1215,8920,0.0294852,-0.185223,-0.982254,1
5025,1959,26,261,0,545,144,7960,1164,9124,0.0402141,-0.19253,-0.980467,1
5057,1865,26,259,0,538,144,7889,1073,8962,0.0497957,-0.202409,-0.978034,1
5049,1867,26,263,0,577,146,7928,954,8882,0.0519246,-0.214038,-0.975444,1
5149,1876,29,267,0,529,142,7992,947,8939,0.051813,-0.212226,-0.975846,1
5068,1890,28,261,0,548,144,7939,936,8875,0.0504183,-0.20816,-0.976795,1
5275,1896,27,252,0,518,140,8108,861,8969,0.0483703,-0.206493,-0.977252,1
5120,1845,29,252,0,516,139,7901,875,8776,0.0579173,-0.221543,-0.973429,1
5163,1808,30,265,0,508,139,7913,881,8794,0.0560458,-0.230074,-0.971558,1
5256,1804,27,264,0,485,129,7965,830,8795,0.0573515,-0.241316,-0.968751,1
5325,1642,28,223,0,454,121,7793,792,8585,0.0576158,-0.248148,-0.967007,1
5292,1516,28,246,0,422,114,7618,821,8439,0.0549211,-0.252419,-0.966058,1
5194,1352,28,195,0,394,108,7271,856,8127,0.0454171,-0.23498,-0.970939,1
5139,1454,27,192,0,421,109,7342,835,8177,0.0379661,-0.226986,-0.973158,1
5260,1272,28,188,0,370,97,7215,834,8049,0.0382255,-0.230594,-0.972299,1
5182,1268,28,183,0,357,96,7114,809,7923,0.0303678,-0.233687,-0.971838,1
5234,1226,27,189,0,349,93,7118,844,7962,0.0272354,-0.232037,-0.972326,1
5324,1132,28,198,0,377,132,7191,738,7929,0.0213586,-0.22799,-0.973429,1
5442,1145,31,220,0,328,93,7259,819,8078,0.032296,-0.242352,-0.969651,1
5155,1092,28,163,0,347,91,6876,729,7605,0.0326115,-0.231297,-0.972337,1
5241,1181,27,167,0,350,91,7057,806,7863,0.0414239,-0.245127,-0.968606,1
5371,1217,32,169,0,319,87,7195,799,7994,0.0448146,-0.262353,-0.963931,1
5160,1244,27,196,0,371,97,7095,725,7820,0.0437441,-0.259653,-0.964711,1
5424,1428,28,201,0,388,108,7577,748,8325,0.0364935,-0.270384,-0.96206,1
5222,1559,27,222,0,518,126,7674,722,8396,0.0208562,-0.240862,-0.970335,1
5426,1770,29,244,0,480,132,8081,757,8838,0.0123549,-0.217207,-0.976047,1
6440,1925,28,262,0,513,141,9309,863,10172,0.0176522,-0.228258,-0.973441,1
3739,1649,19,198,0,386,106,6097,501,6598,0.0156229,-0.225577,-0.9741,1
5581,2365,26,304,0,597,167,9040,913,9953,0.0348347,-0.284908,-0.957921,1
3849,1687,19,218,0,433,121,6327,602,6929,0.0484051,-0.332969,-0.941695,1
5801,2516,27,366,0,735,268,9713,915,10628,0.0563228,-0.349718,-0.93516,1
5754,2255,24,282,0,479,134,8928,647,9575,0.057552,-0.384346,-0.921393,1
5893,2180,19,249,0,498,140,8979,705,9684,0.0481818,-0.346139,-0.936945,1
3388,1604,20,221,0,394,112,5739,582,6321,0.0300285,-0.29799,-0.954097,1
6008,2912,28,378,0,799,267,10392,1146,11538,0.0366741,-0.338975,-0.94008,1
6598,2840,20,272,0,605,174,10509,777,11286,0.0284511,-0.313425,-0.949187,1
3139,1610,16,208,0,416,116,5505,710,6215,0.00543726,-0.217613,-0.97602,1
5937,3082,32,410,0,782,224,10467,1146,11613,-0.00542028,-0.201539,-0.979465,1
5821,3032,30,402,0,787,255,10327,1185,11512,-0.0247493,-0.164483,-0.986069,1
5823,3046,29,382,0,775,246,10301,1265,11566,-0.0393965,-0.12332,-0.991585,1
5937,2953,27,386,0,817,243,10363,1315,11678,-0.0364413,-0.145924,-0.988625,1
6039,3084,25,354,0,646,148,10296,881,11177,-0.035215,-0.152815,-0.987627,1
3149,1511,15,191,0,385,105,5356,828,6184,-0.0354462,-0.134429,-0.990289,1
5804,2678,31,370,0,702,193,9778,1663,11441,-0.0349021,-0.149073,-0.98821,1
5703,2440,29,314,0,653,189,9328,1906,11234,-0.0166294,-0.171112,-0.985112,1
6480,2241,28,325,0,656,195,9925,2159,12084,-0.00899664,-0.191262,-0.981497,1
3993,1380,20,177,0,381,100,6051,1224,7275,-0.0146998,-0.228121,-0.973522,1
5905,1862,26,274,0,676,182,8925,1166,10091,-0.0210995,-0.293107,-0.955847,1
5744,1786,27,235,0,537,135,8464,1026,9490,-0.0306738,-0.331078,-0.943105,1
6194,1818,24,239,0,556,138,8969,1081,10050,-0.0267506,-0.477705,-0.878113,1
4935,1295,17,171,0,395,95,6908,796,7704,-0.0370429,-0.473746,-0.879882,1
2421,828,10,105,0,231,50,3645,403,4048,-0.0416534,-0.475175,-0.878905,1
6335,2052,26,282,0,582,146,9423,1037,10460,-0.0126517,-0.576564,-0.816954,1
5703,1979,26,258,0,590,146,8702,1134,9836,0.00891981,-0.647956,-0.761626,1
5662,1833,27,268,0,539,170,8499,1127,9626,0.00788699,-0.69365,-0.720269,1
6398,1613,31,229,0,480,125,8876,-1000,-1000,-1,-1,-1,1
3871,954,20,135,0,271,75,5326,1030,6356,0.00243219,-0.119205,-0.992867,1
5543,1143,32,169,0,377,96,7360,2022,9382,0.0270332,-0.271256,-0.962127,1
5629,1076,33,222,0,378,91,7429,2012,9441,0.039982,-0.31644,-0.94777,1
3909,749,20,109,0,214,57,5058,1162,6220,0.0348079,-0.288942,-0.956714,1
4914,1115,25,157,0,316,83,6610,1408,8018,0.0240863,-0.285876,-0.957964,1
5519,1524,27,207,0,424,115,7816,1504,9320,0.0190227,-0.305722,-0.951931,1
5696,1858,28,243,0,507,138,8470,1332,9802,0.0183276,-0.282065,-0.95922,1
5555,2119,25,282,0,579,157,8717,1267,9984,0.0155795,-0.309739,-0.950694,1
5711,2487,25,316,0,650,179,9368,1235,10603,0.0227728,-0.267086,-0.963403,1
5603,2683,26,343,0,711,198,9564,1054,10618,0.0453807,-0.380712,-0.923579,1
5871,2832,23,363,0,765,205,10059,877,10936,0.0283623,-0.302045,-0.952872,1
6755,2970,26,408,0,794,215,11168,1036,12204,0.0188756,-0.314258,-0.94915,1
5704,3043,23,416,0,587,149,9922,516,10438,0.0225529,-0.281059,-0.959425,1
4610,2174,17,262,0,529,147,7739,516,8255,0.0233426,-0.297185,-0.954535,1
4959,2630,41,360,0,714,190,8894,714,9608,0.0287441,-0.330265,-0.94345,1
4969,2663,21,339,0,784,196,8972,850,9822,0.0340417,-0.328096,-0.944031,1
4719,2733,23,338,0,689,218,8720,789,9509,0.0248179,-0.302592,-0.952797,1
4909,2513,26,317,0,732,200,8697,812,9509,-0.000679521,-0.308476,-0.951232,1
5817,2642,25,339,0,654,130,9607,718,10325,-0.0280954,-0.448198,-0.893493,1
3642,1601,20,212,0,443,125,6043,567,6610,-0.0260929,-0.420381,-0.906973,1
2936,1234,14,147,0,275,64,4670,590,5260,-0.0113715,-0.353594,-0.93533,1
4198,1233,21,165,0,401,100,6118,1635,7753,-0.00932641,-0.34123,-0.939933,1
6518,1590,29,210,0,532,121,9000,2893,11893,-0.0236356,-0.477731,-0.878188,1
4656,1212,28,215,0,437,111,6659,1376,8035,-0.0237693,-0.456395,-0.88946,1
2455,568,11,71,0,161,39,3305,766,4071,-0.0301014,-0.410725,-0.911262,1
2162,587,12,81,0,183,45,3070,719,3789,-0.0549961,-0.45106,-0.890797,1
5756,1646,29,218,0,558,125,8332,1729,10061,-0.0958785,-0.505614,-0.857416,1
5538,1689,29,230,0,554,131,8171,1561,9732,-0.145014,-0.542527,-0.827427,1
5478,1746,29,240,0,549,136,8178,1494,9672,-0.188533,-0.592197,-0.783427,1
5337,1826,28,247,0,759,190,8387,-1000,-1000,-1,-1,-1,1
5391,2526,30,304,0,573,151,8975,1572,10547,-0.0926622,-0.224522,-0.970054,1
3057,1096,13,152,0,318,85,4721,845,5566,-0.0812962,-0.256823,-0.963033,1
2119,920,11,123,0,268,71,3512,389,3901,-0.0752086,-0.280341,-0.95695,1
5326,2354,26,316,0,645,174,8841,856,9697,-0.0959012,-0.439005,-0.893352,1
5181,2325,26,322,0,512,136,8502,617,9119,-0.0819948,-0.419825,-0.903894,1
3345,1115,14,158,0,304,83,5019,335,5354,-0.0398579,-0.352986,-0.93478,1
3094,1023,30,143,0,286,78,4654,326,4980,-0.0255817,-0.372381,-0.927727,1
5271,1285,27,187,0,362,100,7232,585,7817,-0.0213499,-0.399854,-0.91633,1
5529,1043,29,174,0,377,112,7264,705,7969,-0.0496923,-0.390539,-0.919244,1
5198,1093,27,167,0,313,87,6885,729,7614,-0.0805118,-0.378781,-0.921978,1
5369,1427,27,207,0,422,112,7564,779,8343,-0.084947,-0.354746,-0.931096,1
5419,1897,27,260,0,512,144,8259,921,9180,-0.0486446,-0.338522,-0.9397,1
5489,2348,52,302,0,595,167,8953,1025,9978,-0.0239762,-0.335042,-0.941898,1
5605,2528,28,325,0,652,180,9318,1088,10406,-0.022608,-0.329069,-0.944035,1
5410,2506,25,309,0,628,170,9048,1114,10162,-0.0212964,-0.328909,-0.944122,1
5619,2828,29,350,0,718,194,9738,1341,11079,-0.0190544,-0.321553,-0.9467,1
5711,2860,49,361,0,794,240,10015,1429,11444,-0.0178871,-0.3207,-0.947012,1
5649,2819,42,358,0,723,201,9792,1552,11344,-0.00852123,-0.313931,-0.949407,1
5733,2673,27,351,0,722,198,9704,1570,11274,-0.0107748,-0.297411,-0.954689,1
5560,2581,27,336,0,687,205,9396,1515,10911,-0.0195158,-0.308658,-0.950973,1
5713,2547,27,408,0,678,189,9562,1426,10988,-0.0320727,-0.351766,-0.935538,1
5825,2449,27,317,0,659,156,9433,981,10414,-0.0413941,-0.386309,-0.92144,1
4127,1792,20,215,0,476,124,6754,897,7651,-0.0387045,-0.479361,-0.876764,1
5735,2355,28,296,0,646,170,9230,914,10144,-0.0102374,-0.564404,-0.825435,1
5866,2104,27,285,0,587,177,9046,811,9857,0.0140636,-0.641392,-0.767084,1
5550,1919,29,255,0,549,141,8443,-1000,-1000,-1,-1,-1,1
6369,1690,27,228,0,505,127,8946,2834,11780,-0.000608121,-0.134026,-0.990978,1
4132,1157,19,152,0,345,86,5891,3254,9145,-0.010595,-0.193514,-0.98104,1
5305,1561,25,197,0,520,116,7724,2685,10409,-0.0175631,-0.325264,-0.94546,1
5790,1893,28,237,0,555,135,8638,2622,11260,-0.0761634,-0.525952,-0.847097,1
4014,1319,23,197,0,391,94,6038,1482,7520,-0.0800066,-0.548877,-0.832065,1
4105,1383,19,183,0,404,102,6196,1317,7513,-0.0790579,-0.571833,-0.816552,1
3887,1360,18,220,0,405,103,5993,1116,7109,-0.0895595,-0.6204,-0.779155,1
5607,1925,30,262,0,566,147,8537,1432,9969,-0.0988438,-0.682583,-0.724092,1
5520,1813,36,252,0,520,157,8298,-1000,-1000,-1,-1,-1,1
5583,1629,36,232,0,471,125,8076,1416,9492,-0.0263493,-0.0966315,-0.994972,1
5499,1464,43,212,0,435,116,7769,1894,9663,-0.0221843,-0.230011,-0.972935,1
5457,1337,30,189,0,385,105,7503,1934,9437,-0.00714633,-0.314281,-0.949303,1
5766,1243,33,199,0,378,101,7720,1763,9483,-0.00244034,-0.33414,-0.94252,1
5747,1419,28,199,0,435,112,7940,1535,9475,0.00369512,-0.325461,-0.945548,1
5869,1890,29,251,0,517,141,8697,1324,10021,0.000473121,-0.353802,-0.935321,1
5244,2105,23,267,0,553,152,8344,1211,9555,-0.0056668,-0.330345,-0.943843,1
5310,2388,21,296,0,615,190,8820,1120,9940,0.000288094,-0.334119,-0.942531,1
5947,2779,22,358,0,762,202,10070,1224,11294,0.00778007,-0.34253,-0.939475,1
5616,2851,32,383,0,754,212,9848,1233,11081,0.00717657,-0.344337,-0.938819,1
5496,2954,45,380,0,776,209,9860,1306,11166,0.00738324,-0.378197,-0.925696,1
5327,2949,25,466,0,791,216,9774,1342,11116,0.0053158,-0.360196,-0.932861,1
3833,2006,17,251,0,526,144,6777,975,7752,0.0123254,-0.359379,-0.93311,1
6130,2796,26,357,0,740,199,10248,1632,11880,0.0275837,-0.358716,-0.933039,1
5099,2538,27,332,0,695,189,8880,1622,10502,0.0272889,-0.337852,-0.940804,1
5738,2239,28,354,0,618,167,9144,1778,10922,0.0353762,-0.352995,-0.934956,1
5383,2152,28,254,0,590,146,8553,2012,10565,0.0297677,-0.351566,-0.93569,1
5651,1618,27,219,0,478,151,8144,1972,10116,0.00589177,-0.394097,-0.91905,1
4111,1208,21,143,0,317,77,5877,1695,7572,0.0187152,-0.385052,-0.922705,1
5820,1533,50,207,0,522,117,8249,2547,10796,0.0245521,-0.4051,-0.913943,1
5737,1679,38,242,0,488,122,8306,1545,9851,0.0262952,-0.421371,-0.906508,1
5082,1565,31,212,0,514,121,7525,1244,8769,0.0193708,-0.463426,-0.885924,1
5078,1636,27,218,0,476,120,7555,1103,8658,0.0449084,-0.543584,-0.838153,1
5306,2179,32,261,0,551,141,8470,1015,9485,0.0526673,-0.616618,-0.785499,1
5343,2113,27,279,0,700,160,8622,1008,9630,0.0812184,-0.658832,-0.747893,1
5416,2097,34,304,0,602,161,8614,892,9506,0.121343,-0.668351,-0.733882,1
3663,1582,19,217,0,477,127,6085,704,6789,0.116346,-0.68984,-0.714552,1
5436,2522,32,392,0,674,187,9243,-1000,-1000,-1,-1,-1,1
5515,2399,28,322,0,656,174,9094,1204,10298,-0.00619609,-0.229415,-0.973309,1
5182,2169,27,299,0,614,167,8458,1160,9618,-0.0243972,-0.323502,-0.945913,1
5245,2044,26,283,0,589,159,8346,1041,9387,-0.0224047,-0.284591,-0.958387,1
5240,1844,28,274,0,515,140,8041,1100,9141,-0.0206517,-0.31841,-0.947728,1
5281,1534,28,219,0,440,120,7622,1136,8758,-0.0036564,-0.330568,-0.943775,1
5263,1337,27,190,0,385,103,7305,1154,8459,0.00311733,-0.325402,-0.945571,1
8278,1519,29,177,0,341,94,10438,1118,11556,0.00353652,-0.320725,-0.947166,1
5605,1274,29,177,0,342,97,7524,1057,8581,-0.0108982,-0.329192,-0.9442,1
5221,1286,26,182,0,359,98,7172,1104,8276,-0.0133668,-0.319281,-0.947566,1
5282,1425,27,202,0,430,114,7480,1131,8611,0.00988874,-0.305551,-0.952125,1
5333,1726,46,241,0,486,142,7974,1317,9291,0.0281044,-0.303859,-0.952302,1
5557,2159,27,287,0,598,161,8789,1346,10135,0.0417371,-0.335187,-0.941227,1
5941,2438,29,319,0,645,217,9589,1408,10997,0.0446544,-0.352236,-0.934845,1
6068,2755,29,423,0,695,197,10167,1423,11590,0.0373092,-0.310118,-0.949966,1
3849,1920,21,252,0,531,138,6711,1061,7772,0.0383205,-0.248932,-0.967763,1
5477,2728,29,373,0,778,195,9580,1647,11227,0.039245,-0.307064,-0.95088,1
5843,2548,29,348,0,744,213,9725,1712,11437,0.0306834,-0.350378,-0.936106,1
6149,2272,26,304,0,688,175,9614,1353,10967,0.0191049,-0.413758,-0.910186,1
3849,1380,18,183,0,436,109,5975,717,6692,0.00227379,-0.416331,-0.90921,1
5910,1892,24,244,0,594,166,8830,973,9803,-0.0229746,-0.460817,-0.887198,1
5853,1748,26,228,0,516,127,8498,1139,9637,-0.035883,-0.49548,-0.867878,1
5957,1893,24,232,0,569,133,8808,1274,10082,-0.0352353,-0.535911,-0.843539,1
5986,1930,24,240,0,559,135,8874,1164,10038,-0.0299113,-0.595911,-0.802494,1
5984,2065,25,254,0,599,141,9068,1290,10358,-0.048169,-0.617618,-0.785002,1
3995,1485,17,191,0,434,114,6236,808,7044,-0.0639516,-0.63746,-0.767825,1
5761,2181,26,282,0,640,159,9049,1099,10148,-0.0667967,-0.668751,-0.740479,1
5816,2165,29,287,0,676,167,9140,1154,10294,-0.0786469,-0.697818,-0.711944,1
5608,2128,27,282,0,615,158,8818,-1000,-1000,-1,-1,-1,1
5615,2033,30,305,0,585,154,8722,1305,10027,-0.0234739,-0.165818,-0.985877,1
5675,1952,32,265,0,549,146,8619,2496,11115,0.00199817,-0.332107,-0.94324,1
5710,1771,31,240,0,491,130,8373,2114,10487,0.0281949,-0.409367,-0.911934,1
5600,1534,28,247,0,481,121,8011,1192,9203,0.0434307,-0.477259,-0.877689,1
3859,971,24,149,0,265,72,5340,718,6058,0.0456713,-0.469981,-0.881495,1
5761,1498,30,230,0,414,110,8043,1072,9115,0.054347,-0.456058,-0.888289,1
5715,1664,30,238,0,475,130,8252,1217,9469,0.0549723,-0.466057,-0.883045,1
4046,1489,18,226,0,431,122,6332,816,7148,0.038882,-0.533311,-0.845025,1
5700,2393,25,307,0,639,171,9235,1178,10413,0.036007,-0.526289,-0.849543,1
5647,2553,24,397,0,708,191,9520,1091,10611,0.0399805,-0.478507,-0.877173,1
5689,2794,27,388,0,735,204,9837,1165,11002,0.0232324,-0.429229,-0.902897,1
5627,2849,25,364,0,793,241,9899,1197,11096,0.0101609,-0.374755,-0.927068,1
4956,2646,22,333,0,693,190,8840,1140,9980,0.00107983,-0.375271,-0.926915,1
5457,2907,27,364,0,797,216,9768,1328,11096,0.000249835,-0.392058,-0.91994,1
5326,2785,25,362,0,775,228,9501,1415,10916,0.0147078,-0.391811,-0.919928,1
2266,1094,10,141,0,297,79,3887,643,4530,0.0234283,-0.368193,-0.929454,1
5321,2352,27,308,0,681,175,8864,1497,10361,0.040387,-0.375236,-0.926049,1
5448,2083,25,277,0,645,158,8636,1653,10289,0.0427665,-0.347783,-0.936599,1
3692,1099,14,131,0,287,73,5296,1039,6335,0.0301775,-0.313338,-0.949162,1
4209,1299,20,194,0,394,97,6213,1782,7995,0.0241024,-0.303318,-0.952585,1
6661,1676,27,219,0,500,121,9204,3128,12332,0.0182303,-0.299597,-0.953892,1
5563,1596,38,214,0,574,134,8119,2920,11039,0.0170386,-0.290134,-0.956834,1
5606,1737,29,218,0,512,123,8225,3158,11383,0.031117,-0.280057,-0.959479,1
3887,1135,21,157,0,357,85,5642,2079,7721,0.0430739,-0.27108,-0.961593,1
5693,1716,29,234,0,533,128,8333,2362,10695,0.0459768,-0.300935,-0.952536,1
5667,1880,30,274,0,553,135,8539,2153,10692,0.0446574,-0.287445,-0.956756,1
5483,1782,31,238,0,577,147,8258,1898,10156,0.0370625,-0.309471,-0.950186,1
5713,1872,30,254,0,654,146,8669,1406,10075,0.0335667,-0.305472,-0.951609,1
5586,1969,31,267,0,593,179,8625,976,9601,0.0497677,-0.375093,-0.925651,1
5380,1447,20,211,0,420,107,7585,540,8125,0.046634,-0.382887,-0.922618,1
2837,1140,15,151,0,323,84,4550,463,5013,0.0533,-0.409511,-0.910747,1
5367,2165,29,296,0,624,169,8650,1019,9669,0.0693777,-0.485559,-0.871447,1
5977,2344,27,319,0,661,178,9506,949,10455,0.0741285,-0.543808,-0.835929,1
5307,2423,27,323,0,773,187,9040,1030,10070,0.0786847,-0.613177,-0.786018,1
5166,2483,27,330,0,679,185,8870,1076,9946,0.0912032,-0.686173,-0.721698,1
5189,2363,26,325,0,691,185,8779,-1000,-1000,-1,-1,-1,1
5407,2384,27,321,0,645,175,8959,839,9798,0.0351154,-0.249009,-0.967864,1
5267,2583,27,325,0,634,173,9009,982,9991,0.0254271,-0.282493,-0.958932,1
5309,2222,25,296,0,603,166,8621,982,9603,0.027438,-0.30033,-0.953441,1
5561,1975,27,320,0,547,154,8584,1037,9621,0.0201552,-0.304292,-0.952365,1
5356,1593,26,228,0,467,127,7797,1025,8822,0.0307523,-0.293197,-0.955557,1
5613,1418,25,196,0,448,112,7812,1085,8897,0.0442682,-0.312827,-0.948778,1
5548,1248,25,179,0,352,95,7447,1007,8454,0.047705,-0.342218,-0.938409,1
5514,1235,27,175,0,341,93,7385,1111,8496,0.042326,-0.33044,-0.942877,1
5476,1340,33,199,0,365,100,7513,1228,8741,0.0393356,-0.336559,-0.940841,1
5538,1534,27,206,0,411,112,7828,1177,9005,0.0357956,-0.339089,-0.940073,1
5518,1873,43,285,0,494,137,8350,1490,9840,0.0321292,-0.304176,-0.952074,1
5539,2232,29,289,0,567,157,8813,1369,10182,0.0355331,-0.28419,-0.958109,1
5743,2416,27,328,0,590,122,9226,1194,10420,0.0299606,-0.254599,-0.966582,1
4185,1835,24,252,0,494,144,6934,1066,8000,0.0386182,-0.264885,-0.963506,1
3991,1832,20,278,0,492,139,6752,920,7672,0.0462903,-0.249192,-0.967347,1
6105,2720,30,351,0,803,209,10218,1415,11633,0.0671696,-0.263065,-0.962437,1
5818,2606,31,346,0,749,221,9771,1076,10847,0.0532825,-0.232195,-0.971209,1
3910,1762,20,248,0,525,161,6626,1281,7907,0.0380293,-0.246024,-0.968518,1
5324,2202,26,275,0,576,155,8558,1860,10418,0.0422815,-0.314112,-0.948444,1
5921,2008,32,275,0,639,158,9033,1775,10808,0.0890222,-0.482177,-0.87154,1
5367,1259,19,195,0,403,99,7342,784,8126,0.108583,-0.577753,-0.808957,1
2411,641,9,79,0,180,44,3364,307,3671,0.116803,-0.5964,-0.794143,1
3182,617,12,86,0,189,45,4131,294,4425,0.100849,-0.637632,-0.763711,1
6857,1695,26,218,0,548,123,9467,585,10052,0.0870518,-0.64937,-0.755474,1
5762,1866,26,231,0,540,127,8552,620,9172,0.0177163,-0.603249,-0.797356,1
5816,1891,26,240,0,587,140,8700,839,9539,-0.0331071,-0.613502,-0.788999,1
6459,2224,25,252,0,597,142,9699,1003,10702,-0.0485074,-0.676578,-0.734772,1
6613,2289,28,297,0,715,171,10113,-1000,-1000,-1,-1,-1,1
3451,1184,16,155,0,357,86,5249,462,5711,-0.00321549,-0.0715173,-0.997434,1
2117,801,11,128,0,228,59,3344,425,3769,-0.0103116,-0.147611,-0.988992,1
2294,866,11,116,0,250,66,3603,927,4530,-0.0209994,-0.243778,-0.969604,1
6001,2139,32,282,0,590,162,9206,2380,11586,-0.0171181,-0.328344,-0.944403,1
6226,2129,52,287,0,594,160,9448,2435,11883,-0.00910515,-0.373847,-0.927446,1
5634,1640,29,227,0,459,125,8114,1746,9860,0.0189864,-0.372914,-0.927672,1
5914,1511,31,214,0,440,107,8217,1619,9836,0.0503255,-0.38506,-0.921519,1
6415,1498,41,295,0,524,138,8911,1581,10492,0.0602668,-0.331831,-0.941412,1
6279,1503,33,211,0,446,118,8590,1343,9933,0.0452852,-0.313558,-0.948489,1
6456,2427,32,287,0,618,151,9971,1369,11340,0.049872,-0.290389,-0.955608,1
5565,2022,27,270,0,562,153,8599,1135,9734,0.0471872,-0.324621,-0.944666,1
6374,2854,29,364,0,731,239,10591,1199,11790,0.0468105,-0.340598,-0.939043,1
4331,1990,18,251,0,547,146,7283,707,7990,0.0391354,-0.356557,-0.933454,1
4288,2059,17,264,0,618,169,7415,681,8096,0.0332973,-0.359358,-0.932606,1
6369,3195,28,461,0,1104,279,11436,1078,12514,0.0294559,-0.355125,-0.934355,1
6257,3276,29,439,0,584,157,10742,727,11469,0.0288981,-0.332406,-0.942694,1
3501,1536,13,193,0,398,108,5749,612,6361,0.0241166,-0.319276,-0.947355,1
5381,3187,27,330,0,678,183,9786,1084,10870,0.0258323,-0.430643,-0.902153,1
4858,1529,16,199,0,428,113,7143,814,7957,0.0297153,-0.360248,-0.932383,1
2740,1012,13,135,0,293,76,4269,701,4970,0.0272019,-0.337892,-0.940792,1
5457,1641,28,229,0,502,127,7984,1957,9941,-0.00156305,-0.377361,-0.926065,1
5625,1578,28,211,0,518,123,8083,2609,10692,-0.00264166,-0.504985,-0.863124,1
5672,1545,29,179,0,329,85,7839,1839,9678,0.00517117,-0.486318,-0.873767,1
2610,659,13,89,0,206,49,3626,1103,4729,0.00588817,-0.393746,-0.9192,1
2324,662,12,89,0,206,50,3343,995,4338,-0.00402108,-0.342137,-0.939642,1
5723,1723,29,243,0,526,132,8376,2198,10574,0.00770121,-0.336631,-0.941605,1
5836,1801,30,238,0,536,131,8572,2218,10790,0.00690777,-0.313931,-0.94942,1
6292,2122,34,281,0,672,160,9561,2175,11736,0.017947,-0.3083,-0.95112,1
5556,1844,29,284,0,565,143,8421,1257,9678,0.00356336,-0.302984,-0.952989,1
5419,1957,31,267,0,574,147,8395,928,9323,0.00578219,-0.330034,-0.943952,1
6196,2287,29,280,0,640,181,9613,942,10555,0.0440932,-0.409078,-0.911434,1
5255,2264,29,325,0,903,219,8995,927,9922,0.0635442,-0.479741,-0.875106,1
4846,2216,24,292,0,606,163,8147,673,8820,0.0776852,-0.538496,-0.83904,1
6352,2652,26,435,0,705,195,10365,903,11268,0.10263,-0.58281,-0.806101,1
5693,2521,28,335,0,709,189,9475,848,10323,0.111337,-0.654012,-0.748246,1
5336,2377,25,319,0,661,184,8902,-1000,-1000,-1,-1,-1,1
4833,2056,24,280,0,569,155,7917,711,8628,0.0195084,-0.23376,-0.972098,1
5549,2277,25,347,0,615,204,9017,880,9897,0.0345249,-0.289917,-0.956429,1
5350,2206,26,296,0,593,169,8640,893,9533,0.0333499,-0.31016,-0.950099,1
5466,2088,26,277,0,577,284,8718,992,9710,0.0377257,-0.30402,-0.951919,1
5344,1909,28,255,0,510,139,8185,863,9048,0.0477497,-0.317764,-0.946967,1
5445,1658,19,157,0,317,102,7698,513,8211,0.0538696,-0.326576,-0.943635,1
4901,1335,24,185,0,402,121,6968,663,7631,0.0697305,-0.311207,-0.947781,1
4796,1488,30,208,0,473,127,7122,601,7723,0.0875008,-0.321358,-0.942907,1
5292,1165,27,170,0,331,89,7074,733,7807,0.0979946,-0.356957,-0.928967,1
5349,1137,27,170,0,380,99,7162,828,7990,0.0861365,-0.348768,-0.933243,1
5428,1232,27,179,0,368,97,7331,864,8195,0.0758894,-0.342346,-0.936504,1
5320,1426,36,236,0,408,115,7541,942,8483,0.0484605,-0.325103,-0.944436,1
5398,2135,32,334,0,614,143,8656,1040,9696,0.017887,-0.294231,-0.955567,1
3791,1544,21,246,0,396,108,6106,840,6946,0.0159873,-0.295394,-0.955242,1
5969,2552,30,351,0,709,178,9789,1224,11013,0.0154529,-0.271372,-0.96235,1
5744,2618,29,374,0,745,189,9699,923,10622,0.0203043,-0.252163,-0.967472,1
3921,1761,35,233,0,480,134,6564,849,7413,0.00350444,-0.254466,-0.967076,1
6044,2465,27,330,0,678,186,9730,1434,11164,0.000379939,-0.354499,-0.935057,1
3596,1251,15,163,0,342,91,5458,720,6178,0.00794637,-0.376909,-0.926216,1
3023,1141,16,151,0,316,83,4730,772,5502,0.019556,-0.437648,-0.898934,1
5829,1928,28,264,0,568,147,8764,1268,10032,0.0251944,-0.545375,-0.837813,1
5725,1862,29,243,0,573,137,8569,877,9446,0.0166598,-0.628165,-0.777902,1
5247,1548,24,221,0,457,117,7614,582,8196,-0.00145843,-0.676312,-0.736614,1
5962,1689,28,230,0,514,125,8548,637,9185,-0.0417591,-0.663231,-0.747249,1
5672,1929,35,321,0,565,137,8659,651,9310,-0.0631537,-0.664446,-0.744663,1
5687,1857,27,238,0,540,130,8479,525,9004,-0.0664426,-0.691799,-0.719027,1
6314,1827,27,274,0,625,172,9239,-1000,-1000,-1,-1,-1,1
6222,2082,25,243,0,605,139,9316,3042,12358,-0.00385126,-0.0537316,-0.998548,1
4092,1361,18,171,0,412,98,6152,3121,9273,0.0063519,-0.0829229,-0.996536,1
5597,1884,24,244,0,592,142,8483,4766,13249,0.0119725,-0.084568,-0.996346,1
5690,1940,25,248,0,592,142,8637,4279,12916,0.0111249,-0.0703722,-0.997459,1
6333,1902,25,249,0,587,152,9248,4114,13362,-0.000774119,-0.0347396,-0.999396,1
3834,1135,14,131,0,311,82,5507,2037,7544,-0.00687746,-0.0358982,-0.999332,1
2233,690,9,88,0,212,51,3283,1407,4690,-0.00794728,-0.0460781,-0.998906,1
5640,1911,27,249,0,591,143,8561,4034,12595,-0.0189304,-0.0543578,-0.998342,1
5820,2389,28,264,0,753,172,9426,4220,13646,-0.0152129,-0.0795746,-0.996713,1
3887,1332,18,171,0,472,133,6013,2782,8795,-0.00739455,-0.0771213,-0.996994,1
2400,876,12,107,0,272,63,3730,1533,5263,-0.00745789,-0.0717951,-0.997392,1
8016,2937,32,388,0,930,232,12535,4014,16549,0.00292216,-0.0591711,-0.998244,1
3011,1022,13,132,0,312,75,4565,2064,6629,0.00245583,-0.0517477,-0.998657,1
5662,1951,28,261,0,722,153,8777,4181,12958,0.0019165,-0.0462609,-0.998928,1
5863,1949,27,253,0,590,144,8826,4368,13194,0.00912282,-0.0565064,-0.998361,1
5303,1724,23,221,0,518,126,7915,3652,11567,0.0388681,-0.0590043,-0.997501,1
5011,1746,28,318,0,709,136,7948,3627,11575,0.0479692,-0.0490675,-0.997643,1
5634,1879,26,245,0,580,148,8512,3910,12422,0.0231014,-0.0388966,-0.998976,1
5845,1886,25,245,0,613,146,8760,4048,12808,0.0190035,-0.0378317,-0.999103,1
5553,1871,17,168,0,402,97,8108,2853,10961,0.0225741,-0.0652195,-0.997616,1
2578,798,11,103,0,242,60,3792,1729,5521,0.0119296,-0.0776655,-0.996908,1
5588,1917,27,248,0,614,145,8539,4182,12721,-0.000113644,-0.0844074,-0.996431,1
5746,1938,26,254,0,582,145,8691,3593,12284,-0.00327531,-0.0799569,-0.996793,1
5715,1921,25,250,0,586,153,8650,4304,12954,0.0101046,-0.101358,-0.994799,1
4321,1398,17,174,0,413,108,6431,2167,8598,0.0136532,-0.106527,-0.994216,1
2435,750,10,90,0,212,51,3548,1467,5015,0.0147364,-0.102967,-0.994576,1
5598,2016,27,255,0,600,144,8640,4240,12880,0.0193978,-0.124462,-0.992035,1
3923,1323,17,226,0,416,99,6004,2814,8818,0.0194336,-0.126302,-0.991802,1
5664,1933,26,271,0,867,160,8921,3867,12788,0.0110526,-0.144121,-0.989498,1
5800,2077,25,264,0,613,151,8930,2851,11781,-0.00128596,-0.176118,-0.984368,1
4239,1440,17,183,0,430,105,6414,3396,9810,0.00425481,-0.261988,-0.965062,1
5258,1837,24,238,0,558,137,8052,5115,13167,0.0136736,-0.297926,-0.954491,1
3727,1312,16,173,0,455,116,5799,2605,8404,0.0190535,-0.320532,-0.947046,1
5874,2467,28,275,0,625,192,9461,3303,12764,0.0253045,-0.374858,-0.926737,1
5554,2045,28,266,0,564,145,8602,2382,10984,0.0365862,-0.456924,-0.888753,1
5493,1941,31,255,0,717,163,8600,1894,10494,0.0337556,-0.468797,-0.882661,1
5782,1837,37,370,0,740,164,8930,1727,10657,0.00832788,-0.526993,-0.849829,1
5746,1568,29,223,0,438,117,8121,1299,9420,-0.0181466,-0.592926,-0.805053,1
6409,1491,36,205,0,408,108,8657,-1000,-1000,-1,-1,-1,1
5833,1373,52,188,0,378,99,7923,1149,9072,0.00159199,-0.126016,-0.992027,1
4491,912,20,151,0,264,70,5908,1112,7020,0.0108087,-0.28008,-0.959916,1
5805,1578,28,211,0,467,119,8208,1537,9745,0.0171841,-0.367354,-0.929922,1
5611,1716,28,238,0,539,137,8269,1464,9733,0.0312807,-0.369545,-0.928686,1
5679,2573,23,235,0,388,108,9006,824,9830,0.0345661,-0.306089,-0.951375,1
3981,1647,16,246,0,436,118,6444,896,7340,0.0306999,-0.286592,-0.957561,1
6238,2649,24,340,0,690,188,10129,1287,11416,0.0256591,-0.32338,-0.945921,1
5537,2730,23,348,0,724,197,9559,1237,10796,0.0204446,-0.299085,-0.954007,1
5576,2975,23,374,0,800,211,9959,1239,11198,0.0102925,-0.317325,-0.948261,1
5697,2961,24,369,0,963,346,10360,1261,11621,0.00501343,-0.345176,-0.938524,1
2819,1561,12,191,0,398,110,5091,693,5784,0.0022085,-0.335003,-0.942214,1
5385,3275,32,502,0,777,210,10181,1440,11621,-0.000502735,-0.37708,-0.926181,1
5365,2682,25,329,0,685,187,9273,1540,10813,0.00755942,-0.380942,-0.924568,1
3586,1766,22,283,0,491,120,6268,1029,7297,0.0145088,-0.364443,-0.931113,1
5299,2247,26,286,0,631,162,8651,1776,10427,0.0153771,-0.370448,-0.928726,1
5621,1957,28,279,0,600,148,8633,2352,10985,0.0114208,-0.359067,-0.933242,1
6331,2238,28,257,0,558,142,9554,2242,11796,-0.0181183,-0.346448,-0.937894,1
3951,1286,21,172,0,386,95,5911,2064,7975,-0.017937,-0.345131,-0.938383,1
5231,1760,28,225,0,535,128,7907,2674,10581,0.00983106,-0.389887,-0.92081,1
5096,1722,27,256,0,559,134,7794,1969,9763,0.0114846,-0.385265,-0.922735,1
5529,1899,30,250,0,625,142,8475,2107,10582,0.0315852,-0.395519,-0.917914,1
5418,1913,29,254,0,593,142,8349,1626,9975,0.0434358,-0.386684,-0.921189,1
5478,2054,29,277,0,648,155,8641,1221,9862,0.0293365,-0.406153,-0.913334,1
5864,2174,33,285,0,609,154,9119,1009,10128,0.00196653,-0.427763,-0.903889,1
5582,2177,28,293,0,652,164,8896,1018,9914,-0.0244553,-0.4655,-0.884711,1
3790,1500,21,202,0,432,113,6058,812,6870,-0.0419751,-0.494227,-0.868319,1
5633,2346,28,311,0,709,178,9205,1371,10576,-0.0476342,-0.556583,-0.829425,1
5695,2438,28,350,0,660,129,9300,914,10214,-0.0350223,-0.596059,-0.802177,1
3794,1813,19,270,0,488,131,6515,879,7394,-0.0268857,-0.638924,-0.7688,1
5526,2621,26,374,0,717,234,9498,1197,10695,0.00784724,-0.695246,-0.718729,1
5563,2664,30,348,0,769,197,9571,-1000,-1000,-1,-1,-1,1
3988,1735,19,245,0,492,130,6609,644,7253,0.0174988,-0.193317,-0.980981,1
5875,2378,28,341,0,733,182,9537,883,10420,0.0231837,-0.269306,-0.962776,1
5383,2341,29,345,0,675,182,8955,723,9678,0.0460959,-0.340182,-0.939229,1
5531,2143,26,289,0,616,163,8768,776,9544,0.0518489,-0.351421,-0.934781,1
5570,1957,28,267,0,532,146,8500,854,9354,0.0467469,-0.353007,-0.934452,1
3688,1242,20,198,0,336,100,5584,570,6154,0.0470684,-0.332839,-0.941808,1
5438,1614,28,266,0,458,129,7933,926,8859,0.041997,-0.321612,-0.94594,1
5419,1545,28,213,0,419,115,7739,1030,8769,0.0301652,-0.312539,-0.949426,1
5567,1351,26,191,0,380,103,7618,1118,8736,0.0240531,-0.314105,-0.949084,1
5327,1171,26,171,0,340,92,7127,1158,8285,0.0226785,-0.310212,-0.950397,1
5264,1174,27,170,0,363,95,7093,1125,8218,0.0351916,-0.334152,-0.941862,1
5435,1339,28,194,0,376,105,7477,1162,8639,0.0461364,-0.330868,-0.942549,1
5442,2070,29,264,0,508,136,8449,1342,9791,0.0613243,-0.341278,-0.93796,1
5580,2165,27,291,0,598,165,8826,1335,10161,0.0460739,-0.314923,-0.947998,1
6119,2818,30,338,0,691,128,10124,965,11089,0.0458762,-0.298015,-0.953458,1
5171,2499,28,323,0,674,181,8876,1246,10122,0.0330125,-0.289075,-0.956737,1
6445,2604,30,356,0,737,198,10370,1434,11804,0.0183853,-0.31048,-0.950402,1
5584,2859,32,422,0,762,245,9904,1395,11299,0.0384125,-0.38522,-0.922025,1
5991,2539,30,356,0,644,177,9737,1145,10882,0.0262663,-0.413436,-0.910154,1
5975,2420,31,340,0,992,174,9932,1105,11037,0.00100955,-0.416622,-0.909079,1
6158,2266,29,289,0,606,156,9504,1074,10578,-0.0339745,-0.405114,-0.913635,1
6236,2231,25,313,0,664,172,9641,1109,10750,-0.0449781,-0.417059,-0.907766,1
3901,1441,18,187,0,479,130,6156,879,7035,-0.0654071,-0.421728,-0.90436,1
5676,2160,27,273,0,641,157,8934,1280,10214,-0.0969342,-0.44767,-0.888929,1
5799,2160,25,286,0,630,155,9055,1011,10066,-0.118723,-0.479562,-0.86944,1
5066,1937,24,250,0,601,141,8019,942,8961,-0.122886,-0.511653,-0.850359,1
5818,2217,28,282,0,683,158,9186,1045,10231,-0.145844,-0.541226,-0.828133,1
5696,2231,25,282,0,648,168,9050,1140,10190,-0.131023,-0.60032,-0.788955,1
5755,2241,25,282,0,650,160,9113,1223,10336,-0.124596,-0.66804,-0.73362,1
5686,2253,26,296,0,706,168,9135,-1000,-1000,-1,-1,-1,1
5747,2307,27,301,0,653,170,9205,1115,10320,-0.0190894,-0.132211,-0.991038,1
5077,2063,26,274,0,571,152,8163,1502,9665,-0.0269048,-0.29816,-0.954137,1
5526,2138,35,288,0,581,157,8725,2038,10763,0.0177382,-0.375506,-0.92665,1
5532,1724,33,231,0,460,127,8107,1688,9795,0.0372296,-0.386764,-0.921427,1
5687,1214,31,180,0,356,97,7565,1532,9097,0.0399847,-0.398726,-0.916198,1
5621,1172,29,172,0,345,92,7431,1454,8885,0.0448541,-0.406968,-0.912341,1
5516,1526,28,234,0,426,117,7847,1359,9206,0.0449486,-0.415681,-0.908399,1
5635,1887,28,261,0,531,149,8491,1278,9769,0.044247,-0.3791,-0.924297,1
5609,2262,24,290,0,601,164,8950,1072,10022,0.0373708,-0.338251,-0.940314,1
5604,2396,23,312,0,608,122,9065,710,9775,0.0392593,-0.344089,-0.938116,1
5668,2572,23,346,0,729,199,9537,1119,10656,0.0494002,-0.342185,-0.938333,1
5561,2759,23,350,0,722,200,9615,1060,10675,0.0499777,-0.324991,-0.944396,1
5433,2843,23,363,0,764,201,9627,1111,10738,0.0484482,-0.30046,-0.952563,1
5372,2949,26,384,0,739,205,9675,1200,10875,0.0467174,-0.310047,-0.949573,1
5935,3002,24,362,0,744,199,10266,1239,11505,0.0397918,-0.393915,-0.918285,1
4417,1957,17,245,0,523,138,7297,767,8064,0.0332947,-0.336091,-0.941241,1
2772,1476,14,184,0,387,104,4937,747,5684,0.0360204,-0.296295,-0.954417,1
5214,2688,29,369,0,714,198,9212,1434,10646,0.0472124,-0.363226,-0.930504,1
4917,1787,17,238,0,480,129,7568,1061,8629,0.0360809,-0.30668,-0.951129,1
2766,1322,14,166,0,350,93,4711,804,5515,0.0235844,-0.28455,-0.958371,1
5809,2588,30,320,0,682,186,9615,1786,11401,0.00539004,-0.346849,-0.937905,1
5631,2429,26,303,0,651,170,9210,2243,11453,-0.00619415,-0.330642,-0.943736,1
5916,2333,29,296,0,649,168,9391,2884,12275,-0.000671706,-0.308318,-0.951283,1
6383,2551,33,326,0,734,187,10214,3414,13628,-3.85484e-05,-0.410601,-0.911815,1
7610,1996,23,220,0,476,117,10442,2362,12804,0.0192694,-0.409748,-0.911995,1
2581,955,12,123,0,297,75,4043,1163,5206,0.0122742,-0.348629,-0.93718,1
1814,640,10,84,0,188,46,2782,688,3470,0.0161473,-0.319498,-0.94745,1
5541,1986,51,257,0,602,145,8582,1903,10485,0.0272041,-0.331587,-0.943033,1
5582,1937,37,271,0,657,144,8628,1748,10376,0.0140201,-0.378849,-0.925352,1
5588,2035,29,272,0,417,104,8445,929,9374,-0.00982371,-0.343031,-0.939273,1
2689,877,12,122,0,259,66,4025,381,4406,-0.000445388,-0.317366,-0.948303,1
3560,1446,20,200,0,511,115,5852,592,6444,-0.00175052,-0.348428,-0.937334,1
4786,2162,32,414,0,784,201,8379,748,9127,-0.00543535,-0.396964,-0.917818,1
4753,2090,26,280,0,591,154,7894,765,8659,-0.00833951,-0.469343,-0.882977,1
4765,2177,25,300,0,621,165,8053,827,8880,-0.00989126,-0.525637,-0.850652,1
6390,2496,35,350,0,701,189,10161,981,11142,0.00231538,-0.58846,-0.808523,1
5284,2730,42,466,0,699,199,9420,958,10378,0.0116251,-0.652017,-0.758115,1
5333,2518,28,348,0,707,187,9121,936,10057,0.0284225,-0.705487,-0.708152,1
5306,2446,26,343,0,688,188,8997,-1000,-1000,-1,-1,-1,1
5586,2341,26,321,0,664,179,9117,936,10053,0.00911251,-0.251978,-0.967691,1
3670,1594,18,216,0,446,122,6066,696,6762,0.0134646,-0.283715,-0.958814,1
5367,2245,27,300,0,622,169,8730,965,9695,0.017817,-0.30735,-0.95143,1
5492,2087,26,343,0,610,166,8724,875,9599,0.0487903,-0.343241,-0.937979,1
5443,1809,28,275,0,533,144,8232,768,9000,0.0679839,-0.376356,-0.923978,1
5382,1433,27,202,0,456,116,7616,840,8456,0.0768782,-0.426976,-0.900989,1
5360,1186,27,178,0,349,94,7194,860,8054,0.0685449,-0.411525,-0.908817,1
5334,1289,26,201,0,356,98,7304,1156,8460,0.0372472,-0.392447,-0.91902,1
5502,1482,36,294,0,459,149,7922,1271,9193,0.0415874,-0.512848,-0.857472,1
5372,1464,24,195,0,385,106,7546,961,8507,0.0399697,-0.468851,-0.882372,1
2518,1034,12,138,0,294,84,4080,525,4605,0.0491304,-0.40774,-0.911775,1
1732,809,9,108,0,224,62,2944,382,3326,0.058188,-0.388553,-0.919587,1
5822,2774,30,346,0,710,193,9875,1262,11137,0.0722474,-0.507909,-0.858376,1
5776,2749,33,388,0,749,197,9892,952,10844,0.047752,-0.579118,-0.813844,1
5925,3048,32,293,0,516,161,9975,399,10374,0.0322038,-0.701696,-0.711748,1
4019,1887,20,270,0,540,138,6874,-1000,-1000,-1,-1,-1,1
4021,1978,19,241,0,559,137,6955,1747,8702,0.0241526,-0.179126,-0.98353,1
5246,2557,24,310,0,711,179,9027,3368,12395,0.0447066,-0.266375,-0.962832,1
6108,2810,26,358,0,1162,293,10757,2785,13542,0.0467443,-0.410837,-0.91051,1
4073,1470,15,199,0,410,103,6270,1357,7627,0.0345713,-0.421811,-0.906024,1
2088,928,10,114,0,271,66,3477,770,4247,0.0237389,-0.412804,-0.91051,1
6063,2440,25,332,0,739,199,9798,2429,12227,0.0204016,-0.465886,-0.884609,1
4090,1566,17,226,0,485,115,6499,1480,7979,0.0147009,-0.522072,-0.852775,1
6075,2901,27,293,0,756,167,10219,1809,12028,0.015918,-0.585232,-0.81071,1
5723,2321,26,298,0,660,167,9195,1694,10889,0.0200364,-0.699,-0.714841,1
4973,1557,23,225,0,363,91,7232,792,8024,0.0129068,-0.706324,-0.707771,1
2420,950,13,127,0,271,70,3851,554,4405,0.00602684,-0.701916,-0.712234,1
2263,884,16,166,0,308,77,3714,-1000,-1000,-1,-1,-1,1
5619,1776,33,250,0,698,191,8567,1699,10266,-0.0379472,-0.198529,-0.97936,1
5586,1465,32,242,0,432,78,7835,1181,9016,-0.0350064,-0.393877,-0.918496,1
4947,1176,27,169,0,351,91,6761,1641,8402,0.0015108,-0.465576,-0.885007,1
5926,1228,30,211,0,351,95,7841,1434,9275,0.0147542,-0.448595,-0.893614,1
5670,1247,29,183,0,359,96,7584,1276,8860,0.0293481,-0.392022,-0.919488,1
5648,1478,27,203,0,421,111,7888,1316,9204,0.0556072,-0.327631,-0.943168,1
6387,1652,26,226,0,508,143,8942,1236,10178,0.0710918,-0.324927,-0.943063,1
5628,1991,25,270,0,553,153,8620,1179,9799,0.0794529,-0.284422,-0.955401,1
5709,2223,32,310,0,671,170,9115,956,10071,0.0891961,-0.284082,-0.954642,1
6653,2695,26,334,0,770,186,10664,621,11285,0.0919695,-0.272852,-0.95765,1
3997,1962,19,249,0,526,141,6894,508,7402,0.089481,-0.313278,-0.945437,1
5566,3246,27,405,0,849,253,10346,711,11057,0.0778381,-0.308308,-0.948097,1
5784,3658,26,431,0,903,248,11050,799,11849,0.0765799,-0.350593,-0.933392,1
5704,3691,26,455,0,936,252,11064,774,11838,0.03615,-0.384556,-0.922394,1
5660,4334,29,465,0,953,258,11699,1123,12822,0.0294623,-0.397577,-0.917096,1
5650,3901,29,465,0,981,260,11286,1118,12404,0.020975,-0.411102,-0.911348,1
4021,2740,21,328,0,723,242,8075,1134,9209,0.015631,-0.390394,-0.920515,1
6100,3903,28,452,0,961,272,11716,1993,13709,0.0130664,-0.382677,-0.923789,1
6823,3639,30,335,0,651,171,11649,1918,13567,0.00435045,-0.375806,-0.926688,1
4155,2375,22,284,0,627,157,7620,1857,9477,0.0122789,-0.373352,-0.927609,1
5879,2940,32,365,0,831,207,10254,2239,12493,0.0128699,-0.380928,-0.924515,1
6343,3025,34,350,0,777,195,10724,1877,12601,0.00196819,-0.35315,-0.935565,1
3921,1772,20,238,0,519,123,6593,1377,7970,0.0226794,-0.347366,-0.937455,1
5195,2714,32,274,0,605,150,8970,1736,10706,0.0480504,-0.380658,-0.923467,1
5138,2211,28,285,0,628,158,8448,1280,9728,0.0808389,-0.434447,-0.897062,1
5503,2145,30,284,0,600,157,8719,1245,9964,0.0752412,-0.482652,-0.872574,1
5774,2915,30,311,0,645,118,9793,779,10572,0.075129,-0.521521,-0.849925,1
3865,1741,19,231,0,477,129,6462,673,7135,0.0851342,-0.589337,-0.80339,1
6272,2764,28,340,0,723,192,10319,1060,11379,0.0874523,-0.696762,-0.711951,1
6082,2428,39,326,0,673,181,9729,-1000,-1000,-1,-1,-1,1
5564,2295,30,313,0,670,178,9050,834,9884,0.0274443,-0.220999,-0.974888,1
5495,2098,30,357,0,600,162,8742,893,9635,0.0290799,-0.302625,-0.952666,1
5595,1859,29,289,0,498,141,8411,928,9339,0.0229715,-0.312715,-0.949569,1
5553,1530,28,219,0,374,94,7798,651,8449,0.0248588,-0.313815,-0.949159,1
5792,1456,26,202,0,430,116,8022,874,8896,0.032405,-0.310982,-0.949863,1
5431,1473,26,190,0,380,102,7602,849,8451,0.0524576,-0.296776,-0.953505,1
5986,1576,28,199,0,399,106,8294,674,8968,0.0736952,-0.317003,-0.945557,1
5299,1574,27,214,0,434,118,7666,687,8353,0.0677427,-0.297554,-0.952299,1
5704,1828,28,246,0,500,137,8443,870,9313,0.00429989,-0.302809,-0.953042,1
5395,2165,26,285,0,585,157,8613,1099,9712,-0.0128518,-0.297451,-0.954651,1
5869,2502,28,326,0,694,191,9610,1322,10932,-0.0312481,-0.250986,-0.967486,1
5677,2986,51,379,0,756,207,10056,1500,11556,-0.0403381,-0.212527,-0.976322,1
5880,3230,30,362,0,579,159,10240,1136,11376,-0.0504811,-0.172138,-0.983778,1
6026,3088,28,387,0,835,241,10605,1688,12293,-0.0584666,-0.151361,-0.986748,1
5511,3346,27,404,0,831,222,10341,1654,11995,-0.0815087,-0.110816,-0.990493,1
5538,3365,33,463,0,867,279,10545,1463,12008,-0.0905354,-0.129269,-0.987468,1
4830,3049,28,384,0,757,205,9253,1017,10270,-0.109281,-0.11615,-0.987201,1
5831,3558,27,432,0,886,241,10975,1085,12060,-0.105656,-0.169077,-0.979923,1
5956,3520,33,426,0,865,235,11035,781,11816,-0.0859593,-0.230223,-0.969334,1
6071,3543,36,462,0,895,242,11249,850,12099,-0.127353,-0.360514,-0.924019,1
4697,2366,16,237,0,468,137,7921,656,8577,-0.160295,-0.316402,-0.934984,1
2628,1324,10,147,0,343,86,4538,408,4946,-0.18278,-0.286778,-0.940399,1
5848,3360,30,424,0,942,255,10859,1163,12022,-0.197496,-0.312163,-0.929274,1
6016,3408,36,424,0,886,236,11006,871,11877,-0.204487,-0.341754,-0.917273,1
4204,2305,19,284,0,603,152,7567,718,8285,-0.212119,-0.39663,-0.893135,1
5530,2760,24,334,0,765,189,9602,1188,10790,-0.203229,-0.476662,-0.855273,1
5921,2793,27,339,0,812,196,10088,1379,11467,-0.188311,-0.635907,-0.748439,1
4164,1571,13,176,0,375,92,6391,653,7044,-0.190296,-0.664335,-0.722805,1
2190,848,11,106,0,238,60,3453,427,3880,-0.191116,-0.664929,-0.722042,1
1800,735,9,92,0,205,54,2895,-1000,-1000,-1,-1,-1,1
6057,2551,29,315,0,723,185,9860,1438,11298,-0.0184049,-0.285569,-0.958181,1
4331,1582,16,193,0,380,99,6601,1908,8509,-0.00858841,-0.220086,-0.975443,1
2912,1026,11,123,0,256,77,4405,1178,5583,-0.00656351,-0.151718,-0.988402,1
3246,1393,17,181,0,431,106,5374,1817,7191,0.0179713,-0.146266,-0.989082,1
5753,2249,30,288,0,598,159,9077,2628,11705,0.0137628,-0.206742,-0.978299,1
6465,1258,34,177,0,342,92,8368,1823,10191,0.00640537,-0.213859,-0.976844,1
3095,787,17,130,0,251,64,4344,1341,5685,0.000593066,-0.189903,-0.981803,1
5794,1695,39,243,0,496,150,8417,2662,11079,-0.00636773,-0.244425,-0.969647,1
5779,2361,28,294,0,631,164,9257,2640,11897,0.00412857,-0.254823,-0.966979,1
4138,2224,20,265,0,563,150,7360,1552,8912,0.00880467,-0.253239,-0.967364,1
6250,3977,26,472,0,1004,264,11993,2306,14299,0.00363434,-0.265554,-0.964089,1
6222,4400,25,526,0,1103,232,12508,1659,14167,0.00782134,-0.255072,-0.966891,1
5604,4241,21,510,0,1078,296,11750,2395,14145,0.0221806,-0.243768,-0.96958,1
5565,4354,22,523,0,1090,292,11846,2307,14153,0.0273723,-0.241539,-0.970005,1
6158,4745,21,522,0,1200,320,12966,2699,15665,0.016115,-0.246867,-0.968915,1
4330,3293,18,416,0,825,224,9106,1901,11007,0.0109738,-0.241658,-0.970299,1
6089,4690,24,562,0,1175,341,12881,2475,15356,0.0227361,-0.248009,-0.968491,1
5400,4270,25,491,0,1037,303,11526,1780,13306,0.0328496,-0.271465,-0.961888,1
5891,4476,24,522,0,1104,294,12311,1485,13796,0.0362373,-0.286671,-0.957343,1
4010,2895,19,373,0,724,190,8211,983,9194,0.0506416,-0.283853,-0.95753,1
5890,4154,28,487,0,1033,272,11864,1228,13092,0.0630689,-0.2972,-0.95273,1
6026,3673,19,337,0,700,187,10942,927,11869,0.0532243,-0.304955,-0.950879,1
3198,2135,15,276,0,532,141,6297,825,7122,0.0356894,-0.289849,-0.956407,1
6102,3915,27,438,0,928,280,11690,1940,13630,0.0336798,-0.310617,-0.949938,1
3922,2576,19,339,0,654,174,7684,1762,9446,0.037737,-0.286586,-0.957311,1
3891,2385,20,286,0,621,162,7365,2032,9397,0.0304449,-0.27655,-0.960517,1
5965,3475,33,418,0,908,235,11034,3121,14155,0.0356191,-0.277815,-0.959974,1
6057,3306,31,400,0,822,170,10786,1874,12660,0.0364744,-0.265759,-0.963349,1
3056,1673,17,203,0,462,116,5527,1350,6877,0.0305029,-0.251999,-0.967247,1
5830,3022,57,405,0,798,209,10321,2206,12527,0.0242819,-0.260119,-0.965271,1
5824,2893,31,357,0,775,199,10079,1986,12065,0.0183234,-0.274901,-0.961298,1
5789,2670,37,331,0,731,183,9741,1767,11508,0.02071,-0.264116,-0.964269,1
5171,2300,28,288,0,651,157,8595,1934,10529,0.0285118,-0.267865,-0.963035,1
5635,2547,31,309,0,674,179,9375,1845,11220,0.0267425,-0.271912,-0.961951,1
5864,2719,30,336,0,784,198,9931,1542,11473,0.0218073,-0.268982,-0.962898,1
5643,2640,52,344,0,780,214,9673,1120,10793,0.0211353,-0.286384,-0.957881,1
5559,2661,30,346,0,744,191,9531,1139,10670,0.0189568,-0.301865,-0.953162,1
5286,2542,26,309,0,672,173,9008,1025,10033,0.0247425,-0.308245,-0.950985,1
5620,2731,28,348,0,835,202,9764,883,10647,0.0333476,-0.316447,-0.948024,1
5716,2749,30,352,0,767,195,9809,776,10585,0.0409912,-0.312724,-0.948959,1
5584,2774,29,351,0,751,195,9684,589,10273,0.0423331,-0.32129,-0.946034,1
3814,1836,20,257,0,580,136,6643,388,7031,0.0384439,-0.339572,-0.939794,1
5582,3079,31,369,0,829,253,10143,776,10919,0.0403465,-0.358268,-0.932746,1
5542,2748,27,356,0,787,200,9660,684,10344,0.0376268,-0.378911,-0.924668,1
5633,2520,26,326,0,703,186,9394,702,10096,0.0338315,-0.383823,-0.922787,1
5041,2561,25,326,0,724,189,8866,707,9573,0.0289878,-0.379698,-0.924656,1
5545,2843,28,403,0,826,213,9858,863,10721,0.023815,-0.373077,-0.927495,1
3643,1642,20,268,0,436,113,6122,428,6550,0.0281357,-0.312594,-0.94947,1
2109,1043,11,133,0,287,76,3659,217,3876,0.0340951,-0.290141,-0.956376,1
2464,1310,12,168,0,376,95,4425,291,4716,0.0170322,-0.189404,-0.981751,1
5411,2811,29,372,0,828,241,9692,989,10681,0.00758713,-0.137965,-0.990408,1
5672,2832,27,367,0,817,204,9919,834,10753,0.00668958,-0.0971389,-0.995249,1
6438,2944,33,402,0,836,211,10864,1140,12004,0.00447377,-0.0770234,-0.99702,1
5679,2854,26,338,0,544,154,9595,994,10589,0.000575389,-0.0690253,-0.997615,1
5057,2658,34,336,0,722,195,9002,1403,10405,-0.00185927,-0.0579554,-0.998317,1
4929,2595,24,327,0,725,193,8793,1485,10278,-0.00306251,-0.0425278,-0.999091,1
5719,2828,28,369,0,941,212,10097,1710,11807,-0.0044789,-0.0349226,-0.99938,1
5466,2872,27,366,0,791,209,9731,1917,11648,-0.00487751,-0.0289288,-0.99957,1
5447,2903,26,367,0,792,208,9743,2033,11776,-0.0052354,-0.026856,-0.999626,1
5536,2887,27,371,0,802,207,9830,1884,11714,-0.00663864,-0.0236209,-0.999699,1
4931,2613,26,338,0,724,194,8826,1851,10677,-0.0104281,-0.0175966,-0.999791,1
5602,2878,28,366,0,897,214,9985,2129,12114,-0.0110873,-0.0190124,-0.999758,1
5483,2883,29,374,0,788,206,9763,2176,11939,-0.0125025,-0.0182602,-0.999755,1
5633,3038,31,420,0,822,215,10159,2093,12252,-0.0149976,-0.0173265,-0.999738,1
8702,3586,21,260,0,603,148,13320,1724,15044,-0.0125935,-0.019197,-0.999737,1
2603,1225,12,156,0,335,86,4417,1083,5500,-0.0121073,-0.0181535,-0.999762,1
1689,887,9,113,0,256,65,3019,661,3680,-0.0133996,-0.0180311,-0.999748,1
4650,2325,23,295,0,642,166,8101,1800,9901,-0.0143911,-0.0189132,-0.999718,1
5521,2956,28,396,0,791,209,9901,2185,12086,-0.0152784,-0.0206365,-0.999671,1
5483,2833,25,328,0,818,232,9719,2218,11937,-0.0152389,-0.0201422,-0.999681,1
5536,2843,27,404,0,792,214,9816,2299,12115,-0.0133575,-0.0185686,-0.999739,1
3817,1979,20,255,0,568,149,6788,1500,8288,-0.012527,-0.018839,-0.999744,1
5440,2847,27,364,0,816,208,9702,2175,11877,-0.0135892,-0.0191943,-0.999724,1
5512,2935,29,367,0,807,208,9858,2125,11983,-0.0136188,-0.0190448,-0.999726,1
5494,2928,27,369,0,836,243,9897,2189,12086,-0.0121513,-0.0168846,-0.999784,1
5659,2716,19,251,0,545,143,9333,1449,10782,-0.01191,-0.0180266,-0.999767,1
2888,1500,15,196,0,435,114,5148,1163,6311,-0.0136673,-0.0195097,-0.999716,1
5411,2845,28,367,0,792,206,9649,2111,11760,-0.0150331,-0.0183592,-0.999719,1
5500,2976,29,371,0,796,233,9905,2147,12052,-0.0139749,-0.0190417,-0.999721,1
5483,2865,27,369,0,798,208,9750,2319,12069,-0.0128473,-0.0183032,-0.99975,1
5443,2847,34,375,0,800,211,9710,2109,11819,-0.0112388,-0.0174002,-0.999786,1
5530,2861,28,374,0,918,213,9924,2089,12013,-0.0115344,-0.0185248,-0.999762,1
5491,2888,27,370,0,797,210,9783,2077,11860,-0.0118569,-0.0184016,-0.99976,1
6553,2336,19,258,0,550,142,9858,1500,11358,-0.0108149,-0.0175402,-0.999788,1
3559,1890,17,236,0,511,150,6363,1358,7721,-0.0108467,-0.0162099,-0.99981,1
5839,2914,47,416,0,788,241,10245,2069,12314,-0.015112,-0.0187374,-0.99971,1
5688,2990,27,371,0,871,233,10180,2175,12355,-0.0196738,-0.0207808,-0.99959,1
3948,1991,19,255,0,560,160,6933,1580,8513,-0.0172712,-0.0211686,-0.999627,1
5478,3013,28,376,0,814,208,9917,2260,12177,-0.0106287,-0.0201238,-0.999741,1
5432,2753,22,262,0,549,145,9163,1532,10695,-0.00813564,-0.0186265,-0.999794,1
2877,1512,14,189,0,416,108,5116,1172,6288,-0.01044,-0.0195914,-0.999754,1
2902,1525,15,193,0,429,110,5174,1068,6242,-0.0127602,-0.0252727,-0.999599,1
5472,2952,26,371,0,790,208,9819,1615,11434,-0.0191918,-0.0422948,-0.998921,1
5639,3232,27,426,0,851,229,10404,1771,12175,-0.0174914,-0.06131,-0.997965,1
5574,3368,25,420,0,896,231,10514,1662,12176,-0.0115304,-0.0938879,-0.995516,1
5696,3292,27,440,0,880,236,10571,1164,11735,-0.0106632,-0.122449,-0.992418,1
5038,2974,24,377,0,822,216,9451,1152,10603,-0.00930065,-0.144852,-0.98941,1
5262,2967,23,365,0,770,234,9621,1091,10712,-0.00816557,-0.159425,-0.987176,1
3554,2007,17,284,0,524,141,6527,749,7276,-0.0105039,-0.147064,-0.989071,1
5648,2796,27,359,0,759,205,9794,1206,11000,-0.00519221,-0.155033,-0.987895,1
5570,2478,26,332,0,693,188,9287,1130,10417,-0.00167366,-0.195644,-0.980674,1
5901,2366,25,315,0,681,181,9469,1319,10788,0.00816974,-0.199082,-0.979949,1
5821,2442,32,337,0,731,184,9547,1199,10746,0.0050758,-0.205137,-0.97872,1
5756,2332,26,297,0,620,209,9240,1640,10880,0.00140183,-0.228927,-0.973443,1
5701,2235,29,323,0,875,241,9404,2421,11825,-0.0025759,-0.210361,-0.97762,1
3572,1230,15,124,0,259,70,5270,905,6175,-0.0108988,-0.147439,-0.989011,1
4277,1868,20,226,0,477,128,6996,2134,9130,-0.00370316,-0.135451,-0.990777,1
5850,2638,28,327,0,734,185,9762,2088,11850,0.00104985,-0.132603,-0.991169,1
3999,1941,20,260,0,507,135,6862,1825,8687,-0.00369122,-0.121609,-0.992571,1
5941,2939,28,373,0,784,212,10277,2742,13019,-0.0123531,-0.105765,-0.994315,1
6043,3203,28,403,0,846,228,10751,2839,13590,-0.018584,-0.125803,-0.991881,1
6234,3965,44,430,0,908,238,11819,2157,13976,-0.0223321,-0.122789,-0.992181,1
3240,1782,16,227,0,484,133,5882,1575,7457,-0.0211031,-0.101465,-0.994615,1
6020,3470,30,434,0,923,254,11131,3046,14177,-0.0143509,-0.115922,-0.993155,1
5859,3420,29,435,0,934,250,10927,2536,13463,-0.00738751,-0.125328,-0.992088,1
3570,1793,15,229,0,479,132,6218,1518,7736,-0.00676586,-0.140358,-0.990078,1
6048,3458,30,472,0,903,248,11159,2161,13320,0.0128661,-0.212541,-0.977067,1
3434,1867,15,247,0,463,104,6130,637,6767,0.0273895,-0.252808,-0.967129,1
2155,1291,11,157,0,345,91,4050,352,4402,0.0477743,-0.294823,-0.954357,1
6015,3716,28,442,0,916,250,11367,798,12165,0.0573974,-0.302323,-0.951476,1
7075,4153,29,458,0,705,200,12620,681,13301,0.0659597,-0.34311,-0.936976,1
4537,3042,21,336,0,740,194,8870,616,9486,0.0944772,-0.381032,-0.919722,2
4046,2755,23,381,0,774,187,8166,462,8628,0.0923758,-0.366061,-0.925995,2
6380,4433,29,520,0,1211,273,12846,569,13415,0.121972,-0.422304,-0.898211,2
4322,3091,19,370,0,766,203,8771,660,9431,0.0431946,-0.339414,-0.939645,2
5944,4007,26,486,0,986,254,11703,1246,12949,0.031819,-0.351114,-0.935792,2
5544,3697,26,427,0,977,245,10916,1325,12241,0.0163681,-0.379564,-0.92502,2
7225,4465,40,691,0,1619,323,14363,1185,15548,-0.00979861,-0.475809,-0.879494,2
3471,1820,12,219,0,434,109,6065,778,6843,0.0063864,-0.466477,-0.88451,2
2280,1259,29,165,0,302,74,4109,498,4607,0.0159424,-0.450152,-0.892809,2
2868,1533,14,181,0,413,103,5112,790,5902,0.030758,-0.464788,-0.884888,2
6868,3099,29,404,0,888,213,11501,1185,12686,0.0462975,-0.505109,-0.861813,2
4706,2050,19,246,0,549,139,7709,1268,8977,0.0547093,-0.522979,-0.850588,2
6914,3322,32,407,0,915,230,11820,1676,13496,0.0709081,-0.566106,-0.821277,2
4466,2223,24,268,0,585,174,7740,1217,8957,0.0657344,-0.559602,-0.826151,2
6987,3457,38,412,0,913,229,12036,2236,14272,0.0778977,-0.632319,-0.770782,2
3314,1427,11,160,0,352,94,5358,865,6223,0.0708229,-0.612464,-0.787319,2
2176,1122,12,156,0,295,77,3838,737,4575,0.0698151,-0.641276,-0.764128,2
5801,2883,34,364,0,813,228,10123,-1000,-1000,-1,-1,-1,2
6364,2264,22,243,0,515,135,9543,2740,12283,0.0194498,-0.112002,-0.993517,2
3748,1597,22,218,0,427,115,6127,2436,8563,0.0113816,-0.137717,-0.990406,2
6093,2351,31,327,0,643,165,9610,3387,12997,0.0164781,-0.120087,-0.992627,2
4183,1636,28,199,0,515,115,6676,2409,9085,0.0360064,-0.114377,-0.992785,2
3990,1630,20,202,0,442,114,6398,2257,8655,0.0422766,-0.127999,-0.990873,2
5924,2801,26,333,0,698,186,9968,3071,13039,0.0581505,-0.259094,-0.9641,2
4280,1970,35,196,0,438,114,7033,1533,8566,0.058355,-0.220478,-0.973645,2
2579,1496,12,186,0,383,103,4759,1161,5920,0.0531161,-0.168129,-0.984333,2
2598,1589,11,196,0,420,113,4927,1130,6057,0.0471059,-0.140541,-0.988954,2
6137,4025,27,492,0,1053,307,12041,2742,14783,0.0498711,-0.179817,-0.982435,2
6193,4347,33,524,0,1101,296,12494,2569,15063,0.050531,-0.220262,-0.974131,2
4086,3078,18,370,0,768,209,8529,2080,10609,0.056016,-0.209926,-0.976111,2
5291,4022,24,501,0,1042,274,11154,2736,13890,0.0460603,-0.226656,-0.972885,2
5850,4600,26,560,0,1181,316,12533,2822,15355,0.0336409,-0.262907,-0.964234,2
4028,3236,19,439,0,850,236,8808,1529,10337,0.0263194,-0.264658,-0.963983,2
6059,4578,28,660,0,1159,312,12796,1012,13808,0.0271968,-0.31581,-0.948433,2
4023,3217,19,364,0,745,204,8572,1170,9742,0.0221461,-0.26994,-0.962623,2
6113,4401,30,537,0,1071,328,12480,2500,14980,0.0157936,-0.275554,-0.961156,2
4255,3212,21,381,0,797,222,8888,2802,11690,0.00999198,-0.311043,-0.950343,2
6031,4254,33,502,0,1110,299,12229,3197,15426,0.00543569,-0.396681,-0.91794,2
4117,2736,21,319,0,696,181,8070,1363,9433,0.00496939,-0.447503,-0.894269,2
5956,3553,32,433,0,940,244,11158,1809,12967,0.0277007,-0.549684,-0.834913,2
6609,3325,32,397,0,903,224,11490,1593,13083,0.0513629,-0.644964,-0.762485,2
6698,3751,34,433,0,915,235,12066,-1000,-1000,-1,-1,-1,2
6964,3627,30,463,0,963,254,12301,2642,14943,0.0341719,-0.22932,-0.972751,2
4243,3236,22,337,0,697,184,8719,1138,9857,0.0280382,-0.216901,-0.975791,2
5737,4148,27,486,0,1047,317,11762,1782,13544,0.0359045,-0.221769,-0.974438,2
5734,4041,44,476,0,1004,270,11569,2113,13682,0.0498004,-0.221071,-0.973986,2
5693,3889,29,472,0,995,261,11339,1829,13168,0.0602865,-0.217277,-0.974247,2
5153,3327,24,390,0,864,236,9994,2351,12345,0.0574162,-0.196834,-0.978754,2
5834,3484,29,410,0,865,234,10856,2585,13441,0.0437987,-0.175763,-0.983458,2
5133,2870,48,336,0,733,193,9313,2193,11506,0.0327873,-0.165762,-0.985621,2
5783,3089,28,369,0,805,222,10296,2373,12669,0.0355426,-0.160776,-0.986351,2
5766,3205,24,295,0,557,146,9993,1778,11771,0.0348525,-0.145294,-0.988775,2
2956,1504,15,185,0,412,110,5182,1244,6426,0.0307526,-0.121231,-0.992148,2
5713,2834,30,354,0,761,199,9891,2245,12136,0.0526542,-0.133049,-0.98971,2
5632,2612,28,331,0,698,188,9489,1631,11120,0.07116,-0.129361,-0.989041,2
5767,2631,29,345,0,720,191,9683,1757,11440,0.0726905,-0.12257,-0.989794,2
5896,2911,52,370,0,821,213,10263,1813,12076,0.0718229,-0.120895,-0.990064,2
5972,3142,29,395,0,797,159,10494,1303,11797,0.0598262,-0.118038,-0.991205,2
6407,3706,30,429,0,856,233,11661,1975,13636,0.0492274,-0.127051,-0.990674,2
5979,3481,30,435,0,888,241,11054,1922,12976,0.0389599,-0.118225,-0.992222,2
6076,3526,29,431,0,919,245,11226,1814,13040,0.0307414,-0.126241,-0.991523,2
4172,2570,21,297,0,617,168,7845,1354,9199,0.0406389,-0.143366,-0.988835,2
5486,3281,25,398,0,854,235,10279,1628,11907,0.0523223,-0.209603,-0.976386,2
6038,3792,28,475,0,951,258,11542,1653,13195,0.0670909,-0.318228,-0.945638,2
4286,2680,19,323,0,676,197,8181,846,9027,0.0900696,-0.42026,-0.902923,2
6642,3932,30,472,0,1045,274,12395,1128,13523,0.121949,-0.517754,-0.846793,2
5961,3935,30,494,0,744,186,11350,614,11964,0.164393,-0.592849,-0.788356,2
6142,4616,30,486,0,1019,295,12588,-1000,-1000,-1,-1,-1,2
4207,2304,16,258,0,548,148,7481,2278,9759,0.0473028,-0.110886,-0.992707,2
2301,1509,10,189,0,449,105,4563,796,5359,0.0665482,-0.155841,-0.985538,2
6728,4648,29,527,0,1100,311,13343,1479,14822,0.0574629,-0.230995,-0.971257,2
5611,4035,26,465,0,988,254,11379,1336,12715,0.013361,-0.212147,-0.977147,2
5852,3928,24,466,0,862,184,11316,1160,12476,0.00642286,-0.271015,-0.962554,2
5097,3428,21,395,0,887,221,10049,1464,11513,-0.00701632,-0.315414,-0.948928,2
6509,3832,27,460,0,1019,257,12104,1963,14067,-0.0167849,-0.364854,-0.930913,2
6618,3627,28,421,0,929,239,11862,2031,13893,0.00486558,-0.501295,-0.865263,2
3975,1760,14,207,0,461,119,6536,1137,7673,0.00717937,-0.526593,-0.850088,2
2310,1149,10,134,0,295,75,3973,708,4681,0.0094949,-0.507219,-0.861765,2
2651,1398,15,204,0,361,95,4724,916,5640,0.0029423,-0.52686,-0.849947,2
6135,3086,32,387,0,802,213,10655,1966,12621,-0.00105108,-0.613774,-0.789481,2
5876,3021,32,372,0,804,205,10310,1826,12136,0.0159034,-0.649008,-0.760615,2
5853,2797,35,356,0,737,217,9995,1956,11951,0.018843,-0.686616,-0.726776,2
6343,2779,36,339,0,683,207,10387,1501,11888,0.0212117,-0.705398,-0.708494,2
5270,2147,28,278,0,572,153,8448,1586,10034,0.0309207,-0.652609,-0.757064,2
5456,2043,28,263,0,581,169,8540,1205,9745,0.0602612,-0.561501,-0.825279,2
3796,1465,23,179,0,377,99,5939,1063,7002,0.0468627,-0.267123,-0.962523,2
6201,2237,29,287,0,585,155,9494,2478,11972,0.0525549,-0.16424,-0.98502,2
6026,2371,22,225,0,442,120,9206,1872,11078,0.0642346,-0.150375,-0.98654,2
4021,1817,20,226,0,482,129,6695,1612,8307,0.068694,-0.156446,-0.985295,2
5953,2843,26,368,0,803,205,10198,1404,11602,0.0732641,-0.210055,-0.974941,2
5983,3390,32,536,0,940,226,11107,1197,12304,0.0722192,-0.21318,-0.97434,2
4067,2497,19,304,0,628,173,7688,872,8560,0.0707257,-0.223872,-0.972049,2
6083,4453,27,506,0,1073,290,12432,1231,13663,0.0691321,-0.250109,-0.965746,2
4017,3210,16,380,0,779,214,8616,813,9429,0.0819433,-0.214045,-0.973381,2
5774,4253,21,504,0,1031,288,11871,961,12832,0.0701168,-0.202895,-0.976687,2
5133,4329,22,529,0,1082,301,11396,1041,12437,0.0643132,-0.186839,-0.980283,2
5471,3995,16,362,0,731,217,10792,743,11535,0.0493499,-0.192201,-0.980114,2
4675,3830,21,502,0,932,261,10221,901,11122,0.0442499,-0.193703,-0.980062,2
5783,4792,25,560,0,1134,322,12616,999,13615,0.0402863,-0.22626,-0.973234,2
5962,4860,28,569,0,1154,319,12892,1099,13991,0.0326707,-0.240486,-0.970103,2
4107,3499,19,415,0,815,227,9082,905,9987,0.0196398,-0.24133,-0.970244,2
6250,5136,31,595,0,1336,346,13694,2514,16208,0.0264754,-0.28619,-0.957807,2
3927,2918,17,313,0,540,143,7858,1422,9280,0.0130528,-0.223416,-0.974636,2
2285,1816,12,210,0,456,120,4899,1278,6177,0.019179,-0.192981,-0.981015,2
3459,2878,21,350,0,676,181,7565,1816,9381,0.0180794,-0.174191,-0.984546,2
6252,4708,34,563,0,1156,346,13059,3239,16298,0.00620367,-0.174762,-0.984591,2
4441,3163,23,392,0,787,211,9017,2347,11364,0.00312269,-0.145804,-0.989309,2
6024,4342,30,475,0,998,266,12135,3082,15217,0.00363365,-0.142596,-0.989774,2
3773,2779,21,368,0,751,188,7880,2154,10034,-0.00348,-0.106187,-0.99434,2
5828,3977,31,459,0,1013,259,11567,3169,14736,-0.00841982,-0.096324,-0.995314,2
5787,3693,31,427,0,923,240,11101,2334,13435,-0.00688019,-0.0856448,-0.996302,2
5256,3277,30,378,0,822,213,9976,2265,12241,-0.00893219,-0.071202,-0.997422,2
5894,3634,30,433,0,904,232,11127,2880,14007,-0.00917165,-0.0631653,-0.997961,2
4001,2528,21,295,0,635,168,7648,2173,9821,-0.0119109,-0.0548274,-0.998425,2
5915,3614,28,433,0,916,243,11149,3423,14572,-0.0238743,-0.0571657,-0.998079,2
6038,3391,26,381,0,886,238,10960,3597,14557,-0.0206818,-0.045325,-0.998758,2
3061,1833,16,224,0,378,98,5610,1523,7133,-0.0128126,-0.0363456,-0.999257,2
2760,1605,14,193,0,419,110,5101,1662,6763,-0.00821534,-0.0293163,-0.999536,2
6365,3490,27,372,0,943,263,11460,3593,15053,-0.00381145,-0.020065,-0.999791,2
5418,3642,29,378,0,823,215,10505,3019,13524,-0.00218335,-0.0128273,-0.999916,2
3956,2652,22,290,0,583,154,7657,2314,9971,-0.000959945,-0.0122314,-0.999925,2
5981,3662,31,425,0,927,239,11265,3416,14681,0.000871756,-0.0116168,-0.999932,2
5694,3437,30,366,0,663,176,10366,2397,12763,-0.000729045,-0.0191565,-0.999816,2
2458,1576,13,185,0,349,91,4672,1295,5967,-0.00158071,-0.0236417,-0.999719,2
2008,1279,10,153,0,330,86,3866,1298,5164,-0.00259463,-0.0284758,-0.999591,2
5405,3384,27,414,0,869,228,10327,3138,13465,-0.00472453,-0.0363173,-0.999329,2
5995,3748,31,442,0,950,260,11426,3279,14705,-0.00689139,-0.0415678,-0.999112,2
6799,3808,37,506,0,982,256,12388,2862,15250,-0.0130418,-0.04737,-0.998792,2
4017,2648,21,299,0,643,170,7798,2227,10025,-0.0152572,-0.0479343,-0.998734,2
3702,2959,19,335,0,619,178,7812,2201,10013,-0.0168875,-0.0405028,-0.999036,2
5653,3366,25,396,0,877,240,10557,3111,13668,-0.0122483,-0.024467,-0.999626,2
3887,2381,18,282,0,637,162,7367,2405,9772,-0.0122458,-0.012733,-0.999844,2
5336,3493,28,404,0,886,229,10376,3679,14055,-0.0173184,-0.00265081,-0.999847,2
2925,1838,14,211,0,385,102,5475,1707,7182,-0.0131751,-0.00850059,-0.999877,2
2010,1285,13,152,0,327,85,3872,1485,5357,-0.0114163,-0.00917695,-0.999893,2
4994,3099,26,375,0,776,204,9474,3465,12939,-0.0142717,-0.00532877,-0.999884,2
4959,3144,25,430,0,807,208,9573,3459,13032,-0.0166014,-0.00852037,-0.999826,2
4457,2850,23,353,0,721,270,8674,3925,12599,-0.0160538,-0.0137893,-0.999776,2
4507,2924,24,334,0,718,188,8695,3496,12191,-0.0153662,-0.0195383,-0.999691,2
5359,3513,28,424,0,863,229,10416,3805,14221,-0.0155669,-0.0228599,-0.999617,2
3884,2577,19,286,0,619,163,7548,2741,10289,-0.0136699,-0.0247336,-0.9996,2
4723,2373,63,313,0,626,163,8261,2626,10887,-0.012375,-0.0262495,-0.999579,2
5475,3384,27,420,0,901,229,10436,4108,14544,-0.013159,-0.0267958,-0.999555,2
3880,2408,19,282,0,635,163,7387,2738,10125,-0.0112889,-0.0249603,-0.999625,2
3908,2470,23,292,0,625,185,7503,2779,10282,-0.00973711,-0.024729,-0.999647,2
6036,3456,25,390,0,949,254,11110,4022,15132,-0.00931661,-0.0263803,-0.999609,2
5343,3342,25,388,0,876,218,10192,3933,14125,-0.0115822,-0.0287914,-0.999518,2
5861,3648,28,431,0,948,245,11161,4367,15528,-0.0140776,-0.0281647,-0.999504,2
6013,3642,30,463,0,785,169,11102,2889,13991,-0.0116713,-0.0264767,-0.999581,2
5342,3243,28,381,0,833,221,10048,3788,13836,-0.00644288,-0.0265673,-0.999626,2
5781,3264,25,382,0,889,259,10600,3247,13847,-0.00186262,-0.0261405,-0.999657,2
4779,2991,24,354,0,754,198,9100,3099,12199,0.00134412,-0.0244367,-0.9997,2
5809,3558,28,426,0,917,246,10984,3612,14596,0.00335048,-0.023189,-0.999726,2
3557,1884,15,223,0,482,127,6288,1648,7936,0.00293518,-0.0239123,-0.99971,2
6132,3600,32,455,0,995,248,11462,3753,15215,0.00062396,-0.0271132,-0.999632,2
3969,1868,14,222,0,484,127,6684,1756,8440,-0.000205689,-0.0275018,-0.999622,2
2507,1639,14,187,0,391,104,4842,1539,6381,-0.00118799,-0.0274923,-0.999621,2
5720,3325,26,400,0,872,235,10578,3463,14041,-0.00265005,-0.0269363,-0.999634,2
5465,3234,25,396,0,893,220,10233,3333,13566,-0.00276015,-0.0262615,-0.999651,2
6035,3521,53,446,0,912,239,11206,3662,14868,-0.00433886,-0.0269443,-0.999627,2
4083,2435,21,289,0,652,167,7647,2551,10198,-0.0025513,-0.0267481,-0.999639,2
