Downsample[ns],BuildFilTree[ns],SearchFil[ns],DeleteFil[ns],BuildTreeSub[ns],SearchSub[ns],DeleteSub[ns],PreProcTotal[ns],Plane[ns],Total[ns],nx,ny,nz,planeCount
0,0,0,0,0,5817,1015,6832,16994,23826,-0.0680621,0.0672075,-0.995415,0
0,0,0,0,0,2922,520,3442,11488,14930,-0.0448853,0.044305,-0.998009,0
0,0,0,0,0,1829,300,2129,2495,4624,-0.0389951,0.0390389,-0.998476,0
0,0,0,0,0,5374,1116,6490,5707,12197,-0.0322188,0.0344959,-0.998885,0
0,0,0,0,0,5874,1031,6905,4825,11730,-0.0240449,0.0291902,-0.999285,0
0,0,0,0,0,5858,1023,6881,5946,12827,-0.01982,0.0278735,-0.999415,0
0,0,0,0,0,5998,1033,7031,6404,13435,-0.0172763,0.0274556,-0.999474,0
0,0,0,0,0,3979,732,4711,4444,9155,-0.0151658,0.0262959,-0.999539,0
0,0,0,0,0,5298,865,6163,6282,12445,-0.0152387,0.0276321,-0.999502,0
0,0,0,0,0,5224,865,6089,6453,12542,-0.0135613,0.0269006,-0.999546,0
0,0,0,0,0,5957,967,6924,7373,14297,-0.0138834,0.0263996,-0.999555,0
0,0,0,0,0,4043,671,4714,4976,9690,-0.0188873,0.0296219,-0.999383,0
0,0,0,0,0,6277,1014,7291,6717,14008,-0.0190543,0.0312276,-0.999331,0
0,0,0,0,0,5963,1018,6981,5123,12104,-0.0154317,0.0304766,-0.999416,0
0,0,0,0,0,3641,540,4181,3679,7860,-0.0142998,0.0300227,-0.999447,0
0,0,0,0,0,4880,857,5737,5768,11505,-0.0140148,0.0306682,-0.999431,0
0,0,0,0,0,4884,824,5708,5802,11510,-0.0134803,0.0318776,-0.999401,0
0,0,0,0,0,4432,797,5229,5881,11110,-0.0126649,0.0329089,-0.999378,0
0,0,0,0,0,4627,821,5448,5337,10785,-0.0159053,0.0339463,-0.999297,0
0,0,0,0,0,6029,1065,7094,7159,14253,-0.0141928,0.0345389,-0.999303,0
0,0,0,0,0,4059,731,4790,4901,9691,-0.0147309,0.0351474,-0.999274,0
0,0,0,0,0,4055,693,4748,4635,9383,-0.0111378,0.0332234,-0.999386,0
0,0,0,0,0,5951,1015,6966,7680,14646,-0.0108856,0.0333484,-0.999384,0
0,0,0,0,0,5840,1023,6863,6501,13364,-0.0141413,0.0344133,-0.999308,0
0,0,0,0,0,4048,733,4781,4936,9717,-0.00971909,0.0323818,-0.999428,0
0,0,0,0,0,5875,1087,6962,7737,14699,-0.0109417,0.0316886,-0.999438,0
0,0,0,0,0,5950,1039,6989,7863,14852,-0.0174737,0.0332598,-0.999294,0
0,0,0,0,0,4118,613,4731,3610,8341,-0.0174135,0.0343831,-0.999257,0
0,0,0,0,0,2507,452,2959,2838,5797,-0.0149358,0.0357602,-0.999249,0
0,0,0,0,0,4031,740,4771,5293,10064,-0.0163319,0.0363655,-0.999205,0
0,0,0,0,0,5923,1055,6978,7189,14167,-0.0176736,0.0379778,-0.999122,0
0,0,0,0,0,5306,894,6200,5902,12102,-0.0124537,0.0373667,-0.999224,0
0,0,0,0,0,5373,948,6321,6529,12850,-0.011879,0.040365,-0.999115,0
0,0,0,0,0,5336,925,6261,6460,12721,-0.0127527,0.0405617,-0.999096,0
0,0,0,0,0,4917,860,5777,6503,12280,-0.0135009,0.0401602,-0.999102,0
0,0,0,0,0,5923,1058,6981,7558,14539,-0.0114086,0.0403735,-0.999119,0
0,0,0,0,0,5351,948,6299,7049,13348,-0.0125013,0.0409703,-0.999082,0
0,0,0,0,0,7069,1079,8148,7600,15748,-0.00863172,0.0415557,-0.999099,0
0,0,0,0,0,5335,924,6259,6119,12378,-0.00637919,0.0428496,-0.999061,0
0,0,0,0,0,2552,416,2968,3467,6435,-0.00450482,0.0439212,-0.999025,0
0,0,0,0,0,5962,1024,6986,9499,16485,-0.00335107,0.0450721,-0.998979,0
0,0,0,0,0,3324,539,3863,4496,8359,-0.00211405,0.0463261,-0.998924,0
0,0,0,0,0,2120,365,2485,3513,5998,-0.0112376,0.0453951,-0.998906,0
0,0,0,0,0,5361,914,6275,7712,13987,-0.00531927,0.0454007,-0.998955,0
0,0,0,0,0,6018,1062,7080,9270,16350,-0.0073282,0.0462054,-0.998905,0
0,0,0,0,0,5991,1054,7045,7396,14441,-0.000528017,0.0466319,-0.998912,0
0,0,0,0,0,3851,678,4529,6444,10973,-0.000613245,0.0473534,-0.998878,0
0,0,0,0,0,5987,1093,7080,9677,16757,0.00182585,0.0476235,-0.998864,0
0,0,0,0,0,3801,682,4483,7024,11507,-3.22563e-06,0.0467859,-0.998905,0
0,0,0,0,0,5588,976,6564,9158,15722,-0.00222684,0.0457752,-0.998949,0
0,0,0,0,0,5363,955,6318,8192,14510,-0.00870507,0.0453757,-0.998932,0
0,0,0,0,0,3782,682,4464,6025,10489,-0.0105807,0.0451852,-0.998923,0
0,0,0,0,0,5995,1062,7057,8151,15208,-0.0104143,0.0452716,-0.99892,0
0,0,0,0,0,5346,919,6265,7932,14197,-0.00192057,0.0462796,-0.998927,0
0,0,0,0,0,4910,802,5712,8289,14001,-0.00615824,0.0456465,-0.998939,0
0,0,0,0,0,4872,852,5724,7645,13369,-0.00034235,0.0465752,-0.998915,0
0,0,0,0,0,4854,858,5712,8540,14252,3.43503e-05,0.0462708,-0.998929,0
0,0,0,0,0,6022,1058,7080,9686,16766,-0.00291488,0.0455667,-0.998957,0
0,0,0,0,0,3798,653,4451,6344,10795,-0.00330551,0.0452065,-0.998972,0
0,0,0,0,0,5887,974,6861,9342,16203,-0.00281789,0.0457508,-0.998949,0
0,0,0,0,0,3795,666,4461,6566,11027,-0.00830044,0.0453937,-0.998935,0
0,0,0,0,0,4842,821,5663,7646,13309,-0.0110439,0.0460571,-0.998878,0
0,0,0,0,0,4825,852,5677,7342,13019,-0.00696733,0.0454936,-0.99894,0
0,0,0,0,0,4785,851,5636,7704,13340,-0.0103974,0.0447712,-0.998943,0
0,0,0,0,0,5755,937,6692,7820,14512,-0.00514525,0.0443243,-0.999004,0
0,0,0,0,0,3852,643,4495,6009,10504,-0.00898114,0.044192,-0.998983,0
0,0,0,0,0,5170,853,6023,7092,13115,-0.00846486,0.0443725,-0.99898,0
0,0,0,0,0,4874,984,5858,8545,14403,-0.00666948,0.0443735,-0.998993,0
0,0,0,0,0,5611,914,6525,6276,12801,-0.000672641,0.0454326,-0.998967,0
0,0,0,0,0,2936,536,3472,5107,8579,-0.00614069,0.0449202,-0.998972,0
0,0,0,0,0,6038,1044,7082,8620,15702,-0.00840989,0.0452007,-0.998942,0
0,0,0,0,0,4117,712,4829,6242,11071,-0.00224145,0.0454283,-0.998965,0
0,0,0,0,0,3864,789,4653,6418,11071,-0.00752264,0.0452319,-0.998948,0
0,0,0,0,0,3819,685,4504,6104,10608,-0.014227,0.0442763,-0.998918,0
0,0,0,0,0,5297,917,6214,7656,13870,-0.00807116,0.0441163,-0.998994,0
0,0,0,0,0,5499,957,6456,6971,13427,-0.00369141,0.0451168,-0.998975,0
0,0,0,0,0,2922,590,3512,5131,8643,-0.0068562,0.045251,-0.998952,0
0,0,0,0,0,5985,1014,6999,8832,15831,-0.00450514,0.0452823,-0.998964,0
0,0,0,0,0,4840,715,5555,6656,12211,-0.00664456,0.0448495,-0.998972,0
0,0,0,0,0,3103,534,3637,5072,8709,-0.00666316,0.0453542,-0.998949,0
0,0,0,0,0,5332,945,6277,8445,14722,-0.00947774,0.044551,-0.998962,0
0,0,0,0,0,5277,946,6223,8202,14425,-0.00687717,0.044229,-0.998998,0
0,0,0,0,0,3751,667,4418,5994,10412,-0.00429607,0.0439503,-0.999025,0
0,0,0,0,0,5417,934,6351,8832,15183,-0.000683763,0.0449594,-0.998989,0
0,0,0,0,0,5352,906,6258,7909,14167,-0.00904271,0.0434145,-0.999016,0
0,0,0,0,0,2902,524,3426,4609,8035,-0.00620335,0.0436163,-0.999029,0
0,0,0,0,0,5851,969,6820,8571,15391,-0.00846501,0.0442081,-0.998987,0
0,0,0,0,0,3995,655,4650,5773,10423,-0.00939055,0.0440935,-0.998983,0
0,0,0,0,0,5302,874,6176,7349,13525,-0.0105423,0.0430549,-0.999017,0
0,0,0,0,0,4905,815,5720,6886,12606,-0.00369285,0.0437956,-0.999034,0
0,0,0,0,0,4733,768,5501,7465,12966,-0.00558403,0.0430081,-0.999059,0
0,0,0,0,0,4546,813,5359,7289,12648,-0.00440451,0.0438858,-0.999027,0
0,0,0,0,0,3366,643,4009,5364,9373,0.00379245,0.0448088,-0.998989,0
0,0,0,0,0,5989,1099,7088,10450,17538,-0.0104379,0.0424339,-0.999045,0
0,0,0,0,0,5988,997,6985,8117,15102,-0.00790546,0.0424147,-0.999069,0
0,0,0,0,0,5309,738,6047,5143,11190,-0.00808026,0.0424866,-0.999064,0
0,0,0,0,0,2450,354,2804,3080,5884,-0.0012338,0.0434066,-0.999057,0
0,0,0,0,0,2361,387,2748,3928,6676,-0.00488557,0.0431607,-0.999056,0
0,0,0,0,0,5943,986,6929,9267,16196,-0.00663042,0.0428486,-0.99906,0
0,0,0,0,0,5446,948,6394,7346,13740,-0.00910462,0.0425047,-0.999055,0
0,0,0,0,0,3896,628,4524,5780,10304,-0.00946212,0.042795,-0.999039,0
0,0,0,0,0,6182,985,7167,7682,14849,-0.00748407,0.0434321,-0.999028,0
0,0,0,0,0,4560,682,5242,6032,11274,-0.00422798,0.0444322,-0.999004,0
0,0,0,0,0,5675,950,6625,8461,15086,-0.00798987,0.0459773,-0.998911,0
0,0,0,0,0,4064,693,4757,5774,10531,-0.00413034,0.0458637,-0.998939,0
0,0,0,0,0,4033,943,4976,7335,12311,-0.00573477,0.0437941,-0.999024,0
0,0,0,0,0,4140,705,4845,6440,11285,-0.00384946,0.0447431,-0.998991,0
0,0,0,0,0,5222,904,6126,8336,14462,-0.0181224,0.0481824,-0.998674,0
0,0,0,0,0,5233,830,6063,5652,11715,-0.0166202,0.0551139,-0.998341,0
0,0,0,0,0,3567,600,4167,5041,9208,-0.0152078,0.0639292,-0.997839,0
0,0,0,0,0,6036,958,6994,9247,16241,-0.00245306,0.0925084,-0.995709,0
0,0,0,0,0,4125,701,4826,10591,15417,0.00413755,0.111657,-0.993738,0
0,0,0,0,0,5447,966,6413,16231,22644,0.00976175,0.132668,-0.991113,0
0,0,0,0,0,2601,441,3042,10811,13853,0.0132917,0.132893,-0.991042,0
0,0,0,0,0,3602,601,4203,16118,20321,0.0136761,0.153764,-0.988013,0
0,0,0,0,0,2917,496,3413,14352,17765,0.0160569,0.159196,-0.987116,0
0,0,0,0,0,2822,475,3297,15649,18946,0.0113848,0.192457,-0.981239,0
0,0,0,0,0,6251,1058,7309,22606,29915,0.0114369,0.227699,-0.973664,0
0,0,0,0,0,2096,357,2453,12041,14494,0.00979236,0.233336,-0.972346,0
0,0,0,0,0,1757,302,2059,13841,15900,0.00967424,0.262185,-0.964969,0
0,0,0,0,0,2109,362,2471,19477,21948,0.00553229,0.306699,-0.95179,0
0,0,0,0,0,2134,365,2499,21386,23885,-0.00500562,0.335105,-0.942168,0
0,0,0,0,0,1678,322,2000,20018,22018,-0.0172246,0.357278,-0.933839,0
0,0,0,0,0,1603,269,1872,21098,22970,-0.0273167,0.365886,-0.930259,0
0,0,0,0,0,1558,271,1829,23071,24900,-0.0331753,0.388356,-0.920912,0
0,0,0,0,0,1620,309,1929,26107,28036,-0.0226065,0.383608,-0.923219,0
0,0,0,0,0,5893,762,6655,40984,47639,-0.0114027,0.426251,-0.904533,0
0,0,0,0,0,1492,263,1755,31991,33746,-0.00384633,0.420217,-0.907416,0
0,0,0,0,0,1466,337,1803,33653,35456,0.00647974,0.406469,-0.913641,0
0,0,0,0,0,1447,347,1794,34783,36577,-0.00160366,0.39534,-0.918534,0
0,0,0,0,0,1419,339,1758,35135,36893,-0.000660624,0.380281,-0.924871,0
0,0,0,0,0,3581,518,4099,43282,47381,-0.00247821,0.361762,-0.932267,0
0,0,0,0,0,1448,397,1845,36088,37933,0.000658978,0.311146,-0.950362,0
0,0,0,0,0,1362,279,1641,36451,38092,0.00596512,0.265545,-0.96408,0
0,0,0,0,0,1358,277,1635,36512,38147,0.0112744,0.236141,-0.971653,0
0,0,0,0,0,1352,242,1594,36322,37916,0.0234701,0.209934,-0.977434,0
0,0,0,0,0,1341,246,1587,36192,37779,0.032235,0.196925,-0.979888,0
0,0,0,0,0,1366,333,1699,36485,38184,0.0357909,0.192759,-0.980593,0
0,0,0,0,0,2829,494,3323,42388,45711,0.0482835,0.204197,-0.977738,0
0,0,0,0,0,1460,249,1709,36325,38034,0.0446556,0.190473,-0.980676,0
0,0,0,0,0,1356,240,1596,35719,37315,0.031789,0.173808,-0.984266,0
0,0,0,0,0,1401,245,1646,35783,37429,0.0176845,0.195374,-0.980569,0
0,0,0,0,0,1484,282,1766,36137,37903,-0.0120586,0.215916,-0.976338,0
0,0,0,0,0,1346,369,1715,34709,36424,-0.016585,0.214761,-0.976526,0
0,0,0,0,0,1318,253,1571,34113,35684,-0.00874305,0.216359,-0.976275,0
0,0,0,0,0,1337,258,1595,33613,35208,0.021273,0.175043,-0.984331,0
0,0,0,0,0,1423,251,1674,32944,34618,0.0433781,0.118353,-0.992024,0
0,0,0,0,0,1425,273,1698,32873,34571,0.049163,0.109188,-0.992805,0
0,0,0,0,0,3170,593,3763,41475,45238,0.039137,0.140066,-0.989368,0
0,0,0,0,0,1283,285,1568,31342,32910,0.0489305,0.134447,-0.989712,0
0,0,0,0,0,1558,257,1815,30351,32166,0.069154,0.116865,-0.990737,0
0,0,0,0,0,1277,241,1518,29640,31158,0.0844863,0.113276,-0.989965,0
0,0,0,0,0,3130,627,3757,37962,41719,0.0786924,0.143123,-0.986571,0
0,0,0,0,0,2318,463,2781,40290,43071,0.0416201,0.211945,-0.976395,0
0,0,0,0,0,1228,291,1519,25178,26697,0.0246082,0.18052,-0.983264,0
0,0,0,0,0,1267,297,1564,24147,25711,0.0188406,0.162213,-0.986576,0
0,0,0,0,0,1383,306,1689,22318,24007,0.024105,0.14657,-0.988906,0
0,0,0,0,0,1554,290,1844,20508,22352,0.0106546,0.19472,-0.980801,0
0,0,0,0,0,6210,1179,7389,41800,49189,-0.0190832,0.365217,-0.930727,0
0,0,0,0,0,1497,285,1782,21059,22841,-0.0224312,0.378701,-0.925247,0
0,0,0,0,0,1392,259,1651,22075,23726,-0.023225,0.391547,-0.919865,0
0,0,0,0,0,1411,307,1718,22171,23889,-0.0286279,0.406254,-0.913312,0
0,0,0,0,0,1462,265,1727,21894,23621,-0.0393446,0.438602,-0.89782,0
0,0,0,0,0,1843,327,2170,23882,26052,-0.0559055,0.562639,-0.82481,0
0,0,0,0,0,1460,259,1719,21694,23413,-0.0716654,0.588523,-0.805298,0
0,0,0,0,0,1453,345,1798,21044,22842,-0.0835023,0.606405,-0.790759,0
0,0,0,0,0,1441,253,1694,21147,22841,-0.0945856,0.635659,-0.766153,0
0,0,0,0,0,1685,290,1975,-1000,-1000,-1,-1,-1,0
0,0,0,0,0,1591,342,1933,37756,39689,-0.0171922,0.165189,-0.986112,0
0,0,0,0,0,1411,349,1760,36976,38736,0.00328087,0.179535,-0.983746,0
0,0,0,0,0,1386,265,1651,36777,38428,0.00944358,0.161279,-0.986864,0
0,0,0,0,0,1403,409,1812,36990,38802,0.00525785,0.154644,-0.987956,0
0,0,0,0,0,1332,344,1676,37177,38853,-0.00519368,0.144077,-0.989553,0
0,0,0,0,0,1323,293,1616,37608,39224,-0.0247182,0.139937,-0.989852,0
0,0,0,0,0,1295,276,1571,37705,39276,-0.030956,0.13701,-0.990086,0
0,0,0,0,0,1282,324,1606,37953,39559,-0.0251769,0.139328,-0.989926,0
0,0,0,0,0,1294,470,1764,37257,39021,-0.0113524,0.151224,-0.988435,0
0,0,0,0,0,1254,238,1492,37646,39138,0.00852808,0.200534,-0.97965,0
0,0,0,0,0,1235,272,1507,37095,38602,0.0183168,0.233534,-0.972176,0
0,0,0,0,0,1237,246,1483,37175,38658,0.0195025,0.281737,-0.959294,0
0,0,0,0,0,1226,301,1527,37175,38702,0.001833,0.337234,-0.941419,0
0,0,0,0,0,1245,242,1487,36859,38346,-0.0114271,0.391821,-0.91997,0
0,0,0,0,0,1290,306,1596,36181,37777,-0.0109769,0.431357,-0.902115,0
0,0,0,0,0,1238,246,1484,36199,37683,-0.00755859,0.429217,-0.90317,0
0,0,0,0,0,1248,365,1613,35328,36941,-0.008045,0.403162,-0.915094,0
0,0,0,0,0,1272,323,1595,35337,36932,-0.0134666,0.352613,-0.935672,0
0,0,0,0,0,1468,342,1810,35300,37110,-0.025265,0.300126,-0.953565,0
0,0,0,0,0,1267,329,1596,35095,36691,-0.0381354,0.276797,-0.960171,0
0,0,0,0,0,1257,297,1554,34310,35864,-0.0561392,0.236076,-0.970112,0
0,0,0,0,0,1247,287,1534,33489,35023,-0.071317,0.110079,-0.991361,0
0,0,0,0,0,1265,365,1630,33041,34671,-0.0958409,0.102398,-0.990116,0
0,0,0,0,0,1291,263,1554,31773,33327,-0.119855,0.102763,-0.987459,0
0,0,0,0,0,1454,245,1699,31540,33239,-0.132748,0.118755,-0.98401,0
0,0,0,0,0,1452,257,1709,30482,32191,-0.15365,0.139104,-0.978285,0
0,0,0,0,0,1498,243,1741,29694,31435,-0.153623,0.138294,-0.978404,0
0,0,0,0,0,1334,253,1587,28690,30277,-0.150573,0.166703,-0.974442,0
0,0,0,0,0,1290,310,1600,27485,29085,-0.132311,0.197796,-0.971272,0
0,0,0,0,0,1388,246,1634,27243,28877,-0.116176,0.246307,-0.962204,0
0,0,0,0,0,1392,267,1659,28104,29763,-0.100762,0.288515,-0.952159,0
0,0,0,0,0,6439,675,7114,37193,44307,-0.0756653,0.378163,-0.922642,0
0,0,0,0,0,1302,239,1541,23366,24907,-0.0579705,0.325048,-0.943919,0
0,0,0,0,0,1397,294,1691,18716,20407,-0.0547986,0.323558,-0.94462,0
0,0,0,0,0,5833,997,6830,27739,34569,-0.0853814,0.380054,-0.921015,0
0,0,0,0,0,1466,246,1712,8761,10473,-0.0601286,0.294396,-0.95379,0
0,0,0,0,0,1629,289,1918,8468,10386,-0.0856018,0.288854,-0.953539,0
0,0,0,0,0,2536,442,2978,18364,21342,-0.109945,0.314727,-0.942793,0
0,0,0,0,0,5733,1007,6740,29683,36423,-0.100373,0.30648,-0.946571,0
0,0,0,0,0,1457,281,1738,19570,21308,-0.0777585,0.334919,-0.939033,0
0,0,0,0,0,1407,251,1658,21802,23460,-0.0398007,0.388667,-0.920518,0
0,0,0,0,0,1365,247,1612,23874,25486,-0.0191715,0.432792,-0.90129,0
0,0,0,0,0,1483,441,1924,25882,27806,-0.0197667,0.457716,-0.888879,0
0,0,0,0,0,2240,312,2552,29052,31604,-0.0209536,0.503479,-0.863753,0
0,0,0,0,0,1406,253,1659,27584,29243,-0.0135584,0.517265,-0.855718,0
0,0,0,0,0,1425,253,1678,29045,30723,-0.00975768,0.436479,-0.899661,0
0,0,0,0,0,2426,513,2939,48874,51813,0.0376974,0.473509,-0.879982,0
0,0,0,0,0,1377,270,1647,33947,35594,0.0556805,0.454058,-0.889231,0
0,0,0,0,0,1401,263,1664,34901,36565,0.0639746,0.426319,-0.902308,0
0,0,0,0,0,1539,341,1880,35551,37431,0.0619757,0.403503,-0.912877,0
0,0,0,0,0,1582,275,1857,36132,37989,0.0503207,0.384619,-0.921703,0
0,0,0,0,0,1896,419,2315,36522,38837,0.0295032,0.367867,-0.92941,0
0,0,0,0,0,1580,360,1940,36687,38627,0.0128881,0.331605,-0.94333,0
0,0,0,0,0,1578,324,1902,37068,38970,0.0134853,0.288559,-0.957367,0
0,0,0,0,0,1535,337,1872,36317,38189,0.0219101,0.248283,-0.96844,0
0,0,0,0,0,1524,310,1834,36082,37916,0.0291553,0.208727,-0.977539,0
0,0,0,0,0,1472,260,1732,35994,37726,0.0340461,0.203208,-0.978543,0
0,0,0,0,0,1444,259,1703,35488,37191,0.0313518,0.206471,-0.97795,0
0,0,0,0,0,1427,260,1687,35012,36699,0.0324634,0.177268,-0.983627,0
0,0,0,0,0,1416,329,1745,34488,36233,0.0477338,0.167672,-0.984686,0
0,0,0,0,0,1415,265,1680,34145,35825,0.0591688,0.146926,-0.987376,0
0,0,0,0,0,1407,292,1699,33597,35296,0.0626377,0.145785,-0.987331,0
0,0,0,0,0,1401,312,1713,32845,34558,0.0641304,0.09544,-0.993367,0
0,0,0,0,0,2400,487,2887,47342,50229,-0.0171513,0.188992,-0.981829,0
0,0,0,0,0,1385,281,1666,31206,32872,-0.0159345,0.141721,-0.989779,0
0,0,0,0,0,1343,267,1610,30244,31854,-0.0100097,0.116375,-0.993155,0
0,0,0,0,0,1313,291,1604,29169,30773,-0.00537317,0.116478,-0.993179,0
0,0,0,0,0,1294,292,1586,27815,29401,0.0030663,0.0975357,-0.995227,0
0,0,0,0,0,1295,303,1598,19130,20728,0.0174147,0.107545,-0.994048,0
0,0,0,0,0,2142,291,2433,16186,18619,0.0905873,0.113851,-0.989359,0
0,0,0,0,0,1869,351,2220,21223,23443,0.112179,0.155331,-0.981473,0
0,0,0,0,0,1681,327,2008,18272,20280,0.0974506,0.177693,-0.979249,0
0,0,0,0,0,1660,309,1969,17827,19796,0.0531219,0.22137,-0.973742,0
0,0,0,0,0,2018,374,2392,22341,24733,-0.00937843,0.273193,-0.961914,0
0,0,0,0,0,1560,299,1859,18496,20355,-0.0459458,0.322105,-0.945589,0
0,0,0,0,0,1483,275,1758,18621,20379,-0.0567061,0.369414,-0.927533,0
0,0,0,0,0,1593,286,1879,19876,21755,-0.0601176,0.438295,-0.896819,0
0,0,0,0,0,1499,264,1763,18933,20696,-0.0466746,0.494978,-0.867651,0
0,0,0,0,0,1732,314,2046,22661,24707,-0.0263923,0.552532,-0.833073,0
0,0,0,0,0,1673,295,1968,20743,22711,-0.0171369,0.561786,-0.827106,0
0,0,0,0,0,1417,258,1675,20565,22240,-0.0168078,0.508631,-0.860821,0
0,0,0,0,0,1451,334,1785,26799,28584,-0.0266652,0.173223,-0.984522,0
0,0,0,0,0,1657,335,1992,37547,39539,-0.0215541,0.145261,-0.989159,0
0,0,0,0,0,1426,274,1700,35453,37153,-0.0219314,0.135253,-0.990569,0
0,0,0,0,0,1459,283,1742,35581,37323,-0.0161983,0.12577,-0.991927,0
0,0,0,0,0,1806,355,2161,40923,43084,0.00969093,0.261416,-0.965178,0
0,0,0,0,0,1379,270,1649,36225,37874,0.0204398,0.306407,-0.951681,0
0,0,0,0,0,1351,265,1616,36348,37964,0.0205062,0.303209,-0.952703,0
0,0,0,0,0,1305,359,1664,36629,38293,0.0105223,0.354148,-0.935131,0
0,0,0,0,0,1322,308,1630,36683,38313,-0.000390937,0.371445,-0.928455,0
0,0,0,0,0,1258,293,1551,37137,38688,-0.00733827,0.389868,-0.920842,0
0,0,0,0,0,1250,246,1496,36912,38408,-0.0116956,0.423256,-0.905934,0
0,0,0,0,0,1248,313,1561,36411,37972,-0.0253671,0.473812,-0.880261,0
0,0,0,0,0,1242,300,1542,36174,37716,-0.026218,0.471675,-0.881383,0
0,0,0,0,0,1245,248,1493,34928,36421,-0.014847,0.522293,-0.852637,0
0,0,0,0,0,1247,320,1567,33766,35333,0.0111129,0.517032,-0.855895,0
0,0,0,0,0,1243,245,1488,31730,33218,0.0331073,0.452122,-0.891342,0
0,0,0,0,0,1226,319,1545,29006,30551,0.0539582,0.413667,-0.908828,0
0,0,0,0,0,4734,886,5620,36363,41983,0.0677128,0.458113,-0.886311,0
0,0,0,0,0,5785,1031,6816,39228,46044,0.02055,0.585428,-0.810464,0
0,0,0,0,0,1408,255,1663,13607,15270,-0.00418794,0.476299,-0.879273,0
0,0,0,0,0,1322,273,1595,7967,9562,-0.017483,0.389816,-0.920727,0
0,0,0,0,0,1464,253,1717,9924,11641,-0.0663997,0.407145,-0.910947,0
0,0,0,0,0,2211,382,2593,18171,20764,-0.108994,0.438178,-0.892256,0
0,0,0,0,0,6690,1110,7800,30850,38650,-0.0996689,0.471966,-0.875965,0
0,0,0,0,0,1577,329,1906,18348,20254,-0.0651515,0.451709,-0.889783,0
0,0,0,0,0,1420,255,1675,22054,23729,-0.0219684,0.476969,-0.878645,0
0,0,0,0,0,6693,1266,7959,47283,55242,0.0246526,0.631791,-0.774747,0
0,0,0,0,0,1506,256,1762,25670,27432,0.0127524,0.630254,-0.776285,0
0,0,0,0,0,1495,263,1758,28537,30295,-0.00628645,0.624102,-0.781318,0
0,0,0,0,0,1545,273,1818,30811,32629,-0.00978726,0.607951,-0.793914,0
0,0,0,0,0,1535,280,1815,33027,34842,-0.00779561,0.576236,-0.817246,0
0,0,0,0,0,1528,270,1798,34810,36608,-0.00683848,0.474051,-0.880471,0
0,0,0,0,0,1531,274,1805,35681,37486,-0.0115665,0.369999,-0.92896,0
0,0,0,0,0,1573,264,1837,36912,38749,-0.0027021,0.274745,-0.961513,0
0,0,0,0,0,1543,268,1811,36595,38406,0.0041856,0.21405,-0.976814,0
0,0,0,0,0,1476,256,1732,36566,38298,0.010133,0.192985,-0.98115,0
0,0,0,0,0,1461,258,1719,36085,37804,0.0263129,0.197845,-0.97988,0
0,0,0,0,0,1402,252,1654,35766,37420,0.037446,0.203223,-0.978416,0
0,0,0,0,0,1393,318,1711,35285,36996,0.0375066,0.208009,-0.977408,0
0,0,0,0,0,3784,618,4402,43138,47540,0.0316755,0.232965,-0.971969,0
0,0,0,0,0,1474,283,1757,34233,35990,0.0291766,0.211971,-0.97684,0
0,0,0,0,0,2788,480,3268,39000,42268,0.012516,0.214376,-0.976671,0
0,0,0,0,0,1476,264,1740,32918,34658,0.0144209,0.174145,-0.984614,0
0,0,0,0,0,1343,315,1658,32088,33746,0.0212357,0.141075,-0.989771,0
0,0,0,0,0,1454,269,1723,31784,33507,0.0327362,0.123341,-0.991825,0
0,0,0,0,0,1316,323,1639,30515,32154,0.0606645,0.102115,-0.992921,0
0,0,0,0,0,2083,433,2516,43210,45726,0.101769,0.161062,-0.981683,0
0,0,0,0,0,1392,246,1638,27085,28723,0.102556,0.160978,-0.981615,0
0,0,0,0,0,1320,277,1597,23098,24695,0.105413,0.146711,-0.983547,0
0,0,0,0,0,1393,250,1643,19147,20790,0.136383,0.145861,-0.979859,0
0,0,0,0,0,1557,352,1909,20707,22616,0.119975,0.20499,-0.971383,0
0,0,0,0,0,1605,297,1902,20485,22387,0.0905201,0.312008,-0.945757,0
0,0,0,0,0,1460,269,1729,18496,20225,0.0783685,0.395872,-0.914956,0
0,0,0,0,0,1530,255,1785,18222,20007,0.0703537,0.490498,-0.868598,0
0,0,0,0,0,5808,1006,6814,34642,41456,0.0899176,0.588824,-0.803245,0
0,0,0,0,0,1517,349,1866,17187,19053,0.108139,0.590854,-0.799499,0
0,0,0,0,0,5956,996,6952,32428,39380,0.138457,0.642219,-0.753912,0
0,0,0,0,0,3667,574,4241,24486,28727,0.14508,0.654178,-0.742296,0
0,0,0,0,0,1416,315,1731,16835,18566,0.136277,0.671414,-0.728445,0
0,0,0,0,0,1713,298,2011,-1000,-1000,-1,-1,-1,0
0,0,0,0,0,6663,1228,7891,60334,68225,-0.034728,0.145727,-0.988715,0
0,0,0,0,0,1456,378,1834,35041,36875,-0.0221977,0.146004,-0.989035,0
0,0,0,0,0,1482,312,1794,35255,37049,-0.0183247,0.134191,-0.990786,0
0,0,0,0,0,1440,377,1817,35329,37146,-0.0171859,0.122213,-0.992355,0
0,0,0,0,0,1467,270,1737,35548,37285,-0.0135225,0.100363,-0.994859,0
0,0,0,0,0,1410,267,1677,35829,37506,-0.00769,0.106101,-0.994326,0
0,0,0,0,0,1434,303,1737,35797,37534,-0.0116288,0.0979222,-0.995126,0
0,0,0,0,0,1355,260,1615,36102,37717,-0.0156883,0.0873426,-0.996055,0
0,0,0,0,0,3013,586,3599,51093,54692,-0.0125044,0.259878,-0.965561,0
0,0,0,0,0,1276,328,1604,36797,38401,-0.00498877,0.287737,-0.957696,0
0,0,0,0,0,1251,243,1494,36708,38202,-0.00307027,0.272055,-0.962277,0
0,0,0,0,0,1242,284,1526,36781,38307,-0.00109776,0.275906,-0.961184,0
0,0,0,0,0,1283,247,1530,37030,38560,-0.00384151,0.295953,-0.955195,0
0,0,0,0,0,1560,306,1866,40671,42537,0.0123418,0.408537,-0.912658,0
0,0,0,0,0,1251,246,1497,36493,37990,0.0152946,0.412752,-0.910715,0
0,0,0,0,0,1244,347,1591,35744,37335,0.0068717,0.410361,-0.911897,0
0,0,0,0,0,1321,250,1571,35336,36907,0.00435491,0.381707,-0.924273,0
0,0,0,0,0,1276,329,1605,34480,36085,0.0211274,0.360575,-0.932491,0
0,0,0,0,0,1250,247,1497,33657,35154,0.0371707,0.363326,-0.93092,0
0,0,0,0,0,1263,240,1503,32838,34341,0.0446977,0.364746,-0.930034,0
0,0,0,0,0,1279,243,1522,31524,33046,0.0535579,0.35991,-0.931449,0
0,0,0,0,0,1281,239,1520,30537,32057,0.0714704,0.328166,-0.941912,0
0,0,0,0,0,1375,242,1617,28583,30200,0.073849,0.279365,-0.957341,0
0,0,0,0,0,1299,354,1653,26317,27970,0.046353,0.227446,-0.972687,0
0,0,0,0,0,1316,244,1560,24186,25746,0.0153866,0.197855,-0.98011,0
0,0,0,0,0,4889,983,5872,38657,44529,-0.0205313,0.206892,-0.978148,0
0,0,0,0,0,1361,252,1613,19298,20911,-0.0188417,0.190714,-0.981465,0
0,0,0,0,0,5371,977,6348,34069,40417,0.0109947,0.194609,-0.980819,0
0,0,0,0,0,1400,274,1674,16951,18625,0.0297298,0.172295,-0.984597,0
0,0,0,0,0,1320,228,1548,16457,18005,0.0427891,0.159796,-0.986222,0
0,0,0,0,0,1398,267,1665,16900,18565,0.0378153,0.148709,-0.988158,0
0,0,0,0,0,5977,1044,7021,34827,41848,0.0288379,0.141628,-0.9895,0
0,0,0,0,0,1600,278,1878,14964,16842,0.0260659,0.133002,-0.990773,0
0,0,0,0,0,1311,223,1534,13081,14615,0.0289227,0.123917,-0.991871,0
0,0,0,0,0,1763,269,2032,13379,15411,0.0359014,0.117566,-0.992416,0
0,0,0,0,0,1835,317,2152,14541,16693,0.0354466,0.121328,-0.991979,0
0,0,0,0,0,2711,474,3185,21138,24323,0.0337372,0.131635,-0.990724,0
0,0,0,0,0,1932,351,2283,16500,18783,0.0336168,0.132394,-0.990627,0
0,0,0,0,0,1491,325,1816,13992,15808,0.0449797,0.129713,-0.990531,0
0,0,0,0,0,1761,306,2067,16852,18919,0.0566569,0.129078,-0.990015,0
0,0,0,0,0,2011,348,2359,17745,20104,0.0574318,0.126913,-0.99025,0
0,0,0,0,0,1935,346,2281,16326,18607,0.0526988,0.129104,-0.99023,0
0,0,0,0,0,2189,378,2567,18753,21320,0.0529081,0.129449,-0.990174,0
0,0,0,0,0,5696,944,6640,23977,30617,0.0582738,0.11933,-0.991143,0
0,0,0,0,0,1430,253,1683,11170,12853,0.0570596,0.109567,-0.99234,0
0,0,0,0,0,5850,955,6805,24022,30827,0.0566735,0.0939902,-0.993958,0
0,0,0,0,0,1849,354,2203,10399,12602,0.0526281,0.0844435,-0.995037,0
0,0,0,0,0,1665,277,1942,8566,10508,0.0442129,0.0668818,-0.996781,0
0,0,0,0,0,6149,1012,7161,19478,26639,0.0213506,0.0262384,-0.999428,0
0,0,0,0,0,2412,394,2806,4313,7119,0.016446,0.0162193,-0.999733,0
0,0,0,0,0,6741,1016,7757,7415,15172,0.0107835,0.00865895,-0.999904,0
0,0,0,0,0,6232,967,7199,6620,13819,0.0142325,0.0116966,-0.99983,0
0,0,0,0,0,5484,695,6179,4077,10256,0.01965,0.0156855,-0.999684,0
0,0,0,0,0,2663,452,3115,2872,5987,0.0239033,0.0184758,-0.999544,0
0,0,0,0,0,6011,1102,7113,8038,15151,0.025807,0.0197884,-0.999471,0
0,0,0,0,0,5921,992,6913,6723,13636,0.0249395,0.0175915,-0.999534,0
0,0,0,0,0,3127,549,3676,4353,8029,0.0226273,0.0126329,-0.999664,0
0,0,0,0,0,6092,1016,7108,7662,14770,0.0224732,0.00656307,-0.999726,0
0,0,0,0,0,4858,700,5558,5263,10821,0.0226664,0.00388336,-0.999735,0
0,0,0,0,0,6115,1022,7137,8586,15723,0.0226706,0.00174514,-0.999741,0
0,0,0,0,0,4075,701,4776,5066,9842,0.0205139,0.00226021,-0.999787,0
0,0,0,0,0,5320,930,6250,6823,13073,0.0167083,0.00224195,-0.999858,0
0,0,0,0,0,5961,1011,6972,6614,13586,0.0153536,0.00138613,-0.999881,0
0,0,0,0,0,4550,718,5268,4584,9852,0.0178574,0.000413176,-0.99984,0
0,0,0,0,0,5821,1002,6823,6813,13636,0.0220482,-0.0011858,-0.999756,0
0,0,0,0,0,5310,907,6217,6760,12977,0.0228918,-0.00142967,-0.999737,0
0,0,0,0,0,5883,1025,6908,7130,14038,0.0173414,0.00285415,-0.999846,0
0,0,0,0,0,4225,531,4756,3856,8612,0.0164918,0.00386594,-0.999857,0
0,0,0,0,0,2104,361,2465,2414,4879,0.0164471,0.00467401,-0.999854,0
0,0,0,0,0,3108,531,3639,3312,6951,0.0168593,0.00424481,-0.999849,0
0,0,0,0,0,5863,1008,6871,6550,13421,0.017579,0.00349333,-0.999839,0
0,0,0,0,0,5671,906,6577,5517,12094,0.0178551,0.00212411,-0.999838,0
0,0,0,0,0,4907,823,5730,5584,11314,0.0153747,0.000235836,-0.999882,0
0,0,0,0,0,5949,1080,7029,7213,14242,0.0122904,-0.000808456,-0.999925,0
0,0,0,0,0,6011,999,7010,7154,14164,0.0118,-0.00168126,-0.999929,0
0,0,0,0,0,4104,726,4830,5076,9906,0.0111895,-0.00249196,-0.999934,0
0,0,0,0,0,5674,900,6574,6941,13515,0.0113614,-0.00305306,-0.999931,0
0,0,0,0,0,6211,936,7147,5513,12660,0.0131383,-0.00267729,-0.99991,0
0,0,0,0,0,3822,618,4440,4552,8992,0.012814,-0.0038692,-0.99991,0
0,0,0,0,0,6105,1018,7123,7051,14174,0.0126785,-0.00421429,-0.999911,0
0,0,0,0,0,4052,732,4784,6107,10891,0.0125129,-0.00387523,-0.999914,0
0,0,0,0,0,4203,747,4950,4880,9830,0.0120822,-0.00265079,-0.999924,0
0,0,0,0,0,6052,1065,7117,6972,14089,0.0131085,-0.00304966,-0.99991,0
0,0,0,0,0,5954,1056,7010,6064,13074,0.014245,-0.00401398,-0.999891,0
0,0,0,0,0,3109,522,3631,3766,7397,0.0146411,-0.0046251,-0.999882,0
0,0,0,0,0,6008,999,7007,7484,14491,0.014745,-0.00424591,-0.999883,0
0,0,0,0,0,5965,1028,6993,6668,13661,0.0146539,-0.00403349,-0.999885,0
0,0,0,0,0,4093,690,4783,5057,9840,0.0143122,-0.0040496,-0.99989,0
0,0,0,0,0,5991,1003,6994,6864,13858,0.0135121,-0.00531005,-0.999895,0
0,0,0,0,0,6440,963,7403,6810,14213,0.0143253,-0.00680382,-0.999874,0
0,0,0,0,0,4157,669,4826,4745,9571,0.013879,-0.00658214,-0.999882,0
0,0,0,0,0,6099,1001,7100,7259,14359,0.0133406,-0.00559228,-0.999895,0
0,0,0,0,0,6047,1015,7062,8462,15524,0.0131894,-0.0041596,-0.999905,0
0,0,0,0,0,3792,672,4464,4687,9151,0.0132368,-0.00353437,-0.999906,0
0,0,0,0,0,6026,1080,7106,7512,14618,0.0139344,-0.00389626,-0.999895,0
0,0,0,0,0,4093,628,4721,3685,8406,0.0135764,-0.00414719,-0.999899,0
0,0,0,0,0,3803,669,4472,3662,8134,0.0137484,-0.00439039,-0.999896,0
0,0,0,0,0,4690,720,5410,4889,10299,0.0134469,-0.0042571,-0.999901,0
0,0,0,0,0,6088,968,7056,7360,14416,0.0136766,-0.00295405,-0.999902,0
0,0,0,0,0,5382,982,6364,5679,12043,0.0144887,-0.00323412,-0.99989,0
0,0,0,0,0,3882,653,4535,4134,8669,0.0144678,-0.00430934,-0.999886,0
0,0,0,0,0,5443,912,6355,6835,13190,0.0143806,-0.00490259,-0.999884,0
0,0,0,0,0,5778,899,6677,6243,12920,0.0141945,-0.00522313,-0.999886,0
0,0,0,0,0,5392,924,6316,5789,12105,0.0143003,-0.00635831,-0.999878,0
0,0,0,0,0,5426,868,6294,6214,12508,0.0135345,-0.00718331,-0.999883,0
0,0,0,0,0,6017,1028,7045,6895,13940,0.0134265,-0.00731382,-0.999883,0
0,0,0,0,0,5335,902,6237,6294,12531,0.0135941,-0.00774596,-0.999878,0
0,0,0,0,0,5430,926,6356,6344,12700,0.0127576,-0.00773402,-0.999888,0
0,0,0,0,0,5330,933,6263,6123,12386,0.0129059,-0.00897812,-0.999876,0
0,0,0,0,0,6099,1010,7109,6455,13564,0.0109873,-0.00891705,-0.9999,0
0,0,0,0,0,5967,918,6885,5204,12089,0.00906799,-0.00895296,-0.999919,0
0,0,0,0,0,2970,501,3471,3452,6923,0.00898841,-0.00937448,-0.999916,0
0,0,0,0,0,5706,913,6619,6437,13056,0.00934837,-0.0100678,-0.999906,0
0,0,0,0,0,5311,868,6179,6068,12247,0.0105038,-0.00963884,-0.999898,0
0,0,0,0,0,5867,877,6744,6115,12859,0.0115582,-0.00937047,-0.999889,0
0,0,0,0,0,5303,863,6166,6303,12469,0.0132138,-0.00996314,-0.999863,0
0,0,0,0,0,5520,897,6417,6090,12507,0.0137803,-0.00952452,-0.99986,0
0,0,0,0,0,5906,1085,6991,7285,14276,0.013051,-0.00866766,-0.999877,0
0,0,0,0,0,5321,900,6221,6688,12909,0.0123426,-0.00914567,-0.999882,0
0,0,0,0,0,5556,894,6450,5865,12315,0.0118724,-0.00931056,-0.999886,0
0,0,0,0,0,3777,621,4398,4504,8902,0.0120911,-0.00985198,-0.999879,0
0,0,0,0,0,5879,906,6785,6680,13465,0.0121071,-0.0102762,-0.999874,0
0,0,0,0,0,4199,663,4862,5553,10415,0.0129742,-0.0101565,-0.999864,0
0,0,0,0,0,5271,896,6167,6287,12454,0.0128694,-0.0111979,-0.999854,0
0,0,0,0,0,5941,868,6809,6128,12937,0.0138653,-0.0106281,-0.999847,0
0,0,0,0,0,5366,938,6304,6389,12693,0.0131743,-0.00969098,-0.999866,0
0,0,0,0,0,4851,821,5672,5435,11107,0.0147056,-0.00769133,-0.999862,0
0,0,0,0,0,5958,968,6926,6957,13883,0.0156898,-0.00660523,-0.999855,0
0,0,0,0,0,4047,693,4740,4667,9407,0.015638,-0.00644826,-0.999857,0
0,0,0,0,0,6345,1055,7400,6570,13970,0.015168,-0.00650575,-0.999864,0
0,0,0,0,0,6139,1080,7219,6285,13504,0.0148341,-0.00621862,-0.999871,0
0,0,0,0,0,4171,733,4904,4801,9705,0.014401,-0.00595877,-0.999878,0
0,0,0,0,0,4064,675,4739,5106,9845,0.0142185,-0.0066652,-0.999877,0
0,0,0,0,0,5947,998,6945,6840,13785,0.014337,-0.00698123,-0.999873,0
0,0,0,0,0,5249,891,6140,6467,12607,0.0137748,-0.00750989,-0.999877,0
0,0,0,0,0,3798,629,4427,4558,8985,0.0137025,-0.0079082,-0.999875,0
0,0,0,0,0,5410,887,6297,6451,12748,0.0127395,-0.00887649,-0.999879,0
0,0,0,0,0,6485,889,7374,6002,13376,0.0133278,-0.00936808,-0.999867,0
0,0,0,0,0,4598,630,5228,4405,9633,0.0132149,-0.0101509,-0.999861,0
0,0,0,0,0,5490,877,6367,6178,12545,0.0127361,-0.0105987,-0.999863,0
0,0,0,0,0,5308,889,6197,5903,12100,0.0116023,-0.0103691,-0.999879,0
0,0,0,0,0,3807,615,4422,4068,8490,0.0129681,-0.0102592,-0.999864,0
0,0,0,0,0,5900,1028,6928,6587,13515,0.0136747,-0.0106011,-0.999851,0
0,0,0,0,0,5342,923,6265,6142,12407,0.0133638,-0.0105127,-0.999856,0
0,0,0,0,0,5670,905,6575,6078,12653,0.0137297,-0.0098748,-0.999857,1
0,0,0,0,0,5333,911,6244,6284,12528,0.0136693,-0.00959498,-0.99986,1
0,0,0,0,0,5300,870,6170,6790,12960,0.0130785,-0.00888773,-0.999875,1
0,0,0,0,0,6054,970,7024,7418,14442,0.0131598,-0.00880816,-0.999875,1
0,0,0,0,0,4041,741,4782,4660,9442,0.0131014,-0.00910516,-0.999873,1
0,0,0,0,0,6419,976,7395,6645,14040,0.0127086,-0.0100028,-0.999869,1
0,0,0,0,0,5972,1083,7055,6272,13327,0.0125678,-0.0101889,-0.999869,1
0,0,0,0,0,3918,655,4573,4478,9051,0.0129349,-0.0100591,-0.999866,1
0,0,0,0,0,4887,815,5702,5436,11138,0.0137141,-0.0100777,-0.999855,1
0,0,0,0,0,4910,868,5778,5720,11498,0.0141536,-0.00912365,-0.999858,1
0,0,0,0,0,5911,1042,6953,6601,13554,0.0143839,-0.00740861,-0.999869,1
0,0,0,0,0,5751,940,6691,5600,12291,0.0144312,-0.00706063,-0.999871,1
0,0,0,0,0,5294,913,6207,5902,12109,0.0145272,-0.00803752,-0.999862,1
0,0,0,0,0,5583,881,6464,6004,12468,0.014678,-0.00684871,-0.999869,1
0,0,0,0,0,5455,910,6365,5749,12114,0.0155949,-0.00661761,-0.999857,1
0,0,0,0,0,4489,698,5187,3969,9156,0.0152444,-0.0076439,-0.999855,1
0,0,0,0,0,3847,707,4554,4234,8788,0.0158477,-0.00704735,-0.99985,1
0,0,0,0,0,5945,918,6863,6307,13170,0.0152953,-0.00706214,-0.999858,1
0,0,0,0,0,5258,916,6174,5970,12144,0.0147028,-0.0062171,-0.999873,1
0,0,0,0,0,3834,655,4489,4051,8540,0.0142807,-0.00577451,-0.999881,1
0,0,0,0,0,4850,810,5660,5557,11217,0.0142535,-0.00552028,-0.999883,1
0,0,0,0,0,4972,795,5767,5437,11204,0.0161081,-0.00493153,-0.999858,1
0,0,0,0,0,4531,739,5270,5024,10294,0.0159265,-0.00545175,-0.999858,1
0,0,0,0,0,6220,885,7105,5871,12976,0.0156532,-0.00556001,-0.999862,1
0,0,0,0,0,5333,913,6246,5772,12018,0.0148333,-0.00500867,-0.999878,1
0,0,0,0,0,5490,912,6402,6131,12533,0.015265,-0.00463929,-0.999873,1
0,0,0,0,0,5342,905,6247,6264,12511,0.0153347,-0.00572127,-0.999866,1
0,0,0,0,0,3879,761,4640,4439,9079,0.0157314,-0.00643617,-0.999856,1
0,0,0,0,0,5870,889,6759,5987,12746,0.0164018,-0.00609645,-0.999847,1
0,0,0,0,0,5869,870,6739,6705,13444,0.0158596,-0.00603583,-0.999856,1
0,0,0,0,0,5377,901,6278,6061,12339,0.0160392,-0.00573552,-0.999855,1
0,0,0,0,0,4864,821,5685,5445,11130,0.0155113,-0.00557926,-0.999864,1
0,0,0,0,0,5945,1070,7015,7070,14085,0.0152038,-0.0052004,-0.999871,1
0,0,0,0,0,5936,981,6917,5597,12514,0.0160565,-0.0056711,-0.999855,1
0,0,0,0,0,3816,627,4443,4487,8930,0.0173466,-0.00593127,-0.999832,1
0,0,0,0,0,5933,961,6894,6796,13690,0.0180185,-0.00537316,-0.999823,1
0,0,0,0,0,6014,1014,7028,6411,13439,0.0170424,-0.00544365,-0.99984,1
0,0,0,0,0,6372,987,7359,6628,13987,0.0163523,-0.00470108,-0.999855,1
0,0,0,0,0,4257,682,4939,4851,9790,0.0157846,-0.0045869,-0.999865,1
0,0,0,0,0,4259,712,4971,5120,10091,0.0128681,-0.00487401,-0.999905,1
0,0,0,0,0,5629,868,6497,6106,12603,0.00947663,-0.00591848,-0.999938,1
0,0,0,0,0,5793,867,6660,5972,12632,0.008928,-0.00776868,-0.99993,1
0,0,0,0,0,4848,785,5633,5220,10853,0.0103896,-0.00886018,-0.999907,1
0,0,0,0,0,5874,1009,6883,7163,14046,0.0107292,-0.00698684,-0.999918,1
0,0,0,0,0,4126,669,4795,5017,9812,0.0106391,-0.00658156,-0.999922,1
0,0,0,0,0,5582,873,6455,6431,12886,0.0107407,-0.00762624,-0.999913,1
0,0,0,0,0,6159,866,7025,6361,13386,0.0119591,-0.00792581,-0.999897,1
0,0,0,0,0,3768,629,4397,4647,9044,0.0111918,-0.00854766,-0.999901,1
0,0,0,0,0,6081,1012,7093,6786,13879,0.00739827,-0.00935388,-0.999929,1
0,0,0,0,0,6297,1023,7320,6410,13730,0.00412005,-0.00649154,-0.999971,1
0,0,0,0,0,3118,522,3640,3773,7413,0.00354319,-0.00414628,-0.999985,1
0,0,0,0,0,6032,1011,7043,7529,14572,0.00733313,-0.00125171,-0.999972,1
0,0,0,0,0,5870,1063,6933,7294,14227,0.0108435,-0.00341978,-0.999935,1
0,0,0,0,0,6225,916,7141,6066,13207,0.0127011,-0.00654155,-0.999898,1
0,0,0,0,0,3760,626,4386,4534,8920,0.0138448,-0.0125665,-0.999825,1
0,0,0,0,0,5921,978,6899,7513,14412,0.0104074,-0.0176019,-0.999791,1
0,0,0,0,0,6112,1035,7147,7683,14830,0.00531203,-0.0183947,-0.999817,1
0,0,0,0,0,4593,696,5289,3811,9100,0.00500617,-0.0164601,-0.999852,1
0,0,0,0,0,2139,351,2490,2445,4935,0.00589225,-0.0155495,-0.999862,1
0,0,0,0,0,3159,516,3675,4004,7679,0.00940663,-0.0119764,-0.999884,1
0,0,0,0,0,5788,1033,6821,6802,13623,0.0107708,-0.00741818,-0.999914,1
0,0,0,0,0,5482,1131,6613,5660,12273,0.0127699,-0.00290389,-0.999914,1
0,0,0,0,0,2977,503,3480,3404,6884,0.0115439,0.00103301,-0.999933,1
0,0,0,0,0,5518,883,6401,6407,12808,0.0127787,0.00878697,-0.99988,1
0,0,0,0,0,5851,1036,6887,7172,14059,0.0134972,0.0157504,-0.999785,1
0,0,0,0,0,6733,1039,7772,8383,16155,0.0154381,0.0281969,-0.999483,1
0,0,0,0,0,3106,548,3654,5340,8994,0.0178767,0.0389286,-0.999082,1
0,0,0,0,0,4960,808,5768,10471,16239,0.021503,0.0760728,-0.99687,1
0,0,0,0,0,3502,646,4148,9636,13784,0.0264302,0.105697,-0.994047,1
0,0,0,0,0,2826,504,3330,17019,20349,0.0331912,0.161106,-0.986379,1
0,0,0,0,0,6086,980,7066,23729,30795,0.0487123,0.203511,-0.97786,1
0,0,0,0,0,1827,311,2138,10012,12150,0.0546671,0.182088,-0.981761,1
0,0,0,0,0,1728,311,2039,10085,12124,0.0736298,0.204744,-0.976042,1
0,0,0,0,0,3071,541,3612,23044,26656,0.0886365,0.235931,-0.967719,1
0,0,0,0,0,2887,459,3346,20392,23738,0.0861231,0.256773,-0.962627,1
0,0,0,0,0,1621,295,1916,17590,19506,0.0623894,0.262832,-0.962822,1
0,0,0,0,0,1779,330,2109,23121,25230,0.0530369,0.24419,-0.968276,1
0,0,0,0,0,1574,322,1896,23842,25738,0.0574492,0.209313,-0.97616,1
0,0,0,0,0,1350,255,1605,25260,26865,0.0615446,0.191905,-0.979482,1
0,0,0,0,0,1353,376,1729,28291,30020,0.0594062,0.1796,-0.981944,1
0,0,0,0,0,1548,304,1852,31270,33122,0.0426061,0.185023,-0.98181,1
0,0,0,0,0,1354,479,1833,31463,33296,0.025083,0.200884,-0.979294,1
0,0,0,0,0,1366,278,1644,32486,34130,0.0159988,0.204803,-0.978673,1
0,0,0,0,0,1365,333,1698,33731,35429,0.0155974,0.228804,-0.973348,1
0,0,0,0,0,1361,303,1664,34768,36432,0.0238533,0.189044,-0.981679,1
0,0,0,0,0,1364,301,1665,35936,37601,0.0433659,0.145675,-0.988382,1
0,0,0,0,0,1897,325,2222,35988,38210,0.04961,0.146809,-0.98792,1
0,0,0,0,0,1558,331,1889,36021,37910,0.047203,0.146016,-0.988156,1
0,0,0,0,0,1504,294,1798,36139,37937,0.0443344,0.147592,-0.988054,1
0,0,0,0,0,1498,304,1802,35680,37482,0.0478422,0.123902,-0.99114,1
0,0,0,0,0,1562,296,1858,35586,37444,0.0424038,0.107295,-0.993323,1
0,0,0,0,0,1473,264,1737,35651,37388,0.0357219,0.182294,-0.982595,1
0,0,0,0,0,1404,259,1663,34906,36569,0.0351378,0.175037,-0.983935,1
0,0,0,0,0,1418,304,1722,34295,36017,0.0295545,0.173474,-0.984395,1
0,0,0,0,0,1350,292,1642,32972,34614,0.0203176,0.151475,-0.988252,1
0,0,0,0,0,1457,272,1729,32327,34056,0.0196465,0.12279,-0.992238,1
0,0,0,0,0,1400,344,1744,29484,31228,0.0313952,0.0872324,-0.995693,1
0,0,0,0,0,1396,253,1649,29752,31401,0.0498945,0.0207653,-0.998539,1
0,0,0,0,0,1489,287,1776,31642,33418,0.0639179,-0.0467974,-0.996858,1
0,0,0,0,0,1312,249,1561,30135,31696,0.0669294,-0.0904906,-0.993646,1
0,0,0,0,0,1349,262,1611,30282,31893,0.0591416,-0.121642,-0.990811,1
0,0,0,0,0,1279,319,1598,29710,31308,0.0439147,-0.131026,-0.990406,1
0,0,0,0,0,1363,286,1649,29109,30758,0.0520408,-0.145505,-0.987988,1
0,0,0,0,0,1322,331,1653,28174,29827,0.0709901,-0.161388,-0.984335,1
0,0,0,0,0,3123,586,3709,46537,50246,0.0669984,-0.073221,-0.995063,1
0,0,0,0,0,1259,239,1498,25631,27129,0.057038,-0.0490058,-0.997169,1
0,0,0,0,0,1238,267,1505,23913,25418,0.0445862,-0.0488746,-0.997809,1
0,0,0,0,0,1222,272,1494,22648,24142,0.0318716,-0.0522288,-0.998126,1
0,0,0,0,0,1231,234,1465,21796,23261,0.0385125,8.93373e-05,-0.999258,1
0,0,0,0,0,1241,274,1515,14833,16348,0.11197,-0.00857025,-0.993674,1
0,0,0,0,0,5191,969,6160,37119,43279,0.120891,0.0428343,-0.991741,1
0,0,0,0,0,1568,300,1868,14726,16594,0.11433,0.0378178,-0.992723,1
0,0,0,0,0,1357,250,1607,13556,15163,0.0830289,0.0794276,-0.993377,1
0,0,0,0,0,1915,346,2261,16910,19171,0.0401524,0.164446,-0.985568,1
0,0,0,0,0,2010,516,2526,20405,22931,0.0137392,0.232366,-0.972531,1
0,0,0,0,0,1814,330,2144,18111,20255,0.0127185,0.269541,-0.962905,1
0,0,0,0,0,1708,357,2065,16600,18665,0.02557,0.313709,-0.949175,1
0,0,0,0,0,6832,1030,7862,31869,39731,0.0426174,0.35504,-0.933879,1
0,0,0,0,0,1697,298,1995,14846,16841,0.0347679,0.35299,-0.934981,1
0,0,0,0,0,1559,277,1836,16458,18294,0.0219162,0.376841,-0.926019,1
0,0,0,0,0,1704,300,2004,18213,20217,0.0111898,0.422647,-0.906225,1
0,0,0,0,0,2170,370,2540,21964,24504,0.00258366,0.485611,-0.874171,1
0,0,0,0,0,1627,293,1920,17449,19369,-0.00815596,0.536602,-0.843796,1
0,0,0,0,0,1940,340,2280,19916,22196,-0.0230989,0.613713,-0.789191,1
0,0,0,0,0,6014,1039,7053,-1000,-1000,-1,-1,-1,1
0,0,0,0,0,1651,301,1952,33650,35602,-0.00135409,-0.00974848,-0.999952,1
0,0,0,0,0,1607,319,1926,34929,36855,0.00424092,-0.00519837,-0.999978,1
0,0,0,0,0,1489,272,1761,34400,36161,0.0113573,-0.0114509,-0.99987,1
0,0,0,0,0,1636,292,1928,34880,36808,-0.00496374,-0.011224,-0.999925,1
0,0,0,0,0,1415,277,1692,35114,36806,-0.0235686,-0.00480881,-0.999711,1
0,0,0,0,0,1316,298,1614,35163,36777,-0.0324376,0.0212567,-0.999248,1
0,0,0,0,0,1448,296,1744,35767,37511,-0.0335881,0.0367281,-0.998761,1
0,0,0,0,0,1315,261,1576,35161,36737,-0.0109711,0.0556169,-0.998392,1
0,0,0,0,0,1242,312,1554,35470,37024,-0.00661252,0.0470222,-0.998872,1
0,0,0,0,0,1218,295,1513,35797,37310,0.000769292,0.0776736,-0.996979,1
0,0,0,0,0,1220,256,1476,36016,37492,-0.00604102,0.0750765,-0.99716,1
0,0,0,0,0,6306,1220,7526,56097,63623,-0.0374727,0.331316,-0.942775,1
0,0,0,0,0,1244,291,1535,36257,37792,-0.0231061,0.315601,-0.948611,1
0,0,0,0,0,1341,252,1593,36014,37607,-0.000498505,0.287939,-0.957649,1
0,0,0,0,0,1275,255,1530,35273,36803,0.0313065,0.256081,-0.966148,1
0,0,0,0,0,1272,257,1529,35029,36558,0.0492657,0.210193,-0.976418,1
0,0,0,0,0,1369,342,1711,33114,34825,0.0577336,0.186328,-0.98079,1
0,0,0,0,0,1367,254,1621,31521,33142,0.0464192,0.14344,-0.98857,1
0,0,0,0,0,1302,254,1556,30239,31795,0.0261157,0.101739,-0.994468,1
0,0,0,0,0,2444,488,2932,33694,36626,0.00376586,0.0794705,-0.99683,1
0,0,0,0,0,1294,247,1541,27740,29281,-0.00303402,0.0557936,-0.998438,1
0,0,0,0,0,1372,279,1651,27341,28992,0.00428529,0.046861,-0.998892,1
0,0,0,0,0,1494,263,1757,26854,28611,0.0093421,0.0520474,-0.998601,1
0,0,0,0,0,1459,273,1732,26553,28285,0.00829699,0.0660966,-0.997779,1
0,0,0,0,0,1429,288,1717,26002,27719,0.00401265,0.0898049,-0.995951,1
0,0,0,0,0,1369,267,1636,25024,26660,-0.00333657,0.109859,-0.993942,1
0,0,0,0,0,1248,245,1493,22815,24308,-0.00486113,0.11437,-0.993426,1
0,0,0,0,0,1224,297,1521,18975,20496,0.00483697,0.0848031,-0.996386,1
0,0,0,0,0,1347,274,1621,17908,19529,0.00909624,0.0859926,-0.996254,1
0,0,0,0,0,1431,266,1697,15994,17691,0.0128389,0.0789178,-0.996798,1
0,0,0,0,0,1971,363,2334,18914,21248,0.00210008,0.0841238,-0.996453,1
0,0,0,0,0,2353,438,2791,21661,24452,-0.00660294,0.103329,-0.994626,1
0,0,0,0,0,1778,341,2119,20260,22379,-0.0250014,0.0863889,-0.995948,1
0,0,0,0,0,1392,276,1668,23616,25284,-0.0308674,0.125563,-0.991605,1
0,0,0,0,0,1298,294,1592,27142,28734,-0.0286434,0.16215,-0.98635,1
0,0,0,0,0,1566,350,1916,32311,34227,-0.0203905,0.209291,-0.977641,1
0,0,0,0,0,3543,701,4244,41028,45272,-0.0182801,0.242763,-0.969913,1
0,0,0,0,0,3126,606,3732,41273,45005,-0.0232979,0.231708,-0.972507,1
0,0,0,0,0,1503,281,1784,35482,37266,-0.0176479,0.138686,-0.990179,1
0,0,0,0,0,1587,292,1879,35397,37276,-0.00188448,0.116925,-0.993139,1
0,0,0,0,0,1531,352,1883,35531,37414,0.0234734,0.129454,-0.991308,1
0,0,0,0,0,1553,312,1865,34759,36624,0.0483208,0.0588869,-0.997095,1
0,0,0,0,0,1526,273,1799,34115,35914,0.0675246,0.0192353,-0.997532,1
0,0,0,0,0,1634,297,1931,33602,35533,0.0742525,0.012524,-0.997161,1
0,0,0,0,0,1406,261,1667,32700,34367,0.0667462,-0.0127632,-0.997689,1
0,0,0,0,0,1843,305,2148,32602,34750,0.0451267,-0.06907,-0.996591,1
0,0,0,0,0,3006,569,3575,38758,42333,0.0290906,-0.0625914,-0.997615,1
0,0,0,0,0,1681,359,2040,31446,33486,0.0389935,-0.131106,-0.990601,1
0,0,0,0,0,1403,286,1689,30319,32008,0.046899,-0.148199,-0.987845,1
0,0,0,0,0,1285,247,1532,29666,31198,0.0386336,-0.160575,-0.986267,1
0,0,0,0,0,1498,307,1805,30683,32488,0.0415292,-0.134906,-0.989988,1
0,0,0,0,0,3200,621,3821,37813,41634,0.036221,-0.120441,-0.992059,1
0,0,0,0,0,1249,242,1491,26713,28204,0.0162516,-0.106307,-0.9942,1
0,0,0,0,0,1482,280,1762,26858,28620,-0.000446288,-0.0975672,-0.995229,1
0,0,0,0,0,1246,280,1526,25732,27258,-0.0199085,-0.103126,-0.994469,1
0,0,0,0,0,1279,240,1519,23710,25229,-0.025576,-0.107941,-0.993828,1
0,0,0,0,0,1259,239,1498,21939,23437,-0.0128793,-0.108489,-0.994014,1
0,0,0,0,0,1490,287,1777,23324,25101,0.00845959,-0.0963892,-0.995308,1
0,0,0,0,0,1363,282,1645,20373,22018,0.0448721,-0.0768456,-0.996033,1
0,0,0,0,0,5753,1098,6851,40355,47206,0.0871945,0.0963275,-0.991523,1
0,0,0,0,0,1389,263,1652,14278,15930,0.123086,0.104145,-0.986916,1
0,0,0,0,0,1314,279,1593,11515,13108,0.12115,0.116227,-0.985806,1
0,0,0,0,0,1573,319,1892,13631,15523,0.0608692,0.215836,-0.974531,1
0,0,0,0,0,2044,371,2415,18870,21285,0.031213,0.361473,-0.93186,1
0,0,0,0,0,1866,323,2189,14700,16889,0.00299518,0.443731,-0.896155,1
0,0,0,0,0,1937,342,2279,17384,19663,-0.0104091,0.487366,-0.873136,1
0,0,0,0,0,1970,349,2319,17181,19500,-0.0316376,0.529116,-0.847959,1
0,0,0,0,0,1940,336,2276,17196,19472,-0.0549475,0.564511,-0.823595,1
0,0,0,0,0,1909,343,2252,17310,19562,-0.0670659,0.609843,-0.78968,1
0,0,0,0,0,1878,338,2216,16479,18695,-0.0539398,0.663926,-0.74585,1
0,0,0,0,0,2061,364,2425,-1000,-1000,-1,-1,-1,1
0,0,0,0,0,2307,443,2750,41928,44678,0.00143017,0.00889072,-0.99996,1
0,0,0,0,0,1480,303,1783,34216,35999,0.00925397,-0.00410103,-0.999949,1
0,0,0,0,0,1483,309,1792,34360,36152,0.00270028,-0.031296,-0.999506,1
0,0,0,0,0,1456,313,1769,34910,36679,0.015018,-0.00636406,-0.999867,1
0,0,0,0,0,1383,270,1653,34717,36370,0.00220178,-0.0263414,-0.99965,1
0,0,0,0,0,2536,549,3085,52901,55986,-0.0551766,0.126163,-0.990474,1
0,0,0,0,0,1303,291,1594,35619,37213,-0.0742504,0.122795,-0.98965,1
0,0,0,0,0,1370,310,1680,36246,37926,-0.078934,0.108624,-0.990944,1
0,0,0,0,0,1262,280,1542,36034,37576,-0.0695606,0.0929254,-0.99324,1
0,0,0,0,0,1238,276,1514,36513,38027,-0.0586932,0.0790051,-0.995145,1
0,0,0,0,0,1261,270,1531,36242,37773,-0.0571449,0.114176,-0.991816,1
0,0,0,0,0,1368,280,1648,36001,37649,-0.0538098,0.0994558,-0.993586,1
0,0,0,0,0,1270,261,1531,36155,37686,-0.0385203,0.078505,-0.996169,1
0,0,0,0,0,1227,244,1471,36104,37575,-0.0155648,0.061947,-0.997958,1
0,0,0,0,0,1261,353,1614,36143,37757,-0.000581739,0.0343635,-0.99941,1
0,0,0,0,0,1327,354,1681,35680,37361,0.0189355,0.0439206,-0.998855,1
0,0,0,0,0,1228,252,1480,33782,35262,0.0344322,0.0473044,-0.998287,1
0,0,0,0,0,3447,626,4073,41710,45783,0.0490448,0.095333,-0.994237,1
0,0,0,0,0,1353,259,1612,32035,33647,0.0449773,0.0875348,-0.995145,1
0,0,0,0,0,1245,306,1551,31720,33271,0.043019,0.0988646,-0.994171,1
0,0,0,0,0,1248,252,1500,30943,32443,0.0250693,0.11279,-0.993303,1
0,0,0,0,0,4375,700,5075,39320,44395,-0.00530252,0.140653,-0.990045,1
0,0,0,0,0,1272,284,1556,28666,30222,-0.0165827,0.142199,-0.989699,1
0,0,0,0,0,1251,236,1487,27853,29340,-0.0213637,0.137155,-0.990319,1
0,0,0,0,0,1300,258,1558,26655,28213,-0.0157651,0.11885,-0.992787,1
0,0,0,0,0,1225,310,1535,22619,24154,0.000110003,0.116923,-0.993141,1
0,0,0,0,0,1326,333,1659,21098,22757,0.00318827,0.119373,-0.992844,1
0,0,0,0,0,1313,251,1564,18077,19641,0.00126424,0.101412,-0.994844,1
0,0,0,0,0,1441,283,1724,15448,17172,-0.00327238,0.0723122,-0.997377,1
0,0,0,0,0,1989,355,2344,14998,17342,-0.0163562,0.0410545,-0.999023,1
0,0,0,0,0,2705,490,3195,15759,18954,-0.0245499,0.0436826,-0.998744,1
0,0,0,0,0,3322,600,3922,23636,27558,-0.0420287,0.191965,-0.980501,1
0,0,0,0,0,1661,299,1960,15027,16987,-0.0511008,0.246674,-0.967751,1
0,0,0,0,0,5313,946,6259,34038,40297,-0.085167,0.372787,-0.924,1
0,0,0,0,0,1561,295,1856,20475,22331,-0.0706305,0.309112,-0.948399,1
0,0,0,0,0,1355,249,1604,25905,27509,-0.0605486,0.304972,-0.950435,1
0,0,0,0,0,1633,298,1931,32549,34480,-0.0297117,0.252996,-0.967011,1
0,0,0,0,0,1542,290,1832,34753,36585,-0.00487607,0.196183,-0.980555,1
0,0,0,0,0,1486,287,1773,35699,37472,0.0107432,0.123439,-0.992294,1
0,0,0,0,0,1858,313,2171,35753,37924,0.00435061,0.0835771,-0.996492,1
0,0,0,0,0,1542,326,1868,35695,37563,-0.0105819,0.0780838,-0.99689,1
0,0,0,0,0,1506,283,1789,35397,37186,-0.014414,0.0808138,-0.996625,1
0,0,0,0,0,1481,272,1753,35148,36901,-0.00940288,0.0789601,-0.996834,1
0,0,0,0,0,1529,272,1801,34441,36242,-0.000443511,0.0785298,-0.996912,1
0,0,0,0,0,1819,315,2134,34197,36331,0.00819527,0.0775474,-0.996955,1
0,0,0,0,0,3042,541,3583,39900,43483,-0.000459187,0.045603,-0.99896,1
0,0,0,0,0,1686,283,1969,32904,34873,-0.00798678,-0.008567,-0.999931,1
0,0,0,0,0,1395,256,1651,32434,34085,-0.0152433,-0.0659511,-0.997707,1
0,0,0,0,0,1314,283,1597,31677,33274,-0.00679892,-0.0956337,-0.995394,1
0,0,0,0,0,1459,341,1800,30588,32388,0.0198985,-0.110589,-0.993667,1
0,0,0,0,0,4262,635,4897,39870,44767,0.0437211,-0.0633925,-0.997031,1
0,0,0,0,0,1538,308,1846,28160,30006,0.0545838,-0.072596,-0.995867,1
0,0,0,0,0,1245,306,1551,24789,26340,0.0860388,-0.0682828,-0.993949,1
0,0,0,0,0,1263,228,1491,19555,21046,0.136528,-0.0303682,-0.990171,1
0,0,0,0,0,1566,293,1859,18032,19891,0.158312,0.0122415,-0.987314,1
0,0,0,0,0,1773,331,2104,18115,20219,0.142333,0.110956,-0.98358,1
0,0,0,0,0,1797,332,2129,18883,21012,0.131385,0.214013,-0.967955,1
0,0,0,0,0,5620,1033,6653,31917,38570,0.144572,0.296662,-0.943976,1
0,0,0,0,0,3467,564,4031,22899,26930,0.141537,0.290679,-0.946294,1
0,0,0,0,0,1468,330,1798,15772,17570,0.133092,0.319777,-0.938099,1
0,0,0,0,0,1496,270,1766,17395,19161,0.125963,0.356572,-0.925737,1
0,0,0,0,0,1643,291,1934,19071,21005,0.115801,0.412662,-0.903494,1
0,0,0,0,0,1679,311,1990,18906,20896,0.099727,0.471549,-0.876183,1
0,0,0,0,0,1579,284,1863,18039,19902,0.084386,0.56173,-0.823006,1
0,0,0,0,0,1766,315,2081,19895,21976,0.0725567,0.620615,-0.780752,1
0,0,0,0,0,1562,284,1846,17495,19341,0.062896,0.685179,-0.725654,1
0,0,0,0,0,1563,277,1840,-1000,-1000,-1,-1,-1,1
0,0,0,0,0,1734,340,2074,37680,39754,-0.0392604,-0.0246859,-0.998924,1
0,0,0,0,0,1436,262,1698,34516,36214,-0.040401,-0.0325702,-0.998653,1
0,0,0,0,0,4334,840,5174,56992,62166,-0.0116377,0.19976,-0.979776,1
0,0,0,0,0,1365,270,1635,35019,36654,-0.00299016,0.201404,-0.979504,1
0,0,0,0,0,1342,266,1608,35590,37198,-0.00192332,0.214044,-0.976822,1
0,0,0,0,0,1305,258,1563,35673,37236,-0.0175881,0.209266,-0.977701,1
0,0,0,0,0,1303,319,1622,36558,38180,-0.0231664,0.221382,-0.974912,1
0,0,0,0,0,1230,289,1519,36196,37715,-0.018242,0.207074,-0.978155,1
0,0,0,0,0,1226,253,1479,36529,38008,-0.0098616,0.182642,-0.98313,1
0,0,0,0,0,1227,287,1514,36414,37928,0.00272043,0.153862,-0.988089,1
0,0,0,0,0,1229,284,1513,35811,37324,0.0196047,0.139901,-0.989971,1
0,0,0,0,0,1233,255,1488,34558,36046,0.0415127,0.0982254,-0.994298,1
0,0,0,0,0,1509,277,1786,32819,34605,0.0515285,0.0810622,-0.995376,1
0,0,0,0,0,1777,300,2077,33029,35106,0.0536012,0.111932,-0.992269,1
0,0,0,0,0,1241,246,1487,31465,32952,0.0427219,0.149491,-0.987839,1
0,0,0,0,0,1249,249,1498,30903,32401,0.0264119,0.197984,-0.97985,1
0,0,0,0,0,1293,249,1542,29569,31111,0.0223482,0.20942,-0.977571,1
0,0,0,0,0,1269,348,1617,27758,29375,0.00781855,0.192859,-0.981196,1
0,0,0,0,0,1386,267,1653,25386,27039,0.00637056,0.16993,-0.985436,1
0,0,0,0,0,1240,267,1507,21868,23375,0.012963,0.156392,-0.98761,1
0,0,0,0,0,4635,836,5471,36650,42121,0.0173071,0.182907,-0.982978,1
0,0,0,0,0,1312,232,1544,14821,16365,-0.00512472,0.106504,-0.994299,1
0,0,0,0,0,1485,261,1746,10923,12669,-0.0120152,0.0931049,-0.995584,1
0,0,0,0,0,2315,412,2727,8351,11078,-0.0383187,0.0864385,-0.99552,1
0,0,0,0,0,4788,895,5683,19631,25314,-0.0439391,0.151517,-0.987478,1
0,0,0,0,0,2909,510,3419,15481,18900,-0.0729336,0.248112,-0.965982,1
0,0,0,0,0,1534,269,1803,12284,14087,-0.0832599,0.279509,-0.956526,1
0,0,0,0,0,1866,333,2199,17166,19365,-0.0832655,0.275206,-0.957773,1
0,0,0,0,0,2107,382,2489,22597,25086,-0.08109,0.271954,-0.958888,1
0,0,0,0,0,1593,283,1876,20252,22128,-0.0662398,0.264479,-0.962114,1
0,0,0,0,0,1576,273,1849,21489,23338,-0.0565407,0.249051,-0.966839,1
0,0,0,0,0,1622,289,1911,24334,26245,-0.0519406,0.233227,-0.971034,1
0,0,0,0,0,1492,262,1754,25231,26985,-0.0390868,0.232269,-0.971866,1
0,0,0,0,0,1606,296,1902,27865,29767,-0.0268063,0.226934,-0.973541,1
0,0,0,0,0,5192,949,6141,40583,46724,-0.00783985,0.249833,-0.968257,1
0,0,0,0,0,1385,299,1684,30126,31810,0.000100653,0.21505,-0.976603,1
0,0,0,0,0,1398,329,1727,31575,33302,0.0178236,0.206231,-0.978341,1
0,0,0,0,0,1488,257,1745,33024,34769,0.0337049,0.186732,-0.981833,1
0,0,0,0,0,1530,321,1851,33817,35668,0.0362872,0.140037,-0.989481,1
0,0,0,0,0,3757,555,4312,42436,46748,0.035189,0.133369,-0.990441,1
0,0,0,0,0,1565,304,1869,35420,37289,0.013807,0.0668436,-0.997668,1
0,0,0,0,0,1557,286,1843,35717,37560,-0.00444623,0.0464,-0.998913,1
0,0,0,0,0,1550,283,1833,36107,37940,-0.0149444,0.0212192,-0.999663,1
0,0,0,0,0,1531,367,1898,35804,37702,-0.0129542,0.00222274,-0.999914,1
0,0,0,0,0,1561,383,1944,35811,37755,-0.0144998,-0.0346415,-0.999295,1
0,0,0,0,0,1545,278,1823,35077,36900,-0.0184824,-0.0438633,-0.998867,1
0,0,0,0,0,1572,344,1916,35155,37071,-0.0165785,-0.0517379,-0.998523,1
0,0,0,0,0,1528,267,1795,34918,36713,-0.0124425,-0.0540537,-0.998461,1
0,0,0,0,0,1471,288,1759,35709,37468,-0.00774281,-0.0460819,-0.998908,1
0,0,0,0,0,1444,299,1743,35211,36954,-0.000966562,-0.024762,-0.999693,1
0,0,0,0,0,1438,293,1731,34848,36579,0.0103686,-0.0305019,-0.999481,1
0,0,0,0,0,1481,267,1748,33839,35587,0.0274589,-0.125135,-0.99176,1
0,0,0,0,0,1399,251,1650,33632,35282,0.0269256,-0.237977,-0.970897,1
0,0,0,0,0,1439,292,1731,32996,34727,0.0212156,-0.29347,-0.955733,1
0,0,0,0,0,1721,292,2013,32787,34800,0.0194879,-0.321965,-0.946551,1
0,0,0,0,0,1317,248,1565,33215,34780,0.00202083,-0.298607,-0.954374,1
0,0,0,0,0,1356,284,1640,32185,33825,-0.0106748,-0.297357,-0.954707,1
0,0,0,0,0,1276,312,1588,32146,33734,-0.0229507,-0.301088,-0.95332,1
0,0,0,0,0,1328,255,1583,31731,33314,-0.0247604,-0.282279,-0.959013,1
0,0,0,0,0,1374,418,1792,31181,32973,-0.025291,-0.254842,-0.966652,1
0,0,0,0,0,3801,635,4436,39909,44345,-0.0317492,-0.178732,-0.983386,1
0,0,0,0,0,1237,263,1500,29168,30668,-0.0186155,-0.170176,-0.985238,1
0,0,0,0,0,1414,269,1683,28595,30278,0.00861436,-0.130985,-0.991347,1
0,0,0,0,0,1210,226,1436,25951,27387,0.0485339,-0.0724534,-0.99619,1
0,0,0,0,0,1689,250,1939,17932,19871,0.160007,-0.116847,-0.980176,1
0,0,0,0,0,1399,261,1660,18731,20391,0.203641,-0.110687,-0.972768,1
0,0,0,0,0,1450,267,1717,17908,19625,0.228619,-0.0782256,-0.970368,1
0,0,0,0,0,1651,300,1951,19027,20978,0.222325,-0.0376578,-0.974245,1
0,0,0,0,0,1850,335,2185,20518,22703,0.18076,0.00683381,-0.983504,1
0,0,0,0,0,1654,301,1955,18050,20005,0.125606,0.0558434,-0.990507,1
0,0,0,0,0,1352,296,1648,16381,18029,0.0921759,0.120058,-0.988478,1
0,0,0,0,0,1810,352,2162,21477,23639,0.102589,0.180791,-0.978156,1
0,0,0,0,0,1645,301,1946,17410,19356,0.120075,0.227029,-0.966457,1
0,0,0,0,0,1766,317,2083,21574,23657,0.131478,0.288939,-0.948276,1
0,0,0,0,0,1707,305,2012,22447,24459,0.13269,0.391577,-0.910528,1
0,0,0,0,0,1843,369,2212,21796,24008,0.0865981,0.508745,-0.856551,1
0,0,0,0,0,1458,253,1711,17417,19128,0.0523548,0.575693,-0.815988,1
0,0,0,0,0,1624,293,1917,18345,20262,0.0288381,0.653961,-0.755978,1
0,0,0,0,0,1632,261,1893,-1000,-1000,-1,-1,-1,1
0,0,0,0,0,1512,293,1805,35272,37077,-0.0540546,-0.0069203,-0.998514,1
0,0,0,0,0,1398,337,1735,35238,36973,-0.0414839,-0.00521495,-0.999126,1
0,0,0,0,0,1507,353,1860,35371,37231,-0.0360683,0.00295886,-0.999345,1
0,0,0,0,0,1500,332,1832,35346,37178,-0.0312684,0.0382475,-0.998779,1
0,0,0,0,0,1336,274,1610,36226,37836,-0.0299812,0.0812038,-0.996247,1
0,0,0,0,0,1271,295,1566,36185,37751,-0.0271374,0.10674,-0.993917,1
0,0,0,0,0,1293,326,1619,36253,37872,-0.0273466,0.122993,-0.992031,1
0,0,0,0,0,1386,298,1684,36739,38423,-0.0298182,0.152182,-0.987903,1
0,0,0,0,0,1320,260,1580,36708,38288,-0.0288416,0.133635,-0.990611,1
0,0,0,0,0,1679,323,2002,36075,38077,-0.0299155,0.0854339,-0.995895,1
0,0,0,0,0,1255,301,1556,36444,38000,-0.0295163,0.111997,-0.99327,1
0,0,0,0,0,1306,291,1597,34697,36294,-0.0304869,0.130684,-0.990956,1
0,0,0,0,0,1236,281,1517,32753,34270,0.00489586,0.160035,-0.987099,1
0,0,0,0,0,1249,252,1501,31653,33154,0.0196605,0.210155,-0.977471,1
0,0,0,0,0,1427,265,1692,30072,31764,0.0288299,0.279852,-0.95961,1
0,0,0,0,0,1266,230,1496,27851,29347,0.00821098,0.263785,-0.964547,1
0,0,0,0,0,1414,278,1692,25030,26722,-0.000185088,0.254372,-0.967106,1
0,0,0,0,0,1435,256,1691,20848,22539,0.00262814,0.238788,-0.971068,1
0,0,0,0,0,5438,995,6433,29584,36017,0.00383887,0.208231,-0.978072,1
0,0,0,0,0,1362,304,1666,9586,11252,-0.00367314,0.121264,-0.992613,1
0,0,0,0,0,1608,277,1885,6153,8038,-0.00196507,0.0649499,-0.997887,1
0,0,0,0,0,2829,492,3321,7699,11020,0.0300383,0.0992753,-0.994606,1
0,0,0,0,0,6026,1099,7125,18672,25797,0.0463381,0.192541,-0.980194,1
0,0,0,0,0,2546,431,2977,9701,12678,0.0444475,0.219806,-0.974531,1
0,0,0,0,0,2077,366,2443,11760,14203,0.0445931,0.295112,-0.954421,1
0,0,0,0,0,2743,477,3220,20091,23311,0.0276483,0.39952,-0.916308,1
0,0,0,0,0,2104,365,2469,16770,19239,-0.00342803,0.421332,-0.9069,1
0,0,0,0,0,1592,274,1866,18140,20006,-0.0468446,0.430571,-0.901341,1
0,0,0,0,0,1499,262,1761,20489,22250,-0.0781121,0.432356,-0.898314,1
0,0,0,0,0,1667,302,1969,25211,27180,-0.0740793,0.402289,-0.912511,1
0,0,0,0,0,1686,288,1974,30428,32402,-0.0551977,0.363201,-0.930075,1
0,0,0,0,0,1618,277,1895,31704,33599,-0.0401218,0.324031,-0.945196,1
0,0,0,0,0,1661,295,1956,33847,35803,-0.033785,0.326576,-0.944567,1
0,0,0,0,0,1693,288,1981,33828,35809,-0.0451722,0.317031,-0.947339,1
0,0,0,0,0,1573,363,1936,34723,36659,-0.0583135,0.286782,-0.95622,1
0,0,0,0,0,1622,285,1907,35344,37251,-0.0530517,0.18015,-0.982207,1
0,0,0,0,0,1522,346,1868,35071,36939,-0.0465822,0.0964926,-0.994243,1
0,0,0,0,0,1849,334,2183,34871,37054,-0.0380877,0.0636806,-0.997243,1
0,0,0,0,0,1483,258,1741,34886,36627,-0.0333113,0.0601712,-0.997632,1
0,0,0,0,0,1497,271,1768,34336,36104,-0.0514008,0.0250413,-0.998364,1
0,0,0,0,0,3602,557,4159,41898,46057,-0.0686077,0.0453097,-0.996614,1
0,0,0,0,0,1375,245,1620,33426,35046,-0.0600943,-0.0517261,-0.996852,1
0,0,0,0,0,1301,307,1608,33031,34639,-0.0364122,-0.15422,-0.987365,1
0,0,0,0,0,1319,239,1558,32494,34052,-0.0130614,-0.26888,-0.963085,1
0,0,0,0,0,1273,237,1510,31307,32817,-0.0197667,-0.268366,-0.963114,1
0,0,0,0,0,1320,269,1589,30265,31854,-0.0341829,-0.246528,-0.968533,1
0,0,0,0,0,1247,263,1510,29696,31206,-0.0382797,-0.198312,-0.979391,1
0,0,0,0,0,1502,297,1799,28214,30013,-0.0484776,-0.167365,-0.984703,1
0,0,0,0,0,1291,261,1552,28069,29621,-0.0354187,-0.12989,-0.990896,1
0,0,0,0,0,4140,585,4725,36572,41297,-0.0240843,-0.106544,-0.994016,1
0,0,0,0,0,1214,231,1445,21709,23154,-0.0109947,-0.12309,-0.992335,1
0,0,0,0,0,1208,237,1445,17818,19263,0.00818276,-0.0715471,-0.997404,1
0,0,0,0,0,4704,908,5612,25291,30903,0.0065435,0.0391705,-0.999211,1
0,0,0,0,0,1542,289,1831,13902,15733,-0.0109165,0.100494,-0.994878,1
0,0,0,0,0,1377,299,1676,13102,14778,0.00547316,0.165635,-0.986172,1
0,0,0,0,0,2256,433,2689,22718,25407,0.0436269,0.248424,-0.967669,1
0,0,0,0,0,1996,370,2366,19889,22255,0.0593117,0.314907,-0.947268,1
0,0,0,0,0,1566,284,1850,16342,18192,0.0588777,0.37516,-0.925088,1
0,0,0,0,0,1520,280,1800,17023,18823,0.0485413,0.419877,-0.906282,1
0,0,0,0,0,1706,311,2017,18867,20884,0.0273421,0.480985,-0.876302,1
0,0,0,0,0,5783,1036,6819,31300,38119,0.0215231,0.568766,-0.822218,1
0,0,0,0,0,1491,259,1750,14730,16480,0.0250156,0.599507,-0.799979,1
0,0,0,0,0,6159,796,6955,25639,32594,0.0385907,0.691018,-0.721806,1
0,0,0,0,0,1386,313,1699,-1000,-1000,-1,-1,-1,1
0,0,0,0,0,1574,295,1869,35353,37222,-0.0400233,-0.0787381,-0.996092,1
0,0,0,0,0,1510,392,1902,34672,36574,-0.0320005,-0.0733609,-0.996792,1
0,0,0,0,0,1391,276,1667,34864,36531,-0.0359011,-0.067491,-0.997074,1
0,0,0,0,0,1368,279,1647,35229,36876,-0.0396114,-0.0511099,-0.997907,1
0,0,0,0,0,6305,1272,7577,57422,64999,-0.0507283,0.19201,-0.980081,1
0,0,0,0,0,1333,342,1675,36073,37748,-0.0664286,0.214291,-0.974508,1
0,0,0,0,0,1387,301,1688,35894,37582,-0.0637483,0.214088,-0.974732,1
0,0,0,0,0,1284,256,1540,36366,37906,-0.060303,0.211855,-0.975439,1
0,0,0,0,0,1290,255,1545,36565,38110,-0.0536281,0.167954,-0.984335,1
0,0,0,0,0,1225,282,1507,36278,37785,-0.0363553,0.134353,-0.990267,1
0,0,0,0,0,1231,249,1480,36501,37981,-0.0331854,0.0824668,-0.996041,1
0,0,0,0,0,1215,280,1495,34340,35835,0.00652909,0.00115962,-0.999978,1
0,0,0,0,0,1296,269,1565,32281,33846,0.0331695,-0.0247175,-0.999144,1
0,0,0,0,0,1276,272,1548,30890,32438,0.0474389,-0.0308136,-0.998399,1
0,0,0,0,0,1228,322,1550,29706,31256,0.0613593,-0.0103972,-0.998062,1
0,0,0,0,0,1358,275,1633,27898,29531,0.108543,0.0756781,-0.991207,1
0,0,0,0,0,1264,282,1546,25469,27015,0.146067,0.184661,-0.971887,1
0,0,0,0,0,6047,1155,7202,50783,57985,0.181235,0.474534,-0.861378,1
0,0,0,0,0,1479,245,1724,22799,24523,0.14605,0.407561,-0.901423,1
0,0,0,0,0,1480,285,1765,18677,20442,0.143501,0.390154,-0.909498,1
0,0,0,0,0,1461,286,1747,15517,17264,0.116591,0.316741,-0.941319,1
0,0,0,0,0,1541,295,1836,10957,12793,0.104971,0.231754,-0.967094,1
0,0,0,0,0,1807,309,2116,7705,9821,0.133939,0.173583,-0.975669,1
0,0,0,0,0,3265,544,3809,4118,7927,0.152305,0.189604,-0.969976,1
0,0,0,0,0,6157,1030,7187,9893,17080,0.157571,0.281291,-0.946598,1
0,0,0,0,0,6181,1039,7220,11947,19167,0.110625,0.366948,-0.92364,1
0,0,0,0,0,2676,456,3132,8318,11450,0.049845,0.437612,-0.897781,1
0,0,0,0,0,2532,424,2956,12813,15769,-0.00647108,0.51756,-0.855623,1
0,0,0,0,0,2579,439,3018,16298,19316,-0.0356939,0.53267,-0.84557,1
0,0,0,0,0,1921,341,2262,21132,23394,-0.0312587,0.514277,-0.857055,1
0,0,0,0,0,1653,299,1952,25046,26998,-0.00788296,0.482207,-0.876022,1
0,0,0,0,0,1765,327,2092,29447,31539,0.00484971,0.428542,-0.903509,1
0,0,0,0,0,1547,288,1835,32136,33971,0.00416352,0.40758,-0.913161,1
0,0,0,0,0,1520,275,1795,33350,35145,-0.00138893,0.31688,-0.948465,1
0,0,0,0,0,1624,299,1923,35327,37250,-0.0122328,0.182559,-0.983119,1
0,0,0,0,0,1485,280,1765,35358,37123,0.00761193,0.0407725,-0.999139,1
0,0,0,0,0,1559,309,1868,35770,37638,0.0290996,-0.0613342,-0.997693,1
0,0,0,0,0,1452,269,1721,35564,37285,0.0147092,-0.0713498,-0.997343,1
0,0,0,0,0,1438,366,1804,35327,37131,-0.0115144,-0.0337247,-0.999365,1
0,0,0,0,0,1420,267,1687,35007,36694,-0.0325743,0.00467711,-0.999459,1
0,0,0,0,0,2714,459,3173,39579,42752,-0.0466229,0.0352472,-0.998291,1
0,0,0,0,0,1515,326,1841,34410,36251,-0.0579976,0.0530783,-0.996905,1
0,0,0,0,0,1393,249,1642,33907,35549,-0.0544782,0.0617999,-0.996601,1
0,0,0,0,0,1404,339,1743,33421,35164,-0.0466025,0.0642888,-0.996843,1
0,0,0,0,0,1335,232,1567,32946,34513,-0.0356259,0.0405981,-0.99854,1
0,0,0,0,0,1334,235,1569,32018,33587,-0.00944484,-0.0296736,-0.999515,1
0,0,0,0,0,1308,297,1605,31033,32638,0.00236302,-0.110482,-0.993875,1
0,0,0,0,0,4386,807,5193,54471,59664,-0.0625977,0.0388415,-0.997283,1
0,0,0,0,0,1243,226,1469,29679,31148,-0.0657382,0.0196932,-0.997643,1
0,0,0,0,0,1437,230,1667,28903,30570,-0.0576354,0.00510781,-0.998325,1
0,0,0,0,0,1232,259,1491,26409,27900,-0.0561826,-0.025655,-0.998091,1
0,0,0,0,0,1211,222,1433,20650,22083,-0.0796017,-0.076085,-0.993919,1
0,0,0,0,0,1209,226,1435,15553,16988,-0.130043,-0.0921129,-0.98722,1
0,0,0,0,0,1358,252,1610,14748,16358,-0.182553,-0.0602907,-0.981346,1
0,0,0,0,0,1886,357,2243,17807,20050,-0.223411,0.0191443,-0.974536,1
0,0,0,0,0,1685,315,2000,12453,14453,-0.236784,0.0610522,-0.969643,1
0,0,0,0,0,5839,1099,6938,28945,35883,-0.224327,0.171199,-0.959358,1
0,0,0,0,0,3029,564,3593,16371,19964,-0.167754,0.23712,-0.956887,1
0,0,0,0,0,1343,310,1653,11783,13436,-0.110741,0.285775,-0.951877,1
0,0,0,0,0,1723,311,2034,16377,18411,-0.0845432,0.369166,-0.92551,1
0,0,0,0,0,1926,342,2268,18919,21187,-0.0689642,0.452733,-0.888975,1
0,0,0,0,0,5687,986,6673,26506,33179,-0.0363236,0.594081,-0.803584,1
0,0,0,0,0,1495,274,1769,13048,14817,-0.032919,0.629666,-0.776168,1
0,0,0,0,0,1482,259,1741,-1000,-1000,-1,-1,-1,1
0,0,0,0,0,2034,379,2413,40476,42889,-0.0260953,-0.0450143,-0.998646,1
0,0,0,0,0,1392,320,1712,34430,36142,-0.0386359,-0.0642868,-0.997183,1
0,0,0,0,0,1357,354,1711,34217,35928,-0.0481093,-0.0553314,-0.997308,1
0,0,0,0,0,1350,319,1669,34908,36577,-0.0558445,-0.0252699,-0.99812,1
0,0,0,0,0,1322,308,1630,35086,36716,-0.0571664,0.0404774,-0.997544,1
0,0,0,0,0,1351,265,1616,35202,36818,-0.0513918,0.0632762,-0.996672,1
0,0,0,0,0,1243,260,1503,35718,37221,-0.0484958,0.0810318,-0.995531,1
0,0,0,0,0,1215,256,1471,36013,37484,-0.0302621,0.0945721,-0.995058,1
0,0,0,0,0,1242,237,1479,35989,37468,-0.0245508,0.0756952,-0.996829,1
0,0,0,0,0,1184,236,1420,35782,37202,-0.0133813,0.12586,-0.991958,1
0,0,0,0,0,1242,297,1539,34402,35941,0.00493322,0.119512,-0.992821,1
0,0,0,0,0,1195,228,1423,32927,34350,0.0244949,0.0803761,-0.996464,1
0,0,0,0,0,1709,326,2035,43047,45082,0.0313657,0.22445,-0.973981,1
0,0,0,0,0,1254,230,1484,30419,31903,0.00521031,0.256781,-0.966456,1
0,0,0,0,0,1226,272,1498,29072,30570,0.0003552,0.308628,-0.951183,1
0,0,0,0,0,1255,234,1489,27813,29302,0.0145173,0.317678,-0.948087,1
0,0,0,0,0,1322,354,1676,25757,27433,-0.00202426,0.288244,-0.957555,1
0,0,0,0,0,1283,236,1519,21505,23024,0.0253394,0.296676,-0.954642,1
0,0,0,0,0,1386,254,1640,17956,19596,0.0457948,0.267192,-0.962555,1
0,0,0,0,0,1450,272,1722,14666,16388,0.0589141,0.257238,-0.96455,1
0,0,0,0,0,1699,315,2014,11381,13395,0.017812,0.268809,-0.963029,1
0,0,0,0,0,2407,449,2856,10163,13019,-0.0234141,0.317029,-0.948127,1
0,0,0,0,0,5869,1073,6942,16935,23877,0.048364,0.39631,-0.916842,1
0,0,0,0,0,2928,455,3383,8321,11704,0.0348898,0.343385,-0.938546,1
0,0,0,0,0,1490,257,1747,8211,9958,0.0349859,0.28421,-0.958123,1
0,0,0,0,0,5996,1077,7073,29084,36157,0.0408387,0.331693,-0.942503,1
0,0,0,0,0,1434,286,1720,16499,18219,0.0229,0.310984,-0.950139,1
0,0,0,0,0,1536,288,1824,21366,23190,0.00083385,0.348526,-0.937299,1
0,0,0,0,0,1421,319,1740,22996,24736,-0.0146589,0.354656,-0.934882,1
0,0,0,0,0,1441,272,1713,26503,28216,-0.0258817,0.344191,-0.938543,1
0,0,0,0,0,1382,321,1703,30194,31897,-0.0241871,0.308748,-0.950836,1
0,0,0,0,0,1513,299,1812,33235,35047,-0.0138622,0.252803,-0.967419,1
0,0,0,0,0,1505,328,1833,34946,36779,-0.00499417,0.178761,-0.98388,1
0,0,0,0,0,3611,620,4231,42881,47112,0.00546941,0.125313,-0.992102,1
0,0,0,0,0,1479,382,1861,35504,37365,0.00312755,0.0695691,-0.997572,1
0,0,0,0,0,6824,1289,8113,55510,63623,-0.000773705,0.203501,-0.979074,1
0,0,0,0,0,1422,292,1714,34692,36406,-0.00930391,0.175901,-0.984364,1
0,0,0,0,0,1383,314,1697,33934,35631,-0.0197105,0.140428,-0.989895,1
0,0,0,0,0,1352,251,1603,33446,35049,-0.0125062,0.0257483,-0.99959,1
0,0,0,0,0,1319,264,1583,33075,34658,-0.00880447,-0.0687088,-0.997598,1
0,0,0,0,0,1304,230,1534,32230,33764,-0.00252039,-0.18135,-0.983416,1
0,0,0,0,0,1357,229,1586,31220,32806,-0.011551,-0.21018,-0.977594,1
0,0,0,0,0,1270,270,1540,30651,32191,-0.0223974,-0.219641,-0.975324,1
0,0,0,0,0,1258,285,1543,29821,31364,-0.03246,-0.209268,-0.97732,1
0,0,0,0,0,1680,299,1979,29034,31013,-0.0425869,-0.179596,-0.982819,1
0,0,0,0,0,1243,258,1501,27976,29477,-0.0365905,-0.168127,-0.985086,1
0,0,0,0,0,5090,996,6086,42043,48129,-0.00689883,-0.132374,-0.991176,1
0,0,0,0,0,1236,278,1514,25185,26699,-0.00901768,-0.139983,-0.990113,1
0,0,0,0,0,1336,229,1565,22749,24314,-0.0142587,-0.13745,-0.990406,1
0,0,0,0,0,4077,772,4849,34853,39702,-0.0266534,-0.107012,-0.993901,1
0,0,0,0,0,1197,260,1457,15145,16602,-0.0420307,-0.175746,-0.983538,1
0,0,0,0,0,1321,257,1578,14097,15675,-0.104478,-0.0985634,-0.989631,1
0,0,0,0,0,2046,379,2425,18106,20531,-0.11179,0.0573345,-0.992076,1
0,0,0,0,0,1969,363,2332,20004,22336,-0.0871308,0.173084,-0.981045,1
0,0,0,0,0,1688,326,2014,17759,19773,-0.0645808,0.278797,-0.958176,1
0,0,0,0,0,1694,326,2020,18610,20630,-0.0309395,0.343443,-0.938664,1
0,0,0,0,0,1647,302,1949,15332,17281,0.0117891,0.405402,-0.914063,1
0,0,0,0,0,1892,360,2252,20398,22650,0.0553055,0.46259,-0.884846,1
0,0,0,0,0,1660,301,1961,18113,20074,0.0753158,0.498532,-0.863594,1
0,0,0,0,0,1559,284,1843,17035,18878,0.0793344,0.53268,-0.84259,1
0,0,0,0,0,1775,318,2093,19599,21692,0.0646903,0.582025,-0.810594,1
0,0,0,0,0,1573,285,1858,17535,19393,0.0585052,0.618698,-0.783448,1
0,0,0,0,0,1389,251,1640,15555,17195,0.0558792,0.647834,-0.75973,1
0,0,0,0,0,1505,270,1775,16740,18515,0.059029,0.692802,-0.718708,1
0,0,0,0,0,1793,323,2116,-1000,-1000,-1,-1,-1,1
0,0,0,0,0,5476,1173,6649,50929,57578,-0.0264077,-0.0459465,-0.998595,1
0,0,0,0,0,1326,304,1630,34460,36090,-0.0367228,-0.0394369,-0.998547,1
0,0,0,0,0,1312,284,1596,34381,35977,-0.0423178,-0.0433986,-0.998161,1
0,0,0,0,0,2655,537,3192,40810,44002,-0.0408331,0.00688774,-0.999142,1
0,0,0,0,0,1256,294,1550,35005,36555,-0.050965,-0.0136173,-0.998608,1
0,0,0,0,0,1264,251,1515,35231,36746,-0.0444794,0.0184859,-0.998839,1
0,0,0,0,0,1215,233,1448,35296,36744,-0.0235147,0.0236387,-0.999444,1
0,0,0,0,0,1171,261,1432,35352,36784,-0.00905733,0.00712061,-0.999934,1
0,0,0,0,0,1181,227,1408,36310,37718,0.0102045,0.0467816,-0.998853,1
0,0,0,0,0,1173,255,1428,35501,36929,0.00674222,0.0244802,-0.999678,1
0,0,0,0,0,1486,270,1756,34837,36593,0.0161491,0.0399827,-0.99907,1
0,0,0,0,0,2323,461,2784,49453,52237,0.0725502,0.193761,-0.978363,1
0,0,0,0,0,1193,292,1485,32890,34375,0.100771,0.187808,-0.977023,1
0,0,0,0,0,1224,298,1522,31279,32801,0.127899,0.19649,-0.972128,1
0,0,0,0,0,1186,265,1451,29316,30767,0.157864,0.223697,-0.961789,1
0,0,0,0,0,1238,221,1459,26458,27917,0.15393,0.205858,-0.9664,1
0,0,0,0,0,1193,227,1420,23526,24946,0.133239,0.239718,-0.961656,1
0,0,0,0,0,1274,242,1516,20808,22324,0.0847953,0.260036,-0.961869,1
0,0,0,0,0,1544,272,1816,18239,20055,0.0273784,0.255745,-0.966357,1
0,0,0,0,0,5827,1097,6924,28272,35196,-0.00116954,0.298342,-0.954458,1
0,0,0,0,0,1586,287,1873,6930,8803,0.0053661,0.224483,-0.974463,1
0,0,0,0,0,1422,266,1688,4729,6417,0.0130464,0.271118,-0.962458,1
0,0,0,0,0,3111,576,3687,15497,19184,0.019463,0.419109,-0.907727,1
0,0,0,0,0,5684,997,6681,20621,27302,-0.00144193,0.503694,-0.863881,1
0,0,0,0,0,1995,333,2328,13698,16026,-0.0136105,0.463669,-0.885904,1
0,0,0,0,0,2557,442,2999,24491,27490,-0.00723802,0.463617,-0.886007,1
0,0,0,0,0,1650,292,1942,21925,23867,0.000999981,0.432006,-0.90187,1
0,0,0,0,0,1426,247,1673,26472,28145,0.0145704,0.356867,-0.934041,1
0,0,0,0,0,1603,272,1875,32488,34363,0.0272016,0.259628,-0.965326,1
0,0,0,0,0,4488,701,5189,44183,49372,0.0159679,0.129525,-0.991447,1
0,0,0,0,0,1341,306,1647,34721,36368,0.00557689,0.00775851,-0.999954,1
0,0,0,0,0,1332,319,1651,35058,36709,0.00702411,-0.0255557,-0.999649,1
0,0,0,0,0,2235,420,2655,45210,47865,0.0184284,-0.0278201,-0.999443,1
0,0,0,0,0,1359,264,1623,34481,36104,0.020504,-0.0413317,-0.998935,1
0,0,0,0,0,1318,274,1592,34086,35678,0.0187427,-0.0477734,-0.998683,1
0,0,0,0,0,1431,282,1713,33631,35344,0.0132439,-0.0362386,-0.999255,1
0,0,0,0,0,1794,277,2071,34336,36407,0.00618323,-0.0431612,-0.999049,1
0,0,0,0,0,1297,309,1606,33254,34860,0.00857502,-0.0418555,-0.999087,1
0,0,0,0,0,1288,277,1565,33240,34805,0.0188041,-0.0969682,-0.99511,1
0,0,0,0,0,1268,373,1641,32903,34544,0.0257042,-0.189026,-0.981636,1
0,0,0,0,0,1257,252,1509,32599,34108,0.0339163,-0.246105,-0.96865,1
0,0,0,0,0,1278,281,1559,31982,33541,0.038919,-0.299182,-0.953402,1
0,0,0,0,0,1214,226,1440,31363,32803,0.0407222,-0.359181,-0.932379,1
0,0,0,0,0,2401,456,2857,47520,50377,0.0624977,-0.30277,-0.951012,1
0,0,0,0,0,1178,219,1397,30017,31414,0.0403687,-0.346003,-0.937365,1
0,0,0,0,0,1255,255,1510,29975,31485,0.0344225,-0.360242,-0.932224,1
0,0,0,0,0,1208,269,1477,29315,30792,0.0259511,-0.33951,-0.940244,1
0,0,0,0,0,1275,229,1504,31296,32800,0.0275762,-0.330248,-0.943491,1
0,0,0,0,0,1390,321,1711,28605,30316,0.0271248,-0.308952,-0.950691,1
0,0,0,0,0,1263,214,1477,28026,29503,0.0409662,-0.278507,-0.95956,1
0,0,0,0,0,1302,253,1555,27259,28814,0.0578535,-0.257531,-0.964537,1
0,0,0,0,0,1253,253,1506,26127,27633,0.0700028,-0.233448,-0.969846,1
0,0,0,0,0,5067,929,5996,51962,57958,0.0817603,-0.128761,-0.9883,1
0,0,0,0,0,1380,337,1717,24139,25856,0.0778669,-0.131265,-0.988285,1
0,0,0,0,0,1110,254,1364,22601,23965,0.0607134,-0.13199,-0.98939,1
0,0,0,0,0,1184,290,1474,20583,22057,0.0270781,-0.131309,-0.990971,1
0,0,0,0,0,1160,305,1465,18362,19827,-0.00704503,-0.160364,-0.987033,1
0,0,0,0,0,1127,211,1338,15288,16626,-0.0227449,-0.156704,-0.987384,1
0,0,0,0,0,1366,252,1618,13668,15286,-0.0139178,-0.161051,-0.986848,1
0,0,0,0,0,2204,419,2623,15453,18076,0.0154082,-0.159701,-0.987045,1
0,0,0,0,0,3538,613,4151,15652,19803,0.07813,-0.154443,-0.984908,1
0,0,0,0,0,2625,491,3116,15495,18611,0.121957,-0.0829536,-0.989063,1
0,0,0,0,0,2573,484,3057,20682,23739,0.115512,-0.0250386,-0.992991,1
0,0,0,0,0,1859,373,2232,17983,20215,0.0984186,0.0190178,-0.994963,1
0,0,0,0,0,6073,1153,7226,28161,35387,0.0606734,0.0752788,-0.995315,1
0,0,0,0,0,1477,273,1750,16631,18381,0.0385094,0.0889591,-0.995291,1
0,0,0,0,0,1450,297,1747,17714,19461,0.0215343,0.118536,-0.992716,1
0,0,0,0,0,6499,1136,7635,36722,44357,0.0213286,0.198585,-0.979851,1
0,0,0,0,0,1542,276,1818,18169,19987,0.0226119,0.204869,-0.978528,1
0,0,0,0,0,4976,761,5737,28381,34118,0.0112883,0.280379,-0.959823,1
0,0,0,0,0,1407,311,1718,18760,20478,0.00703622,0.300176,-0.953858,1
0,0,0,0,0,1465,261,1726,19331,21057,0.00168114,0.354492,-0.935057,1
0,0,0,0,0,5488,1001,6489,35000,41489,0.00783759,0.477747,-0.878463,1
0,0,0,0,0,1458,269,1727,18965,20692,0.0126669,0.52311,-0.852171,1
0,0,0,0,0,1530,288,1818,20501,22319,0.0114202,0.612842,-0.790123,1
0,0,0,0,0,1402,380,1782,18374,20156,-0.0151523,0.451112,-0.892339,1
0,0,0,0,0,5494,1053,6547,47886,54433,-0.0605476,0.0600615,-0.996357,1
0,0,0,0,0,1293,252,1545,33500,35045,-0.0578758,0.039173,-0.997555,1
0,0,0,0,0,1291,321,1612,33559,35171,-0.0504918,0.010395,-0.99867,1
0,0,0,0,0,1259,244,1503,34007,35510,-0.0408364,0.0131603,-0.999079,1
0,0,0,0,0,1242,332,1574,34046,35620,-0.0236026,0.0241655,-0.999429,1
0,0,0,0,0,1258,274,1532,34189,35721,-0.0237708,0.000990932,-0.999717,1
0,0,0,0,0,1210,234,1444,34582,36026,-0.0199849,-0.00423641,-0.999792,1
0,0,0,0,0,1199,228,1427,34730,36157,-0.0222008,-0.00863641,-0.999716,1
0,0,0,0,0,1242,227,1469,34882,36351,-0.0255386,-0.0211623,-0.99945,1
0,0,0,0,0,1254,235,1489,35027,36516,-0.0298221,-0.0273641,-0.999181,1
0,0,0,0,0,1202,223,1425,35071,36496,-0.0305182,-0.0148878,-0.999423,1
0,0,0,0,0,1519,316,1835,36204,38039,-0.0310436,0.0131142,-0.999432,1
0,0,0,0,0,1206,295,1501,37080,38581,-0.0304993,-0.000266195,-0.999535,1
0,0,0,0,0,1217,279,1496,36770,38266,-0.0292181,-0.012256,-0.999498,1
0,0,0,0,0,1317,294,1611,36426,38037,-0.00953463,-0.00785824,-0.999924,1
0,0,0,0,0,1176,295,1471,35397,36868,0.0318172,0.012656,-0.999414,1
0,0,0,0,0,1379,382,1761,33186,34947,0.0526096,0.0310041,-0.998134,1
0,0,0,0,0,1183,278,1461,31786,33247,0.0887582,0.0867963,-0.992264,1
0,0,0,0,0,1190,281,1471,31120,32591,0.120841,0.181056,-0.976021,1
0,0,0,0,0,2143,412,2555,38627,41182,0.152123,0.288772,-0.945236,1
0,0,0,0,0,1293,325,1618,26894,28512,0.130542,0.249136,-0.95963,1
0,0,0,0,0,1287,266,1553,23017,24570,0.100488,0.27043,-0.957481,1
0,0,0,0,0,1276,254,1530,18265,19795,0.0459329,0.307838,-0.95033,1
0,0,0,0,0,1640,290,1930,18481,20411,0.00900025,0.299293,-0.954119,1
0,0,0,0,0,1683,293,1976,13299,15275,-0.0173946,0.25137,-0.967735,1
0,0,0,0,0,2711,478,3189,10064,13253,0.00985548,0.27513,-0.961357,1
0,0,0,0,0,6807,1077,7884,11124,19008,0.0267917,0.333118,-0.942505,1
0,0,0,0,0,4213,745,4958,11194,16152,0.0210333,0.384203,-0.923009,1
0,0,0,0,0,2545,461,3006,10413,13419,-0.0323098,0.432591,-0.901011,1
0,0,0,0,0,2561,449,3010,9800,12810,-0.0818986,0.469896,-0.878914,1
0,0,0,0,0,3557,650,4207,16164,20371,-0.0951267,0.51197,-0.853719,1
0,0,0,0,0,2706,491,3197,14479,17676,-0.0811415,0.559647,-0.82475,1
0,0,0,0,0,1928,355,2283,12345,14628,-0.0579124,0.575711,-0.8156,1
0,0,0,0,0,2495,456,2951,20991,23942,-0.0388668,0.571954,-0.819365,1
0,0,0,0,0,1854,343,2197,23073,25270,-0.0369494,0.556646,-0.829928,1
0,0,0,0,0,1366,260,1626,23860,25486,-0.0485083,0.508541,-0.859671,1
0,0,0,0,0,6800,1147,7947,43520,51467,-0.0718331,0.438665,-0.895775,1
0,0,0,0,0,1617,310,1927,35969,37896,-0.0475864,0.305733,-0.950927,1
0,0,0,0,0,1464,292,1756,34771,36527,-0.0106118,0.182062,-0.98323,1
0,0,0,0,0,1470,294,1764,35085,36849,0.00616546,0.121055,-0.992627,1
0,0,0,0,0,1438,302,1740,34933,36673,0.0120121,0.110704,-0.993781,1
0,0,0,0,0,1422,379,1801,34616,36417,0.0219978,0.0846406,-0.996169,1
0,0,0,0,0,1502,262,1764,34037,35801,0.0247628,0.0659114,-0.997518,1
0,0,0,0,0,1503,273,1776,33889,35665,0.0318026,0.0615404,-0.997598,1
0,0,0,0,0,1368,248,1616,33184,34800,0.026866,0.0206431,-0.999426,1
0,0,0,0,0,1349,301,1650,32816,34466,0.0183394,-0.00418493,-0.999823,1
0,0,0,0,0,1527,287,1814,33103,34917,0.0165238,-0.0150457,-0.99975,1
0,0,0,0,0,1334,249,1583,32754,34337,0.00301989,-0.0340567,-0.999416,1
0,0,0,0,0,1390,313,1703,32465,34168,-0.0143629,-0.0329342,-0.999354,1
0,0,0,0,0,1322,242,1564,32243,33807,-0.0219989,-0.0536663,-0.998317,1
0,0,0,0,0,1395,246,1641,31575,33216,-0.0338545,-0.0686631,-0.997065,1
0,0,0,0,0,1358,229,1587,30793,32380,-0.0508894,-0.0696981,-0.996269,1
0,0,0,0,0,1273,275,1548,29550,31098,-0.0557762,-0.0432002,-0.997508,1
0,0,0,0,0,3275,597,3872,36790,40662,-0.0461652,-0.013431,-0.998844,1
0,0,0,0,0,1237,300,1537,24800,26337,-0.049176,-0.0917856,-0.994564,1
0,0,0,0,0,1297,250,1547,20496,22043,-0.0341439,-0.0772898,-0.996424,1
0,0,0,0,0,1232,280,1512,14854,16366,-0.02703,-0.108959,-0.993679,1
0,0,0,0,0,1681,323,2004,14672,16676,-0.0172282,-0.113432,-0.993397,1
0,0,0,0,0,2513,473,2986,14190,17176,-0.00403569,-0.12295,-0.992405,1
0,0,0,0,0,2573,501,3074,8525,11599,0.00433133,-0.144601,-0.989481,1
0,0,0,0,0,5912,1074,6986,7734,14720,0.125295,-0.110378,-0.985961,1
0,0,0,0,0,4209,764,4973,13892,18865,0.176842,0.033699,-0.983662,1
0,0,0,0,0,2629,496,3125,24335,27460,0.150049,0.14315,-0.97826,1
0,0,0,0,0,1508,291,1799,18393,20192,0.11171,0.200748,-0.973253,1
0,0,0,0,0,6646,1086,7732,35435,43167,0.0614538,0.29993,-0.95198,1
0,0,0,0,0,1512,280,1792,19188,20980,0.0439194,0.302263,-0.952212,1
0,0,0,0,0,1518,300,1818,20191,22009,0.0306663,0.287797,-0.9572,1
0,0,0,0,0,1411,269,1680,22891,24571,-0.0102236,0.0149965,-0.999835,1
0,0,0,0,0,1412,274,1686,29650,31336,-0.00824396,0.0216326,-0.999732,1
0,0,0,0,0,1421,317,1738,30786,32524,-0.00688116,0.0317843,-0.999471,1
0,0,0,0,0,1410,271,1681,31670,33351,-0.0177265,0.02174,-0.999607,1
0,0,0,0,0,1398,323,1721,32552,34273,-0.00354588,0.037095,-0.999305,1
0,0,0,0,0,1433,278,1711,33711,35422,2.34341e-05,0.0771831,-0.997017,1
0,0,0,0,0,1276,260,1536,33942,35478,-0.0090703,0.113785,-0.993464,1
0,0,0,0,0,1359,321,1680,34980,36660,-0.0164491,0.120227,-0.99261,1
0,0,0,0,0,3365,564,3929,43508,47437,-0.00916464,0.227363,-0.973767,1
0,0,0,0,0,1187,228,1415,35440,36855,-0.00964623,0.215277,-0.976506,1
0,0,0,0,0,1184,301,1485,35620,37105,-0.00706791,0.200163,-0.979737,1
0,0,0,0,0,1185,262,1447,35729,37176,-0.00593593,0.195489,-0.980688,1
0,0,0,0,0,1343,271,1614,35648,37262,-0.00735195,0.191658,-0.981435,1
0,0,0,0,0,1203,233,1436,35136,36572,0.00329233,0.250927,-0.968,1
0,0,0,0,0,1339,250,1589,35104,36693,0.00885152,0.261965,-0.965037,1
0,0,0,0,0,1445,285,1730,34201,35931,-0.00335605,0.250813,-0.96803,1
0,0,0,0,0,1215,231,1446,31931,33377,-0.0340645,0.255944,-0.966091,1
0,0,0,0,0,1322,247,1569,29964,31533,-0.0415748,0.266565,-0.96292,1
0,0,0,0,0,1301,238,1539,29134,30673,-0.030603,0.251372,-0.967407,1
0,0,0,0,0,1339,248,1587,29164,30751,-0.0165441,0.225017,-0.974214,1
0,0,0,0,0,4163,769,4932,39604,44536,-0.00551622,0.19815,-0.980156,1
0,0,0,0,0,1244,263,1507,28237,29744,-0.0107829,0.189137,-0.981892,1
0,0,0,0,0,3661,609,4270,37795,42065,-0.0237203,0.190671,-0.981367,1
0,0,0,0,0,1205,224,1429,27938,29367,-0.0244123,0.200711,-0.979346,1
0,0,0,0,0,1338,248,1586,28465,30051,-0.0216961,0.2067,-0.978164,1
0,0,0,0,0,1473,272,1745,28945,30690,-0.0183814,0.211262,-0.977257,1
0,0,0,0,0,5004,951,5955,43509,49464,-0.0124599,0.243364,-0.969855,1
0,0,0,0,0,1210,253,1463,27292,28755,-0.00689989,0.259553,-0.965704,1
0,0,0,0,0,2522,464,2986,32714,35700,-0.00163226,0.300452,-0.953796,1
0,0,0,0,0,1209,223,1432,26786,28218,0.0158903,0.294166,-0.955623,1
0,0,0,0,0,1191,223,1414,25784,27198,0.0409345,0.276465,-0.960152,1
0,0,0,0,0,1218,218,1436,24090,25526,0.0624696,0.237701,-0.969327,1
0,0,0,0,0,1279,238,1517,24299,25816,0.100476,0.220036,-0.970303,1
0,0,0,0,0,1384,254,1638,23092,24730,0.106711,0.195641,-0.974852,1
0,0,0,0,0,1309,246,1555,20697,22252,0.116394,0.18263,-0.976268,1
0,0,0,0,0,1360,264,1624,20683,22307,0.102879,0.164282,-0.981034,1
0,0,0,0,0,1481,283,1764,18503,20267,0.0844746,0.152742,-0.98465,1
0,0,0,0,0,1321,260,1581,14335,15916,0.0548135,0.12749,-0.990324,1
0,0,0,0,0,1633,301,1934,15037,16971,0.0303972,0.105806,-0.993922,1
0,0,0,0,0,2069,377,2446,15827,18273,0.0101265,0.0846661,-0.996358,1
0,0,0,0,0,2069,358,2427,11068,13495,0.000291109,0.0743406,-0.997233,1
0,0,0,0,0,3435,587,4022,13725,17747,-0.00077998,0.0669245,-0.997758,1
0,0,0,0,0,3447,589,4036,11248,15284,0.00152442,0.0616403,-0.998097,1
0,0,0,0,0,4000,691,4691,10556,15247,-0.00273808,0.0568336,-0.99838,1
0,0,0,0,0,3971,683,4654,9441,14095,-0.00433069,0.0515425,-0.998661,1
0,0,0,0,0,4032,736,4768,7449,12217,-0.00186967,0.0459287,-0.998943,1
0,0,0,0,0,5529,972,6501,8928,15429,0.00307549,0.0417175,-0.999125,1
0,0,0,0,0,5452,935,6387,9308,15695,0.00163291,0.0397021,-0.99921,1
0,0,0,0,0,3692,641,4333,5814,10147,0.00012927,0.0411342,-0.999154,1
0,0,0,0,0,5439,916,6355,8204,14559,-0.000528171,0.0420213,-0.999117,1
0,0,0,0,0,3359,600,3959,4741,8700,-0.00126975,0.0436034,-0.999048,1
0,0,0,0,0,4856,1179,6035,7299,13334,-0.00267239,0.0439709,-0.999029,1
0,0,0,0,0,5428,948,6376,5832,12208,-0.00551142,0.0453004,-0.998958,1
0,0,0,0,0,4249,638,4887,5280,10167,-0.00129728,0.0459674,-0.998942,1
0,0,0,0,0,3659,656,4315,6034,10349,0.00349687,0.0480933,-0.998837,1
0,0,0,0,0,4882,840,5722,8861,14583,0.00305652,0.0488187,-0.998803,1
0,0,0,0,0,5486,895,6381,7527,13908,0.00326039,0.0503208,-0.998728,1
0,0,0,0,0,2763,511,3274,5443,8717,0.00360463,0.0501018,-0.998738,1
0,0,0,0,0,5501,958,6459,10376,16835,0.00891149,0.0472673,-0.998843,1
0,0,0,0,0,5390,670,6060,7936,13996,0.0112286,0.0462732,-0.998866,1
0,0,0,0,0,1893,338,2231,4585,6816,0.017877,0.045901,-0.998786,1
0,0,0,0,0,4823,868,5691,13608,19299,0.0197317,0.0486013,-0.998624,1
0,0,0,0,0,3360,605,3965,10347,14312,0.0184894,0.050482,-0.998554,1
0,0,0,0,0,4283,793,5076,12813,17889,0.0165987,0.0499949,-0.998611,1
0,0,0,0,0,3911,740,4651,11984,16635,0.0212822,0.0484268,-0.9986,1
0,0,0,0,0,5442,1030,6472,13868,20340,0.0206423,0.0472188,-0.998671,1
0,0,0,0,0,2250,405,2655,7316,9971,0.0217509,0.0473526,-0.998642,1
0,0,0,0,0,4983,856,5839,15111,20950,0.0218384,0.0475804,-0.998629,1
0,0,0,0,0,4082,735,4817,10935,15752,0.0229545,0.04861,-0.998554,1
0,0,0,0,0,2670,466,3136,9274,12410,0.0226813,0.0491342,-0.998535,1
0,0,0,0,0,3953,688,4641,13993,18634,0.0227324,0.0493389,-0.998523,1
0,0,0,0,0,3943,685,4628,13914,18542,0.0213692,0.0498113,-0.99853,1
0,0,0,0,0,2941,508,3449,10077,13526,0.0213016,0.0504336,-0.9985,1
0,0,0,0,0,4796,824,5620,14947,20567,0.0208006,0.0512536,-0.998469,1
0,0,0,0,0,2621,456,3077,9095,12172,0.023833,0.0508078,-0.998424,1
0,0,0,0,0,5231,954,6185,16363,22548,0.0234566,0.0496232,-0.998493,1
0,0,0,0,0,2613,489,3102,9775,12877,0.0229728,0.048154,-0.998576,1
0,0,0,0,0,3919,707,4626,14063,18689,0.0207439,0.0457947,-0.998735,1
0,0,0,0,0,3617,651,4268,11579,15847,0.0198916,0.0432447,-0.998867,1
0,0,0,0,0,5100,844,5944,13084,19028,0.018317,0.0407839,-0.999,1
0,0,0,0,0,2583,459,3042,7810,10852,0.016382,0.0393064,-0.999093,1
0,0,0,0,0,5605,942,6547,14177,20724,0.0191839,0.0370017,-0.999131,1
0,0,0,0,0,3633,620,4253,10356,14609,0.0204405,0.0367102,-0.999117,1
0,0,0,0,0,2769,475,3244,8048,11292,0.0194977,0.0369817,-0.999126,1
0,0,0,0,0,4717,824,5541,12940,18481,0.0176206,0.0389533,-0.999086,1
0,0,0,0,0,2664,466,3130,7316,10446,0.0197687,0.039465,-0.999025,1
0,0,0,0,0,4757,879,5636,12802,18438,0.0182628,0.0418123,-0.998959,1
0,0,0,0,0,2645,450,3095,7475,10570,0.0156785,0.0409775,-0.999037,1
0,0,0,0,0,5409,978,6387,11929,18316,0.0148464,0.0376355,-0.999181,1
0,0,0,0,0,2756,518,3274,7079,10353,0.0205583,0.0348991,-0.999179,1
0,0,0,0,0,5321,947,6268,13374,19642,0.0194538,0.0358257,-0.999169,1
0,0,0,0,0,2766,493,3259,7813,11072,0.0142516,0.0360317,-0.999249,1
0,0,0,0,0,5305,957,6262,12912,19174,0.0163921,0.0338634,-0.999292,1
0,0,0,0,0,3387,592,3979,8916,12895,0.0138455,0.0330577,-0.999358,1
0,0,0,0,0,5140,1071,6211,13138,19349,0.0133089,0.0341008,-0.99933,1
0,0,0,0,0,3626,622,4248,8348,12596,0.0204466,0.0337698,-0.999221,1
0,0,0,0,0,4768,804,5572,12902,18474,0.021722,0.0367966,-0.999087,1
0,0,0,0,0,3455,585,4040,9368,13408,0.0222659,0.037778,-0.999038,1
0,0,0,0,0,3936,675,4611,11343,15954,0.0214183,0.0384417,-0.999031,1
0,0,0,0,0,3955,687,4642,11721,16363,0.0198776,0.0380649,-0.999078,1
0,0,0,0,0,4735,856,5591,13228,18819,0.0179643,0.0366064,-0.999168,1
0,0,0,0,0,4801,894,5695,9992,15687,0.0184117,0.0364957,-0.999164,1
0,0,0,0,0,3925,687,4612,10165,14777,0.0216202,0.0370931,-0.999078,1
0,0,0,0,0,5418,910,6328,13382,19710,0.0265808,0.0373522,-0.998949,1
0,0,0,0,0,2632,452,3084,9105,12189,0.0251937,0.0393044,-0.99891,1
0,0,0,0,0,3975,720,4695,13087,17782,0.0249628,0.041095,-0.998843,1
0,0,0,0,0,3703,633,4336,11961,16297,0.0242408,0.0412394,-0.998855,1
0,0,0,0,0,3622,649,4271,12011,16282,0.0215621,0.040748,-0.998937,1
0,0,0,0,0,5991,911,6902,11899,18801,0.0198389,0.0402079,-0.998994,1
0,0,0,0,0,5094,971,6065,12165,18230,0.0182565,0.0399461,-0.999035,1
0,0,0,0,0,2615,469,3084,7130,10214,0.0171957,0.039659,-0.999066,1
0,0,0,0,0,5310,967,6277,13815,20092,0.0142086,0.0388774,-0.999143,1
0,0,0,0,0,3748,647,4395,8228,12623,0.011293,0.0382543,-0.999204,1
0,0,0,0,0,2769,477,3246,6126,9372,0.0153136,0.0365053,-0.999216,1
0,0,0,0,0,5454,937,6391,12838,19229,0.0141872,0.0354067,-0.999272,1
0,0,0,0,0,3399,603,4002,8375,12377,0.0114496,0.035057,-0.99932,1
0,0,0,0,0,4423,735,5158,9062,14220,0.00982147,0.0344371,-0.999358,1
0,0,0,0,0,4978,738,5716,9181,14897,0.00693122,0.0340382,-0.999396,1
0,0,0,0,0,4951,839,5790,10104,15894,0.00528184,0.0340703,-0.999406,1
0,0,0,0,0,3373,599,3972,6301,10273,0.00464344,0.0330551,-0.999443,1
0,0,0,0,0,4687,847,5534,8767,14301,0.00346487,0.0339992,-0.999416,2
0,0,0,0,0,4844,805,5649,7967,13616,0.00870644,0.0321173,-0.999446,2
0,0,0,0,0,4844,1136,5980,9396,15376,0.0131283,0.0324819,-0.999386,2
0,0,0,0,0,4840,808,5648,9488,15136,0.0121125,0.0328957,-0.999386,2
0,0,0,0,0,2653,451,3104,5594,8698,0.0106911,0.0336908,-0.999375,2
0,0,0,0,0,4973,937,5910,10240,16150,0.014971,0.0325717,-0.999357,2
0,0,0,0,0,5439,901,6340,10556,16896,0.0177787,0.0312909,-0.999352,2
0,0,0,0,0,2311,384,2695,5983,8678,0.0179392,0.0302311,-0.999382,2
0,0,0,0,0,5389,922,6311,11103,17414,0.0149753,0.0305333,-0.999422,2
0,0,0,0,0,2649,451,3100,6124,9224,0.0169988,0.0309218,-0.999377,2
0,0,0,0,0,5426,947,6373,12634,19007,0.0179077,0.0319879,-0.999328,2
0,0,0,0,0,3326,485,3811,6520,10331,0.0175327,0.0325956,-0.999315,2
0,0,0,0,0,3390,453,3843,6482,10325,0.0150977,0.0336159,-0.999321,2
0,0,0,0,0,5249,808,6057,9910,15967,0.013905,0.0335997,-0.999339,2
0,0,0,0,0,2618,460,3078,5883,8961,0.0118248,0.0333558,-0.999374,2
0,0,0,0,0,4767,819,5586,10320,15906,0.0104632,0.032022,-0.999432,2
0,0,0,0,0,4753,819,5572,9640,15212,0.00803021,0.0322372,-0.999448,2
0,0,0,0,0,3422,606,4028,7056,11084,0.0140793,0.0321333,-0.999384,2
0,0,0,0,0,3359,660,4019,7647,11666,0.0179043,0.0334864,-0.999279,2
0,0,0,0,0,4289,805,5094,11028,16122,0.0146318,0.0354905,-0.999263,2
0,0,0,0,0,4372,737,5109,10144,15253,0.0131714,0.0358667,-0.99927,2
0,0,0,0,0,3151,538,3689,6888,10577,0.0136421,0.0374932,-0.999204,2
0,0,0,0,0,6215,947,7162,11135,18297,0.0129098,0.0391841,-0.999148,2
0,0,0,0,0,3387,605,3992,7524,11516,0.0124875,0.0395956,-0.999138,2
0,0,0,0,0,3945,705,4650,10191,14841,0.0107135,0.0405608,-0.99912,2
0,0,0,0,0,3931,736,4667,9098,13765,0.015562,0.0404773,-0.999059,2
0,0,0,0,0,3956,677,4633,9500,14133,0.018009,0.0405104,-0.999017,2
0,0,0,0,0,4850,871,5721,12418,18139,0.0224809,0.0406585,-0.99892,2
0,0,0,0,0,2644,487,3131,8637,11768,0.0235752,0.041739,-0.99885,2
0,0,0,0,0,5177,915,6092,15355,21447,0.0228713,0.0434493,-0.998794,2
0,0,0,0,0,2624,453,3077,9038,12115,0.0229612,0.0445281,-0.998744,2
0,0,0,0,0,3636,629,4265,12935,17200,0.0239377,0.0449467,-0.998702,2
0,0,0,0,0,6306,944,7250,15876,23126,0.02416,0.0456893,-0.998663,2
0,0,0,0,0,2616,454,3070,9647,12717,0.0241749,0.0461263,-0.998643,2
0,0,0,0,0,4950,860,5810,18537,24347,0.0249978,0.0476892,-0.998549,2
0,0,0,0,0,2883,479,3362,7984,11346,0.025221,0.047415,-0.998557,2
0,0,0,0,0,1393,242,1635,5322,6957,0.0244421,0.0464122,-0.998623,2
0,0,0,0,0,1394,241,1635,5451,7086,0.0239164,0.0460288,-0.998653,2
0,0,0,0,0,3051,512,3563,11719,15282,0.0250063,0.0457253,-0.998641,2
0,0,0,0,0,4750,872,5622,16863,22485,0.0251256,0.045509,-0.998648,2
0,0,0,0,0,2709,479,3188,10390,13578,0.0262686,0.0454651,-0.99862,2
0,0,0,0,0,5734,993,6727,16003,22730,0.0268094,0.0471923,-0.998526,2
0,0,0,0,0,2155,390,2545,9187,11732,0.0269888,0.0486743,-0.99845,2
0,0,0,0,0,3031,538,3569,13315,16884,0.0271158,0.0495737,-0.998402,2
0,0,0,0,0,3068,519,3587,13008,16595,0.0263369,0.0496324,-0.99842,2
0,0,0,0,0,2394,417,2811,10579,13390,0.0255228,0.0486123,-0.998492,2
0,0,0,0,0,2397,432,2829,10173,13002,0.025498,0.0475344,-0.998544,2
0,0,0,0,0,3447,617,4064,14282,18346,0.0266279,0.0465107,-0.998563,2
0,0,0,0,0,4856,891,5747,15701,21448,0.026011,0.0460429,-0.998601,2
0,0,0,0,0,2171,395,2566,8926,11492,0.0267568,0.0448921,-0.998633,2
0,0,0,0,0,4788,865,5653,17795,23448,0.0246308,0.0434587,-0.998752,2
0,0,0,0,0,2637,480,3117,10550,13667,0.0249351,0.0428055,-0.998772,2
0,0,0,0,0,4804,844,5648,17780,23428,0.0250828,0.043879,-0.998722,2
0,0,0,0,0,3433,628,4061,12244,16305,0.0253586,0.0451643,-0.998658,2
0,0,0,0,0,2545,463,3008,10136,13144,0.0246043,0.045769,-0.998649,2
0,0,0,0,0,4871,870,5741,17896,23637,0.0240997,0.0458408,-0.998658,2
0,0,0,0,0,4912,847,5759,15288,21047,0.0247204,0.0452225,-0.998671,2
0,0,0,0,0,2157,546,2703,9585,12288,0.0251361,0.0449613,-0.998672,2
0,0,0,0,0,3040,534,3574,13086,16660,0.0247595,0.0443773,-0.998708,2
0,0,0,0,0,3027,519,3546,12002,15548,0.0237646,0.0443298,-0.998734,2
0,0,0,0,0,2389,430,2819,9457,12276,0.0234683,0.0432723,-0.998788,2
0,0,0,0,0,4386,792,5178,15777,20955,0.0231231,0.0431373,-0.998802,2
0,0,0,0,0,2527,461,2988,9534,12522,0.0215129,0.0430446,-0.998841,2
0,0,0,0,0,4894,868,5762,16093,21855,0.0229609,0.0423569,-0.998839,2
0,0,0,0,0,2675,489,3164,10239,13403,0.0241861,0.0415753,-0.998843,2
0,0,0,0,0,2632,492,3124,10319,13443,0.0233963,0.0414208,-0.998868,2
0,0,0,0,0,4975,838,5813,17819,23632,0.0219237,0.0415218,-0.998897,2
0,0,0,0,0,2648,500,3148,9890,13038,0.0242244,0.0421608,-0.998817,2
0,0,0,0,0,2980,552,3532,11614,15146,0.0242789,0.0434526,-0.99876,2
0,0,0,0,0,5299,984,6283,17098,23381,0.0252503,0.0431509,-0.998749,2
0,0,0,0,0,2192,399,2591,8492,11083,0.0241447,0.0428654,-0.998789,2
0,0,0,0,0,2792,513,3305,10748,14053,0.0233416,0.0432762,-0.99879,2
0,0,0,0,0,5321,1046,6367,17657,24024,0.023233,0.0439192,-0.998765,2
0,0,0,0,0,2664,498,3162,9981,13143,0.0219202,0.0435385,-0.998812,2
0,0,0,0,0,3013,560,3573,11101,14674,0.0213246,0.0433455,-0.998833,2
0,0,0,0,0,4905,885,5790,16278,22068,0.0220736,0.0428721,-0.998837,2
0,0,0,0,0,2662,485,3147,10330,13477,0.0216004,0.0431899,-0.998833,2
0,0,0,0,0,3987,722,4709,14995,19704,0.0198871,0.0433611,-0.998861,2
0,0,0,0,0,2976,605,3581,10669,14250,0.0204296,0.0426257,-0.998882,2
0,0,0,0,0,4829,879,5708,15637,21345,0.022533,0.0413994,-0.998888,2
0,0,0,0,0,2656,489,3145,10042,13187,0.022018,0.0407672,-0.998926,2
0,0,0,0,0,4051,708,4759,14634,19393,0.0206105,0.0407969,-0.998955,2
0,0,0,0,0,3041,540,3581,10796,14377,0.0196099,0.0413631,-0.998952,2
0,0,0,0,0,3734,693,4427,12923,17350,0.0204372,0.0411448,-0.998944,2
0,0,0,0,0,5068,885,5953,16163,22116,0.0203668,0.0410636,-0.998949,2
0,0,0,0,0,2724,477,3201,9637,12838,0.0189059,0.0414961,-0.99896,2
0,0,0,0,0,3013,536,3549,10417,13966,0.0190401,0.0406997,-0.99899,2
0,0,0,0,0,5022,864,5886,15264,21150,0.0171791,0.0402994,-0.99904,2
0,0,0,0,0,2680,477,3157,8821,11978,0.0179064,0.0401642,-0.999033,2
0,0,0,0,0,3996,743,4739,12979,17718,0.0208021,0.0409244,-0.998946,2
0,0,0,0,0,4873,884,5757,15527,21284,0.0188833,0.0420986,-0.998935,2
0,0,0,0,0,2683,480,3163,9299,12462,0.020773,0.0419143,-0.998905,2
0,0,0,0,0,5392,946,6338,17321,23659,0.0179174,0.0416011,-0.998973,2
0,0,0,0,0,2660,472,3132,8633,11765,0.0172535,0.0409008,-0.999014,2
0,0,0,0,0,3688,635,4323,12144,16467,0.0166771,0.0407479,-0.99903,2
0,0,0,0,0,3692,657,4349,12230,16579,0.0153125,0.0416708,-0.999014,2
0,0,0,0,0,2808,484,3292,8800,12092,0.0139405,0.042048,-0.999018,2
0,0,0,0,0,5572,874,6446,15081,21527,0.0162343,0.0419084,-0.99899,2
0,0,0,0,0,3484,591,4075,11473,15548,0.0201533,0.0409389,-0.998958,2
0,0,0,0,0,5056,1246,6302,14091,20393,0.021537,0.0397518,-0.998978,2
0,0,0,0,0,2183,395,2578,8505,11083,0.0196833,0.0397068,-0.999018,2
0,0,0,0,0,3731,719,4450,13363,17813,0.0188435,0.0395429,-0.99904,2
0,0,0,0,0,3534,620,4154,12528,16682,0.0194641,0.0392228,-0.999041,2
0,0,0,0,0,3542,618,4160,11950,16110,0.020503,0.0397282,-0.999,2
0,0,0,0,0,2690,484,3174,9911,13085,0.0207269,0.0408389,-0.998951,2
0,0,0,0,0,4031,723,4754,14984,19738,0.0209008,0.0419397,-0.998901,2
0,0,0,0,0,3703,672,4375,15248,19623,0.0217423,0.0409531,-0.998925,2
0,0,0,0,0,4151,503,4654,11397,16051,0.0198404,0.0379518,-0.999083,2
0,0,0,0,0,4804,831,5635,16128,21763,0.0187152,0.0351281,-0.999207,2
0,0,0,0,0,2786,461,3247,9240,12487,0.0176211,0.0343959,-0.999253,2
0,0,0,0,0,2544,435,2979,8244,11223,0.0176285,0.0353511,-0.999219,2
0,0,0,0,0,5408,965,6373,14824,21197,0.0185909,0.0365277,-0.99916,2
0,0,0,0,0,6192,1040,7232,12198,19430,0.0169683,0.0374447,-0.999155,2
0,0,0,0,0,2288,394,2682,7481,10163,0.0155906,0.0372614,-0.999184,2
0,0,0,0,0,4003,692,4695,13071,17766,0.0190852,0.0367851,-0.999141,2
0,0,0,0,0,4006,778,4784,13565,18349,0.0188406,0.0377279,-0.99911,2
0,0,0,0,0,2416,419,2835,8289,11124,0.0181475,0.0379917,-0.999113,2
0,0,0,0,0,4420,784,5204,15282,20486,0.0161704,0.0383095,-0.999135,2
0,0,0,0,0,4404,866,5270,12303,17573,0.0153818,0.0384278,-0.999143,2
0,0,0,0,0,2534,438,2972,8541,11513,0.0178681,0.0373829,-0.999141,2
0,0,0,0,0,3844,636,4480,13059,17539,0.0177811,0.0376022,-0.999135,2
0,0,0,0,0,3791,640,4431,13104,17535,0.0174749,0.0373253,-0.99915,2
0,0,0,0,0,2899,490,3389,9985,13374,0.0161498,0.0374368,-0.999168,2
0,0,0,0,0,3615,613,4228,11697,15925,0.0151928,0.0369821,-0.9992,2
0,0,0,0,0,3495,618,4113,11317,15430,0.0147568,0.0370517,-0.999204,2
0,0,0,0,0,3593,623,4216,11868,16084,0.0138305,0.036763,-0.999228,2
0,0,0,0,0,4937,872,5809,12071,17880,0.0137248,0.0354559,-0.999277,2
0,0,0,0,0,2259,384,2643,7188,9831,0.0139037,0.0353786,-0.999277,2
0,0,0,0,0,4839,831,5670,14876,20546,0.0130128,0.0343685,-0.999325,2
0,0,0,0,0,4857,856,5713,12905,18618,0.0134384,0.0348512,-0.999302,2
0,0,0,0,0,2696,460,3156,7917,11073,0.0125461,0.0352995,-0.999298,2
0,0,0,0,0,5097,859,5956,13911,19867,0.0123127,0.0364308,-0.99926,2
0,0,0,0,0,3513,591,4104,10386,14490,0.0122036,0.0371386,-0.999236,2
0,0,0,0,0,2655,471,3126,8180,11306,0.0132065,0.0380082,-0.99919,2
0,0,0,0,0,5688,932,6620,15431,22051,0.0156321,0.0384964,-0.999137,2
0,0,0,0,0,2663,469,3132,9025,12157,0.0159519,0.0378387,-0.999156,2
0,0,0,0,0,3029,517,3546,10499,14045,0.0155716,0.0355904,-0.999245,2
0,0,0,0,0,4992,833,5825,15252,21077,0.0163417,0.0344634,-0.999272,2
0,0,0,0,0,2764,477,3241,8833,12074,0.0156636,0.03479,-0.999272,2
0,0,0,0,0,2734,604,3338,8058,11396,0.015505,0.0358925,-0.999235,2
0,0,0,0,0,5040,888,5928,16168,22096,0.0154643,0.0367203,-0.999206,2
0,0,0,0,0,3452,606,4058,12062,16120,0.015214,0.0369385,-0.999202,2
0,0,0,0,0,2732,462,3194,9517,12711,0.0163523,0.0370166,-0.999181,2
0,0,0,0,0,4265,694,4959,13755,18714,0.0194258,0.0365882,-0.999142,2
0,0,0,0,0,2456,446,2902,9388,12290,0.0201138,0.0363244,-0.999138,2
0,0,0,0,0,2400,439,2839,9192,12031,0.0194756,0.035301,-0.999187,2
0,0,0,0,0,3593,597,4190,12631,16821,0.0183158,0.0339639,-0.999255,2
0,0,0,0,0,4367,770,5137,15872,21009,0.0189955,0.0334803,-0.999259,2
0,0,0,0,0,4450,752,5202,13288,18490,0.0186466,0.0339993,-0.999248,2
0,0,0,0,0,2092,414,2506,7472,9978,0.0177372,0.0349716,-0.999231,2
0,0,0,0,0,4942,843,5785,15384,21169,0.0170107,0.0348237,-0.999249,2
0,0,0,0,0,2677,461,3138,9379,12517,0.0175328,0.0344859,-0.999251,2
0,0,0,0,0,5473,857,6330,16306,22636,0.0164796,0.0346462,-0.999264,2
0,0,0,0,0,2660,472,3132,9152,12284,0.0168253,0.0345422,-0.999262,2
0,0,0,0,0,3793,714,4507,12809,17316,0.0165707,0.0351495,-0.999245,2
0,0,0,0,0,3774,650,4424,12775,17199,0.0160644,0.0344591,-0.999277,2
0,0,0,0,0,2950,488,3438,9721,13159,0.0172093,0.0343274,-0.999263,2
0,0,0,0,0,5093,881,5974,15608,21582,0.0160739,0.0343661,-0.99928,2
0,0,0,0,0,4902,876,5778,11336,17114,0.0157357,0.0333854,-0.999319,2
0,0,0,0,0,1855,335,2190,6138,8328,0.0154486,0.0332383,-0.999328,2
0,0,0,0,0,4881,830,5711,16249,21960,0.0148719,0.03291,-0.999348,2
0,0,0,0,0,3431,603,4034,11184,15218,0.0183822,0.032381,-0.999307,2
0,0,0,0,0,2741,485,3226,10209,13435,0.0186732,0.0331543,-0.999276,2
0,0,0,0,0,3232,587,3819,11514,15333,0.0178101,0.0337872,-0.99927,2
0,0,0,0,0,3884,639,4523,11496,16019,0.0161756,0.0333727,-0.999312,2
0,0,0,0,0,2523,444,2967,8923,11890,0.0156627,0.0332734,-0.999323,2
0,0,0,0,0,5616,846,6462,12214,18676,0.0164163,0.0333417,-0.999309,2
0,0,0,0,0,2236,393,2629,7273,9902,0.0163028,0.0336522,-0.9993,2
0,0,0,0,0,3190,542,3732,10112,13844,0.018118,0.0336445,-0.99927,2
0,0,0,0,0,4991,1059,6050,14473,20523,0.0176717,0.0336124,-0.999279,2
0,0,0,0,0,2198,440,2638,7800,10438,0.0177439,0.0331483,-0.999293,2
0,0,0,0,0,4806,853,5659,17406,23065,0.0172309,0.0319915,-0.99934,2
0,0,0,0,0,3560,608,4168,11485,15653,0.0165868,0.0316823,-0.99936,2
0,0,0,0,0,2662,467,3129,8994,12123,0.0165232,0.0317884,-0.999358,2
0,0,0,0,0,5658,942,6600,14822,21422,0.0172253,0.0323423,-0.999328,2
0,0,0,0,0,2663,473,3136,9278,12414,0.0192693,0.032456,-0.999287,2
0,0,0,0,0,4980,951,5931,14085,20016,0.0188181,0.033043,-0.999277,2
0,0,0,0,0,1921,331,2252,7278,9530,0.0179292,0.0323793,-0.999315,2
0,0,0,0,0,2940,518,3458,10222,13680,0.0169225,0.032044,-0.999343,2
0,0,0,0,0,3318,533,3851,9795,13646,0.0175161,0.0324164,-0.999321,2
0,0,0,0,0,3532,611,4143,11994,16137,0.0169499,0.0326072,-0.999325,2
0,0,0,0,0,3444,596,4040,11676,15716,0.0168476,0.0321613,-0.999341,2
0,0,0,0,0,4447,756,5203,14050,19253,0.0184982,0.0311656,-0.999343,2
0,0,0,0,0,2549,438,2987,9030,12017,0.017355,0.0312757,-0.99936,2
0,0,0,0,0,5173,849,6022,15682,21704,0.015762,0.0309658,-0.999396,2
0,0,0,0,0,2718,476,3194,9041,12235,0.0161042,0.0309877,-0.99939,2
0,0,0,0,0,2552,453,3005,8738,11743,0.0158477,0.030401,-0.999412,2
0,0,0,0,0,4931,832,5763,14535,20298,0.0128324,0.0301002,-0.999464,2
0,0,0,0,0,2734,459,3193,8194,11387,0.0115787,0.0317929,-0.999427,2
0,0,0,0,0,4086,689,4775,12564,17339,0.0115784,0.03569,-0.999296,2
0,0,0,0,0,4889,855,5744,10162,15906,0.0118613,0.0411284,-0.999084,2
0,0,0,0,0,2224,380,2604,7938,10542,0.0180239,0.0437998,-0.998878,2
0,0,0,0,0,4984,867,5851,19820,25671,0.0217633,0.0429698,-0.998839,2
0,0,0,0,0,2745,477,3222,11798,15020,0.0190703,0.0347158,-0.999215,2
0,0,0,0,0,2098,368,2466,9374,11840,0.0199846,0.0249737,-0.999488,2
0,0,0,0,0,4427,753,5180,16817,21997,0.0269335,0.016635,-0.999499,2
0,0,0,0,0,4996,890,5886,14616,20502,0.0291296,0.018444,-0.999406,2
0,0,0,0,0,2229,377,2606,8173,10779,0.0230329,0.0254577,-0.99941,2
0,0,0,0,0,2615,433,3048,8528,11576,0.0132511,0.0346778,-0.999311,2
0,0,0,0,0,4391,823,5214,13937,19151,0.0124572,0.0500819,-0.998667,2
0,0,0,0,0,5578,989,6567,18484,25051,0.0109603,0.0990166,-0.995026,2
0,0,0,0,0,2597,413,3010,9826,12836,0.00417955,0.102371,-0.994738,2
0,0,0,0,0,1365,225,1590,7362,8952,-0.00260625,0.101751,-0.994806,2
0,0,0,0,0,1804,311,2115,10372,12487,-0.00725135,0.120518,-0.992684,2
0,0,0,0,0,5226,914,6140,27465,33605,-0.0227366,0.217469,-0.975803,2
0,0,0,0,0,1993,342,2335,11207,13542,-0.0201211,0.211998,-0.977063,2
0,0,0,0,0,6012,1037,7049,25382,32431,-0.0303462,0.278656,-0.959911,2
0,0,0,0,0,1611,284,1895,13244,15139,-0.0357208,0.255064,-0.966264,2
0,0,0,0,0,1491,257,1748,17890,19638,-0.0443217,0.269002,-0.962119,2
0,0,0,0,0,5588,973,6561,43227,49788,-0.0598407,0.486479,-0.871641,2
0,0,0,0,0,1471,254,1725,23408,25133,-0.0529026,0.457038,-0.887873,2
0,0,0,0,0,1417,244,1661,27715,29376,-0.0423409,0.380648,-0.92375,2
0,0,0,0,0,1370,289,1659,31949,33608,-0.0317478,0.291141,-0.956153,2
0,0,0,0,0,1395,254,1649,34509,36158,-0.0106159,0.172018,-0.985037,2
0,0,0,0,0,1483,285,1768,35208,36976,0.0158256,0.126153,-0.991885,2
0,0,0,0,0,1550,340,1890,34740,36630,0.0260213,0.107956,-0.993815,2
0,0,0,0,0,1578,336,1914,34755,36669,0.0333103,0.108327,-0.993557,2
0,0,0,0,0,1502,289,1791,35020,36811,0.0313932,0.120013,-0.992276,2
0,0,0,0,0,1488,281,1769,34243,36012,0.0296981,0.119152,-0.992432,2
0,0,0,0,0,1468,257,1725,34135,35860,0.0260232,0.131232,-0.99101,2
0,0,0,0,0,1445,249,1694,34501,36195,0.0219574,0.142549,-0.989544,2
0,0,0,0,0,1477,292,1769,34222,35991,0.0163261,0.147023,-0.988998,2
0,0,0,0,0,1474,353,1827,33729,35556,-0.00607329,0.163718,-0.986489,2
0,0,0,0,0,1400,328,1728,33094,34822,-0.0198442,0.16724,-0.985717,2
0,0,0,0,0,1387,379,1766,32418,34184,-0.0275692,0.153333,-0.98779,2
0,0,0,0,0,1362,245,1607,32035,33642,-0.0285506,0.0954831,-0.995022,2
0,0,0,0,0,3474,598,4072,39544,43616,-0.0207724,0.0865352,-0.996032,2
0,0,0,0,0,1331,257,1588,30927,32515,-0.00454463,0.0482917,-0.998823,2
0,0,0,0,0,1435,249,1684,30531,32215,0.0104335,0.0149016,-0.999834,2
0,0,0,0,0,1325,238,1563,30239,31802,0.0266841,0.00518881,-0.999631,2
0,0,0,0,0,1327,245,1572,29291,30863,0.0424466,-0.0151457,-0.998984,2
0,0,0,0,0,4384,750,5134,39399,44533,0.0516952,-0.00409206,-0.998655,2
0,0,0,0,0,1420,270,1690,27534,29224,0.0529301,-0.0274455,-0.998221,2
0,0,0,0,0,1296,433,1729,25732,27461,0.0393573,-0.0171295,-0.999078,2
0,0,0,0,0,1274,229,1503,21811,23314,0.0498079,-0.0447207,-0.997757,2
0,0,0,0,0,1377,245,1622,19359,20981,0.0573924,-0.0552477,-0.996822,2
0,0,0,0,0,1244,234,1478,14068,15546,0.0640323,-0.0851398,-0.994309,2
0,0,0,0,0,1965,372,2337,14492,16829,0.0759973,-0.0575546,-0.995445,2
0,0,0,0,0,2609,645,3254,11907,15161,0.100818,-0.0344561,-0.994308,2
0,0,0,0,0,3088,562,3650,10882,14532,0.153235,0.167059,-0.973967,2
0,0,0,0,0,5427,880,6307,34557,40864,0.117306,0.369537,-0.921782,2
0,0,0,0,0,1549,294,1843,17257,19100,0.0920553,0.420081,-0.902805,2
0,0,0,0,0,1410,258,1668,16333,18001,0.0792218,0.494364,-0.865638,2
0,0,0,0,0,5720,1036,6756,33798,40554,0.0611958,0.591903,-0.803683,2
0,0,0,0,0,1594,263,1857,16543,18400,0.0449741,0.604575,-0.795278,2
0,0,0,0,0,1741,303,2044,18889,20933,0.0110997,0.661015,-0.75029,2
0,0,0,0,0,1674,304,1978,-1000,-1000,-1,-1,-1,2
0,0,0,0,0,1484,285,1769,30457,32226,-0.0498486,0.0851132,-0.995124,2
0,0,0,0,0,1391,273,1664,31461,33125,-0.0670983,0.114333,-0.991174,2
0,0,0,0,0,1363,336,1699,31677,33376,-0.0662789,0.113577,-0.991316,2
0,0,0,0,0,1328,302,1630,32542,34172,-0.0519441,0.155868,-0.986411,2
0,0,0,0,0,1363,253,1616,33646,35262,-0.0513485,0.199871,-0.978476,2
0,0,0,0,0,3587,560,4147,43005,47152,-0.0633597,0.276439,-0.958941,2
0,0,0,0,0,3091,582,3673,50442,54115,-0.0826623,0.362249,-0.928409,2
0,0,0,0,0,1460,277,1737,34139,35876,-0.090672,0.315793,-0.944486,2
0,0,0,0,0,1172,222,1394,34854,36248,-0.0957427,0.290607,-0.95204,2
0,0,0,0,0,1193,256,1449,34922,36371,-0.0931949,0.273265,-0.957414,2
0,0,0,0,0,1220,290,1510,34752,36262,-0.0961192,0.316713,-0.943639,2
0,0,0,0,0,1183,264,1447,34984,36431,-0.0854301,0.282447,-0.955471,2
0,0,0,0,0,1244,253,1497,35045,36542,-0.0691171,0.314314,-0.9468,2
0,0,0,0,0,1399,278,1677,35024,36701,-0.0473114,0.310849,-0.949281,2
0,0,0,0,0,1204,230,1434,34845,36279,-0.0264867,0.331722,-0.943006,2
0,0,0,0,0,1177,339,1516,33328,34844,-0.00996188,0.340923,-0.940039,2
0,0,0,0,0,1120,211,1331,31120,32451,-0.00183053,0.361779,-0.932262,2
0,0,0,0,0,1286,236,1522,28439,29961,0.00744307,0.369725,-0.929112,2
0,0,0,0,0,1054,276,1330,21503,22833,0.00108652,0.393856,-0.919172,2
0,0,0,0,0,1175,252,1427,17082,18509,-0.0085967,0.398553,-0.917105,2
0,0,0,0,0,1454,276,1730,13915,15645,-0.0257147,0.40377,-0.914499,2
0,0,0,0,0,2534,447,2981,14874,17855,-0.0704218,0.452739,-0.888858,2
0,0,0,0,0,3619,643,4262,19008,23270,-0.139369,0.502667,-0.853171,2
0,0,0,0,0,2313,442,2755,14101,16856,-0.155577,0.495203,-0.854734,2
0,0,0,0,0,1974,351,2325,18777,21102,-0.137376,0.417791,-0.898097,2
0,0,0,0,0,1730,321,2051,27368,29419,-0.121193,0.393663,-0.911231,2
0,0,0,0,0,1300,236,1536,26582,28118,-0.093974,0.351482,-0.931466,2
0,0,0,0,0,1347,248,1595,31229,32824,-0.0561476,0.278805,-0.958705,2
0,0,0,0,0,4830,740,5570,44146,49716,-0.0517006,0.241002,-0.969147,2
0,0,0,0,0,1562,337,1899,34873,36772,-0.0543875,0.17174,-0.98364,2
0,0,0,0,0,1469,274,1743,34306,36049,-0.0692402,0.171055,-0.982826,2
0,0,0,0,0,1470,300,1770,34079,35849,-0.096265,0.212983,-0.972302,2
0,0,0,0,0,1460,326,1786,33443,35229,-0.0776997,0.196788,-0.977362,2
0,0,0,0,0,1622,306,1928,34868,36796,-0.0647472,0.236389,-0.969499,2
0,0,0,0,0,1444,326,1770,34650,36420,-0.0467237,0.222179,-0.973886,2
0,0,0,0,0,1459,277,1736,34433,36169,-0.0379507,0.210922,-0.976766,2
0,0,0,0,0,1652,309,1961,34255,36216,-0.032106,0.194608,-0.980355,2
0,0,0,0,0,1439,259,1698,33863,35561,-0.0216555,0.188341,-0.981865,2
0,0,0,0,0,1748,312,2060,34699,36759,-0.0063811,0.199859,-0.979804,2
0,0,0,0,0,1551,255,1806,33571,35377,0.00170986,0.164377,-0.986396,2
0,0,0,0,0,1428,249,1677,32454,34131,-0.0200429,0.167729,-0.98563,2
0,0,0,0,0,1496,255,1751,32145,33896,-0.0193769,0.128172,-0.991563,2
0,0,0,0,0,1403,249,1652,31382,33034,-0.0106554,0.0832239,-0.996474,2
0,0,0,0,0,1405,253,1658,31428,33086,-0.00795679,0.0505151,-0.998692,2
0,0,0,0,0,1393,244,1637,30639,32276,-0.00199438,0.0259797,-0.999661,2
0,0,0,0,0,1446,247,1693,29901,31594,0.00125879,0.0164775,-0.999864,2
0,0,0,0,0,1404,329,1733,29569,31302,0.00971233,0.00608165,-0.999935,2
0,0,0,0,0,1366,247,1613,29095,30708,0.0179157,0.00370179,-0.999833,2
0,0,0,0,0,1485,271,1756,30153,31909,0.0316918,0.00801261,-0.999466,2
0,0,0,0,0,5233,917,6150,43341,49491,0.05415,0.0472248,-0.997416,2
0,0,0,0,0,1336,240,1576,24851,26427,0.0552718,0.0178897,-0.998311,2
0,0,0,0,0,1358,284,1642,22876,24518,0.0658925,0.0136151,-0.997734,2
0,0,0,0,0,4758,888,5646,46385,52031,0.0878301,0.0694429,-0.993712,2
0,0,0,0,0,1461,255,1716,19174,20890,0.105389,0.0195296,-0.994239,2
0,0,0,0,0,1354,283,1637,17698,19335,0.106435,-0.0322549,-0.993797,2
0,0,0,0,0,1266,377,1643,16003,17646,0.0939146,-0.0707006,-0.993067,2
0,0,0,0,0,1397,279,1676,15976,17652,0.0665314,-0.082678,-0.994353,2
0,0,0,0,0,5270,1001,6271,33003,39274,0.0150941,-0.0560176,-0.998316,2
0,0,0,0,0,1626,284,1910,12367,14277,-0.0158015,-0.0916845,-0.995663,2
0,0,0,0,0,1481,269,1750,10676,12426,-0.0417366,-0.0892995,-0.99513,2
0,0,0,0,0,5896,1081,6977,23505,30482,-0.0600837,-0.0581304,-0.996499,2
0,0,0,0,0,2021,374,2395,8383,10778,-0.0658975,-0.0668484,-0.995585,2
0,0,0,0,0,1708,338,2046,4747,6793,-0.0746975,-0.0488603,-0.996009,2
0,0,0,0,0,4294,750,5044,9131,14175,-0.123455,0.0251042,-0.992033,2
0,0,0,0,0,6213,1180,7393,22721,30114,-0.159538,0.11219,-0.980796,2
0,0,0,0,0,1864,372,2236,14652,16888,-0.135149,0.172737,-0.975652,2
0,0,0,0,0,1511,309,1820,15754,17574,-0.121097,0.20297,-0.971668,2
0,0,0,0,0,5748,1118,6866,31369,38235,-0.113771,0.227626,-0.967079,2
0,0,0,0,0,1625,296,1921,15833,17754,-0.111687,0.246336,-0.962728,2
0,0,0,0,0,1398,283,1681,16079,17760,-0.112875,0.28352,-0.9523,2
0,0,0,0,0,1685,332,2017,19513,21530,-0.115772,0.31657,-0.941477,2
0,0,0,0,0,6039,849,6888,28103,34991,-0.118362,0.364306,-0.923727,2
0,0,0,0,0,1352,258,1610,15763,17373,-0.118044,0.376268,-0.91896,2
0,0,0,0,0,1717,321,2038,19541,21579,-0.114429,0.406676,-0.906378,2
0,0,0,0,0,1627,303,1930,17338,19268,-0.110555,0.419983,-0.900773,2
0,0,0,0,0,1411,256,1667,15184,16851,-0.107098,0.42135,-0.900552,2
0,0,0,0,0,6165,1130,7295,33606,40901,-0.10004,0.421235,-0.901418,2
0,0,0,0,0,1890,298,2188,15358,17546,-0.100766,0.414203,-0.90459,2
0,0,0,0,0,6209,1168,7377,35651,43028,-0.099237,0.408853,-0.907188,2
0,0,0,0,0,1681,318,1999,15890,17889,-0.0986713,0.403708,-0.909552,2
0,0,0,0,0,1396,303,1699,15492,17191,-0.0981759,0.400742,-0.910916,2
0,0,0,0,0,1381,288,1669,15771,17440,-0.0984483,0.396632,-0.912683,2
0,0,0,0,0,1515,292,1807,17496,19303,-0.0982015,0.39288,-0.914331,2
0,0,0,0,0,6188,1228,7416,40797,48213,-0.0971907,0.387222,-0.91685,2
0,0,0,0,0,1679,325,2004,16759,18763,-0.0967453,0.382689,-0.918798,2
0,0,0,0,0,1354,278,1632,16033,17665,-0.0958295,0.378406,-0.920666,2
0,0,0,0,0,1393,318,1711,16302,18013,-0.0941778,0.373353,-0.922897,2
0,0,0,0,0,1560,285,1845,18460,20305,-0.0930713,0.366616,-0.925706,2
0,0,0,0,0,1491,269,1760,17724,19484,-0.0917143,0.360191,-0.92836,2
0,0,0,0,0,1497,277,1774,17770,19544,-0.0903601,0.353237,-0.93116,2
0,0,0,0,0,1587,292,1879,19645,21524,-0.0900601,0.34957,-0.932572,2
0,0,0,0,0,1503,269,1772,18022,19794,-0.0880967,0.34625,-0.933997,2
0,0,0,0,0,1510,279,1789,18741,20530,-0.0867254,0.341156,-0.935997,2
0,0,0,0,0,7243,1203,8446,37497,45943,-0.0846405,0.336759,-0.937779,2
0,0,0,0,0,1505,276,1781,17555,19336,-0.0818365,0.330935,-0.940099,2
0,0,0,0,0,1350,307,1657,17277,18934,-0.0804439,0.321936,-0.943338,2
0,0,0,0,0,1353,287,1640,17741,19381,-0.0767691,0.311828,-0.947032,2
0,0,0,0,0,1352,288,1640,17955,19595,-0.0727385,0.296548,-0.952244,2
0,0,0,0,0,1354,310,1664,18956,20620,-0.0672943,0.273803,-0.959429,2
0,0,0,0,0,1581,289,1870,21334,23204,-0.0598194,0.234548,-0.970262,2
0,0,0,0,0,1413,354,1767,20421,22188,-0.045937,0.147076,-0.988058,2
0,0,0,0,0,1857,358,2215,28088,30303,-0.0354735,0.0541401,-0.997903,2
0,0,0,0,0,1353,253,1606,20173,21779,-0.0348872,0.0431532,-0.998459,2
0,0,0,0,0,1357,299,1656,20596,22252,-0.0368937,0.0364331,-0.998655,2
0,0,0,0,0,5642,1042,6684,34157,40841,-0.0359542,0.0322387,-0.998833,2
0,0,0,0,0,1404,255,1659,19245,20904,-0.035554,0.0290523,-0.998946,2
0,0,0,0,0,1385,295,1680,18868,20548,-0.0358087,0.0280848,-0.998964,2
0,0,0,0,0,1353,373,1726,19391,21117,-0.0359406,0.0278431,-0.998966,2
0,0,0,0,0,1632,305,1937,21637,23574,-0.0361455,0.0264317,-0.998997,2
0,0,0,0,0,6286,1159,7445,38965,46410,-0.0355045,0.0236563,-0.99909,2
0,0,0,0,0,1497,284,1781,18401,20182,-0.03548,0.0250404,-0.999057,2
0,0,0,0,0,1360,253,1613,18191,19804,-0.0360638,0.0259891,-0.999012,2
0,0,0,0,0,1349,310,1659,18135,19794,-0.0362738,0.027275,-0.99897,2
0,0,0,0,0,5228,993,6221,31968,38189,-0.0362719,0.0310845,-0.998859,2
0,0,0,0,0,1365,303,1668,18322,19990,-0.0360291,0.032322,-0.998828,2
0,0,0,0,0,1379,261,1640,18527,20167,-0.0368555,0.0322605,-0.9988,2
0,0,0,0,0,1468,289,1757,19632,21389,-0.038124,0.0314719,-0.998777,2
0,0,0,0,0,4672,956,5628,34966,40594,-0.0351669,0.0302059,-0.998925,2
0,0,0,0,0,1435,272,1707,18347,20054,-0.0349039,0.0304324,-0.998927,2
0,0,0,0,0,6756,1287,8043,38010,46053,-0.0376053,0.0300281,-0.998842,2
0,0,0,0,0,1557,286,1843,18809,20652,-0.0364449,0.0290821,-0.998913,2
0,0,0,0,0,1411,260,1671,18606,20277,-0.0357957,0.0284846,-0.998953,2
0,0,0,0,0,1531,264,1795,18815,20610,-0.035398,0.0290026,-0.998952,2
