Downsample[ns],BuildFilTree[ns],SearchFil[ns],DeleteFil[ns],BuildTreeSub[ns],SearchSub[ns],DeleteSub[ns],PreProcTotal[ns],Plane[ns],Total[ns],nx,ny,nz,planeCount
0,0,0,0,0,5991,1009,7000,17029,24029,-0.0401798,0.147921,-0.988183,0
0,0,0,0,0,2353,422,2775,24920,27695,-0.0377109,0.1038,-0.993883,0
0,0,0,0,0,1211,262,1473,14405,15878,-0.0305644,0.0873106,-0.995712,0
0,0,0,0,0,1272,221,1493,14195,15688,-0.0248811,0.0808436,-0.996416,0
0,0,0,0,0,1638,303,1941,17808,19749,-0.0194821,0.079755,-0.996624,0
0,0,0,0,0,1825,320,2145,19919,22064,-0.0160631,0.079219,-0.996728,0
0,0,0,0,0,5301,979,6280,30850,37130,-0.0140734,0.0794317,-0.996741,0
0,0,0,0,0,1756,255,2011,13274,15285,-0.0124426,0.0796219,-0.996748,0
0,0,0,0,0,1253,251,1504,14054,15558,-0.0126718,0.0795508,-0.99675,0
0,0,0,0,0,1628,281,1909,17691,19600,-0.0132607,0.0790008,-0.996786,0
0,0,0,0,0,1776,310,2086,19592,21678,-0.0132554,0.0790475,-0.996783,0
0,0,0,0,0,1562,273,1835,16950,18785,-0.0130466,0.0793506,-0.996761,0
0,0,0,0,0,1620,269,1889,16388,18277,-0.0121112,0.0793714,-0.996771,0
0,0,0,0,0,5382,942,6324,36772,43096,-0.0126192,0.0785037,-0.996834,0
0,0,0,0,0,1657,289,1946,14665,16611,-0.0127338,0.078957,-0.996797,0
0,0,0,0,0,1168,208,1376,13183,14559,-0.0122201,0.0790075,-0.996799,0
0,0,0,0,0,1161,305,1466,12853,14319,-0.0120275,0.0787972,-0.996818,0
0,0,0,0,0,1933,291,2224,18151,20375,-0.0123823,0.0788587,-0.996809,0
0,0,0,0,0,5821,961,6782,35158,41940,-0.0132193,0.0787089,-0.99681,0
0,0,0,0,0,6314,939,7253,34938,42191,-0.0126879,0.0788508,-0.996806,0
0,0,0,0,0,1680,258,1938,14214,16152,-0.0116952,0.0791015,-0.996798,0
0,0,0,0,0,1220,209,1429,12942,14371,-0.0110952,0.0786255,-0.996842,0
0,0,0,0,0,1309,284,1593,13357,14950,-0.0108895,0.0783399,-0.996867,0
0,0,0,0,0,1550,281,1831,17053,18884,-0.0123464,0.0784564,-0.996841,0
0,0,0,0,0,1710,301,2011,18862,20873,-0.0129484,0.0783063,-0.996845,0
0,0,0,0,0,1658,292,1950,18015,19965,-0.0117094,0.0792397,-0.996787,0
0,0,0,0,0,1665,288,1953,18297,20250,-0.0115904,0.0778502,-0.996898,0
0,0,0,0,0,1850,324,2174,20119,22293,-0.0117035,0.0782418,-0.996866,0
0,0,0,0,0,1597,282,1879,17349,19228,-0.0116799,0.0783554,-0.996857,0
0,0,0,0,0,5347,983,6330,30665,36995,-0.0116155,0.0785466,-0.996843,0
0,0,0,0,0,1295,242,1537,13215,14752,-0.0114255,0.078337,-0.996862,0
0,0,0,0,0,5501,943,6444,30420,36864,-0.0114601,0.0779303,-0.996893,0
0,0,0,0,0,1658,228,1886,13251,15137,-0.0112534,0.0781635,-0.996877,0
0,0,0,0,0,5429,934,6363,34475,40838,-0.0114137,0.0781774,-0.996874,0
0,0,0,0,0,1756,259,2015,14132,16147,-0.0112394,0.0780023,-0.99689,0
0,0,0,0,0,1165,204,1369,12868,14237,-0.0111418,0.0782856,-0.996869,0
0,0,0,0,0,1161,206,1367,12857,14224,-0.0115833,0.078076,-0.99688,0
0,0,0,0,0,4892,868,5760,30690,36450,-0.0115155,0.0779567,-0.99689,0
0,0,0,0,0,1508,230,1738,13632,15370,-0.0116845,0.0781114,-0.996876,0
0,0,0,0,0,1340,234,1574,14811,16385,-0.0112613,0.0776717,-0.996915,0
0,0,0,0,0,1614,291,1905,17610,19515,-0.0116404,0.0773099,-0.996939,0
0,0,0,0,0,6380,944,7324,29072,36396,-0.0112849,0.0776719,-0.996915,0
0,0,0,0,0,1306,228,1534,12991,14525,-0.0116534,0.0780679,-0.99688,0
0,0,0,0,0,1619,281,1900,17428,19328,-0.011788,0.0784766,-0.996846,0
0,0,0,0,0,1785,310,2095,19515,21610,-0.011152,0.078278,-0.996869,0
0,0,0,0,0,1554,275,1829,16952,18781,-0.0104804,0.0782025,-0.996883,0
0,0,0,0,0,1724,299,2023,18849,20872,-0.00992043,0.0779229,-0.99691,0
0,0,0,0,0,1909,346,2255,24362,26617,-0.0105292,0.0776436,-0.996926,0
0,0,0,0,0,1449,247,1696,14236,15932,-0.0109609,0.0771937,-0.996956,0
0,0,0,0,0,1265,223,1488,13791,15279,-0.0103257,0.0773489,-0.996951,0
0,0,0,0,0,1265,223,1488,13549,15037,-0.00992365,0.0774779,-0.996945,0
0,0,0,0,0,1269,224,1493,13826,15319,-0.0101809,0.0775086,-0.99694,0
0,0,0,0,0,1644,294,1938,18028,19966,-0.00965624,0.0775384,-0.996943,0
0,0,0,0,0,2117,338,2455,19996,22451,-0.00990787,0.0776241,-0.996933,0
0,0,0,0,0,5353,930,6283,35595,41878,-0.0117998,0.0771439,-0.99695,0
0,0,0,0,0,1869,270,2139,14349,16488,-0.011561,0.0776843,-0.996911,0
0,0,0,0,0,1211,204,1415,12837,14252,-0.0122132,0.0779955,-0.996879,0
0,0,0,0,0,1240,216,1456,13767,15223,-0.0116991,0.078131,-0.996874,0
0,0,0,0,0,2104,368,2472,22795,25267,-0.0114031,0.0783665,-0.99686,0
0,0,0,0,0,1778,312,2090,18919,21009,-0.0116859,0.078171,-0.996872,0
0,0,0,0,0,1546,275,1821,16908,18729,-0.0115615,0.0786336,-0.996837,0
0,0,0,0,0,1765,301,2066,18760,20826,-0.0114422,0.0788026,-0.996825,0
0,0,0,0,0,2175,380,2555,23204,25759,-0.0109466,0.0783728,-0.996864,0
0,0,0,0,0,1629,283,1912,16970,18882,-0.0111972,0.0785325,-0.996849,0
0,0,0,0,0,4792,838,5630,30638,36268,-0.0105717,0.0785015,-0.996858,0
0,0,0,0,0,1351,228,1579,13330,14909,-0.0118724,0.0782401,-0.996864,0
0,0,0,0,0,1496,256,1752,15941,17693,-0.0119097,0.0778641,-0.996893,0
0,0,0,0,0,1601,346,1947,17670,19617,-0.0123262,0.0774531,-0.99692,0
0,0,0,0,0,1907,313,2220,19310,21530,-0.0121478,0.0785349,-0.996837,0
0,0,0,0,0,1755,277,2032,17007,19039,-0.0122303,0.0782149,-0.996862,0
0,0,0,0,0,5478,939,6417,29680,36097,-0.012098,0.078619,-0.996832,0
0,0,0,0,0,1288,239,1527,13070,14597,-0.0119023,0.0782556,-0.996862,0
0,0,0,0,0,1366,242,1608,15009,16617,-0.0113921,0.0785644,-0.996844,0
0,0,0,0,0,1825,334,2159,20208,22367,-0.0115595,0.0785572,-0.996843,0
0,0,0,0,0,2093,366,2459,22348,24807,-0.011435,0.0783386,-0.996861,0
0,0,0,0,0,1532,272,1804,16839,18643,-0.0121049,0.0782256,-0.996862,0
0,0,0,0,0,1415,254,1669,13083,14752,-0.012201,0.078071,-0.996873,0
0,0,0,0,0,1818,323,2141,20163,22304,-0.011866,0.078112,-0.996874,0
0,0,0,0,0,1875,323,2198,19996,22194,-0.0115449,0.0784306,-0.996853,0
0,0,0,0,0,1663,281,1944,17415,19359,-0.011726,0.0784463,-0.99685,0
0,0,0,0,0,1768,273,2041,17020,19061,-0.0113807,0.077783,-0.996905,0
0,0,0,0,0,1537,271,1808,17068,18876,-0.0115795,0.0778876,-0.996895,0
0,0,0,0,0,1922,339,2261,21000,23261,-0.0120715,0.0775432,-0.996916,0
0,0,0,0,0,1657,302,1959,17896,19855,-0.0127328,0.0773604,-0.996922,0
0,0,0,0,0,1442,255,1697,15855,17552,-0.013649,0.0772362,-0.99692,0
0,0,0,0,0,1766,310,2076,19384,21460,-0.0132792,0.0777143,-0.996887,0
0,0,0,0,0,1698,301,1999,18813,20812,-0.0124765,0.0777345,-0.996896,0
0,0,0,0,0,1636,293,1929,18045,19974,-0.0115939,0.0781118,-0.996877,0
0,0,0,0,0,1654,296,1950,18333,20283,-0.0111815,0.0779132,-0.996897,0
0,0,0,0,0,1607,288,1895,17782,19677,-0.0111335,0.0779878,-0.996892,0
0,0,0,0,0,1698,282,1980,17579,19559,-0.0113393,0.0775731,-0.996922,0
0,0,0,0,0,1767,313,2080,19583,21663,-0.0122539,0.0771009,-0.996948,0
0,0,0,0,0,1570,277,1847,16600,18447,-0.0127191,0.0771273,-0.99694,0
0,0,0,0,0,1612,295,1907,15007,16914,-0.012148,0.0772872,-0.996935,0
0,0,0,0,0,1408,247,1655,15693,17348,-0.0129088,0.078194,-0.996855,0
0,0,0,0,0,1739,278,2017,16927,18944,-0.0122688,0.0779523,-0.996882,0
0,0,0,0,0,1888,332,2220,21079,23299,-0.0114516,0.0782946,-0.996864,0
0,0,0,0,0,1622,290,1912,18161,20073,-0.0107203,0.0772928,-0.996951,0
0,0,0,0,0,1582,279,1861,17341,19202,-0.0100557,0.0761757,-0.997044,0
0,0,0,0,0,5310,966,6276,30968,37244,-0.00919617,0.0753805,-0.997113,0
0,0,0,0,0,1679,273,1952,12983,14935,-0.00791118,0.0745117,-0.997189,0
0,0,0,0,0,1185,203,1388,12527,13915,-0.00821548,0.072193,-0.997357,0
0,0,0,0,0,1485,264,1749,18239,19988,-0.00728532,0.0711114,-0.997442,0
0,0,0,0,0,2808,491,3299,27652,30951,-0.00654427,0.0700306,-0.997523,0
0,0,0,0,0,1632,285,1917,16897,18814,-0.00673277,0.068942,-0.997598,0
0,0,0,0,0,1438,252,1690,14899,16589,-0.0059298,0.0685131,-0.997633,0
0,0,0,0,0,1757,328,2085,18289,20374,-0.00653297,0.0679458,-0.997668,0
0,0,0,0,0,1744,307,2051,18185,20236,-0.00558356,0.0678418,-0.997681,0
0,0,0,0,0,1529,277,1806,15803,17609,-0.00536903,0.0675138,-0.997704,0
0,0,0,0,0,1692,297,1989,17556,19545,-0.00519962,0.0670727,-0.997735,0
0,0,0,0,0,2152,376,2528,22183,24711,-0.00519844,0.0670691,-0.997735,0
0,0,0,0,0,1833,321,2154,18181,20335,-0.00644581,0.0661594,-0.997788,0
0,0,0,0,0,1527,267,1794,15540,17334,-0.0045421,0.0670307,-0.99774,0
0,0,0,0,0,2145,379,2524,21993,24517,-0.00514375,0.0666004,-0.997766,0
0,0,0,0,0,1824,324,2148,18296,20444,-0.00501423,0.0671564,-0.99773,0
0,0,0,0,0,1590,277,1867,16140,18007,-0.00532403,0.0666988,-0.997759,0
0,0,0,0,0,6140,1069,7209,32902,40111,-0.00393058,0.0654673,-0.997847,0
0,0,0,0,0,1612,290,1902,13573,15475,-0.00647608,0.0648618,-0.997873,0
0,0,0,0,0,1162,223,1385,11637,13022,-0.00802567,0.0651838,-0.997841,0
0,0,0,0,0,1161,209,1370,11637,13007,-0.0063582,0.0664639,-0.997768,0
0,0,0,0,0,1785,327,2112,18311,20423,-0.00353306,0.0677738,-0.997694,0
0,0,0,0,0,2053,352,2405,19761,22166,-0.00718138,0.0689563,-0.997594,0
0,0,0,0,0,6389,963,7352,30367,37719,-0.0118874,0.0748203,-0.997126,0
0,0,0,0,0,1504,260,1764,12518,14282,-0.012156,0.0762565,-0.997014,0
0,0,0,0,0,5548,978,6526,30019,36545,-0.0131431,0.0857564,-0.996229,0
0,0,0,0,0,1528,265,1793,12289,14082,-0.0126949,0.0836552,-0.996414,0
0,0,0,0,0,1353,229,1582,12491,14073,-0.0141777,0.0843021,-0.996339,0
0,0,0,0,0,2506,418,2924,22138,25062,-0.0202462,0.0916536,-0.995585,0
0,0,0,0,0,2149,355,2504,18170,20674,-0.0219426,0.0990911,-0.994836,0
0,0,0,0,0,5416,921,6337,24975,31312,-0.0244795,0.116277,-0.992915,0
0,0,0,0,0,1608,266,1874,12057,13931,-0.0295349,0.120221,-0.992308,0
0,0,0,0,0,2055,351,2406,13743,16149,-0.0389006,0.124761,-0.991424,0
0,0,0,0,0,2766,438,3204,16314,19518,-0.0532035,0.134621,-0.989468,0
0,0,0,0,0,3257,522,3779,17397,21176,-0.0630832,0.134935,-0.988844,0
0,0,0,0,0,2688,432,3120,14550,17670,-0.0660194,0.137183,-0.988343,0
0,0,0,0,0,2300,370,2670,13055,15725,-0.0767455,0.154728,-0.984972,0
0,0,0,0,0,3642,591,4233,20091,24324,-0.0766834,0.174743,-0.981623,0
0,0,0,0,0,2938,473,3411,16857,20268,-0.0650379,0.162391,-0.984581,0
0,0,0,0,0,2160,359,2519,16517,19036,-0.058049,0.162293,-0.985034,0
0,0,0,0,0,2133,346,2479,19210,21689,-0.0632874,0.173955,-0.982718,0
0,0,0,0,0,1974,308,2282,19352,21634,-0.0650894,0.193394,-0.97896,0
0,0,0,0,0,1809,317,2126,19968,22094,-0.0569393,0.203404,-0.977438,0
0,0,0,0,0,1868,298,2166,21029,23195,-0.0358123,0.224547,-0.973805,0
0,0,0,0,0,1930,268,2198,21101,23299,-0.00195108,0.215852,-0.976424,0
0,0,0,0,0,2129,335,2464,27994,30458,0.0308094,0.204874,-0.978303,0
0,0,0,0,0,1717,281,1998,28458,30456,0.0389547,0.133648,-0.990263,0
0,0,0,0,0,1687,269,1956,31214,33170,0.00900888,0.153596,-0.988093,0
0,0,0,0,0,1575,277,1852,32079,33931,-0.0337438,0.214413,-0.97616,0
0,0,0,0,0,1711,291,2002,32939,34941,-0.0597233,0.241782,-0.968491,0
0,0,0,0,0,1568,267,1835,32097,33932,-0.0576588,0.231453,-0.971136,0
0,0,0,0,0,1593,300,1893,32838,34731,-0.0533887,0.239307,-0.969475,0
0,0,0,0,0,1488,255,1743,31809,33552,-0.0650993,0.240052,-0.968575,0
0,0,0,0,0,1470,255,1725,31738,33463,-0.0873644,0.253413,-0.963405,0
0,0,0,0,0,1585,260,1845,32190,34035,-0.105831,0.262863,-0.959011,0
0,0,0,0,0,1443,252,1695,31825,33520,-0.109381,0.278361,-0.954228,0
0,0,0,0,0,1509,248,1757,31986,33743,-0.0955545,0.278145,-0.955775,0
0,0,0,0,0,1416,241,1657,32224,33881,-0.0898903,0.278139,-0.956326,0
0,0,0,0,0,1597,264,1861,33135,34996,-0.078631,0.293894,-0.952598,0
0,0,0,0,0,1361,236,1597,32423,34020,-0.0663863,0.265061,-0.961943,0
0,0,0,0,0,1394,237,1631,32266,33897,-0.0610551,0.273942,-0.959806,0
0,0,0,0,0,1506,249,1755,32512,34267,-0.0507821,0.276469,-0.95968,0
0,0,0,0,0,1343,229,1572,32409,33981,-0.0298866,0.253388,-0.966903,0
0,0,0,0,0,1318,230,1548,32238,33786,-0.0011451,0.108943,-0.994047,0
0,0,0,0,0,1396,307,1703,32401,34104,0.0458871,-0.139064,-0.98922,0
0,0,0,0,0,1284,226,1510,32079,33589,0.0715861,-0.271459,-0.959784,0
0,0,0,0,0,1514,226,1740,32065,33805,0.0712301,-0.262802,-0.962217,0
0,0,0,0,0,1272,218,1490,32075,33565,0.0677758,-0.211411,-0.975045,0
0,0,0,0,0,1257,218,1475,31935,33410,0.0731158,-0.180722,-0.980813,0
0,0,0,0,0,1285,219,1504,31756,33260,0.0761972,-0.170467,-0.982413,0
0,0,0,0,0,1364,228,1592,32281,33873,0.0699355,-0.204984,-0.976264,0
0,0,0,0,0,4554,810,5364,44182,49546,0.0452619,-0.173452,-0.983802,0
0,0,0,0,0,1278,211,1489,30255,31744,0.0562271,-0.207999,-0.976511,0
0,0,0,0,0,1202,216,1418,29828,31246,0.0684532,-0.178819,-0.981498,0
0,0,0,0,0,1428,284,1712,29922,31634,0.0846857,-0.145844,-0.985676,0
0,0,0,0,0,1246,209,1455,30036,31491,0.0886641,-0.137418,-0.986537,0
0,0,0,0,0,1208,212,1420,29559,30979,0.0726212,-0.115714,-0.990624,0
0,0,0,0,0,1379,243,1622,30662,32284,0.0627777,-0.11196,-0.991728,0
0,0,0,0,0,1289,228,1517,29326,30843,0.0482276,-0.104929,-0.99331,0
0,0,0,0,0,1403,251,1654,30615,32269,0.0270767,-0.092691,-0.995327,0
0,0,0,0,0,1286,230,1516,29503,31019,0.0222234,-0.0944035,-0.995286,0
0,0,0,0,0,1204,212,1416,27866,29282,0.0211011,-0.0960079,-0.995157,0
0,0,0,0,0,1375,245,1620,27733,29353,0.0198383,-0.0829855,-0.996354,0
0,0,0,0,0,1195,219,1414,27092,28506,0.0270971,-0.0692565,-0.997231,0
0,0,0,0,0,1430,249,1679,27954,29633,0.0312788,-0.0548667,-0.998004,0
0,0,0,0,0,1422,256,1678,28607,30285,0.034702,-0.052433,-0.998022,0
0,0,0,0,0,1350,256,1606,27695,29301,0.0285578,-0.0430716,-0.998664,0
0,0,0,0,0,1458,265,1723,28043,29766,0.0199106,-0.0336882,-0.999234,0
0,0,0,0,0,1387,236,1623,26212,27835,0.0107224,-0.0211944,-0.999718,0
0,0,0,0,0,1235,275,1510,24641,26151,-0.00619853,-0.00829847,-0.999946,0
0,0,0,0,0,1308,246,1554,24111,25665,-0.0290803,-0.00701846,-0.999552,0
0,0,0,0,0,1229,271,1500,21616,23116,-0.031065,-0.0185525,-0.999345,0
0,0,0,0,0,1489,268,1757,22494,24251,-0.0313002,-0.0325918,-0.998979,0
0,0,0,0,0,1476,263,1739,19172,20911,-0.0282975,-0.0511531,-0.99829,0
0,0,0,0,0,1440,272,1712,16469,18181,-0.0334236,-0.0452093,-0.998418,0
0,0,0,0,0,1744,322,2066,16803,18869,-0.0354078,-0.064151,-0.997312,0
0,0,0,0,0,2287,364,2651,15493,18144,-0.0312031,-0.0689259,-0.997134,0
0,0,0,0,0,2191,407,2598,13941,16539,-0.0104629,-0.0682152,-0.997616,0
0,0,0,0,0,2963,545,3508,13922,17430,0.0139514,-0.0544392,-0.99842,0
0,0,0,0,0,2819,511,3330,9579,12909,0.0317722,-0.0452321,-0.998471,0
0,0,0,0,0,5553,1039,6592,11308,17900,0.0404992,-0.021719,-0.998943,0
0,0,0,0,0,3814,704,4518,3893,8411,0.0160682,0.0327703,-0.999334,0
0,0,0,0,0,5556,1014,6570,4468,11038,0.0362935,0.239542,-0.970207,0
0,0,0,0,0,5684,1099,6783,29768,36551,-0.00620206,0.310247,-0.950636,0
0,0,0,0,0,1531,269,1800,14597,16397,-0.0217223,0.323386,-0.946018,0
0,0,0,0,0,1507,283,1790,17656,19446,-0.0357239,0.350195,-0.935995,0
0,0,0,0,0,1563,317,1880,18890,20770,-0.0523973,0.370296,-0.927435,0
0,0,0,0,0,1639,293,1932,19324,21256,-0.0678842,0.376986,-0.923728,0
0,0,0,0,0,1519,283,1802,19338,21140,-0.0770053,0.371668,-0.925167,0
0,0,0,0,0,1495,274,1769,19571,21340,-0.0753044,0.356113,-0.931404,0
0,0,0,0,0,1553,276,1829,21092,22921,-0.064486,0.311412,-0.948084,0
0,0,0,0,0,1569,288,1857,23447,25304,-0.04937,0.171211,-0.983997,0
0,0,0,0,0,1464,277,1741,25460,27201,-0.0546585,0.13484,-0.989359,0
0,0,0,0,0,1402,258,1660,26213,27873,-0.0713004,0.135561,-0.9882,0
0,0,0,0,0,1566,310,1876,28156,30032,-0.0793026,0.137362,-0.987341,0
0,0,0,0,0,4655,844,5499,41062,46561,-0.0942702,0.183341,-0.978519,0
0,0,0,0,0,1339,247,1586,29264,30850,-0.081787,0.160152,-0.983698,0
0,0,0,0,0,1502,278,1780,31074,32854,-0.069821,0.143766,-0.987146,0
0,0,0,0,0,1487,273,1760,32382,34142,-0.0728283,0.153923,-0.985395,0
0,0,0,0,0,2984,465,3449,37298,40747,-0.0733542,0.164239,-0.983689,0
0,0,0,0,0,1276,237,1513,32382,33895,-0.066433,0.138169,-0.988178,0
0,0,0,0,0,3421,643,4064,41591,45655,-0.0741638,0.156273,-0.984926,0
0,0,0,0,0,1227,224,1451,33214,34665,-0.0658772,0.148023,-0.986788,0
0,0,0,0,0,1279,233,1512,33687,35199,-0.0625538,0.155958,-0.985781,0
0,0,0,0,0,1207,220,1427,33639,35066,-0.0686489,0.16338,-0.984172,0
0,0,0,0,0,1181,244,1425,34033,35458,-0.0743196,0.168099,-0.982965,0
0,0,0,0,0,5449,997,6446,59445,65891,-0.125071,0.291614,-0.948324,0
0,0,0,0,0,1160,218,1378,34501,35879,-0.125079,0.27786,-0.952444,0
0,0,0,0,0,1151,216,1367,34655,36022,-0.120434,0.241618,-0.962869,0
0,0,0,0,0,1136,210,1346,34986,36332,-0.115792,0.212278,-0.970325,0
0,0,0,0,0,1175,257,1432,35309,36741,-0.112502,0.195562,-0.974217,0
0,0,0,0,0,1158,212,1370,34992,36362,-0.132492,0.235542,-0.962791,0
0,0,0,0,0,1155,210,1365,35054,36419,-0.12527,0.235236,-0.963832,0
0,0,0,0,0,1194,211,1405,35113,36518,-0.111544,0.216069,-0.969986,0
0,0,0,0,0,1248,218,1466,35116,36582,-0.0931613,0.178284,-0.979559,0
0,0,0,0,0,1146,209,1355,35269,36624,-0.0769154,0.167509,-0.982865,0
0,0,0,0,0,1162,210,1372,35156,36528,-0.0673766,0.150752,-0.986273,0
0,0,0,0,0,1148,241,1389,35406,36795,-0.0624084,0.144535,-0.98753,0
0,0,0,0,0,1146,255,1401,35250,36651,-0.0609208,0.131291,-0.98947,0
0,0,0,0,0,1146,210,1356,35434,36790,-0.0609707,0.128142,-0.98988,0
0,0,0,0,0,1196,212,1408,35438,36846,-0.0632759,0.122544,-0.990444,0
0,0,0,0,0,1154,212,1366,35287,36653,-0.068345,0.132249,-0.988857,0
0,0,0,0,0,1158,212,1370,35101,36471,-0.0662455,0.132523,-0.988964,0
0,0,0,0,0,1284,235,1519,35711,37230,-0.0696809,0.145466,-0.986907,0
0,0,0,0,0,1150,269,1419,34237,35656,-0.0626747,0.124186,-0.990278,0
0,0,0,0,0,1147,209,1356,32202,33558,-0.0514539,0.117223,-0.991772,0
0,0,0,0,0,2220,407,2627,46249,48876,-0.056099,0.170135,-0.983823,0
0,0,0,0,0,1143,207,1350,30099,31449,-0.0423349,0.171919,-0.984201,0
0,0,0,0,0,1141,207,1348,30409,31757,-0.0313667,0.180934,-0.982995,0
0,0,0,0,0,1145,208,1353,30247,31600,-0.0236215,0.176792,-0.983965,0
0,0,0,0,0,1183,208,1391,30220,31611,-0.0189303,0.167317,-0.985722,0
0,0,0,0,0,2933,545,3478,42143,45621,-0.0142727,0.155976,-0.987658,0
0,0,0,0,0,1135,207,1342,29801,31143,-0.00902127,0.160259,-0.987034,0
0,0,0,0,0,1144,232,1376,29598,30974,-0.0056127,0.166338,-0.986053,0
0,0,0,0,0,1136,237,1373,29753,31126,-0.00603643,0.170289,-0.985376,0
0,0,0,0,0,4279,776,5055,44733,49788,-0.00740319,0.176973,-0.984188,0
0,0,0,0,0,1137,207,1344,29551,30895,-0.00723125,0.176957,-0.984192,0
0,0,0,0,0,1135,206,1341,29622,30963,-0.00778801,0.173097,-0.984874,0
0,0,0,0,0,1304,235,1539,30639,32178,-0.00501925,0.172708,-0.98496,0
0,0,0,0,0,1255,215,1470,29579,31049,-0.00341381,0.175922,-0.984398,0
0,0,0,0,0,1139,206,1345,29352,30697,-0.00324481,0.179435,-0.983765,0
0,0,0,0,0,1233,238,1471,30163,31634,-0.00405322,0.178919,-0.983856,0
0,0,0,0,0,1155,216,1371,29697,31068,-0.00418925,0.178725,-0.98389,0
0,0,0,0,0,1149,208,1357,29654,31011,-0.00317584,0.180894,-0.983498,0
0,0,0,0,0,1355,235,1590,30793,32383,-0.0019428,0.180089,-0.983649,0
0,0,0,0,0,1141,206,1347,29600,30947,0.000840688,0.185266,-0.982688,0
0,0,0,0,0,1144,207,1351,29172,30523,0.000164,0.18404,-0.982919,0
0,0,0,0,0,1137,210,1347,29156,30503,-0.000711472,0.182388,-0.983227,0
0,0,0,0,0,1132,206,1338,29231,30569,-0.00120467,0.184218,-0.982885,0
0,0,0,0,0,1135,207,1342,29240,30582,2.32604e-05,0.186244,-0.982504,0
0,0,0,0,0,1156,207,1363,29165,30528,-0.000586124,0.178194,-0.983996,0
0,0,0,0,0,1315,235,1550,31622,33172,-0.000761575,0.175727,-0.984439,0
0,0,0,0,0,1260,242,1502,29667,31169,0.00175523,0.175336,-0.984507,0
0,0,0,0,0,1133,206,1339,28875,30214,0.00290696,0.179543,-0.983746,0
0,0,0,0,0,1137,209,1346,29237,30583,0.000570165,0.17653,-0.984295,0
0,0,0,0,0,4868,873,5741,45048,50789,-0.00140375,0.177914,-0.984045,0
0,0,0,0,0,1136,210,1346,29021,30367,-0.00215242,0.178423,-0.983952,0
0,0,0,0,0,1222,217,1439,29269,30708,0.000651757,0.17274,-0.984967,0
0,0,0,0,0,3710,625,4335,39399,43734,0.00338936,0.176357,-0.984321,0
0,0,0,0,0,1140,207,1347,29302,30649,0.00367389,0.179854,-0.983687,0
0,0,0,0,0,1137,207,1344,28985,30329,0.00258906,0.176263,-0.984339,0
0,0,0,0,0,1278,223,1501,30142,31643,0.000743531,0.176046,-0.984382,0
0,0,0,0,0,1144,252,1396,29162,30558,-0.000582526,0.170018,-0.985441,0
0,0,0,0,0,1188,208,1396,29958,31354,-0.000430587,0.1745,-0.984657,0
0,0,0,0,0,1137,209,1346,29069,30415,0.00222596,0.177017,-0.984206,0
0,0,0,0,0,1135,208,1343,29098,30441,0.00413179,0.17797,-0.984027,0
0,0,0,0,0,1248,237,1485,30213,31698,0.00226868,0.1754,-0.984495,0
0,0,0,0,0,1292,236,1528,30596,32124,0.00119754,0.176818,-0.984243,0
0,0,0,0,0,1350,251,1601,30913,32514,0.00230765,0.180252,-0.983618,0
0,0,0,0,0,1153,207,1360,29235,30595,0.00151306,0.177696,-0.984084,0
0,0,0,0,0,1135,206,1341,29152,30493,0.00155584,0.174627,-0.984634,0
0,0,0,0,0,1137,207,1344,29358,30702,0.000254098,0.176335,-0.98433,0
0,0,0,0,0,1136,208,1344,29293,30637,-0.00031037,0.175578,-0.984465,1
0,0,0,0,0,1371,253,1624,32011,33635,0.000718222,0.182753,-0.983159,1
0,0,0,0,0,1268,231,1499,30084,31583,-4.85836e-05,0.184093,-0.982909,1
0,0,0,0,0,1208,219,1427,30283,31710,0.00248496,0.185006,-0.982734,1
0,0,0,0,0,1420,251,1671,30731,32402,0.00318107,0.182779,-0.983149,1
0,0,0,0,0,1169,207,1376,28998,30374,0.00301973,0.179864,-0.983687,1
0,0,0,0,0,1339,249,1588,30992,32580,0.00318394,0.182373,-0.983224,1
0,0,0,0,0,1171,213,1384,29499,30883,0.00286073,0.178588,-0.98392,1
0,0,0,0,0,1133,205,1338,29193,30531,0.00239646,0.180007,-0.983662,1
0,0,0,0,0,1136,206,1342,29066,30408,0.000530928,0.175691,-0.984445,1
0,0,0,0,0,1135,209,1344,29204,30548,0.000498587,0.176057,-0.98438,1
0,0,0,0,0,1137,207,1344,29238,30582,0.00229345,0.181654,-0.98336,1
0,0,0,0,0,1331,228,1559,30239,31798,0.00287566,0.18214,-0.983269,1
0,0,0,0,0,1245,228,1473,30245,31718,0.00120748,0.175047,-0.984559,1
0,0,0,0,0,1142,213,1355,29411,30766,0.00120551,0.181797,-0.983335,1
0,0,0,0,0,4399,652,5051,41200,46251,0.00126224,0.179991,-0.983668,1
0,0,0,0,0,1151,207,1358,29081,30439,0.00173155,0.177413,-0.984135,1
0,0,0,0,0,1220,210,1430,29155,30585,0.00484449,0.183182,-0.983067,1
0,0,0,0,0,3163,607,3770,40154,43924,0.00235992,0.181028,-0.983475,1
0,0,0,0,0,1222,210,1432,29584,31016,0.00180903,0.17791,-0.984045,1
0,0,0,0,0,1183,331,1514,29326,30840,0.00254817,0.185706,-0.982602,1
0,0,0,0,0,1140,207,1347,29854,31201,0.00338441,0.186203,-0.982506,1
0,0,0,0,0,1247,208,1455,29567,31022,0.0018604,0.181081,-0.983466,1
0,0,0,0,0,3809,606,4415,39866,44281,-0.00141596,0.174284,-0.984695,1
0,0,0,0,0,1229,216,1445,29592,31037,-0.000444472,0.183498,-0.98302,1
0,0,0,0,0,1337,212,1549,29980,31529,0.000608645,0.185096,-0.98272,1
0,0,0,0,0,1202,215,1417,29530,30947,0.00183981,0.187166,-0.982327,1
0,0,0,0,0,1134,211,1345,29521,30866,0.000417389,0.179827,-0.983698,1
0,0,0,0,0,1154,206,1360,29359,30719,-0.000851779,0.167539,-0.985865,1
0,0,0,0,0,1235,208,1443,29247,30690,-0.000162437,0.171245,-0.985228,1
0,0,0,0,0,1152,208,1360,29544,30904,0.000207385,0.173928,-0.984758,1
0,0,0,0,0,5031,772,5803,44853,50656,0.000169915,0.183819,-0.98296,1
0,0,0,0,0,1133,206,1339,29699,31038,-0.00237741,0.167345,-0.985896,1
0,0,0,0,0,1296,214,1510,29049,30559,0.00221792,0.180181,-0.983631,1
0,0,0,0,0,1135,242,1377,28884,30261,0.00122582,0.176543,-0.984292,1
0,0,0,0,0,1258,231,1489,30593,32082,-0.000209023,0.172234,-0.985056,1
0,0,0,0,0,1319,244,1563,30018,31581,-0.000153563,0.178897,-0.983868,1
0,0,0,0,0,1242,230,1472,29901,31373,-0.000951682,0.178936,-0.98386,1
0,0,0,0,0,1286,263,1549,30519,32068,-0.00119549,0.177716,-0.984081,1
0,0,0,0,0,1133,209,1342,29827,31169,0.00121878,0.182704,-0.983167,1
0,0,0,0,0,1163,215,1378,29556,30934,0.00153572,0.182722,-0.983164,1
0,0,0,0,0,5442,1010,6452,53950,60402,-0.000896186,0.173455,-0.984842,1
0,0,0,0,0,1135,206,1341,30206,31547,-0.0013286,0.172841,-0.984949,1
0,0,0,0,0,1180,243,1423,29876,31299,0.00038698,0.179637,-0.983733,1
0,0,0,0,0,1188,207,1395,30061,31456,0.000439989,0.179078,-0.983835,1
0,0,0,0,0,1133,206,1339,29232,30571,-0.000637482,0.179025,-0.983844,1
0,0,0,0,0,1406,268,1674,29146,30820,8.57362e-05,0.182188,-0.983264,1
0,0,0,0,0,2750,500,3250,39011,42261,-0.00132602,0.172773,-0.984961,1
0,0,0,0,0,1134,207,1341,29176,30517,-0.00133541,0.169094,-0.985599,1
0,0,0,0,0,1134,207,1341,28985,30326,-0.000429247,0.171497,-0.985185,1
0,0,0,0,0,4403,852,5255,46382,51637,-0.000239051,0.17112,-0.985251,1
0,0,0,0,0,1172,206,1378,29250,30628,-0.000524555,0.167773,-0.985826,1
0,0,0,0,0,1148,207,1355,29522,30877,-0.000143992,0.168624,-0.985681,1
0,0,0,0,0,4120,662,4782,40669,45451,-0.000157458,0.172907,-0.984938,1
0,0,0,0,0,1145,209,1354,29202,30556,-0.000989799,0.170383,-0.985377,1
0,0,0,0,0,1135,219,1354,29380,30734,-7.35062e-05,0.174579,-0.984643,1
0,0,0,0,0,1133,212,1345,29102,30447,-0.00136131,0.177054,-0.9842,1
0,0,0,0,0,1171,207,1378,29508,30886,-0.000134603,0.178123,-0.984008,1
0,0,0,0,0,3828,716,4544,55198,59742,-0.000451172,0.17925,-0.983804,1
0,0,0,0,0,1174,211,1385,29255,30640,-0.000748226,0.17027,-0.985397,1
0,0,0,0,0,1189,205,1394,29262,30656,0.00137097,0.176598,-0.984282,1
0,0,0,0,0,1151,209,1360,29039,30399,0.000944344,0.176305,-0.984335,1
0,0,0,0,0,1209,207,1416,29513,30929,9.17238e-05,0.176013,-0.984388,1
0,0,0,0,0,1131,205,1336,29217,30553,0.000271763,0.171517,-0.985182,1
0,0,0,0,0,1148,209,1357,29473,30830,-0.000100658,0.178745,-0.983895,1
0,0,0,0,0,1171,207,1378,29395,30773,-0.000736751,0.175958,-0.984398,1
0,0,0,0,0,4310,631,4941,41824,46765,-0.00295833,0.179595,-0.983736,1
0,0,0,0,0,1175,207,1382,29723,31105,-0.00486033,0.178953,-0.983846,1
0,0,0,0,0,1136,206,1342,29622,30964,-0.00223846,0.182361,-0.983229,1
0,0,0,0,0,1220,223,1443,30600,32043,-1.94453e-05,0.187716,-0.982223,1
0,0,0,0,0,1338,252,1590,31548,33138,-0.00130158,0.186361,-0.982481,1
0,0,0,0,0,1239,223,1462,30362,31824,-0.00157577,0.189278,-0.981922,1
0,0,0,0,0,1246,232,1478,30208,31686,-0.00544838,0.190301,-0.981711,1
0,0,0,0,0,1245,224,1469,30206,31675,-0.00815886,0.214891,-0.976604,1
0,0,0,0,0,1156,209,1365,29565,30930,-0.0112989,0.232248,-0.972591,1
0,0,0,0,0,1423,262,1685,31532,33217,-0.011369,0.25085,-0.967959,1
0,0,0,0,0,2251,454,2705,47835,50540,-0.0235462,0.290601,-0.956554,1
0,0,0,0,0,1164,209,1373,28451,29824,-0.0229271,0.303394,-0.95259,1
0,0,0,0,0,1159,208,1367,28600,29967,-0.0204857,0.304522,-0.952285,1
0,0,0,0,0,1154,209,1363,28298,29661,-0.021295,0.312712,-0.949609,1
0,0,0,0,0,1267,229,1496,27995,29491,-0.0331866,0.324359,-0.945352,1
0,0,0,0,0,1328,243,1571,30145,31716,-0.0510848,0.336808,-0.940187,1
0,0,0,0,0,1154,264,1418,26514,27932,-0.0511434,0.337302,-0.940006,1
0,0,0,0,0,1420,250,1670,26624,28294,-0.0451385,0.343569,-0.938042,1
0,0,0,0,0,1152,208,1360,23666,25026,-0.0259434,0.332828,-0.942631,1
0,0,0,0,0,5165,950,6115,42727,48842,0.00274363,0.351362,-0.936236,1
0,0,0,0,0,1202,207,1409,21000,22409,0.0136693,0.322525,-0.946462,1
0,0,0,0,0,1353,259,1612,20299,21911,0.0195187,0.306104,-0.951798,1
0,0,0,0,0,4238,779,5017,35373,40390,0.00654191,0.304118,-0.952612,1
0,0,0,0,0,1196,211,1407,16327,17734,0.000287531,0.270957,-0.962591,1
0,0,0,0,0,1117,207,1324,13972,15296,-0.00953871,0.25554,-0.966752,1
0,0,0,0,0,1666,319,1985,19365,21350,-0.0204722,0.248434,-0.968432,1
0,0,0,0,0,1810,314,2124,16414,18538,-0.0287242,0.240732,-0.970167,1
0,0,0,0,0,4815,824,5639,24335,29974,-0.0482236,0.248066,-0.967542,1
0,0,0,0,0,1800,313,2113,9685,11798,-0.0524888,0.249788,-0.966877,1
0,0,0,0,0,1795,307,2102,8522,10624,-0.0354488,0.27354,-0.961207,1
0,0,0,0,0,3362,561,3923,19770,23693,-0.0690904,0.363689,-0.928955,1
0,0,0,0,0,6566,978,7544,15731,23275,-0.0975636,0.422217,-0.901229,1
0,0,0,0,0,1708,281,1989,8113,10102,-0.150673,0.443984,-0.883276,1
0,0,0,0,0,2283,385,2668,7366,10034,-0.158417,0.460407,-0.873459,1
0,0,0,0,0,5554,881,6435,18856,25291,-0.153979,0.496178,-0.854457,1
0,0,0,0,0,2376,384,2760,11600,14360,-0.142603,0.499447,-0.854527,1
0,0,0,0,0,2682,440,3122,16413,19535,-0.139925,0.526297,-0.838709,1
0,0,0,0,0,2631,429,3060,18448,21508,-0.148638,0.538366,-0.829499,1
0,0,0,0,0,6146,1015,7161,22891,30052,-0.159383,0.547927,-0.821202,1
0,0,0,0,0,1662,280,1942,13451,15393,-0.156609,0.536701,-0.829112,1
0,0,0,0,0,5851,923,6774,31572,38346,-0.164946,0.550264,-0.818537,1
0,0,0,0,0,1456,273,1729,16792,18521,-0.156468,0.53092,-0.832852,1
0,0,0,0,0,6307,1035,7342,42384,49726,-0.146966,0.588383,-0.795114,1
0,0,0,0,0,1561,260,1821,21567,23388,-0.131365,0.574067,-0.808202,1
0,0,0,0,0,1376,232,1608,23817,25425,-0.119874,0.551924,-0.825234,1
0,0,0,0,0,3683,508,4191,34867,39058,-0.107582,0.538353,-0.835824,1
0,0,0,0,0,1385,242,1627,29824,31451,-0.104729,0.504219,-0.857202,1
0,0,0,0,0,1457,249,1706,31808,33514,-0.109521,0.479738,-0.87055,1
0,0,0,0,0,1465,285,1750,33364,35114,-0.102809,0.422468,-0.900528,1
0,0,0,0,0,1523,259,1782,34200,35982,-0.0838638,0.365615,-0.92698,1
0,0,0,0,0,1563,309,1872,34454,36326,-0.0600353,0.303339,-0.95099,1
0,0,0,0,0,1720,293,2013,35067,37080,-0.0393236,0.271323,-0.961685,1
0,0,0,0,0,1594,274,1868,34971,36839,-0.0373635,0.267602,-0.962805,1
0,0,0,0,0,1587,273,1860,34724,36584,-0.038054,0.258875,-0.965161,1
0,0,0,0,0,1567,314,1881,34392,36273,-0.0412787,0.25736,-0.965434,1
0,0,0,0,0,1536,264,1800,34716,36516,-0.0507342,0.25793,-0.964831,1
0,0,0,0,0,1605,264,1869,35333,37202,-0.0573572,0.251131,-0.966252,1
0,0,0,0,0,1580,258,1838,34008,35846,-0.0701763,0.269483,-0.960445,1
0,0,0,0,0,1441,254,1695,33797,35492,-0.0707654,0.274592,-0.958953,1
0,0,0,0,0,1495,248,1743,33848,35591,-0.0613037,0.260499,-0.963526,1
0,0,0,0,0,1385,239,1624,33227,34851,-0.0528153,0.221781,-0.973665,1
0,0,0,0,0,1376,267,1643,33206,34849,-0.0412796,0.183326,-0.982185,1
0,0,0,0,0,1335,232,1567,32522,34089,-0.0136492,0.102877,-0.9946,1
0,0,0,0,0,1302,233,1535,32007,33542,0.0158194,0.0624883,-0.99792,1
0,0,0,0,0,1319,289,1608,31488,33096,0.0270676,-0.00249086,-0.999631,1
0,0,0,0,0,1268,221,1489,30474,31963,0.0264745,-0.013202,-0.999562,1
0,0,0,0,0,1355,238,1593,30751,32344,0.0101884,0.00884309,-0.999909,1
0,0,0,0,0,1248,264,1512,29284,30796,0.00257462,0.0182376,-0.999831,1
0,0,0,0,0,1248,220,1468,28592,30060,0.00224797,0.0283634,-0.999595,1
0,0,0,0,0,4733,833,5566,41505,47071,-0.00581861,0.081167,-0.996684,1
0,0,0,0,0,1322,224,1546,26810,28356,0.000846449,0.0656966,-0.997839,1
0,0,0,0,0,1248,223,1471,25361,26832,-0.00641779,0.0752589,-0.997143,1
0,0,0,0,0,1251,225,1476,23036,24512,0.00344861,0.080051,-0.996785,1
0,0,0,0,0,1669,277,1946,22441,24387,0.0167098,0.0734696,-0.997158,1
0,0,0,0,0,5099,950,6049,32750,38799,0.0127781,0.0799438,-0.996717,1
0,0,0,0,0,1353,252,1605,14143,15748,0.0194168,0.0543437,-0.998333,1
0,0,0,0,0,1523,265,1788,12180,13968,0.0408194,0.0476874,-0.998028,1
0,0,0,0,0,1478,289,1767,9138,10905,0.0764353,0.0607342,-0.995223,1
0,0,0,0,0,1908,354,2262,10941,13203,0.125185,0.0808608,-0.988833,1
0,0,0,0,0,4358,845,5203,17930,23133,0.17686,0.146427,-0.973283,1
0,0,0,0,0,2082,399,2481,11701,14182,0.175893,0.217871,-0.959997,1
0,0,0,0,0,2054,394,2448,15567,18015,0.105762,0.332205,-0.937259,1
0,0,0,0,0,2100,451,2551,23537,26088,0.0435118,0.417663,-0.907559,1
0,0,0,0,0,2014,390,2404,20025,22429,0.0125862,0.480334,-0.876995,1
0,0,0,0,0,1387,257,1644,14388,16032,-0.0110295,0.533891,-0.845482,1
0,0,0,0,0,1753,331,2084,18743,20827,-0.0368664,0.618786,-0.784694,1
0,0,0,0,0,1854,326,2180,18137,20317,-0.0527385,0.682455,-0.729023,1
0,0,0,0,0,1847,343,2190,-1000,-1000,-1,-1,-1,1
0,0,0,0,0,2043,345,2388,19755,22143,-0.0232134,0.139489,-0.989951,1
0,0,0,0,0,1597,311,1908,31933,33841,-0.0462026,0.208595,-0.97691,1
0,0,0,0,0,1368,269,1637,30727,32364,-0.0611548,0.215862,-0.974507,1
0,0,0,0,0,1414,257,1671,32001,33672,-0.0601579,0.190808,-0.979782,1
0,0,0,0,0,1390,245,1635,32237,33872,-0.0599498,0.187603,-0.980414,1
0,0,0,0,0,1478,255,1733,32580,34313,-0.0564958,0.180823,-0.981892,1
0,0,0,0,0,1318,263,1581,32668,34249,-0.0512547,0.182489,-0.981871,1
0,0,0,0,0,2460,423,2883,38697,41580,-0.055574,0.200002,-0.978218,1
0,0,0,0,0,1226,230,1456,33407,34863,-0.0540527,0.189603,-0.980372,1
0,0,0,0,0,2174,369,2543,40154,42697,-0.0647104,0.20823,-0.975937,1
0,0,0,0,0,1274,288,1562,33986,35548,-0.0688441,0.19592,-0.9782,1
0,0,0,0,0,1180,221,1401,34037,35438,-0.0721238,0.214703,-0.974013,1
0,0,0,0,0,1286,222,1508,34162,35670,-0.0667314,0.214162,-0.974516,1
0,0,0,0,0,5304,989,6293,55678,61971,-0.070896,0.320975,-0.944431,1
0,0,0,0,0,1188,210,1398,33970,35368,-0.0754954,0.314005,-0.946415,1
0,0,0,0,0,1145,220,1365,34331,35696,-0.0819157,0.311601,-0.946676,1
0,0,0,0,0,1168,211,1379,34542,35921,-0.0880618,0.322268,-0.942544,1
0,0,0,0,0,1191,217,1408,34588,35996,-0.0893805,0.319516,-0.943356,1
0,0,0,0,0,1182,214,1396,35280,36676,-0.0823196,0.296836,-0.951374,1
0,0,0,0,0,5463,981,6444,56536,62980,-0.114369,0.361173,-0.925459,1
0,0,0,0,0,1176,213,1389,34636,36025,-0.123622,0.324956,-0.937615,1
0,0,0,0,0,1213,213,1426,34435,35861,-0.130626,0.294024,-0.94683,1
0,0,0,0,0,1169,212,1381,34352,35733,-0.131211,0.26047,-0.956524,1
0,0,0,0,0,1176,212,1388,34350,35738,-0.122574,0.225142,-0.966585,1
0,0,0,0,0,1232,215,1447,33937,35384,-0.119695,0.198626,-0.972739,1
0,0,0,0,0,1165,265,1430,33620,35050,-0.109284,0.155501,-0.981772,1
0,0,0,0,0,1200,211,1411,32934,34345,-0.108865,0.151949,-0.982375,1
0,0,0,0,0,1174,213,1387,31473,32860,-0.105547,0.137797,-0.984821,1
0,0,0,0,0,1204,218,1422,29720,31142,-0.104923,0.140502,-0.984505,1
0,0,0,0,0,4388,791,5179,44348,49527,-0.11258,0.188116,-0.975673,1
0,0,0,0,0,1162,208,1370,27653,29023,-0.117716,0.189452,-0.974808,1
0,0,0,0,0,2981,536,3517,37046,40563,-0.130774,0.225406,-0.965449,1
0,0,0,0,0,1247,208,1455,26452,27907,-0.142273,0.259484,-0.95521,1
0,0,0,0,0,1188,234,1422,27618,29040,-0.161723,0.329655,-0.930147,1
0,0,0,0,0,1154,212,1366,27549,28915,-0.1656,0.371235,-0.913653,1
0,0,0,0,0,1183,220,1403,27616,29019,-0.148657,0.410372,-0.89972,1
0,0,0,0,0,1133,214,1347,26611,27958,-0.124109,0.413053,-0.902211,1
0,0,0,0,0,1250,237,1487,26841,28328,-0.102812,0.424752,-0.899453,1
0,0,0,0,0,4128,792,4920,39259,44179,-0.0771084,0.453128,-0.888104,1
0,0,0,0,0,1147,216,1363,19314,20677,-0.051798,0.401355,-0.914457,1
0,0,0,0,0,1090,205,1295,16851,18146,-0.0399894,0.389797,-0.920032,1
0,0,0,0,0,1528,311,1839,20779,22618,-0.0355073,0.370877,-0.928003,1
0,0,0,0,0,5274,957,6231,32727,38958,-0.0757753,0.470097,-0.879356,1
0,0,0,0,0,1653,296,1949,10527,12476,-0.0710793,0.431065,-0.899517,1
0,0,0,0,0,1176,204,1380,6988,8368,-0.0755672,0.438089,-0.89575,1
0,0,0,0,0,1282,222,1504,6386,7890,-0.0777048,0.469985,-0.879247,1
0,0,0,0,0,2177,359,2536,13084,15620,-0.0656415,0.510832,-0.857171,1
0,0,0,0,0,1948,323,2271,11446,13717,-0.0452372,0.533381,-0.844665,1
0,0,0,0,0,5913,948,6861,26635,33496,-0.0238001,0.578852,-0.815085,1
0,0,0,0,0,1838,298,2136,12736,14872,-0.0202822,0.582177,-0.812809,1
0,0,0,0,0,6043,992,7035,33485,40520,-0.0140435,0.695523,-0.718367,1
0,0,0,0,0,1915,306,2221,14147,16368,-0.0242457,0.697327,-0.716343,1
0,0,0,0,0,1324,263,1587,13340,14927,-0.0287511,0.687086,-0.726007,1
0,0,0,0,0,3628,588,4216,-1000,-1000,-1,-1,-1,1
0,0,0,0,0,1356,243,1599,33838,35437,-0.0586255,0.293739,-0.954086,1
0,0,0,0,0,1367,242,1609,33978,35587,-0.0449738,0.305521,-0.951123,1
0,0,0,0,0,1420,251,1671,34327,35998,-0.0327606,0.333424,-0.942208,1
0,0,0,0,0,1488,259,1747,34958,36705,-0.026725,0.362467,-0.931613,1
0,0,0,0,0,1500,258,1758,34486,36244,-0.0389411,0.358133,-0.932858,1
0,0,0,0,0,1526,264,1790,34616,36406,-0.0399082,0.329271,-0.943392,1
0,0,0,0,0,2788,475,3263,47885,51148,-0.0585176,0.410932,-0.909786,1
0,0,0,0,0,1535,285,1820,34787,36607,-0.0508009,0.379295,-0.92388,1
0,0,0,0,0,1469,254,1723,34686,36409,-0.0397721,0.36376,-0.930643,1
0,0,0,0,0,1440,318,1758,34001,35759,-0.0302606,0.336411,-0.941229,1
0,0,0,0,0,1421,247,1668,33795,35463,-0.0244731,0.300757,-0.953387,1
0,0,0,0,0,1419,242,1661,34013,35674,-0.024457,0.285018,-0.95821,1
0,0,0,0,0,1545,239,1784,33916,35700,-0.0295627,0.270351,-0.962308,1
0,0,0,0,0,1617,251,1868,33761,35629,-0.0350909,0.257183,-0.965726,1
0,0,0,0,0,1412,318,1730,33279,35009,-0.0393085,0.237826,-0.970512,1
0,0,0,0,0,1376,270,1646,33182,34828,-0.0454704,0.212466,-0.97611,1
0,0,0,0,0,1350,234,1584,32675,34259,-0.0402625,0.169463,-0.984714,1
0,0,0,0,0,2459,268,2727,32562,35289,-0.0402617,0.187474,-0.981444,1
0,0,0,0,0,1320,229,1549,31786,33335,-0.0344664,0.150526,-0.988005,1
0,0,0,0,0,1313,228,1541,31458,32999,-0.0290712,0.104868,-0.994061,1
0,0,0,0,0,1350,226,1576,31073,32649,-0.025315,0.0798679,-0.996484,1
0,0,0,0,0,1296,226,1522,30850,32372,-0.0222029,0.0750713,-0.996931,1
0,0,0,0,0,1328,224,1552,30185,31737,-0.014937,0.0640282,-0.997836,1
0,0,0,0,0,1290,309,1599,29277,30876,-0.0132363,0.0712462,-0.997371,1
0,0,0,0,0,1450,265,1715,29455,31170,-0.0134428,0.0784857,-0.996825,1
0,0,0,0,0,1440,255,1695,28958,30653,-0.0070263,0.075376,-0.997131,1
0,0,0,0,0,1389,287,1676,27542,29218,-0.00485424,0.0496943,-0.998753,1
0,0,0,0,0,1248,229,1477,26040,27517,-0.00581708,0.0348691,-0.999375,1
0,0,0,0,0,1410,248,1658,27782,29440,-0.0114574,0.0252172,-0.999616,1
0,0,0,0,0,1316,234,1550,25990,27540,-0.0160307,0.0223051,-0.999623,1
0,0,0,0,0,4478,633,5111,36332,41443,-0.026798,0.0326361,-0.999108,1
0,0,0,0,0,1253,226,1479,25459,26938,-0.0299023,0.0335208,-0.99899,1
0,0,0,0,0,1519,274,1793,26897,28690,-0.04543,0.0480783,-0.99781,1
0,0,0,0,0,1472,257,1729,26809,28538,-0.0589062,0.0643598,-0.996186,1
0,0,0,0,0,1385,228,1613,24550,26163,-0.0615377,0.084199,-0.994547,1
0,0,0,0,0,1259,235,1494,23389,24883,-0.0632588,0.100418,-0.992932,1
0,0,0,0,0,1282,229,1511,21673,23184,-0.0598047,0.0974799,-0.993439,1
0,0,0,0,0,4843,910,5753,35980,41733,-0.0677302,0.11877,-0.990609,1
0,0,0,0,0,1318,258,1576,18110,19686,-0.06001,0.0935758,-0.993802,1
0,0,0,0,0,1359,256,1615,16915,18530,-0.0583077,0.0924394,-0.99401,1
0,0,0,0,0,1499,279,1778,15707,17485,-0.0575488,0.0821288,-0.994959,1
0,0,0,0,0,6010,1170,7180,26009,33189,-0.0721552,0.111676,-0.991122,1
0,0,0,0,0,1570,305,1875,9259,11134,-0.0747367,0.0654601,-0.995053,1
0,0,0,0,0,1680,314,1994,8522,10516,-0.105185,0.0817063,-0.99109,1
0,0,0,0,0,5938,1058,6996,15931,22927,-0.168001,0.139267,-0.9759,1
0,0,0,0,0,5575,762,6337,14095,20432,-0.243483,0.253782,-0.936115,1
0,0,0,0,0,1817,364,2181,16304,18485,-0.228171,0.382338,-0.895408,1
0,0,0,0,0,6839,1153,7992,32686,40678,-0.225685,0.483744,-0.845611,1
0,0,0,0,0,1492,273,1765,16916,18681,-0.2065,0.512793,-0.833308,1
0,0,0,0,0,1319,287,1606,17107,18713,-0.193017,0.539353,-0.81966,1
0,0,0,0,0,1465,270,1735,19016,20751,-0.187392,0.554856,-0.810567,1
0,0,0,0,0,1592,290,1882,20809,22691,-0.183728,0.55992,-0.807919,1
0,0,0,0,0,1449,261,1710,18475,20185,-0.180011,0.558501,-0.809736,1
0,0,0,0,0,1705,314,2019,21853,23872,-0.179199,0.551012,-0.815029,1
0,0,0,0,0,5577,1042,6619,35976,42595,-0.177162,0.539521,-0.823123,1
0,0,0,0,0,1455,265,1720,17488,19208,-0.175413,0.535167,-0.826334,1
0,0,0,0,0,1342,242,1584,17380,18964,-0.17389,0.531495,-0.829021,1
0,0,0,0,0,1650,302,1952,21576,23528,-0.167907,0.530836,-0.830675,1
0,0,0,0,0,1458,269,1727,19002,20729,-0.162012,0.530536,-0.832035,1
0,0,0,0,0,1469,275,1744,19270,21014,-0.158231,0.528703,-0.833928,1
0,0,0,0,0,1320,243,1563,17472,19035,-0.157608,0.526599,-0.835376,1
0,0,0,0,0,1558,303,1861,20412,22273,-0.15724,0.525544,-0.836109,1
0,0,0,0,0,1581,289,1870,18403,20273,-0.156314,0.527105,-0.8353,1
0,0,0,0,0,1933,355,2288,24957,27245,-0.154053,0.529755,-0.834042,1
0,0,0,0,0,1509,286,1795,19562,21357,-0.153119,0.531367,-0.833188,1
0,0,0,0,0,6023,1112,7135,43315,50450,-0.15228,0.532616,-0.832545,1
0,0,0,0,0,1600,276,1876,17899,19775,-0.151597,0.531639,-0.833294,1
0,0,0,0,0,1315,243,1558,17523,19081,-0.15046,0.530764,-0.834057,1
0,0,0,0,0,1361,243,1604,17504,19108,-0.149792,0.529769,-0.83481,1
0,0,0,0,0,1402,258,1660,17754,19414,-0.150394,0.528826,-0.835299,1
0,0,0,0,0,1419,262,1681,19109,20790,-0.150836,0.528466,-0.835448,1
0,0,0,0,0,1588,294,1882,21244,23126,-0.149497,0.528342,-0.835767,1
0,0,0,0,0,1509,275,1784,20132,21916,-0.148845,0.527261,-0.836566,1
0,0,0,0,0,1633,302,1935,22261,24196,-0.147907,0.525875,-0.837603,1
0,0,0,0,0,1615,347,1962,20982,22944,-0.147442,0.525261,-0.838071,1
0,0,0,0,0,1464,271,1735,19087,20822,-0.146531,0.525707,-0.837951,1
0,0,0,0,0,1467,271,1738,19347,21085,-0.147093,0.526347,-0.837449,1
0,0,0,0,0,1463,270,1733,20167,21900,-0.147466,0.5263,-0.837414,1
0,0,0,0,0,1346,251,1597,18021,19618,-0.146815,0.525532,-0.83801,1
0,0,0,0,0,5679,1040,6719,36764,43483,-0.145042,0.524586,-0.838911,1
0,0,0,0,0,1416,262,1678,17937,19615,-0.145851,0.524168,-0.839032,1
0,0,0,0,0,1551,285,1836,19557,21393,-0.14649,0.524455,-0.838741,1
0,0,0,0,0,1465,275,1740,19493,21233,-0.14787,0.525285,-0.83798,1
0,0,0,0,0,1541,292,1833,20616,22449,-0.148182,0.525313,-0.837907,1
0,0,0,0,0,1464,270,1734,19355,21089,-0.14949,0.525112,-0.837801,1
0,0,0,0,0,1441,266,1707,19091,20798,-0.149633,0.524952,-0.837875,1
0,0,0,0,0,4915,918,5833,33508,39341,-0.145928,0.524251,-0.838967,1
0,0,0,0,0,1396,244,1640,17584,19224,-0.145308,0.524343,-0.839017,1
0,0,0,0,0,6089,1030,7119,31759,38878,-0.144914,0.525564,-0.838321,1
0,0,0,0,0,1311,294,1605,17788,19393,-0.144431,0.526385,-0.837889,1
0,0,0,0,0,1380,246,1626,17606,19232,-0.143091,0.527516,-0.837408,1
0,0,0,0,0,5933,1042,6975,33737,40712,-0.14229,0.528304,-0.837048,1
0,0,0,0,0,1447,261,1708,17898,19606,-0.14194,0.528517,-0.836972,1
0,0,0,0,0,1385,251,1636,17589,19225,-0.141327,0.528703,-0.836959,1
0,0,0,0,0,1592,283,1875,18535,20410,-0.138858,0.529427,-0.836915,1
0,0,0,0,0,1650,306,1956,21617,23573,-0.136164,0.530493,-0.836682,1
0,0,0,0,0,1483,272,1755,18951,20706,-0.133806,0.530972,-0.836758,1
0,0,0,0,0,1381,257,1638,18664,20302,-0.132342,0.530826,-0.837084,1
0,0,0,0,0,1560,288,1848,20074,21922,-0.131812,0.530965,-0.837079,1
0,0,0,0,0,4965,1085,6050,32279,38329,-0.130724,0.53098,-0.837241,1
0,0,0,0,0,1402,259,1661,17788,19449,-0.130528,0.531131,-0.837175,1
0,0,0,0,0,1473,262,1735,19033,20768,-0.131101,0.530973,-0.837186,1
0,0,0,0,0,1549,285,1834,20552,22386,-0.131831,0.531182,-0.836938,1
0,0,0,0,0,5147,981,6128,33025,39153,-0.130737,0.531136,-0.837139,1
0,0,0,0,0,1376,254,1630,17707,19337,-0.130177,0.530998,-0.837314,1
0,0,0,0,0,3305,709,4014,41541,45555,-0.129991,0.530352,-0.837753,1
0,0,0,0,0,1582,311,1893,18393,20286,-0.128944,0.530664,-0.837717,2
0,0,0,0,0,1310,241,1551,17841,19392,-0.128259,0.530607,-0.837858,2
0,0,0,0,0,1319,278,1597,17928,19525,-0.127574,0.531078,-0.837664,2
0,0,0,0,0,1326,243,1569,17769,19338,-0.127244,0.5314,-0.83751,2
0,0,0,0,0,3467,622,4089,36399,40488,-0.126351,0.529586,-0.838793,2
0,0,0,0,0,1531,277,1808,18810,20618,-0.12557,0.529192,-0.839159,2
0,0,0,0,0,1421,243,1664,17929,19593,-0.124766,0.528726,-0.839573,2
0,0,0,0,0,1438,296,1734,18079,19813,-0.123923,0.528692,-0.839719,2
0,0,0,0,0,3732,505,4237,31170,35407,-0.123434,0.52872,-0.839773,2
0,0,0,0,0,1559,270,1829,18001,19830,-0.122884,0.528189,-0.840188,2
0,0,0,0,0,1315,284,1599,17651,19250,-0.123355,0.527483,-0.840562,2
0,0,0,0,0,1414,263,1677,18762,20439,-0.12415,0.526744,-0.840909,2
0,0,0,0,0,1583,303,1886,20902,22788,-0.123209,0.5276,-0.84051,2
0,0,0,0,0,1632,292,1924,21309,23233,-0.122041,0.528388,-0.840186,2
0,0,0,0,0,1479,264,1743,19134,20877,-0.122497,0.528659,-0.839949,2
0,0,0,0,0,4967,929,5896,35599,41495,-0.121808,0.528939,-0.839873,2
0,0,0,0,0,1355,241,1596,17865,19461,-0.121822,0.528677,-0.840035,2
0,0,0,0,0,1343,244,1587,17738,19325,-0.12217,0.528647,-0.840004,2
0,0,0,0,0,1907,338,2245,23025,25270,-0.121955,0.528929,-0.839858,2
0,0,0,0,0,1584,292,1876,21261,23137,-0.122386,0.528922,-0.839799,2
0,0,0,0,0,1562,271,1833,19328,21161,-0.122589,0.528308,-0.840156,2
0,0,0,0,0,1486,264,1750,19045,20795,-0.123411,0.528316,-0.840031,2
0,0,0,0,0,1594,296,1890,21387,23277,-0.122632,0.528434,-0.840071,2
0,0,0,0,0,1488,269,1757,19301,21058,-0.122871,0.528357,-0.840084,2
0,0,0,0,0,1397,260,1657,18819,20476,-0.124476,0.528379,-0.839834,2
0,0,0,0,0,1523,284,1807,20176,21983,-0.123389,0.529169,-0.839497,2
0,0,0,0,0,1552,340,1892,18162,20054,-0.123559,0.529702,-0.839136,2
0,0,0,0,0,1537,283,1820,20675,22495,-0.122775,0.529963,-0.839086,2
0,0,0,0,0,1583,291,1874,20881,22755,-0.122555,0.530365,-0.838864,2
0,0,0,0,0,1621,283,1904,20428,22332,-0.122288,0.531084,-0.838448,2
0,0,0,0,0,1473,269,1742,19591,21333,-0.122406,0.531773,-0.837994,2
0,0,0,0,0,1603,294,1897,21570,23467,-0.122342,0.533155,-0.837125,2
0,0,0,0,0,1422,264,1686,19118,20804,-0.121681,0.534609,-0.836293,2
0,0,0,0,0,5502,995,6497,36823,43320,-0.120099,0.535208,-0.836139,2
0,0,0,0,0,1418,261,1679,17928,19607,-0.118327,0.535595,-0.836144,2
0,0,0,0,0,1309,303,1612,18079,19691,-0.115784,0.536771,-0.835746,2
0,0,0,0,0,1705,299,2004,21779,23783,-0.115883,0.537908,-0.835001,2
0,0,0,0,0,4919,949,5868,32691,38559,-0.117627,0.540549,-0.833049,2
0,0,0,0,0,1395,264,1659,17982,19641,-0.118813,0.540684,-0.832793,2
0,0,0,0,0,1840,348,2188,24243,26431,-0.122214,0.537912,-0.834095,2
0,0,0,0,0,1454,265,1719,18178,19897,-0.126476,0.534811,-0.835453,2
0,0,0,0,0,1394,243,1637,17381,19018,-0.138357,0.530237,-0.836484,2
0,0,0,0,0,1431,262,1693,18301,19994,-0.148369,0.529003,-0.83555,2
0,0,0,0,0,1646,304,1950,20432,22382,-0.154033,0.53941,-0.827835,2
0,0,0,0,0,1515,288,1803,18848,20651,-0.154561,0.554239,-0.817882,2
0,0,0,0,0,1607,290,1897,19687,21584,-0.154999,0.569803,-0.807032,2
0,0,0,0,0,1443,259,1702,17532,19234,-0.158442,0.583684,-0.796373,2
0,0,0,0,0,1645,291,1936,19585,21521,-0.160278,0.598312,-0.78507,2
0,0,0,0,0,1628,287,1915,19122,21037,-0.162587,0.607805,-0.777264,2
0,0,0,0,0,1826,330,2156,20992,23148,-0.162689,0.622443,-0.76557,2
0,0,0,0,0,1597,279,1876,18611,20487,-0.154507,0.638878,-0.753633,2
0,0,0,0,0,1715,295,2010,19473,21483,-0.13935,0.657236,-0.740691,2
0,0,0,0,0,1601,272,1873,17759,19632,-0.130145,0.669308,-0.731498,2
0,0,0,0,0,1571,298,1869,17683,19552,-0.114673,0.6899,-0.714765,2
0,0,0,0,0,1669,285,1954,-1000,-1000,-1,-1,-1,2
0,0,0,0,0,1467,240,1707,2678,4385,0.00814914,0.104777,-0.994462,2
0,0,0,0,0,3926,693,4619,34535,39154,-0.0107903,0.16783,-0.985757,2
0,0,0,0,0,1781,297,2078,24648,26726,-0.0311103,0.175988,-0.983901,2
0,0,0,0,0,5791,689,6480,37931,44411,-0.0454503,0.198607,-0.979025,2
0,0,0,0,0,1405,252,1657,27912,29569,-0.054173,0.187772,-0.980718,2
0,0,0,0,0,1398,248,1646,28600,30246,-0.0624382,0.186682,-0.980434,2
0,0,0,0,0,5313,1170,6483,42677,49160,-0.095713,0.218908,-0.97104,2
0,0,0,0,0,1410,248,1658,29202,30860,-0.0906935,0.207846,-0.973948,2
0,0,0,0,0,1403,248,1651,29736,31387,-0.0854549,0.211968,-0.973534,2
0,0,0,0,0,4170,666,4836,40201,45037,-0.08965,0.241021,-0.966371,2
0,0,0,0,0,1359,244,1603,31246,32849,-0.0837488,0.243915,-0.966174,2
0,0,0,0,0,1319,237,1556,31299,32855,-0.0770103,0.245162,-0.966419,2
0,0,0,0,0,1319,243,1562,32361,33923,-0.0835669,0.256131,-0.963023,2
0,0,0,0,0,1338,230,1568,32558,34126,-0.088669,0.290915,-0.952631,2
0,0,0,0,0,1452,246,1698,34061,35759,-0.067351,0.329544,-0.941735,2
0,0,0,0,0,1238,227,1465,33742,35207,-0.0663013,0.327934,-0.942371,2
0,0,0,0,0,1202,264,1466,33677,35143,-0.0675398,0.343077,-0.936876,2
0,0,0,0,0,1676,217,1893,33934,35827,-0.0687671,0.357099,-0.931532,2
0,0,0,0,0,1343,247,1590,35590,37180,-0.0832388,0.356245,-0.930678,2
0,0,0,0,0,1217,215,1432,34990,36422,-0.0959694,0.331263,-0.938645,2
0,0,0,0,0,1172,214,1386,34591,35977,-0.117381,0.336268,-0.934423,2
0,0,0,0,0,1167,214,1381,34466,35847,-0.114177,0.330918,-0.936727,2
0,0,0,0,0,1209,214,1423,34700,36123,-0.105766,0.332853,-0.937028,2
0,0,0,0,0,1322,236,1558,35570,37128,-0.0970638,0.334635,-0.937336,2
0,0,0,0,0,1157,213,1370,34919,36289,-0.0870279,0.342795,-0.935371,2
0,0,0,0,0,1199,218,1417,34765,36182,-0.0775517,0.347429,-0.934494,2
0,0,0,0,0,1173,214,1387,34872,36259,-0.0649246,0.385425,-0.920452,2
0,0,0,0,0,1208,217,1425,35039,36464,-0.0638251,0.386304,-0.920161,2
0,0,0,0,0,1223,220,1443,35362,36805,-0.0683845,0.391445,-0.917657,2
0,0,0,0,0,3516,799,4315,44545,48860,-0.0663017,0.40108,-0.91364,2
0,0,0,0,0,1210,220,1430,35196,36626,-0.0650824,0.379396,-0.922943,2
0,0,0,0,0,1202,220,1422,35162,36584,-0.0637174,0.369271,-0.927135,2
0,0,0,0,0,1195,219,1414,34322,35736,-0.0725764,0.364874,-0.928224,2
0,0,0,0,0,1200,218,1418,32698,34116,-0.0909859,0.368028,-0.925353,2
0,0,0,0,0,1189,219,1408,31479,32887,-0.107932,0.385157,-0.916518,2
0,0,0,0,0,1180,260,1440,30205,31645,-0.116619,0.419217,-0.900365,2
0,0,0,0,0,1168,218,1386,29607,30993,-0.110645,0.439869,-0.89122,2
0,0,0,0,0,1246,234,1480,29465,30945,-0.104909,0.461097,-0.881126,2
0,0,0,0,0,1217,228,1445,30285,31730,-0.103256,0.50032,-0.859661,2
0,0,0,0,0,1271,236,1507,28539,30046,-0.101969,0.517826,-0.849387,2
0,0,0,0,0,1150,221,1371,26185,27556,-0.102219,0.501903,-0.858862,2
0,0,0,0,0,1160,220,1380,23700,25080,-0.0975053,0.479674,-0.872013,2
0,0,0,0,0,1408,257,1665,24541,26206,-0.0963361,0.47045,-0.877152,2
0,0,0,0,0,5318,1246,6564,36574,43138,-0.0911418,0.464442,-0.880901,2
0,0,0,0,0,1229,229,1458,16349,17807,-0.0836338,0.426063,-0.90082,2
0,0,0,0,0,5502,901,6403,30743,37146,-0.0699725,0.447281,-0.891652,2
0,0,0,0,0,1267,232,1499,12451,13950,-0.0667653,0.417002,-0.90645,2
0,0,0,0,0,1402,245,1647,12527,14174,-0.0597144,0.407427,-0.911284,2
0,0,0,0,0,1958,356,2314,16311,18625,-0.0496876,0.412379,-0.909656,2
0,0,0,0,0,1915,331,2246,14869,17115,-0.0421307,0.411599,-0.910391,2
0,0,0,0,0,2088,363,2451,18185,20636,-0.0245164,0.421768,-0.906372,2
0,0,0,0,0,1771,302,2073,18477,20550,0.00552299,0.403988,-0.914748,2
0,0,0,0,0,1584,269,1853,21912,23765,0.00630172,0.389267,-0.921103,2
0,0,0,0,0,1321,237,1558,23514,25072,-0.0227591,0.383702,-0.923177,2
0,0,0,0,0,1461,257,1718,28849,30567,-0.0400866,0.393932,-0.918265,2
0,0,0,0,0,1212,215,1427,27748,29175,-0.0511007,0.395337,-0.917114,2
0,0,0,0,0,1272,221,1493,29830,31323,-0.0866511,0.460007,-0.883678,2
0,0,0,0,0,1329,274,1603,30785,32388,-0.108437,0.499868,-0.859287,2
0,0,0,0,0,1378,238,1616,31079,32695,-0.108716,0.522106,-0.845924,2
0,0,0,0,0,1409,241,1650,32211,33861,-0.0989117,0.521688,-0.847383,2
0,0,0,0,0,6953,1181,8134,52012,60146,-0.0968806,0.639922,-0.762308,2
0,0,0,0,0,1498,267,1765,33276,35041,-0.0820618,0.595416,-0.799216,2
0,0,0,0,0,1619,267,1886,33738,35624,-0.0615613,0.554951,-0.829602,2
0,0,0,0,0,1684,281,1965,34167,36132,-0.0458251,0.545431,-0.836902,2
0,0,0,0,0,1665,351,2016,34365,36381,-0.0353228,0.517854,-0.85474,2
0,0,0,0,0,1617,270,1887,34286,36173,-0.0173256,0.46074,-0.887366,2
0,0,0,0,0,1522,261,1783,34878,36661,0.00546265,0.389139,-0.921163,2
0,0,0,0,0,1529,261,1790,34622,36412,0.0140398,0.337309,-0.941289,2
0,0,0,0,0,1557,254,1811,34153,35964,0.00552351,0.335764,-0.94193,2
0,0,0,0,0,1518,244,1762,34108,35870,0.00193931,0.343292,-0.939227,2
0,0,0,0,0,1458,245,1703,33720,35423,0.0113966,0.334489,-0.942331,2
0,0,0,0,0,1442,248,1690,33782,35472,0.0273544,0.29829,-0.954083,2
0,0,0,0,0,2291,426,2717,47620,50337,-0.000144584,0.318443,-0.947942,2
0,0,0,0,0,1423,241,1664,32765,34429,-0.0067513,0.264184,-0.964449,2
0,0,0,0,0,1406,247,1653,32289,33942,-0.00835763,0.209613,-0.977749,2
0,0,0,0,0,1524,240,1764,32053,33817,-0.00804108,0.189798,-0.98179,2
0,0,0,0,0,1391,303,1694,31798,33492,-0.0109608,0.191537,-0.981424,2
0,0,0,0,0,1471,239,1710,31604,33314,-0.00864313,0.21176,-0.977284,2
0,0,0,0,0,1364,264,1628,31006,32634,-0.00344622,0.250955,-0.967993,2
0,0,0,0,0,3803,579,4382,38168,42550,0.00546308,0.284142,-0.958767,2
0,0,0,0,0,1360,242,1602,30123,31725,0.0129157,0.273382,-0.961819,2
0,0,0,0,0,1394,239,1633,28853,30486,0.0114459,0.293282,-0.955958,2
0,0,0,0,0,3257,588,3845,37179,41024,-0.0138811,0.338111,-0.941004,2
0,0,0,0,0,1428,289,1717,24060,25777,-0.0174986,0.312985,-0.949597,2
0,0,0,0,0,1587,303,1890,22406,24296,-0.0113269,0.274459,-0.961532,2
0,0,0,0,0,1440,262,1702,18485,20187,-0.0137726,0.248989,-0.968409,2
0,0,0,0,0,1455,275,1730,16274,18004,-0.0155727,0.223008,-0.974692,2
0,0,0,0,0,1692,324,2016,15548,17564,-0.025687,0.196527,-0.980162,2
0,0,0,0,0,2054,389,2443,14369,16812,-0.0410359,0.184077,-0.982055,2
0,0,0,0,0,2266,433,2699,11874,14573,-0.0501596,0.174187,-0.983434,2
0,0,0,0,0,2613,495,3108,9510,12618,-0.0549689,0.161369,-0.985362,2
0,0,0,0,0,1243,234,1477,2911,4388,-0.0571204,0.156294,-0.986058,2
0,0,0,0,0,3867,671,4538,3479,8017,-0.199333,0.197432,-0.959837,2
0,0,0,0,0,5772,1074,6846,26816,33662,-0.205167,0.406459,-0.890336,2
0,0,0,0,0,1828,354,2182,17210,19392,-0.169571,0.476541,-0.862644,2
0,0,0,0,0,1322,240,1562,17009,18571,-0.146002,0.531033,-0.834678,2
0,0,0,0,0,2209,393,2602,27051,29653,-0.13635,0.573394,-0.807854,2
0,0,0,0,0,5780,998,6778,34135,40913,-0.131852,0.562619,-0.816134,2
0,0,0,0,0,1484,336,1820,28657,30477,-0.106509,0.462074,-0.880422,2
0,0,0,0,0,3975,695,4670,39430,44100,-0.106637,0.515806,-0.850043,2
0,0,0,0,0,1475,261,1736,31571,33307,-0.0920403,0.468783,-0.878505,2
0,0,0,0,0,2084,364,2448,39800,42248,-0.106498,0.50907,-0.854111,2
0,0,0,0,0,1447,300,1747,32817,34564,-0.0984882,0.46261,-0.881074,2
0,0,0,0,0,1602,256,1858,32982,34840,-0.09408,0.425627,-0.899995,2
0,0,0,0,0,1394,246,1640,33317,34957,-0.0921134,0.404644,-0.909823,2
0,0,0,0,0,1616,287,1903,34651,36554,-0.106003,0.440841,-0.891304,2
0,0,0,0,0,1348,242,1590,34339,35929,-0.109884,0.491769,-0.863765,2
0,0,0,0,0,1357,244,1601,34829,36430,-0.0998474,0.505957,-0.85676,2
0,0,0,0,0,1563,298,1861,35157,37018,-0.0672547,0.433276,-0.898748,2
0,0,0,0,0,1356,245,1601,35677,37278,-0.0548532,0.356114,-0.932832,2
0,0,0,0,0,1365,245,1610,35379,36989,-0.0574016,0.340851,-0.938363,2
0,0,0,0,0,1303,231,1534,35458,36992,-0.0617599,0.361096,-0.930481,2
0,0,0,0,0,1264,235,1499,36074,37573,-0.0762109,0.379771,-0.921936,2
0,0,0,0,0,1239,223,1462,35590,37052,-0.0974809,0.407884,-0.907815,2
0,0,0,0,0,1265,222,1487,35300,36787,-0.104524,0.405622,-0.908045,2
0,0,0,0,0,1210,221,1431,35295,36726,-0.0969166,0.410362,-0.906758,2
0,0,0,0,0,1208,222,1430,35351,36781,-0.0903157,0.391959,-0.915539,2
0,0,0,0,0,1200,218,1418,35344,36762,-0.0895128,0.399735,-0.91225,2
0,0,0,0,0,1197,218,1415,35209,36624,-0.0899137,0.397315,-0.913267,2
0,0,0,0,0,1203,219,1422,35156,36578,-0.107508,0.391892,-0.913708,2
0,0,0,0,0,1258,219,1477,33929,35406,-0.126083,0.358634,-0.924924,2
0,0,0,0,0,1200,219,1419,31744,33163,-0.151888,0.391186,-0.907691,2
0,0,0,0,0,1222,217,1439,30491,31930,-0.175225,0.436341,-0.882555,2
0,0,0,0,0,1220,220,1440,30121,31561,-0.185124,0.457473,-0.86974,2
0,0,0,0,0,1170,220,1390,29249,30639,-0.19005,0.463001,-0.865743,2
0,0,0,0,0,1169,217,1386,28464,29850,-0.196027,0.473739,-0.858571,2
0,0,0,0,0,1434,258,1692,28557,30249,-0.195787,0.485977,-0.851759,2
0,0,0,0,0,1161,221,1382,26487,27869,-0.194876,0.505897,-0.840292,2
0,0,0,0,0,4804,939,5743,44226,49969,-0.189887,0.557225,-0.808358,2
0,0,0,0,0,1195,233,1428,24756,26184,-0.18024,0.561894,-0.807334,2
0,0,0,0,0,1319,247,1566,23404,24970,-0.167081,0.552036,-0.816909,2
0,0,0,0,0,1310,224,1534,20135,21669,-0.164493,0.544471,-0.822493,2
0,0,0,0,0,1302,242,1544,17674,19218,-0.156812,0.533927,-0.830862,2
0,0,0,0,0,1455,266,1721,15330,17051,-0.136466,0.502562,-0.853702,2
0,0,0,0,0,1986,347,2333,14969,17302,-0.109906,0.503985,-0.856691,2
0,0,0,0,0,2573,447,3020,14963,17983,-0.0851306,0.505303,-0.858733,2
0,0,0,0,0,3002,502,3504,15691,19195,-0.0632076,0.530579,-0.845276,2
0,0,0,0,0,2371,391,2762,15740,18502,0.0247756,0.515559,-0.856496,2
0,0,0,0,0,2581,453,3034,29397,32431,0.113569,0.479842,-0.869974,2
0,0,0,0,0,1592,308,1900,24563,26463,0.165867,0.398625,-0.901991,2
0,0,0,0,0,1272,223,1495,28162,29657,0.180877,0.352596,-0.918128,2
0,0,0,0,0,1196,211,1407,28669,30076,0.158579,0.362555,-0.918372,2
0,0,0,0,0,1254,219,1473,29343,30816,0.129603,0.386318,-0.913215,2
0,0,0,0,0,1327,248,1575,29707,31282,0.0775357,0.448865,-0.890229,2
0,0,0,0,0,1396,244,1640,30409,32049,0.0283061,0.525927,-0.850059,2
0,0,0,0,0,1411,240,1651,30687,32338,-0.00970495,0.579222,-0.815112,2
0,0,0,0,0,1461,244,1705,30849,32554,-0.0414314,0.625469,-0.779149,2
0,0,0,0,0,5528,954,6482,44109,50591,-0.0682118,0.681721,-0.728426,2
0,0,0,0,0,1526,290,1816,31622,33438,-0.0827789,0.680478,-0.728078,2
0,0,0,0,0,1492,249,1741,32761,34502,-0.0922599,0.671697,-0.735058,2
0,0,0,0,0,1655,251,1906,33332,35238,-0.101939,0.661696,-0.74281,2
0,0,0,0,0,1534,255,1789,33478,35267,-0.10463,0.636009,-0.764556,2
0,0,0,0,0,3450,587,4037,50567,54604,-0.106439,0.677279,-0.727986,2
0,0,0,0,0,1562,316,1878,33664,35542,-0.0971952,0.624918,-0.774617,2
0,0,0,0,0,1577,271,1848,33981,35829,-0.0823819,0.563252,-0.822168,2
0,0,0,0,0,1609,268,1877,33903,35780,-0.0689283,0.530496,-0.844881,2
0,0,0,0,0,1543,264,1807,34351,36158,-0.0526107,0.480941,-0.875173,2
0,0,0,0,0,1550,261,1811,34874,36685,-0.0435485,0.448509,-0.892717,2
0,0,0,0,0,1530,259,1789,34985,36774,-0.0374681,0.423287,-0.905221,2
0,0,0,0,0,1452,254,1706,34949,36655,-0.0340663,0.422091,-0.905913,2
0,0,0,0,0,1551,276,1827,34674,36501,-0.0290975,0.428692,-0.902982,2
0,0,0,0,0,1421,250,1671,34302,35973,-0.0379805,0.446356,-0.894049,2
0,0,0,0,0,2330,395,2725,37102,39827,-0.0282665,0.462324,-0.886261,2
0,0,0,0,0,1383,239,1622,32658,34280,-0.0114235,0.408178,-0.912831,2
0,0,0,0,0,1378,240,1618,32194,33812,0.00887695,0.368456,-0.929603,2
0,0,0,0,0,1355,238,1593,31339,32932,0.0123062,0.333242,-0.942761,2
0,0,0,0,0,1344,269,1613,29727,31340,0.0196829,0.337739,-0.941034,2
0,0,0,0,0,1343,240,1583,28343,29926,0.00547605,0.351944,-0.936005,2
0,0,0,0,0,1530,285,1815,28107,29922,-0.0360279,0.378821,-0.924768,2
0,0,0,0,0,1359,251,1610,23993,25603,-0.0714981,0.373203,-0.92499,2
0,0,0,0,0,1368,252,1620,19271,20891,-0.117994,0.371947,-0.920724,2
0,0,0,0,0,1443,282,1725,14566,16291,-0.182682,0.364899,-0.912949,2
0,0,0,0,0,1950,357,2307,18091,20398,-0.176375,0.39803,-0.900258,2
0,0,0,0,0,5571,1026,6597,28143,34740,-0.148818,0.470526,-0.869746,2
0,0,0,0,0,1616,304,1920,13487,15407,-0.124487,0.510578,-0.850772,2
0,0,0,0,0,5637,1045,6682,29221,35903,-0.122458,0.615257,-0.778757,2
0,0,0,0,0,1731,265,1996,15272,17268,-0.12661,0.627996,-0.767848,2
0,0,0,0,0,6074,1276,7350,-1000,-1000,-1,-1,-1,2
0,0,0,0,0,1472,223,1695,3100,4795,-0.0696847,0.359189,-0.93066,2
0,0,0,0,0,1694,295,1989,34904,36893,-0.0656057,0.433489,-0.898768,2
0,0,0,0,0,1501,258,1759,32874,34633,-0.0615689,0.44904,-0.891388,2
0,0,0,0,0,1574,277,1851,33872,35723,-0.0811724,0.506745,-0.858266,2
0,0,0,0,0,1492,262,1754,34570,36324,-0.0916569,0.479804,-0.872575,2
0,0,0,0,0,1472,250,1722,34390,36112,-0.0967489,0.4548,-0.885323,2
0,0,0,0,0,1379,258,1637,35013,36650,-0.0957679,0.44205,-0.891863,2
0,0,0,0,0,1376,244,1620,34863,36483,-0.0873915,0.430395,-0.8984,2
0,0,0,0,0,1312,236,1548,34941,36489,-0.0712639,0.441945,-0.894207,2
0,0,0,0,0,1268,232,1500,35076,36576,-0.0633467,0.442011,-0.89477,2
0,0,0,0,0,1331,229,1560,35423,36983,-0.0599764,0.454714,-0.888615,2
0,0,0,0,0,1215,230,1445,36121,37566,-0.0488817,0.45919,-0.886992,2
0,0,0,0,0,1245,219,1464,35988,37452,-0.0545626,0.482728,-0.874069,2
0,0,0,0,0,1198,221,1419,36457,37876,-0.0620983,0.458705,-0.886416,2
0,0,0,0,0,4083,673,4756,48483,53239,-0.0796182,0.496395,-0.864438,2
0,0,0,0,0,1424,263,1687,40000,41687,-0.0968957,0.471169,-0.876705,2
0,0,0,0,0,1240,219,1459,35322,36781,-0.109489,0.40236,-0.90891,2
0,0,0,0,0,1249,218,1467,34226,35693,-0.130036,0.341942,-0.93068,2
0,0,0,0,0,1255,217,1472,32317,33789,-0.145021,0.296174,-0.94406,2
0,0,0,0,0,1309,219,1528,30901,32429,-0.150968,0.277959,-0.948656,2
0,0,0,0,0,1422,243,1665,30123,31788,-0.157381,0.26919,-0.950141,2
0,0,0,0,0,1236,218,1454,27193,28647,-0.156858,0.323876,-0.933006,2
0,0,0,0,0,1333,251,1584,27194,28778,-0.153774,0.396928,-0.904877,2
0,0,0,0,0,1248,242,1490,25888,27378,-0.165173,0.50583,-0.846672,2
0,0,0,0,0,1515,264,1779,29338,31117,-0.175482,0.59397,-0.785115,2
0,0,0,0,0,1274,231,1505,26715,28220,-0.172153,0.61251,-0.771489,2
0,0,0,0,0,1277,237,1514,26310,27824,-0.164858,0.627096,-0.761297,2
0,0,0,0,0,1549,273,1822,25981,27803,-0.151045,0.621867,-0.768419,2
0,0,0,0,0,1519,267,1786,25613,27399,-0.137676,0.640188,-0.755781,2
0,0,0,0,0,1380,241,1621,22857,24478,-0.118581,0.632413,-0.765501,2
0,0,0,0,0,5306,906,6212,37605,43817,-0.0846797,0.668466,-0.738906,2
0,0,0,0,0,1465,252,1717,18231,19948,-0.0661207,0.625999,-0.777016,2
0,0,0,0,0,1701,284,1985,16918,18903,-0.049758,0.612203,-0.789134,2
0,0,0,0,0,1642,269,1911,13469,15380,-0.0554464,0.599483,-0.798464,2
0,0,0,0,0,1792,279,2071,9993,12064,-0.069572,0.560921,-0.824941,2
0,0,0,0,0,3482,534,4016,11531,15547,-0.0709647,0.595457,-0.800247,2
0,0,0,0,0,5211,811,6022,18551,24573,-0.0516702,0.638023,-0.768282,2
0,0,0,0,0,2363,402,2765,13337,16102,-0.0497701,0.662324,-0.747563,2
0,0,0,0,0,2536,386,2922,-1000,-1000,-1,-1,-1,2
0,0,0,0,0,2507,437,2944,41593,44537,-0.118545,0.441758,-0.889268,2
0,0,0,0,0,1746,289,2035,30207,32242,-0.139888,0.529916,-0.836433,2
0,0,0,0,0,1352,226,1578,25267,26845,-0.155623,0.568435,-0.807876,2
0,0,0,0,0,1483,241,1724,25841,27565,-0.163915,0.595054,-0.786793,2
0,0,0,0,0,1421,248,1669,26582,28251,-0.176368,0.612879,-0.770243,2
0,0,0,0,0,1518,270,1788,28437,30225,-0.193314,0.635078,-0.747868,2
0,0,0,0,0,3981,657,4638,-1000,-1000,-1,-1,-1,2
0,0,0,0,0,1581,289,1870,34393,36263,-0.167949,0.547573,-0.81973,2
0,0,0,0,0,1564,263,1827,33765,35592,-0.186404,0.658261,-0.729346,2
0,0,0,0,0,1643,280,1923,-1000,-1000,-1,-1,-1,2
0,0,0,0,0,7463,1283,8746,53625,62371,-0.141617,0.577804,-0.803796,2
0,0,0,0,0,1749,282,2031,34402,36433,-0.127575,0.617406,-0.776231,2
0,0,0,0,0,1543,263,1806,34174,35980,-0.0947284,0.57026,-0.815984,2
0,0,0,0,0,1612,260,1872,34075,35947,-0.0516693,0.465468,-0.883555,2
0,0,0,0,0,1495,250,1745,33941,35686,-0.0118345,0.27738,-0.960687,2
0,0,0,0,0,1426,247,1673,34794,36467,0.0044735,0.16808,-0.985763,2
0,0,0,0,0,1538,247,1785,33854,35639,-0.0117645,0.181761,-0.983272,2
0,0,0,0,0,1404,285,1689,33566,35255,-0.0218032,0.208168,-0.97785,2
0,0,0,0,0,1392,241,1633,32950,34583,-0.0221204,0.207262,-0.978035,2
0,0,0,0,0,1368,254,1622,32507,34129,-0.0293158,0.252125,-0.96725,2
0,0,0,0,0,1359,238,1597,31802,33399,-0.0291056,0.259042,-0.965428,2
0,0,0,0,0,5111,649,5760,42558,48318,-0.0214072,0.31389,-0.949218,2
0,0,0,0,0,1420,240,1660,30104,31764,-0.00638238,0.314226,-0.949327,2
0,0,0,0,0,1483,247,1730,29333,31063,0.0164178,0.313426,-0.949471,2
0,0,0,0,0,1530,288,1818,28637,30455,0.00628664,0.349703,-0.93684,2
0,0,0,0,0,1502,345,1847,27819,29666,-0.0323478,0.371368,-0.927922,2
0,0,0,0,0,1418,260,1678,24573,26251,-0.0407804,0.367403,-0.929167,2
0,0,0,0,0,1567,269,1836,21803,23639,-0.0352045,0.356164,-0.93376,2
0,0,0,0,0,1411,264,1675,20103,21778,-0.0361492,0.350395,-0.935904,2
0,0,0,0,0,1651,309,1960,19581,21541,-0.0218638,0.382624,-0.923646,2
0,0,0,0,0,1695,312,2007,19319,21326,-0.0197747,0.465364,-0.884898,2
0,0,0,0,0,1743,316,2059,21577,23636,-0.0350704,0.569036,-0.821565,2
0,0,0,0,0,1608,281,1889,19659,21548,-0.0470888,0.628548,-0.776344,2
0,0,0,0,0,1817,311,2128,20296,22424,-0.0691182,0.682645,-0.727474,2
0,0,0,0,0,1672,277,1949,-1000,-1000,-1,-1,-1,2
0,0,0,0,0,1620,269,1889,15260,17149,-0.071744,0.362694,-0.929143,2
0,0,0,0,0,2016,353,2369,40190,42559,-0.0736663,0.373969,-0.924511,2
0,0,0,0,0,1491,270,1761,33976,35737,-0.0523776,0.370022,-0.927546,2
0,0,0,0,0,1440,285,1725,34704,36429,-0.0494065,0.368961,-0.928131,2
0,0,0,0,0,1393,249,1642,35414,37056,-0.0546164,0.374386,-0.925663,2
0,0,0,0,0,1380,252,1632,35620,37252,-0.0554707,0.402003,-0.913957,2
0,0,0,0,0,1304,235,1539,36165,37704,-0.0619656,0.403748,-0.91277,2
0,0,0,0,0,5909,1103,7012,55936,62948,-0.109406,0.552628,-0.826216,2
0,0,0,0,0,1234,225,1459,36242,37701,-0.105477,0.550109,-0.828405,2
0,0,0,0,0,1269,224,1493,36689,38182,-0.101811,0.53454,-0.838988,2
0,0,0,0,0,1243,220,1463,36759,38222,-0.0904996,0.514703,-0.852579,2
0,0,0,0,0,1345,225,1570,37030,38600,-0.078542,0.467221,-0.880645,2
0,0,0,0,0,1252,219,1471,36951,38422,-0.0850625,0.322732,-0.94266,2
0,0,0,0,0,1192,221,1413,34462,35875,-0.107608,0.116544,-0.987339,2
0,0,0,0,0,1185,213,1398,31407,32805,-0.118107,0.075469,-0.990129,2
0,0,0,0,0,1197,213,1410,28928,30338,-0.126289,0.0952548,-0.987409,2
0,0,0,0,0,1222,213,1435,27884,29319,-0.124847,0.147919,-0.981088,2
0,0,0,0,0,4544,792,5336,45013,50349,-0.12224,0.246945,-0.961288,2
0,0,0,0,0,1246,244,1490,26569,28059,-0.112015,0.285461,-0.951822,2
0,0,0,0,0,1207,251,1458,26341,27799,-0.0948418,0.36419,-0.926483,2
0,0,0,0,0,1227,223,1450,25955,27405,-0.0656579,0.464501,-0.883135,2
0,0,0,0,0,1314,225,1539,26395,27934,-0.0396158,0.544537,-0.8378,2
0,0,0,0,0,1322,227,1549,26106,27655,-0.00761744,0.604972,-0.796211,2
0,0,0,0,0,1422,253,1675,24722,26397,0.0024468,0.632139,-0.774851,2
0,0,0,0,0,1557,253,1810,21469,23279,-0.0135758,0.620476,-0.784108,2
0,0,0,0,0,5531,882,6413,28120,34533,-0.0581596,0.613087,-0.787872,2
0,0,0,0,0,1432,221,1653,8139,9792,-0.113782,0.522615,-0.844942,2
0,0,0,0,0,1534,250,1784,3899,5683,-0.161101,0.501693,-0.849912,2
0,0,0,0,0,5954,944,6898,15533,22431,-0.195601,0.608105,-0.769382,2
0,0,0,0,0,3371,565,3936,6757,10693,-0.209563,0.667161,-0.714829,2
0,0,0,0,0,4421,851,5272,-1000,-1000,-1,-1,-1,2
0,0,0,0,0,4607,773,5380,48498,53878,-0.149029,0.446389,-0.882342,2
0,0,0,0,0,1418,241,1659,26809,28468,-0.171743,0.514545,-0.840088,2
0,0,0,0,0,1436,238,1674,26712,28386,-0.185083,0.583729,-0.790572,2
0,0,0,0,0,1682,248,1930,27443,29373,-0.181625,0.646171,-0.741266,2
0,0,0,0,0,6212,701,6913,-1000,-1000,-1,-1,-1,2
0,0,0,0,0,1675,285,1960,34555,36515,-0.123557,0.477062,-0.870141,2
0,0,0,0,0,1952,305,2257,-1000,-1000,-1,-1,-1,2
0,0,0,0,0,1613,300,1913,34230,36143,-0.0412845,0.322096,-0.945806,2
0,0,0,0,0,1567,306,1873,34714,36587,-0.0675631,0.471479,-0.879286,2
0,0,0,0,0,1499,275,1774,34206,35980,-0.0735238,0.449006,-0.890498,2
0,0,0,0,0,1534,247,1781,34009,35790,-0.0471226,0.351082,-0.935158,2
0,0,0,0,0,1538,257,1795,34285,36080,-0.0183637,0.275023,-0.961263,2
0,0,0,0,0,1419,243,1662,33636,35298,-0.00349459,0.205077,-0.978739,2
0,0,0,0,0,1416,246,1662,33679,35341,0.000270676,0.171573,-0.985171,2
0,0,0,0,0,1529,269,1798,33792,35590,0.00158509,0.16197,-0.986794,2
0,0,0,0,0,1442,246,1688,33235,34923,0.00160457,0.170433,-0.985368,2
0,0,0,0,0,1406,245,1651,32873,34524,0.0159815,0.146653,-0.989059,2
0,0,0,0,0,1510,279,1789,32710,34499,0.0498652,0.0571107,-0.997122,2
0,0,0,0,0,1397,238,1635,31112,32747,0.0639709,0.05736,-0.996302,2
0,0,0,0,0,4768,831,5599,42553,48152,0.0638961,0.183368,-0.980966,2
0,0,0,0,0,1371,242,1613,30636,32249,0.0506759,0.204505,-0.977553,2
0,0,0,0,0,1462,238,1700,29820,31520,0.0223536,0.25479,-0.966738,2
0,0,0,0,0,1570,338,1908,29162,31070,-0.00361945,0.312122,-0.950035,2
0,0,0,0,0,1366,249,1615,25562,27177,-0.0105966,0.323681,-0.946107,2
0,0,0,0,0,1599,292,1891,20263,22154,-0.00759819,0.346446,-0.938039,2
0,0,0,0,0,1469,282,1751,14317,16068,-0.00919515,0.340401,-0.940236,2
0,0,0,0,0,2011,356,2367,18686,21053,-0.0232409,0.379444,-0.924923,2
0,0,0,0,0,1985,362,2347,19288,21635,-0.0378773,0.463169,-0.88546,2
0,0,0,0,0,1769,315,2084,16886,18970,-0.0460509,0.533598,-0.844484,2
0,0,0,0,0,2023,275,2298,15297,17595,-0.0563951,0.598509,-0.799129,2
0,0,0,0,0,2024,369,2393,18704,21097,-0.064327,0.678864,-0.731441,2
0,0,0,0,0,1943,331,2274,-1000,-1000,-1,-1,-1,2
0,0,0,0,0,1762,313,2075,24294,26369,-0.0462025,0.244638,-0.968513,2
0,0,0,0,0,1562,282,1844,35360,37204,-0.0407859,0.287893,-0.956794,2
0,0,0,0,0,1455,294,1749,34746,36495,-0.0392121,0.315188,-0.948219,2
0,0,0,0,0,1382,251,1633,35368,37001,-0.0367197,0.360917,-0.931875,2
0,0,0,0,0,1398,285,1683,35661,37344,-0.0309944,0.351889,-0.935528,2
0,0,0,0,0,5308,964,6272,57556,63828,-0.00968872,0.544982,-0.838392,2
0,0,0,0,0,1215,225,1440,36125,37565,-0.0229802,0.515647,-0.856493,2
0,0,0,0,0,1180,215,1395,37143,38538,-0.0241698,0.478831,-0.877574,2
0,0,0,0,0,1171,213,1384,36728,38112,-0.0248233,0.460676,-0.887221,2
0,0,0,0,0,1168,212,1380,37130,38510,-0.0286445,0.456065,-0.889486,2
0,0,0,0,0,1172,220,1392,37085,38477,-0.0274691,0.43145,-0.901718,2
0,0,0,0,0,1167,213,1380,37025,38405,-0.0319374,0.421747,-0.906151,2
0,0,0,0,0,1165,215,1380,36800,38180,-0.0384352,0.38943,-0.920254,2
0,0,0,0,0,1180,246,1426,35870,37296,-0.0584036,0.433817,-0.899106,2
0,0,0,0,0,1177,217,1394,35075,36469,-0.0852766,0.428805,-0.899363,2
0,0,0,0,0,1187,214,1401,33018,34419,-0.112676,0.367278,-0.923261,2
0,0,0,0,0,1183,217,1400,31701,33101,-0.119182,0.341491,-0.932298,2
0,0,0,0,0,1216,215,1431,30264,31695,-0.112597,0.326656,-0.938413,2
0,0,0,0,0,4532,821,5353,43450,48803,-0.10793,0.333573,-0.936526,2
0,0,0,0,0,1218,215,1433,27674,29107,-0.100674,0.322338,-0.941256,2
0,0,0,0,0,1159,217,1376,25477,26853,-0.0988776,0.318491,-0.942755,2
0,0,0,0,0,1332,240,1572,25728,27300,-0.0981705,0.315672,-0.943776,2
0,0,0,0,0,1444,261,1705,26507,28212,-0.0952072,0.298578,-0.949625,2
0,0,0,0,0,4808,867,5675,38707,44382,-0.0877327,0.277825,-0.956617,2
0,0,0,0,0,1234,208,1442,20169,21611,-0.0787299,0.265069,-0.96101,2
0,0,0,0,0,1162,208,1370,19597,20967,-0.073417,0.256108,-0.963856,2
0,0,0,0,0,1292,229,1521,21183,22704,-0.0740717,0.25053,-0.965271,2
0,0,0,0,0,1254,223,1477,20462,21939,-0.078434,0.250565,-0.964917,2
0,0,0,0,0,1249,213,1462,19104,20566,-0.0823876,0.251532,-0.964336,2
0,0,0,0,0,5335,945,6280,42170,48450,-0.076635,0.257975,-0.963107,2
0,0,0,0,0,1284,241,1525,19033,20558,-0.0745347,0.258174,-0.963219,2
0,0,0,0,0,1158,298,1456,18750,20206,-0.073766,0.260281,-0.962711,2
0,0,0,0,0,1160,208,1368,19126,20494,-0.0766245,0.26102,-0.962288,2
0,0,0,0,0,3031,534,3565,35067,38632,-0.0831781,0.260758,-0.961814,2
0,0,0,0,0,1360,209,1569,19118,20687,-0.0842497,0.258602,-0.962303,2
0,0,0,0,0,1383,243,1626,21872,23498,-0.0840719,0.252205,-0.964015,2
0,0,0,0,0,1462,260,1722,22596,24318,-0.0839815,0.248042,-0.965102,2
0,0,0,0,0,3108,612,3720,41695,45415,-0.0878978,0.251707,-0.963804,2
0,0,0,0,0,1413,249,1662,19317,20979,-0.0882433,0.252656,-0.963523,2
0,0,0,0,0,1160,251,1411,18387,19798,-0.0870225,0.253927,-0.963301,2
0,0,0,0,0,1281,230,1511,19050,20561,-0.086664,0.253354,-0.963484,2
0,0,0,0,0,4428,829,5257,40941,46198,-0.0836307,0.25343,-0.963732,2
0,0,0,0,0,1367,242,1609,18904,20513,-0.0813336,0.253338,-0.963953,2
0,0,0,0,0,1431,250,1681,20899,22580,-0.0820637,0.254368,-0.96362,2
0,0,0,0,0,1433,255,1688,21750,23438,-0.0825528,0.254982,-0.963415,2
0,0,0,0,0,4418,788,5206,36141,41347,-0.0834042,0.253812,-0.963651,2
0,0,0,0,0,1238,217,1455,18130,19585,-0.0830292,0.252151,-0.964119,2
0,0,0,0,0,1236,215,1451,17929,19380,-0.0814169,0.252884,-0.964065,2
0,0,0,0,0,4970,888,5858,38342,44200,-0.0802569,0.258889,-0.962567,2
0,0,0,0,0,1261,225,1486,18179,19665,-0.0801306,0.26054,-0.962132,2
0,0,0,0,0,1181,211,1392,18172,19564,-0.0802452,0.259463,-0.962413,2
0,0,0,0,0,1291,229,1520,19285,20805,-0.0807985,0.258625,-0.962593,2
0,0,0,0,0,1562,271,1833,22848,24681,-0.0805313,0.259893,-0.962274,2
0,0,0,0,0,1406,241,1647,20042,21689,-0.0793051,0.26122,-0.962016,2
0,0,0,0,0,1280,223,1503,19079,20582,-0.0792666,0.261383,-0.961975,2
0,0,0,0,0,1575,244,1819,18638,20457,-0.0770583,0.264342,-0.961345,2
0,0,0,0,0,1372,242,1614,20626,22240,-0.0772659,0.266834,-0.96064,2
0,0,0,0,0,1511,268,1779,22516,24295,-0.0780121,0.265775,-0.960874,2
0,0,0,0,0,1332,236,1568,19919,21487,-0.0766908,0.265531,-0.961047,2
0,0,0,0,0,1319,224,1543,18928,20471,-0.0756256,0.265617,-0.961108,2
0,0,0,0,0,1569,276,1845,23076,24921,-0.0766205,0.266094,-0.960897,2
0,0,0,0,0,1557,278,1835,22183,24018,-0.0765387,0.266171,-0.960882,2
0,0,0,0,0,1349,257,1606,19818,21424,-0.0758727,0.267411,-0.960591,2
0,0,0,0,0,1350,240,1590,19630,21220,-0.0761726,0.267271,-0.960606,2
0,0,0,0,0,1606,306,1912,19751,21663,-0.0740734,0.268028,-0.960559,2
0,0,0,0,0,1674,284,1958,23005,24963,-0.0751895,0.267495,-0.960621,2
0,0,0,0,0,1298,228,1526,18491,20017,-0.0759534,0.266791,-0.960757,2
0,0,0,0,0,1283,225,1508,18471,19979,-0.0759092,0.264711,-0.961336,2
0,0,0,0,0,1606,286,1892,22887,24779,-0.074741,0.263621,-0.961727,2
0,0,0,0,0,5522,1010,6532,40402,46934,-0.0750757,0.264773,-0.961384,2
0,0,0,0,0,1420,261,1681,17519,19200,-0.0760128,0.266164,-0.960926,2
0,0,0,0,0,1216,208,1424,16775,18199,-0.076608,0.265046,-0.961188,2
0,0,0,0,0,1173,210,1383,16898,18281,-0.0765566,0.263923,-0.961501,2
0,0,0,0,0,4145,754,4899,33653,38552,-0.0764196,0.263649,-0.961587,2
0,0,0,0,0,1219,213,1432,16876,18308,-0.0766984,0.262981,-0.961748,2
0,0,0,0,0,4539,787,5326,41400,46726,-0.0772225,0.264476,-0.961296,2
0,0,0,0,0,1573,269,1842,17713,19555,-0.0769941,0.26391,-0.961469,2
0,0,0,0,0,1334,210,1544,18089,19633,-0.0760887,0.266631,-0.960791,2
0,0,0,0,0,1342,227,1569,19596,21165,-0.0759576,0.266996,-0.9607,2
0,0,0,0,0,1910,323,2233,22864,25097,-0.0769743,0.267755,-0.960407,2
0,0,0,0,0,5085,855,5940,35101,41041,-0.0778528,0.266593,-0.96066,2
0,0,0,0,0,1287,232,1519,16900,18419,-0.0763189,0.267831,-0.960438,2
0,0,0,0,0,1310,273,1583,18439,20022,-0.0755562,0.270433,-0.959769,2
0,0,0,0,0,1442,247,1689,19690,21379,-0.0743837,0.272748,-0.959205,2
0,0,0,0,0,1460,258,1718,19411,21129,-0.0740508,0.273739,-0.958949,2
0,0,0,0,0,1459,254,1713,19718,21431,-0.0721683,0.275427,-0.958609,2
0,0,0,0,0,1198,228,1426,16757,18183,-0.0707008,0.277603,-0.958091,2
0,0,0,0,0,1906,337,2243,23477,25720,-0.0688276,0.281934,-0.956962,2
0,0,0,0,0,1478,262,1740,19980,21720,-0.067248,0.283599,-0.956582,2
0,0,0,0,0,4887,927,5814,37752,43566,-0.0650261,0.287644,-0.955527,2
0,0,0,0,0,1466,269,1735,17649,19384,-0.0606751,0.291092,-0.954769,2
0,0,0,0,0,1427,254,1681,21086,22767,-0.0570357,0.294313,-0.954006,2
0,0,0,0,0,1437,263,1700,21168,22868,-0.0522304,0.29712,-0.95341,3
0,0,0,0,0,4923,890,5813,38894,44707,-0.0476594,0.301446,-0.952291,3
0,0,0,0,0,1367,228,1595,18750,20345,-0.0424789,0.30674,-0.950845,3
0,0,0,0,0,1218,236,1454,19241,20695,-0.0341828,0.314282,-0.948714,3
0,0,0,0,0,1563,273,1836,23767,25603,-0.0237034,0.322999,-0.946102,3
0,0,0,0,0,1218,229,1447,20312,21759,-0.0136648,0.329473,-0.944066,3
0,0,0,0,0,1356,243,1599,23039,24638,-0.00642596,0.334099,-0.942516,3
0,0,0,0,0,1478,275,1753,24158,25911,-0.00368595,0.33444,-0.94241,3
0,0,0,0,0,1364,241,1605,22523,24128,-0.0016976,0.33343,-0.942773,3
0,0,0,0,0,1444,280,1724,24143,25867,-0.00321896,0.331445,-0.943469,3
0,0,0,0,0,1378,259,1637,22788,24425,-0.00283978,0.330712,-0.943727,3
0,0,0,0,0,1363,234,1597,21619,23216,-0.00755995,0.325548,-0.945495,3
0,0,0,0,0,1304,238,1542,20858,22400,-0.0129851,0.32119,-0.946926,3
0,0,0,0,0,1349,241,1590,19930,21520,-0.0132199,0.318528,-0.947821,3
0,0,0,0,0,1489,265,1754,22051,23805,-0.0183879,0.314558,-0.94906,3
0,0,0,0,0,5162,931,6093,39648,45741,-0.0270913,0.31205,-0.949679,3
0,0,0,0,0,1454,248,1702,17985,19687,-0.0291258,0.309965,-0.950302,3
0,0,0,0,0,1416,240,1656,19753,21409,-0.0301155,0.31013,-0.950217,3
0,0,0,0,0,1370,239,1609,19541,21150,-0.0308236,0.309358,-0.950446,3
0,0,0,0,0,1356,236,1592,18425,20017,-0.0314742,0.309347,-0.950428,3
0,0,0,0,0,1462,251,1713,19899,21612,-0.0293261,0.313587,-0.949107,3
0,0,0,0,0,1535,248,1783,19426,21209,-0.0289104,0.314635,-0.948772,3
0,0,0,0,0,1366,239,1605,18867,20472,-0.0294507,0.314293,-0.948869,3
0,0,0,0,0,1981,321,2302,23995,26297,-0.0307133,0.317223,-0.947854,3
0,0,0,0,0,1390,246,1636,18847,20483,-0.0322813,0.316614,-0.948005,3
0,0,0,0,0,1509,262,1771,19864,21635,-0.0333149,0.313789,-0.948908,3
0,0,0,0,0,1623,259,1882,18232,20114,-0.0323276,0.309149,-0.950464,3
0,0,0,0,0,1491,263,1754,18598,20352,-0.0292194,0.307533,-0.951089,3
0,0,0,0,0,1665,251,1916,17723,19639,-0.0283751,0.305018,-0.951924,3
0,0,0,0,0,1547,266,1813,16243,18056,-0.0317566,0.304829,-0.951878,3
0,0,0,0,0,2045,351,2396,24026,26422,-0.0352008,0.303269,-0.952255,3
0,0,0,0,0,1534,264,1798,18685,20483,-0.0341959,0.303681,-0.95216,3
0,0,0,0,0,1442,266,1708,17509,19217,-0.0341837,0.305882,-0.951456,3
0,0,0,0,0,1532,268,1800,18761,20561,-0.033174,0.305863,-0.951497,3
0,0,0,0,0,1666,297,1963,18216,20179,-0.0333233,0.306159,-0.951397,3
0,0,0,0,0,1533,294,1827,21656,23483,-0.0337174,0.307837,-0.950842,3
0,0,0,0,0,2052,352,2404,24138,26542,-0.0315483,0.308439,-0.950721,3
0,0,0,0,0,1548,308,1856,18485,20341,-0.0300474,0.309968,-0.950272,3
0,0,0,0,0,1336,232,1568,16112,17680,-0.0296311,0.311575,-0.949759,3
0,0,0,0,0,1587,278,1865,19174,21039,-0.0286315,0.313952,-0.949007,3
0,0,0,0,0,1788,307,2095,21114,23209,-0.0269684,0.315013,-0.948704,3
0,0,0,0,0,5161,888,6049,31369,37418,-0.0260864,0.316454,-0.948249,3
0,0,0,0,0,1346,233,1579,14736,16315,-0.0306433,0.312859,-0.949305,3
0,0,0,0,0,1263,219,1482,14138,15620,-0.0340539,0.313425,-0.949002,3
0,0,0,0,0,1495,258,1753,16696,18449,-0.0357294,0.312295,-0.949313,3
0,0,0,0,0,2138,480,2618,21839,24457,-0.033949,0.314149,-0.948767,3
0,0,0,0,0,1960,341,2301,20255,22556,-0.0307598,0.3091,-0.950532,3
0,0,0,0,0,1749,401,2150,16956,19106,-0.0292853,0.303846,-0.952271,3
0,0,0,0,0,1600,289,1889,15246,17135,-0.0299529,0.29981,-0.953529,3
0,0,0,0,0,1766,299,2065,15821,17886,-0.0288342,0.296591,-0.954569,3
0,0,0,0,0,5904,1089,6993,28689,35682,-0.0272896,0.296452,-0.954657,3
0,0,0,0,0,1498,268,1766,11577,13343,-0.0282633,0.296434,-0.954635,3
0,0,0,0,0,1989,294,2283,15251,17534,-0.0299366,0.297172,-0.954354,3
0,0,0,0,0,2166,367,2533,19267,21800,-0.032484,0.297385,-0.954205,3
0,0,0,0,0,2149,366,2515,18682,21197,-0.0335397,0.298946,-0.95368,3
0,0,0,0,0,1748,278,2026,14362,16388,-0.0334179,0.303153,-0.952355,3
0,0,0,0,0,1985,338,2323,18182,20505,-0.0346916,0.311596,-0.949581,3
0,0,0,0,0,2264,385,2649,20266,22915,-0.0401565,0.328783,-0.943552,3
0,0,0,0,0,1760,404,2164,15574,17738,-0.0450389,0.338344,-0.939944,3
0,0,0,0,0,1799,307,2106,16610,18716,-0.0518706,0.350503,-0.935124,3
0,0,0,0,0,2436,407,2843,19409,22252,-0.0567024,0.357191,-0.932309,3
0,0,0,0,0,2196,375,2571,14968,17539,-0.0524737,0.345561,-0.936928,3
0,0,0,0,0,2178,378,2556,14381,16937,-0.047081,0.343027,-0.938144,3
0,0,0,0,0,3050,490,3540,16019,19559,-0.0409238,0.348435,-0.936439,3
0,0,0,0,0,2896,478,3374,14738,18112,-0.0368462,0.352842,-0.934957,3
0,0,0,0,0,2719,446,3165,15151,18316,-0.0376583,0.358068,-0.932936,3
0,0,0,0,0,1398,233,1631,9529,11160,-0.0373537,0.34917,-0.936315,3
0,0,0,0,0,2410,449,2859,25055,27914,-0.0438383,0.410728,-0.910704,3
0,0,0,0,0,6749,1073,7822,35101,42923,-0.0497789,0.611925,-0.789348,3
0,0,0,0,0,1729,266,1995,18540,20535,-0.0296703,0.640425,-0.767447,3
0,0,0,0,0,1336,222,1558,19143,20701,-0.012745,0.650651,-0.75927,3
0,0,0,0,0,1431,236,1667,22214,23881,-0.0012746,0.646081,-0.763268,3
0,0,0,0,0,1494,245,1739,26141,27880,0.0170138,0.661996,-0.749314,3
0,0,0,0,0,1749,298,2047,32372,34419,0.0217903,0.579715,-0.814528,3
0,0,0,0,0,2043,327,2370,35330,37700,0.00829764,0.464198,-0.885693,3
0,0,0,0,0,1578,267,1845,35861,37706,-0.0107283,0.360832,-0.932569,3
0,0,0,0,0,1799,278,2077,36402,38479,-0.0242607,0.295873,-0.954919,3
0,0,0,0,0,1533,271,1804,36457,38261,-0.0335406,0.268135,-0.962797,3
0,0,0,0,0,1546,265,1811,36978,38789,-0.0373115,0.273816,-0.961058,3
0,0,0,0,0,1521,264,1785,37081,38866,-0.0362343,0.30131,-0.952837,3
0,0,0,0,0,1636,249,1885,35921,37806,-0.0129406,0.253491,-0.967251,3
0,0,0,0,0,1527,246,1773,36773,38546,-0.0305471,0.275712,-0.960755,3
0,0,0,0,0,1387,243,1630,36302,37932,-0.042398,0.25983,-0.964723,3
0,0,0,0,0,6158,991,7149,57230,64379,-0.118526,0.436882,-0.891676,3
0,0,0,0,0,1454,240,1694,34829,36523,-0.0956097,0.390662,-0.915556,3
0,0,0,0,0,1472,243,1715,33606,35321,-0.0691016,0.349021,-0.934564,3
0,0,0,0,0,1413,233,1646,32326,33972,-0.0302325,0.305763,-0.951628,3
0,0,0,0,0,1583,239,1822,30264,32086,-0.00286085,0.259224,-0.965813,3
0,0,0,0,0,1348,237,1585,30204,31789,0.018311,0.220662,-0.975178,3
0,0,0,0,0,1546,259,1805,28736,30541,0.0517468,0.181287,-0.982068,3
0,0,0,0,0,1376,241,1617,27530,29147,0.0627318,0.188965,-0.979978,3
0,0,0,0,0,4397,819,5216,36950,42166,0.0709122,0.220549,-0.972794,3
0,0,0,0,0,1385,244,1629,23439,25068,0.0747926,0.192615,-0.97842,3
0,0,0,0,0,1419,278,1697,24160,25857,0.062754,0.195728,-0.978648,3
0,0,0,0,0,1347,252,1599,23951,25550,0.0331694,0.202155,-0.978792,3
0,0,0,0,0,1635,306,1941,26273,28214,-0.00118023,0.222802,-0.974863,3
0,0,0,0,0,1417,263,1680,21668,23348,-0.0158713,0.232138,-0.972554,3
0,0,0,0,0,1410,257,1667,20492,22159,-0.0403794,0.276718,-0.960102,3
0,0,0,0,0,1575,286,1861,20464,22325,-0.053432,0.3227,-0.944992,3
0,0,0,0,0,1537,271,1808,20398,22206,-0.057021,0.364913,-0.929294,3
0,0,0,0,0,1711,313,2024,22220,24244,-0.0444053,0.392726,-0.918583,3
0,0,0,0,0,1673,294,1967,20852,22819,-0.0344266,0.429112,-0.902595,3
0,0,0,0,0,1693,310,2003,21355,23358,-0.0211772,0.456125,-0.889663,3
0,0,0,0,0,1583,276,1859,20817,22676,-0.00402003,0.488368,-0.872628,3
0,0,0,0,0,1404,244,1648,19845,21493,0.00436247,0.515071,-0.857137,3
0,0,0,0,0,1611,280,1891,24446,26337,-0.00057376,0.448948,-0.893558,3
0,0,0,0,0,1383,292,1675,29054,30729,-0.0278201,0.153647,-0.987734,3
0,0,0,0,0,1369,251,1620,35198,36818,-0.0337964,0.155399,-0.987273,3
0,0,0,0,0,1449,257,1706,35931,37637,-0.0227631,0.216872,-0.975935,3
0,0,0,0,0,1312,239,1551,35712,37263,-0.0221099,0.214535,-0.976466,3
0,0,0,0,0,1330,239,1569,36284,37853,-0.02066,0.231946,-0.972509,3
0,0,0,0,0,1271,232,1503,36606,38109,-0.020958,0.266145,-0.963705,3
0,0,0,0,0,1231,224,1455,36707,38162,-0.0259323,0.277235,-0.960452,3
0,0,0,0,0,1261,218,1479,37175,38654,-0.0291543,0.289725,-0.956666,3
0,0,0,0,0,1189,219,1408,37243,38651,-0.0230885,0.300062,-0.95364,3
0,0,0,0,0,1171,254,1425,37246,38671,-0.0280233,0.293595,-0.955519,3
0,0,0,0,0,1180,214,1394,37175,38569,-0.0478925,0.315063,-0.947862,3
0,0,0,0,0,1267,216,1483,36924,38407,-0.0668514,0.334239,-0.940114,3
0,0,0,0,0,1173,215,1388,36900,38288,-0.0775795,0.359922,-0.929752,3
0,0,0,0,0,1170,270,1440,35403,36843,-0.0804977,0.400172,-0.912898,3
0,0,0,0,0,1164,214,1378,34516,35894,-0.061015,0.461907,-0.884827,3
0,0,0,0,0,1259,213,1472,32590,34062,-0.0212782,0.541478,-0.840446,3
0,0,0,0,0,1259,230,1489,30568,32057,0.0121726,0.56463,-0.825255,3
0,0,0,0,0,1182,216,1398,27178,28576,0.0406982,0.546487,-0.836478,3
0,0,0,0,0,1208,294,1502,22118,23620,0.070399,0.551562,-0.831158,3
0,0,0,0,0,4573,859,5432,34223,39655,0.0681242,0.617136,-0.783902,3
0,0,0,0,0,1369,225,1594,10757,12351,0.0529043,0.535299,-0.843004,3
0,0,0,0,0,5156,870,6026,18648,24674,0.02215,0.555852,-0.830986,3
0,0,0,0,0,1914,310,2224,6310,8534,0.0217988,0.496824,-0.867578,3
0,0,0,0,0,3418,586,4004,24314,28318,0.00770898,0.497657,-0.86734,3
0,0,0,0,0,2375,399,2774,28019,30793,-0.0150418,0.519183,-0.854531,3
0,0,0,0,0,1338,225,1563,23584,25147,-0.0502587,0.532112,-0.845181,3
0,0,0,0,0,1667,274,1941,30531,32472,-0.0872343,0.505175,-0.858597,3
0,0,0,0,0,1448,248,1696,32169,33865,-0.112166,0.437245,-0.892321,3
0,0,0,0,0,1628,268,1896,34665,36561,-0.100119,0.338445,-0.935645,3
0,0,0,0,0,1553,347,1900,35438,37338,-0.0591451,0.303494,-0.950996,3
0,0,0,0,0,1507,258,1765,35620,37385,-0.0276822,0.294516,-0.955245,3
0,0,0,0,0,1601,292,1893,35930,37823,-0.0158099,0.292178,-0.956233,3
0,0,0,0,0,1499,275,1774,36237,38011,-0.0184077,0.302898,-0.952845,3
0,0,0,0,0,1435,286,1721,35840,37561,-0.0264751,0.285317,-0.958068,3
0,0,0,0,0,1693,251,1944,35612,37556,-0.0461273,0.267881,-0.962347,3
0,0,0,0,0,1430,243,1673,35567,37240,-0.0719693,0.284008,-0.956117,3
0,0,0,0,0,1383,259,1642,35378,37020,-0.0593025,0.247758,-0.967005,3
0,0,0,0,0,1372,292,1664,35479,37143,-0.0579551,0.242109,-0.968517,3
0,0,0,0,0,1365,245,1610,34470,36080,-0.0413629,0.241847,-0.969433,3
0,0,0,0,0,1445,261,1706,34753,36459,-0.0263864,0.233908,-0.971901,3
0,0,0,0,0,1368,281,1649,32993,34642,-0.0211186,0.220545,-0.975149,3
0,0,0,0,0,1425,270,1695,26550,28245,-0.0124769,0.201347,-0.979441,3
0,0,0,0,0,4827,777,5604,28808,34412,-0.0173708,0.251987,-0.967575,3
0,0,0,0,0,1511,253,1764,8645,10409,-0.0265914,0.309737,-0.950451,3
0,0,0,0,0,2100,341,2441,12185,14626,-0.100925,0.322412,-0.941204,3
0,0,0,0,0,2975,525,3500,19124,22624,-0.11221,0.457205,-0.882254,3
0,0,0,0,0,2478,450,2928,18016,20944,-0.107709,0.534373,-0.838358,3
0,0,0,0,0,2101,386,2487,17832,20319,-0.0878178,0.64299,-0.760822,3
0,0,0,0,0,1848,329,2177,16719,18896,-0.0741837,0.693427,-0.716698,3
0,0,0,0,0,1815,304,2119,-1000,-1000,-1,-1,-1,3
0,0,0,0,0,2138,283,2421,21079,23500,-0.00666254,0.191573,-0.981456,3
0,0,0,0,0,1550,271,1821,35662,37483,-0.0286089,0.186525,-0.982034,3
0,0,0,0,0,1446,299,1745,35180,36925,-0.0418964,0.18587,-0.981681,3
0,0,0,0,0,1372,245,1617,35740,37357,-0.051948,0.209715,-0.976382,3
0,0,0,0,0,1343,243,1586,35471,37057,-0.0538975,0.216659,-0.974759,3
0,0,0,0,0,1320,237,1557,35714,37271,-0.0593346,0.22937,-0.971529,3
0,0,0,0,0,1300,237,1537,36345,37882,-0.0547265,0.265099,-0.962667,3
0,0,0,0,0,1247,276,1523,36809,38332,-0.0358308,0.259113,-0.965182,3
0,0,0,0,0,3328,610,3938,44423,48361,-0.0451095,0.365322,-0.929788,3
0,0,0,0,0,1184,217,1401,37068,38469,-0.0617736,0.355555,-0.932612,3
0,0,0,0,0,1248,227,1475,37331,38806,-0.0887359,0.364532,-0.926953,3
0,0,0,0,0,1199,218,1417,37004,38421,-0.129515,0.378107,-0.916658,3
0,0,0,0,0,1264,218,1482,35502,36984,-0.150908,0.32694,-0.932919,3
0,0,0,0,0,1189,217,1406,33097,34503,-0.190838,0.338825,-0.921292,3
0,0,0,0,0,1194,214,1408,31231,32639,-0.181272,0.345235,-0.920844,3
0,0,0,0,0,1175,272,1447,29165,30612,-0.167873,0.386815,-0.906749,3
0,0,0,0,0,4375,825,5200,44055,49255,-0.12761,0.477701,-0.869205,3
0,0,0,0,0,1174,215,1389,23277,24666,-0.0699795,0.530477,-0.844806,3
0,0,0,0,0,1232,222,1454,16955,18409,-0.0289804,0.41545,-0.909154,3
0,0,0,0,0,1200,211,1411,11157,12568,-0.0164978,0.364433,-0.931083,3
0,0,0,0,0,1403,238,1641,8739,10380,-0.0119546,0.354852,-0.934846,3
0,0,0,0,0,2309,382,2691,18840,21531,-0.0443479,0.435255,-0.899214,3
0,0,0,0,0,6107,966,7073,-1000,-1000,-1,-1,-1,3
0,0,0,0,0,1759,311,2070,34695,36765,-0.128346,0.469211,-0.87371,3
0,0,0,0,0,1468,250,1718,33863,35581,-0.144766,0.522652,-0.840166,3
0,0,0,0,0,1552,257,1809,33783,35592,-0.119817,0.458903,-0.88037,3
0,0,0,0,0,1593,303,1896,34819,36715,-0.0923795,0.390525,-0.915946,3
0,0,0,0,0,1647,289,1936,36022,37958,-0.0597787,0.327653,-0.942905,3
0,0,0,0,0,1608,275,1883,36238,38121,-0.0136948,0.278124,-0.960448,3
0,0,0,0,0,1598,269,1867,36323,38190,-0.00156954,0.303711,-0.952763,3
0,0,0,0,0,3238,548,3786,42474,46260,-0.00316681,0.320098,-0.947379,3
0,0,0,0,0,1457,252,1709,35210,36919,-0.00199469,0.300266,-0.953854,3
0,0,0,0,0,1488,251,1739,34711,36450,0.00911238,0.253413,-0.967315,3
0,0,0,0,0,1428,249,1677,33948,35625,0.0193239,0.243202,-0.969783,3
0,0,0,0,0,1429,325,1754,33417,35171,0.0363232,0.221682,-0.974442,3
0,0,0,0,0,1377,234,1611,32559,34170,0.0479088,0.191773,-0.980269,3
0,0,0,0,0,1530,252,1782,32509,34291,0.0709319,0.092741,-0.993161,3
0,0,0,0,0,1373,385,1758,31450,33208,0.0682783,0.0336147,-0.9971,3
0,0,0,0,0,4572,749,5321,53701,59022,0.0239821,0.141773,-0.989609,3
0,0,0,0,0,1354,238,1592,30156,31748,0.0408518,0.144969,-0.988592,3
0,0,0,0,0,1362,245,1607,29078,30685,0.0510618,0.150532,-0.987286,3
0,0,0,0,0,1346,306,1652,28242,29894,0.0587783,0.154456,-0.98625,3
0,0,0,0,0,1369,233,1602,22540,24142,0.0824295,0.141494,-0.986501,3
0,0,0,0,0,1300,231,1531,16872,18403,0.126836,0.142745,-0.981599,3
0,0,0,0,0,1574,287,1861,18301,20162,0.137213,0.179986,-0.974052,3
0,0,0,0,0,1518,277,1795,15538,17333,0.125765,0.235674,-0.96366,3
0,0,0,0,0,1882,341,2223,18502,20725,0.0743212,0.328886,-0.941441,3
0,0,0,0,0,2382,431,2813,23219,26032,0.00160272,0.447962,-0.894051,3
0,0,0,0,0,5402,957,6359,36411,42770,-0.116612,0.635098,-0.763578,3
0,0,0,0,0,1907,331,2238,14544,16782,-0.12081,0.674689,-0.728148,3
0,0,0,0,0,1437,241,1678,-1000,-1000,-1,-1,-1,3
0,0,0,0,0,1501,257,1758,33079,34837,-0.00890612,0.154668,-0.987927,3
0,0,0,0,0,1665,329,1994,34995,36989,-0.0164152,0.166939,-0.985831,3
0,0,0,0,0,1626,336,1962,35798,37760,-0.0227581,0.222827,-0.974592,3
0,0,0,0,0,2615,468,3083,51209,54292,-0.0435103,0.432846,-0.900417,3
0,0,0,0,0,1452,248,1700,36877,38577,-0.0520538,0.434688,-0.899075,3
0,0,0,0,0,1342,243,1585,36672,38257,-0.0538809,0.449112,-0.891849,3
0,0,0,0,0,1276,231,1507,36388,37895,-0.0556473,0.483519,-0.873563,3
0,0,0,0,0,1236,237,1473,36090,37563,-0.0526866,0.445466,-0.893747,3
0,0,0,0,0,1271,216,1487,36351,37838,-0.049004,0.418925,-0.906698,3
0,0,0,0,0,1225,212,1437,35905,37342,-0.0481502,0.384643,-0.921809,3
0,0,0,0,0,1227,214,1441,35506,36947,-0.0392819,0.362924,-0.930991,3
0,0,0,0,0,5530,1051,6581,60143,66724,-0.0139269,0.641846,-0.766707,3
0,0,0,0,0,1178,283,1461,34010,35471,-0.000628814,0.654062,-0.756441,3
0,0,0,0,0,1215,216,1431,32337,33768,0.00658448,0.619929,-0.78463,3
0,0,0,0,0,1246,215,1461,30657,32118,0.0184033,0.569929,-0.821488,3
0,0,0,0,0,1169,220,1389,27593,28982,0.0279052,0.488542,-0.872094,3
0,0,0,0,0,1211,216,1427,22446,23873,0.0293593,0.379701,-0.924644,3
0,0,0,0,0,1157,214,1371,17693,19064,0.0268676,0.304877,-0.952013,3
0,0,0,0,0,1224,212,1436,14031,15467,0.0174469,0.25212,-0.967539,3
0,0,0,0,0,1527,268,1795,13533,15328,0.0118193,0.222606,-0.974837,3
0,0,0,0,0,2542,425,2967,16548,19515,-0.000214391,0.210182,-0.977662,3
0,0,0,0,0,2474,423,2897,15225,18122,-0.00427927,0.190557,-0.981667,3
0,0,0,0,0,2047,355,2402,13628,16030,-0.00629086,0.180268,-0.983597,3
0,0,0,0,0,2380,409,2789,16939,19728,-0.0111896,0.1703,-0.985329,3
0,0,0,0,0,5099,873,5972,26147,32119,-0.0181147,0.16582,-0.98599,3
0,0,0,0,0,5670,1080,6750,28013,34763,-0.00849558,0.144682,-0.989442,3
0,0,0,0,0,1724,310,2034,11998,14032,0.00101886,0.136257,-0.990673,3
0,0,0,0,0,1360,235,1595,9322,10917,0.00628917,0.133578,-0.991018,3
0,0,0,0,0,1264,212,1476,7387,8863,0.013681,0.130188,-0.991395,3
0,0,0,0,0,2054,357,2411,11841,14252,0.0106725,0.14612,-0.989209,3
0,0,0,0,0,4145,712,4857,19997,24854,0.0132024,0.140571,-0.989983,3
0,0,0,0,0,2446,428,2874,11185,14059,0.0132707,0.141383,-0.989866,3
0,0,0,0,0,4565,798,5363,20105,25468,0.0107553,0.140565,-0.990013,3
0,0,0,0,0,3281,584,3865,13174,17039,0.0106993,0.141363,-0.9899,3
0,0,0,0,0,2154,369,2523,9472,11995,0.0119607,0.14298,-0.989654,3
0,0,0,0,0,5569,986,6555,17641,24196,0.014755,0.146799,-0.989056,3
0,0,0,0,0,1964,472,2436,8480,10916,0.0129823,0.147942,-0.988911,3
0,0,0,0,0,5710,951,6661,17115,23776,0.0117014,0.149001,-0.988768,3
0,0,0,0,0,2015,344,2359,8549,10908,0.0116419,0.148875,-0.988787,3
0,0,0,0,0,2125,382,2507,9674,12181,0.012317,0.146915,-0.989072,3
0,0,0,0,0,5751,1004,6755,20403,27158,0.01334,0.14401,-0.989486,3
0,0,0,0,0,2877,503,3380,9333,12713,0.0150122,0.142543,-0.989675,3
0,0,0,0,0,1678,300,1978,6400,8378,0.0142443,0.140707,-0.989949,3
0,0,0,0,0,4532,769,5301,16334,21635,0.0133057,0.13901,-0.990201,3
0,0,0,0,0,4566,834,5400,14553,19953,0.0150759,0.139677,-0.990082,3
0,0,0,0,0,2122,366,2488,7604,10092,0.0172398,0.144588,-0.989342,3
0,0,0,0,0,4671,804,5475,13959,19434,0.0241962,0.148256,-0.988653,3
0,0,0,0,0,2616,444,3060,8069,11129,0.0275598,0.152766,-0.987878,3
0,0,0,0,0,3913,673,4586,11838,16424,0.0333254,0.159087,-0.986702,3
0,0,0,0,0,4440,657,5097,12965,18062,0.0325925,0.160413,-0.986512,3
0,0,0,0,0,3042,503,3545,10580,14125,0.0271857,0.155417,-0.987475,3
0,0,0,0,0,3744,633,4377,13157,17534,0.0272741,0.151315,-0.98811,3
0,0,0,0,0,3508,600,4108,11564,15672,0.0316803,0.14934,-0.988278,3
0,0,0,0,0,4512,785,5297,13720,19017,0.0325799,0.145872,-0.988767,3
0,0,0,0,0,3255,568,3823,10233,14056,0.0277294,0.142191,-0.989451,3
0,0,0,0,0,3326,574,3900,10384,14284,0.022502,0.144279,-0.989281,3
0,0,0,0,0,5519,1016,6535,15772,22307,0.0201303,0.151753,-0.988214,3
0,0,0,0,0,5454,950,6404,16139,22543,0.0269077,0.161272,-0.986543,3
0,0,0,0,0,3044,438,3482,7274,10756,0.0257957,0.161026,-0.986613,3
0,0,0,0,0,1497,266,1763,5016,6779,0.0249175,0.158914,-0.986978,3
0,0,0,0,0,5103,913,6016,15132,21148,0.0251312,0.153819,-0.987779,3
0,0,0,0,0,2286,582,2868,7618,10486,0.024528,0.149299,-0.988488,3
0,0,0,0,0,5122,1040,6162,15383,21545,0.0253241,0.147004,-0.988812,3
0,0,0,0,0,3579,634,4213,11278,15491,0.0238307,0.148195,-0.988671,3
0,0,0,0,0,2794,484,3278,8720,11998,0.022255,0.150679,-0.988332,3
0,0,0,0,0,5653,941,6594,14927,21521,0.0224607,0.151875,-0.988144,3
0,0,0,0,0,2785,471,3256,8749,12005,0.021092,0.151437,-0.988242,3
0,0,0,0,0,3135,548,3683,9972,13655,0.0204906,0.151562,-0.988235,3
0,0,0,0,0,4963,867,5830,14335,20165,0.0183344,0.152215,-0.988177,3
0,0,0,0,0,2735,476,3211,9747,12958,0.0161266,0.153236,-0.988058,3
0,0,0,0,0,3093,531,3624,11204,14828,0.0161731,0.155154,-0.987758,3
0,0,0,0,0,5630,982,6612,17260,23872,0.017959,0.155807,-0.987624,3
0,0,0,0,0,2388,421,2809,9078,11887,0.019236,0.155061,-0.987718,3
0,0,0,0,0,2268,389,2657,8670,11327,0.0199829,0.153968,-0.987874,3
0,0,0,0,0,5367,885,6252,17441,23693,0.0188223,0.153021,-0.988044,3
0,0,0,0,0,2736,487,3223,9796,13019,0.0183938,0.152574,-0.988121,3
0,0,0,0,0,3250,568,3818,11777,15595,0.0185497,0.152656,-0.988105,3
0,0,0,0,0,3112,550,3662,12157,15819,0.0185583,0.153046,-0.988045,3
0,0,0,0,0,3118,579,3697,12305,16002,0.0182512,0.153464,-0.987986,3
0,0,0,0,0,3154,710,3864,12607,16471,0.0178848,0.15336,-0.988009,3
0,0,0,0,0,3007,519,3526,12153,15679,0.0177332,0.152806,-0.988097,3
0,0,0,0,0,3597,609,4206,14353,18559,0.0176108,0.152119,-0.988205,3
0,0,0,0,0,2809,488,3297,11363,14660,0.0170844,0.151671,-0.988283,3
0,0,0,0,0,3301,574,3875,13287,17162,0.0164802,0.151368,-0.98834,3
0,0,0,0,0,5616,948,6564,17194,23758,0.0163323,0.151453,-0.988329,3
0,0,0,0,0,2345,418,2763,9895,12658,0.0155957,0.151249,-0.988373,3
0,0,0,0,0,3329,598,3927,13831,17758,0.0150831,0.150987,-0.98842,3
0,0,0,0,0,3319,569,3888,13714,17602,0.0149832,0.150728,-0.988461,3
0,0,0,0,0,2618,476,3094,10907,14001,0.0149649,0.150505,-0.988496,3
0,0,0,0,0,3685,551,4236,13008,17244,0.0142608,0.150441,-0.988517,3
0,0,0,0,0,3175,551,3726,13351,17077,0.0141089,0.150384,-0.988527,3
0,0,0,0,0,2908,503,3411,12196,15607,0.0140046,0.150105,-0.988571,3
0,0,0,0,0,6720,987,7707,17248,24955,0.0135393,0.149856,-0.988615,3
0,0,0,0,0,2409,408,2817,9990,12807,0.01363,0.149859,-0.988613,3
0,0,0,0,0,2697,406,3103,9904,13007,0.0134695,0.149772,-0.988629,3
0,0,0,0,0,3126,558,3684,13802,17486,0.0131831,0.149837,-0.988623,3
0,0,0,0,0,3422,607,4029,14194,18223,0.0131652,0.149707,-0.988643,3
0,0,0,0,0,2559,432,2991,10855,13846,0.0130466,0.149673,-0.988649,3
0,0,0,0,0,4388,787,5175,19843,25018,0.0130594,0.149555,-0.988667,3
0,0,0,0,0,1208,210,1418,5773,7191,0.0130911,0.149497,-0.988675,3
0,0,0,0,0,2931,504,3435,12581,16016,0.0129956,0.149381,-0.988694,3
0,0,0,0,0,5516,996,6512,21202,27714,0.0130465,0.149445,-0.988684,3
0,0,0,0,0,2997,482,3479,11195,14674,0.0131343,0.149457,-0.988681,3
0,0,0,0,0,2234,385,2619,9689,12308,0.0128021,0.149239,-0.988718,3
