Downsample[ns],BuildFilTree[ns],SearchFil[ns],DeleteFil[ns],BuildTreeSub[ns],SearchSub[ns],DeleteSub[ns],PreProcTotal[ns],Plane[ns],Total[ns],nx,ny,nz,planeCount
5012,0,300,401,3390,67,218,9388,1560,10948,-0.0306877,0.0171776,-0.999381,0
4815,0,300,399,3254,38,217,9023,1467,10490,-0.00956129,0.0239877,-0.999667,0
4726,0,299,377,3276,40,219,8937,1578,10515,-0.0129662,0.0182668,-0.999749,0
4701,0,298,375,3238,41,215,8868,1411,10279,-0.0231857,0.0160289,-0.999603,0
4838,0,309,408,3218,58,219,9050,1744,10794,-0.0179858,0.0140785,-0.999739,0
4795,0,299,386,3260,38,218,8996,1475,10471,-0.0107919,0.0124039,-0.999865,0
4891,0,298,388,3314,49,241,9181,1449,10630,-0.0226232,0.0196827,-0.99955,0
4753,0,356,379,3250,47,263,9048,1552,10600,-0.0246199,0.00735703,-0.99967,0
3345,0,207,263,2236,25,146,6222,1052,7274,-0.0197926,0.0146304,-0.999697,0
5581,0,301,385,3423,39,251,9980,1518,11498,-0.0278198,0.0128145,-0.999531,0
4939,0,311,412,3246,38,236,9182,1736,10918,-0.0153421,0.00791649,-0.999851,0
5104,0,298,442,3344,41,225,9454,1560,11014,-0.0384455,0.0132185,-0.999173,0
4806,0,335,374,3354,38,241,9148,1678,10826,-0.012862,0.0223072,-0.999668,0
4744,0,299,403,3288,37,217,8988,1600,10588,-0.0221749,0.0228224,-0.999494,0
4817,0,297,389,3225,50,217,8995,1547,10542,-0.0146235,0.0167843,-0.999752,0
4788,0,297,371,3239,39,215,8949,1410,10359,-0.033218,0.0151817,-0.999333,0
3221,0,225,259,2445,29,172,6351,1179,7530,-0.00960103,0.0148884,-0.999843,0
4688,0,299,372,3309,38,216,8922,1476,10398,-0.0231868,0.0216853,-0.999496,0
4724,0,301,378,3322,38,259,9022,2001,11023,-0.0380681,0.0126492,-0.999195,0
4626,0,296,369,3380,49,273,8993,1683,10676,-0.036243,0.0112068,-0.99928,0
4769,0,463,512,3405,39,220,9408,1478,10886,-0.0248673,0.0141678,-0.99959,0
4636,0,329,394,3131,38,223,8751,1562,10313,-0.037962,0.0216635,-0.999044,0
3249,0,204,254,1717,19,111,5554,907,6461,-0.0101758,0.0185004,-0.999777,0
2330,0,149,185,1641,20,108,4433,836,5269,-0.0243998,0.0235855,-0.999424,0
4700,0,296,368,3633,52,262,9311,1715,11026,-0.0242929,0.0196677,-0.999511,0
4721,0,298,372,3227,39,214,8871,1499,10370,-0.0143745,0.011467,-0.999831,0
4763,0,299,371,3186,38,215,8872,1574,10446,-0.0111067,0.0169708,-0.999794,0
4691,0,310,374,3246,37,214,8872,1554,10426,-0.0213448,0.016233,-0.999641,0
4270,0,269,346,2898,57,195,8035,1489,9524,-0.0163383,0.0187933,-0.99969,0
4204,0,267,416,2835,34,194,7950,1498,9448,-0.0212615,0.0131719,-0.999688,0
4712,0,298,373,3354,38,219,8994,1509,10503,-0.013954,0.0132531,-0.999815,0
4695,0,364,378,3257,38,217,8949,1608,10557,-0.0124632,0.0224027,-0.999671,0
4699,0,297,423,3170,39,216,8844,1796,10640,-0.0409299,0.023623,-0.998883,0
4840,0,298,379,3255,37,217,9026,1657,10683,-0.0362451,0.0266959,-0.998986,0
4775,0,298,375,3239,50,231,8968,1566,10534,-0.0121236,0.0156271,-0.999804,0
4404,0,207,260,2254,26,147,7298,965,8263,-0.0224515,0.0186576,-0.999574,0
2476,0,159,199,1778,21,113,4746,930,5676,-0.0272656,0.00397383,-0.99962,0
4765,0,295,370,3237,43,242,8952,1582,10534,-0.0208896,0.018596,-0.999609,0
4775,0,294,375,3203,41,216,8904,1562,10466,-0.0360567,0.0119425,-0.999279,0
4943,0,323,389,3324,38,218,9235,1515,10750,-0.0242515,0.0112399,-0.999643,0
4642,0,278,336,2980,35,197,8468,1328,9796,-0.00973839,0.0172976,-0.999803,0
4830,0,298,373,3249,37,217,9004,1577,10581,-0.0372894,0.0209403,-0.999085,0
4639,0,299,376,3290,38,218,8860,1640,10500,-0.0211985,0.016708,-0.999636,0
4775,0,297,371,3233,40,215,8931,1675,10606,-0.0404734,0.0100311,-0.99913,0
4733,0,298,413,3375,40,218,9077,1601,10678,-0.0206754,0.0187867,-0.99961,0
4600,0,295,393,3202,40,222,8752,1490,10242,-0.0186813,0.0146398,-0.999719,0
4707,0,297,406,3170,40,216,8836,1482,10318,-0.0369396,0.011282,-0.999254,0
4812,0,298,428,3539,39,221,9337,1454,10791,-0.0251508,0.0140679,-0.999585,0
4810,0,317,378,3421,37,217,9180,1687,10867,-0.00851412,0.0149705,-0.999851,0
4706,0,298,373,3324,43,218,8962,1768,10730,-0.0112928,0.0203581,-0.999729,0
4812,0,298,373,3332,40,218,9073,1406,10479,-0.0216641,0.0171644,-0.999618,0
4678,0,205,255,2230,27,149,7544,1028,8572,-0.0346838,0.0111876,-0.999336,0
4730,0,325,379,3202,38,234,8908,1632,10540,-0.0235473,0.0248491,-0.999414,0
4767,0,298,374,3313,39,218,9009,1446,10455,-0.0240099,0.0209523,-0.999492,0
4765,0,298,414,3227,41,217,8962,1500,10462,-0.0100522,0.0237037,-0.999669,0
5680,0,300,379,3251,62,214,9886,1744,11630,-0.0393316,0.00986989,-0.999177,0
4063,0,207,260,2474,28,152,7184,805,7989,-0.0384011,0.0149834,-0.99915,0
4780,0,348,382,2487,27,152,8176,1059,9235,-0.0295579,0.0229791,-0.999299,0
2500,0,158,196,1732,21,114,4721,851,5572,-0.0349066,0.00885673,-0.999351,0
4858,0,319,419,3470,40,239,9345,1557,10902,-0.0221454,0.0129266,-0.999671,0
4743,0,303,379,3366,41,220,9052,1504,10556,-0.0242727,0.0226938,-0.999448,0
4688,0,346,429,3284,38,323,9108,1761,10869,-0.0344146,0.00949082,-0.999363,0
4898,0,297,375,3317,47,240,9174,1556,10730,-0.0366122,0.0202449,-0.999125,0
4935,0,299,375,3587,38,220,9454,1619,11073,-0.00850247,0.0211249,-0.999741,0
3283,0,206,258,2235,26,146,6154,1163,7317,-0.0403686,0.0104444,-0.99913,0
4676,0,298,373,3316,39,218,8920,1552,10472,-0.0362391,0.0137718,-0.999248,0
5007,0,299,378,3265,48,232,9229,1472,10701,-0.0341415,0.0114824,-0.999351,0
4701,0,340,378,3219,37,215,8890,1575,10465,-0.0283124,0.017116,-0.999453,0
4791,0,314,431,3225,53,217,9031,1590,10621,-0.0349554,0.0081065,-0.999356,0
4911,0,333,378,3371,39,250,9282,1980,11262,-0.0428196,0.0112764,-0.999019,0
4837,0,299,374,3201,38,215,8964,1663,10627,-0.0162662,0.018464,-0.999697,0
5274,0,353,375,3226,39,213,9480,1534,11014,-0.0202442,0.0091433,-0.999753,0
4802,0,301,378,3391,38,221,9131,1599,10730,-0.03447,0.00747467,-0.999378,0
4878,0,310,404,3335,38,217,9182,1456,10638,-0.034123,0.0165336,-0.999281,0
4852,0,299,387,3282,53,331,9204,1660,10864,-0.013525,0.0137803,-0.999814,0
4650,0,300,374,3229,39,216,8808,1484,10292,-0.0238617,0.0191704,-0.999532,0
5543,0,337,438,3340,38,215,9911,1473,11384,-0.0167517,0.01035,-0.999806,0
4682,0,300,370,3289,41,220,8902,1567,10469,-0.0344664,0.00958193,-0.99936,0
4673,0,301,379,3197,38,217,8805,1666,10471,-0.0341944,0.00757515,-0.999387,0
5901,0,303,404,3313,38,218,10177,1505,11682,-0.0370364,0.0175349,-0.99916,0
4702,0,300,371,3273,39,215,8900,1500,10400,-0.038222,0.0109424,-0.999209,0
4765,0,301,377,3273,37,217,8970,1520,10490,-0.0108832,0.0246008,-0.999638,0
4772,0,399,429,3389,38,228,9255,1670,10925,-0.0238666,0.0179698,-0.999554,0
5315,0,299,376,3340,38,217,9585,1565,11150,-0.020509,0.0178318,-0.99963,0
5041,0,345,414,3232,39,218,9289,1588,10877,-0.0385782,0.0112431,-0.999192,0
4829,0,321,466,3198,39,259,9112,1654,10766,-0.0207886,0.016996,-0.999639,0
6142,0,355,439,3193,37,212,10378,1502,11880,-0.00896729,0.0141795,-0.99986,0
4869,0,318,405,3291,42,249,9174,1473,10647,-0.032767,0.0143787,-0.999359,0
4730,0,297,371,3177,38,212,8825,1433,10258,-0.011341,0.0137455,-0.999841,0
5514,0,363,380,3306,40,221,9824,1432,11256,-0.0332866,0.0115194,-0.99938,0
4786,0,298,374,3547,51,294,9350,1692,11042,-0.0129634,0.0116336,-0.999848,0
5649,0,302,378,3249,38,252,9868,1632,11500,-0.00946007,0.0206427,-0.999742,0
4680,0,303,390,3291,37,218,8919,1556,10475,-0.0385023,0.0125339,-0.99918,0
4743,0,304,384,3349,39,221,9040,1523,10563,-0.0190218,0.0131436,-0.999733,0
4706,0,349,388,3459,39,254,9195,1530,10725,-0.0331531,0.0101239,-0.999399,0
4871,0,395,625,4082,39,256,10268,1512,11780,-0.0242398,0.020798,-0.999489,0
4920,0,339,426,3594,39,235,9553,1476,11029,-0.0219228,0.0199109,-0.999561,0
4739,0,329,404,3611,40,232,9355,1495,10850,-0.00817101,0.0150964,-0.999852,0
4692,0,318,394,3443,36,227,9110,1501,10611,-0.012217,0.0251589,-0.999609,0
5015,0,362,397,3508,38,231,9551,1499,11050,-0.00897528,0.0224099,-0.999709,0
4722,0,315,440,3458,38,228,9201,1651,10852,-0.0216017,0.0268863,-0.999405,0
4896,0,317,399,3453,38,237,9340,1563,10903,-0.032738,0.00977834,-0.999416,0
4819,0,321,398,3635,38,235,9446,1531,10977,-0.0235434,0.0229616,-0.999459,0
4784,0,322,401,3467,36,232,9242,1619,10861,-0.0342019,0.0218777,-0.999176,0
4851,0,320,400,3563,45,231,9410,1459,10869,-0.0232921,0.0219796,-0.999487,0
4792,0,355,398,4135,38,263,9981,1729,11710,-0.0352865,0.0109187,-0.999317,0
4959,0,320,421,3396,57,263,9416,1542,10958,-0.0127273,0.0139615,-0.999821,0
5779,0,317,401,3562,40,230,10329,1654,11983,-0.0235764,0.0196239,-0.99953,0
4884,0,361,436,3431,37,228,9377,1602,10979,-0.0104439,0.0163906,-0.999811,0
4937,0,319,486,3637,38,233,9650,1671,11321,-0.0382378,0.0229467,-0.999005,0
4970,0,317,394,3614,38,231,9564,1593,11157,-0.0206143,0.0209809,-0.999567,0
5029,0,343,484,3690,37,233,9816,1875,11691,-0.0391219,0.00857683,-0.999198,0
5077,0,333,411,3550,38,229,9638,1616,11254,-0.0365642,0.0189786,-0.999151,0
4978,0,318,405,3494,37,228,9460,1626,11086,-0.0260444,0.00555484,-0.999646,0
4943,0,317,397,3496,43,227,9423,1539,10962,-0.02193,0.0171453,-0.999612,0
4763,0,324,391,3742,42,229,9491,1676,11167,-0.0270771,0.00561875,-0.999617,0
4900,0,311,392,3430,39,230,9302,1517,10819,-0.0211693,0.00662753,-0.999754,0
4820,0,313,391,3500,38,227,9289,1575,10864,-0.00476525,0.0167124,-0.999849,0
4755,0,312,389,3419,38,226,9139,1403,10542,-0.0230356,0.0123807,-0.999658,0
3377,0,273,298,2038,21,125,6132,818,6950,-0.0193039,0.00603066,-0.999795,0
2839,0,189,233,2041,23,133,5458,865,6323,-0.0263421,0.0108045,-0.999595,0
4780,0,307,385,3346,37,229,9084,1694,10778,-0.0140069,0.018974,-0.999722,0
4730,0,345,374,3277,40,217,8983,1570,10553,-0.0414476,0.0123641,-0.999064,0
4683,0,296,372,3133,59,215,8758,1606,10364,-0.036309,0.0129377,-0.999257,0
4766,0,315,387,3079,38,210,8795,1775,10570,-0.00922321,0.0184606,-0.999787,0
4705,0,285,358,3105,40,211,8704,1551,10255,-0.0221003,0.0221603,-0.99951,0
4779,0,287,359,3058,55,205,8743,1577,10320,-0.024178,0.0201961,-0.999504,0
4816,0,276,343,2980,43,202,8660,1450,10110,-0.0259211,0.0321807,-0.999146,0
4793,0,266,334,2844,51,192,8480,1420,9900,-0.018135,0.0191238,-0.999653,0
4873,0,294,325,2680,62,183,8417,1422,9839,-0.0189486,0.0439049,-0.998856,0
4915,0,252,318,2682,38,184,8389,1407,9796,-0.0252217,0.0470357,-0.998575,0
5045,0,248,314,2686,46,183,8522,1418,9940,-0.0214144,0.055569,-0.998225,0
5190,0,246,313,2735,48,181,8713,1467,10180,-0.0286147,0.0607818,-0.997741,0
5309,0,321,557,2630,40,180,9037,1473,10510,-0.0236617,0.0637912,-0.997683,0
5171,0,255,310,2708,43,206,8693,1371,10064,-0.032109,0.0573936,-0.997835,0
5374,0,241,342,2820,42,206,9025,1509,10534,-0.0397643,0.0610617,-0.997342,0
3582,0,158,199,1729,43,115,5826,1064,6890,-0.0367408,0.0480377,-0.99817,0
5241,0,219,334,2490,45,162,8491,1689,10180,-0.0358997,0.0622473,-0.997415,0
5260,0,211,259,2319,59,196,8304,2006,10310,-0.0232574,0.0419988,-0.998847,0
5416,0,188,241,2046,41,165,8097,1803,9900,-0.0227513,0.070738,-0.997236,0
5385,0,172,220,2270,64,148,8259,1989,10248,-0.0257741,0.0477865,-0.998525,0
5352,0,139,181,1520,34,104,7330,1897,9227,-0.0208887,0.0543956,-0.998301,0
5426,0,143,192,1500,43,105,7409,1901,9310,-0.0161097,0.0521166,-0.998511,0
5289,0,133,176,1464,48,104,7214,1733,8947,-0.00186282,0.0563386,-0.99841,0
5321,0,122,165,1297,54,91,7050,2593,9643,0.0010606,0.0821752,-0.996618,0
5387,0,117,160,1248,57,90,7059,2888,9947,0.0239957,0.100246,-0.994673,0
5180,0,112,153,1225,50,91,6811,2211,9022,-0.00302436,0.106246,-0.994335,0
4594,0,94,127,979,48,72,5914,2287,8201,-0.0251359,0.124338,-0.991922,0
4408,0,79,110,798,47,60,5502,5445,10947,-0.0235133,0.0997653,-0.994733,0
4864,0,76,105,767,55,61,5928,6623,12551,-0.0109817,0.0506727,-0.998655,0
2427,0,32,47,335,29,28,2898,4548,7446,0.0314802,-0.0564052,-0.997912,0
4496,0,57,82,532,56,63,5286,-1000,-1000,-1,-1,-1,0
2110,0,20,33,188,19,16,2386,-1000,-1000,-1,-1,-1,0
2619,0,28,42,250,24,22,2985,-1000,-1000,-1,-1,-1,0
2155,0,22,37,183,20,17,2434,-1000,-1000,-1,-1,-1,0
4883,0,40,64,350,38,33,5408,-1000,-1000,-1,-1,-1,0
1092,0,8,14,81,10,7,1212,-1000,-1000,-1,-1,-1,0
1081,0,7,13,71,10,7,1189,-1000,-1000,-1,-1,-1,0
1883,0,12,23,111,23,12,2064,-1000,-1000,-1,-1,-1,0
3711,0,21,45,196,44,21,4038,-1000,-1000,-1,-1,-1,0
2514,0,13,27,118,24,14,2710,-1000,-1000,-1,-1,-1,0
3129,0,22,87,243,46,29,3556,-1000,-1000,-1,-1,-1,0
1461,0,10,19,95,15,10,1610,-1000,-1000,-1,-1,-1,0
3769,0,36,56,274,48,34,4217,-1000,-1000,-1,-1,-1,0
1376,0,11,22,106,24,12,1551,-1000,-1000,-1,-1,-1,0
1156,0,15,21,89,17,9,1307,-1000,-1000,-1,-1,-1,0
1799,0,16,27,151,28,15,2036,8891,10927,0.0637614,-0.210623,-0.975486,0
4304,0,51,85,405,60,40,4945,7833,12778,0.0721274,-0.215964,-0.973734,0
3662,0,37,60,336,44,33,4172,13436,17608,-0.257967,0.328222,-0.908693,0
3986,0,43,68,399,35,37,4568,4443,9011,0.0542705,-0.101448,-0.99336,0
3703,0,48,75,472,34,40,4372,6225,10597,0.0537405,-0.100729,-0.993462,0
3606,0,56,83,532,34,45,4356,12712,17068,0.0543243,-0.134018,-0.989489,0
3765,0,67,101,680,38,56,4707,-1000,-1000,-1,-1,-1,0
1955,0,39,54,386,19,30,2483,2038,4521,0.0588571,-0.114949,-0.991626,0
4020,0,82,120,917,36,67,5242,2748,7990,0.076303,-0.127815,-0.988859,0
3762,0,119,135,1018,38,76,5148,2128,7276,0.0765832,-0.144343,-0.98656,0
3766,0,102,135,1009,33,77,5122,1937,7059,0.0316879,-0.0530096,-0.998091,0
4022,0,110,155,1110,38,85,5520,1994,7514,0.0630634,-0.108422,-0.992103,0
3901,0,121,161,1215,35,92,5525,2147,7672,0.00870334,-0.0455619,-0.998924,0
3989,0,132,179,1382,38,104,5824,1896,7720,-0.00382037,-0.0311927,-0.999506,0
3948,0,147,209,1543,48,114,6009,1719,7728,-0.0221507,0.00480035,-0.999743,0
3990,0,172,213,1690,41,121,6227,1657,7884,-0.0317949,0.0730596,-0.996821,0
4260,0,172,226,1908,56,148,6770,1592,8362,-0.0349638,0.0633954,-0.997376,0
4206,0,185,239,1982,43,141,6796,1438,8234,-0.0326547,0.0691367,-0.997073,0
4298,0,196,278,2056,46,174,7048,1494,8542,-0.0251381,0.0849803,-0.996066,0
4287,0,203,261,2163,66,184,7164,1386,8550,-0.011099,0.0742155,-0.99718,0
4526,0,218,312,2244,52,159,7511,1428,8939,-0.0247271,0.0672715,-0.997428,0
4802,0,221,286,2345,76,181,7911,1441,9352,-0.025048,0.0856765,-0.996009,0
4514,0,239,307,2606,48,177,7891,1419,9310,-0.0305472,0.0852817,-0.995888,0
4630,0,261,331,2839,45,191,8297,1453,9750,-0.0423098,0.0925696,-0.994807,0
4845,0,311,376,3238,66,218,9054,1405,10459,-0.0484398,0.0858113,-0.995133,0
4808,0,327,408,3575,59,236,9413,1377,10790,-0.0510814,0.0840025,-0.995156,0
5131,0,358,450,3913,43,260,10155,1413,11568,-0.0482975,0.0989681,-0.993918,0
5666,0,401,504,4468,59,314,11412,1504,12916,-0.051355,0.0952383,-0.994129,0
5403,0,480,575,5141,45,325,11969,1528,13497,-0.0453768,0.092745,-0.994656,0
4035,0,354,441,4010,86,291,9217,1002,10219,-0.045855,0.0816681,-0.995604,0
5375,0,487,608,5741,54,351,12616,1401,14017,-0.0389678,0.0739236,-0.996503,0
5566,0,510,650,5898,45,365,13034,1449,14483,-0.0278632,0.0617375,-0.997703,0
4011,0,370,459,4097,33,262,9232,1042,10274,-0.0338787,0.0585348,-0.99771,0
3831,0,438,502,4199,64,272,9306,954,10260,-0.0291324,0.108828,-0.993634,0
6101,0,627,922,6735,61,301,14747,993,15740,-0.0415374,0.10669,-0.993424,0
3408,0,339,419,4205,50,242,8663,753,9416,-0.0420612,0.121136,-0.991744,0
6488,0,643,816,7096,68,456,15567,1368,16935,-0.0317238,0.125225,-0.991621,0
6187,0,613,763,6461,43,312,14379,955,15334,-0.0500044,0.144417,-0.988253,0
4436,0,414,499,4773,45,286,10453,1075,11528,-0.0465903,0.124752,-0.991093,0
5983,0,572,690,6111,41,268,13665,966,14631,-0.0294045,0.101286,-0.994422,0
4028,0,356,477,4064,39,267,9231,964,10195,-0.0396685,0.0934285,-0.994835,0
5938,0,527,615,5695,54,352,13181,1454,14635,-0.0410083,0.0822577,-0.995767,0
6020,0,474,612,4652,38,235,12031,971,13002,-0.0455852,0.0777738,-0.995928,0
4032,0,343,416,3795,62,228,8876,1023,9899,-0.0386941,0.070315,-0.996774,0
3937,0,304,398,3509,40,235,8423,1007,9430,-0.0290189,0.0604473,-0.99775,0
6298,0,421,534,5035,51,303,12642,1546,14188,-0.0332058,0.0673545,-0.997176,0
5791,0,392,581,4170,36,196,11166,994,12160,-0.0576844,0.0785269,-0.995242,0
3820,0,191,240,2118,30,137,6536,772,7308,-0.0449493,0.0647426,-0.996889,0
6306,0,540,627,4869,58,256,12656,1400,14056,-0.0593996,0.0807299,-0.994965,0
5382,0,318,400,3635,51,234,10020,1398,11418,-0.064289,0.0823245,-0.99453,0
6355,0,339,387,3146,53,226,10506,1147,11653,-0.0713432,0.10498,-0.991912,0
2652,0,144,182,1603,27,105,4713,788,5501,-0.0513589,0.1025,-0.993407,0
4897,0,257,317,2672,48,180,8371,1870,10241,-0.0595349,0.104734,-0.992717,0
4642,0,221,299,2405,65,181,7813,1811,9624,-0.0642369,0.0981869,-0.993093,0
4560,0,198,256,2170,45,148,7377,1694,9071,-0.0604553,0.133492,-0.989204,0
4369,0,186,242,1954,63,137,6951,2214,9165,-0.0684726,0.126204,-0.989638,0
4296,0,173,224,1865,58,132,6748,2082,8830,-0.0594652,0.148634,-0.987103,0
4446,0,164,216,1667,41,122,6656,2000,8656,-0.112021,0.132918,-0.984776,0
4094,0,152,198,1555,51,113,6163,1968,8131,-0.111232,0.12308,-0.986143,0
4274,0,148,200,1616,48,114,6400,1600,8000,-0.12282,0.124973,-0.984529,0
4192,0,140,185,1484,38,127,6166,2138,8304,-0.15996,0.221435,-0.961967,0
3700,0,135,180,1386,42,101,5544,1654,7198,-0.130767,0.16618,-0.977386,0
3682,0,132,175,1351,54,98,5492,1521,7013,-0.12003,0.150653,-0.981273,0
3635,0,131,176,1391,39,102,5474,1612,7086,-0.12318,0.133452,-0.98337,0
3991,0,129,176,1332,42,97,5767,1619,7386,-0.0844685,0.168505,-0.982075,0
4733,0,127,197,1295,40,97,6489,1730,8219,-0.166838,0.223037,-0.960427,0
4410,0,125,171,1321,44,98,6169,1688,7857,-0.119501,0.226093,-0.966748,0
4449,0,124,169,1300,43,95,6180,2156,8336,-0.10036,0.17889,-0.978737,0
3679,0,122,190,1246,38,93,5368,2275,7643,-0.0951836,0.161076,-0.982342,0
3681,0,122,217,1288,39,99,5446,1831,7277,-0.0773527,0.147817,-0.985985,0
3637,0,158,205,1346,37,96,5479,1617,7096,-0.0839464,0.162387,-0.98315,0
3903,0,125,169,1320,44,98,5659,1622,7281,-0.0761761,0.173779,-0.981834,0
4403,0,125,173,1281,36,94,6112,1856,7968,-0.0696037,0.140333,-0.987655,0
4204,0,125,171,1297,41,94,5932,1802,7734,-0.0680714,0.139266,-0.987912,0
3970,0,126,186,1335,49,99,5765,1925,7690,-0.0708181,0.132951,-0.988589,0
3674,0,126,168,1393,71,123,5555,1784,7339,-0.0820523,0.177852,-0.980631,0
3721,0,127,172,1411,39,99,5569,1612,7181,-0.082416,0.187679,-0.978767,0
3932,0,128,177,1361,36,98,5732,1884,7616,-0.0792219,0.19757,-0.977082,0
3742,0,145,182,1408,59,110,5646,2093,7739,-0.0904172,0.225237,-0.9701,0
4059,0,147,195,1572,52,114,6139,1733,7872,-0.0942873,0.232527,-0.968009,0
3926,0,160,221,1840,51,124,6322,2198,8520,-0.0962968,0.203124,-0.974406,0
4068,0,210,263,1884,41,129,6595,2217,8812,-0.0854359,0.202301,-0.97559,0
4045,0,180,234,1992,53,143,6647,2583,9230,-0.0653643,0.15392,-0.985919,0
4031,0,186,239,2085,47,141,6729,2288,9017,-0.0712949,0.144027,-0.987002,0
4085,0,190,244,2171,43,144,6877,2593,9470,-0.0546562,0.108674,-0.992574,0
5057,0,190,329,2091,74,145,7886,2276,10162,-0.0782955,0.143792,-0.986506,0
3848,0,186,237,2026,45,139,6481,2144,8625,-0.0499111,0.118648,-0.991681,0
4140,0,277,272,2068,42,141,6940,2185,9125,-0.0498703,0.119752,-0.99155,0
3986,0,188,239,2085,46,142,6686,2553,9239,-0.0557549,0.126288,-0.990425,0
4015,0,253,279,2053,45,143,6788,2482,9270,-0.0591112,0.151515,-0.986686,0
3957,0,190,251,2052,51,141,6642,1957,8599,-0.0495522,0.112573,-0.992407,0
3937,0,188,241,2131,46,141,6684,2248,8932,-0.053679,0.116772,-0.991707,0
3909,0,247,242,2077,46,153,6674,2234,8908,-0.0539669,0.14669,-0.987709,0
4170,0,215,273,2333,45,143,7179,2020,9199,-0.0591257,0.132895,-0.989365,0
4001,0,192,246,2124,59,144,6766,1870,8636,-0.0658653,0.140735,-0.987854,0
4934,0,228,343,2370,69,160,8104,2830,10934,-0.0646906,0.146195,-0.987139,0
3987,0,194,246,2111,42,151,6731,2848,9579,-0.0501862,0.130812,-0.990136,0
4553,0,219,280,2554,60,146,7812,2691,10503,-0.0545348,0.132218,-0.989719,0
3975,0,201,258,2134,40,143,6751,2589,9340,-0.0511434,0.119922,-0.991465,0
3905,0,197,251,2098,49,143,6643,2098,8741,-0.0452033,0.115385,-0.992292,0
4010,0,194,256,2163,45,147,6815,2058,8873,-0.0476476,0.123189,-0.991239,0
4004,0,229,308,2116,39,146,6842,2412,9254,-0.0504547,0.12294,-0.991131,0
3878,0,198,250,2303,43,151,6823,2598,9421,-0.0579361,0.141453,-0.988248,0
3976,0,219,250,2140,48,148,6781,2013,8794,-0.0533768,0.12483,-0.990742,0
4057,0,203,261,2161,49,148,6879,2163,9042,-0.053907,0.124628,-0.990738,0
4072,0,198,253,2184,40,148,6895,2128,9023,-0.054661,0.12827,-0.990232,0
3999,0,224,267,2143,44,149,6826,2118,8944,-0.0503444,0.129076,-0.990356,0
4456,0,200,259,2246,45,174,7380,2119,9499,-0.04625,0.12375,-0.991235,0
4072,0,218,253,2092,48,145,6828,2521,9349,-0.0568269,0.132791,-0.989514,0
4019,0,199,253,2216,51,152,6890,2271,9161,-0.0504358,0.122788,-0.991151,0
5206,0,198,262,2233,49,149,8097,2159,10256,-0.0498483,0.130167,-0.990238,0
4142,0,196,286,2116,46,147,6933,2567,9500,-0.0538724,0.12703,-0.990435,0
4287,0,197,254,2112,39,143,7032,2064,9096,-0.0568143,0.13827,-0.988764,0
4134,0,199,252,2135,39,145,6904,2027,8931,-0.0508609,0.122011,-0.991225,0
4047,0,199,252,2188,45,148,6879,2056,8935,-0.0574202,0.131739,-0.98962,0
4041,0,198,253,2200,59,146,6897,2192,9089,-0.0545143,0.128774,-0.990175,0
3980,0,208,253,2143,41,145,6770,2050,8820,-0.0517569,0.121255,-0.991271,0
4546,0,197,252,2174,38,145,7352,1994,9346,-0.0651085,0.136717,-0.988468,0
3948,0,240,252,2230,36,149,6855,2714,9569,-0.0528277,0.119802,-0.991391,0
4063,0,232,254,2133,58,144,6884,2545,9429,-0.0452818,0.112182,-0.992655,0
3986,0,195,254,2213,36,146,6830,2278,9108,-0.0500031,0.118369,-0.99171,0
3923,0,215,275,2112,42,148,6715,2532,9247,-0.0416497,0.108064,-0.993271,0
4001,0,194,249,2083,40,141,6708,2348,9056,-0.0561517,0.133031,-0.98952,0
3993,0,195,250,2128,48,143,6757,2283,9040,-0.0468145,0.116803,-0.992051,0
3956,0,194,246,2180,41,146,6763,2556,9319,-0.0512003,0.120366,-0.991408,0
4008,0,196,254,2143,39,150,6790,2237,9027,-0.0505952,0.125749,-0.990771,0
4127,0,200,249,2116,43,141,6876,2321,9197,-0.049464,0.120035,-0.991537,1
4141,0,194,284,2215,89,146,7069,2490,9559,-0.0550009,0.125103,-0.990618,1
1455,0,71,90,793,16,53,2478,837,3315,-0.0589641,0.13605,-0.988946,1
4224,0,197,252,2163,43,148,7027,2320,9347,-0.0632958,0.142451,-0.987776,1
3941,0,211,254,2182,38,151,6777,2249,9026,-0.0547719,0.127169,-0.990368,1
4019,0,197,250,2205,39,145,6855,2317,9172,-0.056715,0.13419,-0.989332,1
4067,0,197,251,2133,42,144,6834,2220,9054,-0.0494617,0.121153,-0.991401,1
3934,0,197,248,2125,50,144,6698,2161,8859,-0.0620357,0.136662,-0.988673,1
3935,0,197,250,2146,43,144,6715,2332,9047,-0.0456092,0.119501,-0.991786,1
4075,0,217,285,2157,47,158,6939,2395,9334,-0.0494172,0.116834,-0.991922,1
4015,0,196,250,2127,45,175,6808,2238,9046,-0.0635722,0.136596,-0.988585,1
3925,0,221,296,2100,46,143,6731,1938,8669,-0.05245,0.127212,-0.990488,1
3979,0,197,250,2125,43,148,6742,1949,8691,-0.050065,0.126359,-0.99072,1
4047,0,196,251,2115,41,143,6793,2220,9013,-0.0555678,0.141397,-0.988392,1
4476,0,197,252,2131,41,145,7242,2102,9344,-0.0541429,0.128946,-0.990172,1
3952,0,200,253,2136,49,145,6735,1871,8606,-0.0486374,0.120807,-0.991484,1
4370,0,196,251,2187,48,178,7230,2259,9489,-0.0483535,0.124316,-0.991064,1
3911,0,195,248,2094,46,142,6636,2353,8989,-0.0595174,0.142991,-0.987933,1
4283,0,197,253,2189,45,147,7114,1909,9023,-0.0490781,0.124197,-0.991043,1
4161,0,305,316,2196,48,157,7183,1932,9115,-0.0531521,0.130254,-0.990055,1
3989,0,195,263,2110,40,144,6741,2096,8837,-0.0632687,0.139707,-0.98817,1
3961,0,196,283,2173,40,145,6798,2165,8963,-0.0422373,0.114174,-0.992563,1
4085,0,241,252,2176,40,155,6949,1908,8857,-0.0492649,0.129108,-0.990406,1
4133,0,195,249,2236,41,190,7044,2021,9065,-0.0441993,0.121563,-0.991599,1
5385,0,310,399,2762,44,149,9049,2020,11069,-0.0642044,0.141545,-0.987847,1
4381,0,195,250,2091,47,206,7170,1961,9131,-0.050543,0.126047,-0.990736,1
4277,0,197,252,2330,55,182,7293,1947,9240,-0.0452893,0.120421,-0.99169,1
3928,0,217,249,2218,43,149,6804,1957,8761,-0.0493896,0.123551,-0.991108,1
4415,0,192,249,2057,41,140,7094,2072,9166,-0.0604742,0.137321,-0.988679,1
4011,0,193,246,2073,59,142,6724,1949,8673,-0.0488069,0.12172,-0.991364,1
4111,0,194,249,2138,39,146,6877,1947,8824,-0.0480355,0.125952,-0.990873,1
4734,0,220,301,2272,44,148,7719,2093,9812,-0.0527459,0.138955,-0.988893,1
4068,0,197,253,2250,38,149,6955,2080,9035,-0.0555468,0.138344,-0.988826,1
4231,0,193,244,2184,41,144,7037,2233,9270,-0.0548059,0.135677,-0.989236,1
3991,0,199,247,2269,54,149,6909,2256,9165,-0.0419253,0.121529,-0.991702,1
4217,0,243,250,2149,37,143,7039,2176,9215,-0.0459857,0.123423,-0.991288,1
4210,0,231,253,2093,39,141,6967,2704,9671,-0.0595135,0.135094,-0.989044,1
4049,0,193,248,2082,42,143,6757,2415,9172,-0.0580237,0.137672,-0.988777,1
4201,0,192,248,2119,54,156,6970,1987,8957,-0.0444182,0.121967,-0.99154,1
4965,0,194,249,2179,45,173,7805,2233,10038,-0.0636244,0.151655,-0.986384,1
4161,0,229,251,2115,38,145,6939,2328,9267,-0.0616734,0.15273,-0.986342,1
4255,0,193,278,2190,41,140,7097,2452,9549,-0.0474593,0.124877,-0.991037,1
4032,0,199,245,2074,39,142,6731,2141,8872,-0.0479844,0.120255,-0.991583,1
3941,0,191,243,2078,42,142,6637,2247,8884,-0.0520737,0.132529,-0.98981,1
3976,0,192,307,2055,43,146,6719,2122,8841,-0.0551875,0.132922,-0.989589,1
4201,0,191,284,2029,37,144,6886,1868,8754,-0.0578689,0.131631,-0.989608,1
3998,0,192,247,2063,37,144,6681,2084,8765,-0.0550127,0.13396,-0.989459,1
4052,0,218,273,2144,44,142,6873,2287,9160,-0.0400791,0.114334,-0.992634,1
4667,0,192,245,2319,42,192,7657,2263,9920,-0.0440854,0.120009,-0.991794,1
4900,0,194,275,2112,41,147,7669,1981,9650,-0.0446795,0.123454,-0.991344,1
3887,0,219,248,2048,41,140,6583,2150,8733,-0.0575858,0.128555,-0.99003,1
4034,0,193,247,2083,40,141,6738,2057,8795,-0.058697,0.142672,-0.988028,1
4362,0,193,270,2284,52,180,7341,2845,10186,-0.0535532,0.139698,-0.988745,1
4295,0,194,250,2111,42,145,7037,2274,9311,-0.0606625,0.147555,-0.987192,1
4235,0,218,300,2526,49,171,7499,2469,9968,-0.0579353,0.14309,-0.988013,1
4124,0,233,276,2177,37,144,6991,2718,9709,-0.0645203,0.148542,-0.986799,1
4603,0,240,279,2317,43,143,7625,2243,9868,-0.0609735,0.144036,-0.987692,1
4372,0,216,308,2527,76,218,7717,2143,9860,-0.0616918,0.146882,-0.987229,1
4976,0,218,346,2525,46,168,8279,2339,10618,-0.0621546,0.142801,-0.987798,1
3990,0,192,245,2102,42,149,6720,2770,9490,-0.0552911,0.14367,-0.98808,1
3962,0,192,244,2084,43,161,6686,2447,9133,-0.0503876,0.130318,-0.990191,1
3959,0,287,278,2067,43,142,6776,2421,9197,-0.0533408,0.138676,-0.988901,1
4410,0,217,276,2340,48,158,7449,2646,10095,-0.0480651,0.128314,-0.990568,1
4482,0,245,280,2330,42,157,7536,2622,10158,-0.0548228,0.136894,-0.989067,1
3981,0,194,248,2172,46,159,6800,2361,9161,-0.0546161,0.136968,-0.989069,1
3935,0,192,245,2097,39,171,6679,2221,8900,-0.040439,0.115956,-0.992431,1
4448,0,221,300,2454,47,165,7635,2429,10064,-0.0553373,0.129696,-0.990009,1
3971,0,191,243,2247,43,145,6840,2228,9068,-0.0525771,0.1223,-0.9911,1
4351,0,190,253,2077,37,143,7051,1918,8969,-0.0604959,0.133791,-0.989161,1
3901,0,201,246,2111,39,142,6640,2071,8711,-0.049474,0.125672,-0.990838,1
3914,0,196,249,2117,58,145,6679,1942,8621,-0.0526035,0.129367,-0.990201,1
4177,0,197,251,2140,43,144,6952,2061,9013,-0.0568577,0.148301,-0.987307,1
3916,0,192,249,2073,43,143,6616,2250,8866,-0.0421162,0.12443,-0.991334,1
4201,0,196,253,2156,47,148,7001,2370,9371,-0.0573238,0.154118,-0.986389,1
4012,0,201,257,2225,47,151,6893,4843,11736,-0.0730411,0.183343,-0.980332,1
4297,0,212,268,2388,49,165,7379,3595,10974,-0.07036,0.178686,-0.981387,1
4553,0,216,285,2366,48,162,7630,3651,11281,-0.0752447,0.188782,-0.979132,1
4245,0,258,296,2651,81,168,7699,3111,10810,-0.0660566,0.178893,-0.981649,1
4473,0,229,314,2499,84,171,7770,2675,10445,-0.0591497,0.172632,-0.983209,1
2651,0,167,201,1732,39,114,4904,2916,7820,-0.0697494,0.195766,-0.978167,1
3610,0,197,250,2151,67,146,6421,3676,10097,-0.0661497,0.198085,-0.97795,1
3564,0,213,268,2340,62,152,6599,2208,8807,-0.0717878,0.182467,-0.980588,1
4462,0,286,377,3167,76,210,8578,2330,10908,-0.0642266,0.196706,-0.978357,1
4725,0,307,419,3360,88,236,9135,2577,11712,-0.0600418,0.206451,-0.976613,1
4593,0,322,451,3478,61,236,9141,1917,11058,-0.0352907,0.196092,-0.97995,1
4566,0,332,415,3611,70,241,9235,1958,11193,-0.0442114,0.182971,-0.982124,1
4662,0,338,422,3692,73,247,9434,2210,11644,-0.0303916,0.185185,-0.982234,1
4661,0,340,425,3642,73,248,9389,3193,12582,-0.0312979,0.175825,-0.983924,1
4659,0,346,435,3716,70,249,9475,3860,13335,-0.0369147,0.184964,-0.982052,1
4672,0,345,456,3720,64,286,9543,3169,12712,-0.0352439,0.170539,-0.98472,1
4610,0,365,431,3744,78,250,9478,4449,13927,-0.0606504,0.146481,-0.987353,1
4781,0,361,486,3858,103,262,9851,6907,16758,-0.040623,0.156273,-0.986878,1
5538,0,394,490,3907,118,266,10713,4622,15335,-0.0393808,0.157348,-0.986758,1
4373,0,316,430,3564,68,230,8981,5384,14365,-0.0259632,0.184766,-0.98244,1
4491,0,350,425,3641,92,234,9233,2366,11599,-0.0474392,0.166033,-0.984978,1
4935,0,361,479,3950,95,257,10077,3178,13255,-0.0535701,0.139544,-0.988766,1
4748,0,329,398,3767,112,229,9583,9702,19285,-0.0133834,0.181759,-0.983252,1
3302,0,186,238,2065,43,136,5970,9361,15331,-0.00819606,0.176522,-0.984263,1
4313,0,259,275,2452,95,158,7552,12191,19743,-0.0359535,0.189233,-0.981274,1
2342,0,107,138,1174,31,77,3869,5890,9759,0.00933922,0.152262,-0.988296,1
4286,0,193,244,2229,61,146,7159,7096,14255,-0.0187802,0.154758,-0.987774,1
4358,0,175,260,1971,81,134,6979,4955,11934,-0.0214712,0.192393,-0.981083,1
4860,0,194,230,1834,60,128,7306,5790,13096,-0.020046,0.168102,-0.985566,1
3047,0,113,148,1193,70,104,4675,4574,9249,-0.0235445,0.135566,-0.990489,1
5337,0,163,216,1733,69,166,7684,5668,13352,-0.038477,0.159288,-0.986482,1
4690,0,147,196,1853,48,117,7051,5423,12474,-0.0332245,0.137184,-0.989989,1
3142,0,95,128,1010,42,73,4490,3135,7625,-0.0278835,0.133192,-0.990698,1
4017,0,154,158,1261,45,92,5727,7018,12745,-0.0208926,0.107915,-0.993941,1
4434,0,120,165,1267,45,96,6127,8625,14752,-0.0344207,0.186277,-0.981894,1
2758,0,59,79,616,23,47,3582,2566,6148,0.0401238,0.175836,-0.983601,1
4581,0,105,143,1146,44,88,6107,6393,12500,0.0487959,0.172036,-0.983881,1
3027,0,69,95,717,38,55,4001,3134,7135,0.00442179,0.139185,-0.990257,1
4482,0,91,131,898,33,70,5705,5419,11124,0.045406,0.192848,-0.980178,1
4598,0,86,123,845,38,66,5756,4693,10449,0.0270905,0.222006,-0.974669,1
4624,0,80,116,819,37,65,5741,4147,9888,0.0214116,0.215016,-0.976376,1
5410,0,83,113,728,41,58,6433,5535,11968,-0.00795703,0.218134,-0.975886,1
3223,0,48,68,461,26,38,3864,3121,6985,0.0268514,0.205097,-0.978373,1
4851,0,68,102,644,42,53,5760,6250,12010,0.0333953,0.225776,-0.973606,1
5093,0,62,94,581,38,50,5918,4005,9923,0.0491972,0.224354,-0.973265,1
3539,0,39,59,373,26,35,4071,2882,6953,0.0469191,0.177408,-0.983018,1
4377,0,47,73,425,33,37,4992,2903,7895,0.0595332,0.206951,-0.976538,1
4758,0,50,77,452,46,41,5424,3236,8660,0.0511183,0.189596,-0.980531,1
4439,0,48,71,434,44,39,5075,4368,9443,0.0695926,0.190893,-0.979141,1
4485,0,43,72,404,39,41,5084,2343,7427,0.0419846,0.182444,-0.98232,1
4477,0,39,67,344,44,33,5004,1686,6690,0.0425149,0.206807,-0.977458,1
4372,0,40,67,351,32,34,4896,1593,6489,0.0682234,0.218706,-0.973403,1
4249,0,43,69,399,34,37,4831,1733,6564,0.0357262,0.215213,-0.975914,1
3990,0,46,70,433,33,41,4613,1453,6066,0.0484618,0.226474,-0.972811,1
4142,0,59,89,606,32,50,4978,1644,6622,0.0582399,0.241056,-0.968762,1
4037,0,66,125,626,43,56,4953,2326,7279,0.0874424,0.193897,-0.977117,1
4035,0,74,107,733,63,65,5077,3446,8523,0.0735747,0.191687,-0.978695,1
2687,0,58,81,550,28,44,3448,1336,4784,0.102347,0.203762,-0.973656,1
3876,0,100,133,940,42,75,5166,2858,8024,0.0547113,0.207324,-0.976741,1
4019,0,112,168,1190,39,91,5619,2346,7965,0.0737847,0.240185,-0.967919,1
4260,0,134,182,1379,37,108,6100,1682,7782,-0.0608691,0.221228,-0.973321,1
4404,0,161,217,1662,37,148,6629,1489,8118,-0.0186442,0.142682,-0.989593,1
4403,0,207,294,2131,48,149,7232,1401,8633,-0.0649888,0.217143,-0.973974,1
5067,0,249,314,2698,56,231,8615,1372,9987,-0.0542385,0.222842,-0.973345,1
5140,0,297,459,3343,49,260,9548,1177,10725,-0.0410968,0.172109,-0.98422,1
5373,0,360,457,4082,57,263,10592,1436,12028,-0.0378673,0.207217,-0.977562,1
5607,0,439,560,5087,58,317,12068,1417,13485,-0.0253912,0.172782,-0.984632,1
6267,0,580,670,5176,45,250,12988,991,13979,-0.0441622,0.173707,-0.983807,1
3257,0,287,403,3238,43,204,7432,803,8235,-0.0407697,0.143411,-0.988823,1
6387,0,667,771,6450,47,447,14769,1108,15877,-0.0310793,0.149275,-0.988308,1
4432,0,418,525,4668,66,300,10409,1197,11606,-0.0149345,0.110779,-0.993733,1
6078,0,582,723,6425,68,393,14269,1317,15586,-0.0136656,0.216546,-0.976177,1
4159,0,427,497,4516,84,282,9965,903,10868,-0.040116,0.193132,-0.980352,1
5266,0,614,679,5796,40,373,12768,1204,13972,-0.0274478,0.233387,-0.971997,1
5401,0,501,591,5460,58,333,12344,1144,13488,-0.0319246,0.225969,-0.973611,1
6671,0,542,705,6029,60,379,14386,1225,15611,-0.0419524,0.232669,-0.971651,1
4145,0,329,424,3563,27,177,8665,762,9427,-0.05603,0.15842,-0.985781,1
5076,0,365,460,3817,43,273,10034,1148,11182,-0.0474464,0.197086,-0.979237,1
4481,0,290,393,3226,55,212,8657,1144,9801,-0.0602254,0.193485,-0.979253,1
5725,0,308,445,3399,56,227,10160,1467,11627,-0.0414328,0.180161,-0.982764,1
5380,0,275,370,2938,75,200,9238,1407,10645,-0.0287286,0.186998,-0.98194,1
5522,0,288,331,2900,58,194,9293,1492,10785,-0.0365292,0.167133,-0.985258,1
5043,0,256,328,2608,48,180,8463,1733,10196,-0.0356359,0.152655,-0.987637,1
5142,0,268,298,2479,64,211,8462,1951,10413,-0.0503951,0.162093,-0.985488,1
5723,0,217,309,2345,49,174,8817,2306,11123,-0.0424941,0.157691,-0.986574,1
3251,0,143,184,1529,32,126,5265,1455,6720,-0.0585379,0.146131,-0.987532,1
4520,0,229,257,2088,45,144,7283,2176,9459,-0.0508546,0.1789,-0.982552,1
4366,0,188,240,1962,44,137,6937,2090,9027,-0.0578871,0.149949,-0.986998,1
4391,0,219,237,1858,39,136,6880,1905,8785,-0.0568808,0.164503,-0.984735,1
4580,0,263,350,2152,50,144,7539,2009,9548,-0.0563411,0.159913,-0.985522,1
4262,0,165,215,1754,42,125,6563,1855,8418,0.0590421,0.224165,-0.972761,1
4054,0,159,207,1639,50,120,6229,2092,8321,0.0500668,0.22285,-0.973566,1
3917,0,154,201,1597,38,131,6038,2039,8077,-0.0685843,0.19678,-0.978046,1
4229,0,150,197,1546,40,111,6273,2158,8431,-0.0677181,0.267761,-0.961103,1
3765,0,147,196,1526,60,116,5810,1952,7762,-0.0616313,0.22934,-0.971393,1
3794,0,196,194,1495,40,110,5829,2141,7970,-0.0633717,0.24922,-0.966371,1
4439,0,146,199,1478,50,111,6423,2223,8646,-0.0645119,0.223238,-0.972627,1
4243,0,144,185,1431,41,107,6151,2599,8750,-0.0693663,0.206332,-0.97602,1
4260,0,133,184,1360,54,103,6094,3126,9220,-0.0746215,0.292501,-0.953349,1
4474,0,149,170,1196,65,91,6145,3232,9377,-0.0935536,0.269425,-0.958466,1
3929,0,132,216,1362,49,97,5785,4477,10262,-0.0406386,0.251251,-0.967069,1
4105,0,124,191,1295,46,97,5858,4856,10714,-0.0465685,0.291785,-0.95535,1
2370,0,81,109,850,30,61,3501,2051,5552,-0.0782468,0.295936,-0.951997,1
4318,0,216,253,1511,57,134,6489,5256,11745,-0.0966922,0.300924,-0.948734,1
3806,0,137,181,1423,53,107,5707,4520,10227,-0.0909876,0.283702,-0.954586,1
2138,0,71,92,665,28,50,3044,1276,4320,-0.0427263,0.300864,-0.952709,1
1022,0,41,52,425,16,29,1585,1112,2697,-0.0801472,0.289475,-0.953824,1
2284,0,112,142,1138,45,80,3801,3594,7395,-0.0840878,0.304843,-0.948683,1
4269,0,169,219,1809,48,129,6643,3899,10542,-0.0820053,0.256829,-0.962972,1
3979,0,179,231,1920,41,131,6481,4689,11170,-0.0776496,0.296666,-0.951819,1
4502,0,214,276,2332,53,159,7536,4394,11930,-0.0760834,0.230473,-0.9701,1
4575,0,226,288,2437,88,167,7781,7129,14910,-0.327548,-0.336244,-0.882979,1
4332,0,217,278,2309,49,160,7345,7809,15154,-0.0789001,0.30512,-0.94904,1
4533,0,236,363,2626,75,178,8011,6933,14944,-0.0851497,0.291844,-0.952668,1
4297,0,255,326,2842,72,191,7983,5086,13069,-0.0734486,0.317926,-0.945267,1
4471,0,287,368,3481,62,212,8881,7523,16404,-0.071667,0.287652,-0.95505,1
4731,0,328,427,3606,79,235,9406,2729,12135,-0.0558612,0.304114,-0.950997,1
4856,0,371,456,3931,96,287,9997,2359,12356,-0.0463447,0.325453,-0.944422,1
4695,0,385,538,4063,95,279,10055,2145,12200,-0.0632879,0.32034,-0.945186,1
4739,0,395,490,4164,83,281,10152,2168,12320,-0.0421959,0.305691,-0.951195,1
4849,0,401,497,4476,114,288,10625,2979,13604,-0.0375105,0.290887,-0.956022,1
4849,0,409,539,4359,116,294,10566,2446,13012,-0.0330774,0.277497,-0.960157,1
5059,0,420,537,4524,121,298,10959,2707,13666,-0.0822103,0.359755,-0.929418,1
5125,0,437,514,3856,72,208,10212,2185,12397,-0.0768763,0.325223,-0.942507,1
2557,0,190,237,2120,52,136,5292,2385,7677,-0.0555622,0.282107,-0.957773,1
4729,0,292,369,3320,100,218,9028,4448,13476,-0.0587339,0.281666,-0.957713,1
4520,0,285,317,2751,89,181,8143,3609,11752,-0.0372066,0.267012,-0.962975,1
4600,0,220,282,2647,124,200,8073,3880,11953,-0.0210523,0.269839,-0.962675,1
4542,0,278,245,1939,57,133,7194,4704,11898,-0.00918823,0.273078,-0.961948,1
4808,0,152,204,1754,67,120,7105,5793,12898,0.0010806,0.269663,-0.962954,1
4808,0,141,176,1471,74,116,6786,6025,12811,0.00146035,0.324676,-0.945824,1
4360,0,113,155,964,38,63,5693,3365,9058,-0.0101788,0.30082,-0.953627,1
1865,0,44,60,451,19,33,2472,2646,5118,-0.0139978,0.272925,-0.961934,1
2247,0,57,76,584,30,43,3037,3620,6657,-0.0159668,0.267648,-0.963384,1
4427,0,114,160,1216,56,91,6064,4535,10599,-0.0326043,0.298188,-0.95395,1
4448,0,115,156,1155,43,86,6003,3187,9190,-0.0336755,0.30369,-0.952175,1
4514,0,137,156,1118,38,86,6049,2701,8750,-0.0315148,0.29976,-0.953494,1
4563,0,103,139,1083,37,84,6009,3030,9039,-0.0294869,0.260172,-0.965112,1
4688,0,95,129,914,50,72,5948,2505,8453,-0.0234885,0.268745,-0.962925,1
4701,0,86,119,807,68,66,5847,2789,8636,-0.0185147,0.213123,-0.97685,1
4611,0,80,111,763,43,91,5699,2155,7854,-0.0478005,0.327715,-0.943567,1
4685,0,76,105,764,48,63,5741,2538,8279,-0.0266328,0.269815,-0.962544,1
4503,0,70,101,686,57,62,5479,3608,9087,-0.0296251,0.231839,-0.972303,1
4669,0,64,112,664,56,57,5622,2870,8492,0.0490187,0.290337,-0.955668,1
4512,0,61,104,612,51,52,5392,3228,8620,0.0551393,0.290806,-0.955192,1
2950,0,39,58,359,34,31,3471,1794,5265,0.0718119,0.290943,-0.954042,1
4237,0,53,81,544,53,66,5034,3422,8456,-0.0942842,0.248023,-0.964155,1
4102,0,47,73,443,42,39,4746,2574,7320,-0.0814037,0.245848,-0.965884,1
4127,0,61,92,400,49,40,4769,3403,8172,-0.102154,0.224559,-0.969091,1
4075,0,40,67,352,35,34,4603,2583,7186,-0.0539065,0.221995,-0.973557,1
4069,0,38,63,342,35,33,4580,2683,7263,-0.118161,0.236953,-0.964309,1
3970,0,37,61,320,33,32,4453,2724,7177,-0.133799,0.289146,-0.947888,1
3999,0,41,69,363,33,35,4540,4146,8686,-0.21149,0.275043,-0.937883,1
2731,0,36,54,334,22,29,3206,2189,5395,-0.137894,0.242704,-0.96025,1
1976,0,33,54,324,17,27,2431,1586,4017,-0.0488573,0.195932,-0.9794,1
4098,0,113,120,1060,40,103,5534,2548,8082,-0.0512391,0.20556,-0.977302,1
4137,0,100,136,1160,34,83,5650,1709,7359,-0.0605985,0.206553,-0.976557,1
4363,0,124,196,1350,35,99,6167,1932,8099,-0.13517,0.235583,-0.962408,1
4185,0,200,218,1846,43,124,6616,1677,8293,-0.0434365,0.174464,-0.983705,1
4269,0,181,234,2016,41,136,6877,1668,8545,-0.0556517,0.209576,-0.976208,1
4435,0,205,291,2409,41,157,7538,1456,8994,-0.0518405,0.177654,-0.982727,1
4591,0,226,333,2757,44,178,8129,1505,9634,-0.0604967,0.176455,-0.982448,1
4653,0,281,328,2568,43,175,8048,1481,9529,-0.060047,0.165791,-0.984331,1
4742,0,432,339,2665,41,182,8401,1385,9786,-0.0605729,0.158252,-0.985539,1
4612,0,249,319,2684,39,190,8093,1517,9610,-0.0737638,0.169436,-0.982777,1
4788,0,259,335,3092,40,202,8716,1419,10135,-0.0627598,0.17606,-0.982376,1
4730,0,273,343,3045,53,200,8644,1384,10028,-0.0728065,0.172573,-0.982302,1
4978,0,277,397,3367,47,206,9272,1387,10659,-0.0720178,0.201524,-0.976832,1
2102,0,128,161,1450,23,94,3958,585,4543,-0.0643532,0.210643,-0.975443,1
5118,0,361,413,3986,65,287,10230,1449,11679,-0.0620848,0.249697,-0.966332,1
5325,0,419,469,4318,54,273,10858,1357,12215,-0.0736445,0.213471,-0.97417,1
3772,0,292,388,3501,32,214,8199,1027,9226,-0.0619745,0.223987,-0.97262,1
5907,0,556,647,5404,51,336,12901,1388,14289,-0.0726411,0.224467,-0.971771,1
4126,0,339,428,3725,40,243,8901,947,9848,-0.0678183,0.207104,-0.975965,1
4173,0,355,473,3910,58,274,9243,1003,10246,-0.0502041,0.205957,-0.977273,1
4415,0,373,480,4717,43,269,10297,1062,11359,-0.032617,0.196161,-0.980029,1
4388,0,410,519,4381,31,276,10005,1222,11227,-0.0505909,0.194111,-0.979674,1
4816,0,400,580,4554,43,287,10680,1005,11685,-0.0556244,0.251106,-0.96636,1
4581,0,404,534,4575,65,287,10446,983,11429,-0.0569299,0.255321,-0.965179,1
4402,0,395,494,4590,38,281,10200,1061,11261,-0.0397044,0.241256,-0.969649,1
6736,0,536,674,6435,51,386,14818,1423,16241,-0.0393489,0.262731,-0.964067,1
5642,0,447,561,5116,71,322,12159,1234,13393,-0.0479895,0.258759,-0.964749,1
5542,0,514,532,4392,33,216,11229,888,12117,-0.0479795,0.221766,-0.973919,1
5929,0,476,576,4864,75,335,12255,1385,13640,-0.0445883,0.21296,-0.976043,1
5932,0,421,558,4908,53,307,12179,1403,13582,-0.0442433,0.189332,-0.980916,1
5877,0,408,578,4516,70,295,11744,1374,13118,-0.0403254,0.185548,-0.981808,1
5978,0,404,512,4595,71,201,11761,1010,12771,-0.039105,0.160951,-0.986188,1
4059,0,278,346,3199,34,202,8118,1007,9125,-0.0399415,0.164622,-0.985548,1
5243,0,364,491,4178,75,400,10751,1611,12362,-0.0395589,0.149873,-0.987914,1
5969,0,407,544,4529,39,203,11691,972,12663,-0.0354332,0.14744,-0.988436,1
4121,0,284,359,3180,33,238,8215,1296,9511,-0.0365003,0.153791,-0.987429,1
6121,0,414,588,4623,61,302,12109,1394,13503,-0.0424072,0.158026,-0.986524,1
4642,0,291,367,3216,46,220,8782,1005,9787,-0.0354671,0.152351,-0.98769,1
4110,0,361,368,3261,34,227,8361,961,9322,-0.0347263,0.148139,-0.988357,1
6029,0,418,576,4742,49,278,12092,1229,13321,-0.0365853,0.150443,-0.987942,1
5301,0,379,511,4213,43,273,10720,1251,11971,-0.0447346,0.160638,-0.985999,1
5521,0,377,479,4392,45,274,11088,1313,12401,-0.0406865,0.166268,-0.985241,1
5333,0,377,477,4281,44,273,10785,1268,12053,-0.0423749,0.170283,-0.984484,1
5867,0,420,555,4871,33,212,11958,1000,12958,-0.0408241,0.166555,-0.985187,1
5848,0,476,537,4932,48,331,12172,1456,13628,-0.0382238,0.155263,-0.987134,1
6223,0,367,390,3195,33,209,10417,994,11411,-0.0414701,0.160398,-0.986181,1
2554,0,194,222,1993,20,129,5112,535,5647,-0.0410659,0.162038,-0.98593,1
2394,0,194,216,1838,21,120,4783,576,5359,-0.0378926,0.153288,-0.987455,1
5482,0,376,472,4497,78,306,11211,1397,12608,-0.0419226,0.152177,-0.987464,1
6049,0,492,544,4698,67,300,12150,1519,13669,-0.0481335,0.167452,-0.984705,1
4148,0,287,362,3547,33,210,8587,972,9559,-0.0389455,0.154721,-0.98719,1
6051,0,414,555,4568,53,379,12020,1481,13501,-0.0391285,0.153238,-0.987415,1
5905,0,420,550,4661,73,272,11881,1120,13001,-0.0372051,0.144898,-0.988747,1
3728,0,270,340,3027,42,193,7600,931,8531,-0.0435049,0.158953,-0.986327,1
5933,0,420,543,4415,46,268,11625,1265,12890,-0.0387688,0.156471,-0.986921,1
6457,0,377,583,4317,42,272,12048,1344,13392,-0.0377391,0.167166,-0.985206,1
5390,0,377,476,4162,60,271,10736,1207,11943,-0.0400883,0.158197,-0.986594,1
3763,0,269,338,2965,44,193,7572,908,8480,-0.0408718,0.166445,-0.985203,1
5880,0,647,785,5029,53,315,12709,1413,14122,-0.0377502,0.159809,-0.986426,1
5925,0,291,368,3179,38,208,10009,876,10885,-0.0364335,0.145504,-0.988687,1
3144,0,222,281,2431,26,159,6263,795,7058,-0.0382059,0.160933,-0.986226,1
5339,0,378,482,4112,45,269,10625,1289,11914,-0.0387994,0.162928,-0.985875,1
5888,0,434,541,4395,52,279,11589,1253,12842,-0.0385402,0.162954,-0.985881,1
5920,0,422,534,4667,70,311,11924,1310,13234,-0.0401838,0.155131,-0.987076,1
5296,0,376,477,4096,56,268,10569,1325,11894,-0.0444727,0.169206,-0.984577,1
5238,0,384,472,4186,43,278,10601,1276,11877,-0.0431336,0.167996,-0.984844,1
5329,0,426,539,4576,56,307,11233,1386,12619,-0.048299,0.163437,-0.985371,1
5847,0,421,529,4646,49,271,11763,1266,13029,-0.0430639,0.155627,-0.986877,1
5869,0,421,545,4648,51,303,11837,1402,13239,-0.0366168,0.16728,-0.98523,1
5836,0,424,542,4742,56,363,11963,1513,13476,-0.0379127,0.156698,-0.986919,1
4141,0,299,366,3168,32,208,8214,954,9168,-0.0344344,0.172108,-0.984476,1
5256,0,387,483,4657,56,275,11114,1269,12383,-0.0386666,0.155685,-0.98705,1
5856,0,416,522,4371,56,267,11488,1418,12906,-0.0383586,0.165352,-0.985489,1
3896,0,270,339,3176,37,195,7913,890,8803,-0.0413204,0.167245,-0.985049,1
5446,0,379,478,4542,47,279,11171,1248,12419,-0.0463836,0.176535,-0.983201,1
5787,0,400,503,4325,90,273,11378,1233,12611,-0.0448348,0.171025,-0.984246,1
5532,0,387,461,3047,37,193,9657,923,10580,-0.0370205,0.165831,-0.985459,1
3503,0,252,318,2829,41,196,7139,863,8002,-0.0452639,0.158192,-0.98637,1
8919,0,666,795,5210,69,363,16022,1461,17483,-0.0458656,0.172601,-0.983923,1
4129,0,312,391,3355,35,210,8432,782,9214,-0.0389167,0.156557,-0.986902,1
6064,0,507,530,4612,45,272,12030,1242,13272,-0.0428878,0.152613,-0.987355,1
3724,0,288,340,3040,30,193,7615,896,8511,-0.0468952,0.173065,-0.983794,1
5325,0,379,477,4273,44,274,10772,1254,12026,-0.0441354,0.157904,-0.986468,1
6081,0,381,489,4402,66,277,11696,1227,12923,-0.0491655,0.169966,-0.984223,1
6340,0,422,532,4788,47,339,12468,1475,13943,-0.0355239,0.169509,-0.984888,1
3873,0,223,278,2476,28,158,7036,725,7761,-0.0503358,0.163983,-0.985178,2
2106,0,150,187,1646,26,106,4221,509,4730,-0.0409494,0.160246,-0.986228,2
5430,0,379,503,4222,50,274,10858,1272,12130,-0.0391237,0.160524,-0.986257,2
6663,0,442,585,4690,48,301,12729,1370,14099,-0.0388551,0.152879,-0.987481,2
5978,0,499,596,5521,50,333,12977,1180,14157,-0.0432661,0.164846,-0.98537,2
4192,0,290,366,2508,34,177,7567,724,8291,-0.0474824,0.173473,-0.983694,2
2473,0,182,224,1997,27,127,5030,654,5684,-0.0390966,0.151835,-0.987632,2
5380,0,380,512,4260,47,274,10853,1302,12155,-0.0410979,0.167976,-0.984934,2
6124,0,422,568,4631,46,275,12066,1297,13363,-0.039182,0.15446,-0.987222,2
5454,0,388,338,3110,32,194,9516,904,10420,-0.0405127,0.168141,-0.98493,2
2491,0,171,214,1966,23,123,4988,613,5601,-0.0436176,0.163442,-0.985588,2
2631,0,189,235,2120,24,135,5334,630,5964,-0.0403773,0.158479,-0.986537,2
5582,0,401,509,4284,56,276,11108,1320,12428,-0.0440844,0.16232,-0.985753,2
5958,0,519,548,4550,46,276,11897,1055,12952,-0.0404964,0.162473,-0.985882,2
3792,0,270,350,3049,31,194,7686,892,8578,-0.0461431,0.164953,-0.985222,2
5601,0,375,469,4196,47,271,10959,1288,12247,-0.0394025,0.165542,-0.985416,2
6167,0,419,530,4562,64,274,12016,1241,13257,-0.0378761,0.15722,-0.986837,2
3820,0,271,338,3069,30,205,7733,905,8638,-0.0480621,0.160235,-0.985908,2
6013,0,475,560,4843,48,305,12244,1443,13687,-0.0400806,0.166749,-0.985184,2
5429,0,379,481,4208,46,271,10814,1307,12121,-0.0406898,0.160816,-0.986145,2
5300,0,381,552,4321,57,296,10907,1230,12137,-0.0453473,0.159828,-0.986103,2
5715,0,380,526,4581,45,273,11520,1263,12783,-0.0398171,0.153161,-0.987399,2
3718,0,268,334,3046,40,195,7601,909,8510,-0.0412499,0.160324,-0.986202,2
6173,0,419,528,4749,49,300,12218,1579,13797,-0.0408296,0.161069,-0.986098,2
5942,0,454,564,4767,73,310,12110,1347,13457,-0.0399044,0.164548,-0.985561,2
4049,0,289,363,3310,34,210,8255,981,9236,-0.0402977,0.153468,-0.987332,2
6006,0,431,535,4843,48,273,12136,1452,13588,-0.0387189,0.1642,-0.985667,2
5824,0,418,549,4587,47,272,11697,1381,13078,-0.0430303,0.16957,-0.984578,2
6065,0,417,530,4805,50,301,12168,1478,13646,-0.040274,0.15433,-0.987198,2
4085,0,290,569,3780,41,240,9005,969,9974,-0.0437566,0.169594,-0.984542,2
4031,0,325,366,3326,36,209,8293,966,9259,-0.0344708,0.17199,-0.984495,2
5987,0,420,533,4749,49,292,12030,1238,13268,-0.0489205,0.168721,-0.984449,2
5410,0,375,481,4208,47,272,10793,1227,12020,-0.040502,0.167327,-0.985069,2
3807,0,303,366,3018,38,194,7726,894,8620,-0.0386429,0.159549,-0.986433,2
4805,0,338,465,3804,46,246,9704,1257,10961,-0.0397489,0.155679,-0.987008,2
5902,0,415,523,4762,62,300,11964,1410,13374,-0.0360967,0.151467,-0.987803,2
5987,0,417,551,4779,73,304,12111,1399,13510,-0.0443331,0.163205,-0.985596,2
4055,0,288,361,3294,50,208,8256,985,9241,-0.0409623,0.158011,-0.986588,2
5916,0,416,555,4754,75,300,12016,1444,13460,-0.0416508,0.167256,-0.985034,2
5934,0,427,523,4915,83,387,12269,1390,13659,-0.0405264,0.161075,-0.98611,2
5844,0,411,524,4345,32,202,11358,957,12315,-0.0434135,0.1638,-0.985538,2
5937,0,415,527,4557,51,301,11788,1399,13187,-0.0506553,0.167325,-0.9846,2
5849,0,409,520,4568,66,313,11725,1393,13118,-0.0533896,0.171237,-0.983783,2
5747,0,407,518,4516,64,296,11548,1363,12911,-0.0530928,0.190969,-0.980159,2
6349,0,409,542,4462,48,286,12096,1178,13274,-0.0486594,0.181929,-0.982107,2
5918,0,386,484,3311,38,194,10331,989,11320,-0.0509321,0.189836,-0.980494,2
3041,0,199,248,2243,28,144,5903,830,6733,-0.0484622,0.178176,-0.982805,2
5726,0,437,644,4605,74,306,11792,1429,13221,-0.0457034,0.171363,-0.984147,2
5868,0,352,474,2798,41,176,9709,988,10697,-0.042914,0.169359,-0.98462,2
3765,0,215,270,2433,38,157,6878,922,7800,-0.041032,0.166128,-0.98525,2
5545,0,323,415,3646,64,236,10229,1446,11675,-0.0417299,0.187576,-0.981363,2
5593,0,310,389,3610,68,228,10198,1453,11651,-0.0409038,0.188866,-0.981151,2
3863,0,211,267,2334,37,154,6866,981,7847,-0.0446992,0.171296,-0.984205,2
5555,0,299,378,3720,83,285,10320,1488,11808,-0.044717,0.179995,-0.982651,2
5478,0,295,372,3307,58,245,9755,1470,11225,-0.0456501,0.169431,-0.984484,2
3719,0,196,249,2203,42,143,6552,1004,7556,-0.0433203,0.158869,-0.986349,2
5293,0,277,351,3082,60,223,9286,1490,10776,-0.0403649,0.152314,-0.987508,2
5904,0,268,342,2944,59,209,9726,1003,10729,-0.0459936,0.159751,-0.986085,2
3675,0,182,230,2035,40,134,6296,961,7257,-0.0416551,0.16762,-0.984971,2
5555,0,309,367,2739,75,185,9230,1411,10641,-0.0482981,0.182437,-0.982031,2
5281,0,244,311,2640,43,179,8698,1359,10057,-0.0577154,0.171743,-0.98345,2
5117,0,235,335,2563,48,174,8472,1479,9951,-0.0728928,0.191082,-0.978864,2
5686,0,247,302,2492,45,169,8941,1374,10315,-0.0775012,0.179333,-0.980731,2
4409,0,198,253,2145,50,148,7203,1239,8442,-0.0735348,0.193133,-0.978413,2
5867,0,209,272,2228,48,157,8781,1474,10255,-0.0711914,0.188987,-0.979396,2
4814,0,200,257,2088,50,155,7564,1476,9040,-0.077318,0.224691,-0.971358,2
4630,0,187,243,1950,48,140,7198,1458,8656,-0.077035,0.234136,-0.969147,2
5638,0,222,296,1914,45,157,8272,1712,9984,-0.0849032,0.248973,-0.964782,2
4366,0,170,230,1727,47,125,6665,2617,9282,-0.081908,0.231828,-0.969302,2
4568,0,162,212,1720,46,124,6832,1998,8830,-0.0724653,0.270572,-0.959969,2
4238,0,202,209,1654,43,121,6467,1696,8163,-0.0661469,0.265626,-0.961804,2
3980,0,149,196,1642,49,118,6134,1873,8007,0.0344609,0.348687,-0.936606,2
3880,0,144,191,1478,46,109,5848,2022,7870,0.0347195,0.323238,-0.94568,2
2061,0,75,99,768,23,55,3081,998,4079,0.0239453,0.318123,-0.947747,2
3124,0,117,152,1262,35,93,4783,1484,6267,0.0211949,0.335971,-0.941634,2
3871,0,141,194,1496,46,110,5858,1587,7445,-0.100565,0.295702,-0.949972,2
3825,0,138,181,1440,39,105,5728,1655,7383,-0.101862,0.294356,-0.950252,2
3682,0,137,201,1416,35,104,5575,1818,7393,-0.0968897,0.281823,-0.954562,2
3854,0,219,188,1459,49,112,5881,1746,7627,-0.098132,0.297279,-0.949735,2
3732,0,140,179,1415,41,101,5608,1714,7322,-0.0883476,0.311945,-0.945984,2
3737,0,139,184,1416,37,121,5634,1555,7189,-0.0827747,0.320064,-0.943773,2
3940,0,144,190,1501,35,107,5917,1517,7434,-0.0771671,0.338749,-0.937707,2
3843,0,154,202,1606,38,113,5956,1435,7391,-0.0685427,0.377352,-0.92353,2
3885,0,164,214,1730,38,123,6154,1420,7574,-0.0703998,0.376809,-0.923612,2
3925,0,181,226,1866,42,144,6384,1531,7915,-0.0683068,0.376419,-0.923928,2
3985,0,180,230,1883,39,130,6447,1477,7924,-0.0621085,0.390204,-0.918631,2
4057,0,174,226,1894,43,133,6527,1544,8071,-0.0574546,0.378855,-0.923671,2
4054,0,175,226,1839,44,130,6468,1652,8120,-0.0538499,0.375025,-0.925449,2
4100,0,184,238,1964,45,139,6670,1634,8304,-0.0533699,0.376813,-0.92475,2
4226,0,205,260,2192,55,153,7091,1996,9087,-0.054359,0.36066,-0.931112,2
4233,0,238,304,2448,53,169,7445,1822,9267,-0.00867722,0.105826,-0.994347,2
4312,0,258,326,2801,68,191,7956,1403,9359,-0.00331208,0.106905,-0.994264,2
4396,0,282,357,3023,75,220,8353,1439,9792,0.00834317,0.111565,-0.993722,2
4587,0,338,435,3341,70,228,8999,1428,10427,0.00315098,0.126166,-0.992004,2
4553,0,343,443,3605,103,249,9296,1511,10807,-0.0206521,0.174786,-0.98439,2
4727,0,357,462,3828,47,273,9694,1640,11334,-0.0351187,0.388032,-0.920977,2
4827,0,408,497,4129,45,270,10176,1486,11662,-0.041309,0.353281,-0.934605,2
4751,0,378,471,4128,47,302,10077,1457,11534,-0.0499601,0.357757,-0.932477,2
5156,0,387,481,4110,53,276,10463,1395,11858,-0.0481311,0.355604,-0.933397,2
5201,0,392,491,4830,47,285,11246,1397,12643,-0.0312647,0.349498,-0.936415,2
5105,0,434,505,4409,46,288,10787,1387,12174,-0.0389933,0.350367,-0.935801,2
5173,0,423,536,4601,49,297,11079,1382,12461,-0.0280017,0.360704,-0.93226,2
5205,0,419,532,4656,44,303,11159,1425,12584,-0.0334007,0.35088,-0.935825,2
5211,0,385,502,4286,58,275,10717,1458,12175,-0.018368,0.353961,-0.93508,2
4749,0,364,433,3854,65,247,9712,1430,11142,-0.0236477,0.326541,-0.944887,2
4463,0,299,376,3342,43,217,8740,1462,10202,-0.0174388,0.355251,-0.934608,2
4215,0,286,326,2870,53,188,7938,1550,9488,-0.0400473,0.331186,-0.942715,2
4096,0,220,301,2374,47,160,7198,1802,9000,-0.0423207,0.327086,-0.944047,2
3909,0,188,241,1998,101,140,6577,2270,8847,-0.0579345,0.335379,-0.9403,2
3921,0,152,203,1610,50,113,6049,2576,8625,-0.047725,0.336136,-0.940604,2
3882,0,122,165,1276,43,94,5582,2685,8267,-0.0294751,0.347245,-0.937311,2
3947,0,113,152,966,47,77,5302,2950,8252,-0.0303942,0.377812,-0.925383,2
3957,0,77,107,740,42,59,4982,2704,7686,0.000410755,0.380275,-0.924873,2
4200,0,65,99,620,42,53,5079,2909,7988,0.0111555,0.12854,-0.991642,2
4208,0,57,89,549,37,47,4987,3070,8057,-0.0013322,0.383173,-0.923676,2
4276,0,54,83,485,36,44,4978,3428,8406,0.0364341,0.40323,-0.914373,2
4402,0,51,76,462,37,41,5069,3614,8683,0.0392237,0.462577,-0.885711,2
4720,0,48,73,424,38,39,5342,2896,8238,0.0384941,0.39276,-0.918835,2
4889,0,48,74,452,40,43,5546,2381,7927,0.0302147,0.392295,-0.919343,2
4836,0,68,77,471,37,47,5536,2095,7631,0.0539643,0.374806,-0.925531,2
4637,0,44,68,379,35,36,5199,2728,7927,0.0996812,0.409766,-0.906728,2
4725,0,37,64,321,34,32,5213,2299,7512,0.0764476,0.39696,-0.914647,2
4258,0,42,79,446,46,52,4923,2221,7144,0.0687771,0.380215,-0.922337,2
4191,0,44,69,410,42,39,4795,2427,7222,0.0729752,0.356196,-0.931557,2
4363,0,45,71,437,61,58,5035,2919,7954,0.0754306,0.393958,-0.916028,2
4316,0,67,74,389,36,37,4919,2105,7024,0.0691746,0.367641,-0.927391,2
4161,0,37,62,337,42,32,4671,2374,7045,0.0853121,0.345587,-0.934501,2
4877,0,40,68,346,43,38,5412,2554,7966,0.0606227,0.390236,-0.918717,2
4035,0,36,60,305,39,33,4508,2257,6765,0.0406424,0.372453,-0.927161,2
3251,0,20,36,177,21,17,3522,1178,4700,0.0790532,0.323359,-0.942969,2
2394,0,29,43,261,33,24,2784,1058,3842,0.0567232,0.325407,-0.943871,2
4093,0,61,92,554,44,48,4892,2146,7038,0.0397629,0.328591,-0.943635,2
4095,0,76,106,760,38,60,5135,1603,6738,0.056979,0.312739,-0.948129,2
4393,0,93,129,924,39,71,5649,1477,7126,0.0542905,0.335243,-0.940566,2
5960,0,150,202,1342,46,98,7798,1820,9618,-0.0444111,0.351468,-0.935146,2
4478,0,161,201,1540,45,111,6536,1473,8009,-0.0423792,0.389653,-0.919986,2
4728,0,182,244,1962,43,139,7298,1422,8720,0.00682776,0.387694,-0.921763,2
4878,0,240,319,2651,54,178,8320,1528,9848,-0.057163,0.394821,-0.916978,2
5761,0,316,400,3452,65,231,10225,1468,11693,-0.0801675,0.388871,-0.917798,2
5854,0,420,505,4379,51,287,11496,1508,13004,-0.0774726,0.380333,-0.921599,2
4214,0,310,393,3432,31,222,8602,1009,9611,-0.0790953,0.351439,-0.932864,2
6965,0,503,638,5565,50,361,14082,1403,15485,-0.0703795,0.342772,-0.936779,2
5028,0,466,503,4161,52,269,10479,945,11424,-0.0849834,0.355602,-0.930766,2
5927,0,553,651,5781,62,424,13398,1044,14442,-0.0866573,0.341714,-0.9358,2
7497,0,647,789,6131,37,289,15390,995,16385,-0.0665978,0.326259,-0.942932,2
3520,0,308,382,3517,29,215,7971,747,8718,-0.053446,0.309518,-0.94939,2
6446,0,573,714,6689,72,390,14884,984,15868,-0.0537587,0.340162,-0.938829,2
4648,0,538,569,4297,41,266,10359,951,11310,-0.0562063,0.340241,-0.938657,2
6068,0,492,620,5697,54,354,13285,1414,14699,-0.0583956,0.349171,-0.935238,2
4137,0,396,393,3460,42,219,8647,987,9634,-0.058526,0.318218,-0.946209,2
5892,0,409,509,5932,80,368,13190,1461,14651,-0.0595063,0.349314,-0.935114,2
3745,0,217,273,2447,45,199,6926,1034,7960,-0.0508391,0.323413,-0.944891,2
5955,0,322,358,2957,47,183,9822,1515,11337,-0.0852567,0.377628,-0.922024,2
5008,0,200,284,2094,51,148,7785,1376,9161,-0.0893946,0.371651,-0.924059,2
4947,0,122,161,1311,124,100,6765,964,7729,-0.0751784,0.370524,-0.925776,2
3476,0,137,154,1259,37,105,5168,1109,6277,-0.0792759,0.375258,-0.923524,2
5401,0,162,213,1733,45,124,7678,1827,9505,-0.0900624,0.417531,-0.904188,2
4894,0,155,203,1636,46,119,7053,1207,8260,-0.0922095,0.40378,-0.910197,2
3009,0,80,105,827,25,59,4105,1066,5171,-0.0812708,0.362919,-0.92827,2
4748,0,148,198,1605,44,117,6860,1770,8630,-0.0828186,0.347138,-0.93415,2
5412,0,166,224,1791,71,133,7797,2583,10380,-0.077271,0.359905,-0.929784,2
3498,0,97,127,1003,37,75,4837,1999,6836,-0.0817472,0.358553,-0.929923,2
1845,0,56,75,593,26,43,2638,1911,4549,0.0144605,0.347644,-0.937515,2
4411,0,119,165,1198,40,89,6022,3336,9358,0.0327503,0.364281,-0.930713,2
4772,0,166,206,1272,49,90,6555,2718,9273,0.00398195,0.381451,-0.924381,2
4330,0,100,140,1061,43,82,5756,2073,7829,-0.0823069,0.335,-0.938616,2
4140,0,102,142,1097,51,79,5611,3190,8801,-0.10125,0.420135,-0.901796,2
3987,0,107,147,1076,42,81,5440,3379,8819,-0.111879,0.439496,-0.89125,2
3995,0,153,155,1119,38,83,5543,2871,8414,-0.0878111,0.343592,-0.935005,2
4054,0,152,171,1176,43,87,5683,2625,8308,-0.108559,0.378571,-0.919184,2
3884,0,112,154,1172,69,87,5478,4153,9631,-0.120173,0.436385,-0.891699,2
3884,0,120,156,1184,40,87,5471,3384,8855,-0.114609,0.457611,-0.881735,2
3870,0,130,178,1290,38,95,5601,3380,8981,-0.0912704,0.438158,-0.894253,2
4392,0,153,202,1611,44,116,6518,4631,11149,-0.0928858,0.448491,-0.888948,2
4003,0,171,203,1619,46,152,6194,2539,8733,-0.0999536,0.433153,-0.895761,2
4511,0,234,347,2078,51,150,7371,2619,9990,-0.0970985,0.425789,-0.899598,2
4648,0,236,274,2231,42,165,7596,2470,10066,-0.0351877,0.125598,-0.991457,2
4206,0,215,278,2263,43,182,7187,2871,10058,-0.0909482,0.461183,-0.882632,2
5093,0,263,341,2897,42,175,8811,2024,10835,-0.0960719,0.469714,-0.877576,2
4431,0,257,328,3247,53,203,8519,2479,10998,-0.0896214,0.439062,-0.893975,2
5192,0,327,409,3488,40,214,9670,1989,11659,-0.0228969,0.112239,-0.993417,2
4679,0,312,432,3432,49,262,9166,2140,11306,-0.0543754,0.139294,-0.988757,2
4652,0,346,403,4155,58,237,9851,3651,13502,-0.0679273,0.42001,-0.904974,2
4971,0,356,448,3550,48,273,9646,2533,12179,-0.061549,0.428887,-0.901259,2
5050,0,337,424,3638,54,246,9749,1582,11331,-0.0879914,0.376135,-0.922377,2
5040,0,360,450,3858,47,260,10015,1427,11442,-0.0761449,0.412315,-0.907853,2
5771,0,453,520,4398,48,297,11487,1562,13049,-0.0875798,0.395782,-0.914159,2
3906,0,285,355,3144,33,205,7928,1039,8967,-0.101118,0.386227,-0.916844,2
2338,0,173,215,1822,21,122,4691,616,5307,-0.0845261,0.399626,-0.912773,2
5954,0,407,513,4166,45,258,11343,1391,12734,-0.0614785,0.424786,-0.903204,2
4964,0,319,400,3598,53,232,9566,1375,10941,-0.0636471,0.400753,-0.913972,2
3127,0,189,241,2091,27,150,5825,1000,6825,-0.0533566,0.402214,-0.91399,2
4715,0,264,340,2961,71,219,8570,2179,10749,-0.0525711,0.401976,-0.91414,2
4841,0,226,310,2437,78,191,8083,2394,10477,-0.0231157,0.385822,-0.922284,2
4075,0,174,218,1713,37,122,6339,1423,7762,0.0384798,0.131267,-0.9906,2
3361,0,125,166,1261,33,93,5039,1504,6543,0.031053,0.11272,-0.993141,2
4230,0,121,163,1229,38,101,5882,2508,8390,0.0171193,0.108344,-0.993966,2
4373,0,95,136,929,38,76,5647,4119,9766,-0.00999062,0.361129,-0.932463,2
4650,0,78,112,736,38,61,5675,2008,7683,-0.000285942,0.108289,-0.994119,2
4637,0,70,135,658,37,56,5593,3233,8826,-0.0329218,0.398742,-0.916472,2
4657,0,65,96,592,36,52,5498,3250,8748,-0.0372961,0.395631,-0.917652,2
4802,0,60,92,551,38,49,5592,2658,8250,-0.0103486,0.373618,-0.927525,2
4937,0,55,87,525,39,52,5695,2922,8617,-0.00221235,0.377501,-0.926007,2
4726,0,64,91,513,38,47,5479,2418,7897,-0.0045728,0.392479,-0.91975,2
4668,0,74,106,543,46,62,5499,2216,7715,-0.011853,0.378572,-0.925496,2
4839,0,54,84,559,40,49,5625,2552,8177,-0.0118587,0.38709,-0.921966,2
4970,0,55,87,498,50,46,5706,2792,8498,0.0131836,0.37578,-0.926615,2
5059,0,89,119,572,51,74,5964,3211,9175,-0.0286622,0.465774,-0.88444,2
5372,0,56,86,509,38,46,6107,3257,9364,-0.0149795,0.454182,-0.890783,2
2664,0,28,57,236,20,23,3028,1568,4596,0.0381579,0.361407,-0.931627,2
2045,0,19,32,189,17,17,2319,948,3267,0.0476688,0.355125,-0.933602,2
5137,0,54,82,496,42,45,5856,3189,9045,0.0462485,0.3871,-0.920877,2
5319,0,58,92,571,43,53,6136,2424,8560,0.0496776,0.399467,-0.915401,2
5203,0,115,171,631,58,57,6235,2316,8551,0.053184,0.399133,-0.915349,2
5292,0,66,103,693,49,60,6263,2757,9020,0.0504676,0.420397,-0.905936,2
3309,0,45,66,410,29,46,3905,1669,5574,0.0591406,0.388863,-0.919396,2
5082,0,69,106,612,58,54,5981,1868,7849,0.038844,0.419932,-0.906724,2
4929,0,81,111,676,56,61,5914,1949,7863,0.0712219,0.434294,-0.897952,2
4904,0,72,110,676,47,69,5878,1786,7664,0.0559329,0.413334,-0.90886,2
4823,0,88,136,901,45,73,6066,1777,7843,0.0841177,0.416702,-0.905143,2
5028,0,115,159,1166,43,92,6603,1846,8449,-0.0901019,0.382838,-0.919411,2
4980,0,162,219,1690,41,130,7222,1811,9033,-0.0175928,0.431541,-0.901922,2
5357,0,302,318,2616,45,178,8816,1589,10405,-0.0163814,0.467583,-0.883797,2
5774,0,377,421,3600,59,239,10470,1622,12092,-0.0508337,0.450005,-0.891578,2
6688,0,414,523,4671,65,301,12662,1376,14038,-0.0785671,0.450681,-0.889221,2
4972,0,312,431,3504,41,225,9485,1098,10583,-0.0705032,0.41659,-0.906356,2
4741,0,377,457,3737,44,248,9604,1094,10698,-0.0830032,0.432713,-0.897703,2
6618,0,484,645,5016,75,272,13110,947,14057,-0.0672079,0.398522,-0.914693,2
4404,0,338,424,4028,45,243,9482,976,10458,-0.0820231,0.367046,-0.92658,2
4388,0,504,457,3528,44,228,9149,981,10130,-0.0676552,0.375334,-0.924417,2
6054,0,356,492,4123,63,260,11348,1301,12649,-0.0322784,0.356555,-0.933716,2
3643,0,218,265,2481,35,153,6795,953,7748,-0.0387786,0.340516,-0.939439,2
6086,0,315,377,3075,54,218,10125,1655,11780,-0.0594061,0.362793,-0.929974,2
5508,0,212,304,2295,50,160,8529,1444,9973,-0.0672792,0.348727,-0.934806,2
3353,0,131,179,1225,31,92,5011,946,5957,-0.0636734,0.347053,-0.935682,2
5047,0,164,217,1634,44,121,7227,1571,8798,-0.0527439,0.377207,-0.924626,2
4907,0,159,207,1601,49,118,7041,1478,8519,-0.0719828,0.380624,-0.921924,2
5290,0,154,202,1520,44,112,7322,1692,9014,-0.0864124,0.393321,-0.915332,2
4871,0,150,196,1660,98,175,7150,1887,9037,-0.0934932,0.404852,-0.90959,2
5431,0,148,227,1521,46,110,7483,1889,9372,-0.0983159,0.405748,-0.908682,2
4663,0,219,297,1914,46,114,7253,1626,8879,-0.0962063,0.388564,-0.916386,2
4845,0,160,230,1621,55,119,7030,1764,8794,-0.0856314,0.390264,-0.916713,2
5421,0,220,214,1588,44,117,7604,1857,9461,-0.0755358,0.408822,-0.909483,2
4231,0,135,212,1390,46,106,6120,1577,7697,-0.075408,0.377292,-0.923019,2
4595,0,146,197,1507,55,111,6611,1633,8244,-0.0657812,0.442095,-0.894553,2
3887,0,125,167,1244,48,94,5565,1463,7028,-0.0662106,0.423171,-0.903627,2
4612,0,126,178,1291,43,96,6346,1443,7789,-0.0685434,0.420278,-0.904803,2
4326,0,149,199,1582,44,114,6414,1577,7991,-0.0753414,0.423366,-0.902821,2
4335,0,159,210,1677,42,121,6544,1614,8158,-0.0940689,0.502093,-0.859682,2
4358,0,165,216,1699,37,110,6585,1574,8159,-0.0857462,0.455546,-0.886073,2
4535,0,182,253,1835,57,131,6993,1580,8573,-0.0927931,0.391628,-0.915433,2
4517,0,166,221,1702,50,125,6781,1836,8617,-0.0909485,0.379508,-0.920708,2
4608,0,188,214,1623,69,120,6822,1945,8767,-0.0140694,0.115389,-0.993221,2
4554,0,162,213,1637,47,108,6721,1476,8197,-0.00809646,0.121641,-0.992541,2
2165,0,87,113,885,31,63,3344,731,4075,-0.00688502,0.112904,-0.993582,2
4702,0,209,377,2193,122,163,7766,1596,9362,-0.00240423,0.14396,-0.989581,2
5064,0,244,315,2687,41,183,8534,1624,10158,0.00233905,0.166612,-0.98602,2
5136,0,277,354,2956,46,204,8973,1709,10682,-0.0235167,0.201548,-0.979196,2
5182,0,290,404,2838,64,191,8969,1703,10672,-0.0215978,0.227703,-0.973491,2
5334,0,286,365,2940,41,187,9153,1597,10750,-0.0293286,0.2575,-0.965833,2
5548,0,275,355,2857,48,200,9283,1562,10845,-0.0249005,0.26462,-0.964031,2
5598,0,259,336,2791,47,195,9226,1571,10797,-0.00589124,0.218075,-0.975914,2
5742,0,255,327,2120,40,127,8611,1057,9668,0.00243377,0.191972,-0.981397,2
3645,0,158,204,1638,29,118,5792,1065,6857,0.00682452,0.196288,-0.980523,2
5153,0,230,296,2496,84,172,8431,1462,9893,0.00763384,0.202537,-0.979245,2
5058,0,242,272,2144,51,157,7924,1493,9417,0.00457078,0.21396,-0.976832,2
4682,0,184,249,1786,113,131,7145,1401,8546,0.000355782,0.208559,-0.97801,2
4541,0,143,211,1515,55,114,6579,1446,8025,-0.000101769,0.171596,-0.985167,2
4240,0,131,176,1320,47,98,6012,2563,8575,-0.00763878,0.181927,-0.983283,2
4346,0,118,163,1229,54,95,6005,7619,13624,-0.0622503,0.629085,-0.77484,2
3973,0,108,130,945,37,73,5266,4790,10056,-0.0178846,0.664461,-0.747109,2
4468,0,133,136,833,56,69,5695,-1000,-1000,-1,-1,-1,2
1444,0,23,33,211,14,18,1743,-1000,-1000,-1,-1,-1,2
3815,0,49,75,448,30,40,4457,20266,24723,0.0157944,0.173581,-0.984693,2
1611,0,21,40,208,62,17,1959,1349,3308,0.0140181,0.131526,-0.991214,2
1206,0,15,23,141,10,12,1407,669,2076,0.0181252,0.114621,-0.993244,2
3087,0,37,55,316,23,30,3548,1636,5184,0.0141917,0.103205,-0.994559,2
4364,0,50,80,462,34,44,5034,3052,8086,-0.0109401,0.119962,-0.992718,2
5267,0,50,79,493,42,45,5976,6054,12030,-0.0397234,0.366241,-0.929672,2
3050,0,32,52,322,26,29,3511,2667,6178,-0.0319184,0.34045,-0.939721,2
4706,0,47,74,405,33,38,5303,3625,8928,-0.0297932,0.372063,-0.92773,2
4648,0,45,69,389,36,36,5223,3610,8833,-0.0516868,0.396771,-0.916462,2
5297,0,50,77,443,40,42,5949,3114,9063,-0.0500483,0.47903,-0.876371,2
4636,0,47,74,418,36,43,5254,2088,7342,-0.0421668,0.436648,-0.898644,2
4454,0,46,69,405,32,37,5043,2557,7600,-0.0231227,0.374778,-0.926826,2
4554,0,47,74,513,53,52,5293,1766,7059,-0.014235,0.390319,-0.92057,2
4223,0,51,85,461,51,43,4914,1944,6858,-0.0110807,0.387306,-0.921885,2
4496,0,50,79,450,38,43,5156,1681,6837,-0.00193924,0.36895,-0.929448,2
4155,0,46,74,410,44,43,4772,1573,6345,0.00638607,0.371524,-0.928401,2
4289,0,45,70,427,41,43,4915,1798,6713,-0.0477587,0.322689,-0.945299,2
4959,0,55,85,512,48,45,5704,1580,7284,-0.0440858,0.30988,-0.949753,2
4256,0,64,96,654,37,54,5161,1443,6604,-0.0468432,0.315197,-0.947869,2
4460,0,90,161,941,50,89,5791,1461,7252,-0.0494433,0.331064,-0.942312,2
4881,0,194,270,1356,37,98,6836,1403,8239,-0.0685405,0.359027,-0.930807,2
4830,0,163,214,1722,36,122,7087,1443,8530,-0.0582081,0.337613,-0.939484,2
4877,0,226,286,2376,45,165,7975,1404,9379,-0.0318076,0.397389,-0.917099,2
5137,0,330,398,3072,69,212,9218,1473,10691,-0.0361986,0.412031,-0.910451,2
6483,0,396,497,4118,118,258,11870,1407,13277,-0.0642523,0.433318,-0.898948,2
7005,0,388,538,4259,44,193,12427,984,13411,-0.0776636,0.436339,-0.896425,2
3354,0,223,294,2453,31,160,6515,789,7304,-0.075461,0.393135,-0.916379,2
6543,0,449,573,4969,74,325,12933,1391,14324,-0.0667045,0.388062,-0.919216,2
6379,0,461,576,4906,55,228,12605,958,13563,-0.0238201,0.36137,-0.932118,2
3357,0,358,382,2712,37,165,7011,911,7922,-0.0142314,0.293434,-0.955874,2
6165,0,380,506,4496,107,380,12034,1168,13202,-0.0386009,0.364722,-0.930316,2
3947,0,268,292,2466,34,162,7169,980,8149,-0.0400936,0.310241,-0.949812,2
3772,0,182,231,2168,33,134,6520,991,7511,-0.0457609,0.311026,-0.949299,2
5382,0,223,290,2608,54,167,8724,1378,10102,-0.0705324,0.3055,-0.949576,2
5363,0,199,255,2095,58,146,8116,1480,9596,-0.0741907,0.296726,-0.952077,2
5210,0,185,242,1998,48,142,7825,1406,9231,-0.0816552,0.310706,-0.946992,2
5487,0,180,234,1821,44,132,7898,1787,9685,-0.0649393,0.313379,-0.947405,2
3529,0,116,166,1307,34,90,5242,1515,6757,-0.0431994,0.305008,-0.95137,2
5031,0,156,206,1909,46,121,7469,2064,9533,-0.0539279,0.354274,-0.933585,2
4718,0,185,198,1560,51,115,6827,1602,8429,-0.0555138,0.363085,-0.930101,2
4482,0,137,184,1383,52,147,6385,2159,8544,-0.0607583,0.385154,-0.92085,2
4065,0,166,172,1286,44,96,5829,1494,7323,-0.0972716,0.470283,-0.877139,2
3951,0,124,218,1251,44,98,5686,1409,7095,-0.079722,0.399514,-0.913254,2
3889,0,120,161,1235,48,96,5549,1376,6925,-0.0720653,0.39648,-0.91521,2
4477,0,133,185,1314,50,102,6261,1592,7853,-0.0840309,0.385367,-0.918929,2
4222,0,115,181,1178,46,90,5832,1451,7283,-0.0848292,0.37896,-0.921517,2
3823,0,122,163,1243,34,91,5476,1377,6853,-0.0735151,0.418739,-0.905126,2
3941,0,129,171,1285,39,98,5663,1386,7049,-0.0783418,0.40031,-0.913025,2
4487,0,153,205,1619,41,121,6626,1593,8219,-0.0813416,0.39847,-0.913568,2
5054,0,163,265,1770,42,125,7419,1628,9047,-0.0843091,0.381551,-0.920495,2
4578,0,170,222,1730,41,127,6868,1709,8577,-0.0826307,0.380101,-0.921247,2
4042,0,159,208,1661,43,149,6262,1842,8104,-0.0572354,0.173091,-0.983241,2
4108,0,164,215,1703,41,139,6370,1555,7925,-0.0351245,0.175283,-0.983891,2
4580,0,179,233,1876,36,133,7037,1473,8510,-0.037044,0.190947,-0.980901,2
5345,0,346,344,2413,47,170,8665,1799,10464,-0.0266061,0.184949,-0.982388,2
4448,0,259,312,2414,45,168,7646,1671,9317,-0.0274736,0.234747,-0.971668,2
4627,0,235,283,2536,50,166,7897,1605,9502,-0.00438609,0.238849,-0.971047,2
5253,0,191,262,2026,91,184,8007,1347,9354,-0.00240656,0.261556,-0.965185,2
3495,0,151,175,1387,41,100,5349,1013,6362,0.000355434,0.244472,-0.969656,2
5103,0,195,253,2111,108,157,7927,1478,9405,-0.0067014,0.261564,-0.965163,2
5090,0,172,229,1854,39,135,7519,1491,9010,-0.00682801,0.237506,-0.971362,2
4606,0,201,307,1882,47,127,7170,2018,9188,-0.0244942,0.202104,-0.979058,2
4910,0,167,202,1499,49,129,6956,12484,19440,-0.0516011,0.588299,-0.806996,2
2165,0,51,70,536,26,41,2889,4721,7610,-0.0482212,0.624966,-0.779162,2
5268,0,79,114,769,44,64,6338,3863,10201,-0.0213731,0.176443,-0.984079,2
4312,0,56,85,554,36,50,5093,1570,6663,-0.00793978,0.141363,-0.989926,2
4639,0,40,68,350,39,34,5170,2206,7376,-0.012799,0.160029,-0.987029,2
5278,0,37,65,316,40,32,5768,1583,7351,-0.0520534,0.324719,-0.944377,2
4271,0,36,59,315,44,31,4756,1586,6342,-0.0476093,0.3391,-0.939545,2
4553,0,34,59,301,38,32,5017,1742,6759,-0.0392222,0.290319,-0.956126,2
4709,0,32,78,268,39,30,5156,1831,6987,-0.0556242,0.372041,-0.926548,2
4738,0,29,51,261,42,28,5149,1843,6992,-0.0401979,0.360207,-0.932006,2
4711,0,27,50,225,41,26,5080,2367,7447,-0.0283673,0.365809,-0.930257,2
4583,0,25,48,207,36,24,4923,1673,6596,-0.0120082,0.304977,-0.952284,2
4433,0,21,44,183,34,23,4738,1993,6731,-0.0310429,0.333338,-0.942296,2
4180,0,21,43,186,33,24,4487,1928,6415,-0.0585003,0.352323,-0.934048,2
4163,0,20,41,154,33,20,4431,1914,6345,-0.081841,0.419037,-0.904273,2
4161,0,18,38,142,34,19,4412,2315,6727,-0.0657842,0.389232,-0.918788,2
4261,0,18,37,144,37,19,4516,1917,6433,-0.0837235,0.382375,-0.920206,2
4200,0,18,37,136,36,19,4446,1608,6054,-0.0428297,0.256243,-0.965663,2
6600,0,31,60,231,43,34,6999,2151,9150,-0.0839104,0.368733,-0.92574,2
4476,0,25,48,225,34,26,4834,1941,6775,-0.100924,0.399237,-0.911276,2
4772,0,49,83,319,33,33,5289,1852,7141,-0.0342071,0.239947,-0.970183,2
4105,0,43,67,374,47,36,4672,1619,6291,0.0212207,0.124448,-0.991999,2
4198,0,68,97,628,39,53,5083,1476,6559,-0.0495549,0.362756,-0.930566,2
4447,0,109,175,1204,39,89,6063,1451,7514,-0.0337897,0.336194,-0.941186,2
4572,0,178,283,1890,48,136,7107,1387,8494,-0.0649804,0.411824,-0.908944,2
5387,0,296,350,2973,42,201,9249,1411,10660,-0.0628222,0.427298,-0.901926,2
5478,0,391,438,3603,69,286,10265,1537,11802,-0.0512808,0.363081,-0.930346,2
5932,0,387,487,4178,62,281,11327,1372,12699,-0.0582393,0.362555,-0.930141,2
4258,0,305,366,3253,43,220,8445,956,9401,-0.0534236,0.329004,-0.942816,2
6873,0,448,567,5074,81,342,13385,1260,14645,-0.0315013,0.30069,-0.953201,2
4564,0,320,463,3471,55,222,9095,967,10062,-0.0343328,0.308968,-0.950453,2
4356,0,318,364,3324,57,210,8629,985,9614,-0.0314637,0.233699,-0.9718,2
5714,0,330,412,3861,81,260,10658,1483,12141,-0.038463,0.205301,-0.977943,2
5489,0,287,385,3376,82,205,9824,1483,11307,-0.0385905,0.192067,-0.980623,2
3701,0,177,208,1727,33,117,5963,1040,7003,-0.0360276,0.185204,-0.982039,2
5175,0,208,268,2472,58,158,8339,1667,10006,-0.0387228,0.209183,-0.97711,2
4888,0,186,236,1965,59,137,7471,1435,8906,-0.0404005,0.22628,-0.973224,2
6117,0,186,240,1927,67,137,8674,1513,10187,-0.0368187,0.255323,-0.966154,2
5014,0,165,217,1767,68,155,7386,1461,8847,-0.0404733,0.275404,-0.960476,2
4507,0,183,215,1443,42,142,6532,1448,7980,-0.0372909,0.298926,-0.953547,2
4780,0,154,179,1358,43,102,6616,1484,8100,-0.020088,0.391861,-0.919805,2
4032,0,122,166,1228,50,93,5691,1437,7128,-0.0258303,0.39948,-0.916378,2
3112,0,80,108,834,35,63,4232,1029,5261,-0.0367256,0.284982,-0.957829,2
2454,0,72,97,732,26,55,3436,974,4410,-0.0366627,0.289022,-0.95662,2
3962,0,111,154,1104,49,85,5465,1595,7060,-0.0262178,0.305401,-0.951863,2
3734,0,116,161,1166,54,89,5320,1572,6892,-0.0276325,0.301127,-0.953184,2
3755,0,126,191,1288,48,96,5504,1531,7035,-0.0291042,0.32548,-0.945101,2
3962,0,138,185,1462,43,105,5895,1567,7462,-0.0282591,0.323181,-0.945915,2
4020,0,170,219,1564,55,113,6141,1807,7948,-0.0376703,0.369713,-0.928382,2
3963,0,166,214,1776,43,126,6288,1436,7724,-0.0519568,0.371041,-0.927162,2
4080,0,180,232,1929,43,133,6597,1455,8052,-0.0517129,0.360161,-0.931456,2
4325,0,194,260,2108,46,147,7080,1485,8565,-0.0545252,0.335637,-0.940412,2
4335,0,214,278,2510,68,163,7568,1621,9189,-0.0491743,0.323529,-0.94494,2
4283,0,291,301,2596,50,218,7739,1774,9513,-0.0470625,0.307357,-0.95043,2
4227,0,237,304,2494,44,174,7480,1446,8926,-0.0419354,0.296419,-0.954137,2
4560,0,253,359,2675,51,211,8109,1747,9856,-0.0397278,0.298664,-0.953531,2
4418,0,264,358,2926,61,196,8223,1413,9636,-0.0383245,0.290747,-0.956032,2
4477,0,275,362,2940,68,227,8349,1559,9908,-0.0348664,0.25943,-0.965132,2
4761,0,281,410,3601,50,236,9339,1409,10748,-0.0402232,0.249404,-0.967564,2
4743,0,284,366,3123,57,217,8790,1401,10191,-0.0251524,0.247789,-0.968488,2
4659,0,287,444,3177,96,212,8875,1680,10555,-0.023078,0.223914,-0.974336,2
4573,0,328,372,3221,63,209,8766,1532,10298,-0.0289495,0.220452,-0.974968,2
4663,0,307,362,3384,67,210,8993,1476,10469,-0.0343216,0.228133,-0.973025,2
4597,0,321,360,3186,56,210,8730,1434,10164,-0.0320126,0.220836,-0.974786,2
4727,0,286,362,3154,51,211,8791,1522,10313,-0.0264307,0.228282,-0.973236,2
4959,0,284,375,2978,71,225,8892,1399,10291,-0.0226773,0.235168,-0.97169,2
4644,0,285,365,3025,55,206,8580,1266,9846,-0.0246674,0.222972,-0.974513,2
4619,0,287,373,3062,58,208,8607,1410,10017,-0.034047,0.211904,-0.976698,2
5372,0,340,509,3500,56,238,10015,1400,11415,-0.0334939,0.231436,-0.972273,2
5304,0,287,415,3285,63,211,9565,1507,11072,-0.0375632,0.225745,-0.973462,2
5209,0,352,439,3793,56,250,10099,1627,11726,-0.0315071,0.210984,-0.976982,2
5193,0,323,431,3192,50,206,9395,1471,10866,-0.0334473,0.220306,-0.974858,2
2160,0,152,167,1364,27,92,3962,629,4591,-0.0350405,0.219388,-0.975008,2
3829,0,236,305,2551,48,171,7140,1134,8274,-0.0402728,0.223717,-0.973822,2
3686,0,250,298,2509,51,169,6963,1229,8192,-0.0369305,0.230656,-0.972335,2
4885,0,287,361,3149,54,229,8965,1445,10410,-0.0383378,0.228064,-0.972892,2
4524,0,288,365,3127,62,206,8572,1440,10012,-0.0336721,0.213476,-0.976368,2
4519,0,289,408,3139,49,208,8612,1405,10017,-0.0299678,0.213347,-0.976517,2
5225,0,322,438,3308,57,219,9569,1401,10970,-0.0304811,0.198217,-0.979684,2
4522,0,308,364,3062,69,206,8531,1417,9948,-0.0337996,0.210381,-0.977035,2
4560,0,289,363,3166,79,214,8671,1405,10076,-0.0347085,0.210973,-0.976875,2
4542,0,286,366,3098,83,210,8585,1394,9979,-0.0335286,0.234698,-0.97149,2
4676,0,289,366,3128,67,211,8737,1417,10154,-0.0327927,0.22147,-0.974616,2
4769,0,472,505,3413,62,229,9450,1407,10857,-0.0349824,0.232975,-0.971854,2
4576,0,286,434,2992,47,207,8542,1411,9953,-0.0322349,0.212061,-0.976725,2
5051,0,445,422,3143,63,211,9335,1377,10712,-0.0353154,0.220074,-0.974844,2
4559,0,287,360,3158,51,210,8625,1389,10014,-0.0359147,0.210546,-0.976924,2
4714,0,288,365,3078,109,216,8770,1425,10195,-0.0355229,0.210989,-0.976843,2
5165,0,444,437,3110,66,213,9435,1406,10841,-0.036083,0.207061,-0.977662,2
4604,0,285,358,3070,92,224,8633,1401,10034,-0.0353773,0.21628,-0.975691,2
4573,0,312,366,3022,51,209,8533,1427,9960,-0.0324085,0.209184,-0.977339,2
4567,0,293,356,3032,60,207,8515,1366,9881,-0.0376848,0.219052,-0.974985,2
4582,0,285,359,3007,55,204,8492,1383,9875,-0.0368139,0.20558,-0.977948,2
4556,0,284,361,3216,56,213,8686,1416,10102,-0.031716,0.189291,-0.981409,2
4576,0,281,354,2995,50,202,8458,1411,9869,-0.0313939,0.196011,-0.980099,2
4911,0,283,365,3255,67,209,9090,1364,10454,-0.0113268,0.130433,-0.991393,2
4507,0,309,359,3030,63,255,8523,1572,10095,-0.037058,0.202527,-0.978575,2
4694,0,307,363,3073,53,207,8697,1364,10061,-0.0120039,0.130979,-0.991313,2
5337,0,285,417,3044,65,226,9374,1400,10774,-0.0324896,0.208108,-0.977566,2
4914,0,421,382,3148,52,206,9123,1083,10206,-0.0301027,0.195818,-0.980178,2
4714,0,329,409,3036,52,209,8749,1382,10131,-0.013004,0.1314,-0.991245,2
4555,0,284,355,3013,57,206,8470,1389,9859,-0.0342413,0.202145,-0.978757,2
4888,0,286,391,3078,49,210,8902,1418,10320,-0.0292435,0.194774,-0.980412,2
5790,0,322,443,3746,62,238,10601,1630,12231,-0.0343569,0.201299,-0.978927,2
5313,0,321,426,3356,75,235,9726,1950,11676,-0.0317634,0.203562,-0.978547,2
4621,0,287,361,2673,41,150,8133,992,9125,-0.0323917,0.19154,-0.98095,2
3089,0,198,246,2131,42,145,5851,944,6795,-0.0397209,0.211029,-0.976672,2
4617,0,286,361,3047,66,205,8582,1402,9984,-0.0298968,0.196864,-0.979975,2
6219,0,323,436,3386,70,231,10665,1626,12291,-0.0357401,0.201004,-0.978938,2
4590,0,293,360,3008,60,204,8515,1361,9876,-0.0323741,0.20501,-0.978224,2
4714,0,285,362,3026,64,209,8660,1359,10019,-0.0383914,0.205063,-0.977996,2
4628,0,285,363,3060,61,210,8607,1404,10011,-0.0142526,0.132163,-0.991125,2
4766,0,308,390,3368,56,209,9097,1441,10538,-0.0381128,0.206016,-0.977806,2
4837,0,285,370,3170,66,210,8938,1388,10326,-0.0361538,0.201045,-0.978915,2
4625,0,286,362,3067,63,231,8634,1376,10010,-0.0290552,0.191014,-0.981157,2
4682,0,289,360,2960,60,204,8555,1360,9915,-0.0314571,0.196998,-0.979899,2
4637,0,286,362,3130,50,227,8692,1385,10077,-0.0336799,0.197723,-0.979679,2
4564,0,282,355,3002,52,205,8460,1367,9827,-0.0301588,0.198669,-0.979603,2
5522,0,281,360,3104,52,208,9527,1392,10919,-0.0325153,0.204488,-0.978329,2
4548,0,284,358,2987,51,205,8433,1365,9798,-0.0321426,0.202197,-0.978817,2
4903,0,364,423,3035,57,207,8989,1462,10451,-0.015731,0.13766,-0.990355,2
4677,0,305,360,3371,85,223,9021,1406,10427,-0.0151698,0.137592,-0.990373,2
4760,0,281,355,3289,70,209,8964,1373,10337,-0.0175329,0.143252,-0.989531,2
4867,0,285,370,3085,63,233,8903,1499,10402,-0.0337291,0.212208,-0.976643,2
4657,0,300,388,3019,71,206,8641,1446,10087,-0.0332681,0.209455,-0.977252,2
4772,0,282,358,3194,60,214,8880,1404,10284,-0.0149539,0.138246,-0.990285,2
4532,0,282,358,3009,57,203,8441,1381,9822,-0.0329651,0.208764,-0.97741,2
4661,0,281,383,3264,57,208,8854,1402,10256,-0.0290457,0.188057,-0.981728,3
4635,0,289,414,3027,67,209,8641,1420,10061,-0.0145325,0.135018,-0.990737,3
4786,0,282,386,3194,61,208,8917,1401,10318,-0.017513,0.139429,-0.990078,3
4559,0,382,415,3132,62,210,8760,1467,10227,-0.0282941,0.206228,-0.978095,3
4698,0,286,360,3139,50,234,8767,1400,10167,-0.0440569,0.199599,-0.978887,3
4819,0,298,362,3097,55,210,8841,1446,10287,-0.0314379,0.219611,-0.975081,3
5223,0,293,454,3111,85,209,9375,1425,10800,-0.0537319,0.222052,-0.973553,3
4565,0,305,359,2922,53,202,8406,1438,9844,-0.0511317,0.236723,-0.970231,3
4817,0,285,370,3080,62,211,8825,1368,10193,-0.0276229,0.203768,-0.978629,3
4809,0,286,362,3037,52,250,8796,1424,10220,-0.0393149,0.227682,-0.972942,3
4792,0,285,377,3033,49,210,8746,1391,10137,-0.0304855,0.215949,-0.975928,3
5468,0,335,468,3338,79,233,9921,1714,11635,-0.0308542,0.210249,-0.977161,3
4803,0,301,358,3165,71,210,8908,1392,10300,-0.0300174,0.196497,-0.980045,3
4886,0,282,377,3137,68,208,8958,1438,10396,-0.0412889,0.222602,-0.974035,3
4753,0,282,356,3093,51,210,8745,1451,10196,-0.032252,0.222778,-0.974335,3
4646,0,283,358,2933,52,205,8477,1413,9890,-0.0322048,0.20552,-0.978123,3
5644,0,285,364,3251,64,206,9814,1408,11222,-0.0464009,0.213831,-0.975768,3
5004,0,444,494,3468,64,239,9713,1404,11117,-0.0288808,0.222062,-0.974605,3
4817,0,318,360,2961,67,206,8729,1379,10108,-0.0328751,0.187169,-0.981777,3
3213,0,201,245,2013,48,139,5859,1015,6874,-0.00658643,0.207693,-0.978172,3
4822,0,299,354,2940,87,211,8713,1425,10138,-0.0402568,0.22528,-0.973462,3
4799,0,286,372,3076,56,212,8801,1438,10239,-0.0361319,0.237441,-0.97073,3
4740,0,287,360,3033,70,210,8700,1380,10080,-0.0369841,0.212436,-0.976475,3
5091,0,308,363,2959,87,211,9019,1411,10430,-0.0419131,0.229724,-0.972353,3
5488,0,319,413,3382,52,208,9862,1649,11511,-0.00968031,0.220015,-0.975449,3
5459,0,317,409,3375,68,233,9861,1646,11507,-0.00399012,0.121902,-0.992534,3
5395,0,332,394,3197,59,223,9600,1596,11196,-0.00979292,0.124834,-0.99213,3
4940,0,265,336,2777,70,196,8584,1417,10001,-0.00874683,0.133283,-0.99104,3
5398,0,261,335,2710,55,192,8951,1432,10383,-0.00778199,0.10331,-0.994619,3
5653,0,264,339,2739,63,190,9248,1456,10704,-0.031187,0.217861,-0.975482,3
4776,0,268,337,2765,58,193,8397,1407,9804,-0.0246125,0.198598,-0.979772,3
5426,0,354,382,3247,100,225,9734,1552,11286,-0.0141959,0.205581,-0.978537,3
5235,0,271,365,2927,52,193,9043,1515,10558,-0.0197519,0.205507,-0.978456,3
5444,0,306,388,3204,54,207,9603,1436,11039,-0.0088898,0.122786,-0.992394,3
4920,0,385,358,2893,62,198,8816,1407,10223,-0.00219336,0.107946,-0.994154,3
4792,0,276,348,2917,60,200,8593,1414,10007,-0.0117376,0.127642,-0.991751,3
5704,0,311,398,3182,60,200,9855,1399,11254,-0.00315718,0.121013,-0.992646,3
5350,0,313,396,3670,66,243,10038,1522,11560,-0.00271143,0.120119,-0.992756,3
5655,0,307,393,3157,58,201,9771,1416,11187,0.0031043,0.112399,-0.993658,3
4924,0,271,347,2921,53,200,8716,1435,10151,-0.000847842,0.217799,-0.975993,3
4932,0,321,361,2855,55,199,8723,1516,10239,0.000105283,0.113892,-0.993493,3
5507,0,308,393,3296,57,229,9790,1570,11360,-0.00026805,0.115369,-0.993323,3
5434,0,275,401,3132,73,201,9516,1455,10971,-0.0109034,0.124784,-0.992124,3
5020,0,277,376,2851,51,200,8775,1555,10330,-0.0139368,0.195724,-0.98056,3
5000,0,276,354,3025,62,204,8921,1408,10329,-0.00647097,0.120445,-0.992699,3
5537,0,277,377,3128,104,223,9646,1466,11112,-0.0353428,0.22676,-0.97331,3
5509,0,370,401,3361,65,255,9961,1623,11584,-0.00998229,0.21947,-0.975568,3
5229,0,331,389,2913,73,213,9148,1466,10614,-0.000349972,0.111323,-0.993784,3
5086,0,274,351,2895,54,242,8902,1442,10344,-0.00499672,0.0929878,-0.995655,3
4932,0,316,353,2892,70,215,8778,1095,9873,-0.00701151,0.114421,-0.993408,3
5330,0,305,397,2849,58,194,9133,1423,10556,-0.00445159,0.110568,-0.993859,3
8548,0,481,598,4241,66,224,14158,1171,15329,-0.0064842,0.0972459,-0.995239,3
3649,0,204,261,2099,40,157,6410,1093,7503,-0.00430474,0.114142,-0.993455,3
5502,0,271,346,2833,68,219,9239,1510,10749,-0.0107176,0.119871,-0.992732,3
5968,0,330,401,3399,75,229,10402,1580,11982,-0.00743057,0.113547,-0.993505,3
5552,0,313,405,3216,37,151,9674,1128,10802,-0.0118324,0.0883579,-0.996018,3
3849,0,206,267,2201,59,149,6731,1076,7807,-0.00644117,0.117199,-0.993088,3
6079,0,314,409,3483,67,230,10582,1635,12217,-0.00528552,0.133914,-0.990979,3
5703,0,321,408,3444,57,237,10170,1647,11817,-0.0145844,0.141124,-0.989884,3
6093,0,363,378,3239,61,243,10377,1443,11820,-0.0429169,0.242703,-0.969151,3
5123,0,302,443,3268,64,221,9421,1424,10845,-0.0364623,0.243018,-0.969336,3
3574,0,224,269,2378,49,152,6646,1141,7787,-0.04066,0.241125,-0.969642,3
5766,0,339,435,3857,71,259,10727,1611,12338,-0.0394499,0.228862,-0.972659,3
5658,0,321,421,3512,60,244,10216,1605,11821,-0.0251186,0.238,-0.97094,3
5520,0,312,392,2988,55,142,9409,1072,10481,-0.0281842,0.242626,-0.969711,3
5336,0,267,340,2803,64,174,8984,1505,10489,-0.0317913,0.244968,-0.96901,3
5135,0,235,316,2560,65,182,8493,1581,10074,-0.0203267,0.226017,-0.973911,3
4815,0,190,251,2040,56,141,7493,1666,9159,-0.0340989,0.269762,-0.962323,3
4892,0,149,203,1572,46,116,6978,1706,8684,-0.0387065,0.356727,-0.933406,3
4813,0,127,174,1346,46,98,6604,1721,8325,-0.0385453,0.318865,-0.947016,3
3138,0,70,96,615,21,40,3980,852,4832,-0.024257,0.204936,-0.978475,3
4926,0,90,128,873,48,74,6139,1793,7932,0.00602215,0.215378,-0.976512,3
5123,0,83,129,876,48,69,6328,1721,8049,0.02298,0.247793,-0.968541,3
5306,0,85,120,828,58,72,6469,1775,8244,0.023025,0.248933,-0.968247,3
5388,0,82,114,807,48,65,6504,1931,8435,0.00655839,0.273199,-0.961935,3
5131,0,70,100,696,66,60,6123,1837,7960,-0.0115456,0.283303,-0.958961,3
4941,0,69,103,649,50,54,5866,1635,7501,-0.0182428,0.259785,-0.965494,3
4611,0,71,99,639,43,55,5518,1648,7166,-0.0172488,0.216206,-0.976196,3
5153,0,79,111,769,64,64,6240,1539,7779,-0.0336348,0.248354,-0.968085,3
5347,0,78,113,739,58,62,6397,1585,7982,-0.0242022,0.236629,-0.971299,3
4823,0,75,109,682,56,59,5804,1553,7357,-0.0178268,0.224097,-0.974404,3
4884,0,70,103,621,93,58,5829,1604,7433,-0.0200459,0.237275,-0.971236,3
4823,0,65,97,600,62,53,5700,1812,7512,-0.0470477,0.252331,-0.966497,3
4678,0,66,97,591,61,53,5546,1669,7215,-0.0860101,0.314719,-0.94528,3
4180,0,43,63,393,31,34,4744,1047,5791,-0.0697319,0.277052,-0.958321,3
3181,0,49,71,486,31,43,3861,1024,4885,-0.0565487,0.240799,-0.968927,3
4843,0,108,147,1120,41,89,6348,1577,7925,-0.0692883,0.293143,-0.953555,3
5212,0,195,258,2166,57,146,8034,1613,9647,-0.0570157,0.295168,-0.953743,3
5106,0,245,323,2710,53,207,8644,1400,10044,-0.0324168,0.260782,-0.964853,3
5032,0,312,423,3553,57,229,9606,1413,11019,-0.0342822,0.259873,-0.965034,3
5699,0,395,497,4391,72,346,11400,1426,12826,-0.0344138,0.268484,-0.962669,3
3904,0,277,345,3070,39,200,7835,958,8793,-0.00520968,0.219982,-0.97549,3
5046,0,379,474,4062,58,273,10292,1061,11353,0.0228741,0.183832,-0.982692,3
4820,0,358,417,3650,79,240,9564,1131,10695,0.00828454,0.170002,-0.985409,3
6331,0,407,533,4525,49,294,12139,1427,13566,-0.00689914,0.176606,-0.984257,3
4202,0,281,376,3295,44,203,8401,992,9393,-0.0081462,0.175867,-0.98438,3
5784,0,403,492,4103,63,292,11137,1294,12431,-0.0235689,0.186531,-0.982166,3
6197,0,412,518,4492,80,297,11996,1416,13412,-0.04536,0.170819,-0.984258,3
4211,0,290,367,3163,51,206,8288,1079,9367,-0.0440755,0.146466,-0.988233,3
6154,0,474,541,4724,70,303,12266,1519,13785,-0.0399739,0.149613,-0.987936,3
6132,0,448,698,5425,78,311,13092,1670,14762,-0.0287454,0.131454,-0.990905,3
6022,0,379,548,4327,37,191,11504,1041,12545,-0.0290513,0.135947,-0.99029,3
4677,0,244,307,2835,41,176,8280,1047,9327,-0.0299515,0.0950909,-0.995018,3
5498,0,330,414,3646,56,239,10183,1465,11648,-0.0201393,0.111455,-0.993565,3
5604,0,302,382,3432,57,222,9999,1415,11414,-0.0216039,0.0919815,-0.995526,3
4693,0,245,365,2664,41,176,8184,1278,9462,-0.0229691,0.12257,-0.992194,3
5118,0,240,305,2584,97,192,8536,1388,9924,-0.0246079,0.117351,-0.992786,3
5524,0,234,318,2224,78,155,8533,1514,10047,-0.0312938,0.116074,-0.992747,3
3214,0,135,163,1357,36,95,5000,964,5964,-0.0232776,0.126006,-0.991757,3
4868,0,156,211,1545,68,115,6963,1424,8387,-0.0207268,0.164861,-0.986099,3
4297,0,135,220,1475,48,106,6281,1537,7818,-0.0210935,0.182376,-0.983003,3
4073,0,124,167,1228,47,114,5753,1435,7188,-0.0202515,0.18348,-0.982815,3
3886,0,116,181,1178,51,92,5504,1480,6984,-0.0231472,0.221623,-0.974858,3
3812,0,111,152,1143,42,89,5349,1580,6929,-0.0260549,0.230051,-0.97283,3
3988,0,109,150,1144,51,89,5531,1697,7228,-0.0263271,0.23323,-0.972065,3
3742,0,107,174,1045,40,84,5192,1619,6811,-0.0217023,0.243648,-0.969621,3
3754,0,110,153,1191,50,90,5348,1830,7178,-0.0272741,0.222603,-0.974528,3
3759,0,119,161,1261,49,89,5438,1704,7142,-0.0382255,0.233828,-0.971526,3
3867,0,130,175,1357,43,98,5670,1713,7383,-0.0553557,0.276493,-0.95942,3
4619,0,145,195,1770,53,125,6907,1745,8652,-0.0625244,0.316683,-0.946468,3
4077,0,162,217,1716,46,142,6360,1662,8022,-0.0587872,0.306228,-0.950141,3
4091,0,215,294,2279,45,155,7079,1633,8712,-0.0336693,0.346132,-0.937582,3
4189,0,248,399,3223,58,186,8303,1572,9875,-0.00964646,0.3257,-0.945424,3
4668,0,273,344,2939,66,196,8486,1521,10007,0.0019798,0.331929,-0.943302,3
5463,0,320,453,3301,64,209,9810,1794,11604,0.00765158,0.318331,-0.947949,3
4851,0,296,370,3184,58,211,8970,1763,10733,-0.000429887,0.290489,-0.956878,3
5054,0,289,414,3236,38,164,9195,1119,10314,-0.0213055,0.297627,-0.954444,3
3339,0,266,360,2388,49,133,6535,1051,7586,-0.0258571,0.279742,-0.959727,3
4483,0,217,278,2327,59,157,7521,1434,8955,-0.0102115,0.28397,-0.958779,3
6032,0,201,294,2174,66,151,8918,1603,10521,0.00190499,0.263534,-0.964649,3
4204,0,147,192,1522,49,108,6222,1131,7353,0.00359957,0.265838,-0.964011,3
4276,0,126,171,1266,43,94,5976,1402,7378,-0.0179856,0.26434,-0.964262,3
4269,0,149,161,972,49,93,5693,1501,7194,-0.0464435,0.245546,-0.968272,3
4427,0,63,94,604,54,63,5305,1594,6899,-0.0534377,0.236101,-0.970258,3
5158,0,64,92,786,71,91,6262,2053,8315,-0.0477231,0.243476,-0.968732,3
4927,0,72,103,710,59,63,5934,2251,8185,-0.0246037,0.223477,-0.974398,3
4661,0,71,104,684,41,57,5618,1640,7258,0.00150554,0.208461,-0.97803,3
4651,0,71,102,733,48,62,5667,1467,7134,0.00741383,0.223696,-0.974631,3
4561,0,77,116,778,48,63,5643,1380,7023,0.0023965,0.233655,-0.972317,3
4704,0,79,111,789,41,66,5790,1426,7216,-0.00492757,0.236386,-0.971647,3
4303,0,82,118,832,57,70,5462,1480,6942,-0.017966,0.230653,-0.97287,3
4248,0,81,112,773,51,63,5328,1474,6802,-0.0387208,0.23652,-0.970855,3
4733,0,84,119,839,43,67,5885,1547,7432,-0.0561307,0.236077,-0.970112,3
4204,0,87,118,875,43,88,5415,1695,7110,-0.0531963,0.228907,-0.971994,3
4506,0,95,131,936,57,73,5798,1580,7378,-0.0433814,0.212388,-0.976222,3
4598,0,115,158,1190,84,107,6252,1842,8094,-0.0308372,0.217034,-0.975677,3
4744,0,148,222,1669,41,115,6939,1475,8414,-0.0362749,0.243344,-0.969261,3
5709,0,185,242,2084,60,168,8448,1497,9945,-0.0446663,0.239553,-0.969855,3
5024,0,234,332,2635,54,174,8453,1456,9909,-0.0506249,0.250084,-0.9669,3
5897,0,312,400,3658,51,257,10575,1406,11981,-0.034597,0.205777,-0.977987,3
4190,0,322,337,3037,42,196,8124,961,9085,-0.0220563,0.167176,-0.985681,3
6293,0,446,623,4815,60,313,12550,1354,13904,-0.0276015,0.192018,-0.981004,3
6488,0,465,626,4780,51,237,12647,1026,13673,-0.0170864,0.196139,-0.980427,3
6438,0,454,575,5200,97,329,13093,1467,14560,0.00405572,0.210052,-0.977682,3
4226,0,283,320,2906,42,187,7964,963,8927,0.00689966,0.173393,-0.984829,3
6431,0,280,463,3055,56,205,10490,1496,11986,0.00182649,0.190257,-0.981732,3
5309,0,230,294,2587,56,174,8650,1520,10170,0.00402224,0.161746,-0.986824,3
3998,0,138,179,1507,32,103,5957,976,6933,-0.00137593,0.128916,-0.991655,3
5026,0,185,243,2012,44,138,7648,1456,9104,-0.0224666,0.134904,-0.990604,3
4733,0,168,219,1780,56,124,7080,1371,8451,-0.0351323,0.152102,-0.98774,3
4514,0,149,196,1620,52,116,6647,1437,8084,-0.0379018,0.14838,-0.988204,3
4399,0,172,189,1495,44,109,6408,1776,8184,-0.0441693,0.146579,-0.988213,3
4515,0,135,183,1363,49,120,6365,1413,7778,-0.0503421,0.17062,-0.98405,3
4094,0,128,172,1367,49,99,5909,1436,7345,-0.0374928,0.198354,-0.979413,3
4820,0,141,193,1497,47,110,6808,1654,8462,-0.0319015,0.241078,-0.969981,3
3767,0,123,163,1296,45,95,5489,1666,7155,-0.0399365,0.232907,-0.971679,3
3838,0,122,164,1288,59,112,5583,1793,7376,-0.0616147,0.253377,-0.965403,3
3816,0,129,176,1313,50,97,5581,1800,7381,-0.0647304,0.232974,-0.970327,3
3834,0,148,206,1382,48,102,5720,1768,7488,-0.0870645,0.260894,-0.961433,3
4064,0,149,239,1584,64,119,6219,1783,8002,-0.09837,0.264073,-0.959473,3
4346,0,170,220,1790,53,126,6705,1941,8646,-0.10746,0.289983,-0.95098,3
4496,0,203,298,2309,54,177,7537,1969,9506,-0.0960332,0.304998,-0.947499,3
4407,0,241,333,2668,61,177,7887,1605,9492,-0.0624248,0.308785,-0.949081,3
5079,0,280,353,3343,76,206,9337,1657,10994,-0.0346639,0.390299,-0.920035,3
4974,0,312,414,2791,59,166,8716,1061,9777,-0.0214094,0.317045,-0.948169,3
2621,0,165,207,1901,31,120,5045,791,5836,-0.0062055,0.276289,-0.961055,3
3929,0,228,306,2654,40,166,7323,1214,8537,-0.00845243,0.285631,-0.958302,3
4302,0,194,249,2050,46,140,6981,1374,8355,-0.015192,0.23725,-0.97133,3
4891,0,129,179,1335,51,101,6686,1610,8296,-0.0445673,0.423097,-0.904988,3
4302,0,80,112,803,63,44,5404,970,6374,-0.0360035,0.336849,-0.94087,3
3016,0,48,68,455,25,37,3649,813,4462,-0.0265263,0.273936,-0.961382,3
4571,0,66,97,640,46,56,5476,1421,6897,-0.0410338,0.265275,-0.963299,3
4699,0,65,93,617,64,60,5598,1819,7417,-0.0309146,0.245986,-0.968781,3
4917,0,68,100,633,48,53,5819,1727,7546,-0.013892,0.24373,-0.969744,3
4702,0,58,84,533,47,46,5470,1482,6952,-0.0091446,0.2299,-0.973171,3
4971,0,53,110,520,51,49,5754,1570,7324,-0.00788678,0.273916,-0.961721,3
1832,0,20,32,179,17,16,2096,609,2705,-0.00434903,0.223914,-0.974599,3
4488,0,70,112,406,46,39,5161,1575,6736,-0.00200905,0.191175,-0.981554,3
4424,0,29,53,230,46,26,4808,1440,6248,0.00698968,0.171062,-0.985235,3
4935,0,23,50,179,37,22,5246,1413,6659,0.00263624,0.210066,-0.977684,3
4024,0,22,43,187,42,21,4339,1512,5851,0.0186242,0.210984,-0.977312,3
4175,0,34,57,281,34,30,4611,1608,6219,0.0228523,0.20695,-0.978085,3
4158,0,54,81,495,36,44,4868,1524,6392,0.0204622,0.186603,-0.982222,3
4172,0,81,113,839,55,70,5330,1424,6754,0.0138679,0.17756,-0.984012,3
4417,0,113,155,1114,39,86,5924,1417,7341,-0.0230554,0.214032,-0.976554,3
4615,0,166,198,1535,44,114,6672,1569,8241,-0.0171984,0.197009,-0.980251,3
3126,0,117,155,1123,26,66,4613,741,5354,-0.0169889,0.167399,-0.985743,3
2904,0,123,161,1305,34,90,4617,852,5469,-0.0162191,0.152452,-0.988178,3
4948,0,286,354,2783,72,187,8630,1410,10040,-0.0077202,0.149021,-0.988804,3
5477,0,332,438,3675,56,242,10220,1410,11630,0.00637665,0.179057,-0.983818,3
5750,0,396,507,4119,34,196,11002,982,11984,0.000917132,0.155627,-0.987816,3
5423,0,394,494,4416,58,307,11092,1285,12377,0.0113604,0.16034,-0.986996,3
5689,0,415,517,4514,70,296,11501,1379,12880,0.0310416,0.139248,-0.989771,3
5600,0,409,488,4128,58,290,10973,1260,12233,0.0118373,0.148753,-0.988803,3
6016,0,408,506,5015,77,303,12325,1600,13925,-0.0518411,0.199296,-0.978567,3
2942,0,172,227,1647,21,99,5108,744,5852,-0.0233883,0.117179,-0.992836,3
5287,0,254,333,2693,55,185,8807,1085,9892,-0.007889,0.109153,-0.993994,3
4553,0,182,232,1897,41,132,7037,1463,8500,0.00378625,0.0858026,-0.996305,3
4914,0,178,230,2121,54,137,7634,1471,9105,-0.0111259,0.107593,-0.994133,3
5240,0,166,219,1670,63,121,7479,1477,8956,-0.015275,0.0978973,-0.995079,3
4864,0,151,198,1565,55,114,6947,1460,8407,-0.0325732,0.284847,-0.958019,3
3698,0,95,127,951,49,71,4991,948,5939,-0.0240361,0.197559,-0.979996,3
3406,0,108,142,1002,36,78,4772,1014,5786,-0.0262306,0.160598,-0.986671,3
4121,0,111,153,1157,44,86,5672,1422,7094,-0.0363019,0.22442,-0.973817,3
3819,0,84,115,812,39,65,4934,1398,6332,-0.039066,0.240812,-0.969785,3
3708,0,82,113,827,68,68,4866,1573,6439,-0.0401358,0.256947,-0.965592,3
3792,0,98,134,986,76,76,5162,1572,6734,-0.0412708,0.29296,-0.955234,3
4247,0,134,180,1391,39,105,6096,1771,7867,-0.0309869,0.288604,-0.956947,3
4148,0,137,184,1446,42,105,6062,1509,7571,-0.0198407,0.41857,-0.907968,3
4854,0,181,241,2021,45,123,7465,1534,8999,-0.00519518,0.420843,-0.907118,3
5033,0,206,267,2296,63,155,8020,1477,9497,-0.00484948,0.3199,-0.947439,3
4318,0,250,316,2828,62,184,7958,1576,9534,0.00235871,0.408559,-0.912729,3
4650,0,318,369,3369,68,210,8984,1677,10661,0.0101992,0.341653,-0.939771,3
4856,0,342,414,3896,53,223,9784,1695,11479,0.0257478,0.286613,-0.9577,3
5002,0,325,440,3737,99,239,9842,1438,11280,0.0202542,0.230816,-0.972787,3
4888,0,336,446,3635,59,265,9629,1485,11114,0.0234377,0.201746,-0.979157,3
5008,0,342,427,3710,59,243,9789,1411,11200,0.0197433,0.182795,-0.982953,3
5635,0,365,463,3851,59,250,10623,1440,12063,0.0123004,0.16092,-0.986891,3
5084,0,351,442,3984,57,255,10173,1493,11666,0.0141173,0.145572,-0.989247,3
5286,0,355,460,3992,62,309,10464,1477,11941,0.0209614,0.134484,-0.990694,3
5890,0,425,473,3949,56,252,11045,1479,12524,0.022613,0.119215,-0.992611,3
5052,0,353,436,3927,56,251,10075,1569,11644,0.0216431,0.118295,-0.992742,3
6064,0,405,547,5367,86,296,12765,1763,14528,0.0264455,0.104948,-0.994126,3
3680,0,207,257,2310,28,146,6628,840,7468,0.0352785,0.0946174,-0.994889,3
1916,0,180,215,1575,29,88,4003,505,4508,0.0436352,0.0965461,-0.994372,3
2023,0,150,186,1640,21,105,4125,654,4779,0.0456042,0.0938085,-0.994545,3
5281,0,387,483,4355,57,279,10842,1490,12332,0.0485109,0.0913784,-0.994634,3
5155,0,383,491,4247,53,245,10574,1126,11700,0.0399664,0.0972616,-0.994456,3
3508,0,266,331,2943,51,188,7287,1047,8334,0.0394456,0.0959209,-0.994607,3
5154,0,402,523,4388,77,279,10823,1526,12349,0.0389016,0.0996785,-0.994259,3
6128,0,384,484,4370,67,278,11711,1549,13260,0.041299,0.0995763,-0.994173,3
3632,0,265,341,2942,37,194,7411,1144,8555,0.0410801,0.104765,-0.993648,3
5227,0,382,478,4353,70,280,10790,1536,12326,0.0398759,0.109953,-0.993137,3
5213,0,591,661,4286,57,276,11084,1634,12718,0.0389447,0.107811,-0.993408,3
4616,0,343,454,3848,69,276,9606,1426,11032,0.0368991,0.106235,-0.993656,3
4677,0,344,456,3912,51,280,9720,1360,11080,0.0442643,0.104739,-0.993514,3
4881,0,344,442,3896,66,248,9877,1396,11273,0.0398968,0.103981,-0.993779,3
5114,0,344,459,3942,66,279,10204,1508,11712,0.0382104,0.101529,-0.994098,3
3305,0,247,310,2771,71,179,6883,1028,7911,0.0422541,0.103734,-0.993707,3
5229,0,385,519,4518,56,331,11038,1612,12650,0.0426222,0.10191,-0.99388,3
5462,0,386,523,4519,55,282,11227,1202,12429,0.0409067,0.10219,-0.993923,3
3612,0,264,329,2914,38,186,7343,1159,8502,0.039167,0.106458,-0.993545,3
3372,0,246,314,2714,33,175,6854,1063,7917,0.0390259,0.110007,-0.993164,3
5202,0,403,479,4250,82,275,10691,1672,12363,0.0495756,0.110489,-0.99264,3
5181,0,414,504,4353,67,280,10799,1584,12383,0.0518873,0.11596,-0.991898,3
5298,0,379,498,4165,64,271,10675,1397,12072,0.0508284,0.117381,-0.991785,3
5234,0,394,499,4296,69,277,10769,1616,12385,0.0410085,0.115715,-0.992436,3
5196,0,376,472,4278,72,274,10668,1607,12275,0.0353917,0.10784,-0.993538,3
5312,0,376,508,4141,68,310,10715,1610,12325,0.0415354,0.103717,-0.993739,3
5259,0,410,498,4335,55,275,10832,1593,12425,0.041837,0.105639,-0.993524,3
5230,0,405,527,4205,56,279,10702,1400,12102,0.0409658,0.103221,-0.993814,3
3533,0,296,348,2937,39,187,7340,968,8308,0.0472417,0.106227,-0.993219,3
5167,0,374,469,4240,74,296,10620,1514,12134,0.032123,0.103798,-0.99408,3
5213,0,432,501,4230,67,283,10726,1514,12240,0.0372374,0.108742,-0.993372,3
5198,0,391,474,4244,57,274,10638,1546,12184,0.0474166,0.118446,-0.991828,3
5231,0,394,508,4262,68,283,10746,1310,12056,0.0436668,0.122357,-0.991525,3
2700,0,196,209,1790,27,117,5039,629,5668,0.0439128,0.109401,-0.993027,3
2449,0,193,225,2009,31,132,5039,696,5735,0.0455288,0.109378,-0.992957,3
5197,0,379,474,4305,55,275,10685,1483,12168,0.038384,0.0999579,-0.994251,3
5237,0,372,475,4125,98,271,10578,1642,12220,0.0364898,0.103589,-0.993951,3
5245,0,371,489,4195,83,279,10662,1544,12206,0.0360438,0.106105,-0.993702,3
3505,0,267,325,2892,57,187,7233,1063,8296,0.0361016,0.110736,-0.993194,3
5117,0,376,468,4163,61,265,10450,1628,12078,0.0366249,0.110446,-0.993207,3
5007,0,377,471,4151,58,275,10339,1323,11662,0.0397187,0.105454,-0.993631,3
5092,0,374,478,4304,70,272,10590,1566,12156,0.0356069,0.11057,-0.99323,3
5132,0,382,470,4225,74,274,10557,1272,11829,0.0328826,0.113381,-0.993007,3
3596,0,261,324,2950,36,189,7356,999,8355,0.0287267,0.116306,-0.992798,3
5205,0,429,476,4228,73,273,10684,1527,12211,0.0375333,0.113444,-0.992835,3
5183,0,377,471,4258,66,315,10670,1453,12123,0.0335042,0.117851,-0.992466,3
5186,0,377,474,4308,72,274,10691,1642,12333,0.0413852,0.109329,-0.993143,3
3989,0,258,322,2840,50,184,7643,1089,8732,0.0379174,0.10677,-0.99356,3
5150,0,375,561,4180,75,271,10612,1589,12201,0.0336538,0.107554,-0.99363,3
4773,0,346,422,3589,38,169,9337,1000,10337,0.0333309,0.110286,-0.993341,3
3861,0,281,357,3145,58,198,7900,1087,8987,0.040913,0.102408,-0.993901,3
5227,0,421,475,4337,68,273,10801,1556,12357,0.0389201,0.10717,-0.993479,3
5164,0,476,523,4196,66,270,10695,1563,12258,0.0367603,0.108611,-0.993404,3
5300,0,376,469,4251,64,272,10732,1466,12198,0.0370416,0.105992,-0.993677,3
4671,0,337,426,3735,59,244,9472,1360,10832,0.042278,0.10355,-0.993725,3
5192,0,421,474,4300,69,273,10729,1662,12391,0.0378937,0.108194,-0.993407,3
5223,0,375,471,4366,63,340,10838,1191,12029,0.0354216,0.108745,-0.993438,3
2708,0,198,270,2217,53,144,5590,818,6408,0.0363687,0.107183,-0.993574,3
4770,0,339,424,3874,56,246,9709,1415,11124,0.0385984,0.105264,-0.993695,3
4672,0,367,426,3849,60,243,9617,1537,11154,0.033151,0.108473,-0.993547,3
5242,0,376,472,4245,50,272,10657,1594,12251,0.0322102,0.107866,-0.993643,3
5254,0,376,495,4163,71,270,10629,1478,12107,0.038189,0.105465,-0.993689,3
3558,0,261,324,2889,45,186,7263,1036,8299,0.0366087,0.105418,-0.993754,3
4967,0,335,422,3837,58,244,9863,1468,11331,0.0343578,0.108703,-0.99348,3
4642,0,338,421,3783,59,279,9522,1352,10874,0.0364459,0.105129,-0.993791,3
4637,0,337,419,3775,63,241,9472,1469,10941,0.0318559,0.105606,-0.993898,3
5766,0,336,458,3836,80,197,10673,957,11630,0.0327796,0.112739,-0.993084,3
2570,0,186,230,2034,40,131,5191,752,5943,0.0371347,0.104577,-0.993823,3
5153,0,381,465,4201,61,270,10531,1513,12044,0.0303913,0.107742,-0.993714,3
4621,0,338,421,3750,62,240,9432,1324,10756,0.0314443,0.106169,-0.993851,3
5272,0,372,497,4125,58,266,10590,1487,12077,0.0396488,0.103592,-0.993829,3
6072,0,370,463,4173,74,268,11420,1453,12873,0.0390011,0.101525,-0.994068,3
5043,0,328,408,3642,57,234,9712,1312,11024,0.0299099,0.110677,-0.993406,3
4692,0,319,414,3548,65,229,9267,1350,10617,0.0329639,0.110457,-0.993334,3
4774,0,322,420,3701,53,235,9505,1447,10952,0.032229,0.107042,-0.993732,3
5094,0,405,474,3759,65,232,10029,1349,11378,0.0386367,0.104882,-0.993734,3
4982,0,328,418,3783,52,240,9803,1414,11217,0.0358207,0.106712,-0.993644,3
4900,0,330,411,3620,55,237,9553,1402,10955,0.029698,0.110027,-0.993485,3
