Downsample[ns],BuildFilTree[ns],SearchFil[ns],DeleteFil[ns],BuildTreeSub[ns],SearchSub[ns],DeleteSub[ns],PreProcTotal[ns],Plane[ns],Total[ns],nx,ny,nz,planeCount
6977,0,0,0,0,1528,399,8904,1489,10393,-0.00539845,0.0340052,-0.999407,0
6143,0,0,0,0,1043,251,7437,4063,11500,-0.00526674,0.0307374,-0.999514,0
6488,0,0,0,0,1040,271,7799,4458,12257,-0.00453928,0.0297206,-0.999548,0
4414,0,0,0,0,744,173,5331,2907,8238,-0.00557969,0.029038,-0.999563,0
6071,0,0,0,0,1041,248,7360,4220,11580,-0.00593408,0.0280144,-0.99959,0
6489,0,0,0,0,1053,249,7791,4300,12091,-0.00630542,0.0264768,-0.999629,0
6261,0,0,0,0,1046,250,7557,4211,11768,-0.00609516,0.0280761,-0.999588,0
6044,0,0,0,0,1054,249,7347,4351,11698,-0.00661367,0.0269431,-0.999615,0
5949,0,0,0,0,1086,251,7286,3881,11167,-0.00671332,0.0279196,-0.999588,0
4274,0,0,0,0,747,174,5195,2857,8052,-0.00830745,0.0323175,-0.999443,0
6104,0,0,0,0,1136,269,7509,4299,11808,-0.00432461,0.031831,-0.999484,0
6698,0,0,0,0,1102,282,8082,3943,12025,-0.00385414,0.0324801,-0.999465,0
4221,0,0,0,0,716,173,5110,2857,7967,-0.00381541,0.0287759,-0.999579,0
6079,0,0,0,0,1041,248,7368,4091,11459,-0.00429344,0.0266436,-0.999636,0
5909,0,0,0,0,1059,258,7226,4140,11366,-0.00459681,0.02538,-0.999667,0
6129,0,0,0,0,1086,272,7487,4290,11777,-0.00539605,0.0249933,-0.999673,0
5940,0,0,0,0,1068,260,7268,4291,11559,-0.00624128,0.0261299,-0.999639,0
5998,0,0,0,0,1065,255,7318,4396,11714,-0.00491392,0.0241141,-0.999697,0
5942,0,0,0,0,1052,249,7243,4339,11582,-0.00619374,0.0241339,-0.99969,0
5993,0,0,0,0,1073,251,7317,4289,11606,-0.00340335,0.0240653,-0.999705,0
6028,0,0,0,0,1071,254,7353,4074,11427,-0.00280523,0.0266673,-0.999641,0
6022,0,0,0,0,1056,252,7330,4514,11844,-0.00391607,0.0255365,-0.999666,0
6833,0,0,0,0,1228,305,8366,4842,13208,-0.00197964,0.0241649,-0.999706,0
6911,0,0,0,0,1246,287,8444,4687,13131,-0.00597605,0.0262556,-0.999637,0
4433,0,0,0,0,835,191,5459,3212,8671,-0.00825242,0.0267337,-0.999609,0
6551,0,0,0,0,1048,293,7892,4543,12435,-0.00591819,0.0282863,-0.999582,0
6045,0,0,0,0,1062,250,7357,4216,11573,-0.00688069,0.0286919,-0.999565,0
6282,0,0,0,0,1107,258,7647,4745,12392,-0.00816241,0.027828,-0.999579,0
6089,0,0,0,0,1060,253,7402,4398,11800,-0.00818171,0.0272519,-0.999595,0
4230,0,0,0,0,732,198,5160,3216,8376,-0.00802893,0.0283502,-0.999566,0
5545,0,0,0,0,983,243,6771,3943,10714,-0.00855188,0.0310004,-0.999483,0
6506,0,0,0,0,1064,253,7823,4557,12380,-0.00835926,0.0305309,-0.999499,0
6245,0,0,0,0,1066,254,7565,3920,11485,-0.00505262,0.0310431,-0.999505,0
6649,0,0,0,0,1090,255,7994,4634,12628,-0.00807381,0.0314979,-0.999471,0
6132,0,0,0,0,1061,290,7483,4085,11568,-0.00354818,0.0306933,-0.999523,0
5784,0,0,0,0,967,229,6980,4106,11086,-0.00645605,0.0310068,-0.999498,0
6404,0,0,0,0,1065,256,7725,4610,12335,-0.00599524,0.0305574,-0.999515,0
6260,0,0,0,0,1067,254,7581,4445,12026,-0.00489676,0.0284387,-0.999583,0
4160,0,0,0,0,993,197,5350,3437,8787,-0.00644515,0.0284623,-0.999574,0
5952,0,0,0,0,1089,277,7318,4792,12110,-0.0090168,0.0297279,-0.999517,0
6273,0,0,0,0,1063,254,7590,4646,12236,-0.00986454,0.0317625,-0.999447,0
6328,0,0,0,0,1075,284,7687,4664,12351,-0.0079898,0.0324746,-0.999441,0
6058,0,0,0,0,1067,252,7377,4069,11446,-0.00848033,0.033175,-0.999414,0
4876,0,0,0,0,738,176,5790,3155,8945,-0.00803007,0.0310685,-0.999485,0
5424,0,0,0,0,969,226,6619,4232,10851,-0.0082843,0.0280943,-0.999571,0
6403,0,0,0,0,1073,255,7731,4831,12562,-0.00868275,0.0259402,-0.999626,0
6803,0,0,0,0,1108,269,8180,4515,12695,-0.00380621,0.0257318,-0.999661,0
4149,0,0,0,0,754,177,5080,3306,8386,0.00188343,0.0272438,-0.999627,0
6305,0,0,0,0,1099,261,7665,4420,12085,0.0038074,0.027573,-0.999613,0
5985,0,0,0,0,1095,257,7337,4729,12066,-0.0032909,0.0274073,-0.999619,0
6261,0,0,0,0,1108,264,7633,4983,12616,-0.00681215,0.0294607,-0.999543,0
5889,0,0,0,0,990,244,7123,4638,11761,-0.00761219,0.0284262,-0.999567,0
6006,0,0,0,0,1155,264,7425,3402,10827,-0.00467357,0.0304317,-0.999526,0
4072,0,0,0,0,729,183,4984,2974,7958,-0.00556558,0.0341856,-0.9994,0
6067,0,0,0,0,1103,264,7434,4264,11698,-0.00654672,0.0347333,-0.999375,0
6048,0,0,0,0,1138,280,7466,4953,12419,-0.00689198,0.03468,-0.999375,0
4466,0,0,0,0,865,200,5531,3204,8735,-0.00940783,0.035808,-0.999315,0
5492,0,0,0,0,998,238,6728,4369,11097,-0.00692096,0.0376501,-0.999267,0
6185,0,0,0,0,1146,264,7595,4883,12478,-0.00657839,0.0390737,-0.999215,0
4371,0,0,0,0,778,181,5330,3373,8703,-0.00787158,0.0430207,-0.999043,0
5820,0,0,0,0,997,241,7058,3987,11045,-0.0078687,0.0440874,-0.998997,0
6611,0,0,0,0,1079,257,7947,4351,12298,-0.00712995,0.0447183,-0.998974,0
5976,0,0,0,0,1145,261,7382,3967,11349,-0.00788784,0.0432841,-0.999032,0
5576,0,0,0,0,965,228,6769,3530,10299,-0.00891716,0.0387464,-0.999209,0
6542,0,0,0,0,1096,258,7896,4230,12126,-0.00892653,0.0359349,-0.999314,0
6058,0,0,0,0,1075,255,7388,4371,11759,-0.0082942,0.0347097,-0.999363,0
5064,0,0,0,0,749,183,5996,2977,8973,-0.00858972,0.0336079,-0.999398,0
6476,0,0,0,0,1120,258,7854,4636,12490,-0.00701247,0.0326708,-0.999442,0
6215,0,0,0,0,1076,294,7585,4736,12321,-0.00584127,0.032331,-0.99946,0
8725,0,0,0,0,1609,378,10712,5633,16345,-0.00676169,0.0329256,-0.999435,0
4238,0,0,0,0,746,177,5161,2878,8039,-0.0104923,0.033017,-0.9994,0
6028,0,0,0,0,1076,253,7357,4297,11654,-0.00818138,0.034506,-0.999371,0
5944,0,0,0,0,1075,264,7283,4592,11875,-0.00738937,0.0344177,-0.99938,0
6018,0,0,0,0,1080,254,7352,4544,11896,-0.00399041,0.0338834,-0.999418,0
5999,0,0,0,0,1094,256,7349,4560,11909,-0.00459155,0.0332096,-0.999438,0
5950,0,0,0,0,1081,255,7286,4261,11547,-0.00619729,0.034763,-0.999376,0
5946,0,0,0,0,1082,256,7284,4370,11654,-0.00589891,0.0326861,-0.999448,0
5975,0,0,0,0,1093,254,7322,4298,11620,-0.00494851,0.0315212,-0.999491,0
6006,0,0,0,0,1081,254,7341,4459,11800,-0.00679126,0.0330682,-0.99943,0
6063,0,0,0,0,1077,257,7397,4257,11654,-0.00591779,0.0340747,-0.999402,0
5930,0,0,0,0,1064,263,7257,4298,11555,-0.00693414,0.0348513,-0.999368,0
5923,0,0,0,0,1059,250,7232,4170,11402,-0.00679591,0.0379959,-0.999255,0
6083,0,0,0,0,1064,255,7402,4388,11790,-0.00762153,0.0440832,-0.998999,0
4139,0,0,0,0,728,173,5040,2744,7784,-0.00873022,0.0494967,-0.998736,0
5975,0,0,0,0,1044,253,7272,3201,10473,-0.00727192,0.0545839,-0.998483,0
6033,0,0,0,0,1450,316,7799,2547,10346,-0.00989287,0.0669242,-0.997709,0
6443,0,0,0,0,1034,247,7724,2284,10008,-0.00522591,0.0805771,-0.996735,0
5955,0,0,0,0,994,236,7185,1711,8896,-0.00597246,0.0939249,-0.995561,0
5822,0,0,0,0,956,241,7019,1334,8353,-0.00351969,0.101472,-0.994832,0
5762,0,0,0,0,1035,245,7042,1711,8753,-0.0110835,0.117571,-0.993003,0
5874,0,0,0,0,962,224,7060,2276,9336,-0.0016012,0.121656,-0.992571,0
6628,0,0,0,0,950,219,7797,2334,10131,-0.0110137,0.112915,-0.993544,0
6173,0,0,0,0,867,198,7238,2207,9445,-0.0246956,0.115474,-0.993003,0
5766,0,0,0,0,782,181,6729,2061,8790,-0.0456013,0.136857,-0.989541,0
5685,0,0,0,0,725,170,6580,2033,8613,-0.0219713,0.120624,-0.992455,0
5621,0,0,0,0,677,163,6461,2253,8714,-0.014889,0.128966,-0.991537,0
5778,0,0,0,0,659,159,6596,2029,8625,-0.00274909,0.154696,-0.987959,0
6025,0,0,0,0,617,149,6791,2144,8935,-0.00712064,0.166329,-0.986045,0
5715,0,0,0,0,626,144,6485,2803,9288,-0.022298,0.18042,-0.983337,0
5761,0,0,0,0,560,139,6460,2176,8636,-0.0120015,0.174636,-0.98456,0
5695,0,0,0,0,524,130,6349,2420,8769,-0.0189904,0.166343,-0.985885,0
5788,0,0,0,0,468,117,6373,2168,8541,-0.0213259,0.172606,-0.98476,0
5923,0,0,0,0,414,104,6441,2243,8684,-0.0140475,0.174997,-0.984469,0
5305,0,0,0,0,405,94,5804,2151,7955,0.00707749,0.155447,-0.987819,0
5974,0,0,0,0,380,98,6452,2359,8811,0.016867,0.131674,-0.99115,0
6153,0,0,0,0,351,101,6605,1950,8555,0.0178233,0.163269,-0.986421,0
6057,0,0,0,0,369,94,6520,2119,8639,0.00864559,0.134071,-0.990934,0
6033,0,0,0,0,330,98,6461,1864,8325,-0.0138912,0.178864,-0.983776,0
5587,0,0,0,0,456,115,6158,1782,7940,-0.0161839,0.156081,-0.987612,0
5465,0,0,0,0,367,93,5925,1686,7611,-0.00754325,0.134535,-0.99088,0
6184,0,0,0,0,416,143,6743,1360,8103,-0.0157093,0.144781,-0.989339,0
5132,0,0,0,0,394,102,5628,1424,7052,-0.0143754,0.136425,-0.990546,0
5827,0,0,0,0,462,124,6413,1661,8074,-0.0234193,0.143307,-0.989401,0
6403,0,0,0,0,599,170,7172,1648,8820,-0.0129719,0.142343,-0.989733,0
6672,0,0,0,0,622,163,7457,1452,8909,-0.00511,0.130159,-0.99148,0
6689,0,0,0,0,630,172,7491,1282,8773,-0.00510199,0.192227,-0.981337,0
5914,0,0,0,0,690,168,6772,688,7460,0.0268016,-0.000817744,-0.99964,0
6983,0,0,0,0,879,218,8080,3060,11140,-0.00321822,0.10648,-0.99431,0
7014,0,0,0,0,994,236,8244,1579,9823,-0.0173053,0.173352,-0.984708,0
6912,0,0,0,0,1077,261,8250,1662,9912,0.000484877,0.222319,-0.974974,0
7092,0,0,0,0,1230,289,8611,1347,9958,-0.0144139,0.140091,-0.990034,0
6667,0,0,0,0,1154,271,8092,2079,10171,-0.0115004,0.148699,-0.988816,0
5837,0,0,0,0,1043,242,7122,3548,10670,-0.0165484,0.135163,-0.990685,0
6304,0,0,0,0,1057,249,7610,4635,12245,0.00842223,0.15868,-0.987294,0
4252,0,0,0,0,645,152,5049,3745,8794,0.0182676,0.14403,-0.989405,0
6933,0,0,0,0,905,215,8053,5886,13939,-0.0036092,0.190199,-0.981739,0
5890,0,0,0,0,656,154,6700,4521,11221,-0.00201795,0.135728,-0.990744,0
5151,0,0,0,0,506,122,5779,4272,10051,-0.00886257,0.155392,-0.987813,0
6274,0,0,0,0,512,121,6907,4049,10956,-0.0137328,0.154687,-0.987868,0
6337,0,0,0,0,541,129,7007,3842,10849,-0.017041,0.195735,-0.980509,0
5857,0,0,0,0,470,112,6439,2959,9398,-0.0246103,0.182441,-0.982909,0
5728,0,0,0,0,495,119,6342,2640,8982,-0.0301773,0.257926,-0.965694,0
6161,0,0,0,0,501,121,6783,2447,9230,-0.0340136,0.244971,-0.968934,0
5718,0,0,0,0,477,134,6329,2452,8781,-0.0277006,0.260318,-0.965126,0
5737,0,0,0,0,475,117,6329,2199,8528,-0.0039175,0.293344,-0.955999,0
5744,0,0,0,0,492,121,6357,2112,8469,-0.0136025,0.257679,-0.966135,0
5651,0,0,0,0,523,126,6300,2034,8334,-0.0144306,0.287884,-0.957557,0
6113,0,0,0,0,627,148,6888,1915,8803,-0.026167,0.319711,-0.947154,0
6039,0,0,0,0,673,165,6877,1959,8836,-0.0257963,0.346258,-0.937785,0
5865,0,0,0,0,768,183,6816,1918,8734,-0.0102079,0.37757,-0.925925,0
5959,0,0,0,0,876,223,7058,1933,8991,-0.00298785,0.427176,-0.904164,0
6170,0,0,0,0,999,284,7453,2556,10009,0.00818067,0.382389,-0.923965,0
6159,0,0,0,0,1121,262,7542,2942,10484,0.00322528,0.361037,-0.932546,0
5608,0,0,0,0,958,243,6809,2011,8820,0.0137983,0.310595,-0.950442,0
5879,0,0,0,0,961,220,7060,2335,9395,0.0264228,0.332227,-0.942829,0
6107,0,0,0,0,832,189,7128,2598,9726,0.0147589,0.349473,-0.93683,0
6087,0,0,0,0,681,166,6934,2217,9151,0.029084,0.290793,-0.956344,0
5810,0,0,0,0,617,148,6575,1830,8405,0.0367597,0.279723,-0.959377,0
5992,0,0,0,0,599,145,6736,1911,8647,0.029844,0.228408,-0.973108,0
5656,0,0,0,0,576,139,6371,1860,8231,0.0203984,0.243821,-0.969606,0
5663,0,0,0,0,567,142,6372,1884,8256,0.0176254,0.202516,-0.97912,0
5561,0,0,0,0,439,106,6106,2106,8212,0.0085029,0.222527,-0.97489,0
5700,0,0,0,0,364,89,6153,2138,8291,0.0120903,0.183871,-0.982876,0
5654,0,0,0,0,320,80,6054,2150,8204,0.00962824,0.216456,-0.976245,0
5348,0,0,0,0,321,79,5748,1879,7627,0.00994192,0.168418,-0.985666,0
5314,0,0,0,0,297,73,5684,1903,7587,0.0108307,0.219694,-0.975509,0
5417,0,0,0,0,327,84,5828,2002,7830,0.0152118,0.186153,-0.982403,0
5514,0,0,0,0,347,92,5953,1942,7895,0.00343066,0.225128,-0.974323,0
5781,0,0,0,0,382,102,6265,1757,8022,0.0227842,0.13389,-0.990734,0
6016,0,0,0,0,431,114,6561,1861,8422,-0.00196405,0.205792,-0.978594,0
5886,0,0,0,0,479,127,6492,1529,8021,0.0139151,0.137431,-0.990414,0
6025,0,0,0,0,538,140,6703,1602,8305,0.0115858,0.156705,-0.987577,0
5764,0,0,0,0,583,147,6494,1618,8112,0.0163934,0.168032,-0.985645,0
6228,0,0,0,0,642,163,7033,1271,8304,0.0312054,0.170097,-0.984933,0
6399,0,0,0,0,821,208,7428,1133,8561,0.0219259,0.201284,-0.979287,0
6446,0,0,0,0,788,193,7427,751,8178,0.0214814,0.0226743,-0.999512,0
6947,0,0,0,0,996,279,8222,3179,11401,0.0125834,0.122116,-0.992436,0
4818,0,0,0,0,709,173,5700,990,6690,0.0183561,0.161606,-0.986685,0
6412,0,0,0,0,1062,264,7738,1138,8876,0.0553189,0.103754,-0.993064,0
6555,0,0,0,0,1172,283,8010,1750,9760,0.0257629,0.122865,-0.992089,0
6663,0,0,0,0,1264,303,8230,1537,9767,0.0529732,0.132707,-0.989739,0
7291,0,0,0,0,1388,355,9034,2641,11675,0.0420759,0.146725,-0.988282,0
4555,0,0,0,0,975,210,5740,3150,8890,0.033664,0.134154,-0.990389,0
5807,0,0,0,0,1079,254,7140,4657,11797,0.0444065,0.153519,-0.987148,0
5614,0,0,0,0,1121,239,6974,5381,12355,0.049965,0.165333,-0.984971,0
6164,0,0,0,0,997,231,7392,6181,13573,0.0335914,0.174259,-0.984127,0
5404,0,0,0,0,725,188,6317,5189,11506,0.0182998,0.146849,-0.98899,0
5860,0,0,0,0,689,159,6708,5336,12044,0.00129593,0.160673,-0.987007,0
5640,0,0,0,0,687,147,6474,3997,10471,-0.0258899,0.162069,-0.98644,0
5834,0,0,0,0,563,132,6529,3524,10053,-0.0365903,0.195163,-0.980088,0
3936,0,0,0,0,372,82,4390,2175,6565,-0.0397942,0.150799,-0.987763,0
5824,0,0,0,0,522,122,6468,2688,9156,-0.060823,0.20688,-0.976474,0
5827,0,0,0,0,554,129,6510,2436,8946,-0.0602231,0.167112,-0.984097,0
5765,0,0,0,0,557,129,6451,2147,8598,-0.0570291,0.217131,-0.974475,0
5798,0,0,0,0,537,132,6467,1946,8413,-0.0621355,0.211906,-0.975313,0
4170,0,0,0,0,408,93,4671,1248,5919,-0.0777278,0.262815,-0.96171,0
5816,0,0,0,0,557,138,6511,1809,8320,-0.0696664,0.251445,-0.965361,0
5908,0,0,0,0,663,158,6729,1908,8637,-0.08554,0.263009,-0.960994,0
5861,0,0,0,0,739,168,6768,1924,8692,-0.0822959,0.247763,-0.965319,0
7178,0,0,0,0,1070,243,8491,2567,11058,-0.0943536,0.252395,-0.963013,0
3157,0,0,0,0,423,102,3682,1175,4857,-0.0823932,0.195125,-0.977311,0
6117,0,0,0,0,906,216,7239,2187,9426,-0.11966,0.269351,-0.955579,0
7132,0,0,0,0,1048,247,8427,2230,10657,-0.108524,0.262876,-0.958707,0
6484,0,0,0,0,1176,277,7937,3139,11076,-0.102019,0.292501,-0.950808,0
6539,0,0,0,0,1292,305,8136,3050,11186,-0.105544,0.286358,-0.952292,0
4386,0,0,0,0,819,192,5397,1553,6950,-0.0984877,0.261526,-0.960159,0
6112,0,0,0,0,1066,264,7442,2407,9849,-0.115812,0.294118,-0.948727,0
6547,0,0,0,0,991,225,7763,2790,10553,-0.104472,0.302325,-0.947463,0
6026,0,0,0,0,804,181,7011,2082,9093,-0.101483,0.287607,-0.952357,0
5996,0,0,0,0,710,163,6869,1902,8771,-0.111643,0.286185,-0.951648,0
5794,0,0,0,0,618,150,6562,1676,8238,-0.103675,0.264693,-0.958744,0
5755,0,0,0,0,586,139,6480,1777,8257,-0.104888,0.263192,-0.959025,0
5686,0,0,0,0,523,125,6334,1843,8177,-0.120917,0.23708,-0.963936,0
5627,0,0,0,0,443,107,6177,1920,8097,-0.120217,0.22937,-0.965887,0
5611,0,0,0,0,403,98,6112,1876,7988,-0.0738956,0.174246,-0.981926,0
5545,0,0,0,0,533,123,6201,2001,8202,-0.0719729,0.181618,-0.980732,0
5444,0,0,0,0,374,92,5910,1888,7798,-0.0447127,0.143818,-0.988593,0
5480,0,0,0,0,416,112,6008,1857,7865,-0.0764827,0.160024,-0.984146,0
5705,0,0,0,0,456,104,6265,1871,8136,-0.0764012,0.143267,-0.986731,0
5782,0,0,0,0,500,118,6400,1888,8288,-0.0966791,0.175241,-0.979767,0
5773,0,0,0,0,511,129,6413,1869,8282,-0.0496646,0.125627,-0.990834,0
6393,0,0,0,0,570,148,7111,1597,8708,-0.0657584,0.179094,-0.981632,0
5718,0,0,0,0,658,162,6538,1360,7898,-0.042873,0.151235,-0.987568,0
6095,0,0,0,0,726,184,7005,1146,8151,-0.0684831,0.191991,-0.979004,0
6705,0,0,0,0,920,229,7854,1050,8904,-0.035462,0.140378,-0.989463,0
6258,0,0,0,0,916,228,7402,1206,8608,-0.120608,0.230148,-0.965653,0
6369,0,0,0,0,1096,254,7719,1058,8777,-0.172482,0.218177,-0.960547,0
6619,0,0,0,0,1186,305,8110,725,8835,-0.0588426,0.112189,-0.991943,0
6769,0,0,0,0,1360,326,8455,1530,9985,-0.0935727,0.136603,-0.986197,0
6831,0,0,0,0,1380,333,8544,2341,10885,-0.115223,0.14999,-0.98195,0
7004,0,0,0,0,1340,342,8686,3546,12232,-0.0859596,0.122941,-0.988684,0
4700,0,0,0,0,886,200,5786,3210,8996,-0.0671366,0.113567,-0.991259,0
5828,0,0,0,0,1002,238,7068,4844,11912,-0.0919653,0.149389,-0.984492,0
5752,0,0,0,0,894,213,6859,5102,11961,-0.0896848,0.153951,-0.984,0
3948,0,0,0,0,530,125,4603,3910,8513,-0.0570978,0.105196,-0.992811,0
6747,0,0,0,0,755,175,7677,5905,13582,-0.0924366,0.140541,-0.985751,0
4069,0,0,0,0,451,106,4626,3301,7927,-0.081172,0.104665,-0.99119,0
6170,0,0,0,0,548,133,6851,3964,10815,-0.0992802,0.119147,-0.987901,0
5327,0,0,0,0,549,128,6004,3890,9894,-0.0942163,0.113199,-0.989095,0
5350,0,0,0,0,545,139,6034,3400,9434,-0.132857,0.152025,-0.979407,0
5525,0,0,0,0,627,139,6291,2896,9187,-0.143946,0.162493,-0.976154,0
6018,0,0,0,0,616,152,6786,2878,9664,-0.155319,0.203585,-0.966659,0
5827,0,0,0,0,610,156,6593,2656,9249,-0.144192,0.203681,-0.968361,0
5860,0,0,0,0,622,156,6638,2474,9112,-0.145881,0.223377,-0.963754,0
5921,0,0,0,0,631,159,6711,2519,9230,-0.118776,0.179864,-0.976495,0
5979,0,0,0,0,672,168,6819,2682,9501,-0.14283,0.219259,-0.965155,0
6024,0,0,0,0,740,182,6946,2745,9691,-0.153337,0.232658,-0.960395,0
6051,0,0,0,0,847,204,7102,2600,9702,-0.160821,0.237673,-0.95794,0
6152,0,0,0,0,899,222,7273,2844,10117,-0.164901,0.248973,-0.954369,0
6184,0,0,0,0,1074,244,7502,2479,9981,-0.178904,0.284398,-0.941866,0
6390,0,0,0,0,1093,267,7750,2600,10350,-0.185205,0.315384,-0.930716,0
5814,0,0,0,0,1112,266,7192,2859,10051,-0.149316,0.279201,-0.948552,0
5959,0,0,0,0,1203,324,7486,3033,10519,-0.114928,0.227974,-0.966861,0
7483,0,0,0,0,1317,310,9110,2431,11541,-0.130554,0.288676,-0.948484,0
6414,0,0,0,0,1180,280,7874,2442,10316,-0.108032,0.250393,-0.962098,0
6384,0,0,0,0,1078,253,7715,2799,10514,-0.103115,0.252621,-0.962055,0
6157,0,0,0,0,935,220,7312,2669,9981,-0.101339,0.245442,-0.9641,0
6081,0,0,0,0,801,190,7072,2096,9168,-0.114564,0.240778,-0.963795,0
6022,0,0,0,0,727,175,6924,1860,8784,-0.121517,0.226865,-0.966315,0
6044,0,0,0,0,678,172,6894,2208,9102,-0.112509,0.218442,-0.969342,0
6111,0,0,0,0,665,161,6937,2328,9265,-0.102182,0.215787,-0.971079,0
5917,0,0,0,0,596,146,6659,2487,9146,-0.0836786,0.195518,-0.977124,0
5237,0,0,0,0,461,114,5812,2426,8238,-0.0765117,0.185763,-0.979611,0
5148,0,0,0,0,420,105,5673,2775,8448,-0.0654948,0.175051,-0.982379,0
6284,0,0,0,0,415,99,6798,2824,9622,-0.0636043,0.188584,-0.979995,0
5537,0,0,0,0,345,91,5973,2516,8489,-0.0654744,0.193893,-0.978835,0
6069,0,0,0,0,361,94,6524,2035,8559,-0.0685483,0.174069,-0.982345,0
6380,0,0,0,0,479,129,6988,2189,9177,-0.109669,0.207551,-0.972057,0
5903,0,0,0,0,541,138,6582,1746,8328,-0.0939018,0.180416,-0.979098,0
4604,0,0,0,0,408,107,5119,1114,6233,-0.0799963,0.170238,-0.98215,0
7690,0,0,0,0,784,199,8673,1570,10243,-0.0852981,0.197118,-0.976662,0
6849,0,0,0,0,951,229,8029,978,9007,-0.104143,0.248751,-0.962952,0
6843,0,0,0,0,704,170,7717,403,8120,-0.195586,0.408847,-0.891398,0
7248,0,0,0,0,1180,293,8721,530,9251,-0.144241,0.295309,-0.944451,0
7566,0,0,0,0,1398,217,9181,704,9885,-0.0872138,0.149191,-0.984955,0
6913,0,0,0,0,1319,318,8550,1822,10372,-0.0727671,0.144076,-0.986887,0
8289,0,0,0,0,1554,371,10214,3066,13280,-0.0774868,0.176577,-0.981232,0
7681,0,0,0,0,1469,353,9503,3580,13083,-0.0683855,0.136275,-0.988308,0
3764,0,0,0,0,695,163,4622,2701,7323,-0.0669968,0.115635,-0.99103,0
6166,0,0,0,0,992,241,7399,4847,12246,-0.0789094,0.157022,-0.984438,0
6950,0,0,0,0,872,213,8035,4775,12810,-0.0801436,0.159452,-0.983947,0
5518,0,0,0,0,743,179,6440,4376,10816,-0.0882872,0.163422,-0.982598,0
6738,0,0,0,0,877,207,7822,5347,13169,-0.0773604,0.170587,-0.982301,0
4545,0,0,0,0,553,126,5224,3236,8460,-0.0774661,0.176172,-0.981307,0
6399,0,0,0,0,654,162,7215,3947,11162,-0.0648494,0.129463,-0.989462,0
6694,0,0,0,0,879,183,7756,3586,11342,-0.0890309,0.186711,-0.978372,0
5929,0,0,0,0,651,159,6739,3269,10008,-0.0864127,0.140767,-0.986264,0
6039,0,0,0,0,664,163,6866,2856,9722,-0.10434,0.203997,-0.973395,0
4118,0,0,0,0,436,109,4663,2093,6756,-0.111465,0.212071,-0.970877,0
6895,0,0,0,0,732,179,7806,2980,10786,-0.113297,0.257406,-0.959638,0
4507,0,0,0,0,470,120,5097,1854,6951,-0.10279,0.239656,-0.965401,0
6882,0,0,0,0,785,196,7863,3168,11031,-0.105564,0.380233,-0.918846,0
6954,0,0,0,0,548,142,7644,2098,9742,-0.0857259,0.371441,-0.92449,0
4554,0,0,0,0,459,117,5130,1558,6688,-0.0689911,0.267174,-0.961176,0
5153,0,0,0,0,739,182,6074,2230,8304,-0.0615049,0.266894,-0.961761,0
7432,0,0,0,0,1127,285,8844,3473,12317,-0.0565894,0.323834,-0.94442,0
7186,0,0,0,0,1326,313,8825,3347,12172,-0.038571,0.264872,-0.963512,0
3766,0,0,0,0,768,184,4718,2167,6885,-0.045348,0.287859,-0.956598,0
7480,0,0,0,0,1392,330,9202,2968,12170,-0.0606401,0.306902,-0.949807,0
7239,0,0,0,0,1325,333,8897,1846,10743,-0.0681965,0.308366,-0.94882,0
4664,0,0,0,0,793,180,5637,1987,7624,-0.0592981,0.265688,-0.962234,0
6211,0,0,0,0,945,210,7366,2681,10047,-0.0573718,0.272113,-0.960553,0
6285,0,0,0,0,783,187,7255,2083,9338,-0.0558885,0.270886,-0.960988,0
6124,0,0,0,0,796,178,7098,2045,9143,-0.0594201,0.26341,-0.962852,0
6000,0,0,0,0,711,166,6877,2142,9019,-0.0488351,0.262383,-0.963727,0
5761,0,0,0,0,502,127,6390,2373,8763,-0.0386146,0.229411,-0.972563,0
5721,0,0,0,0,445,114,6280,2847,9127,-0.0306489,0.214767,-0.976185,0
5777,0,0,0,0,390,102,6269,3069,9338,-0.033233,0.235883,-0.971213,0
5419,0,0,0,0,337,88,5844,2579,8423,-0.0184068,0.186916,-0.982204,0
5002,0,0,0,0,336,83,5421,2072,7493,-0.0279278,0.195957,-0.980215,0
6407,0,0,0,0,440,125,6972,2524,9496,-0.0279189,0.204071,-0.978558,0
6597,0,0,0,0,602,136,7335,2354,9689,-0.0266517,0.186655,-0.982064,0
5791,0,0,0,0,499,130,6420,1816,8236,-0.0137288,0.191486,-0.981399,0
6668,0,0,0,0,573,149,7390,1544,8934,-0.0127299,0.195073,-0.980706,0
6585,0,0,0,0,662,167,7414,1349,8763,-0.0208244,0.217912,-0.975746,0
6053,0,0,0,0,739,185,6977,632,7609,-0.0139307,0.171776,-0.985038,0
6488,0,0,0,0,1041,275,7804,603,8407,-0.0166635,0.289919,-0.956906,0
6936,0,0,0,0,1022,251,8209,558,8767,0.000967685,0.116723,-0.993164,0
6813,0,0,0,0,1170,285,8268,1160,9428,-0.000102814,0.145327,-0.989384,0
6883,0,0,0,0,1271,307,8461,2149,10610,-0.00576178,0.157165,-0.987556,0
6875,0,0,0,0,1251,297,8423,3725,12148,-0.0242486,0.175214,-0.984232,0
8400,0,0,0,0,1306,309,10015,5260,15275,-0.0272905,0.285075,-0.958117,0
5589,0,0,0,0,785,189,6563,3153,9716,-0.0365735,0.272985,-0.961323,0
2801,0,0,0,0,483,108,3392,2303,5695,-0.0305012,0.194552,-0.980418,0
2465,0,0,0,0,311,73,2849,2548,5397,-0.0288047,0.161994,-0.986371,0
6629,0,0,0,0,768,193,7590,5942,13532,-0.0246268,0.193413,-0.980808,0
5937,0,0,0,0,628,152,6717,4578,11295,-0.0164209,0.168885,-0.985499,0
5807,0,0,0,0,596,140,6543,4106,10649,-0.014773,0.176003,-0.984279,0
5774,0,0,0,0,577,146,6497,3748,10245,-0.0245686,0.161894,-0.986502,0
7216,0,0,0,0,839,213,8268,3813,12081,-0.0465624,0.22219,-0.973891,0
5921,0,0,0,0,605,152,6678,3048,9726,-0.0440215,0.189871,-0.980822,0
6694,0,0,0,0,687,181,7562,3689,11251,-0.0511039,0.263189,-0.96339,0
6658,0,0,0,0,628,157,7443,2673,10116,-0.0447281,0.27604,-0.960105,0
6130,0,0,0,0,588,171,6889,2157,9046,-0.0385301,0.320032,-0.946623,0
7034,0,0,0,0,783,249,8066,3058,11124,-0.0328081,0.274321,-0.961078,0
6150,0,0,0,0,645,162,6957,2538,9495,-0.0488691,0.319243,-0.946412,0
6261,0,0,0,0,700,175,7136,2735,9871,-0.0526621,0.269481,-0.961565,0
7123,0,0,0,0,870,217,8210,3704,11914,-0.0739869,0.343757,-0.93614,0
7209,0,0,0,0,1044,243,8496,3168,11664,-0.0635755,0.285515,-0.956264,0
4371,0,0,0,0,715,204,5290,2059,7349,-0.0353332,0.29575,-0.954612,0
7401,0,0,0,0,1144,276,8821,4160,12981,-0.0136879,0.326865,-0.944972,0
7272,0,0,0,0,1268,297,8837,3233,12070,-0.00752672,0.297887,-0.954571,0
5761,0,0,0,0,1066,248,7075,2245,9320,0.00201933,0.317605,-0.948221,0
6523,0,0,0,0,1112,259,7894,2508,10402,-0.00560966,0.339936,-0.940432,0
6378,0,0,0,0,1030,243,7651,2869,10520,-0.0172376,0.308924,-0.95093,0
6715,0,0,0,0,856,211,7782,2453,10235,-0.0283049,0.26344,-0.964261,0
6032,0,0,0,0,774,191,6997,2131,9128,-0.0284603,0.234767,-0.971635,0
5980,0,0,0,0,723,181,6884,2215,9099,-0.021174,0.253974,-0.96698,0
5805,0,0,0,0,640,158,6603,2348,8951,-0.00819975,0.242231,-0.970184,0
5804,0,0,0,0,579,142,6525,2536,9061,-0.00584382,0.219918,-0.975501,0
6115,0,0,0,0,486,121,6722,2807,9529,-0.000266416,0.22796,-0.97367,0
6491,0,0,0,0,397,103,6991,2601,9592,0.00869172,0.215038,-0.976567,0
5377,0,0,0,0,336,87,5800,2632,8432,0.0194605,0.190856,-0.981425,0
5330,0,0,0,0,321,83,5734,2347,8081,0.0144177,0.248204,-0.968601,0
5490,0,0,0,0,368,97,5955,2052,8007,0.00694475,0.243989,-0.969753,0
5712,0,0,0,0,420,120,6252,2000,8252,-0.000253743,0.26308,-0.964774,0
5912,0,0,0,0,496,134,6542,1716,8258,0.00669149,0.22117,-0.975213,0
5846,0,0,0,0,591,146,6583,1525,8108,0.00531499,0.183163,-0.983068,0
5962,0,0,0,0,647,163,6772,1242,8014,-0.0144857,0.238143,-0.971122,0
7106,0,0,0,0,837,216,8159,651,8810,-0.0103489,0.161027,-0.986896,0
6282,0,0,0,0,932,187,7401,571,7972,0.000565631,0.175065,-0.984557,0
4957,0,0,0,0,679,167,5803,590,6393,0.0103951,0.147347,-0.98903,0
6666,0,0,0,0,1114,264,8044,1048,9092,0.0149446,0.158599,-0.98723,0
6711,0,0,0,0,1217,306,8234,1512,9746,0.0207021,0.174361,-0.984464,0
6887,0,0,0,0,1425,310,8622,2092,10714,0.00926664,0.152255,-0.988298,0
6773,0,0,0,0,1264,298,8335,3363,11698,-0.000615042,0.100908,-0.994896,0
6749,0,0,0,0,1205,322,8276,3644,11920,0.00571574,0.0576573,-0.99832,0
6517,0,0,0,0,1181,284,7982,4096,12078,0.0207889,0.021506,-0.999552,0
4611,0,0,0,0,819,191,5621,2593,8214,0.023087,-0.000748398,-0.999733,0
6848,0,0,0,0,1171,276,8295,1708,10003,0.0350206,-0.0452737,-0.998361,0
6583,0,0,0,0,1205,283,8071,3370,11441,0.0173873,-0.02823,-0.99945,0
6786,0,0,0,0,1216,285,8287,2754,11041,0.0138278,-0.016576,-0.999767,0
6466,0,0,0,0,1240,283,7989,2666,10655,0.00412127,-0.0100421,-0.999941,0
6607,0,0,0,0,1166,275,8048,2103,10151,-0.00575147,0.00567214,-0.999968,0
6558,0,0,0,0,1160,273,7991,1876,9867,0.000356645,0.0288925,-0.999583,0
6459,0,0,0,0,1140,266,7865,3062,10927,0.0156413,0.0390622,-0.999114,0
6507,0,0,0,0,1146,262,7915,4357,12272,-0.00307707,0.0515493,-0.998666,0
6368,0,0,0,0,1083,250,7701,4269,11970,-0.0212863,0.0551191,-0.998253,0
4838,0,0,0,0,704,170,5712,2782,8494,-0.0106422,0.0634391,-0.997929,0
6962,0,0,0,0,1098,239,8299,4852,13151,-0.00504356,0.0853872,-0.996335,0
6358,0,0,0,0,939,221,7518,4558,12076,0.00237637,0.0941793,-0.995553,0
4018,0,0,0,0,552,131,4701,3485,8186,0.00894359,0.0880638,-0.996075,0
6173,0,0,0,0,750,176,7099,5855,12954,0.0155465,0.102905,-0.99457,0
6181,0,0,0,0,704,163,7048,5488,12536,0.0188837,0.114985,-0.993188,0
5405,0,0,0,0,561,139,6105,4206,10311,0.0080542,0.107058,-0.99422,0
5413,0,0,0,0,540,125,6078,3693,9771,-0.00686547,0.122444,-0.992452,0
5853,0,0,0,0,542,153,6548,3461,10009,-0.0257591,0.14473,-0.989136,0
6214,0,0,0,0,571,135,6920,3505,10425,-0.0384348,0.187967,-0.981423,0
6258,0,0,0,0,565,157,6980,3222,10202,-0.0469563,0.320511,-0.94608,0
5022,0,0,0,0,404,98,5524,2392,7916,-0.0418827,0.244406,-0.968768,0
3245,0,0,0,0,309,76,3630,1498,5128,-0.0412452,0.194766,-0.979982,0
6210,0,0,0,0,574,146,6930,2640,9570,-0.0315088,0.219819,-0.975032,0
6076,0,0,0,0,605,165,6846,2611,9457,-0.0318424,0.213656,-0.97639,0
6237,0,0,0,0,649,164,7050,2841,9891,-0.0201383,0.275769,-0.961013,0
6198,0,0,0,0,763,177,7138,2872,10010,-0.010064,0.294742,-0.955524,0
6364,0,0,0,0,769,214,7347,3141,10488,0.00847742,0.335677,-0.941939,0
6444,0,0,0,0,875,210,7529,3158,10687,0.0151745,0.304813,-0.952292,0
6477,0,0,0,0,1002,237,7716,3349,11065,0.0184621,0.327059,-0.944823,0
6487,0,0,0,0,1147,267,7901,3765,11666,0.0160332,0.339111,-0.94061,0
6733,0,0,0,0,1328,300,8361,4230,12591,0.0191782,0.342449,-0.939341,0
4683,0,0,0,0,873,204,5760,2112,7872,0.0165228,0.287972,-0.957496,0
6481,0,0,0,0,1118,266,7865,2398,10263,0.00955727,0.307329,-0.951556,0
6349,0,0,0,0,1146,261,7756,2844,10600,-0.000802978,0.294318,-0.955707,0
6391,0,0,0,0,1023,242,7656,2650,10306,-0.0124321,0.301113,-0.953508,0
6132,0,0,0,0,910,206,7248,2329,9577,-0.00949794,0.268084,-0.963349,0
6177,0,0,0,0,814,186,7177,2010,9187,-0.00600039,0.222711,-0.974866,0
6016,0,0,0,0,701,167,6884,2187,9071,-0.00151705,0.209971,-0.977707,0
6046,0,0,0,0,645,156,6847,2559,9406,0.00336771,0.197598,-0.980277,0
5956,0,0,0,0,613,150,6719,2598,9317,0.0108275,0.198099,-0.980122,0
6045,0,0,0,0,567,139,6751,2796,9547,0.0160318,0.1844,-0.982721,0
5913,0,0,0,0,511,126,6550,2724,9274,0.0261078,0.188894,-0.98165,0
6105,0,0,0,0,472,113,6690,2880,9570,0.0209117,0.220689,-0.97512,0
5574,0,0,0,0,394,99,6067,2605,8672,0.0151988,0.175574,-0.984349,0
5577,0,0,0,0,369,94,6040,2369,8409,0.00697974,0.207382,-0.978235,0
5785,0,0,0,0,417,101,6303,2532,8835,0.00640983,0.207039,-0.978312,0
5786,0,0,0,0,448,114,6348,2622,8970,0.00908609,0.227795,-0.973667,0
6141,0,0,0,0,506,132,6779,2477,9256,0.0179402,0.171794,-0.984969,0
6253,0,0,0,0,618,150,7021,1952,8973,0.0226412,0.184099,-0.982647,0
5990,0,0,0,0,683,162,6835,1502,8337,0.0264596,0.143683,-0.98927,0
6397,0,0,0,0,757,189,7343,1081,8424,0.0124618,0.264247,-0.964375,0
6435,0,0,0,0,860,210,7505,650,8155,-0.0272208,0.31428,-0.94894,0
7207,0,0,0,0,1152,237,8596,607,9203,0.0113027,0.150378,-0.988564,0
7009,0,0,0,0,1166,275,8450,1070,9520,0.0129282,0.173193,-0.984803,0
6851,0,0,0,0,1303,306,8460,1687,10147,0.0213235,0.210771,-0.977303,0
6947,0,0,0,0,1286,305,8538,3916,12454,0.00401634,0.285323,-0.958423,0
4202,0,0,0,0,648,152,5002,2568,7570,0.00141602,0.191581,-0.981476,0
2325,0,0,0,0,406,94,2825,1995,4820,0.00939001,0.140609,-0.990021,0
5762,0,0,0,0,943,216,6921,5276,12197,0.0204297,0.152782,-0.988049,0
6266,0,0,0,0,877,212,7355,6130,13485,0.0109248,0.138525,-0.990299,0
6076,0,0,0,0,761,219,7056,5131,12187,0.0123038,0.16789,-0.985729,0
6070,0,0,0,0,678,160,6908,4546,11454,0.0179642,0.160435,-0.986883,0
4166,0,0,0,0,450,102,4718,2627,7345,0.00614845,0.157712,-0.987466,0
6775,0,0,0,0,753,186,7714,3804,11518,-0.000713242,0.145867,-0.989304,0
6127,0,0,0,0,618,146,6891,3442,10333,0.0231645,0.197618,-0.980006,0
7133,0,0,0,0,706,170,8009,3764,11773,0.0206003,0.18458,-0.982602,0
4622,0,0,0,0,487,115,5224,2144,7368,0.0231536,0.221957,-0.974781,0
7235,0,0,0,0,722,184,8141,3237,11378,0.0252838,0.213076,-0.976709,0
6158,0,0,0,0,681,157,6996,2611,9607,0.0247774,0.268016,-0.963096,0
7370,0,0,0,0,685,170,8225,2824,11049,0.0116435,0.249389,-0.968333,0
5499,0,0,0,0,612,149,6260,2348,8608,0.00645506,0.276399,-0.961021,0
5721,0,0,0,0,667,163,6551,2361,8912,0.0101569,0.249473,-0.968329,0
7175,0,0,0,0,895,239,8309,3238,11547,0.0260597,0.305569,-0.951813,0
5752,0,0,0,0,779,188,6719,2503,9222,0.0239504,0.254201,-0.966855,0
7456,0,0,0,0,1095,266,8817,3790,12607,0.0436262,0.315501,-0.947922,0
7334,0,0,0,0,1270,300,8904,3409,12313,0.0378238,0.276254,-0.96034,0
7439,0,0,0,0,1257,291,8987,4252,13239,0.0416437,0.372151,-0.927238,0
4649,0,0,0,0,914,201,5764,2291,8055,0.0304046,0.320145,-0.94688,0
6551,0,0,0,0,1122,268,7941,2290,10231,0.0236594,0.326454,-0.944917,0
7221,0,0,0,0,1283,299,8803,3418,12221,0.0174382,0.27581,-0.961054,0
7368,0,0,0,0,1233,241,8842,2571,11413,0.0263359,0.304805,-0.952051,0
4777,0,0,0,0,680,162,5619,1686,7305,0.024135,0.232596,-0.972274,0
6265,0,0,0,0,880,195,7340,2304,9644,0.0329365,0.245679,-0.968792,0
6153,0,0,0,0,738,175,7066,1828,8894,0.0287914,0.191368,-0.981096,0
5629,0,0,0,0,613,147,6389,2409,8798,0.0424844,0.183163,-0.982164,0
5408,0,0,0,0,581,134,6123,2624,8747,0.0460115,0.179149,-0.982745,0
5964,0,0,0,0,523,126,6613,2739,9352,0.0466953,0.215358,-0.975418,0
6599,0,0,0,0,549,126,7274,3340,10614,0.0263828,0.367649,-0.92959,0
5583,0,0,0,0,428,100,6111,2730,8841,0.0203154,0.334004,-0.942353,0
3127,0,0,0,0,187,48,3362,1360,4722,0.0173016,0.228716,-0.973339,0
2357,0,0,0,0,161,40,2558,1000,3558,0.0181782,0.162063,-0.986613,0
6542,0,0,0,0,475,134,7151,2494,9645,0.0369359,0.213036,-0.976346,0
6773,0,0,0,0,524,134,7431,2474,9905,0.0426482,0.192866,-0.980298,0
6653,0,0,0,0,624,152,7429,2362,9791,0.0510146,0.298153,-0.953154,0
4915,0,0,0,0,429,108,5452,1248,6700,0.0512476,0.249042,-0.967136,0
2716,0,0,0,0,287,70,3073,578,3651,0.0460528,0.189827,-0.980737,0
4621,0,0,0,0,550,135,5306,539,5845,0.0172653,0.0236899,-0.99957,0
6974,0,0,0,0,899,222,8095,2839,10934,0.0122991,0.177535,-0.984038,0
7143,0,0,0,0,1000,261,8404,1052,9456,0.0324609,0.1734,-0.984316,0
7434,0,0,0,0,1307,303,9044,1358,10402,0.0175079,0.127869,-0.991636,0
6904,0,0,0,0,1236,290,8430,2271,10701,-0.000225829,0.15501,-0.987913,0
7567,0,0,0,0,1303,285,9155,4016,13171,0.0183568,0.139876,-0.989999,0
4510,0,0,0,0,824,224,5558,3379,8937,0.041755,0.144916,-0.988563,0
6562,0,0,0,0,1053,250,7865,4739,12604,0.0504076,0.121589,-0.9913,0
6400,0,0,0,0,932,212,7544,5773,13317,0.0464153,0.165658,-0.98509,0
6065,0,0,0,0,865,186,7116,5308,12424,0.0429215,0.226222,-0.97313,0
4873,0,0,0,0,473,111,5457,2889,8346,0.0264681,0.166154,-0.985745,0
4192,0,0,0,0,379,94,4665,2301,6966,0.0169667,0.15699,-0.987455,0
6224,0,0,0,0,599,148,6971,3522,10493,0.00759328,0.208047,-0.978089,0
6153,0,0,0,0,633,150,6936,3503,10439,0.0204093,0.2107,-0.977338,0
7921,0,0,0,0,672,162,8755,3258,12013,0.0299267,0.249631,-0.967879,0
6282,0,0,0,0,648,161,7091,3329,10420,0.0419318,0.274776,-0.960594,0
6181,0,0,0,0,684,162,7027,2842,9869,0.0440232,0.262904,-0.963817,0
6172,0,0,0,0,663,167,7002,2896,9898,0.0670851,0.391406,-0.917769,0
4504,0,0,0,0,479,134,5117,1675,6792,0.0632304,0.348381,-0.935218,0
2636,0,0,0,0,314,77,3027,1354,4381,0.0584953,0.305898,-0.950266,0
6252,0,0,0,0,792,194,7238,3141,10379,0.0481561,0.338627,-0.939687,0
6270,0,0,0,0,899,245,7414,3457,10871,0.0364243,0.349079,-0.936385,0
6526,0,0,0,0,1035,306,7867,3675,11542,0.0436896,0.385425,-0.921704,0
6547,0,0,0,0,1158,278,7983,3825,11808,0.0550401,0.351231,-0.93467,0
4465,0,0,0,0,817,216,5498,2656,8154,0.046351,0.297139,-0.953709,0
6511,0,0,0,0,1088,263,7862,2382,10244,0.0609158,0.296531,-0.953079,0
6933,0,0,0,0,1111,266,8310,2789,11099,0.0734718,0.304595,-0.949644,0
7048,0,0,0,0,1048,270,8366,2786,11152,0.0688762,0.245851,-0.966857,0
6315,0,0,0,0,927,220,7462,2022,9484,0.10666,0.280284,-0.953973,0
6843,0,0,0,0,854,208,7905,2502,10407,0.0948026,0.237479,-0.966756,0
4228,0,0,0,0,537,129,4894,1737,6631,0.0906177,0.242404,-0.965934,0
6198,0,0,0,0,684,203,7085,2557,9642,0.0792597,0.211639,-0.974129,0
6330,0,0,0,0,882,197,7409,2817,10226,0.0957823,0.235436,-0.967159,0
3995,0,0,0,0,331,82,4408,1883,6291,0.0861245,0.195364,-0.976942,0
5775,0,0,0,0,404,103,6282,2977,9259,0.0900852,0.199055,-0.975839,0
5700,0,0,0,0,350,89,6139,2594,8733,0.0785806,0.17471,-0.98148,0
5601,0,0,0,0,331,86,6018,2311,8329,0.0930436,0.174176,-0.980309,0
6445,0,0,0,0,349,92,6886,2267,9153,0.0936849,0.184116,-0.97843,0
5836,0,0,0,0,387,102,6325,2068,8393,0.0904434,0.162189,-0.982606,0
5788,0,0,0,0,469,143,6400,1866,8266,0.078836,0.134943,-0.987712,0
5800,0,0,0,0,523,126,6449,1794,8243,0.0799939,0.149191,-0.985568,0
5987,0,0,0,0,552,161,6700,1374,8074,0.0885789,0.191358,-0.977515,0
6862,0,0,0,0,668,191,7721,773,8494,0.0665694,0.144396,-0.987278,0
6118,0,0,0,0,751,184,7053,829,7882,0.081162,0.154506,-0.984653,0
6338,0,0,0,0,892,212,7442,929,8371,0.088731,0.117807,-0.989065,0
6420,0,0,0,0,1050,326,7796,1519,9315,0.0841872,0.150599,-0.985004,0
6671,0,0,0,0,1166,275,8112,1302,9414,0.0704488,0.149085,-0.986312,0
6622,0,0,0,0,1196,283,8101,2834,10935,0.074024,0.251799,-0.964945,0
7035,0,0,0,0,1218,275,8528,3267,11795,0.0579243,0.239062,-0.969275,0
2908,0,0,0,0,545,114,3567,1886,5453,0.0298245,0.131833,-0.990823,0
6329,0,0,0,0,1511,253,8093,5270,13363,0.0858516,0.223764,-0.970855,0
3868,0,0,0,0,471,112,4451,2931,7382,0.0651968,0.153231,-0.986038,0
2557,0,0,0,0,321,74,2952,2470,5422,0.0479693,0.0961145,-0.994214,0
5834,0,0,0,0,649,151,6634,3664,10298,0.0469139,0.114524,-0.992312,0
5933,0,0,0,0,574,139,6646,3576,10222,0.0851376,0.302436,-0.94936,0
5522,0,0,0,0,364,85,5971,2243,8214,0.0726247,0.262127,-0.962297,0
2726,0,0,0,0,224,51,3001,1139,4140,0.0434852,0.184741,-0.981825,0
2763,0,0,0,0,239,56,3058,1124,4182,0.0338966,0.172826,-0.984369,0
5938,0,0,0,0,504,120,6562,2166,8728,0.0758092,0.365032,-0.927903,0
5854,0,0,0,0,461,107,6422,1821,8243,0.0633681,0.314014,-0.947301,0
4117,0,0,0,0,363,86,4566,1392,5958,0.0617822,0.284586,-0.956658,0
6014,0,0,0,0,590,144,6748,1996,8744,0.061922,0.282805,-0.957177,0
6083,0,0,0,0,681,161,6925,2003,8928,0.0748803,0.309478,-0.947954,0
6101,0,0,0,0,745,179,7025,2049,9074,0.0735313,0.297049,-0.952027,0
6209,0,0,0,0,829,202,7240,2481,9721,0.100813,0.354767,-0.929504,0
6284,0,0,0,0,991,239,7514,2670,10184,0.0831542,0.308111,-0.947709,0
6479,0,0,0,0,1115,268,7862,3355,11217,0.0991011,0.344408,-0.933576,0
6540,0,0,0,0,1220,305,8065,3089,11154,0.0723144,0.285387,-0.95568,0
6408,0,0,0,0,1113,260,7781,2416,10197,0.0912131,0.331881,-0.938901,0
6366,0,0,0,0,1066,249,7681,1833,9514,0.0809049,0.331942,-0.939824,0
6388,0,0,0,0,1053,239,7680,2477,10157,0.072355,0.338524,-0.938172,0
6272,0,0,0,0,846,201,7319,1999,9318,0.0535192,0.271443,-0.960966,0
6204,0,0,0,0,781,182,7167,1698,8865,0.0521545,0.304559,-0.951065,0
6062,0,0,0,0,653,154,6869,1567,8436,0.0434796,0.252341,-0.966661,0
5948,0,0,0,0,566,138,6652,1683,8335,0.0441199,0.274046,-0.960704,0
5768,0,0,0,0,466,114,6348,1887,8235,0.0359572,0.190721,-0.980986,0
5773,0,0,0,0,365,93,6231,1906,8137,0.0377328,0.211154,-0.976724,0
5490,0,0,0,0,318,78,5886,1920,7806,0.046444,0.209841,-0.976632,0
5232,0,0,0,0,267,72,5571,1651,7222,0.0552497,0.212157,-0.975672,0
5383,0,0,0,0,325,80,5788,1545,7333,0.0579905,0.171833,-0.983418,0
5511,0,0,0,0,332,87,5930,1607,7537,0.0505172,0.169849,-0.984174,0
5739,0,0,0,0,381,100,6220,1593,7813,0.0318563,0.172097,-0.984565,0
5782,0,0,0,0,446,118,6346,1758,8104,0.0138731,0.203536,-0.978969,0
5878,0,0,0,0,520,135,6533,1516,8049,0.00840308,0.183287,-0.983023,0
5875,0,0,0,0,594,151,6620,1141,7761,0.00200757,0.196054,-0.980591,0
6033,0,0,0,0,702,175,6910,715,7625,0.0108751,0.0335878,-0.999377,0
6256,0,0,0,0,888,217,7361,3762,11123,-0.026021,0.180627,-0.983207,0
4383,0,0,0,0,720,198,5301,572,5873,-0.0446177,0.270135,-0.961788,0
6560,0,0,0,0,1201,308,8069,841,8910,0.000736048,0.147194,-0.989107,0
6731,0,0,0,0,1249,299,8279,2162,10441,0.0070858,0.168335,-0.985704,0
6709,0,0,0,0,1178,282,8169,3173,11342,0.00443482,0.178638,-0.983905,0
6017,0,0,0,0,965,227,7209,4041,11250,-0.0122667,0.170652,-0.985255,0
5783,0,0,0,0,838,197,6818,4964,11782,-0.0126253,0.151995,-0.988301,0
6256,0,0,0,0,1194,269,7719,5815,13534,-0.0163767,0.134822,-0.990734,0
5297,0,0,0,0,601,185,6083,4882,10965,-0.0291541,0.132316,-0.990779,0
5365,0,0,0,0,491,117,5973,4774,10747,-0.0339552,0.110029,-0.993348,0
4701,0,0,0,0,386,93,5180,3336,8516,-0.0397588,0.154984,-0.987116,0
5837,0,0,0,0,470,133,6440,3837,10277,-0.0330007,0.174258,-0.984147,0
5876,0,0,0,0,478,150,6504,3359,9863,-0.0466035,0.251188,-0.966816,0
5988,0,0,0,0,480,116,6584,2627,9211,-0.0504275,0.21911,-0.974396,0
5916,0,0,0,0,767,199,6882,2275,9157,-0.0565772,0.282607,-0.957566,0
5906,0,0,0,0,528,131,6565,2102,8667,-0.0615469,0.302695,-0.951098,0
6102,0,0,0,0,545,139,6786,2136,8922,-0.058895,0.315045,-0.947248,0
6039,0,0,0,0,639,184,6862,2575,9437,-0.0493142,0.360383,-0.9315,0
6099,0,0,0,0,692,172,6963,2269,9232,-0.0363613,0.366156,-0.929843,0
6084,0,0,0,0,768,191,7043,3026,10069,-0.0328519,0.376218,-0.925949,0
6158,0,0,0,0,920,225,7303,3060,10363,-0.0288162,0.37738,-0.92561,0
6460,0,0,0,0,1055,260,7775,2874,10649,-0.0234516,0.359567,-0.932825,0
5922,0,0,0,0,1072,257,7251,3536,10787,-0.024399,0.3457,-0.938028,0
6432,0,0,0,0,1195,280,7907,3284,11191,-0.0140273,0.32442,-0.94581,0
6274,0,0,0,0,1079,252,7605,2226,9831,-0.0132884,0.342466,-0.939436,0
6909,0,0,0,0,1005,239,8153,2262,10415,-0.00578793,0.274178,-0.961661,0
6465,0,0,0,0,891,200,7556,2209,9765,-0.0181556,0.30815,-0.951165,0
6051,0,0,0,0,687,163,6901,1778,8679,-0.0165215,0.258012,-0.966001,0
6106,0,0,0,0,599,173,6878,1964,8842,-0.0419986,0.284465,-0.957766,0
5953,0,0,0,0,550,131,6634,1835,8469,-0.0330221,0.228798,-0.972914,0
5916,0,0,0,0,513,120,6549,2159,8708,-0.051007,0.259071,-0.964511,0
5563,0,0,0,0,427,100,6090,2159,8249,-0.0446155,0.217248,-0.975096,0
5495,0,0,0,0,356,86,5937,2428,8365,-0.062157,0.22441,-0.97251,0
5412,0,0,0,0,303,73,5788,2306,8094,-0.0524679,0.196794,-0.97904,0
5418,0,0,0,0,303,75,5796,2087,7883,-0.0665187,0.203458,-0.976822,0
5701,0,0,0,0,345,90,6136,1767,7903,-0.0534057,0.184939,-0.981298,0
5730,0,0,0,0,413,110,6253,1554,7807,-0.0833556,0.211603,-0.973795,0
5836,0,0,0,0,487,128,6451,1291,7742,-0.0762391,0.182421,-0.98026,0
5806,0,0,0,0,582,150,6538,1154,7692,-0.0676809,0.157703,-0.985164,0
6087,0,0,0,0,719,182,6988,1110,8098,-0.0652921,0.214499,-0.97454,0
6235,0,0,0,0,894,223,7352,771,8123,-0.0328541,0.193863,-0.980478,0
6845,0,0,0,0,1045,255,8145,844,8989,-0.0366863,0.210812,-0.976838,0
6607,0,0,0,0,1197,315,8119,1030,9149,-0.0299047,0.196289,-0.98009,0
6735,0,0,0,0,1340,323,8398,1404,9802,-0.0574361,0.183047,-0.981425,0
7223,0,0,0,0,1347,323,8893,2420,11313,-0.0812324,0.181928,-0.97995,0
7536,0,0,0,0,1504,308,9348,4143,13491,-0.0503152,0.136565,-0.989352,0
6643,0,0,0,0,1172,280,8095,5083,13178,-0.0758097,0.167481,-0.982956,0
6560,0,0,0,0,1029,247,7836,4947,12783,-0.0579513,0.12092,-0.990969,0
8168,0,0,0,0,989,203,9360,4690,14050,-0.0770481,0.149291,-0.985787,0
2687,0,0,0,0,321,80,3088,2322,5410,-0.0590528,0.11539,-0.991563,0
7027,0,0,0,0,637,152,7816,4598,12414,-0.0891658,0.176321,-0.980286,0
6090,0,0,0,0,584,139,6813,3764,10577,-0.0948162,0.155303,-0.983306,0
6083,0,0,0,0,612,141,6836,3496,10332,-0.128675,0.215947,-0.967889,0
6021,0,0,0,0,604,147,6772,3347,10119,-0.13531,0.240411,-0.961194,0
6138,0,0,0,0,628,155,6921,3021,9942,-0.132854,0.228307,-0.964482,0
6059,0,0,0,0,629,157,6845,2729,9574,-0.133146,0.223463,-0.965576,0
6032,0,0,0,0,629,158,6819,2385,9204,-0.139618,0.254095,-0.957049,0
6249,0,0,0,0,633,161,7043,2623,9666,-0.140412,0.233301,-0.962214,0
6095,0,0,0,0,675,171,6941,2643,9584,-0.16352,0.305315,-0.938107,0
6338,0,0,0,0,808,191,7337,2725,10062,-0.154518,0.316306,-0.935989,0
6381,0,0,0,0,851,220,7452,2748,10200,-0.15185,0.342,-0.92735,0
5879,0,0,0,0,909,223,7011,2502,9513,-0.136099,0.325171,-0.93581,0
6639,0,0,0,0,1199,287,8125,3919,12044,-0.202082,0.470508,-0.858944,0
4667,0,0,0,0,720,185,5572,2049,7621,-0.164791,0.370134,-0.914245,0
2848,0,0,0,0,588,137,3573,1327,4900,-0.141668,0.324499,-0.935217,0
6567,0,0,0,0,1259,287,8113,2543,10656,-0.126401,0.271039,-0.954233,0
6853,0,0,0,0,992,184,8029,1955,9984,-0.1323,0.274554,-0.952427,0
4039,0,0,0,0,653,145,4837,1631,6468,-0.112825,0.224193,-0.967992,0
7211,0,0,0,0,831,197,8239,2364,10603,-0.128152,0.243568,-0.96138,0
6078,0,0,0,0,763,188,7029,2177,9206,-0.112915,0.219097,-0.969147,0
6536,0,0,0,0,757,191,7484,2616,10100,-0.10497,0.212474,-0.971512,0
6054,0,0,0,0,743,167,6964,2287,9251,-0.0997322,0.191889,-0.976336,0
6186,0,0,0,0,624,148,6958,2461,9419,-0.106387,0.187358,-0.976514,0
5948,0,0,0,0,536,129,6613,2725,9338,-0.0845884,0.162991,-0.982995,0
6410,0,0,0,0,456,114,6980,2668,9648,-0.0854505,0.192761,-0.977518,0
5578,0,0,0,0,400,102,6080,2718,8798,-0.0553861,0.142455,-0.98825,0
5735,0,0,0,0,375,96,6206,2644,8850,-0.0988127,0.185067,-0.977745,0
5992,0,0,0,0,376,96,6464,2290,8754,-0.077938,0.163181,-0.983513,0
6573,0,0,0,0,504,154,7231,2275,9506,-0.0804068,0.15116,-0.985234,0
5980,0,0,0,0,472,88,6540,1373,7913,-0.108457,0.165886,-0.980163,0
5519,0,0,0,0,547,141,6207,1527,7734,-0.0939651,0.160274,-0.98259,0
5771,0,0,0,0,701,156,6628,1327,7955,-0.0620033,0.132458,-0.989248,0
6600,0,0,0,0,739,189,7528,1177,8705,-0.0823968,0.188388,-0.978632,0
6222,0,0,0,0,891,225,7338,1266,8604,-0.0793287,0.180578,-0.980356,0
6403,0,0,0,0,926,239,7568,807,8375,-0.0617108,0.158563,-0.985419,0
6427,0,0,0,0,1035,250,7712,879,8591,-0.0579982,0.128873,-0.989964,0
6855,0,0,0,0,1114,279,8248,1163,9411,-0.00212839,0.135111,-0.990828,0
7443,0,0,0,0,1369,327,9139,2107,11246,-0.0654584,0.113824,-0.991342,0
5032,0,0,0,0,998,278,6308,977,7285,-0.0484774,0.105485,-0.993238,0
6790,0,0,0,0,1343,369,8502,1986,10488,-0.0369429,0.0760859,-0.996417,0
7451,0,0,0,0,1323,312,9086,3822,12908,-0.0806596,0.165097,-0.982974,0
4055,0,0,0,0,652,151,4858,2552,7410,-0.0322997,0.0931345,-0.99513,0
2815,0,0,0,0,492,115,3422,2402,5824,-0.0426169,0.0988281,-0.994192,0
6421,0,0,0,0,1037,249,7707,5967,13674,-0.0530867,0.10288,-0.993276,0
6512,0,0,0,0,877,216,7605,6320,13925,-0.148394,0.19865,-0.968771,0
3609,0,0,0,0,410,100,4119,2926,7045,-0.0924532,0.131649,-0.986976,0
2161,0,0,0,0,258,61,2480,1792,4272,-0.0579654,0.0802228,-0.99509,0
5940,0,0,0,0,696,183,6819,4389,11208,-0.163032,0.184645,-0.969189,0
4878,0,0,0,0,477,113,5468,2631,8099,-0.121048,0.12879,-0.984257,0
3621,0,0,0,0,423,104,4148,2372,6520,-0.101879,0.0937394,-0.99037,0
6122,0,0,0,0,726,178,7026,3633,10659,-0.125833,0.127775,-0.983789,0
6367,0,0,0,0,753,186,7306,2732,10038,-0.112898,0.123099,-0.985952,0
4514,0,0,0,0,510,127,5151,2187,7338,-0.115607,0.135745,-0.983976,0
6910,0,0,0,0,882,208,8000,3060,11060,-0.127062,0.178204,-0.975756,0
6429,0,0,0,0,697,178,7304,2828,10132,-0.110273,0.181681,-0.977155,0
4234,0,0,0,0,479,119,4832,1946,6778,-0.0995569,0.168853,-0.9806,0
7301,0,0,0,0,955,236,8492,3352,11844,-0.132309,0.237767,-0.962269,0
6414,0,0,0,0,798,215,7427,2644,10071,-0.134003,0.221238,-0.96597,0
6304,0,0,0,0,828,207,7339,2995,10334,-0.157223,0.236422,-0.958846,0
6435,0,0,0,0,970,234,7639,2945,10584,-0.141936,0.217155,-0.965763,0
4515,0,0,0,0,741,205,5461,2334,7795,-0.176492,0.244873,-0.953356,0
7489,0,0,0,0,1451,386,9326,3761,13087,-0.184712,0.256864,-0.948632,0
5012,0,0,0,0,1069,249,6330,3138,9468,-0.198775,0.275331,-0.940575,0
6858,0,0,0,0,1503,346,8707,3425,12132,-0.170933,0.236118,-0.956572,0
4730,0,0,0,0,914,220,5864,1703,7567,-0.176255,0.243756,-0.953686,0
7029,0,0,0,0,1368,313,8710,2573,11283,-0.154746,0.235328,-0.959518,0
6720,0,0,0,0,1281,287,8288,2334,10622,-0.159319,0.268481,-0.950019,0
5724,0,0,0,0,984,229,6937,2033,8970,-0.132244,0.218,-0.966948,0
7179,0,0,0,0,1043,257,8479,1988,10467,-0.207415,0.362626,-0.90856,0
4421,0,0,0,0,471,116,5008,1138,6146,-0.164757,0.313673,-0.935128,0
2889,0,0,0,0,333,81,3303,1083,4386,-0.0904691,0.194053,-0.976811,0
5998,0,0,0,0,621,157,6776,2895,9671,-0.114136,0.213315,-0.970294,0
5861,0,0,0,0,543,154,6558,2884,9442,-0.14779,0.240867,-0.95924,0
5654,0,0,0,0,447,113,6214,2870,9084,-0.120524,0.214103,-0.969347,0
4308,0,0,0,0,283,76,4667,1753,6420,-0.118132,0.222737,-0.967695,0
2774,0,0,0,0,217,55,3046,1127,4173,-0.095683,0.188125,-0.977473,0
6072,0,0,0,0,567,140,6779,2104,8883,-0.0947642,0.180429,-0.979012,0
6125,0,0,0,0,595,152,6872,1804,8676,-0.0818741,0.163386,-0.983159,0
6137,0,0,0,0,739,207,7083,1595,8678,-0.0869213,0.163848,-0.982649,0
6277,0,0,0,0,886,219,7382,1140,8522,-0.0591503,0.12215,-0.990748,0
6245,0,0,0,0,969,238,7452,818,8270,-0.0293566,0.170438,-0.984931,0
6445,0,0,0,0,1046,274,7765,1523,9288,-0.057991,0.158975,-0.985578,0
6657,0,0,0,0,1131,275,8063,1135,9198,-0.0655569,0.175578,-0.98228,0
6668,0,0,0,0,1215,308,8191,1532,9723,-0.0603444,0.158212,-0.98556,0
7474,0,0,0,0,1290,328,9092,2016,11108,-0.0958415,0.171777,-0.980463,0
6897,0,0,0,0,1283,309,8489,3792,12281,-0.0957436,0.142241,-0.985191,0
4684,0,0,0,0,928,276,5888,3405,9293,-0.0983841,0.125238,-0.987237,0
6751,0,0,0,0,1219,290,8260,5186,13446,-0.0950082,0.10403,-0.990026,0
6756,0,0,0,0,1098,267,8121,4275,12396,-0.0880262,0.0981761,-0.991268,0
3343,0,0,0,0,598,132,4073,3254,7327,-0.0656284,0.0743541,-0.99507,0
6357,0,0,0,0,904,219,7480,6427,13907,-0.0572731,0.0956769,-0.993763,0
6183,0,0,0,0,802,195,7180,5680,12860,-0.0537641,0.0728838,-0.995891,0
6091,0,0,0,0,745,178,7014,4793,11807,-0.0767144,0.0832978,-0.993567,0
5401,0,0,0,0,588,143,6132,3796,9928,-0.072633,0.0940138,-0.992918,0
6031,0,0,0,0,643,157,6831,4120,10951,-0.075407,0.11667,-0.990304,0
6007,0,0,0,0,632,193,6832,3737,10569,-0.0703226,0.0958877,-0.992905,0
6258,0,0,0,0,639,162,7059,3596,10655,-0.107259,0.147288,-0.983261,0
6309,0,0,0,0,652,166,7127,3667,10794,-0.0999761,0.138412,-0.985316,0
6182,0,0,0,0,648,192,7022,2968,9990,-0.142218,0.195277,-0.970382,0
6143,0,0,0,0,631,169,6943,2852,9795,-0.123135,0.159954,-0.979414,0
6323,0,0,0,0,956,252,7531,2503,10034,-0.145976,0.236067,-0.96071,0
5528,0,0,0,0,612,155,6295,2425,8720,-0.122614,0.200891,-0.97191,0
6531,0,0,0,0,723,189,7443,2615,10058,-0.135357,0.241672,-0.960871,0
6340,0,0,0,0,829,203,7372,2740,10112,-0.119219,0.197886,-0.972948,0
6040,0,0,0,0,984,258,7282,2851,10133,-0.135135,0.22,-0.966095,0
5750,0,0,0,0,846,210,6806,3005,9811,-0.124069,0.199038,-0.972106,0
6510,0,0,0,0,997,258,7765,2945,10710,-0.106593,0.212532,-0.971323,0
6522,0,0,0,0,1051,259,7832,2353,10185,-0.0912297,0.179524,-0.979515,0
6470,0,0,0,0,1033,263,7766,2613,10379,-0.0832625,0.187822,-0.978668,0
6414,0,0,0,0,1048,264,7726,2854,10580,-0.077727,0.168638,-0.982609,0
7777,0,0,0,0,1129,300,9206,2264,11470,-0.0858617,0.168477,-0.981959,0
6538,0,0,0,0,1135,281,7954,3213,11167,-0.0798561,0.147477,-0.985837,0
4651,0,0,0,0,846,201,5698,2882,8580,-0.0779643,0.152392,-0.98524,0
6657,0,0,0,0,1263,304,8224,4295,12519,-0.0751359,0.205935,-0.975677,0
5517,0,0,0,0,842,163,6522,2541,9063,-0.0659232,0.146668,-0.986987,0
2561,0,0,0,0,476,112,3149,1737,4886,-0.0649422,0.11159,-0.99163,0
2976,0,0,0,0,578,138,3692,2109,5801,-0.0560108,0.085849,-0.994733,0
6700,0,0,0,0,1439,315,8454,4204,12658,-0.0605724,0.106936,-0.992419,0
6497,0,0,0,0,1216,293,8006,3494,11500,-0.0549249,0.103332,-0.993129,0
6291,0,0,0,0,1103,278,7672,2954,10626,-0.0522426,0.0914607,-0.994437,0
7607,0,0,0,0,1440,303,9350,3216,12566,-0.0452256,0.0853227,-0.995326,0
6640,0,0,0,0,1215,297,8152,2744,10896,-0.0361141,0.0687751,-0.996978,0
4549,0,0,0,0,851,206,5606,2183,7789,-0.0321681,0.0620709,-0.997553,0
6466,0,0,0,0,1427,304,8197,3361,11558,-0.0275398,0.0578632,-0.997944,0
6697,0,0,0,0,1242,302,8241,2324,10565,-0.0144022,0.0507768,-0.998606,0
4469,0,0,0,0,913,211,5593,2557,8150,-0.013646,0.0493499,-0.998688,0
6570,0,0,0,0,1284,306,8160,3314,11474,-0.0106732,0.0539543,-0.998486,0
6570,0,0,0,0,1259,304,8133,2966,11099,-0.0139419,0.0582184,-0.998206,0
4598,0,0,0,0,868,210,5676,2269,7945,-0.01624,0.066182,-0.997675,0
6459,0,0,0,0,1260,305,8024,3423,11447,-0.0196913,0.0706532,-0.997306,0
7441,0,0,0,0,1278,339,9058,3652,12710,-0.0209749,0.0765124,-0.996848,0
6425,0,0,0,0,1263,302,7990,3502,11492,-0.0210209,0.0759798,-0.996888,0
4561,0,0,0,0,878,212,5651,2347,7998,-0.0187579,0.07287,-0.997165,0
6350,0,0,0,0,1261,305,7916,3681,11597,-0.0191271,0.0738028,-0.99709,0
6601,0,0,0,0,1260,305,8166,3210,11376,-0.0146708,0.0755623,-0.997033,0
5761,0,0,0,0,1130,272,7163,2732,9895,-0.0131015,0.0728697,-0.997255,0
5771,0,0,0,0,1172,293,7236,2805,10041,-0.0104881,0.0715067,-0.997385,0
6394,0,0,0,0,1267,303,7964,3329,11293,-0.0121376,0.0672695,-0.997661,0
6452,0,0,0,0,1312,319,8083,3094,11177,-0.0100146,0.0674923,-0.997669,0
6450,0,0,0,0,1276,316,8042,3263,11305,-0.0072009,0.0646017,-0.997885,0
6486,0,0,0,0,1295,212,7993,2217,10210,-0.00896125,0.0575937,-0.9983,0
3399,0,0,0,0,681,162,4242,1745,5987,-0.00995116,0.0522154,-0.998586,0
6501,0,0,0,0,1286,319,8106,2959,11065,-0.00912045,0.0483509,-0.998789,0
6431,0,0,0,0,1292,306,8029,2905,10934,-0.0106956,0.0464779,-0.998862,0
5861,0,0,0,0,1158,281,7300,3162,10462,-0.00974238,0.0442183,-0.998975,0
6450,0,0,0,0,1303,312,8065,3496,11561,-0.0101512,0.0439803,-0.998981,0
