Downsample[ns],BuildFilTree[ns],SearchFil[ns],DeleteFil[ns],BuildTreeSub[ns],SearchSub[ns],DeleteSub[ns],PreProcTotal[ns],Plane[ns],Total[ns],nx,ny,nz,planeCount
6173,0,0,0,0,1118,295,7586,10441,18027,0.0751259,0.0204943,-0.996964,0
6129,0,0,0,0,1142,285,7556,2260,9816,0.0125783,0.0368446,-0.999242,0
6065,0,0,0,0,1082,275,7422,2087,9509,0.0123326,0.0352063,-0.999304,0
6004,0,0,0,0,1123,274,7401,2126,9527,0.00948399,0.033632,-0.99939,0
6000,0,0,0,0,1082,277,7359,2165,9524,0.00704282,0.0333911,-0.999417,0
6528,0,0,0,0,1101,277,7906,2220,10126,0.00503184,0.034636,-0.999387,0
5954,0,0,0,0,1081,273,7308,2049,9357,0.00527111,0.0359956,-0.999338,0
5998,0,0,0,0,1077,271,7346,1921,9267,0.00579692,0.0367049,-0.999309,0
6074,0,0,0,0,1116,276,7466,1859,9325,0.00617378,0.037971,-0.99926,0
5880,0,0,0,0,1100,275,7255,1985,9240,0.00581211,0.041254,-0.999132,0
6136,0,0,0,0,1097,282,7515,1751,9266,0.00629709,0.0439877,-0.999012,0
5982,0,0,0,0,1076,276,7334,1499,8833,0.00581501,0.0478392,-0.998838,0
6094,0,0,0,0,1086,314,7494,1486,8980,0.00815626,0.0535197,-0.998534,0
6029,0,0,0,0,1131,276,7436,1486,8922,0.0134512,0.0594171,-0.998142,0
6139,0,0,0,0,1087,312,7538,1757,9295,0.0121882,0.0578907,-0.998248,0
6150,0,0,0,0,1122,280,7552,1571,9123,0.0118248,0.0643074,-0.99786,0
6005,0,0,0,0,1113,286,7404,1796,9200,0.00950776,0.0652917,-0.997821,0
6041,0,0,0,0,1114,352,7507,1629,9136,0.0117059,0.0674061,-0.997657,0
6107,0,0,0,0,1121,284,7512,1661,9173,0.0150811,0.0633702,-0.997876,0
6699,0,0,0,0,1152,282,8133,2138,10271,0.0182417,0.0690428,-0.997447,0
6731,0,0,0,0,1122,289,8142,1762,9904,0.0174634,0.0684368,-0.997503,0
3835,0,0,0,0,685,170,4690,1539,6229,0.0187098,0.0756734,-0.996957,0
7586,0,0,0,0,1280,273,9139,2476,11615,0.0118841,0.0807917,-0.99666,0
6192,0,0,0,0,1081,270,7543,2435,9978,0.014299,0.0843635,-0.996332,0
7922,0,0,0,0,1222,278,9422,2474,11896,0.0231397,0.0850437,-0.996109,0
6149,0,0,0,0,1397,413,7959,3034,10993,0.0166192,0.075477,-0.997009,0
4238,0,0,0,0,830,192,5260,1888,7148,0.0206178,0.0780608,-0.996735,0
6962,0,0,0,0,1259,275,8496,2917,11413,0.0201159,0.0844172,-0.996228,0
6132,0,0,0,0,1080,265,7477,2313,9790,0.0246676,0.0892082,-0.995708,0
4177,0,0,0,0,717,190,5084,1807,6891,0.0196604,0.0841182,-0.996261,0
6312,0,0,0,0,1464,255,8031,2011,10042,0.0196863,0.0897915,-0.995766,0
6091,0,0,0,0,1040,272,7403,1889,9292,0.029302,0.0927079,-0.995262,0
5765,0,0,0,0,1333,245,7343,2262,9605,0.0281311,0.0836362,-0.996099,0
5670,0,0,0,0,909,230,6809,2109,8918,0.0199903,0.0908907,-0.99566,0
6667,0,0,0,0,930,274,7871,1674,9545,0.0238804,0.098336,-0.994867,0
5572,0,0,0,0,861,217,6650,2126,8776,0.00975082,0.0950279,-0.995427,0
5839,0,0,0,0,807,207,6853,1854,8707,0.00507359,0.0970926,-0.995263,0
6048,0,0,0,0,863,220,7131,2299,9430,-0.00144957,0.0965984,-0.995323,0
5403,0,0,0,0,750,193,6346,1868,8214,-0.000207981,0.0957129,-0.995409,0
6225,0,0,0,0,1036,215,7476,2675,10151,0.0126707,0.0852772,-0.996277,0
5649,0,0,0,0,784,184,6617,2456,9073,0.0172281,0.0825148,-0.996441,0
6178,0,0,0,0,825,205,7208,2986,10194,0.016286,0.0820966,-0.996491,0
5238,0,0,0,0,735,186,6159,2416,8575,0.0176425,0.0679786,-0.997531,0
5449,0,0,0,0,742,190,6381,2659,9040,0.0213094,0.0776329,-0.996754,0
5760,0,0,0,0,796,211,6767,2478,9245,0.0223057,0.0792635,-0.996604,0
6073,0,0,0,0,805,212,7090,2539,9629,0.0224297,0.0817725,-0.996399,0
5736,0,0,0,0,703,183,6622,2198,8820,0.0218606,0.0813164,-0.996449,0
5320,0,0,0,0,672,177,6169,1832,8001,0.0224624,0.0774882,-0.99674,0
5243,0,0,0,0,690,169,6102,1915,8017,0.0159935,0.0781701,-0.996812,0
5942,0,0,0,0,666,187,6795,1909,8704,0.0100241,0.0872837,-0.996133,0
5555,0,0,0,0,537,141,6233,1265,7498,0.0107705,0.0753747,-0.997097,0
5365,0,0,0,0,577,147,6089,1547,7636,0.013207,0.106041,-0.994274,0
5598,0,0,0,0,469,125,6192,1225,7417,0.0170169,0.0850748,-0.996229,0
5329,0,0,0,0,446,122,5897,1161,7058,0.0196869,0.10679,-0.994087,0
5622,0,0,0,0,442,145,6209,1010,7219,0.0191975,0.101745,-0.994625,0
5422,0,0,0,0,453,123,5998,962,6960,0.0237923,0.0781557,-0.996657,0
6462,0,0,0,0,550,137,7149,922,8071,0.027282,0.0855762,-0.995958,0
5422,0,0,0,0,391,109,5922,668,6590,0.0212295,0.0996085,-0.9948,0
3487,0,0,0,0,441,110,4038,415,4453,0.0268934,0.084732,-0.996041,0
6159,0,0,0,0,778,207,7144,716,7860,0.0200809,0.0680911,-0.997477,0
6451,0,0,0,0,913,232,7596,637,8233,0.0564527,0.0533198,-0.99698,0
6052,0,0,0,0,849,216,7117,770,7887,0.0295713,0.0561009,-0.997987,0
6335,0,0,0,0,845,216,7396,952,8348,0.0314403,0.0360834,-0.998854,0
7298,0,0,0,0,980,272,8550,1092,9642,0.0331683,0.0607468,-0.997602,0
6758,0,0,0,0,1036,266,8060,1219,9279,0.0161039,0.0515353,-0.998542,0
6185,0,0,0,0,909,236,7330,1140,8470,0.0131275,0.0576784,-0.998249,0
5944,0,0,0,0,910,244,7098,1227,8325,0.00737292,0.0563836,-0.998382,0
5925,0,0,0,0,946,242,7113,1294,8407,0.0133553,0.0548476,-0.998406,0
6721,0,0,0,0,985,254,7960,1484,9444,0.0323059,0.074207,-0.99672,0
7576,0,0,0,0,1177,267,9020,1595,10615,0.0431489,0.142085,-0.988914,0
4810,0,0,0,0,756,195,5761,975,6736,0.0455539,0.131407,-0.990281,0
2851,0,0,0,0,494,126,3471,646,4117,0.0258135,0.0896367,-0.99564,0
4140,0,0,0,0,791,242,5173,949,6122,0.0316222,0.105853,-0.993879,0
6815,0,0,0,0,1210,321,8346,1333,9679,0.0265858,0.103232,-0.994302,0
6787,0,0,0,0,1565,464,8816,1646,10462,0.0102726,0.207544,-0.978172,0
4374,0,0,0,0,637,161,5172,692,5864,0.00284327,0.138767,-0.990321,0
2597,0,0,0,0,518,126,3241,744,3985,0.00786143,0.107817,-0.99414,0
6696,0,0,0,0,1225,295,8216,2050,10266,0.0111442,0.105317,-0.994376,0
6246,0,0,0,0,1170,303,7719,2534,10253,0.00218756,0.0997303,-0.995012,0
6912,0,0,0,0,1199,301,8412,2929,11341,-0.00410485,0.0993952,-0.99504,0
6163,0,0,0,0,1162,286,7611,3315,10926,-0.00576436,0.10108,-0.994862,0
6400,0,0,0,0,1176,284,7860,3722,11582,-0.00461717,0.122333,-0.992478,0
4388,0,0,0,0,813,197,5398,3132,8530,-0.00821436,0.103627,-0.994582,0
6361,0,0,0,0,1215,317,7893,4536,12429,0.00572216,0.0939603,-0.995559,0
6290,0,0,0,0,1181,289,7760,4963,12723,0.013021,0.101812,-0.994718,0
6356,0,0,0,0,1209,286,7851,5098,12949,0.0209501,0.0876297,-0.995933,0
4355,0,0,0,0,835,194,5384,3452,8836,0.0118827,0.0570128,-0.998303,0
6760,0,0,0,0,1128,279,8167,4394,12561,0.0150202,0.100326,-0.994841,0
6357,0,0,0,0,1130,275,7762,4486,12248,0.00392674,0.100332,-0.994946,0
5760,0,0,0,0,1010,251,7021,3617,10638,0.00841498,0.0980488,-0.995146,0
6900,0,0,0,0,1093,275,8268,3601,11869,0.0098735,0.116304,-0.993165,0
6066,0,0,0,0,1093,275,7434,3660,11094,-0.00124647,0.126739,-0.991935,0
6432,0,0,0,0,1143,275,7850,3218,11068,-0.012675,0.127408,-0.99177,0
4335,0,0,0,0,732,196,5263,2283,7546,-0.0116153,0.131542,-0.991243,0
7431,0,0,0,0,1202,304,8937,3226,12163,-0.0135497,0.132755,-0.991057,0
6314,0,0,0,0,1066,342,7722,2932,10654,-0.0207541,0.123255,-0.992158,0
4223,0,0,0,0,735,185,5143,1910,7053,-0.0241288,0.11589,-0.992969,0
6768,0,0,0,0,1645,393,8806,3516,12322,-0.0169305,0.148517,-0.988765,0
4256,0,0,0,0,770,196,5222,1857,7079,-0.0191183,0.134601,-0.990716,0
7283,0,0,0,0,1322,334,8939,2684,11623,-0.0021421,0.158031,-0.987432,0
6792,0,0,0,0,1371,343,8506,2587,11093,0.00941282,0.171097,-0.985209,0
6212,0,0,0,0,1253,315,7780,2279,10059,0.0160171,0.178219,-0.983861,0
6731,0,0,0,0,1482,374,8587,2062,10649,0.0295743,0.219438,-0.975178,0
6313,0,0,0,0,1276,322,7911,1907,9818,0.016806,0.199506,-0.979752,0
5328,0,0,0,0,1426,302,7056,2160,9216,0.0149,0.234623,-0.971973,0
5410,0,0,0,0,1265,304,6979,2057,9036,0.0094159,0.246757,-0.969032,0
5483,0,0,0,0,1217,303,7003,2079,9082,0.00126878,0.249702,-0.968322,0
5878,0,0,0,0,1328,327,7533,2557,10090,-0.0109302,0.272725,-0.96203,0
6514,0,0,0,0,1512,338,8364,2815,11179,-0.0156175,0.240031,-0.97064,0
4234,0,0,0,0,865,214,5313,2528,7841,-0.0158877,0.219678,-0.975443,0
6260,0,0,0,0,1217,300,7777,4282,12059,-0.0181569,0.255844,-0.966548,0
4471,0,0,0,0,836,240,5547,2761,8308,-0.0120355,0.240086,-0.970677,0
4610,0,0,0,0,814,201,5625,1917,7542,-0.00212763,0.21264,-0.977128,0
6392,0,0,0,0,1314,309,8015,2062,10077,-0.00890005,0.205725,-0.978569,0
6195,0,0,0,0,1301,316,7812,2539,10351,-0.00442478,0.192114,-0.981363,0
4347,0,0,0,0,934,231,5512,1982,7494,0.00543045,0.173116,-0.984886,0
6509,0,0,0,0,1434,347,8290,2567,10857,0.00229277,0.159044,-0.987269,0
6455,0,0,0,0,1478,361,8294,2696,10990,0.000673024,0.145491,-0.989359,0
6315,0,0,0,0,1384,370,8069,2105,10174,0.00395628,0.1243,-0.992237,0
5555,0,0,0,0,1224,296,7075,2035,9110,0.00787475,0.11411,-0.993437,0
5502,0,0,0,0,1184,292,6978,1830,8808,0.00469959,0.107527,-0.994191,0
6087,0,0,0,0,1373,321,7781,2204,9985,0.00486387,0.0983318,-0.995142,0
6090,0,0,0,0,1305,319,7714,2518,10232,0.00532147,0.0754861,-0.997133,0
6653,0,0,0,0,1350,334,8337,2780,11117,0.00391694,0.0590952,-0.998245,0
4094,0,0,0,0,914,225,5233,1626,6859,0.00491334,0.0498219,-0.998747,0
6012,0,0,0,0,1314,340,7666,2341,10007,0.00779497,0.0501054,-0.998714,0
6050,0,0,0,0,1348,328,7726,2719,10445,0.0143375,0.0640094,-0.997846,0
5897,0,0,0,0,1267,319,7483,2911,10394,0.0148138,0.0991304,-0.994964,0
6506,0,0,0,0,1310,324,8140,2140,10280,0.0173289,0.124068,-0.992122,0
5958,0,0,0,0,1308,327,7593,2203,9796,0.00769979,0.147222,-0.989074,0
5952,0,0,0,0,1240,315,7507,1921,9428,0.0143994,0.165139,-0.986165,0
6706,0,0,0,0,1258,313,8277,2030,10307,0.026906,0.178865,-0.983506,0
5805,0,0,0,0,1191,305,7301,1746,9047,0.0238781,0.165962,-0.985843,0
6627,0,0,0,0,1208,302,8137,1729,9866,0.0178938,0.159866,-0.986976,0
5838,0,0,0,0,1188,301,7327,1892,9219,-0.00336974,0.138498,-0.990357,0
5902,0,0,0,0,1135,311,7348,2053,9401,-0.00198345,0.134805,-0.99087,0
5790,0,0,0,0,1107,290,7187,1995,9182,0.00843795,0.11402,-0.993443,0
5891,0,0,0,0,1211,302,7404,2027,9431,0.00762654,0.174233,-0.984675,0
5870,0,0,0,0,1061,293,7224,1685,8909,0.00904677,0.159195,-0.987206,0
2750,0,0,0,0,397,100,3247,927,4174,0.0135811,0.129915,-0.991432,0
2721,0,0,0,0,388,101,3210,1003,4213,0.0139227,0.124205,-0.992159,0
5736,0,0,0,0,781,190,6707,2040,8747,0.0116847,0.129931,-0.991454,0
5621,0,0,0,0,653,168,6442,1956,8398,0.00931631,0.125243,-0.992082,0
5525,0,0,0,0,635,161,6321,1893,8214,0.0083292,0.119934,-0.992747,0
5425,0,0,0,0,550,143,6118,1725,7843,0.00970231,0.121769,-0.992511,0
5791,0,0,0,0,575,143,6509,1705,8214,0.0148512,0.118792,-0.992808,0
5488,0,0,0,0,580,149,6217,1754,7971,0.00635159,0.13994,-0.99014,0
5581,0,0,0,0,649,161,6391,2027,8418,0.0134404,0.121998,-0.992439,0
6435,0,0,0,0,693,182,7310,1853,9163,0.020829,0.126377,-0.991763,0
3831,0,0,0,0,507,132,4470,1015,5485,0.0206127,0.110861,-0.993622,0
6135,0,0,0,0,775,198,7108,1385,8493,0.0269552,0.099619,-0.994661,0
5796,0,0,0,0,816,209,6821,1780,8601,0.0236034,0.105421,-0.994147,0
5937,0,0,0,0,851,237,7025,1496,8521,0.0225915,0.0999077,-0.99474,0
6110,0,0,0,0,907,234,7251,1500,8751,0.0185597,0.102306,-0.99458,0
7042,0,0,0,0,1063,270,8375,1332,9707,0.0175605,0.13992,-0.990007,0
5778,0,0,0,0,696,184,6658,753,7411,-0.00290943,0.154528,-0.987984,0
2951,0,0,0,0,424,95,3470,435,3905,0.027177,0.0870863,-0.99583,0
6610,0,0,0,0,1116,290,8016,1510,9526,0.0310893,0.145687,-0.988842,0
4295,0,0,0,0,551,143,4989,727,5716,0.0266254,0.115663,-0.992932,0
3799,0,0,0,0,620,161,4580,838,5418,0.0341865,0.113903,-0.992904,0
6549,0,0,0,0,1068,275,7892,1364,9256,0.0252321,0.133236,-0.990763,0
5872,0,0,0,0,956,245,7073,1117,8190,0.0322791,0.147559,-0.988526,0
6823,0,0,0,0,1077,266,8166,1352,9518,0.0317598,0.17199,-0.984587,0
6015,0,0,0,0,994,238,7247,1085,8332,0.0208041,0.0976805,-0.995,0
6170,0,0,0,0,948,230,7348,1215,8563,0.0342911,0.0854356,-0.995754,0
6126,0,0,0,0,983,238,7347,1518,8865,0.00779885,0.0990334,-0.995053,0
6130,0,0,0,0,999,235,7364,1500,8864,0.0424812,0.0691406,-0.996702,0
6279,0,0,0,0,1054,275,7608,2299,9907,0.00140247,-0.0326213,-0.999467,0
6293,0,0,0,0,1102,255,7650,4835,12485,-0.00497036,0.0890714,-0.996013,0
6361,0,0,0,0,1120,291,7772,2785,10557,0.0117712,-0.0298698,-0.999485,0
6473,0,0,0,0,1219,285,7977,4803,12780,0.0267316,0.167538,-0.985503,0
4369,0,0,0,0,657,152,5178,1667,6845,0.025743,0.0258944,-0.999333,0
2678,0,0,0,0,513,127,3318,1572,4890,0.0267928,-0.0397597,-0.99885,0
3854,0,0,0,0,689,168,4711,2306,7017,0.0191557,0.00914688,-0.999775,0
6604,0,0,0,0,1124,277,8005,3981,11986,0.00283723,0.0960063,-0.995377,0
6253,0,0,0,0,1022,253,7528,3161,10689,-0.00907932,0.123528,-0.9923,0
6139,0,0,0,0,980,246,7365,3109,10474,-0.0210659,0.124238,-0.992029,0
4162,0,0,0,0,674,172,5008,1998,7006,-0.0294512,0.12527,-0.991686,0
5495,0,0,0,0,871,215,6581,2475,9056,-0.0334986,0.119033,-0.992325,0
6983,0,0,0,0,951,239,8173,2619,10792,-0.0283554,0.141325,-0.989557,0
6028,0,0,0,0,1125,344,7497,2654,10151,-0.0382234,0.131408,-0.990591,0
4280,0,0,0,0,649,160,5089,1794,6883,-0.0226808,0.141224,-0.989718,0
6006,0,0,0,0,933,246,7185,2482,9667,-0.0185974,0.145088,-0.989244,0
6265,0,0,0,0,1030,268,7563,2386,9949,-0.0168,0.17985,-0.983551,0
6047,0,0,0,0,931,239,7217,2228,9445,-0.00553556,0.192314,-0.981318,0
5864,0,0,0,0,970,234,7068,2153,9221,-0.0041532,0.192735,-0.981242,0
6122,0,0,0,0,1016,285,7423,2099,9522,0.00476618,0.209567,-0.977783,0
6012,0,0,0,0,1192,265,7469,2190,9659,0.0123614,0.228589,-0.973445,0
6067,0,0,0,0,1122,290,7479,2148,9627,0.00685306,0.224592,-0.974429,0
4156,0,0,0,0,820,215,5191,1492,6683,0.000941737,0.231212,-0.972903,0
6101,0,0,0,0,1233,346,7680,2209,9889,-0.00624916,0.239412,-0.970898,0
5970,0,0,0,0,1212,324,7506,2014,9520,-0.00522935,0.209949,-0.977698,0
4202,0,0,0,0,843,208,5253,1641,6894,-0.00567485,0.191816,-0.981415,0
5883,0,0,0,0,1202,313,7398,2442,9840,-0.00323129,0.170732,-0.985312,0
6034,0,0,0,0,1214,324,7572,2149,9721,-0.00454176,0.15521,-0.987871,0
4040,0,0,0,0,839,202,5081,1624,6705,-0.00624162,0.144691,-0.989457,0
6162,0,0,0,0,1183,285,7630,2294,9924,-0.00622209,0.149809,-0.988695,0
5918,0,0,0,0,1130,197,7245,1618,8863,-0.00992688,0.141903,-0.989831,0
3087,0,0,0,0,594,148,3829,1439,5268,-0.00823152,0.132085,-0.991204,0
6029,0,0,0,0,1161,278,7468,2662,10130,-0.00438258,0.130792,-0.9914,0
6175,0,0,0,0,1085,288,7548,2621,10169,-0.00082201,0.130366,-0.991466,0
3934,0,0,0,0,764,185,4883,1746,6629,-0.0013545,0.124608,-0.992205,0
5676,0,0,0,0,1099,263,7038,2360,9398,-0.00292412,0.12677,-0.991928,0
5750,0,0,0,0,1040,259,7049,2515,9564,-0.00604211,0.115751,-0.99326,0
5912,0,0,0,0,1157,262,7331,2481,9812,-0.0110604,0.109556,-0.993919,0
5727,0,0,0,0,1052,254,7033,2291,9324,-0.0117119,0.0981795,-0.9951,0
5693,0,0,0,0,1082,259,7034,2380,9414,-0.00847129,0.0933276,-0.995599,0
5775,0,0,0,0,1074,259,7108,2491,9599,-0.00628991,0.0924358,-0.995699,0
6064,0,0,0,0,1149,256,7469,2610,10079,-0.00545749,0.0998678,-0.994986,0
5893,0,0,0,0,1121,263,7277,2711,9988,-0.00726807,0.106496,-0.994286,0
3940,0,0,0,0,723,181,4844,1836,6680,-0.00728195,0.10882,-0.994035,0
5932,0,0,0,0,1092,263,7287,2722,10009,-0.00471585,0.108047,-0.994135,0
5888,0,0,0,0,1044,276,7208,2832,10040,-0.00298956,0.104238,-0.994548,0
4083,0,0,0,0,715,178,4976,1834,6810,-0.0049668,0.101609,-0.994812,0
6385,0,0,0,0,1096,288,7769,2752,10521,-0.00627823,0.102617,-0.994701,0
4059,0,0,0,0,566,137,4762,1218,5980,-0.00984183,0.101737,-0.994763,0
2467,0,0,0,0,457,177,3101,1224,4325,-0.00551733,0.112265,-0.993663,0
4428,0,0,0,0,797,193,5418,1910,7328,-0.00537627,0.112231,-0.993667,0
4377,0,0,0,0,814,217,5408,2111,7519,-0.00597805,0.109099,-0.994013,0
6275,0,0,0,0,1538,350,8163,2667,10830,-0.00649714,0.109686,-0.993945,0
5674,0,0,0,0,1057,256,6987,2532,9519,-0.00861873,0.105197,-0.994414,0
6252,0,0,0,0,1029,258,7539,2565,10104,-0.00818618,0.106192,-0.994312,0
5748,0,0,0,0,1047,256,7051,2577,9628,-0.00875057,0.105512,-0.99438,0
5970,0,0,0,0,1040,257,7267,2531,9798,-0.0102084,0.107366,-0.994167,0
5710,0,0,0,0,1038,256,7004,2402,9406,-0.00873598,0.107066,-0.994213,0
5917,0,0,0,0,1019,252,7188,2477,9665,-0.0102488,0.111532,-0.993708,0
5710,0,0,0,0,1035,255,7000,2763,9763,-0.00984904,0.115767,-0.993228,0
5790,0,0,0,0,1014,256,7060,2498,9558,-0.0112765,0.11597,-0.993189,0
6167,0,0,0,0,1002,252,7421,2407,9828,-0.0124463,0.113042,-0.993512,0
5931,0,0,0,0,1010,245,7186,2579,9765,-0.0105142,0.115063,-0.993303,0
5846,0,0,0,0,1052,251,7149,2367,9516,-0.00881653,0.12023,-0.992707,0
5929,0,0,0,0,1059,244,7232,2640,9872,-0.00698239,0.122276,-0.992472,0
5988,0,0,0,0,985,275,7248,2482,9730,-0.00670796,0.119561,-0.992804,0
6679,0,0,0,0,1096,245,8020,2546,10566,-0.00725147,0.123823,-0.992278,0
4083,0,0,0,0,701,169,4953,1835,6788,-0.00965072,0.118334,-0.992927,0
6025,0,0,0,0,1000,244,7269,2597,9866,-0.00903283,0.114081,-0.993431,0
6754,0,0,0,0,1001,241,7996,2601,10597,-0.00551359,0.109078,-0.994018,0
5836,0,0,0,0,1000,241,7077,2353,9430,-0.00411675,0.11114,-0.993796,0
3976,0,0,0,0,682,264,4922,2055,6977,-0.00663583,0.107163,-0.994219,0
5840,0,0,0,0,1035,242,7117,2551,9668,-0.00923519,0.105245,-0.994403,0
5827,0,0,0,0,1050,241,7118,2387,9505,-0.0119604,0.0972348,-0.99519,0
4047,0,0,0,0,730,167,4944,1703,6647,-0.010963,0.101499,-0.994775,0
5787,0,0,0,0,1031,242,7060,2506,9566,-0.0111372,0.100993,-0.994825,0
5655,0,0,0,0,975,249,6879,2347,9226,-0.01119,0.100119,-0.994912,0
6697,0,0,0,0,1030,274,8001,2614,10615,-0.0100105,0.0996928,-0.994968,0
5736,0,0,0,0,984,245,6965,2667,9632,-0.00852291,0.101079,-0.994842,0
5668,0,0,0,0,1017,242,6927,2454,9381,-0.00976294,0.101767,-0.99476,0
5920,0,0,0,0,1016,248,7184,2512,9696,-0.0109772,0.103088,-0.994612,0
5632,0,0,0,0,1013,242,6887,2767,9654,-0.00933201,0.10714,-0.9942,0
6144,0,0,0,0,1012,249,7405,2444,9849,-0.00933787,0.104425,-0.994489,0
6081,0,0,0,0,1163,253,7497,2608,10105,-0.00875583,0.108604,-0.994046,0
5618,0,0,0,0,1016,258,6892,2546,9438,-0.00745635,0.109358,-0.993975,0
5874,0,0,0,0,996,243,7113,2552,9665,-0.00794154,0.109715,-0.993932,0
5706,0,0,0,0,1019,244,6969,2390,9359,-0.00963156,0.110821,-0.993794,0
5764,0,0,0,0,1072,249,7085,2318,9403,-0.00915661,0.103903,-0.994545,0
5834,0,0,0,0,1003,249,7086,2625,9711,-0.00858523,0.108296,-0.994081,0
5652,0,0,0,0,1024,247,6923,2497,9420,-0.00664285,0.109587,-0.993955,0
5707,0,0,0,0,1010,251,6968,2684,9652,-0.00839465,0.111517,-0.993727,0
5754,0,0,0,0,1002,249,7005,2454,9459,-0.0111211,0.111811,-0.993667,0
6060,0,0,0,0,1019,259,7338,2478,9816,-0.0110318,0.114881,-0.993318,0
5635,0,0,0,0,1030,244,6909,2633,9542,-0.00997996,0.116393,-0.993153,0
6095,0,0,0,0,996,273,7364,2448,9812,-0.0107197,0.112582,-0.993585,0
6205,0,0,0,0,1425,253,7883,2655,10538,-0.0109969,0.112263,-0.993618,0
4049,0,0,0,0,707,190,4946,1685,6631,-0.00911224,0.118697,-0.992889,0
6300,0,0,0,0,1017,293,7610,2584,10194,-0.0101221,0.116417,-0.993149,0
5795,0,0,0,0,990,273,7058,2628,9686,-0.0108873,0.115839,-0.993208,0
5804,0,0,0,0,1030,244,7078,2425,9503,-0.0107138,0.115179,-0.993287,0
5723,0,0,0,0,997,250,6970,2923,9893,-0.0100363,0.115334,-0.993276,0
5847,0,0,0,0,1000,242,7089,2491,9580,-0.0107756,0.113612,-0.993467,0
6566,0,0,0,0,1003,240,7809,2625,10434,-0.00802073,0.110906,-0.993799,0
5685,0,0,0,0,1031,240,6956,2531,9487,-0.00986415,0.114357,-0.993391,0
5879,0,0,0,0,978,242,7099,2591,9690,-0.00982242,0.115803,-0.993224,1
5729,0,0,0,0,1015,257,7001,2576,9577,-0.00654696,0.116724,-0.993143,1
5745,0,0,0,0,993,260,6998,2272,9270,-0.00876265,0.114445,-0.993391,1
5740,0,0,0,0,1029,298,7067,2507,9574,-0.0139823,0.11285,-0.993514,1
5713,0,0,0,0,950,244,6907,1915,8822,-0.0185054,0.102164,-0.994596,1
6248,0,0,0,0,984,235,7467,1796,9263,-0.0164183,0.106504,-0.994177,1
4364,0,0,0,0,654,163,5181,1176,6357,-0.011172,0.10781,-0.994109,1
3015,0,0,0,0,517,137,3669,1081,4750,-0.00804522,0.110061,-0.993892,1
5611,0,0,0,0,1180,304,7095,2234,9329,-0.00807573,0.115384,-0.993288,1
5881,0,0,0,0,941,232,7054,2096,9150,-0.00819141,0.114415,-0.993399,1
5783,0,0,0,0,933,232,6948,2062,9010,-0.00960674,0.11765,-0.993009,1
5858,0,0,0,0,928,232,7018,2302,9320,-0.0117152,0.115853,-0.993197,1
6597,0,0,0,0,1082,271,7950,1952,9902,-0.0115192,0.115402,-0.993252,1
5684,0,0,0,0,950,228,6862,2108,8970,-0.00843566,0.114527,-0.993384,1
5768,0,0,0,0,923,248,6939,2325,9264,-0.00619614,0.112782,-0.9936,1
6514,0,0,0,0,1040,256,7810,2375,10185,-0.0045312,0.114349,-0.99343,1
5705,0,0,0,0,951,246,6902,2053,8955,-0.00444098,0.115603,-0.993286,1
6482,0,0,0,0,1051,281,7814,2002,9816,-0.00691003,0.130005,-0.99149,1
6464,0,0,0,0,1043,262,7769,2154,9923,-0.00518539,0.118836,-0.9929,1
4246,0,0,0,0,685,167,5098,1558,6656,-0.0058014,0.117776,-0.993023,1
6144,0,0,0,0,1075,230,7449,2061,9510,-0.00742161,0.12009,-0.992735,1
5947,0,0,0,0,932,228,7107,1993,9100,-0.00663317,0.11819,-0.992969,1
7343,0,0,0,0,1018,255,8616,2161,10777,-0.00824913,0.13353,-0.991011,1
5665,0,0,0,0,924,228,6817,2023,8840,-0.00552272,0.13359,-0.991021,1
6566,0,0,0,0,1001,250,7817,1941,9758,-0.0041315,0.14577,-0.98931,1
6326,0,0,0,0,998,245,7569,2050,9619,0.00224462,0.125097,-0.992142,1
8231,0,0,0,0,818,156,9205,1332,10537,0.00233313,0.126663,-0.991943,1
3065,0,0,0,0,465,114,3644,1049,4693,0.00062648,0.121858,-0.992547,1
5646,0,0,0,0,893,216,6755,2059,8814,0.000545338,0.123834,-0.992303,1
6431,0,0,0,0,883,216,7530,2140,9670,0.00196762,0.129963,-0.991517,1
6408,0,0,0,0,982,239,7629,2380,10009,0.00354114,0.133576,-0.991032,1
6497,0,0,0,0,973,234,7704,2611,10315,0.00731487,0.141713,-0.989881,1
5686,0,0,0,0,1026,278,6990,2569,9559,0.00617469,0.14405,-0.989551,1
6424,0,0,0,0,941,253,7618,2838,10456,0.00217039,0.134825,-0.990867,1
6267,0,0,0,0,836,203,7306,2736,10042,0.00350259,0.106749,-0.99428,1
5818,0,0,0,0,842,200,6860,2643,9503,0.00352614,0.0980967,-0.995171,1
6027,0,0,0,0,874,206,7107,1333,8440,0.00219871,0.11359,-0.993525,1
5756,0,0,0,0,836,199,6791,2508,9299,0.00722476,0.128134,-0.991731,1
5904,0,0,0,0,871,207,6982,2868,9850,0.00914508,0.131806,-0.991233,1
5832,0,0,0,0,850,201,6883,3216,10099,0.00437027,0.143266,-0.989675,1
5685,0,0,0,0,843,195,6723,3346,10069,0.00500541,0.156279,-0.9877,1
5911,0,0,0,0,805,222,6938,3674,10612,0.00747191,0.170114,-0.985396,1
5806,0,0,0,0,795,188,6789,3657,10446,0.0101349,0.17132,-0.985163,1
6685,0,0,0,0,985,217,7887,3635,11522,0.0222391,0.214364,-0.976501,1
3899,0,0,0,0,437,107,4443,1407,5850,0.0176074,0.173372,-0.984699,1
2521,0,0,0,0,381,93,2995,1148,4143,0.00834083,0.143971,-0.989547,1
6432,0,0,0,0,944,229,7605,2519,10124,-9.56721e-05,0.151889,-0.988397,1
6132,0,0,0,0,960,251,7343,2712,10055,-0.000877955,0.140572,-0.99007,1
6070,0,0,0,0,969,236,7275,2339,9614,0.000876493,0.131714,-0.991287,1
4352,0,0,0,0,699,168,5219,1920,7139,0.0099595,0.122419,-0.992428,1
4727,0,0,0,0,731,195,5653,1867,7520,0.0190185,0.128847,-0.991482,1
4170,0,0,0,0,761,185,5116,1747,6863,0.0254754,0.123928,-0.991964,1
6013,0,0,0,0,1122,273,7408,2186,9594,0.0268007,0.132801,-0.99078,1
6226,0,0,0,0,1176,279,7681,1919,9600,0.028771,0.132135,-0.990814,1
5991,0,0,0,0,1159,271,7421,1777,9198,0.0231478,0.12555,-0.991817,1
6154,0,0,0,0,1083,262,7499,1855,9354,0.0139744,0.142742,-0.989661,1
5718,0,0,0,0,1079,261,7058,1981,9039,0.00342869,0.132957,-0.991116,1
5943,0,0,0,0,1030,262,7235,1631,8866,0.0002744,0.135044,-0.990839,1
7343,0,0,0,0,1135,284,8762,1781,10543,-0.00331649,0.13425,-0.990942,1
5650,0,0,0,0,1012,250,6912,1385,8297,-0.00997544,0.130455,-0.991404,1
6470,0,0,0,0,1104,249,7823,1569,9392,7.95246e-05,0.127979,-0.991777,1
6011,0,0,0,0,1174,338,7523,1507,9030,0.0148305,0.133292,-0.990966,1
6574,0,0,0,0,1103,279,7956,1772,9728,0.0252752,0.131129,-0.991043,1
6732,0,0,0,0,1096,362,8190,1719,9909,0.0223199,0.120532,-0.992458,1
6229,0,0,0,0,910,230,7369,1445,8814,0.0111525,0.126344,-0.991924,1
6045,0,0,0,0,910,214,7169,1437,8606,0.00678715,0.0958314,-0.995374,1
5865,0,0,0,0,741,205,6811,1522,8333,0.0175785,0.14498,-0.989278,1
2983,0,0,0,0,390,77,3450,759,4209,0.00163012,0.120221,-0.992746,1
6748,0,0,0,0,574,140,7462,1803,9265,0.0391612,0.18088,-0.982725,1
5460,0,0,0,0,484,133,6077,1548,7625,0.0366254,0.144849,-0.988776,1
6726,0,0,0,0,531,143,7400,1525,8925,0.0337948,0.182116,-0.982696,1
6195,0,0,0,0,616,165,6976,1266,8242,0.0404757,0.150509,-0.98778,1
5726,0,0,0,0,706,177,6609,1402,8011,0.038853,0.146548,-0.98844,1
6458,0,0,0,0,849,257,7564,1639,9203,0.0296853,0.14102,-0.989562,1
6594,0,0,0,0,944,234,7772,1702,9474,0.0339973,0.152964,-0.987647,1
7053,0,0,0,0,958,241,8252,1373,9625,0.0487993,0.121695,-0.991367,1
6539,0,0,0,0,988,245,7772,1429,9201,0.0453373,0.137363,-0.989482,1
6919,0,0,0,0,1035,246,8200,1478,9678,0.0388747,0.179755,-0.982943,1
6502,0,0,0,0,876,217,7595,1202,8797,0.0441232,0.19275,-0.980255,1
5835,0,0,0,0,851,207,6893,1135,8028,0.0890849,0.0403473,-0.995206,1
5788,0,0,0,0,816,236,6840,1538,8378,0.0447293,0.0608915,-0.997141,1
6954,0,0,0,0,978,220,8152,1312,9464,0.0342312,0.132225,-0.990629,1
6549,0,0,0,0,778,198,7525,2097,9622,0.0273011,0.390585,-0.920162,1
5763,0,0,0,0,731,176,6670,1130,7800,0.105705,0.342555,-0.933532,1
5881,0,0,0,0,709,168,6758,1258,8016,0.101946,0.181785,-0.97804,1
5952,0,0,0,0,702,162,6816,1835,8651,0.0715843,0.0844479,-0.993853,1
5902,0,0,0,0,739,196,6837,2002,8839,-0.00569098,-0.0439199,-0.999019,1
5994,0,0,0,0,775,188,6957,5047,12004,0.00431597,0.0800412,-0.996782,1
4171,0,0,0,0,565,131,4867,1454,6321,0.00688879,-0.0584685,-0.998265,1
6870,0,0,0,0,1004,236,8110,5298,13408,0.00174533,-0.0336217,-0.999433,1
6853,0,0,0,0,1010,239,8102,4657,12759,-0.00988607,-0.0429152,-0.99903,1
4662,0,0,0,0,670,183,5515,2797,8312,-0.0110211,-0.0525163,-0.998559,1
6968,0,0,0,0,894,220,8082,3325,11407,-0.022413,-0.0518424,-0.998404,1
6065,0,0,0,0,879,237,7181,2537,9718,-0.0107887,-0.0458026,-0.998892,1
4590,0,0,0,0,609,196,5395,1660,7055,-0.0122195,-0.0803322,-0.996693,1
5913,0,0,0,0,831,200,6944,1872,8816,-0.00677312,-0.0376325,-0.999269,1
6320,0,0,0,0,779,191,7290,1678,8968,-0.00452,-0.0207582,-0.999774,1
5957,0,0,0,0,724,181,6862,1482,8344,-0.0177372,0.0109945,-0.999782,1
5852,0,0,0,0,769,202,6823,1417,8240,-0.0346117,0.00724604,-0.999375,1
6363,0,0,0,0,713,181,7257,1239,8496,-0.0305996,0.0252386,-0.999213,1
5718,0,0,0,0,735,174,6627,1233,7860,-0.0350334,0.0269103,-0.999024,1
5683,0,0,0,0,686,193,6562,1422,7984,-0.0241991,0.0596517,-0.997926,1
5818,0,0,0,0,702,211,6731,1606,8337,-0.0171588,0.0735865,-0.997141,1
5783,0,0,0,0,786,192,6761,1521,8282,-0.0120093,0.101611,-0.994752,1
5908,0,0,0,0,800,207,6915,1475,8390,-0.00870399,0.082935,-0.996517,1
5771,0,0,0,0,861,221,6853,1499,8352,-0.0132825,0.0909193,-0.99577,1
5972,0,0,0,0,910,232,7114,1588,8702,-0.015659,0.072307,-0.99726,1
5611,0,0,0,0,918,228,6757,1197,7954,-0.015086,0.0711682,-0.99735,1
5586,0,0,0,0,909,233,6728,1036,7764,-0.0141971,0.0520005,-0.998546,1
6074,0,0,0,0,1010,256,7340,1110,8450,-0.00971626,0.0513889,-0.998632,1
5545,0,0,0,0,884,222,6651,1290,7941,-0.0112046,0.0327237,-0.999402,1
5643,0,0,0,0,881,218,6742,1561,8303,-0.01374,0.0448226,-0.9989,1
5420,0,0,0,0,837,212,6469,1654,8123,-0.0169342,0.0524676,-0.998479,1
6223,0,0,0,0,895,223,7341,1916,9257,-0.0391402,0.0772336,-0.996244,1
6205,0,0,0,0,793,251,7249,2209,9458,-0.0392749,0.0678937,-0.996919,1
5689,0,0,0,0,753,188,6630,2664,9294,-0.0249097,0.068707,-0.997326,1
6661,0,0,0,0,885,232,7778,3747,11525,-0.00263843,0.190889,-0.981608,1
6486,0,0,0,0,818,231,7535,2266,9801,0.00743959,0.0837579,-0.996458,1
6387,0,0,0,0,813,190,7390,3167,10557,-0.00511335,0.183092,-0.983082,1
6469,0,0,0,0,887,203,7559,1674,9233,-0.0231334,0.031926,-0.999222,1
6473,0,0,0,0,839,194,7506,2379,9885,-0.0317179,0.18413,-0.98239,1
6753,0,0,0,0,965,223,7941,1602,9543,-0.0275315,0.03283,-0.999082,1
6377,0,0,0,0,983,237,7597,1361,8958,-0.0170741,0.0353432,-0.99923,1
5419,0,0,0,0,800,198,6417,1004,7421,-0.0213994,0.0398116,-0.998978,1
5704,0,0,0,0,891,217,6812,897,7709,-0.0184223,0.0736487,-0.997114,1
6339,0,0,0,0,979,234,7552,824,8376,-0.0188025,0.174868,-0.984413,1
6254,0,0,0,0,820,156,7230,539,7769,0.0182718,0.120875,-0.9925,1
3098,0,0,0,0,376,95,3569,417,3986,-0.016903,0.0587029,-0.998132,1
2636,0,0,0,0,444,107,3187,464,3651,0.0114268,-0.00404297,-0.999927,1
6162,0,0,0,0,953,240,7355,1158,8513,-0.0230798,0.080199,-0.996512,1
6230,0,0,0,0,955,213,7398,1149,8547,-0.0114161,0.0837049,-0.996425,1
6298,0,0,0,0,972,290,7560,1311,8871,-0.0175601,0.0765062,-0.996915,1
5688,0,0,0,0,739,187,6614,1283,7897,-0.0230241,0.0937819,-0.995327,1
5679,0,0,0,0,655,171,6505,1248,7753,0.0034389,0.0286571,-0.999583,1
5599,0,0,0,0,577,149,6325,1574,7899,-0.00661573,0.0295669,-0.999541,1
6316,0,0,0,0,596,156,7068,1664,8732,-0.0660706,0.0665888,-0.995591,1
5900,0,0,0,0,482,127,6509,1503,8012,-0.0805515,0.0655029,-0.994596,1
6034,0,0,0,0,555,162,6751,1791,8542,-0.0859107,0.0889991,-0.99232,1
6656,0,0,0,0,595,151,7402,1718,9120,-0.0841869,0.104826,-0.990921,1
6115,0,0,0,0,671,230,7016,1536,8552,-0.0795472,0.104673,-0.99132,1
6457,0,0,0,0,934,204,7595,1389,8984,-0.0905278,0.0849792,-0.992262,1
6433,0,0,0,0,832,210,7475,1304,8779,-0.117256,0.065384,-0.990947,1
6808,0,0,0,0,895,230,7933,1399,9332,-0.125219,0.069517,-0.989691,1
6686,0,0,0,0,995,243,7924,1223,9147,-0.114623,0.0912437,-0.98921,1
4208,0,0,0,0,623,159,4990,958,5948,-0.0726217,0.0137604,-0.997264,1
6606,0,0,0,0,1032,257,7895,1749,9644,-0.0798781,0.0483823,-0.99563,1
6700,0,0,0,0,1023,231,7954,1956,9910,-0.0443117,0.0166552,-0.998879,1
3256,0,0,0,0,645,160,4061,1245,5306,-0.0420164,0.0139984,-0.999019,1
5854,0,0,0,0,745,179,6778,2544,9322,-0.0378922,0.105792,-0.993666,1
6566,0,0,0,0,813,197,7576,3297,10873,0.01636,0.00892828,-0.999826,1
4367,0,0,0,0,524,124,5015,3470,8485,0.011495,0.108748,-0.994003,1
6773,0,0,0,0,799,183,7755,4998,12753,0.0522648,0.059122,-0.996882,1
4211,0,0,0,0,509,115,4835,1325,6160,0.0124146,-0.0281296,-0.999528,1
3938,0,0,0,0,493,114,4545,2049,6594,0.00616473,-0.0477197,-0.998842,1
6890,0,0,0,0,808,215,7913,3232,11145,0.0240559,-0.00735345,-0.999683,1
3966,0,0,0,0,497,117,4580,2549,7129,0.0236349,-0.0341812,-0.999136,1
5858,0,0,0,0,757,174,6789,3690,10479,0.0259733,-0.0346029,-0.999064,1
6094,0,0,0,0,682,178,6954,3558,10512,-0.0141435,0.0671788,-0.997641,1
5789,0,0,0,0,664,164,6617,2406,9023,-0.0180758,0.0389089,-0.999079,1
2605,0,0,0,0,254,64,2923,1059,3982,-0.0149251,-0.0124019,-0.999811,1
3185,0,0,0,0,316,79,3580,1117,4697,-0.0196035,-0.0342752,-0.99922,1
5503,0,0,0,0,501,124,6128,1895,8023,-0.0321368,-0.0695286,-0.997062,1
6218,0,0,0,0,444,113,6775,1800,8575,-0.0322117,-0.0775088,-0.996471,1
5700,0,0,0,0,416,104,6220,1791,8011,-0.0410045,-0.0431235,-0.998228,1
5539,0,0,0,0,434,109,6082,1870,7952,-0.0417627,-0.00384929,-0.99912,1
5496,0,0,0,0,455,116,6067,1889,7956,-0.0357976,-0.0244348,-0.99906,1
5470,0,0,0,0,514,134,6118,1468,7586,-0.111133,-0.092653,-0.989477,1
5628,0,0,0,0,831,190,6649,1016,7665,-0.080239,-0.038246,-0.996042,1
5511,0,0,0,0,612,157,6280,1155,7435,-0.0418301,0.0408136,-0.998291,1
5865,0,0,0,0,685,177,6727,973,7700,-0.0580135,0.0598567,-0.99652,1
5547,0,0,0,0,757,195,6499,933,7432,-0.0428278,0.0341917,-0.998497,1
5547,0,0,0,0,813,209,6569,985,7554,-0.0778276,0.0646487,-0.994869,1
5406,0,0,0,0,837,212,6455,897,7352,-0.0377202,0.105762,-0.993676,1
5388,0,0,0,0,826,212,6426,909,7335,-0.00712932,0.0996673,-0.994995,1
5330,0,0,0,0,842,210,6382,987,7369,-0.00631098,0.113623,-0.993504,1
5735,0,0,0,0,793,201,6729,1089,7818,-0.0177982,0.102998,-0.994523,1
5586,0,0,0,0,752,208,6546,1083,7629,-0.0111015,0.108066,-0.994082,1
5168,0,0,0,0,712,172,6052,1260,7312,-0.00829831,0.0783037,-0.996895,1
5375,0,0,0,0,662,164,6201,1713,7914,-0.0154009,0.0859959,-0.996176,1
5515,0,0,0,0,669,159,6343,2419,8762,-0.0339806,0.0760193,-0.996527,1
5852,0,0,0,0,628,151,6631,2826,9457,-0.0414376,0.0670338,-0.99689,1
5686,0,0,0,0,588,140,6414,2403,8817,-0.0309407,0.0491803,-0.998311,1
5506,0,0,0,0,568,135,6209,2073,8282,-0.0292395,0.032325,-0.99905,1
5703,0,0,0,0,609,144,6456,1848,8304,-0.0444585,0.0736737,-0.996291,1
5603,0,0,0,0,624,147,6374,2056,8430,-0.0312082,0.0501523,-0.998254,1
6309,0,0,0,0,659,148,7116,1565,8681,-0.0324443,0.0379182,-0.998754,1
5592,0,0,0,0,604,147,6343,877,7220,-0.0210487,0.0306708,-0.999308,1
5649,0,0,0,0,612,148,6409,872,7281,-0.0243642,-8.98886e-05,-0.999703,1
5761,0,0,0,0,555,140,6456,915,7371,-0.00605215,0.0182667,-0.999815,1
5029,0,0,0,0,553,147,5729,834,6563,0.00486301,-0.0147434,-0.99988,1
6357,0,0,0,0,624,144,7125,1059,8184,0.0113631,0.027319,-0.999562,1
5470,0,0,0,0,646,156,6272,1140,7412,0.00616347,-0.0051221,-0.999968,1
6112,0,0,0,0,791,191,7094,1454,8548,0.0179138,0.123281,-0.99221,1
5842,0,0,0,0,837,185,6864,1140,8004,0.0118847,0.0478766,-0.998783,1
5261,0,0,0,0,790,208,6259,1095,7354,0.0098408,0.0212231,-0.999726,1
3845,0,0,0,0,517,138,4500,663,5163,0.000977852,0.0012336,-0.999999,1
5296,0,0,0,0,729,227,6252,820,7072,-0.050714,0.0218357,-0.998474,1
5378,0,0,0,0,624,161,6163,600,6763,-0.0550361,0.0618967,-0.996564,1
6293,0,0,0,0,531,141,6965,580,7545,-0.0531248,0.00108935,-0.998587,1
5880,0,0,0,0,519,136,6535,718,7253,-0.0350509,0.000101528,-0.999386,1
5213,0,0,0,0,411,107,5731,774,6505,-0.0283931,-0.00495749,-0.999585,1
6230,0,0,0,0,376,100,6706,849,7555,-0.066946,0.0431657,-0.996822,1
5910,0,0,0,0,398,107,6415,949,7364,-0.0522193,0.0314482,-0.99814,1
5443,0,0,0,0,365,93,5901,842,6743,-0.0779896,0.0368173,-0.996274,1
6058,0,0,0,0,427,113,6598,1151,7749,-0.0275708,0.0760733,-0.996721,1
5549,0,0,0,0,392,101,6042,930,6972,-0.0113351,0.0228284,-0.999675,1
5424,0,0,0,0,442,115,5981,991,6972,0.00481162,-0.0102659,-0.999936,1
5586,0,0,0,0,536,135,6257,1027,7284,0.0104772,0.0226902,-0.999688,1
5583,0,0,0,0,564,147,6294,893,7187,0.00882108,0.0413532,-0.999105,1
6303,0,0,0,0,731,186,7220,1227,8447,0.00961612,0.0389159,-0.999196,1
6244,0,0,0,0,665,174,7083,1148,8231,0.0117825,0.0387554,-0.999179,1
5828,0,0,0,0,718,185,6731,1166,7897,0.0147293,0.0419683,-0.99901,1
6499,0,0,0,0,862,224,7585,1480,9065,0.00763569,0.0240941,-0.99968,1
6239,0,0,0,0,796,204,7239,1240,8479,0.00337609,0.0536028,-0.998556,1
6703,0,0,0,0,929,243,7875,1754,9629,-0.00635437,0.0514413,-0.998656,1
4194,0,0,0,0,670,157,5021,1164,6185,-0.0107351,-0.0210953,-0.99972,1
6458,0,0,0,0,948,232,7638,2046,9684,-0.0367612,-0.0123374,-0.999248,1
6612,0,0,0,0,1071,231,7914,1783,9697,-0.0322696,-0.0347963,-0.998873,1
6601,0,0,0,0,898,249,7748,2184,9932,-0.0234296,-0.0468822,-0.998626,1
6526,0,0,0,0,964,219,7709,2099,9808,-0.0214568,-0.0557369,-0.998215,1
4191,0,0,0,0,561,136,4888,1693,6581,-0.0123006,-0.0655053,-0.997777,1
6318,0,0,0,0,906,211,7435,3611,11046,-0.0332299,-0.0748518,-0.996641,1
6505,0,0,0,0,863,199,7567,2937,10504,-0.0312261,-0.0594712,-0.997741,1
6393,0,0,0,0,785,190,7368,2538,9906,-0.0325774,-0.0737946,-0.996741,1
3142,0,0,0,0,344,75,3561,1437,4998,-0.0215628,-0.116152,-0.992997,1
2141,0,0,0,0,263,63,2467,1242,3709,-0.0214036,-0.11849,-0.992725,1
5708,0,0,0,0,739,172,6619,2872,9491,-0.0119554,-0.109957,-0.993864,1
4695,0,0,0,0,501,116,5312,2235,7547,-0.0345794,-0.116339,-0.992607,1
3295,0,0,0,0,387,102,3784,1501,5285,-0.0369546,-0.105926,-0.993687,1
5901,0,0,0,0,702,181,6784,3072,9856,-0.0401619,-0.100383,-0.994138,1
6036,0,0,0,0,707,165,6908,3994,10902,-0.0196981,-0.112158,-0.993495,1
6662,0,0,0,0,697,162,7521,3638,11159,-0.0135142,-0.0890868,-0.995932,1
5798,0,0,0,0,688,158,6644,2729,9373,0.0230157,-0.075506,-0.99688,1
5976,0,0,0,0,739,165,6880,2994,9874,0.00729992,-0.0882039,-0.996076,1
5765,0,0,0,0,923,214,6902,3161,10063,0.0114307,-0.0930103,-0.9956,1
5945,0,0,0,0,697,161,6803,3284,10087,0.0114462,-0.0942837,-0.995479,1
6395,0,0,0,0,702,187,7284,3371,10655,0.00839938,-0.0977186,-0.995178,1
5899,0,0,0,0,701,161,6761,2935,9696,0.00337527,-0.0996436,-0.995018,1
4081,0,0,0,0,478,111,4670,2514,7184,0.00165586,-0.0994565,-0.995041,1
6214,0,0,0,0,961,217,7392,3807,11199,5.07335e-05,-0.0994495,-0.995043,1
5587,0,0,0,0,694,161,6442,3846,10288,-0.00168485,-0.103571,-0.99462,1
5169,0,0,0,0,624,154,5947,3606,9553,-0.00689506,-0.0994813,-0.995016,1
5203,0,0,0,0,647,144,5994,3658,9652,-0.00323902,-0.0892342,-0.996006,1
5832,0,0,0,0,710,182,6724,4077,10801,-0.000332054,-0.0878267,-0.996136,1
5787,0,0,0,0,677,158,6622,4086,10708,0.00658398,-0.0846032,-0.996393,1
6544,0,0,0,0,791,177,7512,4297,11809,0.0078126,-0.0807041,-0.996708,1
5713,0,0,0,0,666,155,6534,3782,10316,0.00541388,-0.0848923,-0.996375,1
5810,0,0,0,0,619,148,6577,3899,10476,3.81239e-05,-0.0850917,-0.996373,1
5674,0,0,0,0,604,163,6441,3562,10003,-0.00955794,-0.0922647,-0.995689,1
5577,0,0,0,0,657,146,6380,3586,9966,-0.0142562,-0.0956003,-0.995318,1
5802,0,0,0,0,553,138,6493,3308,9801,-0.00612443,-0.0947991,-0.995478,1
5053,0,0,0,0,557,121,5731,2672,8403,-0.00823615,-0.104898,-0.994449,1
5184,0,0,0,0,454,115,5753,2633,8386,-0.00824946,-0.108032,-0.994113,1
6737,0,0,0,0,555,142,7434,2869,10303,-0.00936522,-0.0950917,-0.995425,1
5686,0,0,0,0,353,86,6125,1615,7740,-0.0121091,-0.114131,-0.993392,1
5120,0,0,0,0,433,110,5663,2031,7694,-0.00973449,-0.11621,-0.993177,1
5527,0,0,0,0,507,124,6158,1837,7995,-0.00921659,-0.100699,-0.994875,1
6318,0,0,0,0,538,140,6996,2167,9163,-0.00607627,-0.140341,-0.990084,1
6289,0,0,0,0,538,136,6963,2024,8987,-0.0124467,-0.0651291,-0.997799,1
6342,0,0,0,0,565,138,7045,1851,8896,-0.0174955,-0.0631937,-0.997848,1
6553,0,0,0,0,554,141,7248,1832,9080,-0.0138042,-0.0689723,-0.997523,1
4248,0,0,0,0,380,95,4723,1124,5847,-0.0124668,-0.0703653,-0.997443,1
5938,0,0,0,0,525,137,6600,1252,7852,-0.00862335,-0.0169532,-0.999819,1
6172,0,0,0,0,638,178,6988,1256,8244,-0.00126432,0.00208314,-0.999997,1
6526,0,0,0,0,602,159,7287,1359,8646,0.0115719,-0.0218634,-0.999694,1
4555,0,0,0,0,420,110,5085,830,5915,0.00846453,5.51531e-05,-0.999964,1
7450,0,0,0,0,621,164,8235,1144,9379,-0.0236542,0.136875,-0.990306,1
4192,0,0,0,0,489,122,4803,655,5458,-0.0117853,0.0822184,-0.996545,1
2441,0,0,0,0,312,78,2831,432,3263,-0.015297,0.0442521,-0.998903,1
6217,0,0,0,0,996,230,7443,1258,8701,-0.0287363,0.0691459,-0.997193,1
5602,0,0,0,0,832,246,6680,1049,7729,-0.0337004,0.0964904,-0.994763,1
5519,0,0,0,0,857,209,6585,1197,7782,-0.0428713,0.0816225,-0.995741,1
6378,0,0,0,0,932,233,7543,1290,8833,-0.02905,0.111446,-0.993346,1
5965,0,0,0,0,899,229,7093,1195,8288,-0.017558,0.117982,-0.992861,1
6093,0,0,0,0,873,223,7189,1186,8375,-0.00862548,0.128372,-0.991689,1
5621,0,0,0,0,706,176,6503,1215,7718,0.00483027,0.104637,-0.994499,1
5848,0,0,0,0,698,192,6738,1293,8031,0.0115954,0.100465,-0.994873,1
5392,0,0,0,0,653,153,6198,2238,8436,0.00343257,0.05506,-0.998477,1
5817,0,0,0,0,662,153,6632,2701,9333,-0.00525667,0.0541482,-0.998519,1
6203,0,0,0,0,552,128,6883,2529,9412,0.00436829,0.0386961,-0.999241,1
5460,0,0,0,0,567,131,6158,2301,8459,-0.0100173,0.0388197,-0.999196,1
5626,0,0,0,0,629,155,6410,1855,8265,-0.00910219,0.0189116,-0.99978,1
5577,0,0,0,0,598,141,6316,1821,8137,-0.000946812,0.0413133,-0.999146,1
5838,0,0,0,0,628,150,6616,1651,8267,0.00659648,0.0506246,-0.998696,1
5856,0,0,0,0,759,155,6770,1347,8117,0.00652842,0.0636152,-0.997953,1
5525,0,0,0,0,649,162,6336,783,7119,-0.00224329,0.0530676,-0.998588,1
6366,0,0,0,0,737,179,7282,605,7887,-0.00449281,0.0463844,-0.998913,1
5287,0,0,0,0,647,178,6112,759,6871,0.0156902,0.0129916,-0.999792,1
5669,0,0,0,0,633,154,6456,728,7184,-0.0156726,0.018608,-0.999704,1
5383,0,0,0,0,613,156,6152,879,7031,0.00196982,0.0155193,-0.999878,1
5806,0,0,0,0,711,172,6689,1011,7700,0.0089976,-0.00562986,-0.999944,1
5913,0,0,0,0,699,175,6787,1033,7820,0.0127006,0.00765378,-0.99989,1
5793,0,0,0,0,726,176,6695,1037,7732,0.0189992,0.00262296,-0.999816,1
5032,0,0,0,0,626,158,5816,897,6713,0.0144599,-0.0211248,-0.999673,1
6260,0,0,0,0,634,163,7057,1049,8106,0.00240022,0.0151748,-0.999882,1
5317,0,0,0,0,636,165,6118,1009,7127,0.00275945,-0.0172606,-0.999847,1
5400,0,0,0,0,733,166,6299,964,7263,-0.00693869,0.0165004,-0.99984,1
5462,0,0,0,0,656,190,6308,856,7164,-0.00849532,0.0273005,-0.999591,1
5430,0,0,0,0,707,166,6303,790,7093,-0.0133306,0.0158844,-0.999785,1
5437,0,0,0,0,617,200,6254,982,7236,-0.022915,0.0621337,-0.997805,1
5585,0,0,0,0,612,176,6373,1045,7418,-0.00066028,0.0409401,-0.999161,1
5537,0,0,0,0,502,131,6170,978,7148,-0.0113888,0.0728549,-0.997278,1
5304,0,0,0,0,425,110,5839,1286,7125,-0.00793044,0.0867364,-0.9962,1
5309,0,0,0,0,400,108,5817,1056,6873,-0.00668899,0.0422384,-0.999085,1
5256,0,0,0,0,399,117,5772,1393,7165,0.00570843,0.0311875,-0.999497,1
5303,0,0,0,0,385,110,5798,1418,7216,0.018408,0.00616747,-0.999811,1
6046,0,0,0,0,412,110,6568,1396,7964,0.0160272,-0.0167548,-0.999731,1
3763,0,0,0,0,302,80,4145,787,4932,0.00517224,0.053322,-0.998564,1
3261,0,0,0,0,291,75,3627,913,4540,0.00521142,0.0375208,-0.999282,1
6201,0,0,0,0,545,143,6889,1421,8310,0.011341,0.0449739,-0.998924,1
5688,0,0,0,0,658,187,6533,1398,7931,0.000701116,0.0112088,-0.999937,1
5697,0,0,0,0,717,175,6589,1584,8173,-0.0117631,0.0150306,-0.999818,1
5842,0,0,0,0,725,185,6752,1449,8201,-0.00101849,0.0202016,-0.999796,1
5894,0,0,0,0,740,224,6858,1597,8455,0.0145868,0.0624007,-0.997945,1
5806,0,0,0,0,818,225,6849,1372,8221,0.011334,0.054274,-0.998462,1
5772,0,0,0,0,801,207,6780,1623,8403,0.00902372,0.0489729,-0.99876,1
5725,0,0,0,0,811,207,6743,1697,8440,0.0504985,0.068921,-0.996343,1
5814,0,0,0,0,821,200,6835,1617,8452,0.064439,0.0225139,-0.997668,1
5865,0,0,0,0,829,195,6889,1584,8473,0.0328072,0.0269202,-0.999099,1
5728,0,0,0,0,758,185,6671,2022,8693,0.0221629,0.0434443,-0.99881,1
5796,0,0,0,0,782,182,6760,3136,9896,0.00907733,0.102642,-0.994677,1
5634,0,0,0,0,728,180,6542,8996,15538,-0.0471217,0.224637,-0.973303,1
5720,0,0,0,0,800,174,6694,2604,9298,0.0247514,0.16402,-0.986146,1
5907,0,0,0,0,710,170,6787,4864,11651,-0.0371405,0.22778,-0.973004,1
5871,0,0,0,0,679,160,6710,3783,10493,0.0473445,0.168555,-0.984555,1
4090,0,0,0,0,454,106,4650,3733,8383,0.0228199,0.216402,-0.976038,1
5600,0,0,0,0,659,152,6411,5731,12142,-0.0161342,0.296031,-0.955042,1
5703,0,0,0,0,755,157,6615,5062,11677,0.00859834,0.314164,-0.94933,1
5600,0,0,0,0,663,153,6416,5100,11516,0.00428134,0.0436158,-0.999039,1
5750,0,0,0,0,660,155,6565,2944,9509,-0.0378619,0.0538463,-0.997831,1
6334,0,0,0,0,641,154,7129,3933,11062,-0.032956,0.0453379,-0.998428,1
3786,0,0,0,0,345,81,4212,1969,6181,-0.0152061,-0.0198606,-0.999687,1
2489,0,0,0,0,263,63,2815,1446,4261,-0.00590355,-0.0318464,-0.999475,1
6210,0,0,0,0,818,194,7222,3005,10227,0.00313965,0.00943935,-0.999951,1
5614,0,0,0,0,540,132,6286,2309,8595,0.0108578,-0.0126844,-0.999861,1
6659,0,0,0,0,515,163,7337,1958,9295,0.00213752,-0.0652167,-0.997869,1
5652,0,0,0,0,518,127,6297,1644,7941,-0.00588081,-0.0314229,-0.999489,1
5524,0,0,0,0,475,122,6121,1513,7634,-0.0128894,-0.0415511,-0.999053,1
5630,0,0,0,0,503,124,6257,1516,7773,-0.0340531,-0.0367899,-0.998743,1
5791,0,0,0,0,509,123,6423,1336,7759,-0.0415569,-0.0122674,-0.999061,1
5029,0,0,0,0,428,112,5569,1075,6644,-0.0524231,-0.0363616,-0.997963,1
5394,0,0,0,0,541,129,6064,1225,7289,-0.0597507,-0.0250766,-0.997898,1
5384,0,0,0,0,575,141,6100,1132,7232,-0.0687784,-0.0205275,-0.997421,1
5651,0,0,0,0,657,152,6460,1235,7695,-0.048133,-0.061724,-0.996932,1
5905,0,0,0,0,623,167,6695,1082,7777,-0.0329654,0.015384,-0.999338,1
5550,0,0,0,0,650,164,6364,1068,7432,-0.0235821,0.036842,-0.999043,1
6219,0,0,0,0,690,185,7094,1005,8099,-0.0164924,-0.0028982,-0.99986,1
5538,0,0,0,0,757,189,6484,1133,7617,-0.0260721,0.0381635,-0.998931,1
5517,0,0,0,0,781,204,6502,1066,7568,-0.013574,-0.0205564,-0.999697,1
5526,0,0,0,0,813,212,6551,1055,7606,-0.0384704,0.0286481,-0.998849,1
5357,0,0,0,0,917,215,6489,1090,7579,-0.0271533,0.0113081,-0.999567,1
5336,0,0,0,0,864,212,6412,948,7360,-0.0234102,0.0182178,-0.99956,1
5221,0,0,0,0,869,208,6298,931,7229,-0.0193412,0.0387117,-0.999063,1
5500,0,0,0,0,765,196,6461,870,7331,-0.0711004,0.181523,-0.980813,1
5305,0,0,0,0,654,128,6087,619,6706,-0.0667323,0.125869,-0.9898,1
3534,0,0,0,0,354,90,3978,485,4463,-0.0587093,0.0762365,-0.99536,1
5448,0,0,0,0,641,158,6247,1042,7289,-0.0792807,0.111068,-0.990646,1
5567,0,0,0,0,623,149,6339,1957,8296,-0.0432948,0.215435,-0.975558,1
5692,0,0,0,0,622,151,6465,2316,8781,-0.0313599,0.171363,-0.984709,1
3358,0,0,0,0,289,66,3713,972,4685,-0.0270075,0.0730871,-0.99696,1
4310,0,0,0,0,409,100,4819,1256,6075,-0.0354785,0.0576272,-0.997707,1
5859,0,0,0,0,599,140,6598,1723,8321,-0.0470806,0.0599817,-0.997089,1
5472,0,0,0,0,586,133,6191,1441,7632,-0.035235,0.0349551,-0.998768,1
6033,0,0,0,0,807,175,7015,1099,8114,-0.00236786,0.0916425,-0.995789,1
6434,0,0,0,0,555,137,7126,671,7797,0.00413039,0.0791798,-0.996852,1
3704,0,0,0,0,416,95,4215,599,4814,-0.00288871,0.0706289,-0.997499,1
2259,0,0,0,0,247,60,2566,273,2839,-0.00414702,0.00808627,-0.999959,1
5280,0,0,0,0,618,152,6050,931,6981,-0.00894568,0.0626384,-0.997996,1
5293,0,0,0,0,687,175,6155,979,7134,-0.0107169,0.0635777,-0.997919,1
5389,0,0,0,0,697,174,6260,1060,7320,-0.00996606,0.0347688,-0.999346,1
5440,0,0,0,0,735,183,6358,1137,7495,-0.0110481,0.0354341,-0.999311,1
5457,0,0,0,0,712,179,6348,1024,7372,0.00186207,0.0387454,-0.999247,1
5525,0,0,0,0,704,173,6402,813,7215,0.00348452,0.0733139,-0.997303,1
5583,0,0,0,0,649,168,6400,872,7272,-0.01409,0.0905271,-0.995794,1
5503,0,0,0,0,657,182,6342,830,7172,-0.00782906,0.0369428,-0.999287,1
3781,0,0,0,0,412,101,4294,610,4904,0.00655682,0.00885587,-0.999939,1
2858,0,0,0,0,273,71,3202,566,3768,0.00720232,-0.0452574,-0.998949,1
5399,0,0,0,0,494,121,6014,1131,7145,0.016553,0.00463082,-0.999852,1
5564,0,0,0,0,436,111,6111,1096,7207,0.0132342,0.00975032,-0.999865,1
5390,0,0,0,0,410,103,5903,1208,7111,0.00999892,-0.00742269,-0.999922,1
5734,0,0,0,0,379,97,6210,1230,7440,0.0203503,0.000827746,-0.999793,1
5289,0,0,0,0,362,91,5742,1180,6922,0.0130029,0.0198615,-0.999718,1
5869,0,0,0,0,340,91,6300,1292,7592,0.00398341,0.104185,-0.99455,1
3818,0,0,0,0,253,83,4154,881,5035,0.00571539,0.0704607,-0.997499,1
5472,0,0,0,0,424,112,6008,1214,7222,-0.00101463,0.0105927,-0.999943,1
4951,0,0,0,0,460,118,5529,1141,6670,0.00143876,-0.00377477,-0.999992,1
5861,0,0,0,0,625,182,6668,1697,8365,0.0140599,0.00427051,-0.999892,1
6536,0,0,0,0,794,183,7513,1896,9409,0.0155984,0.00369595,-0.999872,1
5976,0,0,0,0,754,194,6924,2135,9059,-0.00735379,0.0730477,-0.997302,1
5394,0,0,0,0,551,143,6088,1428,7516,-0.045636,0.0593783,-0.997192,1
3036,0,0,0,0,433,110,3579,993,4572,-0.0559242,0.0243754,-0.998137,1
5726,0,0,0,0,837,204,6767,1907,8674,-0.0340964,0.0199284,-0.99922,1
5833,0,0,0,0,796,196,6825,2912,9737,-0.0154531,0.131692,-0.99117,1
5760,0,0,0,0,781,190,6731,3034,9765,0.0677233,0.0353958,-0.997076,1
5814,0,0,0,0,734,202,6750,3615,10365,0.0436793,-0.0192871,-0.99886,1
5760,0,0,0,0,733,180,6673,7711,14384,0.0506207,-0.00257437,-0.998715,1
3093,0,0,0,0,377,90,3560,3389,6949,0.0718741,-0.0410874,-0.996567,1
4895,0,0,0,0,611,135,5641,3023,8664,0.0154486,-0.0290524,-0.999459,1
6366,0,0,0,0,917,242,7525,3305,10830,-0.0227422,0.0535069,-0.998308,1
6173,0,0,0,0,668,156,6997,2544,9541,-0.0119854,0.0436344,-0.998976,1
2684,0,0,0,0,300,65,3049,1456,4505,0.00381945,-0.00864086,-0.999955,1
2016,0,0,0,0,234,53,2303,1332,3635,0.0113718,-0.0419939,-0.999053,1
5766,0,0,0,0,635,150,6551,3854,10405,0.0129558,-0.0268508,-0.999555,1
6260,0,0,0,0,644,147,7051,4160,11211,0.0186482,-0.0129592,-0.999742,1
5877,0,0,0,0,596,143,6616,3858,10474,0.01485,-0.0240155,-0.999601,1
5736,0,0,0,0,575,154,6465,3697,10162,0.00056861,-0.0425306,-0.999095,1
6511,0,0,0,0,614,149,7274,4125,11399,0.0010409,-0.0279718,-0.999608,1
6579,0,0,0,0,606,151,7336,3058,10394,-0.015483,-0.0438527,-0.998918,1
5601,0,0,0,0,561,138,6300,2620,8920,-0.0196364,-0.0567772,-0.998194,1
5627,0,0,0,0,542,137,6306,2162,8468,-0.0175928,-0.0686175,-0.997488,1
6622,0,0,0,0,611,157,7390,2151,9541,-0.0114743,-0.0829294,-0.99649,1
6323,0,0,0,0,603,155,7081,1838,8919,-0.01163,-0.0938416,-0.995519,1
5531,0,0,0,0,567,141,6239,1563,7802,0.00655716,0.0505034,-0.998703,1
5353,0,0,0,0,369,93,5815,912,6727,0.00395688,0.0135698,-0.9999,1
2977,0,0,0,0,291,74,3342,783,4125,-0.0060168,-0.0565723,-0.99838,1
4198,0,0,0,0,430,116,4744,935,5679,-0.00417339,-0.0323878,-0.999467,1
6389,0,0,0,0,636,165,7190,1414,8604,1.84414e-05,-0.0092746,-0.999957,1
6409,0,0,0,0,659,171,7239,1169,8408,-0.00107011,0.00787824,-0.999968,1
6546,0,0,0,0,688,177,7411,1053,8464,-0.0230313,-0.00383507,-0.999728,1
6307,0,0,0,0,640,167,7114,1033,8147,-0.0697073,0.100128,-0.99253,1
3623,0,0,0,0,370,96,4089,544,4633,-0.0313527,0.0411386,-0.998661,1
5720,0,0,0,0,736,191,6647,792,7439,-0.0301584,0.032571,-0.999015,1
5554,0,0,0,0,812,198,6564,1015,7579,-0.0323283,0.00292305,-0.999473,1
5706,0,0,0,0,839,210,6755,957,7712,-0.0166269,0.0792557,-0.996716,1
5481,0,0,0,0,826,218,6525,947,7472,-0.0167991,0.061887,-0.997942,1
5957,0,0,0,0,862,214,7033,991,8024,-0.0258291,0.043477,-0.99872,1
6139,0,0,0,0,914,230,7283,1208,8491,-0.0387047,0.0414028,-0.998393,1
5210,0,0,0,0,591,151,5952,920,6872,-0.0405361,0.044447,-0.998189,1
3668,0,0,0,0,544,132,4344,819,5163,-0.0392127,0.0296934,-0.99879,1
5854,0,0,0,0,810,208,6872,1294,8166,-0.0291695,0.0347826,-0.998969,1
5381,0,0,0,0,666,165,6212,1507,7719,-0.0268988,0.0441133,-0.998664,1
6427,0,0,0,0,715,178,7320,2030,9350,-0.0171726,0.0636746,-0.997823,1
7004,0,0,0,0,707,176,7887,2732,10619,-0.00874782,0.0662828,-0.997763,1
4217,0,0,0,0,463,111,4791,2061,6852,-0.00693645,0.0360517,-0.999326,1
6394,0,0,0,0,699,180,7273,3053,10326,-0.0112166,0.0400919,-0.999133,1
6478,0,0,0,0,561,132,7171,2560,9731,-0.0303918,0.0333127,-0.998983,1
5340,0,0,0,0,525,120,5985,1910,7895,-0.0446145,0.0357677,-0.998364,1
6582,0,0,0,0,618,148,7348,2106,9454,-0.036545,0.0780959,-0.996276,1
4690,0,0,0,0,396,92,5178,1218,6396,-0.0147484,0.0205984,-0.999679,1
2467,0,0,0,0,235,54,2756,637,3393,-0.0233336,0.00919935,-0.999685,1
6216,0,0,0,0,610,140,6966,1084,8050,0.00448415,0.0129896,-0.999906,1
6093,0,0,0,0,594,171,6858,1026,7884,0.0299776,0.0485245,-0.998372,1
6086,0,0,0,0,655,154,6895,714,7609,0.0178674,0.0123129,-0.999765,1
5560,0,0,0,0,607,143,6310,662,6972,0.00664801,-0.0202494,-0.999773,1
5923,0,0,0,0,716,181,6820,1018,7838,-0.00374783,0.062411,-0.998043,1
4134,0,0,0,0,513,129,4776,671,5447,-0.00642055,0.0104587,-0.999925,1
3668,0,0,0,0,526,130,4324,666,4990,-0.00773468,-0.00389626,-0.999963,1
6070,0,0,0,0,870,221,7161,1202,8363,-0.00231563,0.0726504,-0.997355,1
4676,0,0,0,0,545,137,5358,734,6092,0.00165608,0.012682,-0.999918,1
2911,0,0,0,0,419,108,3438,552,3990,0.00723676,-0.0165939,-0.999836,1
6196,0,0,0,0,898,226,7320,1056,8376,0.00880266,-0.0113281,-0.999897,1
5888,0,0,0,0,918,220,7026,1055,8081,0.00790048,0.00296803,-0.999964,1
6245,0,0,0,0,784,221,7250,1038,8288,-0.0153026,0.0638136,-0.997845,1
6221,0,0,0,0,744,181,7146,986,8132,-0.0106601,0.0586228,-0.998223,1
4016,0,0,0,0,395,79,4490,559,5049,0.0148327,0.116184,-0.993117,1
2374,0,0,0,0,218,56,2648,392,3040,-0.00053531,-0.0090014,-0.999959,1
5308,0,0,0,0,437,127,5872,988,6860,0.0185189,0.0414802,-0.998968,1
5258,0,0,0,0,363,97,5718,1025,6743,0.0111389,0.0204758,-0.999728,1
5475,0,0,0,0,359,96,5930,984,6914,-7.02206e-05,0.0222014,-0.999754,1
5267,0,0,0,0,408,111,5786,1195,6981,-0.0677884,0.0729352,-0.99503,1
5394,0,0,0,0,517,138,6049,1267,7316,-0.0356251,0.0405061,-0.998544,1
5512,0,0,0,0,632,175,6319,1502,7821,-0.0624965,0.0667992,-0.995807,1
5889,0,0,0,0,683,180,6752,1304,8056,-0.0401309,0.0587686,-0.997465,1
5953,0,0,0,0,803,227,6983,1614,8597,-0.0373351,0.0406092,-0.998477,1
5800,0,0,0,0,565,141,6506,1222,7728,-0.00500372,-0.0964375,-0.995327,1
4291,0,0,0,0,598,157,5046,1545,6591,-0.0223986,0.0105324,-0.999694,1
5788,0,0,0,0,823,221,6832,1932,8764,-0.0201974,0.103476,-0.994427,1
7061,0,0,0,0,839,210,8110,2914,11024,-0.0280696,0.058711,-0.99788,1
4612,0,0,0,0,576,137,5325,1455,6780,-0.0225667,-0.0554779,-0.998205,1
2787,0,0,0,0,360,90,3237,1129,4366,-0.0183175,-0.0414398,-0.998973,1
5652,0,0,0,0,707,183,6542,3434,9976,-0.0331222,0.0208018,-0.999235,1
6500,0,0,0,0,767,188,7455,5315,12770,-0.0755123,0.137555,-0.987612,1
5959,0,0,0,0,730,169,6858,2782,9640,-0.10074,0.181537,-0.97821,1
3271,0,0,0,0,371,88,3730,3322,7052,0.0395327,-0.0106468,-0.999162,1
6283,0,0,0,0,692,162,7137,4673,11810,0.0254132,0.00748706,-0.999649,1
5966,0,0,0,0,687,186,6839,2695,9534,0.0127109,-0.0398266,-0.999126,1
5405,0,0,0,0,631,141,6177,3033,9210,0.0125106,-0.0393014,-0.999149,1
5280,0,0,0,0,590,133,6003,3240,9243,0.0090387,-0.0367496,-0.999283,1
5784,0,0,0,0,629,143,6556,3728,10284,0.0153757,-0.0270352,-0.999516,1
5780,0,0,0,0,606,149,6535,4125,10660,0.00950647,-0.0331969,-0.999403,1
5633,0,0,0,0,555,125,6313,3688,10001,0.00442893,-0.0314209,-0.999497,1
5965,0,0,0,0,548,128,6641,4019,10660,0.0078676,-0.041256,-0.999117,1
5911,0,0,0,0,493,124,6528,3720,10248,0.00931705,-0.04763,-0.998821,1
5612,0,0,0,0,485,114,6211,3726,9937,0.00735949,-0.0522179,-0.998609,1
5699,0,0,0,0,503,124,6326,3538,9864,-0.0003862,-0.0490652,-0.998795,1
6165,0,0,0,0,529,126,6820,3397,10217,-0.00418011,-0.0484023,-0.998819,1
5652,0,0,0,0,506,125,6283,3191,9474,-0.00233389,-0.0489544,-0.998798,1
5747,0,0,0,0,536,134,6417,2307,8724,-0.00645825,-0.0668614,-0.997741,1
5809,0,0,0,0,542,139,6490,2088,8578,-0.0267877,-0.0927519,-0.995329,1
5586,0,0,0,0,538,138,6262,1761,8023,-0.0183877,-0.0354762,-0.999201,1
5824,0,0,0,0,539,142,6505,1358,7863,-0.0220685,-0.0210941,-0.999534,1
5759,0,0,0,0,558,172,6489,1317,7806,0.00508245,-0.0118302,-0.999917,1
3964,0,0,0,0,366,95,4425,894,5319,-0.00498276,-0.0520431,-0.998632,1
5825,0,0,0,0,524,137,6486,1258,7744,-0.0134644,-0.00819986,-0.999876,1
5891,0,0,0,0,547,135,6573,1052,7625,-0.00694266,0.00936582,-0.999932,1
6285,0,0,0,0,530,144,6959,1028,7987,0.00203239,0.0217072,-0.999762,1
5811,0,0,0,0,581,144,6536,994,7530,-0.00626956,0.00985919,-0.999932,1
6919,0,0,0,0,571,149,7639,1065,8704,-0.0126799,0.0214592,-0.999689,1
5756,0,0,0,0,604,155,6515,1000,7515,0.0037749,0.0327494,-0.999456,1
5594,0,0,0,0,644,159,6397,947,7344,-0.0276164,0.0323085,-0.999096,1
5692,0,0,0,0,658,183,6533,1042,7575,-0.0415864,0.0387637,-0.998383,1
5748,0,0,0,0,719,180,6647,957,7604,-0.0346365,0.0223059,-0.999151,1
5862,0,0,0,0,779,196,6837,1150,7987,-0.0282954,0.0461962,-0.998532,1
5472,0,0,0,0,799,197,6468,1023,7491,-0.0252209,0.0352336,-0.999061,1
5527,0,0,0,0,944,210,6681,1064,7745,-0.0257929,0.0069782,-0.999643,1
5264,0,0,0,0,836,208,6308,1098,7406,-0.019307,0.0717849,-0.997233,1
5599,0,0,0,0,836,233,6668,1318,7986,-0.0287741,0.0525997,-0.998201,1
5116,0,0,0,0,537,139,5792,866,6658,-0.0355803,0.0300414,-0.998915,1
5162,0,0,0,0,786,197,6145,1418,7563,-0.0333436,0.0524229,-0.998068,1
5217,0,0,0,0,725,207,6149,1228,7377,-0.0439489,0.0585834,-0.997315,1
3557,0,0,0,0,458,116,4131,902,5033,-0.0314663,0.0542594,-0.998031,1
5309,0,0,0,0,617,163,6089,1375,7464,-0.037683,0.0291567,-0.998864,1
5394,0,0,0,0,591,165,6150,1612,7762,-0.0390522,0.0559646,-0.997669,1
5414,0,0,0,0,588,141,6143,2371,8514,-0.0353993,0.0674325,-0.997096,1
7299,0,0,0,0,649,157,8105,2633,10738,-0.0395811,0.0669905,-0.996968,1
6287,0,0,0,0,608,145,7040,2358,9398,-0.0290861,0.0514385,-0.998253,1
6446,0,0,0,0,535,129,7110,1923,9033,-0.0315993,0.0335607,-0.998937,1
6297,0,0,0,0,674,206,7177,2059,9236,-0.0289307,0.0295295,-0.999145,1
5213,0,0,0,0,467,110,5790,1555,7345,-0.0138563,0.0160446,-0.999776,1
5950,0,0,0,0,652,147,6749,1810,8559,-0.00234952,0.00419403,-0.999988,1
6089,0,0,0,0,483,110,6682,936,7618,0.00186337,-0.00836925,-0.999964,1
5486,0,0,0,0,649,172,6307,859,7166,0.0135193,0.00251668,-0.999906,1
5643,0,0,0,0,513,127,6283,793,7076,0.0224881,0.0205668,-0.999536,1
5185,0,0,0,0,572,142,5899,817,6716,0.0262905,0.0750194,-0.996836,1
5275,0,0,0,0,671,167,6113,700,6813,0.0173061,0.0769794,-0.996883,1
5339,0,0,0,0,720,181,6240,779,7019,0.0105521,0.0884664,-0.996024,1
5865,0,0,0,0,796,200,6861,751,7612,0.000446695,0.135609,-0.990762,1
5300,0,0,0,0,740,186,6226,759,6985,0.00870241,0.121467,-0.992558,1
5594,0,0,0,0,975,216,6785,764,7549,-0.0198198,0.125341,-0.991916,1
5524,0,0,0,0,633,162,6319,776,7095,-0.0229595,0.0783602,-0.996661,1
5331,0,0,0,0,480,142,5953,838,6791,-0.0129576,0.0694497,-0.997502,1
5407,0,0,0,0,379,103,5889,916,6805,-0.0231449,0.0964277,-0.995071,1
5328,0,0,0,0,378,102,5808,909,6717,-0.0136684,0.0940864,-0.99547,1
5400,0,0,0,0,383,100,5883,944,6827,0.0037449,0.0567191,-0.998383,1
5312,0,0,0,0,401,107,5820,999,6819,0.019946,0.0938916,-0.995383,1
6052,0,0,0,0,554,144,6750,1184,7934,0.0356813,0.0395868,-0.998579,1
5916,0,0,0,0,642,179,6737,1100,7837,0.0446052,0.0697881,-0.996564,1
6458,0,0,0,0,807,199,7464,1438,8902,0.0425511,0.18792,-0.981262,1
6124,0,0,0,0,710,126,6960,998,7958,0.0287115,0.152731,-0.987851,1
2737,0,0,0,0,327,84,3148,696,3844,0.0235774,0.0863279,-0.995988,1
2280,0,0,0,0,316,80,2676,692,3368,0.0198514,0.0591762,-0.99805,1
5617,0,0,0,0,796,205,6618,1632,8250,0.0121691,0.0912796,-0.995751,1
5778,0,0,0,0,833,203,6814,2847,9661,0.010701,0.309253,-0.950919,1
5680,0,0,0,0,751,187,6618,2305,8923,0.0621987,0.245102,-0.9675,1
5696,0,0,0,0,803,183,6682,1821,8503,0.0566479,0.200529,-0.978049,1
6068,0,0,0,0,678,169,6915,2541,9456,0.100304,0.162913,-0.981529,1
5634,0,0,0,0,643,157,6434,2404,8838,0.0530749,0.296464,-0.953568,1
6720,0,0,0,0,662,199,7581,2387,9968,0.0332191,0.00141814,-0.999447,1
5971,0,0,0,0,730,164,6865,3849,10714,0.071197,-0.0100118,-0.997412,1
5909,0,0,0,0,681,160,6750,2199,8949,0.0483842,-0.00931847,-0.998786,1
6383,0,0,0,0,729,204,7316,2517,9833,0.0357896,-0.0146139,-0.999252,1
5786,0,0,0,0,682,155,6623,3288,9911,0.0230731,-0.0123015,-0.999658,1
5923,0,0,0,0,692,156,6771,3807,10578,-0.0620568,0.0279562,-0.997681,1
4748,0,0,0,0,463,105,5316,2429,7745,-0.0634698,-0.00269729,-0.99798,1
3074,0,0,0,0,339,93,3506,1862,5368,-0.0263714,-0.0444859,-0.998662,1
5949,0,0,0,0,638,175,6762,3633,10395,-0.011708,-0.020886,-0.999713,1
5953,0,0,0,0,588,136,6677,3711,10388,-0.0035547,-0.0273941,-0.999618,1
5842,0,0,0,0,749,172,6763,3558,10321,-0.00660955,-0.0191888,-0.999794,1
3931,0,0,0,0,406,98,4435,2283,6718,-0.00316561,-0.0146155,-0.999888,1
6991,0,0,0,0,874,178,8043,3459,11502,0.000259732,0.0735257,-0.997293,1
6337,0,0,0,0,756,202,7295,2318,9613,-0.00330153,0.0555635,-0.99845,1
3092,0,0,0,0,329,82,3503,986,4489,0.00597913,-0.010313,-0.999929,1
2005,0,0,0,0,203,52,2260,553,2813,0.00432225,-0.0506462,-0.998707,1
5651,0,0,0,0,574,135,6360,1402,7762,-0.00649918,-0.00881973,-0.99994,1
6556,0,0,0,0,574,144,7274,1397,8671,-0.00213151,-0.00716464,-0.999972,1
6629,0,0,0,0,528,141,7298,1335,8633,-0.00796777,0.0118031,-0.999899,1
5465,0,0,0,0,559,130,6154,1236,7390,-0.000587315,-0.0187659,-0.999824,1
5461,0,0,0,0,503,129,6093,1189,7282,-0.0167836,-0.0340184,-0.999281,1
5831,0,0,0,0,537,139,6507,1016,7523,-0.0243076,-0.00354722,-0.999698,1
6386,0,0,0,0,625,187,7198,1054,8252,-0.0637443,0.12307,-0.990349,1
4195,0,0,0,0,432,114,4741,619,5360,-0.0556311,0.070476,-0.995961,1
2173,0,0,0,0,247,63,2483,361,2844,-0.043477,-0.00374113,-0.999047,1
5419,0,0,0,0,827,195,6441,929,7370,-0.0375511,0.0702524,-0.996823,1
5323,0,0,0,0,779,200,6302,918,7220,-0.0360939,0.0921272,-0.995093,1
5411,0,0,0,0,865,235,6511,832,7343,-0.0407829,0.114515,-0.992584,1
5868,0,0,0,0,904,259,7031,902,7933,-0.0414564,0.141296,-0.989099,1
5228,0,0,0,0,824,197,6249,1040,7289,-0.0400546,0.123905,-0.991485,1
5263,0,0,0,0,733,180,6176,1043,7219,-0.0328072,0.115371,-0.992781,1
5215,0,0,0,0,643,162,6020,1262,7282,-0.0347465,0.0994816,-0.994433,1
6394,0,0,0,0,706,169,7269,1998,9267,-0.0279321,0.0702057,-0.997141,1
6372,0,0,0,0,682,170,7224,2781,10005,-0.0199095,0.212089,-0.977048,1
4279,0,0,0,0,336,81,4696,1320,6016,-0.0230587,0.156807,-0.98736,1
2383,0,0,0,0,202,48,2633,721,3354,-0.018258,0.0634351,-0.997819,1
2427,0,0,0,0,230,55,2712,668,3380,-0.0148446,0.0240817,-0.9996,1
6437,0,0,0,0,648,141,7226,1849,9075,-0.0152742,0.0705298,-0.997393,1
6618,0,0,0,0,572,131,7321,1554,8875,-0.0158908,0.0795438,-0.996705,1
7620,0,0,0,0,489,93,8202,665,8867,-0.00674736,0.187927,-0.98216,1
4073,0,0,0,0,377,100,4550,574,5124,0.000941631,0.141342,-0.98996,1
4007,0,0,0,0,424,122,4553,501,5054,-0.0280088,0.0849466,-0.995992,1
6494,0,0,0,0,1028,196,7718,859,8577,-0.00867152,0.0463925,-0.998886,1
5773,0,0,0,0,788,196,6757,1017,7774,-0.0144489,0.049929,-0.998648,1
6645,0,0,0,0,934,221,7800,1051,8851,-0.0200355,0.0317028,-0.999296,1
5296,0,0,0,0,780,195,6271,1029,7300,-0.0265375,0.0557934,-0.998089,1
5676,0,0,0,0,830,207,6713,1034,7747,-0.00287528,0.0166955,-0.999857,1
5271,0,0,0,0,799,192,6262,1133,7395,-0.0074,0.0358078,-0.999332,1
5416,0,0,0,0,1061,212,6689,1170,7859,0.0047913,0.00662722,-0.999967,1
5840,0,0,0,0,1201,330,7371,1500,8871,0.00597672,-0.00316136,-0.999977,1
6144,0,0,0,0,788,203,7135,1211,8346,0.0047859,0.000325826,-0.999989,1
7143,0,0,0,0,767,183,8093,1147,9240,0.0147086,-0.0211275,-0.999669,1
6019,0,0,0,0,603,157,6779,1169,7948,0.00588867,-0.037418,-0.999282,1
6106,0,0,0,0,526,141,6773,1163,7936,-0.00665323,0.028777,-0.999564,1
6184,0,0,0,0,453,140,6777,1125,7902,0.0137126,0.000461784,-0.999906,1
5976,0,0,0,0,421,131,6528,1081,7609,0.0126648,-0.000286632,-0.99992,1
6098,0,0,0,0,398,110,6606,996,7602,0.0101306,0.0260978,-0.999608,1
5993,0,0,0,0,427,108,6528,1214,7742,0.00473343,0.0521161,-0.99863,1
6229,0,0,0,0,419,112,6760,1413,8173,4.98732e-05,0.0658514,-0.99783,1
6068,0,0,0,0,479,140,6687,1229,7916,0.0103114,0.00180467,-0.999945,1
6192,0,0,0,0,516,135,6843,1471,8314,0.00582284,-0.0119538,-0.999912,1
6173,0,0,0,0,554,146,6873,1477,8350,0.00782246,0.000713076,-0.999969,1
6288,0,0,0,0,630,163,7081,1734,8815,-0.00342424,0.0169888,-0.99985,1
6310,0,0,0,0,669,176,7155,1503,8658,0.0117584,-0.0079875,-0.999899,1
6474,0,0,0,0,720,214,7408,1546,8954,0.0149401,0.0208653,-0.999671,1
6696,0,0,0,0,778,201,7675,1621,9296,0.0154651,0.0203714,-0.999673,1
6725,0,0,0,0,848,144,7717,1021,8738,0.0242852,0.0201935,-0.999501,1
5919,0,0,0,0,856,220,6995,1819,8814,0.0345507,-0.00178621,-0.999402,1
6401,0,0,0,0,960,254,7615,2325,9940,0.033797,0.0150283,-0.999316,1
6450,0,0,0,0,929,230,7609,2132,9741,0.00777316,0.0585075,-0.998257,1
4233,0,0,0,0,574,144,4951,2591,7542,-0.0194201,0.172533,-0.984812,1
6419,0,0,0,0,845,206,7470,3810,11280,-0.0589964,0.270735,-0.960844,1
6587,0,0,0,0,759,191,7537,2848,10385,-0.0825528,0.247399,-0.96539,1
6412,0,0,0,0,727,174,7313,3221,10534,-0.0766091,0.334211,-0.93938,1
5772,0,0,0,0,696,159,6627,1747,8374,-0.0979692,0.372618,-0.922799,1
6928,0,0,0,0,1194,187,8309,1993,10302,-0.0942857,0.450849,-0.887607,1
5849,0,0,0,0,685,155,6689,1322,8011,-0.0607174,0.333778,-0.940694,1
6613,0,0,0,0,722,170,7505,5134,12639,-0.0600186,0.313436,-0.947711,1
6851,0,0,0,0,687,161,7699,4797,12496,0.0171543,-0.0117799,-0.999783,1
4443,0,0,0,0,435,101,4979,2995,7974,0.00404622,-0.0302999,-0.999533,1
4282,0,0,0,0,356,83,4721,2814,7535,-0.00219935,-0.0409386,-0.999159,1
6522,0,0,0,0,489,112,7123,4240,11363,-0.0029338,-0.0418444,-0.99912,1
7409,0,0,0,0,339,80,7828,2770,10598,0.00104081,-0.0445865,-0.999005,1
3195,0,0,0,0,247,58,3500,1943,5443,-0.00526817,-0.0579964,-0.998303,1
7384,0,0,0,0,559,128,8071,3717,11788,-0.00509304,-0.0568554,-0.998369,1
6264,0,0,0,0,486,121,6871,3256,10127,-0.0057732,-0.054562,-0.998494,1
6279,0,0,0,0,443,113,6835,2937,9772,0.0116251,-0.0657262,-0.99777,1
6407,0,0,0,0,358,91,6856,2155,9011,0.00278959,-0.0541365,-0.99853,1
5308,0,0,0,0,335,84,5727,1863,7590,0.00551647,-0.0528683,-0.998586,1
5951,0,0,0,0,318,81,6350,1683,8033,0.00563034,-0.0435018,-0.999038,1
5265,0,0,0,0,308,80,5653,1579,7232,-0.00544185,-0.0587221,-0.99826,1
6519,0,0,0,0,339,85,6943,1461,8404,-0.00706849,-0.0478809,-0.998828,1
5377,0,0,0,0,332,87,5796,1404,7200,-0.00283337,-0.0585831,-0.998279,1
5446,0,0,0,0,345,90,5881,1232,7113,-0.00964725,-0.0660867,-0.997767,1
6164,0,0,0,0,363,98,6625,1217,7842,-0.00971823,-0.0813018,-0.996642,1
5307,0,0,0,0,385,98,5790,1094,6884,-0.0107809,-0.0942473,-0.995491,1
6806,0,0,0,0,472,123,7401,1234,8635,-0.0294307,-0.0722522,-0.996952,1
5605,0,0,0,0,455,116,6176,1090,7266,-0.0366583,-0.0567565,-0.997715,1
5477,0,0,0,0,555,134,6166,1010,7176,-0.0244136,-0.106023,-0.994064,1
6054,0,0,0,0,618,158,6830,1247,8077,-0.0278936,-0.0700288,-0.997155,1
5429,0,0,0,0,649,156,6234,995,7229,-0.00789528,-0.095647,-0.995384,1
6354,0,0,0,0,746,251,7351,996,8347,-0.00773214,-0.0677076,-0.997675,1
6810,0,0,0,0,802,203,7815,1027,8842,-0.0207012,-0.0756851,-0.996917,1
6486,0,0,0,0,840,209,7535,1017,8552,-0.029124,-0.0723537,-0.996954,1
6035,0,0,0,0,831,213,7079,1092,8171,-0.035803,-0.0715906,-0.996792,1
5720,0,0,0,0,760,194,6674,947,7621,-0.0456271,-0.116645,-0.992125,1
5277,0,0,0,0,771,198,6246,967,7213,-0.0410025,-0.0792023,-0.996015,1
6543,0,0,0,0,882,228,7653,1082,8735,-0.0358367,-0.0848426,-0.99575,1
6923,0,0,0,0,916,232,8071,1122,9193,-0.0305615,-0.08594,-0.995832,1
6034,0,0,0,0,915,231,7180,1200,8380,-0.0340352,-0.0837895,-0.995902,1
5882,0,0,0,0,981,237,7100,1246,8346,-0.0289777,-0.0849985,-0.99596,1
5434,0,0,0,0,847,233,6514,1184,7698,-0.0273871,-0.0664313,-0.997415,1
6083,0,0,0,0,972,247,7302,1374,8676,-0.0292828,-0.0823779,-0.996171,1
6553,0,0,0,0,1229,258,8040,1529,9569,-0.0174601,-0.0600553,-0.998043,1
6097,0,0,0,0,1054,233,7384,1388,8772,-0.00468531,-0.0504153,-0.998718,1
6004,0,0,0,0,1190,261,7455,1646,9101,-0.0194895,-0.0526826,-0.998421,1
6153,0,0,0,0,1020,249,7422,1791,9213,-0.000676567,-0.0382228,-0.999269,1
5661,0,0,0,0,939,233,6833,1806,8639,0.0112453,-0.0279864,-0.999545,1
6081,0,0,0,0,1018,253,7352,2183,9535,0.0241021,-0.0145906,-0.999603,1
6059,0,0,0,0,963,264,7286,2182,9468,0.0319979,-0.00964028,-0.999442,1
6232,0,0,0,0,1371,287,7890,2922,10812,0.0458457,-0.0168113,-0.998807,1
6004,0,0,0,0,1028,218,7250,2642,9892,0.0539544,-0.0171871,-0.998395,1
5618,0,0,0,0,864,252,6734,2637,9371,0.0642961,-0.0154516,-0.997811,1
6106,0,0,0,0,928,222,7256,2937,10193,0.0802698,-0.0137149,-0.996679,1
5682,0,0,0,0,801,189,6672,3096,9768,0.0877435,-0.0183053,-0.995975,1
5596,0,0,0,0,803,181,6580,3495,10075,0.0932066,-0.0259309,-0.995309,1
5814,0,0,0,0,787,177,6778,3395,10173,0.120211,-0.0391604,-0.991976,1
6620,0,0,0,0,750,172,7542,3205,10747,0.117058,-0.060293,-0.991293,1
5717,0,0,0,0,715,161,6593,2729,9322,0.109265,-0.0730854,-0.991322,1
5801,0,0,0,0,667,153,6621,2255,8876,0.101126,-0.0777715,-0.99183,1
5694,0,0,0,0,629,142,6465,1630,8095,0.105667,-0.0967108,-0.989688,1
5704,0,0,0,0,671,144,6519,1259,7778,0.113132,-0.103978,-0.988124,1
5827,0,0,0,0,641,139,6607,1470,8077,0.0952005,-0.0931981,-0.991086,1
5817,0,0,0,0,570,136,6523,1432,7955,0.0901347,-0.0887281,-0.991969,1
5902,0,0,0,0,674,147,6723,1881,8604,0.0797669,-0.0810591,-0.993512,1
5690,0,0,0,0,673,148,6511,1901,8412,0.0739354,-0.0843495,-0.993689,1
5706,0,0,0,0,682,158,6546,1991,8537,0.0684439,-0.102832,-0.992341,1
5808,0,0,0,0,799,170,6777,2173,8950,0.0653923,-0.120367,-0.990574,1
5768,0,0,0,0,836,170,6774,2235,9009,0.0606204,-0.137109,-0.9887,1
5806,0,0,0,0,755,171,6732,2220,8952,0.0687491,-0.137562,-0.988104,1
5527,0,0,0,0,752,171,6450,1658,8108,0.0690601,-0.152686,-0.985859,1
5435,0,0,0,0,734,203,6372,1614,7986,0.0686695,-0.148569,-0.986515,1
5375,0,0,0,0,716,169,6260,1554,7814,0.0731777,-0.141355,-0.987251,1
5390,0,0,0,0,732,163,6285,1451,7736,0.0710701,-0.143627,-0.987077,1
5304,0,0,0,0,684,190,6178,1527,7705,0.0747784,-0.146495,-0.986381,1
5216,0,0,0,0,709,166,6091,1636,7727,0.0550633,-0.145604,-0.98781,1
5177,0,0,0,0,679,167,6023,2228,8251,0.0498748,-0.153341,-0.986914,1
5172,0,0,0,0,671,169,6012,1885,7897,0.0443445,-0.156776,-0.986638,1
5145,0,0,0,0,698,163,6006,1878,7884,0.0375109,-0.162765,-0.985952,1
5100,0,0,0,0,700,160,5960,1530,7490,0.0358792,-0.167842,-0.985161,1
5138,0,0,0,0,611,166,5915,1555,7470,0.0285736,-0.167802,-0.985407,1
5060,0,0,0,0,627,165,5852,1633,7485,0.022913,-0.17408,-0.984465,1
5074,0,0,0,0,597,150,5821,1278,7099,0.0176953,-0.165953,-0.985975,1
5061,0,0,0,0,600,152,5813,1169,6982,0.0334417,-0.178471,-0.983377,1
5116,0,0,0,0,600,151,5867,1050,6917,0.0360481,-0.180749,-0.982868,1
5036,0,0,0,0,588,147,5771,957,6728,0.045457,-0.198433,-0.97906,1
6070,0,0,0,0,610,154,6834,974,7808,0.0494535,-0.204742,-0.977566,1
5129,0,0,0,0,578,148,5855,940,6795,0.0429553,-0.19452,-0.979958,1
5774,0,0,0,0,695,171,6640,978,7618,0.0357364,-0.188529,-0.981417,1
5344,0,0,0,0,598,187,6129,823,6952,0.0361054,-0.195676,-0.980004,1
5258,0,0,0,0,562,146,5966,852,6818,0.0432974,-0.198885,-0.979066,1
3485,0,0,0,0,371,105,3961,528,4489,0.0464631,-0.205704,-0.977511,1
5260,0,0,0,0,573,132,5965,749,6714,0.0425148,-0.225798,-0.973246,1
5278,0,0,0,0,497,120,5895,828,6723,0.0742418,-0.237952,-0.968435,1
5156,0,0,0,0,437,111,5704,758,6462,0.0588731,-0.214687,-0.974907,1
5422,0,0,0,0,452,113,5987,787,6774,0.026892,-0.216868,-0.975831,1
6163,0,0,0,0,448,115,6726,808,7534,0.035425,-0.207959,-0.977496,1
5238,0,0,0,0,399,131,5768,778,6546,0.0230243,-0.220146,-0.975195,1
5875,0,0,0,0,389,106,6370,723,7093,0.016405,-0.191905,-0.981277,1
5091,0,0,0,0,366,95,5552,736,6288,0.00942159,-0.200809,-0.979585,1
5402,0,0,0,0,360,95,5857,705,6562,0.0449267,-0.217112,-0.975113,1
5320,0,0,0,0,483,99,5902,703,6605,0.0467059,-0.209115,-0.976775,1
5076,0,0,0,0,342,90,5508,688,6196,0.0429,-0.196176,-0.97963,1
5956,0,0,0,0,358,96,6410,756,7166,0.0525484,-0.195551,-0.979285,1
5316,0,0,0,0,455,105,5876,705,6581,0.0503847,-0.196434,-0.979222,1
5429,0,0,0,0,467,118,6014,750,6764,0.0658862,-0.203204,-0.976917,1
5457,0,0,0,0,487,128,6072,716,6788,0.0582439,-0.194,-0.979271,1
5604,0,0,0,0,534,144,6282,777,7059,0.0784263,-0.20453,-0.975713,1
5545,0,0,0,0,636,165,6346,905,7251,0.0843648,-0.208346,-0.97441,1
5381,0,0,0,0,624,161,6166,711,6877,0.0841,-0.207559,-0.974601,1
5518,0,0,0,0,744,185,6447,825,7272,0.0846166,-0.199322,-0.976274,1
5655,0,0,0,0,696,183,6534,786,7320,0.0650844,-0.204188,-0.976766,1
5573,0,0,0,0,728,192,6493,940,7433,0.0506386,-0.224805,-0.973087,1
5738,0,0,0,0,769,223,6730,1002,7732,0.0882908,-0.229099,-0.969391,1
5724,0,0,0,0,882,242,6848,1122,7970,0.0262291,-0.194384,-0.980575,1
5884,0,0,0,0,891,217,6992,1485,8477,0.0154846,-0.222994,-0.974697,1
4044,0,0,0,0,585,194,4823,813,5636,0.0283721,-0.17444,-0.984259,1
5305,0,0,0,0,832,202,6339,1417,7756,0.0248069,-0.166792,-0.98568,1
5926,0,0,0,0,921,234,7081,1257,8338,0.010751,-0.187315,-0.982241,1
5874,0,0,0,0,878,230,6982,1754,8736,-0.0295104,-0.152042,-0.987933,1
6493,0,0,0,0,896,222,7611,1588,9199,0.0583664,-0.236352,-0.969913,1
5737,0,0,0,0,860,220,6817,997,7814,0.0394944,-0.210006,-0.976902,1
5695,0,0,0,0,853,221,6769,1199,7968,0.0659493,-0.219621,-0.973353,1
5657,0,0,0,0,952,250,6859,970,7829,0.0573648,-0.220147,-0.973778,1
5818,0,0,0,0,810,203,6831,1271,8102,0.0334874,-0.208701,-0.977406,1
5749,0,0,0,0,801,199,6749,1335,8084,-0.00260032,-0.226238,-0.974069,1
5613,0,0,0,0,728,181,6522,2006,8528,0.010295,-0.26007,-0.965535,1
6868,0,0,0,0,753,191,7812,1806,9618,0.0480002,-0.421975,-0.905336,1
5728,0,0,0,0,603,148,6479,1310,7789,-0.0622881,-0.267988,-0.961407,1
6445,0,0,0,0,715,160,7320,2355,9675,-0.100366,-0.208386,-0.972883,1
6227,0,0,0,0,628,159,7014,2006,9020,-0.0440553,-0.19831,-0.979149,1
6056,0,0,0,0,619,142,6817,2007,8824,-0.0370394,-0.307151,-0.95094,1
5065,0,0,0,0,456,104,5625,1840,7465,0.00499856,-0.253223,-0.967395,1
2212,0,0,0,0,241,69,2522,1248,3770,-0.00822627,-0.189829,-0.981782,1
3017,0,0,0,0,418,115,3550,2511,6061,0.0115093,-0.21376,-0.976819,1
6493,0,0,0,0,726,176,7395,4086,11481,0.0306854,-0.255068,-0.966436,1
5607,0,0,0,0,600,148,6355,3198,9553,0.0254819,-0.24698,-0.968686,1
6360,0,0,0,0,654,150,7164,3230,10394,0.0399674,-0.261199,-0.964457,1
5468,0,0,0,0,440,113,6021,2261,8282,0.0372124,-0.263725,-0.96388,1
5410,0,0,0,0,376,96,5882,1826,7708,0.0382829,-0.24867,-0.967832,1
5313,0,0,0,0,350,90,5753,1535,7288,0.040167,-0.188782,-0.981197,1
5521,0,0,0,0,344,88,5953,1414,7367,0.0328585,-0.228616,-0.972962,1
6385,0,0,0,0,391,101,6877,1325,8202,0.0237567,-0.194107,-0.980693,1
5585,0,0,0,0,472,121,6178,1188,7366,0.0163481,-0.216857,-0.976067,1
5648,0,0,0,0,559,144,6351,1093,7444,0.0157603,-0.250784,-0.967915,1
5563,0,0,0,0,657,166,6386,1099,7485,0.00943337,-0.278603,-0.96036,1
5712,0,0,0,0,795,185,6692,1102,7794,0.0245423,-0.288116,-0.957281,1
5706,0,0,0,0,786,201,6693,1047,7740,0.0242707,-0.244666,-0.969304,1
5935,0,0,0,0,822,214,6971,864,7835,0.0211274,-0.243295,-0.969722,1
6128,0,0,0,0,974,220,7322,838,8160,0.0200162,-0.312218,-0.949799,1
5611,0,0,0,0,854,218,6683,663,7346,0.00134522,-0.316446,-0.94861,1
5543,0,0,0,0,885,212,6640,692,7332,0.0580698,-0.301459,-0.951709,1
5515,0,0,0,0,853,215,6583,721,7304,0.0613281,-0.310869,-0.948472,1
6714,0,0,0,0,857,220,7791,794,8585,0.0273628,-0.325845,-0.945027,1
5355,0,0,0,0,1208,281,6844,859,7703,0.0402153,-0.29333,-0.955165,1
5173,0,0,0,0,827,204,6204,822,7026,0.00514624,-0.313872,-0.949452,1
5233,0,0,0,0,750,203,6186,980,7166,-0.0203474,-0.427902,-0.903596,1
5249,0,0,0,0,726,173,6148,1006,7154,-0.0147192,-0.423464,-0.905794,1
4239,0,0,0,0,383,79,4701,664,5365,-0.00342548,-0.344276,-0.938862,1
2769,0,0,0,0,265,67,3101,994,4095,-0.00309544,-0.318413,-0.947947,1
6301,0,0,0,0,571,135,7007,2676,9683,-0.0101651,-0.447748,-0.894102,1
6496,0,0,0,0,494,118,7108,1861,8969,-0.0156839,-0.392358,-0.919679,1
3167,0,0,0,0,221,51,3439,827,4266,-0.0125659,-0.333459,-0.942681,1
2060,0,0,0,0,192,45,2297,626,2923,-0.00886639,-0.29785,-0.954572,1
5795,0,0,0,0,853,194,6842,1759,8601,-0.0143103,-0.275345,-0.961239,1
5536,0,0,0,0,611,137,6284,1339,7623,-0.033454,-0.27823,-0.959932,1
6361,0,0,0,0,587,142,7090,896,7986,-0.0555341,-0.290087,-0.955388,1
6279,0,0,0,0,661,170,7110,976,8086,-0.104727,-0.355379,-0.928837,1
6160,0,0,0,0,710,177,7047,925,7972,-0.115732,-0.348887,-0.929991,1
3337,0,0,0,0,385,92,3814,414,4228,-0.0548515,-0.292365,-0.954733,1
2971,0,0,0,0,369,95,3435,432,3867,-0.0829133,-0.327121,-0.941338,1
5911,0,0,0,0,798,201,6910,860,7770,-0.101608,-0.473212,-0.875069,1
5865,0,0,0,0,838,204,6907,839,7746,-0.0759692,-0.382189,-0.920956,1
2939,0,0,0,0,358,93,3390,359,3749,-0.0380044,-0.271416,-0.961712,1
3316,0,0,0,0,342,87,3745,431,4176,-0.0311053,-0.311336,-0.94979,1
5830,0,0,0,0,454,123,6407,789,7196,-0.0490012,-0.307418,-0.950312,1
5918,0,0,0,0,373,101,6392,842,7234,-0.0533829,-0.30797,-0.949898,1
5849,0,0,0,0,420,107,6376,799,7175,-0.0473895,-0.318304,-0.946804,1
6057,0,0,0,0,507,134,6698,819,7517,-0.057032,-0.302813,-0.951342,1
5404,0,0,0,0,572,152,6128,820,6948,-0.0211073,-0.316485,-0.948363,1
5637,0,0,0,0,663,175,6475,971,7446,-0.022139,-0.293164,-0.955806,1
5666,0,0,0,0,751,190,6607,1006,7613,-0.0433301,-0.272446,-0.961195,1
5604,0,0,0,0,783,196,6583,1190,7773,0.0089052,-0.300568,-0.953719,1
5772,0,0,0,0,796,206,6774,1207,7981,-0.00877028,-0.315114,-0.949014,1
6282,0,0,0,0,892,237,7411,1366,8777,-0.0110179,-0.265967,-0.963919,1
6391,0,0,0,0,950,228,7569,1534,9103,-0.0123451,-0.253044,-0.967376,1
5699,0,0,0,0,785,201,6685,1606,8291,0.0224639,-0.258203,-0.96583,1
6485,0,0,0,0,900,223,7608,1800,9408,0.0451635,-0.244645,-0.96856,1
6080,0,0,0,0,748,233,7061,1360,8421,0.0102935,-0.219953,-0.975456,1
5589,0,0,0,0,728,183,6500,1678,8178,0.0108638,-0.216848,-0.976145,1
5733,0,0,0,0,714,180,6627,1867,8494,0.00516926,-0.214931,-0.976616,1
5654,0,0,0,0,676,172,6502,1844,8346,0.0320674,-0.22725,-0.973309,1
6321,0,0,0,0,747,185,7253,1866,9119,0.0238844,-0.249844,-0.967992,1
5948,0,0,0,0,611,153,6712,1931,8643,0.0433758,-0.244275,-0.968735,1
5800,0,0,0,0,555,135,6490,2283,8773,0.0368977,-0.295919,-0.9545,1
5840,0,0,0,0,543,128,6511,3334,9845,-0.284858,-0.11084,-0.95214,1
5714,0,0,0,0,562,146,6422,1639,8061,-0.0263007,-0.264477,-0.964033,1
6495,0,0,0,0,618,141,7254,3189,10443,-0.0566654,-0.405077,-0.912525,1
5732,0,0,0,0,622,149,6503,2995,9498,-0.0482602,-0.367325,-0.92884,1
3037,0,0,0,0,343,82,3462,1838,5300,-0.0307549,-0.28874,-0.956913,1
2421,0,0,0,0,282,66,2769,1411,4180,-0.0224849,-0.245448,-0.969149,1
5650,0,0,0,0,630,153,6433,3014,9447,-0.0375563,-0.291864,-0.955722,1
5809,0,0,0,0,581,155,6545,2257,8802,-0.0259993,-0.255082,-0.96657,1
5535,0,0,0,0,659,185,6379,1951,8330,-0.0351235,-0.240284,-0.970067,1
5458,0,0,0,0,483,122,6063,1611,7674,-0.0261429,-0.240946,-0.970186,1
6281,0,0,0,0,508,128,6917,1683,8600,-0.0125462,-0.261057,-0.965242,1
5623,0,0,0,0,413,105,6141,1924,8065,-0.0162308,-0.274012,-0.961589,1
5759,0,0,0,0,458,115,6332,1341,7673,0.0276667,-0.246555,-0.968734,1
5949,0,0,0,0,611,147,6707,1181,7888,0.00738642,-0.292215,-0.956324,1
5876,0,0,0,0,718,176,6770,1142,7912,-0.0155852,-0.304046,-0.95253,1
5961,0,0,0,0,815,199,6975,1091,8066,0.0185581,-0.321442,-0.946747,1
3955,0,0,0,0,583,142,4680,733,5413,0.0250754,-0.328149,-0.944293,1
6576,0,0,0,0,939,240,7755,1304,9059,0.00412678,-0.354468,-0.935059,1
5529,0,0,0,0,1314,278,7121,1196,8317,0.0110933,-0.356109,-0.934379,1
5504,0,0,0,0,847,213,6564,1099,7663,0.0071951,-0.37245,-0.928024,1
6081,0,0,0,0,877,247,7205,1303,8508,0.0122765,-0.353315,-0.935424,1
5356,0,0,0,0,852,210,6418,1313,7731,0.022985,-0.340154,-0.940089,1
5924,0,0,0,0,889,222,7035,1667,8702,0.0284965,-0.332757,-0.942582,1
5816,0,0,0,0,786,194,6796,1877,8673,0.0384604,-0.342321,-0.938796,1
6185,0,0,0,0,710,168,7063,2187,9250,0.0363584,-0.341458,-0.939193,1
6968,0,0,0,0,789,152,7909,2672,10581,0.0419235,-0.371691,-0.927409,1
4311,0,0,0,0,382,91,4784,1718,6502,0.0524114,-0.345056,-0.937118,1
5879,0,0,0,0,533,121,6533,2164,8697,0.044665,-0.338571,-0.93988,1
5658,0,0,0,0,567,155,6380,1698,8078,0.0421719,-0.302935,-0.952078,1
5709,0,0,0,0,598,141,6448,1529,7977,0.0240701,-0.301488,-0.953166,1
5533,0,0,0,0,605,140,6278,1237,7515,0.0237802,-0.316404,-0.948327,1
5621,0,0,0,0,632,176,6429,778,7207,0.0230937,-0.329289,-0.943947,1
8097,0,0,0,0,1071,225,9393,534,9927,0.0548658,-0.383415,-0.921945,1
6330,0,0,0,0,783,193,7306,513,7819,0.0337563,-0.314379,-0.948697,1
6281,0,0,0,0,775,185,7241,549,7790,0.034983,-0.364041,-0.930726,1
5351,0,0,0,0,772,186,6309,622,6931,0.0422085,-0.268439,-0.962372,1
6205,0,0,0,0,838,209,7252,769,8021,0.00248989,-0.273982,-0.961732,1
5853,0,0,0,0,767,200,6820,1109,7929,-0.0267411,-0.303222,-0.952545,1
6033,0,0,0,0,478,125,6636,682,7318,-0.0301165,-0.239061,-0.970538,1
5270,0,0,0,0,579,153,6002,1086,7088,-0.0324605,-0.26417,-0.96393,1
5267,0,0,0,0,488,126,5881,985,6866,0.0015523,-0.269364,-0.963037,1
6178,0,0,0,0,502,124,6804,1094,7898,-0.00232311,-0.256723,-0.966482,1
5826,0,0,0,0,376,98,6300,1097,7397,-0.00864413,-0.239625,-0.970827,1
5910,0,0,0,0,427,140,6477,1093,7570,-0.0208051,-0.246456,-0.968931,1
5902,0,0,0,0,668,158,6728,1123,7851,-0.0178068,-0.232865,-0.972346,1
5983,0,0,0,0,528,133,6644,1077,7721,0.0134194,-0.250717,-0.967968,1
6089,0,0,0,0,606,159,6854,1255,8109,0.0158719,-0.271305,-0.962363,1
6066,0,0,0,0,717,185,6968,1099,8067,0.0423981,-0.288981,-0.956396,1
6259,0,0,0,0,805,210,7274,1336,8610,0.0445021,-0.292699,-0.955169,1
6526,0,0,0,0,872,228,7626,1379,9005,0.0103943,-0.289852,-0.957015,1
6426,0,0,0,0,928,234,7588,1041,8629,0.02796,-0.269998,-0.962455,1
4108,0,0,0,0,603,152,4863,1275,6138,0.0289172,-0.265829,-0.963586,1
6595,0,0,0,0,846,255,7696,2364,10060,0.0235874,-0.318923,-0.947487,1
7016,0,0,0,0,782,196,7994,2454,10448,0.00146688,-0.476718,-0.879055,1
4279,0,0,0,0,496,139,4914,2764,7678,0.0484691,-0.00826402,-0.99879,1
8106,0,0,0,0,893,216,9215,2886,12101,-0.0162151,-0.265174,-0.964064,1
5978,0,0,0,0,567,142,6687,6512,13199,0.0420103,-0.393901,-0.918193,1
6593,0,0,0,0,648,154,7395,4238,11633,-0.119935,-0.52832,-0.840532,1
3212,0,0,0,0,341,78,3631,1724,5355,-0.0872825,-0.594929,-0.799026,1
6365,0,0,0,0,731,168,7264,4211,11475,-0.145864,-0.482727,-0.863538,1
5720,0,0,0,0,716,162,6598,1924,8522,-0.00754099,-0.234122,-0.972178,1
5794,0,0,0,0,727,170,6691,4083,10774,-0.0143706,-0.227129,-0.973759,1
5966,0,0,0,0,715,174,6855,3873,10728,-0.0110505,-0.215317,-0.976482,1
3946,0,0,0,0,481,118,4545,2328,6873,-0.00739452,-0.184775,-0.982753,1
5524,0,0,0,0,662,162,6348,2371,8719,0.00673338,-0.221087,-0.975231,1
5793,0,0,0,0,608,155,6556,2019,8575,0.022966,-0.255072,-0.96665,1
5684,0,0,0,0,550,173,6407,1844,8251,0.0242926,-0.271904,-0.962018,1
5557,0,0,0,0,528,133,6218,1267,7485,0.0272066,-0.286537,-0.957683,1
6211,0,0,0,0,617,149,6977,1197,8174,0.0349134,-0.297639,-0.95404,1
5699,0,0,0,0,470,116,6285,1227,7512,0.0615776,-0.30533,-0.950254,1
6203,0,0,0,0,561,138,6902,1118,8020,0.0300678,-0.328482,-0.944031,1
5593,0,0,0,0,632,169,6394,1060,7454,0.0341899,-0.331453,-0.942852,1
7209,0,0,0,0,770,197,8176,1080,9256,0.0187058,-0.332553,-0.942899,1
6002,0,0,0,0,783,206,6991,1041,8032,0.0114535,-0.352585,-0.93571,1
5701,0,0,0,0,815,205,6721,997,7718,0.016016,-0.342941,-0.939221,1
5557,0,0,0,0,837,213,6607,1054,7661,0.0184888,-0.338286,-0.940862,1
5997,0,0,0,0,883,224,7104,1085,8189,0.00417396,-0.344227,-0.938877,1
5538,0,0,0,0,834,213,6585,1087,7672,-0.0126461,-0.351509,-0.936099,1
5326,0,0,0,0,845,208,6379,1203,7582,0.0118362,-0.354235,-0.935082,1
5414,0,0,0,0,765,195,6374,1260,7634,0.0283825,-0.369968,-0.928611,1
5264,0,0,0,0,739,176,6179,1333,7512,0.0310987,-0.342467,-0.939016,1
6148,0,0,0,0,648,163,6959,1528,8487,0.0356404,-0.331648,-0.94273,1
5256,0,0,0,0,608,177,6041,1815,7856,0.03053,-0.301917,-0.952846,1
5370,0,0,0,0,582,136,6088,2194,8282,0.0369722,-0.295131,-0.954741,1
5881,0,0,0,0,558,132,6571,2724,9295,0.0256161,-0.296148,-0.954798,1
5521,0,0,0,0,569,128,6218,2681,8899,0.027965,-0.275695,-0.960838,1
5611,0,0,0,0,561,129,6301,2877,9178,0.0333103,-0.274392,-0.961041,1
5624,0,0,0,0,564,128,6316,3056,9372,0.0448708,-0.27798,-0.959538,1
5663,0,0,0,0,582,133,6378,2212,8590,0.039772,-0.272763,-0.961259,1
6066,0,0,0,0,604,148,6818,1970,8788,0.0423912,-0.280665,-0.95887,1
5498,0,0,0,0,604,139,6241,1621,7862,0.0283431,-0.298149,-0.954098,1
5876,0,0,0,0,637,153,6666,1216,7882,0.0326087,-0.286138,-0.957633,1
5742,0,0,0,0,654,158,6554,892,7446,0.0442414,-0.344348,-0.937799,1
5509,0,0,0,0,632,113,6254,520,6774,0.0307187,-0.314211,-0.948856,1
3780,0,0,0,0,514,113,4407,494,4901,0.0223808,-0.267986,-0.963163,1
4933,0,0,0,0,634,166,5733,651,6384,0.0252569,-0.251571,-0.967509,1
5281,0,0,0,0,710,207,6198,706,6904,0.0240997,-0.24796,-0.968471,1
5933,0,0,0,0,746,189,6868,893,7761,0.0272784,-0.254093,-0.966795,1
6063,0,0,0,0,751,214,7028,824,7852,0.0397365,-0.271495,-0.961619,1
5376,0,0,0,0,758,187,6321,737,7058,0.0388097,-0.266784,-0.962975,1
5365,0,0,0,0,743,183,6291,697,6988,0.0503233,-0.287956,-0.95632,1
6020,0,0,0,0,788,222,7030,938,7968,0.0361287,-0.284115,-0.958109,1
6180,0,0,0,0,666,168,7014,874,7888,0.0184206,-0.27213,-0.962084,1
5600,0,0,0,0,609,156,6365,917,7282,0.00797001,-0.253695,-0.967251,1
5264,0,0,0,0,517,132,5913,918,6831,0.0175064,-0.245794,-0.969164,1
5948,0,0,0,0,486,124,6558,1114,7672,0.0345885,-0.267963,-0.962808,1
5327,0,0,0,0,394,105,5826,924,6750,0.053332,-0.283953,-0.957354,1
5984,0,0,0,0,449,98,6531,917,7448,0.0667951,-0.310393,-0.948259,1
5279,0,0,0,0,466,120,5865,1011,6876,0.0251517,-0.284577,-0.958323,1
5488,0,0,0,0,454,119,6061,928,6989,0.0135606,-0.273832,-0.961682,1
6107,0,0,0,0,629,159,6895,1173,8068,0.0137121,-0.276793,-0.960832,1
6127,0,0,0,0,709,181,7017,1240,8257,0.0221312,-0.262187,-0.964764,1
5623,0,0,0,0,703,179,6505,1296,7801,0.019329,-0.25356,-0.967127,1
6257,0,0,0,0,761,205,7223,1302,8525,0.0269359,-0.256608,-0.96614,1
5913,0,0,0,0,787,176,6876,767,7643,0.0206292,-0.248242,-0.968479,1
4105,0,0,0,0,543,142,4790,793,5583,0.010165,-0.235936,-0.971716,1
5786,0,0,0,0,805,202,6793,1231,8024,0.0222372,-0.242637,-0.969862,1
5952,0,0,0,0,789,193,6934,1498,8432,0.0341723,-0.260647,-0.964829,1
5826,0,0,0,0,740,197,6763,1769,8532,0.0289865,-0.280015,-0.959558,1
6480,0,0,0,0,711,178,7369,2906,10275,0.0736054,-0.39553,-0.915499,1
6187,0,0,0,0,447,120,6754,2338,9092,0.105336,-0.431844,-0.895776,1
2498,0,0,0,0,248,57,2803,1659,4462,0.118336,-0.342263,-0.932123,1
2113,0,0,0,0,170,41,2324,1183,3507,0.128869,-0.378083,-0.916759,1
5888,0,0,0,0,557,128,6573,-1000,-1000,-1,-1,-1,1
5963,0,0,0,0,594,139,6696,2918,9614,0.0083029,-0.21879,-0.975737,1
6246,0,0,0,0,635,146,7027,3009,10036,-0.00835258,-0.241148,-0.970453,1
5696,0,0,0,0,650,151,6497,3826,10323,-0.00605452,-0.265318,-0.964142,1
6427,0,0,0,0,767,203,7397,3771,11168,0.0303105,-0.395384,-0.918016,1
3944,0,0,0,0,368,88,4400,1867,6267,0.0297821,-0.328191,-0.944142,1
2156,0,0,0,0,256,60,2472,1186,3658,0.0356074,-0.279767,-0.959407,1
1966,0,0,0,0,235,59,2260,887,3147,0.0326274,-0.229072,-0.972862,1
5630,0,0,0,0,665,165,6460,2266,8726,0.00746665,-0.239439,-0.970883,1
6882,0,0,0,0,694,174,7750,2076,9826,0.0200115,-0.267322,-0.963399,1
5502,0,0,0,0,513,130,6145,1401,7546,0.0178313,-0.260751,-0.965241,1
5402,0,0,0,0,439,112,5953,1273,7226,0.0652279,-0.245149,-0.967288,1
5599,0,0,0,0,388,101,6088,1169,7257,0.0303455,-0.275282,-0.960885,1
3981,0,0,0,0,292,78,4351,720,5071,0.0453703,-0.25673,-0.965418,1
6124,0,0,0,0,522,133,6779,1101,7880,0.0610402,-0.263657,-0.962684,1
5548,0,0,0,0,619,155,6322,948,7270,0.0163453,-0.30061,-0.953607,1
5680,0,0,0,0,766,183,6629,884,7513,0.0221861,-0.342065,-0.939415,1
5758,0,0,0,0,785,200,6743,819,7562,0.0114042,-0.357152,-0.933977,1
5693,0,0,0,0,823,208,6724,804,7528,0.0151292,-0.355163,-0.934682,1
5653,0,0,0,0,821,214,6688,895,7583,0.0398453,-0.34961,-0.936048,1
5388,0,0,0,0,809,207,6404,959,7363,0.0309283,-0.328391,-0.944036,1
5392,0,0,0,0,783,198,6373,998,7371,0.026264,-0.332367,-0.942784,1
5391,0,0,0,0,794,194,6379,1077,7456,0.0336964,-0.42293,-0.905536,1
4822,0,0,0,0,477,118,5417,782,6199,0.0424033,-0.353314,-0.934543,1
2810,0,0,0,0,322,79,3211,624,3835,0.0342166,-0.32946,-0.943549,1
5466,0,0,0,0,550,134,6150,1716,7866,0.0166936,-0.353782,-0.935179,1
5630,0,0,0,0,520,125,6275,2404,8679,0.0180476,-0.480311,-0.876912,1
5741,0,0,0,0,528,122,6391,2591,8982,0.0228375,-0.452517,-0.891463,1
3027,0,0,0,0,280,82,3389,1216,4605,0.0174761,-0.365063,-0.930819,1
2700,0,0,0,0,263,61,3024,1070,4094,0.0155195,-0.320883,-0.946992,1
5592,0,0,0,0,684,141,6417,1836,8253,0.0184993,-0.307183,-0.951471,1
5695,0,0,0,0,597,168,6460,1705,8165,0.0212875,-0.29958,-0.953834,1
5494,0,0,0,0,654,148,6296,1662,7958,0.0172283,-0.286097,-0.958046,1
5478,0,0,0,0,622,154,6254,1038,7292,0.0150774,-0.280185,-0.959828,1
5497,0,0,0,0,634,154,6285,787,7072,0.01773,-0.265673,-0.9639,1
5465,0,0,0,0,642,171,6278,679,6957,0.0701635,-0.30932,-0.948366,1
5278,0,0,0,0,753,174,6205,556,6761,0.0761695,-0.350811,-0.933343,1
5317,0,0,0,0,765,187,6269,450,6719,0.0886364,-0.393874,-0.914881,1
5359,0,0,0,0,775,195,6329,472,6801,0.0661566,-0.322605,-0.944219,1
5381,0,0,0,0,892,205,6478,457,6935,0.0595277,-0.291133,-0.954829,1
5286,0,0,0,0,729,184,6199,531,6730,0.0470267,-0.281022,-0.958549,1
5395,0,0,0,0,735,177,6307,692,6999,0.0669323,-0.302597,-0.950766,1
5314,0,0,0,0,702,175,6191,640,6831,0.0741987,-0.319977,-0.944516,1
5268,0,0,0,0,655,182,6105,722,6827,0.0696833,-0.348172,-0.934837,1
5315,0,0,0,0,622,219,6156,695,6851,0.0550925,-0.307057,-0.950095,1
5407,0,0,0,0,567,146,6120,774,6894,0.0570374,-0.304991,-0.950646,1
5232,0,0,0,0,509,128,5869,700,6569,0.0515558,-0.295155,-0.954057,1
5400,0,0,0,0,454,121,5975,706,6681,0.0602763,-0.286434,-0.956202,1
5519,0,0,0,0,435,109,6063,686,6749,0.0434564,-0.270706,-0.961681,1
5181,0,0,0,0,367,96,5644,752,6396,0.107572,-0.322583,-0.940409,1
5262,0,0,0,0,369,99,5730,708,6438,0.0464278,-0.289095,-0.956174,1
3329,0,0,0,0,206,57,3592,473,4065,0.0387613,-0.245835,-0.968537,1
5329,0,0,0,0,483,120,5932,846,6778,0.0244393,-0.268604,-0.962941,1
5993,0,0,0,0,537,142,6672,891,7563,-0.0114789,-0.272294,-0.962146,1
5569,0,0,0,0,635,195,6399,991,7390,-0.00609934,-0.272607,-0.962106,1
5931,0,0,0,0,731,208,6870,1132,8002,0.0311929,-0.269143,-0.962595,1
5662,0,0,0,0,743,188,6593,966,7559,0.0247867,-0.24163,-0.970052,1
5683,0,0,0,0,756,197,6636,1088,7724,0.0145211,-0.24707,-0.968889,1
5927,0,0,0,0,753,190,6870,1289,8159,0.0229972,-0.333229,-0.942565,1
5693,0,0,0,0,716,181,6590,1311,7901,0.0142376,-0.295045,-0.955378,1
3000,0,0,0,0,350,95,3445,1055,4500,0.00168633,-0.228591,-0.973521,1
4340,0,0,0,0,470,116,4926,1985,6911,0.0200174,-0.198384,-0.97992,1
5800,0,0,0,0,611,151,6562,2332,8894,0.019502,-0.261863,-0.964908,1
5731,0,0,0,0,562,136,6429,3238,9667,0.0529913,-0.21895,-0.974296,1
5735,0,0,0,0,567,133,6435,2208,8643,0.0242837,-0.21105,-0.977174,1
5839,0,0,0,0,581,136,6556,7353,13909,0.0117639,-0.232776,-0.972459,1
3989,0,0,0,0,419,95,4503,3306,7809,-0.0889308,-0.535539,-0.839815,1
5915,0,0,0,0,643,199,6757,1142,7899,-0.429836,-0.162567,-0.888152,1
5666,0,0,0,0,628,145,6439,1934,8373,0.00641631,-0.183343,-0.983028,1
5634,0,0,0,0,646,149,6429,2525,8954,0.000978225,-0.184087,-0.982909,1
5771,0,0,0,0,641,149,6561,2726,9287,0.00749699,-0.160598,-0.986992,1
5119,0,0,0,0,597,135,5851,2328,8179,0.00291927,-0.152053,-0.988368,1
5696,0,0,0,0,653,149,6498,2680,9178,-0.00463744,-0.110152,-0.993904,1
5526,0,0,0,0,642,147,6315,4140,10455,-0.0196297,-0.0995017,-0.994844,1
2804,0,0,0,0,275,62,3141,1309,4450,-0.00501235,-0.116705,-0.993154,1
2594,0,0,0,0,304,70,2968,1487,4455,-0.00908921,-0.134032,-0.990935,1
6766,0,0,0,0,748,176,7690,2553,10243,-0.0141578,-0.157377,-0.987437,1
5838,0,0,0,0,488,111,6437,2075,8512,-0.0149837,-0.157186,-0.987456,1
2660,0,0,0,0,291,65,3016,1099,4115,-0.00228682,-0.159341,-0.987221,1
1786,0,0,0,0,208,49,2043,879,2922,0.00233874,-0.143066,-0.98971,1
6654,0,0,0,0,642,150,7446,2294,9740,0.00541803,-0.135176,-0.990807,1
5614,0,0,0,0,647,152,6413,4800,11213,0.00705643,-0.125298,-0.992094,1
4525,0,0,0,0,443,106,5074,1827,6901,0.00897298,-0.120185,-0.992711,1
5640,0,0,0,0,719,152,6511,3054,9565,0.0245925,-0.130599,-0.99113,1
5593,0,0,0,0,684,160,6437,2426,8863,0.0260656,-0.127417,-0.991507,1
5680,0,0,0,0,641,150,6471,2225,8696,-0.00661114,-0.119913,-0.992762,1
5631,0,0,0,0,614,146,6391,2448,8839,-0.00333963,-0.111981,-0.993705,1
5629,0,0,0,0,639,177,6445,3193,9638,0.0104273,-0.138361,-0.990327,1
3469,0,0,0,0,328,77,3874,1545,5419,0.010886,-0.144608,-0.989429,1
2810,0,0,0,0,313,79,3202,1958,5160,0.00840268,-0.152394,-0.988284,1
5587,0,0,0,0,638,150,6375,1998,8373,-0.00638927,-0.167118,-0.985916,1
5855,0,0,0,0,636,150,6641,2279,8920,0.00511869,-0.176366,-0.984311,1
5587,0,0,0,0,443,120,6150,1665,7815,0.00560159,-0.18148,-0.983379,1
2544,0,0,0,0,275,64,2883,1096,3979,0.00220413,-0.169538,-0.985521,1
2630,0,0,0,0,427,109,3166,1440,4606,0.0032849,-0.175356,-0.984499,1
5736,0,0,0,0,653,151,6540,3123,9663,0.000415693,-0.190352,-0.981716,1
5660,0,0,0,0,666,153,6479,3302,9781,0.000144788,-0.197905,-0.980221,1
5855,0,0,0,0,667,160,6682,3527,10209,0.0026832,-0.205368,-0.978681,1
5776,0,0,0,0,759,164,6699,3767,10466,0.00496055,-0.217758,-0.97599,1
5910,0,0,0,0,659,166,6735,3935,10670,0.0119853,-0.222724,-0.974808,1
5825,0,0,0,0,688,163,6676,3840,10516,0.0156891,-0.237058,-0.971369,1
3897,0,0,0,0,476,111,4484,2305,6789,0.017123,-0.201119,-0.979417,1
5848,0,0,0,0,628,160,6636,3314,9950,0.0369487,-0.237572,-0.970667,1
5494,0,0,0,0,582,146,6222,2344,8566,0.0264103,-0.207499,-0.977879,1
5801,0,0,0,0,579,142,6522,2037,8559,0.0326974,-0.208168,-0.977547,1
5475,0,0,0,0,486,121,6082,1665,7747,0.0264237,-0.220051,-0.97513,1
5641,0,0,0,0,454,117,6212,1519,7731,0.0046618,-0.256309,-0.966584,1
5760,0,0,0,0,422,124,6306,1480,7786,0.0503362,-0.245704,-0.968037,1
5875,0,0,0,0,430,112,6417,1300,7717,0.0121702,-0.285044,-0.958437,1
5531,0,0,0,0,476,125,6132,1311,7443,0.00469472,-0.289629,-0.957128,1
5532,0,0,0,0,548,141,6221,1165,7386,0.0186656,-0.298657,-0.954178,1
5679,0,0,0,0,619,158,6456,1046,7502,0.0199804,-0.291449,-0.956378,1
5615,0,0,0,0,695,179,6489,1066,7555,0.0135708,-0.307381,-0.95149,1
5901,0,0,0,0,760,208,6869,1083,7952,0.0151225,-0.281352,-0.959486,1
5620,0,0,0,0,808,204,6632,1036,7668,0.0272738,-0.285459,-0.958003,1
5662,0,0,0,0,835,214,6711,1021,7732,0.0176419,-0.334681,-0.942166,1
5615,0,0,0,0,1000,219,6834,1057,7891,0.00141007,-0.348932,-0.937147,1
5385,0,0,0,0,858,211,6454,1180,7634,0.00249501,-0.366363,-0.930469,1
5681,0,0,0,0,885,216,6782,1288,8070,0.00140057,-0.376557,-0.926392,1
5383,0,0,0,0,837,192,6412,1365,7777,0.013058,-0.376975,-0.926132,1
5776,0,0,0,0,701,180,6657,1452,8109,0.0273946,-0.370802,-0.928308,1
5962,0,0,0,0,769,173,6904,1563,8467,0.0358244,-0.361273,-0.931771,1
5507,0,0,0,0,649,151,6307,2302,8609,0.0425878,-0.319648,-0.946579,1
5295,0,0,0,0,552,135,5982,2294,8276,0.0262536,-0.314742,-0.948814,1
5026,0,0,0,0,552,131,5709,2601,8310,0.0138083,-0.308508,-0.951122,1
5711,0,0,0,0,644,149,6504,2719,9223,0.023642,-0.338029,-0.940839,1
5502,0,0,0,0,626,156,6284,1985,8269,0.0171434,-0.326579,-0.945014,1
5556,0,0,0,0,641,148,6345,1882,8227,0.0322147,-0.334398,-0.941881,1
5455,0,0,0,0,628,167,6250,1298,7548,0.0310779,-0.307368,-0.951084,1
5506,0,0,0,0,681,160,6347,976,7323,0.0176396,-0.287959,-0.95748,1
5864,0,0,0,0,704,165,6733,699,7432,0.0104396,-0.253659,-0.967238,1
5345,0,0,0,0,675,164,6184,617,6801,0.00998755,-0.281624,-0.959473,1
5396,0,0,0,0,686,167,6249,570,6819,0.0228562,-0.248768,-0.968294,1
5119,0,0,0,0,767,180,6066,410,6476,0.00431672,-0.251709,-0.967793,1
3565,0,0,0,0,502,122,4189,338,4527,0.023882,-0.255191,-0.966596,1
5572,0,0,0,0,775,195,6542,451,6993,0.036743,-0.306141,-0.951277,1
5536,0,0,0,0,854,200,6590,428,7018,0.0172733,-0.263842,-0.964411,1
5605,0,0,0,0,808,206,6619,573,7192,0.0123554,-0.23524,-0.971859,1
5295,0,0,0,0,749,190,6234,798,7032,0.0139803,-0.246609,-0.969014,1
5325,0,0,0,0,755,184,6264,785,7049,0.0209908,-0.266701,-0.963551,1
5326,0,0,0,0,685,183,6194,785,6979,0.0391319,-0.285259,-0.957651,1
5435,0,0,0,0,643,168,6246,835,7081,0.0393358,-0.28839,-0.956705,1
5450,0,0,0,0,590,172,6212,850,7062,0.0299977,-0.27356,-0.961387,1
5462,0,0,0,0,544,140,6146,807,6953,0.0255858,-0.247133,-0.968644,1
5341,0,0,0,0,651,137,6129,896,7025,0.0303192,-0.247138,-0.968506,1
5591,0,0,0,0,504,154,6249,927,7176,0.0469347,-0.243099,-0.968866,1
5505,0,0,0,0,447,114,6066,1010,7076,0.0274141,-0.270732,-0.962264,1
5554,0,0,0,0,377,101,6032,1028,7060,0.0228088,-0.266562,-0.963548,1
5257,0,0,0,0,404,101,5762,984,6746,0.0388987,-0.27796,-0.959805,1
5494,0,0,0,0,474,114,6082,941,7023,0.0651119,-0.278833,-0.95813,1
5614,0,0,0,0,550,139,6303,1212,7515,0.0649856,-0.296979,-0.95267,1
5840,0,0,0,0,654,170,6664,1176,7840,0.0736314,-0.279201,-0.957406,1
5740,0,0,0,0,777,219,6736,1251,7987,0.0623487,-0.25027,-0.966166,1
5781,0,0,0,0,841,209,6831,1210,8041,0.0568046,-0.25363,-0.965632,1
5646,0,0,0,0,829,202,6677,1525,8202,0.0789295,-0.271037,-0.959328,1
5670,0,0,0,0,771,193,6634,1679,8313,0.0195696,-0.288189,-0.957374,1
5842,0,0,0,0,755,187,6784,4494,11278,0.0261078,-0.325356,-0.945231,1
4107,0,0,0,0,483,123,4713,3418,8131,0.0447446,-0.324626,-0.944783,1
4004,0,0,0,0,464,112,4580,3603,8183,0.137085,-0.258204,-0.956315,1
5946,0,0,0,0,818,176,6940,2073,9013,0.0222634,-0.238009,-0.971008,1
5760,0,0,0,0,670,160,6590,4470,11060,0.034756,-0.321867,-0.946147,1
3073,0,0,0,0,361,87,3521,2911,6432,0.031427,-0.347105,-0.9373,1
4970,0,0,0,0,596,145,5711,2931,8642,-0.0350137,-0.261449,-0.964582,1
5824,0,0,0,0,784,179,6787,2592,9379,0.00840895,-0.249276,-0.968396,1
5899,0,0,0,0,762,168,6829,2932,9761,0.0105039,-0.240109,-0.970689,1
3951,0,0,0,0,513,115,4579,2676,7255,0.0192505,-0.251255,-0.967729,1
5958,0,0,0,0,743,174,6875,3917,10792,0.0123661,-0.276048,-0.961064,1
5764,0,0,0,0,726,176,6666,4004,10670,0.0158628,-0.301469,-0.953344,1
5831,0,0,0,0,728,179,6738,3087,9825,0.0315376,-0.306972,-0.951196,1
3875,0,0,0,0,488,140,4503,1510,6013,0.0265645,-0.273191,-0.961593,1
5629,0,0,0,0,646,167,6442,1768,8210,0.0359472,-0.274296,-0.960973,1
5576,0,0,0,0,546,135,6257,1861,8118,0.0364314,-0.270097,-0.962143,1
5597,0,0,0,0,397,107,6101,1341,7442,0.0386243,-0.288578,-0.956677,1
5721,0,0,0,0,380,101,6202,1157,7359,0.0171094,-0.30008,-0.953761,1
5578,0,0,0,0,472,123,6173,1135,7308,0.0241707,-0.293622,-0.955616,1
5681,0,0,0,0,586,151,6418,1069,7487,0.038179,-0.305167,-0.951533,1
5736,0,0,0,0,662,172,6570,963,7533,0.0336578,-0.294002,-0.955212,1
5852,0,0,0,0,716,186,6754,933,7687,0.0353968,-0.307277,-0.950962,1
5635,0,0,0,0,788,194,6617,961,7578,0.0406205,-0.301206,-0.952694,1
5629,0,0,0,0,821,210,6660,897,7557,0.0609462,-0.304828,-0.950456,1
5456,0,0,0,0,810,205,6471,967,7438,0.0427317,-0.304946,-0.951411,1
5435,0,0,0,0,902,214,6551,997,7548,0.0343899,-0.286999,-0.957314,1
5439,0,0,0,0,817,208,6464,1094,7558,0.0373364,-0.377496,-0.925258,1
5388,0,0,0,0,817,209,6414,830,7244,0.0276678,-0.334096,-0.942133,1
3580,0,0,0,0,572,142,4294,863,5157,0.0283616,-0.283307,-0.95861,1
5199,0,0,0,0,787,216,6202,1294,7496,0.0440237,-0.34329,-0.938197,1
5696,0,0,0,0,761,193,6650,1484,8134,0.0345413,-0.299658,-0.953421,1
3686,0,0,0,0,506,128,4320,943,5263,0.0282563,-0.277633,-0.960271,1
5471,0,0,0,0,723,181,6375,1640,8015,0.0168247,-0.317767,-0.94802,1
5716,0,0,0,0,808,219,6743,2028,8771,0.00761691,-0.310043,-0.950692,1
5892,0,0,0,0,716,176,6784,2354,9138,0.016708,-0.289418,-0.957057,1
5670,0,0,0,0,709,171,6550,2729,9279,0.01712,-0.404997,-0.914158,1
6098,0,0,0,0,697,167,6962,2693,9655,0.0258877,-0.404139,-0.914331,1
3820,0,0,0,0,360,86,4266,1267,5533,0.0226728,-0.326444,-0.944945,1
2578,0,0,0,0,274,65,2917,799,3716,0.0221197,-0.297185,-0.954563,1
5650,0,0,0,0,628,152,6430,1728,8158,0.026199,-0.316851,-0.948113,1
5818,0,0,0,0,634,151,6603,1604,8207,0.0164273,-0.35116,-0.936172,1
5664,0,0,0,0,468,112,6244,732,6976,0.010374,-0.308272,-0.951242,1
2717,0,0,0,0,285,71,3073,279,3352,0.00612168,-0.231595,-0.972793,1
2640,0,0,0,0,319,78,3037,337,3374,-0.00075197,-0.240946,-0.970538,1
5648,0,0,0,0,775,190,6613,679,7292,0.00379383,-0.238262,-0.971194,1
5341,0,0,0,0,739,180,6260,750,7010,-0.00191784,-0.234358,-0.972148,1
5449,0,0,0,0,829,207,6485,806,7291,0.00464112,-0.242948,-0.970028,1
6001,0,0,0,0,865,214,7080,649,7729,0.00710713,-0.230824,-0.97297,1
5235,0,0,0,0,780,192,6207,860,7067,0.0157622,-0.251857,-0.967636,1
5517,0,0,0,0,768,196,6481,690,7171,0.0265935,-0.284408,-0.958334,1
5951,0,0,0,0,760,193,6904,596,7500,0.00455669,-0.273677,-0.961811,1
5368,0,0,0,0,732,189,6289,903,7192,0.0232779,-0.258825,-0.965644,1
5484,0,0,0,0,721,203,6408,851,7259,0.0220324,-0.268792,-0.962946,1
5438,0,0,0,0,685,175,6298,893,7191,0.0326275,-0.290471,-0.956327,1
5398,0,0,0,0,647,166,6211,781,6992,0.0349671,-0.287398,-0.957173,1
5519,0,0,0,0,559,142,6220,838,7058,0.0433349,-0.292731,-0.955213,1
5417,0,0,0,0,459,148,6024,826,6850,0.0366136,-0.301613,-0.952727,1
5459,0,0,0,0,329,75,5863,636,6499,0.0548419,-0.300179,-0.952305,1
2797,0,0,0,0,212,55,3064,520,3584,0.0274637,-0.263635,-0.964232,1
5284,0,0,0,0,472,124,5880,995,6875,0.0435369,-0.404718,-0.913404,1
5534,0,0,0,0,634,160,6328,1169,7497,0.0413752,-0.397261,-0.916773,1
3397,0,0,0,0,386,99,3882,586,4468,0.0246898,-0.305823,-0.951768,1
2763,0,0,0,0,397,100,3260,531,3791,0.0220602,-0.31541,-0.948699,1
5843,0,0,0,0,790,203,6836,1437,8273,0.0380179,-0.307353,-0.950836,1
5950,0,0,0,0,812,204,6966,1956,8922,0.0149726,-0.391918,-0.919879,1
5931,0,0,0,0,854,230,7015,2048,9063,0.0358046,-0.304565,-0.951818,1
4227,0,0,0,0,557,138,4922,1655,6577,0.0786909,-0.395524,-0.915078,1
5368,0,0,0,0,770,185,6323,2705,9028,-0.387213,-0.113745,-0.914947,1
5273,0,0,0,0,799,182,6254,1631,7885,0.00412432,-0.257941,-0.966152,1
5974,0,0,0,0,857,203,7034,3116,10150,0.0217586,-0.218435,-0.975609,1
5875,0,0,0,0,851,201,6927,3101,10028,0.0223376,-0.300129,-0.953637,1
3977,0,0,0,0,638,103,4718,2023,6741,0.0196118,-0.234686,-0.971873,1
2506,0,0,0,0,333,78,2917,1734,4651,0.0178309,-0.211992,-0.977109,1
6033,0,0,0,0,738,177,6948,3977,10925,0.0283836,-0.245199,-0.969057,1
5924,0,0,0,0,757,177,6858,4056,10914,0.0399963,-0.247323,-0.968107,1
6765,0,0,0,0,731,181,7677,4219,11896,0.0566333,-0.333391,-0.941086,1
5067,0,0,0,0,506,125,5698,2407,8105,0.0420844,-0.279276,-0.959288,1
2459,0,0,0,0,301,75,2835,1206,4041,0.0552529,-0.220264,-0.973874,1
3364,0,0,0,0,395,98,3857,1351,5208,0.0614153,-0.196229,-0.978633,1
5652,0,0,0,0,571,180,6403,1848,8251,0.0541707,-0.227862,-0.972185,1
5805,0,0,0,0,482,139,6426,1749,8175,0.0357854,-0.252857,-0.966842,1
5577,0,0,0,0,421,108,6106,1522,7628,0.0409446,-0.25876,-0.965074,1
5721,0,0,0,0,392,101,6214,1285,7499,0.0403469,-0.246474,-0.968309,1
6489,0,0,0,0,401,104,6994,1266,8260,0.0467988,-0.245506,-0.968265,1
5551,0,0,0,0,468,120,6139,1202,7341,0.0557296,-0.273063,-0.960381,1
6236,0,0,0,0,528,162,6926,1264,8190,0.0644454,-0.265496,-0.961956,1
6421,0,0,0,0,684,178,7283,1106,8389,0.0434236,-0.276101,-0.960147,1
5733,0,0,0,0,676,170,6579,902,7481,0.0643945,-0.265654,-0.961916,1
5799,0,0,0,0,758,194,6751,803,7554,0.0663936,-0.290462,-0.95458,1
5631,0,0,0,0,839,210,6680,831,7511,0.0632934,-0.318608,-0.945771,1
5633,0,0,0,0,936,235,6804,869,7673,0.0623178,-0.335656,-0.939921,1
5500,0,0,0,0,1430,276,7206,882,8088,0.0781826,-0.359514,-0.929859,1
6363,0,0,0,0,1222,295,7880,890,8770,0.050538,-0.360164,-0.931519,1
5653,0,0,0,0,1080,278,7011,1010,8021,0.0295507,-0.39028,-0.920222,1
5689,0,0,0,0,1123,303,7115,1134,8249,0.0490532,-0.384028,-0.922018,1
6507,0,0,0,0,1219,299,8025,1315,9340,0.0394072,-0.382442,-0.923139,1
6805,0,0,0,0,1196,299,8300,1849,10149,0.0230206,-0.363397,-0.93135,1
4534,0,0,0,0,773,198,5505,1867,7372,0.0158789,-0.343275,-0.939101,1
6841,0,0,0,0,1172,271,8284,2625,10909,0.023282,-0.363182,-0.931427,1
6598,0,0,0,0,1014,238,7850,2211,10061,0.025289,-0.34451,-0.938442,1
6604,0,0,0,0,971,224,7799,1898,9697,0.0217545,-0.323592,-0.945947,1
6512,0,0,0,0,874,224,7610,2045,9655,0.0208174,-0.308717,-0.950926,1
6451,0,0,0,0,888,200,7539,2020,9559,0.037226,-0.31736,-0.947575,1
5598,0,0,0,0,811,186,6595,1306,7901,0.0406793,-0.333282,-0.941949,1
6068,0,0,0,0,755,200,7023,1002,8025,0.0447006,-0.306077,-0.950957,1
5671,0,0,0,0,699,176,6546,574,7120,0.0411759,-0.293795,-0.954981,1
6291,0,0,0,0,853,214,7358,636,7994,0.0437646,-0.315055,-0.948064,1
6255,0,0,0,0,938,250,7443,678,8121,0.0285716,-0.301096,-0.953166,1
6393,0,0,0,0,857,215,7465,856,8321,0.0405099,-0.316725,-0.947652,1
5582,0,0,0,0,695,178,6455,714,7169,0.040995,-0.301514,-0.95258,1
5437,0,0,0,0,787,228,6452,1005,7457,0.0395412,-0.289052,-0.956497,1
5480,0,0,0,0,553,144,6177,834,7011,0.0444705,-0.268017,-0.962387,1
5384,0,0,0,0,494,128,6006,808,6814,0.011298,-0.274608,-0.96149,1
6151,0,0,0,0,516,130,6797,899,7696,0.00954359,-0.278013,-0.96053,1
5975,0,0,0,0,486,123,6584,845,7429,0.0227816,-0.265082,-0.963957,1
5968,0,0,0,0,518,156,6642,816,7458,0.0302019,-0.253417,-0.966886,1
6112,0,0,0,0,586,144,6842,835,7677,0.0384611,-0.258479,-0.965251,1
5491,0,0,0,0,553,167,6211,835,7046,-0.0147336,-0.267152,-0.963542,1
5603,0,0,0,0,648,169,6420,1025,7445,-0.0132482,-0.261408,-0.965138,1
5643,0,0,0,0,740,190,6573,1212,7785,0.0198746,-0.227842,-0.973495,1
5810,0,0,0,0,837,219,6866,1051,7917,0.0331577,-0.225503,-0.973678,1
6713,0,0,0,0,1077,297,8087,1086,9173,0.0516746,-0.214405,-0.975377,1
4487,0,0,0,0,760,189,5436,772,6208,-0.0121202,-0.213297,-0.976912,1
6781,0,0,0,0,1150,289,8220,1918,10138,-0.0305945,-0.213599,-0.976442,1
6847,0,0,0,0,1161,296,8304,2229,10533,-0.079161,-0.118086,-0.989843,1
6612,0,0,0,0,813,200,7625,1211,8836,-0.130354,-0.106214,-0.985762,1
5284,0,0,0,0,885,248,6417,1096,7513,-0.186423,0.115157,-0.975698,1
5849,0,0,0,0,961,247,7057,1095,8152,0.0490771,-0.238618,-0.969873,1
5923,0,0,0,0,1021,261,7205,1336,8541,0.0166381,-0.353071,-0.935448,1
5983,0,0,0,0,997,244,7224,1951,9175,0.0115736,-0.356845,-0.934092,1
3122,0,0,0,0,448,104,3674,900,4574,-0.0682354,-0.202179,-0.976969,1
2731,0,0,0,0,449,109,3289,994,4283,-0.0619973,-0.177096,-0.982239,1
5940,0,0,0,0,954,248,7142,2472,9614,-0.0132485,-0.100159,-0.994883,1
6028,0,0,0,0,959,232,7219,4959,12178,-0.00867201,-0.204195,-0.978892,1
6239,0,0,0,0,936,244,7419,2703,10122,-0.00252361,-0.10107,-0.994876,1
6469,0,0,0,0,872,247,7588,5276,12864,0.00704754,-0.211361,-0.977383,1
3218,0,0,0,0,338,82,3638,1942,5580,0.0075438,-0.160896,-0.986943,1
1942,0,0,0,0,240,55,2237,1315,3552,0.00789778,-0.0914594,-0.995777,1
5971,0,0,0,0,766,181,6918,3493,10411,-0.000852147,-0.0775012,-0.996992,1
6018,0,0,0,0,830,197,7045,2980,10025,0.0104904,-0.187503,-0.982208,1
5306,0,0,0,0,558,136,6000,1479,7479,0.00209578,-0.144364,-0.989522,1
3119,0,0,0,0,414,101,3634,1293,4927,-0.00187024,-0.0906134,-0.995885,1
4769,0,0,0,0,662,155,5586,1771,7357,0.0275918,-0.139957,-0.989773,1
5831,0,0,0,0,743,218,6792,1926,8718,0.0108109,-0.173704,-0.984739,1
5574,0,0,0,0,558,136,6268,2035,8303,0.00704981,-0.162242,-0.986726,1
5883,0,0,0,0,499,125,6507,2021,8528,-0.00230314,-0.206462,-0.978452,1
5606,0,0,0,0,531,130,6267,2067,8334,-0.00619855,-0.217594,-0.97602,1
5969,0,0,0,0,695,172,6836,2075,8911,0.00587319,-0.245063,-0.969489,1
6970,0,0,0,0,1014,227,8211,1855,10066,0.0102722,-0.233624,-0.972273,1
6313,0,0,0,0,1085,272,7670,1784,9454,0.0120164,-0.213413,-0.976888,1
6202,0,0,0,0,1424,309,7935,1969,9904,0.00972762,-0.200969,-0.979549,1
5556,0,0,0,0,1182,298,7036,1819,8855,0.0222767,-0.191159,-0.981306,1
6419,0,0,0,0,1420,334,8173,1949,10122,0.029658,-0.215689,-0.976012,1
6253,0,0,0,0,1428,331,8012,2044,10056,0.0192016,-0.186524,-0.982263,1
4486,0,0,0,0,934,242,5662,1470,7132,0.0116836,-0.168221,-0.98568,1
6124,0,0,0,0,1371,325,7820,2072,9892,0.0219995,-0.178503,-0.983693,1
6169,0,0,0,0,1245,316,7730,1785,9515,0.039765,-0.277365,-0.959941,1
6011,0,0,0,0,1199,297,7507,1404,8911,0.035766,-0.264166,-0.963814,1
5830,0,0,0,0,1125,306,7261,1351,8612,0.0434859,-0.292447,-0.955293,1
5900,0,0,0,0,1111,278,7289,1336,8625,0.0587587,-0.271807,-0.960556,1
6026,0,0,0,0,1104,279,7409,1385,8794,0.0526126,-0.291896,-0.955002,1
6110,0,0,0,0,1164,279,7553,1430,8983,0.0423523,-0.288449,-0.956558,1
6102,0,0,0,0,1137,284,7523,1979,9502,0.040973,-0.289329,-0.956352,1
6026,0,0,0,0,1117,270,7413,2568,9981,0.0528691,-0.290085,-0.95554,1
6126,0,0,0,0,1089,261,7476,2681,10157,0.0383815,-0.282066,-0.958627,1
6188,0,0,0,0,1111,275,7574,2079,9653,0.0327115,-0.270874,-0.962059,1
4276,0,0,0,0,708,161,5145,1723,6868,0.0315982,-0.255888,-0.96619,1
5438,0,0,0,0,829,200,6467,2194,8661,0.0289843,-0.252716,-0.967106,1
5750,0,0,0,0,879,211,6840,1967,8807,0.0312795,-0.248802,-0.968049,1
6039,0,0,0,0,871,212,7122,1643,8765,0.0264923,-0.258609,-0.965618,1
5819,0,0,0,0,1118,307,7244,1901,9145,0.0238712,-0.252464,-0.967312,1
5839,0,0,0,0,776,185,6800,1818,8618,0.0258532,-0.258618,-0.965634,1
5911,0,0,0,0,859,217,6987,2047,9034,0.0159339,-0.265848,-0.963884,1
5259,0,0,0,0,761,179,6199,1185,7384,0.00841699,-0.246836,-0.969021,1
5185,0,0,0,0,794,176,6155,897,7052,0.0346706,-0.226522,-0.973389,1
6028,0,0,0,0,736,176,6940,515,7455,0.00658016,-0.201815,-0.979402,1
5681,0,0,0,0,840,202,6723,991,7714,0.00644931,-0.16468,-0.986326,1
5706,0,0,0,0,830,203,6739,1023,7762,0.00660748,-0.131826,-0.991251,1
5611,0,0,0,0,829,204,6644,962,7606,0.00611148,-0.132264,-0.991196,1
5529,0,0,0,0,868,261,6658,976,7634,0.000325181,-0.138656,-0.99034,1
5693,0,0,0,0,823,204,6720,1000,7720,0.00646686,-0.112654,-0.993613,1
5671,0,0,0,0,835,232,6738,873,7611,0.0118577,-0.120601,-0.992631,1
6320,0,0,0,0,844,210,7374,951,8325,0.0122478,-0.138031,-0.990352,1
5597,0,0,0,0,861,216,6674,910,7584,0.00844253,-0.146677,-0.989149,1
5984,0,0,0,0,881,211,7076,922,7998,0.00291842,-0.129509,-0.991574,1
5790,0,0,0,0,913,215,6918,908,7826,-4.01763e-05,-0.136315,-0.990666,1
4070,0,0,0,0,622,174,4866,783,5649,-0.00468608,-0.107816,-0.99416,1
2893,0,0,0,0,475,93,3461,585,4046,-0.000657013,-0.0941899,-0.995554,1
2367,0,0,0,0,395,94,2856,642,3498,-0.00204384,-0.0745858,-0.997213,1
5580,0,0,0,0,913,268,6761,1499,8260,-0.0082984,-0.0444968,-0.998975,1
5804,0,0,0,0,895,240,6939,1553,8492,-0.00265626,0.00630587,-0.999976,1
5753,0,0,0,0,910,219,6882,1996,8878,-0.00514771,-0.0145963,-0.99988,1
5520,0,0,0,0,888,217,6625,2238,8863,-0.00846632,-0.0273301,-0.999591,1
5011,0,0,0,0,788,194,5993,1748,7741,-0.00886701,-0.0217683,-0.999724,1
6321,0,0,0,0,987,233,7541,1982,9523,-0.00725611,-0.0119353,-0.999903,1
5778,0,0,0,0,881,217,6876,1866,8742,-0.00597709,-0.00112228,-0.999982,1
6076,0,0,0,0,874,246,7196,1912,9108,-0.00560275,-0.00353284,-0.999978,1
5581,0,0,0,0,870,217,6668,1800,8468,-0.00573032,-0.00424965,-0.999975,1
4957,0,0,0,0,798,194,5949,1750,7699,-0.00780545,-0.00974958,-0.999922,1
5548,0,0,0,0,894,217,6659,2279,8938,-0.00868373,0.00197436,-0.99996,1
6171,0,0,0,0,913,218,7302,1932,9234,-0.00969239,-0.0122567,-0.999878,1
6407,0,0,0,0,868,238,7513,1984,9497,-0.0106603,-0.00988566,-0.999894,1
5657,0,0,0,0,902,219,6778,1999,8777,-0.0149363,-0.0131602,-0.999802,1
6611,0,0,0,0,1022,244,7877,2332,10209,-0.0110577,-0.00426884,-0.99993,1
4447,0,0,0,0,485,131,5063,1076,6139,-0.0110783,-0.00431541,-0.999929,1
2465,0,0,0,0,390,116,2971,893,3864,-0.0142354,-0.0203466,-0.999692,1
5414,0,0,0,0,1057,287,6758,1971,8729,-0.0156249,-0.0230188,-0.999613,1
6056,0,0,0,0,952,219,7227,1886,9113,-0.0134382,-0.0108545,-0.999851,1
5697,0,0,0,0,872,214,6783,2154,8937,-0.0152902,-0.0212202,-0.999658,1
5666,0,0,0,0,871,245,6782,2093,8875,-0.0111177,0.000523524,-0.999938,1
5553,0,0,0,0,922,224,6699,1978,8677,-0.0120618,-0.00887824,-0.999888,1
5611,0,0,0,0,868,215,6694,2017,8711,-0.0141773,-0.0178738,-0.99974,1
5440,0,0,0,0,871,219,6530,1759,8289,-0.0124451,-0.0332068,-0.999371,1
6297,0,0,0,0,980,244,7521,2174,9695,-0.0107134,-0.0115283,-0.999876,1
6367,0,0,0,0,668,164,7199,1306,8505,-0.0104214,0.00341902,-0.99994,1
4054,0,0,0,0,677,162,4893,1505,6398,-0.0149136,-0.0198587,-0.999692,1
6325,0,0,0,0,978,244,7547,2199,9746,-0.0142879,-0.00858844,-0.999861,1
6478,0,0,0,0,1131,257,7866,1958,9824,-0.0137279,-0.0127381,-0.999825,1
4239,0,0,0,0,678,163,5080,1550,6630,-0.0113139,0.00123511,-0.999935,1
6125,0,0,0,0,991,243,7359,2233,9592,-0.0120677,-0.0144294,-0.999823,1
6327,0,0,0,0,999,254,7580,2086,9666,-0.00974484,-0.0116457,-0.999885,1
6238,0,0,0,0,986,244,7468,2058,9526,-0.00985244,-0.00549258,-0.999936,1
6280,0,0,0,0,986,264,7530,1966,9496,-0.00972529,-0.025327,-0.999632,1
5500,0,0,0,0,875,217,6592,1734,8326,-0.00857837,-0.00101397,-0.999963,1
5995,0,0,0,0,1018,260,7273,1894,9167,-0.0145031,-0.00866722,-0.999857,1
5597,0,0,0,0,893,219,6709,1908,8617,-0.0179794,-0.00273872,-0.999835,1
5499,0,0,0,0,880,215,6594,1900,8494,-0.0150444,0.000134629,-0.999887,1
6205,0,0,0,0,996,242,7443,2129,9572,-0.0111005,-0.0219721,-0.999697,1
6090,0,0,0,0,934,246,7270,2059,9329,-0.00778202,-0.00975345,-0.999922,1
4065,0,0,0,0,639,158,4862,1364,6226,-0.011861,-0.020205,-0.999726,1
3028,0,0,0,0,512,132,3672,1092,4764,-0.0121508,-0.0173575,-0.999775,1
5078,0,0,0,0,836,195,6109,1396,7505,-0.0233902,-0.037218,-0.999033,1
5812,0,0,0,0,939,261,7012,1624,8636,-0.0193715,-0.0567375,-0.998201,1
5754,0,0,0,0,1018,241,7013,1610,8623,-0.0153562,-0.09212,-0.995629,1
4720,0,0,0,0,678,169,5567,848,6415,-0.0283627,-0.0993967,-0.994644,1
5307,0,0,0,0,951,224,6482,1215,7697,-0.0207734,-0.120347,-0.992515,1
5184,0,0,0,0,851,219,6254,1165,7419,-0.0168947,-0.140362,-0.989956,1
5700,0,0,0,0,921,229,6850,1220,8070,-0.0238689,-0.129227,-0.991328,1
5554,0,0,0,0,834,205,6593,1171,7764,-0.0215838,-0.126813,-0.991692,1
5884,0,0,0,0,767,199,6850,1057,7907,-0.0113708,-0.179381,-0.983714,1
5577,0,0,0,0,978,199,6754,1190,7944,0.00814132,-0.208436,-0.978002,1
5935,0,0,0,0,729,186,6850,1373,8223,0.00872533,-0.218323,-0.975838,1
5955,0,0,0,0,691,196,6842,1425,8267,-0.00084876,-0.22396,-0.974598,1
5698,0,0,0,0,665,170,6533,1497,8030,-0.0114829,-0.164072,-0.986382,1
5739,0,0,0,0,666,168,6573,1714,8287,-0.0103364,-0.136326,-0.99061,1
5648,0,0,0,0,736,202,6586,1845,8431,-0.0009744,-0.12827,-0.991739,1
6247,0,0,0,0,749,191,7187,1994,9181,0.00192444,-0.135766,-0.990739,1
5870,0,0,0,0,802,203,6875,2205,9080,-0.00254697,-0.114399,-0.993432,1
5966,0,0,0,0,916,220,7102,2363,9465,-0.00965561,-0.109441,-0.993947,1
6181,0,0,0,0,933,243,7357,2234,9591,-0.0161361,-0.111481,-0.993636,1
6069,0,0,0,0,1024,253,7346,2365,9711,-0.0196749,-0.120535,-0.992514,1
6028,0,0,0,0,1016,262,7306,2234,9540,-0.0163086,-0.111698,-0.993609,1
6071,0,0,0,0,1013,282,7366,2451,9817,-0.0120824,-0.113366,-0.99348,1
5980,0,0,0,0,1032,265,7277,2286,9563,-0.00319293,-0.129936,-0.991517,1
6376,0,0,0,0,1021,268,7665,2092,9757,-0.00333431,-0.131527,-0.991307,1
6768,0,0,0,0,1152,285,8205,1919,10124,0.0164533,-0.224025,-0.974445,1
3026,0,0,0,0,447,111,3584,606,4190,0.00589095,-0.193487,-0.981085,1
2715,0,0,0,0,454,114,3283,909,4192,0.0144925,-0.191622,-0.981362,1
5952,0,0,0,0,1011,263,7226,3091,10317,0.124072,-0.357513,-0.92563,1
6054,0,0,0,0,1052,263,7369,1770,9139,0.175825,-0.471737,-0.864031,1
6201,0,0,0,0,1165,281,7647,1084,8731,-0.0206381,-0.0822658,-0.996397,2
6170,0,0,0,0,1191,296,7657,3012,10669,-0.00155271,-0.193636,-0.981072,2
6292,0,0,0,0,1223,292,7807,1547,9354,0.00713816,-0.0837105,-0.996465,2
7164,0,0,0,0,1317,308,8789,5249,14038,0.00464992,-0.202064,-0.979361,2
4397,0,0,0,0,863,201,5461,1457,6918,0.00281689,-0.0639481,-0.997949,2
6945,0,0,0,0,1167,283,8395,5023,13418,-0.00428477,-0.0670199,-0.997742,2
6852,0,0,0,0,1157,275,8284,4840,13124,-0.0228271,-0.149093,-0.98856,2
3223,0,0,0,0,483,107,3813,2274,6087,-0.0114576,-0.101308,-0.994789,2
2182,0,0,0,0,351,85,2618,2293,4911,-0.00744052,-0.0594116,-0.998206,2
6199,0,0,0,0,1003,257,7459,5815,13274,-0.000204441,-0.0672521,-0.997736,2
6108,0,0,0,0,939,227,7274,4136,11410,0.00839878,-0.0710179,-0.99744,2
3214,0,0,0,0,505,116,3835,2763,6598,0.0115032,-0.0616378,-0.998032,2
7291,0,0,0,0,972,241,8504,4869,13373,0.0218188,-0.0950852,-0.99523,2
5872,0,0,0,0,597,147,6616,3409,10025,0.017794,-0.0705219,-0.997352,2
6690,0,0,0,0,915,270,7875,4601,12476,0.0338291,-0.111306,-0.99321,2
3920,0,0,0,0,456,112,4488,1983,6471,0.0267981,-0.0645876,-0.997552,2
2513,0,0,0,0,376,93,2982,1565,4547,0.019838,-0.0461418,-0.998738,2
5924,0,0,0,0,850,214,6988,3221,10209,0.0228975,-0.0788311,-0.996625,2
6473,0,0,0,0,876,262,7611,3628,11239,0.0192829,-0.0950831,-0.995283,2
4090,0,0,0,0,509,127,4726,2269,6995,0.0101187,-0.101127,-0.994822,2
5908,0,0,0,0,674,168,6750,3049,9799,0.016319,-0.104901,-0.994349,2
6660,0,0,0,0,691,168,7519,2910,10429,0.0424655,-0.126721,-0.991029,2
5844,0,0,0,0,687,171,6702,2947,9649,0.0431782,-0.117995,-0.992075,2
5890,0,0,0,0,795,194,6879,2816,9695,0.0585344,-0.254622,-0.965268,2
5953,0,0,0,0,889,221,7063,2203,9266,0.0594705,-0.213788,-0.975068,2
4215,0,0,0,0,682,174,5071,1716,6787,0.0498477,-0.183127,-0.981825,2
3206,0,0,0,0,566,141,3913,1242,5155,0.0485134,-0.131227,-0.990165,2
6139,0,0,0,0,1158,289,7586,2521,10107,0.0509651,-0.169773,-0.984165,2
6015,0,0,0,0,1198,301,7514,2750,10264,0.0512143,-0.214938,-0.975284,2
5890,0,0,0,0,1238,310,7438,2627,10065,0.0558632,-0.206715,-0.976805,2
5782,0,0,0,0,1414,320,7516,2964,10480,0.0462856,-0.226051,-0.973015,2
5880,0,0,0,0,1310,348,7538,2831,10369,0.0338281,-0.262359,-0.964377,2
6125,0,0,0,0,1345,333,7803,2183,9986,0.0241674,-0.277626,-0.960385,2
5876,0,0,0,0,1259,323,7458,1423,8881,0.0212127,-0.285605,-0.958113,2
5802,0,0,0,0,1210,301,7313,1728,9041,0.0218414,-0.263267,-0.964476,2
6153,0,0,0,0,1268,303,7724,2244,9968,0.0175219,-0.265202,-0.964034,2
6210,0,0,0,0,1308,315,7833,2825,10658,0.024185,-0.280416,-0.959574,2
5563,0,0,0,0,1090,300,6953,2787,9740,0.0350164,-0.372017,-0.927565,2
6101,0,0,0,0,1137,270,7508,1566,9074,0.0189386,-0.225984,-0.973947,2
5904,0,0,0,0,1047,274,7225,2936,10161,0.0231287,-0.239479,-0.970626,2
5930,0,0,0,0,970,235,7135,2050,9185,0.031878,-0.232193,-0.972147,2
6493,0,0,0,0,1099,247,7839,1556,9395,0.0188481,-0.218621,-0.975628,2
5784,0,0,0,0,1146,271,7201,1672,8873,0.0174796,-0.223406,-0.974569,2
5700,0,0,0,0,1691,384,7775,1679,9454,0.0175258,-0.206065,-0.978381,2
5862,0,0,0,0,1220,288,7370,1671,9041,0.018337,-0.168795,-0.985481,2
6770,0,0,0,0,1137,281,8188,2023,10211,0.0447448,-0.206842,-0.977351,2
3942,0,0,0,0,784,186,4912,1525,6437,0.0430457,-0.182002,-0.982355,2
5682,0,0,0,0,1024,280,6986,2165,9151,0.0458798,-0.16334,-0.985503,2
5704,0,0,0,0,962,241,6907,2303,9210,0.0319857,-0.148157,-0.988446,2
5781,0,0,0,0,902,222,6905,1932,8837,0.0396413,-0.174342,-0.983887,2
5885,0,0,0,0,897,227,7009,1870,8879,0.0267481,-0.143339,-0.989312,2
5815,0,0,0,0,849,214,6878,1978,8856,0.0330215,-0.134471,-0.990367,2
6099,0,0,0,0,852,210,7161,1884,9045,0.0414927,-0.132468,-0.990319,2
5742,0,0,0,0,815,207,6764,1745,8509,0.0454971,-0.122363,-0.991442,2
5631,0,0,0,0,758,192,6581,1364,7945,0.0483119,-0.123266,-0.991197,2
5745,0,0,0,0,790,220,6755,1451,8206,0.0489145,-0.112468,-0.992451,2
6012,0,0,0,0,846,223,7081,1535,8616,0.0469335,-0.114546,-0.992309,2
5992,0,0,0,0,910,251,7153,1572,8725,0.0325789,-0.110101,-0.993386,2
6097,0,0,0,0,1001,255,7353,1636,8989,0.0261359,-0.118174,-0.992649,2
6127,0,0,0,0,687,171,6985,1071,8056,0.0118872,-0.105241,-0.994376,2
4353,0,0,0,0,728,176,5257,1080,6337,0.0154671,-0.103865,-0.994471,2
5889,0,0,0,0,986,249,7124,1427,8551,0.015372,-0.104921,-0.994362,2
7756,0,0,0,0,1164,293,9213,1676,10889,0.0276673,-0.13085,-0.991016,2
6257,0,0,0,0,1069,264,7590,1662,9252,0.0165864,-0.135589,-0.990626,2
6242,0,0,0,0,1092,270,7604,1394,8998,0.0161754,-0.145493,-0.989227,2
6221,0,0,0,0,1137,339,7697,1675,9372,0.0160994,-0.100946,-0.994762,2
6310,0,0,0,0,1105,280,7695,1879,9574,0.036211,-0.111577,-0.993096,2
7169,0,0,0,0,1280,322,8771,1884,10655,0.0979654,-0.224611,-0.969512,2
5106,0,0,0,0,792,197,6095,1049,7144,0.0414864,-0.11982,-0.991929,2
2645,0,0,0,0,540,105,3290,611,3901,0.049293,-0.131716,-0.990061,2
2591,0,0,0,0,484,119,3194,511,3705,0.0194019,-0.056773,-0.998198,2
6652,0,0,0,0,1217,298,8167,1512,9679,0.0302185,-0.0770547,-0.996569,2
6370,0,0,0,0,1235,306,7911,2804,10715,0.0283756,-0.104353,-0.994136,2
6266,0,0,0,0,1202,283,7751,4152,11903,0.0137308,-0.100854,-0.994807,2
5794,0,0,0,0,1108,293,7195,4385,11580,0.00158814,-0.0948981,-0.995486,2
6999,0,0,0,0,1177,282,8458,5165,13623,0.0205033,-0.216183,-0.976138,2
4352,0,0,0,0,581,134,5067,3005,8072,0.0195613,-0.204285,-0.978716,2
2203,0,0,0,0,327,80,2610,1846,4456,0.0144279,-0.114564,-0.993311,2
2049,0,0,0,0,307,76,2432,1717,4149,0.0116396,-0.0838872,-0.996407,2
6100,0,0,0,0,892,250,7242,4351,11593,0.00103695,-0.130738,-0.991416,2
6108,0,0,0,0,912,223,7243,3764,11007,0.00591781,-0.135136,-0.99081,2
3979,0,0,0,0,590,145,4714,2479,7193,0.00770682,-0.133125,-0.991069,2
5196,0,0,0,0,706,173,6075,2840,8915,0.000928592,-0.130836,-0.991403,2
5805,0,0,0,0,708,178,6691,2919,9610,0.00808784,-0.129939,-0.991489,2
6139,0,0,0,0,674,171,6984,2529,9513,0.0340196,-0.131984,-0.990668,2
5817,0,0,0,0,652,165,6634,2468,9102,0.0400156,-0.116998,-0.992326,2
5944,0,0,0,0,648,170,6762,2406,9168,0.0478566,-0.108318,-0.992964,2
6165,0,0,0,0,706,180,7051,2434,9485,0.0656914,-0.131992,-0.989072,2
5750,0,0,0,0,803,194,6747,1936,8683,0.0704478,-0.129336,-0.989095,2
6629,0,0,0,0,807,207,7643,1226,8869,0.0641479,-0.154343,-0.985933,2
5762,0,0,0,0,881,240,6883,1067,7950,0.0718941,-0.195555,-0.978054,2
6034,0,0,0,0,1004,255,7293,1214,8507,0.0670815,-0.202987,-0.976881,2
5967,0,0,0,0,1148,319,7434,1230,8664,0.0591,-0.203763,-0.977235,2
6443,0,0,0,0,1272,324,8039,1151,9190,0.0723989,-0.18942,-0.979223,2
5851,0,0,0,0,1282,338,7471,1149,8620,0.0690103,-0.195141,-0.978344,2
5842,0,0,0,0,1297,330,7469,1162,8631,0.0613481,-0.190224,-0.979822,2
6531,0,0,0,0,1526,368,8425,1286,9711,0.0408802,-0.183939,-0.982087,2
6316,0,0,0,0,1256,322,7894,1333,9227,0.0359866,-0.186522,-0.981792,2
6023,0,0,0,0,1427,326,7776,1181,8957,0.0329624,-0.224724,-0.973865,2
5241,0,0,0,0,1165,296,6702,1045,7747,0.0337339,-0.224456,-0.9739,2
6858,0,0,0,0,1515,389,8762,1338,10100,0.013438,-0.231085,-0.972841,2
7323,0,0,0,0,1866,439,9628,2658,12286,0.0249881,-0.286942,-0.957622,2
3738,0,0,0,0,748,181,4667,1631,6298,0.0163973,-0.21816,-0.975775,2
2386,0,0,0,0,489,122,2997,1071,4068,0.0250114,-0.171554,-0.984857,2
6197,0,0,0,0,1351,355,7903,2746,10649,0.0254744,-0.175503,-0.984149,2
6930,0,0,0,0,1406,317,8653,2717,11370,0.009202,-0.163125,-0.986563,2
4206,0,0,0,0,868,213,5287,1992,7279,0.0111066,-0.137669,-0.990416,2
6463,0,0,0,0,1346,300,8109,2957,11066,0.00824955,-0.129154,-0.99159,2
6383,0,0,0,0,1408,295,8086,2950,11036,-0.00355621,-0.108854,-0.994051,2
4050,0,0,0,0,786,187,5023,2127,7150,-0.00593259,-0.0854988,-0.99632,2
5842,0,0,0,0,1086,266,7194,2724,9918,-0.00703094,-0.0769668,-0.997009,2
6892,0,0,0,0,992,247,8131,2445,10576,-0.0103459,-0.0650037,-0.997831,2
5989,0,0,0,0,996,269,7254,3049,10303,-0.00984304,-0.0608197,-0.9981,2
6026,0,0,0,0,1051,255,7332,2992,10324,-0.0113308,-0.0556566,-0.998386,2
5917,0,0,0,0,1086,251,7254,3495,10749,-0.0298684,-0.0565836,-0.997951,2
4168,0,0,0,0,592,128,4888,1873,6761,-0.0253402,-0.0425696,-0.998772,2
2512,0,0,0,0,416,102,3030,1414,4444,-0.0121579,-0.0356928,-0.999289,2
2758,0,0,0,0,465,115,3338,1493,4831,-0.0170557,-0.0292931,-0.999425,2
5839,0,0,0,0,996,251,7086,3567,10653,-0.00635072,-0.021438,-0.99975,2
5733,0,0,0,0,1008,243,6984,3897,10881,-0.00437077,-0.015121,-0.999876,2
6046,0,0,0,0,1058,268,7372,3685,11057,-0.00219419,-0.010524,-0.999942,2
5863,0,0,0,0,1022,298,7183,3681,10864,0.00128098,-0.0121063,-0.999926,2
5912,0,0,0,0,1080,180,7172,2337,9509,-0.00193783,-0.0183161,-0.99983,2
2992,0,0,0,0,449,110,3551,1626,5177,-0.00231443,-0.0233182,-0.999725,2
2362,0,0,0,0,448,109,2919,1562,4481,-0.00428154,-0.0273977,-0.999615,2
6455,0,0,0,0,1071,261,7787,3644,11431,-0.00497503,-0.0355745,-0.999355,2
5971,0,0,0,0,1081,263,7315,3810,11125,-0.00610288,-0.0389793,-0.999221,2
5311,0,0,0,0,968,258,6537,2691,9228,-0.0146549,-0.0429704,-0.998969,2
5733,0,0,0,0,1257,260,7250,2893,10143,-0.0141075,-0.0511671,-0.99859,2
5228,0,0,0,0,955,236,6419,2748,9167,-0.0207537,-0.0413706,-0.998929,2
5904,0,0,0,0,977,247,7128,3050,10178,-0.015711,-0.0247854,-0.999569,2
5344,0,0,0,0,981,230,6555,2812,9367,-0.0232222,-0.0142328,-0.999629,2
6013,0,0,0,0,1098,287,7398,3294,10692,-0.0189725,-0.000499312,-0.99982,2
3714,0,0,0,0,568,138,4420,2075,6495,-0.0143942,-0.0122684,-0.999821,2
2489,0,0,0,0,454,110,3053,1744,4797,-0.0155134,-0.0121117,-0.999806,2
6256,0,0,0,0,1070,293,7619,3863,11482,-0.0155339,-0.0117983,-0.99981,2
6017,0,0,0,0,1099,316,7432,4143,11575,-0.0183628,-0.00911503,-0.99979,2
5395,0,0,0,0,954,236,6585,4033,10618,-0.0153064,-0.0123001,-0.999807,2
5380,0,0,0,0,951,253,6584,3433,10017,-0.021028,-0.0232302,-0.999509,2
5995,0,0,0,0,1087,291,7373,4107,11480,-0.0171703,-0.0255564,-0.999526,2
6829,0,0,0,0,1123,266,8218,3038,11256,-0.0208993,-0.0260732,-0.999442,2
4162,0,0,0,0,729,178,5069,2668,7737,-0.0138333,-0.0297725,-0.999461,2
5996,0,0,0,0,1071,259,7326,4136,11462,-0.0143021,-0.0267224,-0.999541,2
5868,0,0,0,0,1036,255,7159,3786,10945,-0.0104622,-0.0284577,-0.99954,2
6087,0,0,0,0,1098,253,7438,4037,11475,-0.00955681,-0.0244142,-0.999656,2
5895,0,0,0,0,1064,252,7211,4143,11354,-0.00844841,-0.0240768,-0.999674,2
6031,0,0,0,0,1039,257,7327,4074,11401,-0.0100236,-0.0265879,-0.999596,2
6814,0,0,0,0,1169,288,8271,4124,12395,-0.0218062,-0.0281681,-0.999365,2
5315,0,0,0,0,932,228,6475,3437,9912,-0.0196115,-0.0259989,-0.99947,2
5957,0,0,0,0,1018,265,7240,3682,10922,-0.014879,-0.0260982,-0.999549,2
5845,0,0,0,0,1023,250,7118,3935,11053,-0.00896163,-0.027662,-0.999577,2
5950,0,0,0,0,1053,252,7255,4411,11666,-0.00474152,-0.0251204,-0.999673,2
5941,0,0,0,0,1012,249,7202,3855,11057,-0.00254306,-0.0221252,-0.999752,2
4003,0,0,0,0,533,130,4666,1881,6547,0.00129524,-0.0236324,-0.99972,2
6852,0,0,0,0,1181,358,8391,4029,12420,-0.000700761,-0.0281175,-0.999604,2
3865,0,0,0,0,534,131,4530,1947,6477,-0.000667166,-0.0280585,-0.999606,2
2485,0,0,0,0,435,105,3025,1589,4614,-0.00138979,-0.0277586,-0.999613,2
6774,0,0,0,0,1063,252,8089,2734,10823,-0.00201916,-0.0268628,-0.999637,2
4112,0,0,0,0,732,173,5017,2577,7594,-0.00264565,-0.0270691,-0.99963,2
6886,0,0,0,0,1185,276,8347,4228,12575,-0.00406799,-0.026662,-0.999636,2
6232,0,0,0,0,1510,315,8057,3330,11387,-0.0024563,-0.0266716,-0.999641,2
