Downsample[ns],BuildFilTree[ns],SearchFil[ns],DeleteFil[ns],BuildTreeSub[ns],SearchSub[ns],DeleteSub[ns],PreProcTotal[ns],Plane[ns],Total[ns],nx,ny,nz,planeCount
9243,0,0,0,0,1400,675,11318,3199,14517,-0.00451229,0.0335361,-0.999427,0
6732,0,0,0,0,1285,281,8298,1139,9437,-0.004346,0.030205,-0.999534,0
6705,0,0,0,0,1182,281,8168,1140,9308,-0.00456964,0.0288282,-0.999574,0
6731,0,0,0,0,1183,281,8195,1104,9299,-0.00422527,0.0274504,-0.999614,0
6676,0,0,0,0,777,186,7639,781,8420,-0.00543146,0.0268359,-0.999625,0
6703,0,0,0,0,1188,296,8187,1134,9321,-0.00473461,0.0259728,-0.999651,0
6937,0,0,0,0,844,191,7972,755,8727,-0.00574048,0.0248447,-0.999675,0
6637,0,0,0,0,1207,282,8126,1081,9207,-0.00510372,0.0253251,-0.999666,0
10178,0,0,0,0,1758,368,12304,1435,13739,-0.00788583,0.0311324,-0.999484,0
4680,0,0,0,0,788,186,5654,807,6461,-0.00437173,0.0324086,-0.999465,0
6741,0,0,0,0,1170,280,8191,1195,9386,-0.00327411,0.0312643,-0.999506,0
6822,0,0,0,0,1178,283,8283,1099,9382,-0.00416565,0.0286038,-0.999582,0
6131,0,0,0,0,1045,250,7426,987,8413,-0.00528649,0.0264608,-0.999636,0
6869,0,0,0,0,1196,298,8363,1147,9510,-0.00496471,0.0258616,-0.999653,0
6966,0,0,0,0,1178,308,8452,1167,9619,-0.00636364,0.0251484,-0.999663,0
4501,0,0,0,0,833,192,5526,767,6293,-0.00591227,0.0259039,-0.999647,0
5005,0,0,0,0,801,190,5996,809,6805,-0.00481763,0.0249726,-0.999676,0
6116,0,0,0,0,1045,263,7424,1045,8469,-0.00608723,0.0250248,-0.999668,0
7016,0,0,0,0,1200,288,8504,1213,9717,-0.00308581,0.0233928,-0.999722,0
6866,0,0,0,0,1223,289,8378,1023,9401,-0.00602423,0.0247894,-0.999675,0
6852,0,0,0,0,1267,290,8409,1235,9644,-0.0032149,0.0235513,-0.999717,0
7663,0,0,0,0,1186,287,9136,1208,10344,-0.0044785,0.0262191,-0.999646,0
4593,0,0,0,0,795,188,5576,842,6418,-0.00439536,0.0268056,-0.999631,0
7718,0,0,0,0,1315,287,9320,1245,10565,-0.00650298,0.0267265,-0.999622,0
6906,0,0,0,0,1259,288,8453,944,9397,-0.00407288,0.0259762,-0.999654,0
5067,0,0,0,0,832,192,6091,886,6977,-0.00495568,0.0286962,-0.999576,0
7681,0,0,0,0,1255,288,9224,1265,10489,-0.0070639,0.0274822,-0.999597,0
6991,0,0,0,0,980,193,8164,873,9037,-0.00981193,0.0308552,-0.999476,0
6519,0,0,0,0,1076,254,7849,1020,8869,-0.0100669,0.0297313,-0.999507,0
6027,0,0,0,0,1054,250,7331,1132,8463,-0.00842696,0.0295783,-0.999527,0
6924,0,0,0,0,1200,316,8440,1187,9627,-0.00800179,0.0295725,-0.999531,0
6590,0,0,0,0,801,189,7580,809,8389,-0.00823167,0.0308815,-0.999489,0
4285,0,0,0,0,736,183,5204,798,6002,-0.00828598,0.0317501,-0.999461,0
7231,0,0,0,0,1201,291,8723,1228,9951,-0.00671919,0.0316434,-0.999477,0
6788,0,0,0,0,1207,288,8283,1194,9477,-0.00569784,0.0310112,-0.999503,0
6837,0,0,0,0,1210,289,8336,1228,9564,-0.00618077,0.0303159,-0.999521,0
6737,0,0,0,0,1214,287,8238,1206,9444,-0.00352547,0.0274754,-0.999616,0
7159,0,0,0,0,1199,290,8648,1277,9925,-0.00706775,0.0283697,-0.999573,0
4589,0,0,0,0,801,192,5582,823,6405,-0.00850405,0.029568,-0.999527,0
7042,0,0,0,0,1180,287,8509,1241,9750,-0.00986448,0.0317625,-0.999447,0
7576,0,0,0,0,1206,291,9073,1247,10320,-0.00798982,0.0324745,-0.999441,0
6795,0,0,0,0,1193,283,8271,1252,9523,-0.00848027,0.0331749,-0.999414,0
6927,0,0,0,0,1204,293,8424,1241,9665,-0.00803212,0.0302804,-0.999509,0
6831,0,0,0,0,943,189,7963,780,8743,-0.00828424,0.0280942,-0.999571,0
4570,0,0,0,0,810,193,5573,857,6430,-0.00903243,0.0265401,-0.999607,0
7102,0,0,0,0,1204,295,8601,1287,9888,-0.00380615,0.0257317,-0.999662,0
7199,0,0,0,0,1269,286,8754,1296,10050,0.00411503,0.0268003,-0.999632,0
7959,0,0,0,0,1248,299,9506,1254,10760,0.00380738,0.0275731,-0.999613,0
6811,0,0,0,0,1222,293,8326,1106,9432,-0.00329086,0.0274071,-0.999619,0
6186,0,0,0,0,1103,283,7572,1204,8776,-0.0068122,0.0294606,-0.999543,0
6851,0,0,0,0,1311,300,8462,1388,9850,-0.00761212,0.0284262,-0.999567,0
6828,0,0,0,0,1238,292,8358,1332,9690,-0.00467355,0.0304317,-0.999526,0
6982,0,0,0,0,1248,336,8566,1232,9798,-0.00509444,0.0342643,-0.9994,0
6042,0,0,0,0,1119,264,7425,1081,8506,-0.00654667,0.0347332,-0.999375,0
6861,0,0,0,0,1282,301,8444,1255,9699,-0.00680339,0.0344936,-0.999382,0
6803,0,0,0,0,1242,296,8341,1391,9732,-0.00940786,0.0358079,-0.999314,0
1959,0,0,0,0,354,85,2398,377,2775,-0.00676069,0.0361185,-0.999325,0
6871,0,0,0,0,1345,299,8515,1303,9818,-0.00657838,0.0390736,-0.999215,0
6916,0,0,0,0,1320,295,8531,1248,9779,-0.00812951,0.0443418,-0.998983,0
5006,0,0,0,0,825,193,6024,802,6826,-0.00786868,0.0440873,-0.998997,0
6780,0,0,0,0,1204,285,8269,1218,9487,-0.00713001,0.0447182,-0.998974,0
7750,0,0,0,0,1260,291,9301,1133,10434,-0.00788786,0.0432842,-0.999032,0
7411,0,0,0,0,1256,291,8958,1140,10098,-0.0089172,0.0387465,-0.999209,0
6690,0,0,0,0,1249,297,8236,1162,9398,-0.00892661,0.0359351,-0.999314,0
6893,0,0,0,0,1208,286,8387,1189,9576,-0.00829428,0.0347098,-0.999363,0
6781,0,0,0,0,1205,285,8271,1121,9392,-0.00858967,0.033608,-0.999398,0
6880,0,0,0,0,1250,292,8422,1191,9613,-0.00701239,0.0326708,-0.999442,0
6686,0,0,0,0,951,218,7855,816,8671,-0.00584131,0.0323311,-0.99946,0
6017,0,0,0,0,1181,261,7459,1134,8593,-0.00676166,0.0329255,-0.999435,0
7437,0,0,0,0,1078,290,8805,1105,9910,-0.0104923,0.033017,-0.9994,0
5403,0,0,0,0,994,227,6624,940,7564,-0.00801802,0.0342311,-0.999382,0
6888,0,0,0,0,1091,259,8238,1088,9326,-0.00738939,0.0344176,-0.99938,0
6357,0,0,0,0,1076,256,7689,1131,8820,-0.004327,0.0337184,-0.999422,0
6740,0,0,0,0,1216,319,8275,1228,9503,-0.00459151,0.0332095,-0.999438,0
7562,0,0,0,0,1216,286,9064,1210,10274,-0.00619725,0.034763,-0.999376,0
6667,0,0,0,0,1232,287,8186,1162,9348,-0.00589887,0.0326861,-0.999448,0
7021,0,0,0,0,1095,209,8325,796,9121,-0.00494852,0.0315213,-0.999491,0
4521,0,0,0,0,803,191,5515,790,6305,-0.0066124,0.0327854,-0.999441,0
6969,0,0,0,0,1274,292,8535,1173,9708,-0.00591781,0.0340748,-0.999402,0
7543,0,0,0,0,1195,289,9027,1143,10170,-0.00693417,0.0348513,-0.999369,0
5933,0,0,0,0,1086,255,7274,987,8261,-0.00679585,0.0379958,-0.999255,0
6705,0,0,0,0,1280,290,8275,1163,9438,-0.00697604,0.042119,-0.999088,0
6687,0,0,0,0,1187,278,8152,1063,9215,-0.00873014,0.0494966,-0.998736,0
6834,0,0,0,0,1184,300,8318,903,9221,-0.00727196,0.054584,-0.998483,0
6730,0,0,0,0,1170,277,8177,785,8962,-0.00989287,0.066924,-0.997709,0
6884,0,0,0,0,1202,277,8363,756,9119,-0.00522594,0.0805771,-0.996735,0
6763,0,0,0,0,1167,289,8219,637,8856,-0.00555412,0.101777,-0.994792,0
6626,0,0,0,0,1073,263,7962,591,8553,-0.00351969,0.101472,-0.994832,0
6490,0,0,0,0,1065,256,7811,650,8461,-0.0110835,0.11757,-0.993003,0
6789,0,0,0,0,1128,258,8175,791,8966,-0.0016012,0.121656,-0.992571,0
4408,0,0,0,0,722,166,5296,514,5810,-0.0110137,0.112915,-0.993544,0
6692,0,0,0,0,962,256,7910,743,8653,-0.0246956,0.115474,-0.993004,0
6512,0,0,0,0,875,205,7592,751,8343,-0.0456014,0.136858,-0.989541,0
6601,0,0,0,0,818,195,7614,718,8332,-0.0219721,0.120627,-0.992455,0
6558,0,0,0,0,820,190,7568,772,8340,-0.0142725,0.14225,-0.989728,0
4311,0,0,0,0,499,119,4929,496,5425,-0.002748,0.154692,-0.987959,0
6385,0,0,0,0,687,165,7237,794,8031,-0.00711874,0.166321,-0.986046,0
6966,0,0,0,0,845,250,8061,929,8990,-0.0222983,0.180422,-0.983337,0
5609,0,0,0,0,606,162,6377,752,7129,-0.0120024,0.174639,-0.984559,0
5646,0,0,0,0,525,129,6300,731,7031,-0.0189903,0.166343,-0.985885,0
5591,0,0,0,0,469,119,6179,704,6883,-0.0213259,0.172606,-0.98476,0
5642,0,0,0,0,433,106,6181,758,6939,-0.0140481,0.175,-0.984468,0
5321,0,0,0,0,365,91,5777,688,6465,0.00707764,0.155447,-0.987819,0
6027,0,0,0,0,379,97,6503,802,7305,0.0168668,0.131675,-0.99115,0
6753,0,0,0,0,474,94,7321,728,8049,0.0178233,0.163269,-0.986421,0
6363,0,0,0,0,347,95,6805,685,7490,0.00864562,0.134071,-0.990934,0
6651,0,0,0,0,327,90,7068,687,7755,-0.0117257,0.173939,-0.984687,0
6349,0,0,0,0,347,97,6793,829,7622,-0.016184,0.156081,-0.987612,0
6309,0,0,0,0,385,105,6799,515,7314,-0.00754421,0.134539,-0.99088,0
5641,0,0,0,0,371,99,6111,594,6705,-0.0157085,0.144778,-0.98934,0
6723,0,0,0,0,457,126,7306,595,7901,-0.0182319,0.148036,-0.988814,0
6471,0,0,0,0,725,195,7391,643,8034,-0.0234181,0.143303,-0.989402,0
6568,0,0,0,0,598,159,7325,634,7959,-0.0129745,0.142353,-0.989731,0
6862,0,0,0,0,666,165,7693,549,8242,-0.00511177,0.130167,-0.991479,0
6835,0,0,0,0,1063,218,8116,663,8779,-0.00510204,0.192227,-0.981337,0
6759,0,0,0,0,819,194,7772,503,8275,0.0268026,-0.000821441,-0.99964,0
7937,0,0,0,0,905,221,9063,1151,10214,-0.00321839,0.106481,-0.99431,0
7154,0,0,0,0,968,241,8363,1317,9680,-0.0173054,0.173353,-0.984708,0
7085,0,0,0,0,1083,303,8471,1314,9785,0.000484739,0.222319,-0.974974,0
7199,0,0,0,0,1256,292,8747,829,9576,-0.0167298,0.112914,-0.993464,0
7666,0,0,0,0,1267,311,9244,799,10043,-0.0115004,0.148699,-0.988816,0
7608,0,0,0,0,1283,302,9193,1210,10403,-0.00904435,0.155509,-0.987793,0
5381,0,0,0,0,767,193,6341,888,7229,0.00176079,0.122273,-0.992495,0
7178,0,0,0,0,1042,248,8468,1267,9735,0.0182676,0.14403,-0.989405,0
6134,0,0,0,0,795,191,7120,1428,8548,-0.000579237,0.147358,-0.989083,0
6765,0,0,0,0,739,172,7676,1561,9237,-0.00201795,0.135727,-0.990744,0
6741,0,0,0,0,921,192,7854,1524,9378,-0.00886261,0.155392,-0.987813,0
6595,0,0,0,0,573,136,7304,1395,8699,-0.0137328,0.154689,-0.987868,0
6457,0,0,0,0,536,137,7130,1276,8406,-0.017041,0.195735,-0.980509,0
4260,0,0,0,0,264,63,4587,584,5171,-0.0246105,0.182436,-0.98291,0
6603,0,0,0,0,578,131,7312,1310,8622,-0.0301769,0.257929,-0.965693,0
6558,0,0,0,0,853,176,7587,1437,9024,-0.0341848,0.218875,-0.975154,0
6238,0,0,0,0,354,88,6680,807,7487,-0.0277005,0.260319,-0.965125,0
6914,0,0,0,0,598,148,7660,1077,8737,-0.0039174,0.293345,-0.955999,0
6489,0,0,0,0,548,135,7172,1305,8477,-0.0136025,0.25768,-0.966135,0
6643,0,0,0,0,583,144,7370,1177,8547,-0.0144305,0.287884,-0.957557,0
6600,0,0,0,0,669,192,7461,994,8455,-0.0244166,0.292148,-0.956061,0
6927,0,0,0,0,787,191,7905,987,8892,-0.0257966,0.346255,-0.937786,0
6865,0,0,0,0,887,213,7965,1121,9086,-0.0102078,0.377573,-0.925923,0
6756,0,0,0,0,1011,243,8010,838,8848,-0.00298782,0.427175,-0.904164,0
7058,0,0,0,0,1204,276,8538,956,9494,0.00818067,0.38239,-0.923965,0
7179,0,0,0,0,1289,299,8767,995,9762,0.00322522,0.361037,-0.932546,0
5123,0,0,0,0,800,192,6115,569,6684,0.0137983,0.310595,-0.950442,0
6707,0,0,0,0,1011,237,7955,860,8815,0.0264228,0.332227,-0.942829,0
6785,0,0,0,0,938,221,7944,876,8820,0.0147589,0.349473,-0.93683,0
6855,0,0,0,0,828,187,7870,829,8699,0.0290842,0.290792,-0.956344,0
6636,0,0,0,0,691,168,7495,711,8206,0.0367599,0.279722,-0.959377,0
6621,0,0,0,0,697,188,7506,745,8251,0.0298438,0.228409,-0.973108,0
6408,0,0,0,0,629,155,7192,878,8070,0.0203985,0.243821,-0.969606,0
6517,0,0,0,0,566,134,7217,960,8177,0.0176254,0.202516,-0.97912,0
6432,0,0,0,0,492,120,7044,953,7997,0.00850299,0.222526,-0.97489,0
6391,0,0,0,0,408,101,6900,887,7787,0.0120904,0.18387,-0.982876,0
9172,0,0,0,0,440,100,9712,879,10591,0.00962807,0.216457,-0.976245,0
5679,0,0,0,0,259,59,5997,693,6690,0.00994199,0.168418,-0.985666,0
5375,0,0,0,0,297,78,5750,898,6648,0.0108306,0.219694,-0.975509,0
5375,0,0,0,0,314,82,5771,1157,6928,0.0152117,0.186153,-0.982403,0
6139,0,0,0,0,423,113,6675,1218,7893,0.00343113,0.225126,-0.974324,0
6491,0,0,0,0,469,140,7100,1050,8150,0.0227844,0.13389,-0.990734,0
6920,0,0,0,0,616,160,7696,1018,8714,-0.00196549,0.205797,-0.978593,0
6582,0,0,0,0,538,141,7261,780,8041,0.0139168,0.137423,-0.990415,0
7452,0,0,0,0,608,159,8219,777,8996,0.0115874,0.156697,-0.987579,0
6656,0,0,0,0,670,170,7496,631,8127,0.0163936,0.16803,-0.985645,0
7026,0,0,0,0,735,190,7951,584,8535,0.0312056,0.170095,-0.984934,0
6713,0,0,0,0,784,204,7701,523,8224,0.0194186,0.212828,-0.976897,0
6857,0,0,0,0,872,215,7944,543,8487,0.0214799,0.0227115,-0.999511,0
7073,0,0,0,0,974,277,8324,1173,9497,0.0125831,0.122119,-0.992436,0
4740,0,0,0,0,728,174,5642,631,6273,0.018356,0.161606,-0.986685,0
7436,0,0,0,0,1226,293,8955,855,9810,0.0553189,0.103754,-0.993063,0
7416,0,0,0,0,1448,321,9185,704,9889,0.0257619,0.122865,-0.992089,0
4855,0,0,0,0,961,225,6041,462,6503,0.052972,0.132707,-0.989739,0
4915,0,0,0,0,982,231,6128,587,6715,0.0362678,0.110112,-0.993257,0
7446,0,0,0,0,1433,339,9218,1234,10452,0.033664,0.134153,-0.990389,0
7276,0,0,0,0,1485,247,9008,1037,10045,0.0444064,0.153518,-0.987148,0
4675,0,0,0,0,836,210,5721,1003,6724,0.048058,0.125818,-0.990889,0
7514,0,0,0,0,1164,262,8940,1618,10558,0.0419042,0.155107,-0.987008,0
6771,0,0,0,0,899,212,7882,1541,9423,0.0182997,0.146849,-0.98899,0
6750,0,0,0,0,770,184,7704,1537,9241,0.00129607,0.160671,-0.987007,0
6587,0,0,0,0,989,221,7797,1437,9234,-0.0258898,0.162068,-0.98644,0
6661,0,0,0,0,654,152,7467,1258,8725,-0.0365904,0.195162,-0.980088,0
4293,0,0,0,0,382,89,4764,784,5548,-0.0397941,0.150798,-0.987763,0
6517,0,0,0,0,580,134,7231,1041,8272,-0.0608229,0.206879,-0.976474,0
6704,0,0,0,0,605,146,7455,795,8250,-0.0602228,0.167111,-0.984097,0
4453,0,0,0,0,429,101,4983,590,5573,-0.0522602,0.192387,-0.979927,0
6619,0,0,0,0,649,155,7423,851,8274,-0.0621355,0.211907,-0.975313,0
6560,0,0,0,0,444,101,7105,568,7673,-0.0777279,0.262816,-0.96171,0
4324,0,0,0,0,413,104,4841,551,5392,-0.0696661,0.251444,-0.965361,0
6771,0,0,0,0,673,174,7618,856,8474,-0.0900696,0.280523,-0.955612,0
6914,0,0,0,0,998,153,8065,568,8633,-0.082296,0.247763,-0.965319,0
4567,0,0,0,0,538,148,5253,525,5778,-0.0860811,0.233738,-0.968481,0
7767,0,0,0,0,933,226,8926,969,9895,-0.101467,0.233321,-0.967091,0
6943,0,0,0,0,1089,245,8277,787,9064,-0.119661,0.269352,-0.955579,0
7681,0,0,0,0,1524,331,9536,798,10334,-0.118776,0.288778,-0.95,0
4729,0,0,0,0,887,208,5824,699,6523,-0.0971468,0.27354,-0.956942,0
7222,0,0,0,0,1471,347,9040,1057,10097,-0.106705,0.305362,-0.946239,0
7194,0,0,0,0,1487,315,8996,817,9813,-0.122122,0.31373,-0.941626,0
7004,0,0,0,0,1194,278,8476,896,9372,-0.115812,0.294118,-0.948727,0
4929,0,0,0,0,824,172,5925,739,6664,-0.0802379,0.235011,-0.968675,0
6818,0,0,0,0,883,205,7906,871,8777,-0.101482,0.287606,-0.952357,0
6763,0,0,0,0,806,186,7755,826,8581,-0.111643,0.286185,-0.951648,0
6684,0,0,0,0,770,206,7660,695,8355,-0.103673,0.264691,-0.958744,0
6593,0,0,0,0,655,159,7407,795,8202,-0.10489,0.263195,-0.959024,0
6450,0,0,0,0,637,146,7233,846,8079,-0.120917,0.23708,-0.963936,0
6404,0,0,0,0,503,122,7029,864,7893,-0.120217,0.229369,-0.965887,0
6250,0,0,0,0,461,112,6823,821,7644,-0.0738964,0.174247,-0.981925,0
6319,0,0,0,0,406,104,6829,965,7794,-0.0719749,0.18162,-0.980731,0
6231,0,0,0,0,391,100,6722,842,7564,-0.0447144,0.14382,-0.988593,0
6239,0,0,0,0,619,141,6999,973,7972,-0.0764833,0.160025,-0.984146,0
4156,0,0,0,0,296,74,4526,649,5175,-0.0764017,0.143267,-0.986731,0
6564,0,0,0,0,504,148,7216,921,8137,-0.0966833,0.175245,-0.979766,0
6556,0,0,0,0,605,149,7310,824,8134,-0.0496787,0.125642,-0.990831,0
6673,0,0,0,0,642,166,7481,872,8353,-0.0657647,0.179102,-0.98163,0
6682,0,0,0,0,751,185,7618,731,8349,-0.042873,0.151235,-0.987568,0
6809,0,0,0,0,815,211,7835,568,8403,-0.0684881,0.191998,-0.979003,0
6981,0,0,0,0,907,254,8142,607,8749,-0.0354065,0.140294,-0.989477,0
6783,0,0,0,0,1038,256,8077,780,8857,-0.119381,0.235317,-0.964559,0
7134,0,0,0,0,1258,290,8682,816,9498,-0.134069,0.200352,-0.970507,0
7927,0,0,0,0,1385,219,9531,384,9915,-0.0672408,0.12353,-0.99006,0
8051,0,0,0,0,1461,306,9818,535,10353,-0.103973,0.14542,-0.983892,0
7896,0,0,0,0,1562,380,9838,750,10588,-0.115223,0.14999,-0.98195,0
5059,0,0,0,0,1244,290,6593,810,7403,-0.0859596,0.122941,-0.988684,0
7428,0,0,0,0,1462,332,9222,1178,10400,-0.0777913,0.137112,-0.987496,0
7386,0,0,0,0,1288,304,8978,1476,10454,-0.0919659,0.14939,-0.984492,0
7183,0,0,0,0,1077,260,8520,1388,9908,-0.0896844,0.15395,-0.984,0
7000,0,0,0,0,956,220,8176,1601,9777,-0.0570977,0.105196,-0.992811,0
6757,0,0,0,0,865,196,7818,1690,9508,-0.092436,0.14054,-0.985751,0
6702,0,0,0,0,765,174,7641,1295,8936,-0.0811704,0.104663,-0.99119,0
6737,0,0,0,0,682,163,7582,1248,8830,-0.0992795,0.119146,-0.987901,0
6824,0,0,0,0,669,162,7655,1137,8792,-0.094215,0.113197,-0.989096,0
7427,0,0,0,0,676,167,8270,1066,9336,-0.132857,0.152025,-0.979407,0
6749,0,0,0,0,682,165,7596,1021,8617,-0.143946,0.162493,-0.976153,0
6780,0,0,0,0,689,171,7640,895,8535,-0.155318,0.203582,-0.966659,0
6703,0,0,0,0,713,172,7588,850,8438,-0.144192,0.203681,-0.968361,0
6652,0,0,0,0,700,174,7526,817,8343,-0.145881,0.223377,-0.963754,0
6625,0,0,0,0,713,179,7517,809,8326,-0.118775,0.179863,-0.976495,0
6842,0,0,0,0,756,220,7818,852,8670,-0.142831,0.21926,-0.965155,0
6857,0,0,0,0,817,209,7883,827,8710,-0.153338,0.232659,-0.960394,0
7748,0,0,0,0,945,235,8928,877,9805,-0.160821,0.237674,-0.957939,0
7101,0,0,0,0,1092,284,8477,857,9334,-0.164904,0.248978,-0.954367,0
7021,0,0,0,0,1091,269,8381,772,9153,-0.178907,0.284405,-0.941863,0
7195,0,0,0,0,1238,298,8731,824,9555,-0.157419,0.24621,-0.956347,0
7406,0,0,0,0,1398,359,9163,940,10103,-0.149315,0.2792,-0.948553,0
7454,0,0,0,0,1533,352,9339,637,9976,-0.114929,0.227975,-0.96686,0
7508,0,0,0,0,1476,409,9393,818,10211,-0.130554,0.288676,-0.948484,0
7277,0,0,0,0,1372,317,8966,771,9737,-0.108033,0.250393,-0.962098,0
7215,0,0,0,0,1214,317,8746,851,9597,-0.103115,0.252621,-0.962055,0
7335,0,0,0,0,1073,249,8657,839,9496,-0.0906406,0.228584,-0.969295,0
6856,0,0,0,0,1000,219,8075,675,8750,-0.114564,0.240778,-0.963795,0
6932,0,0,0,0,549,132,7613,435,8048,-0.121517,0.226865,-0.966316,0
5373,0,0,0,0,502,127,6002,444,6446,-0.10322,0.202157,-0.973898,0
5972,0,0,0,0,645,158,6775,666,7441,-0.102179,0.215784,-0.97108,0
5823,0,0,0,0,868,181,6872,760,7632,-0.0746873,0.1783,-0.981138,0
6411,0,0,0,0,662,154,7227,820,8047,-0.0765134,0.185766,-0.979611,0
6619,0,0,0,0,499,146,7264,802,8066,-0.0654942,0.17505,-0.982379,0
6118,0,0,0,0,421,110,6649,758,7407,-0.0636043,0.188584,-0.979995,0
6215,0,0,0,0,423,108,6746,741,7487,-0.0654745,0.193893,-0.978835,0
6177,0,0,0,0,405,107,6689,644,7333,-0.0685486,0.17407,-0.982345,0
6501,0,0,0,0,476,128,7105,661,7766,-0.109668,0.207549,-0.972058,0
6714,0,0,0,0,587,150,7451,657,8108,-0.0939066,0.180423,-0.979096,0
6676,0,0,0,0,664,176,7516,611,8127,-0.0858289,0.182602,-0.979434,0
6593,0,0,0,0,769,254,7616,527,8143,-0.085292,0.197107,-0.976665,0
6777,0,0,0,0,922,240,7939,582,8521,-0.0978261,0.23423,-0.967247,0
5829,0,0,0,0,674,168,6671,256,6927,-0.195588,0.408851,-0.891396,0
7445,0,0,0,0,1359,312,9116,346,9462,-0.144241,0.295308,-0.944451,0
6631,0,0,0,0,1338,285,8254,332,8586,-0.0783732,0.136967,-0.98747,0
3837,0,0,0,0,727,191,4755,309,5064,-0.0678342,0.129406,-0.989269,0
8646,0,0,0,0,1563,376,10585,808,11393,-0.0774867,0.176576,-0.981232,0
8389,0,0,0,0,975,236,9600,694,10294,-0.0683854,0.136275,-0.988308,0
5454,0,0,0,0,919,220,6593,798,7391,-0.0669967,0.115635,-0.99103,0
6626,0,0,0,0,1137,282,8045,1225,9270,-0.0695491,0.13439,-0.988485,0
7278,0,0,0,0,1129,265,8672,1441,10113,-0.0801435,0.159452,-0.983947,0
7081,0,0,0,0,930,229,8240,1467,9707,-0.0882868,0.163421,-0.982598,0
4672,0,0,0,0,632,134,5438,897,6335,-0.0744073,0.150744,-0.985769,0
6445,0,0,0,0,697,170,7312,1142,8454,-0.0774655,0.17617,-0.981307,0
6837,0,0,0,0,821,184,7842,1113,8955,-0.0648485,0.129461,-0.989462,0
6784,0,0,0,0,720,179,7683,979,8662,-0.0890332,0.186718,-0.978371,0
4527,0,0,0,0,536,122,5185,629,5814,-0.0864133,0.140769,-0.986264,0
6824,0,0,0,0,746,205,7775,896,8671,-0.10434,0.203996,-0.973395,0
6870,0,0,0,0,728,177,7775,807,8582,-0.11788,0.238472,-0.963968,0
4548,0,0,0,0,471,130,5149,531,5680,-0.10781,0.229993,-0.967202,0
6682,0,0,0,0,699,179,7560,826,8386,-0.102789,0.239656,-0.965401,0
6894,0,0,0,0,757,197,7848,811,8659,-0.105564,0.380231,-0.918847,0
8013,0,0,0,0,570,139,8722,533,9255,-0.085726,0.371442,-0.92449,0
3430,0,0,0,0,364,92,3886,344,4230,-0.0665152,0.244417,-0.967386,0
4044,0,0,0,0,578,155,4777,501,5278,-0.061504,0.266889,-0.961763,0
7483,0,0,0,0,1193,287,8963,843,9806,-0.0565895,0.323834,-0.94442,0
7376,0,0,0,0,1333,418,9127,1134,10261,-0.0385709,0.264871,-0.963512,0
5208,0,0,0,0,1056,258,6522,678,7200,-0.045348,0.287859,-0.956598,0
8075,0,0,0,0,1417,334,9826,809,10635,-0.0606401,0.306902,-0.949807,0
8173,0,0,0,0,1761,257,10191,582,10773,-0.0681965,0.308366,-0.94882,0
3514,0,0,0,0,574,134,4222,372,4594,-0.059298,0.265688,-0.962234,0
6982,0,0,0,0,951,232,8165,745,8910,-0.0573718,0.272113,-0.960553,0
6858,0,0,0,0,868,211,7937,692,8629,-0.0558883,0.270885,-0.960988,0
6837,0,0,0,0,817,198,7852,668,8520,-0.0594219,0.263416,-0.96285,0
6852,0,0,0,0,723,183,7758,728,8486,-0.0487717,0.262139,-0.963797,0
6795,0,0,0,0,627,157,7579,805,8384,-0.0386174,0.229421,-0.972561,0
6460,0,0,0,0,503,146,7109,809,7918,-0.0306496,0.214769,-0.976184,0
6323,0,0,0,0,436,117,6876,897,7773,-0.0332323,0.23588,-0.971214,0
6170,0,0,0,0,379,99,6648,748,7396,-0.0184069,0.186916,-0.982203,0
6290,0,0,0,0,383,102,6775,715,7490,-0.0279277,0.195956,-0.980215,0
6329,0,0,0,0,442,120,6891,737,7628,-0.0279183,0.204069,-0.978558,0
6640,0,0,0,0,500,132,7272,691,7963,-0.0266498,0.186648,-0.982065,0
6723,0,0,0,0,590,148,7461,661,8122,-0.0137308,0.191494,-0.981398,0
6735,0,0,0,0,676,169,7580,596,8176,-0.00889115,0.177262,-0.984124,0
6834,0,0,0,0,781,191,7806,511,8317,-0.0208254,0.217917,-0.975745,0
7027,0,0,0,0,835,212,8074,342,8416,-0.0139061,0.171641,-0.985061,0
7245,0,0,0,0,1021,279,8545,457,9002,-0.0166633,0.289918,-0.956906,0
7559,0,0,0,0,1160,285,9004,377,9381,0.000986715,0.116571,-0.993182,0
7536,0,0,0,0,1367,328,9231,514,9745,-8.99085e-05,0.145232,-0.989398,0
7794,0,0,0,0,1499,354,9647,662,10309,-0.00952628,0.1796,-0.983694,0
5142,0,0,0,0,931,243,6316,673,6989,-0.014712,0.136071,-0.99059,0
7536,0,0,0,0,1328,314,9178,1399,10577,-0.0272905,0.285076,-0.958116,0
8215,0,0,0,0,1165,315,9695,1449,11144,-0.0365734,0.272984,-0.961323,0
3554,0,0,0,0,431,100,4085,572,4657,-0.0305012,0.194553,-0.980418,0
2921,0,0,0,0,324,79,3324,656,3980,-0.0288047,0.161993,-0.986371,0
6757,0,0,0,0,771,220,7748,1727,9475,-0.0239809,0.158509,-0.987066,0
6589,0,0,0,0,728,174,7491,1268,8759,-0.0164209,0.168885,-0.985499,0
6709,0,0,0,0,658,183,7550,1135,8685,-0.0147728,0.175999,-0.984279,0
6560,0,0,0,0,645,156,7361,1050,8411,-0.0245689,0.161897,-0.986502,0
6655,0,0,0,0,648,160,7463,1001,8464,-0.0398308,0.198762,-0.979238,0
6716,0,0,0,0,698,164,7578,922,8500,-0.0440214,0.189868,-0.980822,0
6753,0,0,0,0,665,164,7582,881,8463,-0.0498133,0.236626,-0.970323,0
6840,0,0,0,0,659,164,7663,753,8416,-0.0447282,0.276042,-0.960104,0
6927,0,0,0,0,681,173,7781,725,8506,-0.0385301,0.320031,-0.946623,0
6965,0,0,0,0,701,173,7839,779,8618,-0.0328081,0.274319,-0.961079,0
6991,0,0,0,0,1080,223,8294,941,9235,-0.0488691,0.319245,-0.946411,0
6593,0,0,0,0,536,133,7262,566,7828,-0.0526622,0.269485,-0.961564,0
3505,0,0,0,0,433,108,4046,402,4448,-0.0560865,0.2474,-0.967289,0
7220,0,0,0,0,997,244,8461,828,9289,-0.0635754,0.285522,-0.956261,0
7357,0,0,0,0,1159,278,8794,837,9631,-0.0317807,0.320486,-0.94672,0
7259,0,0,0,0,859,209,8327,715,9042,-0.0136879,0.326865,-0.944972,0
3622,0,0,0,0,707,167,4496,467,4963,-0.0132805,0.268719,-0.963127,0
7213,0,0,0,0,1332,317,8862,755,9617,0.00201933,0.317605,-0.948221,0
7527,0,0,0,0,1247,295,9069,719,9788,0.00410447,0.310453,-0.95058,0
7223,0,0,0,0,1152,272,8647,860,9507,-0.0172376,0.308925,-0.95093,0
7077,0,0,0,0,982,233,8292,707,8999,-0.0283048,0.263439,-0.964261,0
6875,0,0,0,0,984,217,8076,679,8755,-0.0284606,0.234768,-0.971635,0
6751,0,0,0,0,805,195,7751,713,8464,-0.0209068,0.233593,-0.97211,0
6780,0,0,0,0,716,179,7675,771,8446,-0.0081982,0.242223,-0.970186,0
7154,0,0,0,0,776,192,8122,798,8920,-0.00584346,0.219916,-0.975501,0
6557,0,0,0,0,568,138,7263,799,8062,-0.000266553,0.227961,-0.97367,0
6991,0,0,0,0,502,118,7611,762,8373,0.00869062,0.215043,-0.976566,0
6071,0,0,0,0,380,98,6549,797,7346,0.0194609,0.190855,-0.981425,0
6229,0,0,0,0,358,99,6686,789,7475,0.0114835,0.273494,-0.961805,0
6381,0,0,0,0,631,147,7159,829,7988,0.00694408,0.243992,-0.969752,0
6539,0,0,0,0,488,131,7158,636,7794,0.0013297,0.240253,-0.970709,0
7608,0,0,0,0,572,163,8343,593,8936,0.00669166,0.221169,-0.975213,0
6797,0,0,0,0,639,179,7615,386,8001,0.0052439,0.183614,-0.982984,0
4823,0,0,0,0,563,127,5513,318,5831,-0.00872106,0.218802,-0.97573,0
6960,0,0,0,0,832,213,8005,458,8463,-0.0103495,0.161033,-0.986895,0
7128,0,0,0,0,1072,244,8444,443,8887,0.00056529,0.175065,-0.984557,0
8018,0,0,0,0,1101,296,9415,458,9873,0.00900219,0.161671,-0.986804,0
7371,0,0,0,0,823,196,8390,328,8718,0.014942,0.1586,-0.98723,0
5598,0,0,0,0,920,228,6746,397,7143,0.0228025,0.156087,-0.98748,0
7656,0,0,0,0,1656,449,9761,861,10622,0.00926691,0.152254,-0.988298,0
7826,0,0,0,0,1433,341,9600,826,10426,-0.000614908,0.100909,-0.994896,0
8601,0,0,0,0,1404,352,10357,773,11130,0.00571583,0.0576563,-0.99832,0
4966,0,0,0,0,874,210,6050,788,6838,0.0181293,0.0218922,-0.999596,0
7138,0,0,0,0,1160,282,8580,937,9517,0.0232686,-0.00287426,-0.999725,0
6803,0,0,0,0,1204,279,8286,1418,9704,0.0350206,-0.0452738,-0.998361,0
6197,0,0,0,0,1071,252,7520,821,8341,0.0173877,-0.028231,-0.99945,0
8280,0,0,0,0,1351,321,9952,970,10922,0.0138278,-0.0165762,-0.999767,0
4878,0,0,0,0,911,212,6001,554,6555,0.012382,-0.01309,-0.999838,0
6903,0,0,0,0,1285,280,8468,675,9143,-0.00575173,0.00567182,-0.999967,0
7392,0,0,0,0,1404,321,9117,728,9845,0.000356984,0.0288925,-0.999582,0
7828,0,0,0,0,1354,306,9488,918,10406,0.0156405,0.039065,-0.999114,0
7320,0,0,0,0,1238,319,8877,1171,10048,-0.00307727,0.0515502,-0.998666,0
4961,0,0,0,0,836,193,5990,763,6753,-0.0166009,0.0483011,-0.998695,0
7204,0,0,0,0,1145,276,8625,1077,9702,-0.0106429,0.0634406,-0.997929,0
7522,0,0,0,0,1119,295,8936,1039,9975,-0.00504376,0.0853879,-0.996335,0
4901,0,0,0,0,710,169,5780,942,6722,0.00291257,0.0690742,-0.997607,0
7694,0,0,0,0,741,157,8592,1032,9624,0.00967612,0.10268,-0.994667,0
4698,0,0,0,0,616,138,5452,1023,6475,0.0155465,0.102905,-0.99457,0
7017,0,0,0,0,791,183,7991,1528,9519,0.0188837,0.114985,-0.993188,0
6839,0,0,0,0,737,173,7749,1085,8834,0.00805414,0.107058,-0.99422,0
4534,0,0,0,0,487,107,5128,761,5889,-0.00686527,0.122441,-0.992452,0
6696,0,0,0,0,612,159,7467,1078,8545,-0.0257593,0.144732,-0.989136,0
7081,0,0,0,0,610,166,7857,1031,8888,-0.0384348,0.187967,-0.981423,0
7726,0,0,0,0,681,161,8568,979,9547,-0.0469563,0.320511,-0.94608,0
4010,0,0,0,0,327,80,4417,447,4864,-0.0418826,0.244401,-0.968769,0
2808,0,0,0,0,261,65,3134,342,3476,-0.0412452,0.194767,-0.979982,0
7061,0,0,0,0,645,164,7870,917,8787,-0.0315088,0.219819,-0.975032,0
6834,0,0,0,0,457,113,7404,558,7962,-0.0318423,0.213656,-0.97639,0
4775,0,0,0,0,483,121,5379,552,5931,-0.023762,0.249396,-0.96811,0
6341,0,0,0,0,719,174,7234,745,7979,-0.0100641,0.29474,-0.955524,0
7303,0,0,0,0,863,212,8378,962,9340,0.00847696,0.335671,-0.941941,0
7316,0,0,0,0,1003,241,8560,900,9460,0.0151744,0.304811,-0.952292,0
7704,0,0,0,0,1126,270,9100,1067,10167,0.0182905,0.354854,-0.934743,0
4930,0,0,0,0,857,200,5987,648,6635,0.0141754,0.310733,-0.950391,0
7650,0,0,0,0,1433,337,9420,1066,10486,0.0191781,0.342449,-0.939341,0
8064,0,0,0,0,1437,337,9838,878,10716,0.0165228,0.287972,-0.957496,0
4793,0,0,0,0,851,201,5845,487,6332,0.0119634,0.279302,-0.960129,0
7608,0,0,0,0,1236,295,9139,799,9938,-0.000802977,0.294318,-0.955707,0
7223,0,0,0,0,1155,285,8663,805,9468,-0.0124321,0.301113,-0.953507,0
7105,0,0,0,0,1009,242,8356,697,9053,-0.00949782,0.268083,-0.963349,0
4592,0,0,0,0,578,138,5308,452,5760,-0.00600016,0.222709,-0.974866,0
6841,0,0,0,0,816,192,7849,726,8575,-0.00151608,0.20996,-0.977709,0
6944,0,0,0,0,764,180,7888,786,8674,0.0033692,0.197582,-0.980281,0
6818,0,0,0,0,691,177,7686,818,8504,0.0108275,0.198098,-0.980122,0
6106,0,0,0,0,599,145,6850,751,7601,0.0160316,0.184402,-0.98272,0
6434,0,0,0,0,524,130,7088,741,7829,0.0261079,0.188893,-0.981651,0
6640,0,0,0,0,563,130,7333,935,8268,0.02287,0.196674,-0.980202,0
6357,0,0,0,0,458,113,6928,826,7754,0.0151987,0.175577,-0.984348,0
6358,0,0,0,0,440,130,6928,603,7531,0.00697974,0.207382,-0.978235,0
5652,0,0,0,0,394,100,6146,667,6813,0.00640978,0.207039,-0.978312,0
7411,0,0,0,0,548,134,8093,828,8921,0.00908603,0.227795,-0.973667,0
6626,0,0,0,0,569,147,7342,890,8232,0.0179396,0.171802,-0.984968,0
8845,0,0,0,0,707,182,9734,765,10499,0.0226232,0.20266,-0.978988,0
4500,0,0,0,0,485,121,5106,375,5481,0.0260695,0.145901,-0.988956,0
7169,0,0,0,0,839,211,8219,473,8692,0.012809,0.263735,-0.96451,0
4227,0,0,0,0,476,116,4819,265,5084,-0.0256993,0.298199,-0.954158,0
3481,0,0,0,0,526,127,4134,180,4314,0.0150752,0.0775169,-0.996877,0
8275,0,0,0,0,1341,317,9933,551,10484,0.0129273,0.173193,-0.984803,0
7760,0,0,0,0,1460,375,9595,690,10285,0.0213238,0.210772,-0.977303,0
7897,0,0,0,0,1481,350,9728,1043,10771,0.00401622,0.285323,-0.958423,0
4686,0,0,0,0,704,164,5554,638,6192,0.00141608,0.191582,-0.981476,0
3307,0,0,0,0,530,123,3960,575,4535,0.00939003,0.14061,-0.990021,0
7421,0,0,0,0,1446,352,9219,1707,10926,0.0259082,0.170384,-0.985037,0
7288,0,0,0,0,989,234,8511,1598,10109,0.0109249,0.138525,-0.990299,0
7844,0,0,0,0,854,228,8926,1442,10368,0.0123037,0.167889,-0.985729,0
4593,0,0,0,0,530,118,5241,927,6168,0.017964,0.160434,-0.986883,0
7041,0,0,0,0,699,165,7905,1169,9074,0.00523568,0.180636,-0.983536,0
7069,0,0,0,0,935,167,8171,1081,9252,-0.00071387,0.145861,-0.989305,0
4582,0,0,0,0,493,110,5185,702,5887,0.0183912,0.173205,-0.984714,0
7033,0,0,0,0,712,169,7914,954,8868,0.0205999,0.184579,-0.982602,0
6943,0,0,0,0,722,173,7838,930,8768,0.0231536,0.221956,-0.974782,0
6961,0,0,0,0,714,191,7866,860,8726,0.0252836,0.213075,-0.976709,0
7030,0,0,0,0,734,173,7937,881,8818,0.0247773,0.268016,-0.963096,0
6985,0,0,0,0,723,209,7917,892,8809,0.0116435,0.249389,-0.968333,0
7085,0,0,0,0,762,191,8038,892,8930,0.0108514,0.29694,-0.954834,0
7017,0,0,0,0,839,207,8063,875,8938,0.0101572,0.249476,-0.968328,0
7504,0,0,0,0,942,226,8672,887,9559,0.0202765,0.283599,-0.958729,0
7123,0,0,0,0,966,259,8348,884,9232,0.0239491,0.254193,-0.966857,0
4839,0,0,0,0,762,195,5796,639,6435,0.0386577,0.287669,-0.956949,0
7410,0,0,0,0,1280,298,8988,997,9985,0.0378236,0.276253,-0.96034,0
7697,0,0,0,0,1457,335,9489,1095,10584,0.0438462,0.345176,-0.937513,0
7598,0,0,0,0,1776,335,9709,917,10626,0.0304046,0.320146,-0.94688,0
7312,0,0,0,0,1132,213,8657,482,9139,0.0236594,0.326454,-0.944917,0
7283,0,0,0,0,1276,334,8893,855,9748,0.0174382,0.27581,-0.961054,0
7301,0,0,0,0,1175,268,8744,850,9594,0.0243187,0.285197,-0.95816,0
7288,0,0,0,0,1020,256,8564,489,9053,0.0241349,0.232595,-0.972274,0
6243,0,0,0,0,940,193,7376,616,7992,0.0289391,0.227473,-0.973354,0
6153,0,0,0,0,741,176,7070,521,7591,0.0287923,0.191377,-0.981094,0
4243,0,0,0,0,500,113,4856,509,5365,0.0424841,0.18316,-0.982165,0
6695,0,0,0,0,714,166,7575,907,8482,0.0460101,0.179138,-0.982748,0
6706,0,0,0,0,579,142,7427,831,8258,0.0466953,0.215359,-0.975418,0
6834,0,0,0,0,541,126,7501,835,8336,0.026383,0.367653,-0.929589,0
4249,0,0,0,0,307,74,4630,558,5188,0.0210529,0.319818,-0.947245,0
4154,0,0,0,0,265,68,4487,529,5016,0.0173016,0.228717,-0.973339,0
4191,0,0,0,0,279,71,4541,502,5043,0.0245286,0.215026,-0.9763,0
7635,0,0,0,0,344,86,8065,523,8588,0.0369359,0.213033,-0.976347,0
4412,0,0,0,0,348,88,4848,504,5352,0.036263,0.140204,-0.989458,0
6732,0,0,0,0,578,160,7470,765,8235,0.051047,0.298553,-0.953027,0
6361,0,0,0,0,457,111,6929,496,7425,0.0509533,0.236743,-0.970235,0
2712,0,0,0,0,238,60,3010,170,3180,0.0446303,0.154603,-0.986968,0
3695,0,0,0,0,442,125,4262,322,4584,0.0390233,0.233766,-0.971509,0
7886,0,0,0,0,951,266,9103,540,9643,-0.00676537,0.299369,-0.954113,0
7333,0,0,0,0,1104,265,8702,494,9196,0.0308003,0.174251,-0.984219,0
7387,0,0,0,0,1198,199,8784,382,9166,0.0175104,0.127868,-0.991637,0
5189,0,0,0,0,904,215,6308,496,6804,-0.000225823,0.15501,-0.987913,0
7681,0,0,0,0,1405,328,9414,1143,10557,0.0183574,0.139877,-0.989999,0
7347,0,0,0,0,1350,305,9002,1321,10323,0.0499415,0.165711,-0.984909,0
4848,0,0,0,0,795,188,5831,902,6733,0.0504075,0.121588,-0.9913,0
7285,0,0,0,0,1064,243,8592,1534,10126,0.0444752,0.135447,-0.989786,0
6785,0,0,0,0,873,204,7862,1410,9272,0.0429215,0.226221,-0.97313,0
6867,0,0,0,0,782,185,7834,1295,9129,0.0299359,0.191889,-0.98096,0
4456,0,0,0,0,471,111,5038,735,5773,0.0169669,0.156991,-0.987454,0
6920,0,0,0,0,698,166,7784,1038,8822,0.0110485,0.230945,-0.972904,0
7055,0,0,0,0,976,216,8247,1279,9526,0.0204087,0.210698,-0.977338,0
4687,0,0,0,0,478,119,5284,768,6052,0.0237073,0.221644,-0.974839,0
6873,0,0,0,0,730,183,7786,937,8723,0.0419321,0.274777,-0.960593,0
6923,0,0,0,0,743,183,7849,832,8681,0.0440233,0.262905,-0.963817,0
7025,0,0,0,0,748,186,7959,852,8811,0.067085,0.391406,-0.917769,0
4810,0,0,0,0,560,147,5517,427,5944,0.0632301,0.34838,-0.935218,0
3517,0,0,0,0,410,100,4027,439,4466,0.0584957,0.305899,-0.950265,0
7231,0,0,0,0,858,215,8304,881,9185,0.0499313,0.366484,-0.929084,0
6989,0,0,0,0,967,228,8184,900,9084,0.0364233,0.349074,-0.936387,0
7364,0,0,0,0,1102,266,8732,981,9713,0.0436893,0.385423,-0.921705,0
8142,0,0,0,0,864,203,9209,704,9913,0.0550402,0.351231,-0.93467,0
4797,0,0,0,0,879,207,5883,636,6519,0.0463508,0.297138,-0.953709,0
7226,0,0,0,0,1228,291,8745,789,9534,0.0609158,0.296531,-0.953079,0
7250,0,0,0,0,1274,327,8851,892,9743,0.0734718,0.304596,-0.949644,0
7297,0,0,0,0,1174,275,8746,799,9545,0.0688763,0.245851,-0.966857,0
7296,0,0,0,0,1060,251,8607,724,9331,0.106662,0.280289,-0.953971,0
7041,0,0,0,0,963,256,8260,734,8994,0.0948042,0.237483,-0.966754,0
7103,0,0,0,0,929,218,8250,760,9010,0.0971925,0.270752,-0.95773,0
7011,0,0,0,0,843,193,8047,803,8850,0.0792529,0.211621,-0.974133,0
6718,0,0,0,0,674,163,7555,817,8372,0.0957791,0.235427,-0.967161,0
6563,0,0,0,0,539,153,7255,796,8051,0.0861238,0.195362,-0.976942,0
6424,0,0,0,0,451,138,7013,820,7833,0.090086,0.199057,-0.975838,0
6201,0,0,0,0,474,105,6780,796,7576,0.0785807,0.17471,-0.981479,0
6311,0,0,0,0,372,98,6781,838,7619,0.0930436,0.174176,-0.980309,0
4168,0,0,0,0,276,69,4513,456,4969,0.0913412,0.161064,-0.982708,0
6463,0,0,0,0,435,113,7011,700,7711,0.0904444,0.162192,-0.982606,0
6547,0,0,0,0,510,130,7187,603,7790,0.0788363,0.134944,-0.987712,0
6527,0,0,0,0,629,148,7304,587,7891,0.0886878,0.16129,-0.982914,0
5857,0,0,0,0,547,139,6543,439,6982,0.0885775,0.191354,-0.977516,0
6782,0,0,0,0,747,180,7709,421,8130,0.0665698,0.144398,-0.987278,0
6724,0,0,0,0,1221,263,8208,632,8840,0.081162,0.154506,-0.984653,0
7180,0,0,0,0,978,241,8399,677,9076,0.0964443,0.133508,-0.986344,0
7175,0,0,0,0,1295,281,8751,747,9498,0.0841885,0.150599,-0.985004,0
8283,0,0,0,0,1296,325,9904,742,10646,0.075727,0.163121,-0.983696,0
7544,0,0,0,0,1980,331,9855,951,10806,0.0740245,0.2518,-0.964944,0
8295,0,0,0,0,907,211,9413,873,10286,0.0579243,0.239061,-0.969275,0
3372,0,0,0,0,501,119,3992,574,4566,0.0298242,0.131833,-0.990823,0
7150,0,0,0,0,1217,278,8645,1405,10050,0.0744864,0.208051,-0.975278,0
5942,0,0,0,0,701,161,6804,952,7756,0.0651963,0.15323,-0.986038,0
3399,0,0,0,0,420,100,3919,733,4652,0.0479696,0.0961153,-0.994214,0
6761,0,0,0,0,765,175,7701,1662,9363,0.0469141,0.114525,-0.992312,0
6755,0,0,0,0,784,156,7695,1161,8856,0.0857499,0.288118,-0.953748,0
6864,0,0,0,0,695,96,7655,813,8468,0.0726233,0.262123,-0.962298,0
2767,0,0,0,0,229,53,3049,389,3438,0.0434845,0.184739,-0.981825,0
2494,0,0,0,0,216,51,2761,357,3118,0.0338983,0.17283,-0.984368,0
6564,0,0,0,0,569,137,7270,868,8138,0.0758089,0.365031,-0.927904,0
6239,0,0,0,0,384,90,6713,669,7382,0.0633686,0.314016,-0.947301,0
3349,0,0,0,0,293,81,3723,465,4188,0.0617816,0.284584,-0.956658,0
6673,0,0,0,0,803,166,7642,771,8413,0.0619231,0.282807,-0.957176,0
6469,0,0,0,0,519,124,7112,472,7584,0.084067,0.337223,-0.937664,0
4606,0,0,0,0,555,133,5294,540,5834,0.0735319,0.29705,-0.952026,0
7069,0,0,0,0,971,232,8272,750,9022,0.105115,0.374841,-0.921111,0
6550,0,0,0,0,738,191,7479,581,8060,0.0831542,0.308111,-0.947709,0
4910,0,0,0,0,887,223,6020,617,6637,0.0892047,0.315786,-0.944628,0
6559,0,0,0,0,1217,285,8061,800,8861,0.0723145,0.285388,-0.95568,0
6455,0,0,0,0,1149,267,7871,671,8542,0.091213,0.331881,-0.938901,0
6346,0,0,0,0,1053,253,7652,595,8247,0.0809049,0.331942,-0.939824,0
7173,0,0,0,0,1148,267,8588,844,9432,0.072355,0.338524,-0.938172,0
7011,0,0,0,0,1030,227,8268,729,8997,0.0535192,0.271442,-0.960966,0
7164,0,0,0,0,943,310,8417,655,9072,0.0489498,0.323029,-0.945122,0
6858,0,0,0,0,745,179,7782,679,8461,0.0434795,0.25234,-0.966661,0
4451,0,0,0,0,425,102,4978,447,5425,0.0430381,0.252268,-0.9667,0
6412,0,0,0,0,523,125,7060,731,7791,0.0359569,0.190719,-0.980986,0
6510,0,0,0,0,406,117,7033,589,7622,0.0392366,0.233071,-0.971668,0
6235,0,0,0,0,337,88,6660,754,7414,0.0464439,0.209842,-0.976632,0
6028,0,0,0,0,291,81,6400,660,7060,0.0552498,0.212157,-0.975672,0
6271,0,0,0,0,325,89,6685,485,7170,0.0579904,0.171833,-0.983418,0
4082,0,0,0,0,247,65,4394,426,4820,0.0538324,0.152564,-0.986826,0
6523,0,0,0,0,429,117,7069,622,7691,0.0318567,0.172093,-0.984566,0
6487,0,0,0,0,504,132,7123,644,7767,0.0138737,0.203532,-0.97897,0
6753,0,0,0,0,585,155,7493,588,8081,0.00840216,0.183294,-0.983022,0
6765,0,0,0,0,683,174,7622,554,8176,-0.000488888,0.213188,-0.977011,0
6803,0,0,0,0,789,200,7792,521,8313,0.0108275,0.0339679,-0.999364,0
7043,0,0,0,0,991,244,8278,1141,9419,-0.0244083,0.197979,-0.979902,0
4778,0,0,0,0,805,183,5766,476,6242,-0.0446178,0.270135,-0.961788,0
5490,0,0,0,0,873,212,6575,364,6939,0.000758446,0.146914,-0.989149,0
7684,0,0,0,0,1490,343,9517,744,10261,0.00708584,0.168335,-0.985704,0
7749,0,0,0,0,1327,325,9401,966,10367,0.00443468,0.178639,-0.983905,0
4911,0,0,0,0,814,194,5919,861,6780,-0.0122668,0.170652,-0.985255,0
7352,0,0,0,0,1040,254,8646,1309,9955,-0.012625,0.151994,-0.988301,0
6974,0,0,0,0,894,234,8102,1581,9683,-0.0163766,0.134821,-0.990735,0
4432,0,0,0,0,480,123,5035,941,5976,-0.0291542,0.132316,-0.990779,0
5768,0,0,0,0,537,128,6433,1339,7772,-0.0339557,0.110032,-0.993348,0
6532,0,0,0,0,568,130,7230,1157,8387,-0.0407523,0.183237,-0.982224,0
6480,0,0,0,0,480,115,7075,1012,8087,-0.0330002,0.174254,-0.984148,0
6587,0,0,0,0,496,122,7205,682,7887,-0.0446375,0.221917,-0.974043,0
5968,0,0,0,0,477,117,6562,742,7304,-0.0504274,0.219109,-0.974396,0
6762,0,0,0,0,588,149,7499,737,8236,-0.0565772,0.282608,-0.957566,0
6862,0,0,0,0,588,150,7600,678,8278,-0.0615469,0.302696,-0.951098,0
6803,0,0,0,0,615,158,7576,789,8365,-0.058895,0.315045,-0.947248,0
4488,0,0,0,0,467,117,5072,482,5554,-0.051915,0.30286,-0.95162,0
6829,0,0,0,0,769,196,7794,708,8502,-0.0363612,0.366159,-0.929842,0
6989,0,0,0,0,868,222,8079,742,8821,-0.0328521,0.376211,-0.925951,0
7010,0,0,0,0,1402,331,8743,848,9591,-0.0288166,0.37737,-0.925614,0
6326,0,0,0,0,1050,260,7636,740,8376,-0.0234516,0.359569,-0.932824,0
7441,0,0,0,0,1342,333,9116,1043,10159,-0.0239679,0.369165,-0.929055,0
7186,0,0,0,0,1336,209,8731,569,9300,-0.0140274,0.32442,-0.945809,0
7272,0,0,0,0,1241,285,8798,786,9584,-0.0132884,0.342466,-0.939436,0
7203,0,0,0,0,1142,287,8632,788,9420,-0.00578793,0.274178,-0.961661,0
7217,0,0,0,0,967,228,8412,843,9255,-0.0181557,0.30815,-0.951164,0
6948,0,0,0,0,769,184,7901,691,8592,-0.016521,0.258009,-0.966001,0
6294,0,0,0,0,470,110,6874,437,7311,-0.0419979,0.284463,-0.957767,0
4373,0,0,0,0,411,97,4881,429,5310,-0.0330242,0.228804,-0.972912,0
7333,0,0,0,0,807,179,8319,799,9118,-0.0510013,0.259058,-0.964514,0
6397,0,0,0,0,479,115,6991,743,7734,-0.0446141,0.217244,-0.975097,0
6209,0,0,0,0,425,116,6750,1005,7755,-0.0621559,0.224408,-0.972511,0
5409,0,0,0,0,301,72,5782,668,6450,-0.0524656,0.19679,-0.979041,0
6187,0,0,0,0,336,88,6611,719,7330,-0.0665183,0.203457,-0.976822,0
6466,0,0,0,0,416,122,7004,793,7797,-0.053405,0.184938,-0.981298,0
6557,0,0,0,0,468,124,7149,691,7840,-0.0833482,0.21159,-0.973798,0
5919,0,0,0,0,489,132,6540,569,7109,-0.0762158,0.18238,-0.98027,0
6618,0,0,0,0,658,195,7471,562,8033,-0.0676545,0.157657,-0.985174,0
7130,0,0,0,0,799,208,8137,512,8649,-0.0652913,0.214497,-0.97454,0
7090,0,0,0,0,1370,314,8774,571,9345,-0.0328537,0.193863,-0.980478,0
7369,0,0,0,0,1220,293,8882,476,9358,-0.0366917,0.210814,-0.976837,0
7428,0,0,0,0,1451,329,9208,489,9697,-0.0299048,0.19629,-0.98009,0
7698,0,0,0,0,1530,367,9595,592,10187,-0.0574365,0.183047,-0.981425,0
7664,0,0,0,0,1500,363,9527,769,10296,-0.0812328,0.181929,-0.979951,0
7492,0,0,0,0,1492,341,9325,1119,10444,-0.0503151,0.136565,-0.989352,0
7395,0,0,0,0,1326,339,9060,1313,10373,-0.0758098,0.167481,-0.982956,0
7231,0,0,0,0,1163,281,8675,1439,10114,-0.057951,0.120919,-0.990969,0
7131,0,0,0,0,959,230,8320,1486,9806,-0.0770479,0.149291,-0.985787,0
6972,0,0,0,0,961,198,8131,1434,9565,-0.0773136,0.162865,-0.983615,0
6740,0,0,0,0,739,168,7647,1159,8806,-0.0755333,0.153984,-0.985182,0
6808,0,0,0,0,650,156,7614,1178,8792,-0.0948176,0.155307,-0.983305,0
6834,0,0,0,0,682,159,7675,1035,8710,-0.128676,0.21595,-0.967888,0
6889,0,0,0,0,676,166,7731,1000,8731,-0.135311,0.240414,-0.961193,0
6993,0,0,0,0,721,178,7892,885,8777,-0.132855,0.22831,-0.964481,0
6924,0,0,0,0,708,180,7812,888,8700,-0.133146,0.223463,-0.965576,0
6831,0,0,0,0,709,177,7717,756,8473,-0.139618,0.254097,-0.957048,0
7178,0,0,0,0,716,181,8075,820,8895,-0.140412,0.233299,-0.962214,0
6975,0,0,0,0,828,200,8003,770,8773,-0.16352,0.305316,-0.938106,0
7609,0,0,0,0,884,220,8713,775,9488,-0.154519,0.316307,-0.935988,0
7125,0,0,0,0,971,239,8335,799,9134,-0.151852,0.342007,-0.927347,0
7425,0,0,0,0,1134,285,8844,817,9661,-0.144687,0.352462,-0.924574,0
7293,0,0,0,0,1345,327,8965,1052,10017,-0.202083,0.470509,-0.858943,0
6655,0,0,0,0,1374,268,8297,715,9012,-0.176064,0.387873,-0.904741,0
3778,0,0,0,0,760,182,4720,473,5193,-0.141668,0.3245,-0.935217,0
7358,0,0,0,0,1361,320,9039,782,9821,-0.126401,0.271039,-0.954233,0
7646,0,0,0,0,1139,261,9046,555,9601,-0.1323,0.274554,-0.952427,0
4750,0,0,0,0,737,170,5657,711,6368,-0.112825,0.224193,-0.967992,0
7476,0,0,0,0,929,249,8654,742,9396,-0.128153,0.243568,-0.96138,0
10438,0,0,0,0,1305,177,11920,641,12561,-0.112914,0.219095,-0.969148,0
3463,0,0,0,0,399,105,3967,366,4333,-0.0708182,0.154036,-0.985524,0
7058,0,0,0,0,824,208,8090,814,8904,-0.0997303,0.191886,-0.976337,0
6296,0,0,0,0,454,110,6860,542,7402,-0.106391,0.187365,-0.976512,0
3232,0,0,0,0,298,72,3602,440,4042,-0.0845892,0.162992,-0.982995,0
7464,0,0,0,0,514,149,8127,923,9050,-0.076102,0.176828,-0.981295,0
6307,0,0,0,0,447,114,6868,895,7763,-0.0553853,0.142454,-0.988251,0
6474,0,0,0,0,492,132,7098,858,7956,-0.098813,0.185068,-0.977745,0
5173,0,0,0,0,281,74,5528,511,6039,-0.0779384,0.163182,-0.983513,0
3120,0,0,0,0,238,61,3419,370,3789,-0.0458309,0.112343,-0.992612,0
6601,0,0,0,0,589,147,7337,682,8019,-0.108461,0.165892,-0.980161,0
6670,0,0,0,0,634,166,7470,678,8148,-0.0942656,0.160676,-0.982495,0
6801,0,0,0,0,805,193,7799,591,8390,-0.0653119,0.131399,-0.989176,0
4595,0,0,0,0,608,144,5347,426,5773,-0.0986423,0.202676,-0.974265,0
7008,0,0,0,0,946,258,8212,434,8646,-0.0689745,0.151906,-0.985985,0
7171,0,0,0,0,1057,267,8495,502,8997,-0.0835759,0.204111,-0.975374,0
7141,0,0,0,0,1186,280,8607,627,9234,-0.0561092,0.12863,-0.990104,0
7408,0,0,0,0,1258,332,8998,917,9915,-0.00213458,0.135114,-0.990828,0
7528,0,0,0,0,1344,326,9198,698,9896,-0.0654579,0.113825,-0.991342,0
7682,0,0,0,0,1485,374,9541,687,10228,-0.0553775,0.117969,-0.991472,0
7784,0,0,0,0,1849,382,10015,529,10544,-0.0369424,0.076085,-0.996417,0
7867,0,0,0,0,1520,357,9744,1119,10863,-0.069106,0.146069,-0.986858,0
3775,0,0,0,0,582,130,4487,501,4988,-0.0323002,0.0931353,-0.995129,0
2481,0,0,0,0,424,101,3006,473,3479,-0.0299696,0.0826796,-0.996125,0
7300,0,0,0,0,1149,277,8726,1586,10312,-0.0530866,0.10288,-0.993276,0
7127,0,0,0,0,961,233,8321,1553,9874,-0.148394,0.198649,-0.968771,0
4997,0,0,0,0,610,109,5716,741,6457,-0.0924537,0.13165,-0.986976,0
2699,0,0,0,0,323,76,3098,542,3640,-0.0579653,0.0802225,-0.99509,0
7861,0,0,0,0,821,192,8874,1295,10169,-0.163031,0.184644,-0.969189,0
5201,0,0,0,0,513,125,5839,766,6605,-0.121045,0.128786,-0.984257,0
2850,0,0,0,0,366,79,3295,452,3747,-0.101879,0.0937385,-0.990371,0
5068,0,0,0,0,606,158,5832,755,6587,-0.111415,0.110569,-0.987604,0
7281,0,0,0,0,865,214,8360,1020,9380,-0.112897,0.123097,-0.985952,0
7374,0,0,0,0,816,232,8422,965,9387,-0.115607,0.135745,-0.983976,0
4675,0,0,0,0,541,135,5351,585,5936,-0.127063,0.178205,-0.975755,0
7193,0,0,0,0,784,204,8181,1000,9181,-0.110274,0.181681,-0.977155,0
7204,0,0,0,0,799,202,8205,804,9009,-0.099557,0.168853,-0.9806,0
7770,0,0,0,0,905,217,8892,938,9830,-0.119464,0.214748,-0.969336,0
4767,0,0,0,0,581,148,5496,558,6054,-0.118201,0.199219,-0.9728,0
7304,0,0,0,0,924,261,8489,838,9327,-0.157224,0.236423,-0.958846,0
7204,0,0,0,0,1294,337,8835,1131,9966,-0.141933,0.21715,-0.965765,0
7040,0,0,0,0,879,218,8137,605,8742,-0.17649,0.244871,-0.953357,0
4949,0,0,0,0,942,227,6118,636,6754,-0.18471,0.256861,-0.948633,0
7447,0,0,0,0,1555,371,9373,1111,10484,-0.214114,0.29407,-0.931492,0
8497,0,0,0,0,1621,411,10529,973,11502,-0.170933,0.236117,-0.956572,0
7674,0,0,0,0,1486,359,9519,759,10278,-0.189238,0.264112,-0.945745,0
7458,0,0,0,0,1560,354,9372,802,10174,-0.154746,0.235327,-0.959518,0
7509,0,0,0,0,1102,214,8825,534,9359,-0.14532,0.250215,-0.957222,0
4774,0,0,0,0,816,185,5775,465,6240,-0.132243,0.218,-0.966948,0
7147,0,0,0,0,1068,258,8473,562,9035,-0.20741,0.36262,-0.908564,0
6955,0,0,0,0,623,156,7734,450,8184,-0.164925,0.313913,-0.935018,0
4684,0,0,0,0,578,138,5400,480,5880,-0.115411,0.24304,-0.963126,0
6871,0,0,0,0,692,177,7740,787,8527,-0.114134,0.213313,-0.970294,0
6789,0,0,0,0,638,153,7580,807,8387,-0.147791,0.240868,-0.95924,0
6501,0,0,0,0,522,129,7152,793,7945,-0.120524,0.214103,-0.969347,0
6345,0,0,0,0,459,119,6923,810,7733,-0.129869,0.239498,-0.962172,0
6463,0,0,0,0,488,128,7079,733,7812,-0.0957117,0.188161,-0.977463,0
6854,0,0,0,0,578,153,7585,660,8245,-0.0948429,0.180527,-0.978987,0
7095,0,0,0,0,699,187,7981,608,8589,-0.0818803,0.163394,-0.983157,0
6983,0,0,0,0,836,218,8037,555,8592,-0.086923,0.16385,-0.982648,0
7003,0,0,0,0,1021,250,8274,530,8804,-0.0590372,0.121984,-0.990775,0
7313,0,0,0,0,1072,295,8680,514,9194,-0.0293565,0.170438,-0.984931,0
7476,0,0,0,0,1241,298,9015,606,9621,-0.0579916,0.158975,-0.985578,0
7906,0,0,0,0,1255,312,9473,566,10039,-0.0655597,0.175579,-0.98228,0
7644,0,0,0,0,1760,337,9741,607,10348,-0.0603456,0.158211,-0.985559,0
7688,0,0,0,0,1467,356,9511,687,10198,-0.0958402,0.171778,-0.980463,0
8338,0,0,0,0,1488,356,10182,964,11146,-0.0957431,0.142239,-0.985191,0
4948,0,0,0,0,1083,228,6259,810,7069,-0.0983839,0.125237,-0.987237,0
7801,0,0,0,0,1342,339,9482,1302,10784,-0.095008,0.10403,-0.990026,0
7555,0,0,0,0,1237,302,9094,1614,10708,-0.088026,0.0981757,-0.991268,0
7203,0,0,0,0,1140,277,8620,1480,10100,-0.0656285,0.0743541,-0.99507,0
4742,0,0,0,0,679,164,5585,1030,6615,-0.0455693,0.0695311,-0.996538,0
6792,0,0,0,0,897,220,7909,1525,9434,-0.0537642,0.072884,-0.99589,0
7086,0,0,0,0,821,229,8136,1318,9454,-0.076714,0.083297,-0.993568,0
6113,0,0,0,0,667,162,6942,1012,7954,-0.0726335,0.0940148,-0.992918,0
7060,0,0,0,0,715,182,7957,1184,9141,-0.0754083,0.116673,-0.990304,0
4504,0,0,0,0,471,116,5091,678,5769,-0.0703243,0.095891,-0.992905,0
7317,0,0,0,0,710,186,8213,976,9189,-0.107258,0.147285,-0.983261,0
7153,0,0,0,0,758,196,8107,1047,9154,-0.0999773,0.138415,-0.985315,0
6368,0,0,0,0,629,160,7157,789,7946,-0.129756,0.174095,-0.976143,0
6237,0,0,0,0,630,163,7030,737,7767,-0.123136,0.159957,-0.979414,0
6141,0,0,0,0,639,165,6945,720,7665,-0.129088,0.190025,-0.973256,0
7063,0,0,0,0,754,196,8013,858,8871,-0.122614,0.200891,-0.97191,0
8282,0,0,0,0,885,213,9380,791,10171,-0.135355,0.241668,-0.960872,0
7065,0,0,0,0,897,232,8194,841,9035,-0.119218,0.197885,-0.972948,0
6644,0,0,0,0,867,233,7744,815,8559,-0.135135,0.22,-0.966094,0
7235,0,0,0,0,1055,268,8558,892,9450,-0.124067,0.199034,-0.972107,0
7553,0,0,0,0,1100,281,8934,797,9731,-0.106594,0.212535,-0.971322,0
7370,0,0,0,0,1151,296,8817,689,9506,-0.0912296,0.179523,-0.979515,0
7282,0,0,0,0,1186,317,8785,754,9539,-0.0832622,0.187822,-0.978668,0
7260,0,0,0,0,1179,297,8736,836,9572,-0.0777269,0.168638,-0.982609,0
7314,0,0,0,0,1262,313,8889,576,9465,-0.0858619,0.168478,-0.981959,0
6497,0,0,0,0,1138,281,7916,788,8704,-0.079856,0.147476,-0.985837,0
7626,0,0,0,0,1368,330,9324,1046,10370,-0.079182,0.162726,-0.983489,0
7477,0,0,0,0,1419,342,9238,1140,10378,-0.0751359,0.205935,-0.975677,0
6072,0,0,0,0,951,251,7274,782,8056,-0.0659231,0.146668,-0.986987,0
2926,0,0,0,0,581,117,3624,408,4032,-0.0649422,0.111591,-0.99163,0
7565,0,0,0,0,1463,347,9375,1228,10603,-0.0608329,0.108817,-0.992199,0
7197,0,0,0,0,953,249,8399,728,9127,-0.0605725,0.106936,-0.992419,0
3578,0,0,0,0,690,165,4433,456,4889,-0.0524061,0.0899228,-0.994569,0
7295,0,0,0,0,1385,331,9011,898,9909,-0.0522427,0.0914608,-0.994437,0
7293,0,0,0,0,1410,330,9033,835,9868,-0.0462577,0.0836257,-0.995423,0
7349,0,0,0,0,1377,330,9056,851,9907,-0.0361141,0.068775,-0.996978,0
7540,0,0,0,0,1412,340,9292,920,10212,-0.0312088,0.0618449,-0.997598,0
7061,0,0,0,0,940,225,8226,598,8824,-0.0275398,0.0578632,-0.997945,0
4465,0,0,0,0,918,211,5594,511,6105,-0.0170321,0.0517755,-0.998513,0
7256,0,0,0,0,1400,347,9003,951,9954,-0.0136461,0.0493499,-0.998688,0
7480,0,0,0,0,1425,376,9281,928,10209,-0.010673,0.0539542,-0.998486,0
7293,0,0,0,0,1452,375,9120,801,9921,-0.0139416,0.0582182,-0.998207,0
6627,0,0,0,0,1259,305,8191,770,8961,-0.0162397,0.0661821,-0.997675,0
7290,0,0,0,0,1432,341,9063,899,9962,-0.0196914,0.070653,-0.997307,0
8334,0,0,0,0,1462,347,10143,987,11130,-0.0205481,0.0748474,-0.996983,0
7278,0,0,0,0,1412,346,9036,961,9997,-0.0210208,0.0759799,-0.996888,0
7683,0,0,0,0,1430,337,9450,978,10428,-0.0190729,0.0765671,-0.996882,0
7253,0,0,0,0,1440,347,9040,856,9896,-0.0191272,0.0738027,-0.997089,0
7286,0,0,0,0,1475,343,9104,854,9958,-0.0146708,0.0755623,-0.997033,0
7276,0,0,0,0,1423,345,9044,842,9886,-0.0131016,0.0728694,-0.997255,0
7883,0,0,0,0,1503,348,9734,924,10658,-0.0104883,0.0715064,-0.997385,0
7322,0,0,0,0,1469,352,9143,882,10025,-0.0121376,0.0672694,-0.997661,0
7453,0,0,0,0,1479,402,9334,824,10158,-0.0100146,0.0674922,-0.99767,0
7581,0,0,0,0,1445,363,9389,926,10315,-0.0072011,0.0646015,-0.997885,0
7353,0,0,0,0,1428,233,9014,572,9586,-0.00896126,0.0575937,-0.9983,0
4856,0,0,0,0,1005,240,6101,588,6689,-0.00995121,0.0522153,-0.998586,0
7416,0,0,0,0,1442,349,9207,826,10033,-0.00912066,0.0483508,-0.998789,0
7374,0,0,0,0,1452,392,9218,792,10010,-0.0106957,0.0464779,-0.998862,0
7359,0,0,0,0,1470,369,9198,1004,10202,-0.00974237,0.0442183,-0.998974,0
7250,0,0,0,0,1460,347,9057,911,9968,-0.0101512,0.0439803,-0.998981,0
