Downsample[ns],BuildFilTree[ns],SearchFil[ns],DeleteFil[ns],BuildTreeSub[ns],SearchSub[ns],DeleteSub[ns],PreProcTotal[ns],Plane[ns],Total[ns],nx,ny,nz,planeCount
5767,0,0,0,0,860,240,6867,629,7496,-0.0359392,0.113051,-0.992939,0
4632,0,0,0,0,865,216,5713,606,6319,-0.0186249,0.0502945,-0.998561,0
5530,0,0,0,0,864,249,6643,319,6962,-0.0451548,0.0136481,-0.998887,0
4746,0,0,0,0,860,219,5825,1304,7129,-0.0126417,0.0191653,-0.999737,0
5432,0,0,0,0,864,221,6517,1224,7741,-0.0212527,0.0118683,-0.999704,0
5107,0,0,0,0,881,223,6211,1177,7388,-0.0308874,0.0112943,-0.999459,0
4709,0,0,0,0,863,218,5790,1176,6966,-0.0309727,0.0116231,-0.999453,0
5504,0,0,0,0,886,224,6614,1180,7794,-0.0177519,0.0153513,-0.999725,0
5110,0,0,0,0,870,220,6200,1194,7394,-0.0145771,0.00929742,-0.999851,0
4793,0,0,0,0,872,223,5888,1409,7297,-0.0340012,0.00568017,-0.999406,0
4810,0,0,0,0,872,220,5902,1297,7199,-0.0313263,0.0196064,-0.999317,0
4988,0,0,0,0,908,223,6119,1211,7330,-0.0214807,0.00979961,-0.999721,0
4716,0,0,0,0,949,253,5918,1210,7128,-0.0132026,0.0105332,-0.999858,0
4820,0,0,0,0,859,218,5897,1260,7157,-0.0225668,0.0183436,-0.999577,0
4721,0,0,0,0,851,221,5793,1330,7123,-0.0130698,0.0192486,-0.999729,0
4749,0,0,0,0,863,218,5830,1192,7022,-0.0334244,0.00859624,-0.999404,0
4912,0,0,0,0,924,257,6093,1283,7376,-0.0307643,0.00822648,-0.999493,0
4674,0,0,0,0,906,226,5806,1271,7077,-0.0230255,0.0206834,-0.999521,0
4666,0,0,0,0,855,218,5739,1245,6984,-0.0417118,0.00795666,-0.999098,0
4734,0,0,0,0,801,219,5754,1216,6970,-0.0328104,0.0104707,-0.999407,0
4680,0,0,0,0,883,219,5782,1184,6966,-0.0326163,0.00796411,-0.999436,0
4774,0,0,0,0,921,220,5915,1213,7128,-0.0276016,0.0157121,-0.999495,0
3432,0,0,0,0,596,162,4190,843,5033,-0.0344351,0.0178871,-0.999247,0
4809,0,0,0,0,854,216,5879,1283,7162,-0.0285559,0.0113428,-0.999528,0
4926,0,0,0,0,895,239,6060,1222,7282,-0.0131799,0.0129166,-0.99983,0
4873,0,0,0,0,939,221,6033,1206,7239,-0.0123702,0.0163213,-0.99979,0
4875,0,0,0,0,893,222,5990,1196,7186,-0.0209933,0.00973901,-0.999732,0
4764,0,0,0,0,920,222,5906,1259,7165,-0.0337642,0.00680381,-0.999407,0
4785,0,0,0,0,855,253,5893,1137,7030,-0.0367058,0.0113279,-0.999262,0
4730,0,0,0,0,878,255,5863,1203,7066,-0.0161722,0.0178162,-0.999711,0
4723,0,0,0,0,876,222,5821,1345,7166,-0.0377842,0.0179426,-0.999125,0
4771,0,0,0,0,919,223,5913,1181,7094,-0.0331798,0.0201431,-0.999247,0
4812,0,0,0,0,880,220,5912,1269,7181,-0.0250349,0.0225016,-0.999433,0
4749,0,0,0,0,860,219,5828,1193,7021,-0.0150627,0.0145484,-0.999781,0
4827,0,0,0,0,874,222,5923,1218,7141,-0.0138312,0.0154647,-0.999785,0
4819,0,0,0,0,883,222,5924,1240,7164,-0.0222091,0.0183821,-0.999584,0
5436,0,0,0,0,906,222,6564,1173,7737,-0.0344204,0.00847976,-0.999371,0
4718,0,0,0,0,852,216,5786,1244,7030,-0.0131456,0.010739,-0.999856,0
5248,0,0,0,0,856,220,6324,1197,7521,-0.0336992,0.00889634,-0.999392,0
4836,0,0,0,0,896,222,5954,1600,7554,-0.0175756,0.0166837,-0.999706,0
5047,0,0,0,0,861,222,6130,1194,7324,-0.0264545,0.00929933,-0.999607,0
5041,0,0,0,0,1259,275,6575,1236,7811,-0.034594,0.0107666,-0.999343,0
4683,0,0,0,0,854,215,5752,1179,6931,-0.0366466,0.0109524,-0.999268,0
4605,0,0,0,0,857,216,5678,1257,6935,-0.0119547,0.0118284,-0.999859,0
4664,0,0,0,0,852,215,5731,1226,6957,-0.0357347,0.0100291,-0.999311,0
4846,0,0,0,0,858,218,5922,1397,7319,-0.0151813,0.0163082,-0.999752,0
4730,0,0,0,0,861,217,5808,1174,6982,-0.021033,0.00994862,-0.999729,0
4751,0,0,0,0,861,217,5829,1214,7043,-0.0357518,0.010545,-0.999305,0
4728,0,0,0,0,938,240,5906,1247,7153,-0.036,0.00940202,-0.999308,0
4830,0,0,0,0,901,220,5951,1243,7194,-0.0440926,0.0179015,-0.998867,0
4871,0,0,0,0,881,220,5972,1250,7222,-0.0331051,0.0108726,-0.999393,0
4311,0,0,0,0,778,197,5286,1041,6327,-0.0140309,0.0133808,-0.999812,0
4864,0,0,0,0,893,232,5989,1178,7167,-0.0336871,0.0150912,-0.999319,0
4669,0,0,0,0,867,230,5766,1527,7293,-0.0394721,0.0257564,-0.998889,0
5234,0,0,0,0,965,224,6423,1193,7616,-0.0291507,0.0217824,-0.999337,0
5025,0,0,0,0,974,345,6344,1311,7655,-0.0235599,0.0231534,-0.999454,0
4959,0,0,0,0,866,279,6104,1369,7473,-0.0123526,0.013366,-0.999834,0
4320,0,0,0,0,773,198,5291,1129,6420,-0.0216663,0.010483,-0.99971,0
4762,0,0,0,0,868,222,5852,1174,7026,-0.0116644,0.0120426,-0.99986,0
4801,0,0,0,0,918,225,5944,1184,7128,-0.0227563,0.0147004,-0.999633,0
4779,0,0,0,0,1002,226,6007,1176,7183,-0.0348056,0.010677,-0.999337,0
4844,0,0,0,0,858,219,5921,1263,7184,-0.0309783,0.00776896,-0.99949,0
5051,0,0,0,0,881,222,6154,1253,7407,-0.0366144,0.00842273,-0.999294,0
4708,0,0,0,0,865,237,5810,1149,6959,-0.0279048,0.0146119,-0.999504,0
4700,0,0,0,0,901,223,5824,1254,7078,-0.0122375,0.0113747,-0.99986,0
4692,0,0,0,0,864,217,5773,1406,7179,-0.0159781,0.0168676,-0.99973,0
4725,0,0,0,0,909,226,5860,1179,7039,-0.0350571,0.0077529,-0.999355,0
5384,0,0,0,0,864,223,6471,1310,7781,-0.0392211,0.00967827,-0.999184,0
4717,0,0,0,0,869,218,5804,1434,7238,-0.0320099,0.0121867,-0.999413,0
4864,0,0,0,0,860,221,5945,1273,7218,-0.0364183,0.0105213,-0.999281,0
4720,0,0,0,0,873,219,5812,1168,6980,-0.0357302,0.010178,-0.999309,0
4725,0,0,0,0,866,220,5811,1216,7027,-0.0345179,0.018792,-0.999227,0
4731,0,0,0,0,875,229,5835,1282,7117,-0.0278828,0.025079,-0.999297,0
4777,0,0,0,0,917,221,5915,1223,7138,-0.0112927,0.0156139,-0.999815,0
5429,0,0,0,0,867,222,6518,1213,7731,-0.0113161,0.0101233,-0.999885,0
4691,0,0,0,0,865,218,5774,1245,7019,-0.0463927,0.0113145,-0.998859,0
4666,0,0,0,0,863,217,5746,1170,6916,-0.0296473,0.0115418,-0.999494,0
5891,0,0,0,0,882,226,6999,1176,8175,-0.0137166,0.0137724,-0.999811,0
4698,0,0,0,0,870,235,5803,1222,7025,-0.0329345,0.010402,-0.999404,0
5333,0,0,0,0,872,224,6429,1228,7657,-0.0330152,0.00783004,-0.999424,0
4727,0,0,0,0,874,221,5822,1174,6996,-0.0255171,0.00982419,-0.999626,0
4595,0,0,0,0,873,220,5688,1181,6869,-0.0403473,0.0174548,-0.999033,0
5431,0,0,0,0,859,224,6514,1217,7731,-0.0208355,0.0115556,-0.999716,0
4871,0,0,0,0,859,218,5948,1267,7215,-0.0414664,0.00808559,-0.999107,0
4916,0,0,0,0,888,240,6044,1244,7288,-0.0184695,0.0127006,-0.999749,0
4861,0,0,0,0,941,263,6065,1234,7299,-0.0179839,0.012014,-0.999766,0
5280,0,0,0,0,870,222,6372,1208,7580,-0.0307781,0.00620596,-0.999507,0
5126,0,0,0,0,937,290,6353,1311,7664,-0.022651,0.0177332,-0.999586,0
4753,0,0,0,0,872,220,5845,1250,7095,-0.0173496,0.0108455,-0.999791,0
4779,0,0,0,0,862,221,5862,1175,7037,-0.0292491,0.0210523,-0.99935,0
4702,0,0,0,0,871,259,5832,1228,7060,-0.0296974,0.0208728,-0.999341,0
4832,0,0,0,0,874,256,5962,1220,7182,-0.0311599,0.00786807,-0.999483,0
4670,0,0,0,0,879,221,5770,1224,6994,-0.0139125,0.0155581,-0.999782,0
4713,0,0,0,0,889,229,5831,1119,6950,-0.0319521,0.0124542,-0.999412,0
5360,0,0,0,0,1163,236,6759,1255,8014,-0.0120195,0.00971628,-0.99988,0
4893,0,0,0,0,997,243,6133,1152,7285,-0.0222812,0.0162304,-0.99962,0
5539,0,0,0,0,928,237,6704,1195,7899,-0.0217314,0.0185852,-0.999591,0
4734,0,0,0,0,914,238,5886,1114,7000,-0.0388006,0.0133035,-0.999158,0
5600,0,0,0,0,917,237,6754,1162,7916,-0.0337903,0.0201557,-0.999226,0
4712,0,0,0,0,925,231,5868,1209,7077,-0.0475361,0.0246979,-0.998564,0
4918,0,0,0,0,917,232,6067,1100,7167,-0.0320919,0.00920438,-0.999443,0
5518,0,0,0,0,959,241,6718,1112,7830,-0.013561,0.020206,-0.999704,0
4920,0,0,0,0,973,238,6131,1145,7276,-0.023927,0.011608,-0.999646,0
5396,0,0,0,0,915,236,6547,1170,7717,-0.0253985,0.0254136,-0.999354,0
4669,0,0,0,0,923,277,5869,1268,7137,-0.0148419,0.0253974,-0.999567,0
4702,0,0,0,0,925,231,5858,1190,7048,-0.0318698,0.00546261,-0.999477,0
5470,0,0,0,0,925,243,6638,1336,7974,-0.0462252,0.00599128,-0.998913,0
4811,0,0,0,0,910,230,5951,1151,7102,-0.036031,0.00733591,-0.999324,0
5649,0,0,0,0,1046,265,6960,1328,8288,-0.0369465,0.0116209,-0.99925,0
4715,0,0,0,0,933,236,5884,1200,7084,-0.0435367,0.0235816,-0.998773,0
5043,0,0,0,0,934,235,6212,1134,7346,-0.0351763,0.00966124,-0.999334,0
5320,0,0,0,0,952,261,6533,1413,7946,-0.0520686,0.0237679,-0.998361,0
5199,0,0,0,0,914,263,6376,1204,7580,-0.0176108,0.0129708,-0.999761,0
4770,0,0,0,0,936,233,5939,1177,7116,-0.0285163,0.0072185,-0.999567,0
4727,0,0,0,0,920,229,5876,1144,7020,-0.03471,0.00569421,-0.999381,0
4876,0,0,0,0,898,230,6004,1224,7228,-0.0348561,0.00537247,-0.999378,0
5361,0,0,0,0,1055,273,6689,1354,8043,-0.0325877,0.00609321,-0.99945,0
5735,0,0,0,0,1045,265,7045,1319,8364,-0.0110487,0.00845397,-0.999903,0
4468,0,0,0,0,629,161,5258,809,6067,-0.0222593,0.00525488,-0.999738,0
3095,0,0,0,0,583,148,3826,751,4577,-0.0344176,0.0220314,-0.999164,0
5516,0,0,0,0,1043,264,6823,1360,8183,-0.0133721,0.016014,-0.999782,0
5314,0,0,0,0,968,262,6544,1314,7858,-0.0343257,0.00937062,-0.999367,0
5382,0,0,0,0,1119,247,6748,1254,8002,-0.0366469,0.012617,-0.999249,0
4728,0,0,0,0,922,306,5956,1236,7192,-0.0397063,0.0136085,-0.999119,0
5195,0,0,0,0,883,244,6322,1466,7788,-0.0246909,0.0167988,-0.999554,0
5533,0,0,0,0,944,220,6697,1177,7874,-0.0154941,0.0211315,-0.999657,0
4791,0,0,0,0,795,201,5787,1307,7094,-0.0140402,0.0162226,-0.99977,0
5404,0,0,0,0,866,220,6490,1626,8116,-0.0143689,0.0347999,-0.999291,0
4819,0,0,0,0,741,190,5750,1238,6988,-0.0133946,0.0382066,-0.99918,0
3474,0,0,0,0,541,133,4148,885,5033,-0.0284799,0.0491444,-0.998386,0
5606,0,0,0,0,825,183,6614,302,6916,-0.0148234,0.0515817,-0.998559,0
4990,0,0,0,0,708,181,5879,1288,7167,-0.0380101,0.0573223,-0.997632,0
5841,0,0,0,0,861,204,6906,455,7361,0.0576298,0.113104,-0.991911,0
5659,0,0,0,0,755,205,6619,876,7495,-0.0274691,0.0723325,-0.997002,0
5941,0,0,0,0,837,203,6981,515,7496,-0.05127,0.107286,-0.992906,0
6015,0,0,0,0,749,190,6954,611,7565,-0.0532462,0.107078,-0.992824,0
5351,0,0,0,0,635,162,6148,465,6613,-0.0535346,0.10878,-0.992623,0
5603,0,0,0,0,595,156,6354,480,6834,-0.046384,0.0949746,-0.994398,0
5241,0,0,0,0,547,140,5928,467,6395,-0.0468382,0.107939,-0.993054,0
5121,0,0,0,0,526,131,5778,556,6334,-0.0253233,0.057974,-0.997997,0
5287,0,0,0,0,455,141,5883,449,6332,-0.038711,0.093952,-0.994824,0
5306,0,0,0,0,430,123,5859,463,6322,-0.0146308,0.0689313,-0.997514,0
5400,0,0,0,0,416,106,5922,650,6572,0.00355885,0.0795861,-0.996822,0
5130,0,0,0,0,384,96,5610,639,6249,0.0231034,0.0817142,-0.996388,0
5154,0,0,0,0,344,91,5589,631,6220,0.0158593,0.103739,-0.994478,0
5098,0,0,0,0,338,87,5523,677,6200,-0.0041089,0.0823557,-0.996595,0
5228,0,0,0,0,334,113,5675,703,6378,-0.0256639,0.112914,-0.993273,0
5029,0,0,0,0,286,94,5409,581,5990,-0.0142717,0.0588451,-0.998165,0
5792,0,0,0,0,250,67,6109,626,6735,-0.00976807,0.0430835,-0.999024,0
4774,0,0,0,0,182,57,5013,543,5556,0.0315292,-0.0492564,-0.998288,0
4457,0,0,0,0,165,48,4670,566,5236,0.00968858,0.0145648,-0.999847,0
4991,0,0,0,0,156,50,5197,577,5774,0.0312287,-0.0480095,-0.998359,0
5005,0,0,0,0,147,47,5199,563,5762,0.019422,0.0205964,-0.999599,0
5050,0,0,0,0,132,46,5228,603,5831,0.0457682,-0.0263386,-0.998605,0
5532,0,0,0,0,126,45,5703,548,6251,0.0617326,0.0645192,-0.996005,0
4846,0,0,0,0,94,34,4974,433,5407,0.0602466,0.092181,-0.993918,0
4655,0,0,0,0,95,35,4785,486,5271,0.0596271,0.065398,-0.996076,0
4559,0,0,0,0,85,32,4676,492,5168,0.0391161,-0.0718268,-0.99665,0
4639,0,0,0,0,123,34,4796,645,5441,0.0673253,-0.163181,-0.984296,0
4593,0,0,0,0,70,31,4694,535,5229,0.0813203,-0.267124,-0.960225,0
5000,0,0,0,0,80,36,5116,548,5664,0.0649781,-0.193418,-0.978962,0
4798,0,0,0,0,134,53,4985,625,5610,0.0770622,-0.240988,-0.967464,0
4293,0,0,0,0,98,36,4427,522,4949,0.0806153,-0.234786,-0.968699,0
4444,0,0,0,0,126,42,4612,506,5118,0.07756,-0.23286,-0.969412,0
4109,0,0,0,0,102,37,4248,520,4768,0.077764,-0.257039,-0.963267,0
3957,0,0,0,0,150,48,4155,527,4682,0.0662369,-0.221891,-0.972819,0
3870,0,0,0,0,93,36,3999,568,4567,0.0713028,-0.2177,-0.973408,0
3961,0,0,0,0,104,40,4105,617,4722,0.0676823,-0.169737,-0.983163,0
4321,0,0,0,0,133,51,4505,765,5270,0.0619078,-0.134924,-0.98892,0
3725,0,0,0,0,136,47,3908,613,4521,0.0531662,-0.105286,-0.99302,0
4359,0,0,0,0,201,62,4622,686,5308,0.0643657,-0.154408,-0.985908,0
4089,0,0,0,0,214,64,4367,646,5013,0.0788424,-0.0261144,-0.996545,0
5216,0,0,0,0,242,73,5531,879,6410,0.0397706,-0.0601399,-0.997398,0
4213,0,0,0,0,236,70,4519,947,5466,0.0755397,-0.133682,-0.988141,0
5286,0,0,0,0,305,90,5681,1139,6820,0.0798826,-0.115953,-0.990037,0
4378,0,0,0,0,480,145,5003,1467,6470,0.0286438,-0.0342341,-0.999003,0
4547,0,0,0,0,365,103,5015,1131,6146,0.0167585,-0.0323283,-0.999337,0
4729,0,0,0,0,446,114,5289,1362,6651,0.0114744,-0.0332464,-0.999381,0
4524,0,0,0,0,470,121,5115,1526,6641,-0.0064393,-0.0194545,-0.99979,0
4516,0,0,0,0,527,133,5176,1484,6660,-0.0396885,0.081604,-0.995874,0
4571,0,0,0,0,543,141,5255,1250,6505,-0.0310211,0.0751677,-0.996689,0
4521,0,0,0,0,583,148,5252,1256,6508,-0.0537766,0.0925947,-0.994251,0
5665,0,0,0,0,650,172,6487,1248,7735,-0.0297908,0.0847969,-0.995953,0
4727,0,0,0,0,663,167,5557,1424,6981,-0.0212318,0.0875746,-0.995932,0
4852,0,0,0,0,690,173,5715,1417,7132,-0.0145818,0.0949933,-0.995371,0
4874,0,0,0,0,737,180,5791,1185,6976,-0.0185151,0.0807824,-0.99656,0
5316,0,0,0,0,757,191,6264,1387,7651,-0.0230329,0.0848565,-0.996127,0
6114,0,0,0,0,1163,214,7491,1350,8841,-0.0293718,0.0975904,-0.994793,0
4601,0,0,0,0,794,195,5590,905,6495,-0.044551,0.115163,-0.992347,0
4869,0,0,0,0,933,246,6048,852,6900,-0.0740167,0.144346,-0.986755,0
5080,0,0,0,0,981,237,6298,1532,7830,-0.09256,0.239452,-0.966486,0
2136,0,0,0,0,465,111,2712,591,3303,-0.37023,-0.357303,-0.857475,0
6275,0,0,0,0,1248,296,7819,791,8610,0.0378493,0.0631843,-0.997284,0
5462,0,0,0,0,1356,353,7171,1186,8357,0.031631,0.0787082,-0.996396,0
6221,0,0,0,0,1596,370,8187,1022,9209,0.00789047,0.0605984,-0.998131,0
6183,0,0,0,0,1601,389,8173,1369,9542,0.0194176,0.0858632,-0.996118,0
6108,0,0,0,0,1669,402,8179,1178,9357,0.161956,-0.289027,-0.943522,0
6640,0,0,0,0,1777,581,8998,679,9677,0.174987,0.143871,-0.974003,0
6585,0,0,0,0,1787,428,8800,2941,11741,0.100414,0.20439,-0.973726,0
4839,0,0,0,0,1297,305,6441,2051,8492,0.0930402,0.194671,-0.976446,0
6263,0,0,0,0,1954,463,8680,3112,11792,-0.0357931,0.207511,-0.977577,0
6385,0,0,0,0,1920,464,8769,3566,12335,-0.0457574,0.195338,-0.979668,0
6192,0,0,0,0,1909,441,8542,3166,11708,-0.0664631,0.180485,-0.98133,0
4245,0,0,0,0,1178,287,5710,2160,7870,-0.0559015,0.147728,-0.987447,0
6091,0,0,0,0,1707,443,8241,3246,11487,-0.0576429,0.12886,-0.989986,0
6037,0,0,0,0,1585,374,7996,2821,10817,-0.0791944,0.1406,-0.986894,0
4145,0,0,0,0,1065,251,5461,2270,7731,-0.0321111,0.130737,-0.990897,0
6676,0,0,0,0,1439,347,8462,3288,11750,-0.0502178,0.114364,-0.992169,0
6071,0,0,0,0,1424,341,7836,2998,10834,-0.0461638,0.0959119,-0.994319,0
6016,0,0,0,0,1373,353,7742,2384,10126,-0.0422884,0.0989289,-0.994196,0
5778,0,0,0,0,1291,317,7386,2636,10022,-0.0470787,0.0752624,-0.996052,0
5827,0,0,0,0,1262,329,7418,2168,9586,-0.0604992,0.0920697,-0.993913,0
5460,0,0,0,0,1108,264,6832,2124,8956,-0.0663966,0.107388,-0.991998,0
5755,0,0,0,0,1107,281,7143,2037,9180,-0.0759188,0.112511,-0.990746,0
5526,0,0,0,0,1216,256,6998,2015,9013,-0.0841004,0.0693737,-0.99404,0
5239,0,0,0,0,914,223,6376,1920,8296,-0.174821,0.116976,-0.977627,0
5074,0,0,0,0,868,233,6175,1599,7774,-0.184837,0.122121,-0.975152,0
4897,0,0,0,0,778,184,5859,1347,7206,-0.140796,0.131136,-0.981315,0
4780,0,0,0,0,679,166,5625,1411,7036,-0.140668,0.11341,-0.98354,0
4475,0,0,0,0,604,152,5231,1453,6684,-0.159429,0.113964,-0.980609,0
4411,0,0,0,0,562,139,5112,1217,6329,-0.150222,0.107986,-0.982737,0
4517,0,0,0,0,600,156,5273,1286,6559,-0.145276,0.128619,-0.980995,0
4481,0,0,0,0,492,128,5101,1171,6272,-0.134469,0.147844,-0.979827,0
4102,0,0,0,0,460,117,4679,1234,5913,-0.119001,0.124419,-0.985068,0
4362,0,0,0,0,477,142,4981,1363,6344,-0.124837,0.123359,-0.984479,0
4525,0,0,0,0,470,123,5118,1447,6565,-0.166706,0.197815,-0.96596,0
4260,0,0,0,0,494,123,4877,1300,6177,-0.130111,0.148878,-0.980258,0
4207,0,0,0,0,425,130,4762,1340,6102,-0.113165,0.143641,-0.983138,0
4002,0,0,0,0,389,105,4496,1450,5946,-0.0751603,0.121249,-0.989773,0
4289,0,0,0,0,473,120,4882,1194,6076,-0.0844758,0.132309,-0.987602,0
4353,0,0,0,0,419,117,4889,1177,6066,-0.119211,0.216636,-0.968947,0
4159,0,0,0,0,500,117,4776,1134,5910,-0.112485,0.194737,-0.974384,0
4365,0,0,0,0,407,113,4885,1139,6024,-0.101298,0.194175,-0.975723,0
4200,0,0,0,0,395,112,4707,1062,5769,-0.0944972,0.185531,-0.978084,0
4363,0,0,0,0,402,113,4878,1088,5966,-0.0881287,0.173412,-0.980898,0
4319,0,0,0,0,411,115,4845,1080,5925,-0.0829177,0.181383,-0.97991,0
4441,0,0,0,0,407,113,4961,1137,6098,-0.0816717,0.152232,-0.984964,0
4440,0,0,0,0,435,118,4993,993,5986,-0.0735677,0.167816,-0.98307,0
4317,0,0,0,0,409,114,4840,1002,5842,-0.0817899,0.191078,-0.978161,0
4299,0,0,0,0,409,118,4826,974,5800,-0.0673336,0.14176,-0.987608,0
4289,0,0,0,0,451,143,4883,1023,5906,-0.085891,0.189645,-0.978089,0
4326,0,0,0,0,430,115,4871,911,5782,-0.0801983,0.182067,-0.98001,0
4163,0,0,0,0,416,115,4694,836,5530,-0.0800753,0.184744,-0.979519,0
4215,0,0,0,0,440,119,4774,917,5691,-0.0928383,0.211776,-0.972899,0
4582,0,0,0,0,479,130,5191,752,5943,-0.107185,0.249484,-0.962429,0
4929,0,0,0,0,598,170,5697,609,6306,-0.115245,0.280249,-0.952984,0
3911,0,0,0,0,488,130,4529,442,4971,-0.115694,0.212269,-0.970339,0
3917,0,0,0,0,533,138,4588,353,4941,-0.0417344,0.203231,-0.978241,0
3936,0,0,0,0,541,139,4616,507,5123,-0.0561014,0.18102,-0.981878,0
4021,0,0,0,0,644,146,4811,461,5272,-0.0562253,0.151464,-0.986862,0
3918,0,0,0,0,573,145,4636,400,5036,-0.039753,0.091455,-0.995015,0
4504,0,0,0,0,597,158,5259,469,5728,-0.0472695,0.108295,-0.992995,0
3908,0,0,0,0,596,143,4647,385,5032,-0.0427232,0.104271,-0.993631,0
3854,0,0,0,0,538,143,4535,371,4906,-0.0426979,0.109134,-0.99311,0
3892,0,0,0,0,540,139,4571,385,4956,-0.0576179,0.128362,-0.990052,0
3974,0,0,0,0,544,142,4660,324,4984,-0.0805927,0.211317,-0.974089,0
4013,0,0,0,0,588,177,4778,372,5150,-0.0664097,0.137901,-0.988217,0
4062,0,0,0,0,543,145,4750,690,5440,-0.0583509,0.141689,-0.98819,0
4267,0,0,0,0,600,152,5019,376,5395,-0.0638544,0.1678,-0.983751,0
3964,0,0,0,0,588,146,4698,329,5027,-0.0792529,0.401239,-0.912539,0
4050,0,0,0,0,553,145,4748,495,5243,-0.0627391,0.155109,-0.985903,0
4688,0,0,0,0,625,164,5477,384,5861,-0.109427,0.213378,-0.970822,0
4536,0,0,0,0,592,151,5279,815,6094,-0.0628444,0.142072,-0.987859,0
4627,0,0,0,0,726,170,5523,743,6266,-0.0598979,0.13967,-0.988385,0
4383,0,0,0,0,673,169,5225,772,5997,-0.058043,0.140105,-0.988434,0
4826,0,0,0,0,674,170,5670,755,6425,-0.0576361,0.141673,-0.988234,0
4037,0,0,0,0,846,199,5082,677,5759,-0.0564965,0.134855,-0.989254,0
4002,0,0,0,0,591,150,4743,706,5449,-0.0603334,0.14275,-0.987918,0
2376,0,0,0,0,277,68,2721,302,3023,-0.0577793,0.137337,-0.988838,0
4046,0,0,0,0,560,147,4753,736,5489,-0.0533635,0.137528,-0.989059,0
4204,0,0,0,0,574,148,4926,342,5268,-0.0869884,0.219765,-0.971667,0
4169,0,0,0,0,569,162,4900,435,5335,-0.0986137,0.248843,-0.96351,0
4024,0,0,0,0,568,149,4741,375,5116,-0.103927,0.224591,-0.968896,0
4692,0,0,0,0,583,171,5446,759,6205,-0.0564018,0.138593,-0.988742,0
4080,0,0,0,0,610,155,4845,337,5182,-0.0982173,0.261646,-0.960154,0
4186,0,0,0,0,562,149,4897,425,5322,-0.0915816,0.139594,-0.985965,0
4085,0,0,0,0,677,158,4920,361,5281,-0.0652913,0.122915,-0.990267,0
4904,0,0,0,0,698,203,5805,423,6228,-0.0241506,0.017983,-0.999547,0
4226,0,0,0,0,567,151,4944,463,5407,-0.0523875,0.125048,-0.990767,0
4024,0,0,0,0,601,151,4776,674,5450,-0.0493018,0.126459,-0.990746,0
4094,0,0,0,0,571,149,4814,708,5522,-0.0520848,0.131173,-0.98999,0
4198,0,0,0,0,581,150,4929,721,5650,-0.0614077,0.13934,-0.988339,0
4100,0,0,0,0,635,154,4889,726,5615,-0.0562962,0.131233,-0.989752,0
3984,0,0,0,0,594,150,4728,704,5432,-0.0550666,0.136999,-0.989039,0
3977,0,0,0,0,579,153,4709,639,5348,-0.0526104,0.135748,-0.989346,0
4101,0,0,0,0,602,150,4853,704,5557,-0.0537738,0.135335,-0.98934,0
4149,0,0,0,0,584,150,4883,660,5543,-0.0535358,0.136186,-0.989236,0
4227,0,0,0,0,646,147,5020,307,5327,-0.171831,0.522432,-0.835188,0
4609,0,0,0,0,868,236,5713,564,6277,-0.0893865,0.149909,-0.984651,0
3991,0,0,0,0,609,165,4765,815,5580,-0.0607687,0.142499,-0.987928,0
4254,0,0,0,0,698,174,5126,696,5822,-0.061563,0.140436,-0.988174,0
4482,0,0,0,0,558,159,5199,356,5555,-0.137096,0.411205,-0.901174,1
4191,0,0,0,0,555,146,4892,400,5292,-0.0840375,0.150987,-0.984957,1
3993,0,0,0,0,565,184,4742,321,5063,-0.0493638,0.210245,-0.976402,1
4405,0,0,0,0,560,151,5116,477,5593,-0.0599354,0.135496,-0.988964,1
4174,0,0,0,0,611,190,4975,881,5856,-0.060355,0.142955,-0.987887,1
4601,0,0,0,0,637,166,5404,755,6159,-0.0552111,0.135046,-0.9893,1
4431,0,0,0,0,561,151,5143,660,5803,-0.0557463,0.137174,-0.988977,1
4052,0,0,0,0,565,148,4765,666,5431,-0.0570028,0.13748,-0.988863,1
4947,0,0,0,0,636,169,5752,745,6497,-0.0543012,0.134828,-0.98938,1
4120,0,0,0,0,568,147,4835,650,5485,-0.0627326,0.144408,-0.987528,1
4103,0,0,0,0,750,154,5007,690,5697,-0.0577424,0.140298,-0.988424,1
5375,0,0,0,0,679,172,6226,-1000,-1000,-1,-1,-1,1
4381,0,0,0,0,634,164,5179,489,5668,-0.0648565,0.119328,-0.990734,1
4893,0,0,0,0,630,169,5692,764,6456,-0.0552576,0.138566,-0.988811,1
4448,0,0,0,0,634,164,5246,342,5588,-0.142969,0.542841,-0.827577,1
5203,0,0,0,0,639,169,6011,487,6498,-0.0580723,0.155052,-0.986198,1
4359,0,0,0,0,606,165,5130,788,5918,-0.0615082,0.145055,-0.98751,1
4992,0,0,0,0,629,168,5789,707,6496,-0.050289,0.144947,-0.988161,1
5107,0,0,0,0,739,222,6068,413,6481,-0.199927,0.462758,-0.863646,1
4507,0,0,0,0,629,206,5342,473,5815,-0.0539651,0.149707,-0.987257,1
4834,0,0,0,0,627,169,5630,734,6364,-0.0597767,0.144772,-0.987658,1
3998,0,0,0,0,587,150,4735,745,5480,-0.0588601,0.139892,-0.988416,1
4755,0,0,0,0,630,201,5586,-1000,-1000,-1,-1,-1,1
4362,0,0,0,0,594,154,5110,410,5520,-0.0609668,0.157687,-0.985605,1
4492,0,0,0,0,642,164,5298,344,5642,-0.0624951,0.147091,-0.987147,1
5085,0,0,0,0,648,171,5904,360,6264,0.111231,-0.397356,-0.910898,1
4615,0,0,0,0,602,150,5367,514,5881,-0.0558611,0.135719,-0.989171,1
4613,0,0,0,0,626,171,5410,340,5750,-0.0118318,-0.0183861,-0.999761,1
4484,0,0,0,0,619,161,5264,498,5762,-0.0472019,0.131142,-0.990239,1
4930,0,0,0,0,624,167,5721,380,6101,-0.126785,0.149142,-0.980654,1
4853,0,0,0,0,631,170,5654,455,6109,-0.0147954,0.160657,-0.9869,1
4774,0,0,0,0,631,167,5572,666,6238,-0.0652558,0.138086,-0.988268,1
5251,0,0,0,0,690,172,6113,815,6928,-0.0577107,0.146444,-0.987534,1
4460,0,0,0,0,621,163,5244,373,5617,-0.0825738,0.227771,-0.970207,1
4628,0,0,0,0,661,165,5454,463,5917,-0.0679867,0.19672,-0.9781,1
4489,0,0,0,0,619,162,5270,423,5693,-0.0793737,0.221398,-0.971948,1
4585,0,0,0,0,700,164,5449,417,5866,-0.0503917,0.0846762,-0.995133,1
4805,0,0,0,0,943,209,5957,942,6899,-0.049458,0.129222,-0.990382,1
5647,0,0,0,0,702,167,6516,355,6871,-0.083582,0.232363,-0.969031,1
4986,0,0,0,0,711,192,5889,515,6404,-0.0722529,0.113337,-0.990926,1
4596,0,0,0,0,658,168,5422,412,5834,-0.0424799,0.159314,-0.986314,1
4402,0,0,0,0,637,189,5228,464,5692,-0.0735112,0.151019,-0.985794,1
4734,0,0,0,0,622,167,5523,804,6327,-0.0563883,0.137776,-0.988857,1
4701,0,0,0,0,613,162,5476,342,5818,-0.0630238,0.157281,-0.985541,1
4419,0,0,0,0,617,160,5196,339,5535,0.0325041,-0.166262,-0.985546,1
4840,0,0,0,0,646,199,5685,540,6225,-0.054437,0.142702,-0.988267,1
4931,0,0,0,0,667,183,5781,791,6572,-0.051817,0.137148,-0.989194,1
4581,0,0,0,0,618,164,5363,774,6137,-0.0551944,0.137699,-0.988935,1
4846,0,0,0,0,682,188,5716,376,6092,-0.0571077,0.14024,-0.988469,1
4436,0,0,0,0,621,161,5218,340,5558,-0.0847116,0.210488,-0.973919,1
4728,0,0,0,0,702,175,5605,393,5998,0.0783762,-0.175238,-0.981401,1
4434,0,0,0,0,624,162,5220,582,5802,-0.0507076,0.134254,-0.989649,1
4431,0,0,0,0,649,163,5243,365,5608,0.0208887,-0.181162,-0.983231,1
4590,0,0,0,0,690,168,5448,475,5923,-0.0693204,0.186488,-0.980009,1
4432,0,0,0,0,623,164,5219,380,5599,-0.0882977,0.184479,-0.978862,1
5957,0,0,0,0,621,170,6748,778,7526,-0.0516948,0.134658,-0.989543,1
4564,0,0,0,0,624,168,5356,404,5760,-0.0765322,0.192628,-0.978283,1
4606,0,0,0,0,619,162,5387,410,5797,-0.102462,0.223242,-0.969363,1
4466,0,0,0,0,647,166,5279,427,5706,0.107987,-0.244871,-0.963523,1
4899,0,0,0,0,621,167,5687,590,6277,-0.0439998,0.110702,-0.992879,1
4754,0,0,0,0,698,169,5621,798,6419,-0.0551154,0.130181,-0.989957,1
4384,0,0,0,0,616,150,5150,646,5796,-0.061679,0.134709,-0.988964,1
4832,0,0,0,0,552,146,5530,361,5891,-0.0964988,0.257758,-0.961379,1
3979,0,0,0,0,577,227,4783,521,5304,-0.0887066,0.138944,-0.986319,1
4723,0,0,0,0,653,166,5542,409,5951,-0.021822,-0.0849538,-0.996146,1
5436,0,0,0,0,650,173,6259,522,6781,-0.0518466,0.144903,-0.988086,1
4202,0,0,0,0,560,145,4907,348,5255,0.0888792,-0.416456,-0.904801,1
4442,0,0,0,0,653,166,5261,486,5747,-0.0563421,0.130708,-0.989819,1
4082,0,0,0,0,542,142,4766,317,5083,-0.0215595,0.0112918,-0.999704,1
4612,0,0,0,0,616,162,5390,488,5878,-0.0546557,0.131526,-0.989805,1
4435,0,0,0,0,704,176,5315,469,5784,-0.132622,0.378856,-0.915904,1
4386,0,0,0,0,634,165,5185,479,5664,-0.0832924,0.150204,-0.98514,1
4509,0,0,0,0,621,162,5292,825,6117,-0.057086,0.149664,-0.987088,1
4730,0,0,0,0,669,168,5567,824,6391,-0.0618289,0.164125,-0.9845,1
4582,0,0,0,0,655,172,5409,658,6067,-0.0696448,0.175614,-0.981992,1
4169,0,0,0,0,819,244,5232,762,5994,-0.0774432,0.187441,-0.979218,1
4182,0,0,0,0,618,160,4960,627,5587,-0.048516,0.216626,-0.975049,1
4132,0,0,0,0,641,164,4937,335,5272,0.150518,-0.0117702,-0.988537,1
4430,0,0,0,0,653,171,5254,503,5757,-0.0525347,0.17289,-0.983539,1
4586,0,0,0,0,672,178,5436,589,6025,-0.0709806,0.184747,-0.980219,1
4229,0,0,0,0,691,178,5098,617,5715,-0.0561423,0.19699,-0.978797,1
4616,0,0,0,0,745,195,5556,676,6232,-0.0757107,0.199995,-0.976867,1
4712,0,0,0,0,855,216,5783,742,6525,-0.0674382,0.189228,-0.979614,1
4502,0,0,0,0,894,224,5620,793,6413,-0.0718304,0.190435,-0.979068,1
4780,0,0,0,0,953,238,5971,846,6817,-0.0555001,0.192036,-0.979817,1
4678,0,0,0,0,952,241,5871,829,6700,-0.0416924,0.18028,-0.982731,1
4824,0,0,0,0,1002,249,6075,798,6873,-0.0219433,0.185682,-0.982365,1
5078,0,0,0,0,1100,245,6423,957,7380,-0.0302063,0.168751,-0.985196,1
4873,0,0,0,0,1110,283,6266,708,6974,-0.0235858,0.177454,-0.983847,1
5377,0,0,0,0,994,277,6648,323,6971,-0.0364452,0.169684,-0.984824,1
4912,0,0,0,0,1032,282,6226,795,7021,-0.0503168,0.145085,-0.988139,1
5524,0,0,0,0,1189,314,7027,764,7791,-0.0375725,0.150836,-0.987845,1
4749,0,0,0,0,1116,257,6122,821,6943,-0.0110116,0.160114,-0.987037,1
5039,0,0,0,0,1083,284,6406,321,6727,-0.036507,0.13173,-0.990613,1
5544,0,0,0,0,1032,259,6835,764,7599,-0.0317377,0.166447,-0.985539,1
5054,0,0,0,0,1034,255,6343,451,6794,-0.0542689,0.18086,-0.982011,1
5481,0,0,0,0,1092,296,6869,711,7580,-0.0349803,0.181162,-0.982831,1
5254,0,0,0,0,863,221,6338,665,7003,-0.000464045,0.165222,-0.986257,1
5134,0,0,0,0,757,198,6089,384,6473,0.022515,0.0672122,-0.997485,1
4536,0,0,0,0,800,223,5559,428,5987,-0.000509612,0.105531,-0.994416,1
4336,0,0,0,0,583,147,5066,857,5923,-0.0157386,0.144035,-0.989447,1
4472,0,0,0,0,500,135,5107,991,6098,-0.019677,0.159667,-0.986975,1
4503,0,0,0,0,533,155,5191,1262,6453,-0.0291496,0.19924,-0.979517,1
4952,0,0,0,0,534,139,5625,1990,7615,-0.0280479,0.151643,-0.988037,1
4642,0,0,0,0,472,122,5236,340,5576,0.00729532,0.169666,-0.985475,1
5053,0,0,0,0,484,125,5662,526,6188,-0.0251874,0.12554,-0.991769,1
5476,0,0,0,0,452,122,6050,481,6531,-0.0413717,0.164369,-0.985531,1
4564,0,0,0,0,379,121,5064,438,5502,-0.0256267,0.124902,-0.991838,1
5143,0,0,0,0,398,108,5649,586,6235,-0.0304828,0.173386,-0.984382,1
5415,0,0,0,0,369,104,5888,613,6501,-0.0246806,0.167702,-0.985529,1
4985,0,0,0,0,388,100,5473,612,6085,0.0260487,0.182144,-0.982927,1
4849,0,0,0,0,332,93,5274,501,5775,0.401798,0.172751,-0.899286,1
4346,0,0,0,0,275,78,4699,1235,5934,0.430214,0.262865,-0.863608,1
5203,0,0,0,0,287,81,5571,-1000,-1000,-1,-1,-1,1
4519,0,0,0,0,285,71,4875,670,5545,-0.0119948,0.200905,-0.979537,1
4876,0,0,0,0,244,66,5186,690,5876,-0.0373563,0.281018,-0.958975,1
4857,0,0,0,0,211,65,5133,694,5827,0.0264732,0.200166,-0.979405,1
7376,0,0,0,0,206,60,7642,818,8460,0.0356759,0.224444,-0.973834,1
5108,0,0,0,0,219,61,5388,865,6253,0.0452207,0.210251,-0.976601,1
5210,0,0,0,0,171,53,5434,871,6305,0.0634388,0.219471,-0.973554,1
4921,0,0,0,0,162,51,5134,799,5933,0.0604866,0.211896,-0.975418,1
4734,0,0,0,0,154,47,4935,753,5688,0.0613554,0.197779,-0.978325,1
4424,0,0,0,0,143,43,4610,760,5370,0.0672019,0.21517,-0.974262,1
5151,0,0,0,0,148,69,5368,942,6310,0.0502421,0.195433,-0.979429,1
4179,0,0,0,0,145,41,4365,936,5301,0.0424031,0.214489,-0.975806,1
5255,0,0,0,0,190,71,5516,1326,6842,0.0573366,0.238609,-0.969422,1
2324,0,0,0,0,72,24,2420,553,2973,0.0398294,0.218673,-0.974985,1
4174,0,0,0,0,136,45,4355,1006,5361,0.0527137,0.239313,-0.96951,1
3934,0,0,0,0,175,53,4162,1017,5179,0.0474437,0.2337,-0.971151,1
4428,0,0,0,0,216,65,4709,977,5686,0.0654189,0.221526,-0.972958,1
4558,0,0,0,0,242,80,4880,888,5768,0.0892366,0.22823,-0.969509,1
4395,0,0,0,0,277,80,4752,960,5712,0.081577,0.20431,-0.975501,1
4367,0,0,0,0,347,90,4804,1024,5828,0.0354266,0.207945,-0.977499,1
4420,0,0,0,0,376,103,4899,1225,6124,0.0742259,0.200349,-0.976909,1
4517,0,0,0,0,451,171,5139,1233,6372,0.0975727,0.216909,-0.971303,1
5212,0,0,0,0,498,139,5849,1146,6995,0.0191394,0.186515,-0.982266,1
4492,0,0,0,0,628,154,5274,1219,6493,0.0679525,0.174459,-0.982317,1
5211,0,0,0,0,885,244,6340,1645,7985,0.0418013,0.175666,-0.983562,1
5177,0,0,0,0,963,223,6363,1442,7805,0.00941041,0.140352,-0.990057,1
6027,0,0,0,0,1199,299,7525,1387,8912,-0.00202298,0.15597,-0.98776,1
7036,0,0,0,0,1997,562,9595,1401,10996,7.09134e-05,0.217114,-0.976146,1
5965,0,0,0,0,1493,375,7833,886,8719,0.192721,0.167057,-0.966928,1
6791,0,0,0,0,1666,398,8855,2062,10917,-0.00578421,0.141599,-0.989907,1
7125,0,0,0,0,2503,584,10212,1317,11529,-0.00502255,0.133566,-0.991027,1
7147,0,0,0,0,1968,447,9562,925,10487,-0.0203779,0.132542,-0.990968,1
7367,0,0,0,0,2198,499,10064,638,10702,0.0104879,0.129347,-0.991544,1
7094,0,0,0,0,1868,441,9403,921,10324,-0.0180351,0.167238,-0.985752,1
5865,0,0,0,0,1621,392,7878,1084,8962,-0.0287282,0.229101,-0.972979,1
6840,0,0,0,0,1690,412,8942,2675,11617,-0.0631954,0.281947,-0.957347,1
6155,0,0,0,0,1627,388,8170,3655,11825,-0.0432106,0.28479,-0.957615,1
4080,0,0,0,0,1011,237,5328,3104,8432,-0.0819337,0.251379,-0.964414,1
6571,0,0,0,0,1405,307,8283,4547,12830,-0.0752656,0.275868,-0.958244,1
5439,0,0,0,0,1121,267,6827,4144,10971,-0.0485498,0.282253,-0.958111,1
5515,0,0,0,0,966,232,6713,4205,10918,0.0510664,0.268191,-0.962012,1
5558,0,0,0,0,844,207,6609,2280,8889,0.102763,0.24582,-0.963853,1
6113,0,0,0,0,889,223,7225,1915,9140,0.0980885,0.250673,-0.96309,1
5067,0,0,0,0,747,184,5998,1577,7575,0.0960978,0.24338,-0.965159,1
4907,0,0,0,0,688,147,5742,958,6700,0.100176,0.234056,-0.967048,1
3392,0,0,0,0,450,115,3957,881,4838,0.0727793,0.224116,-0.971841,1
4571,0,0,0,0,622,194,5387,1304,6691,0.0655569,0.225786,-0.971968,1
4494,0,0,0,0,637,154,5285,1224,6509,0.0988414,0.22616,-0.969063,1
4870,0,0,0,0,605,147,5622,956,6578,0.0548322,0.195893,-0.979091,1
4799,0,0,0,0,532,138,5469,1220,6689,0.0478549,0.214606,-0.975527,1
3123,0,0,0,0,356,92,3571,753,4324,0.0627431,0.216996,-0.974154,1
4035,0,0,0,0,489,125,4649,962,5611,0.0606297,0.227457,-0.971899,1
4651,0,0,0,0,528,140,5319,1139,6458,0.0402286,0.227825,-0.972871,1
3859,0,0,0,0,477,121,4457,1037,5494,0.0183714,0.233572,-0.972166,1
3881,0,0,0,0,521,122,4524,987,5511,-0.0562059,0.192806,-0.979626,1
3818,0,0,0,0,432,115,4365,947,5312,-0.0540687,0.206246,-0.977005,1
3754,0,0,0,0,420,113,4287,921,5208,-0.0573902,0.192521,-0.979613,1
3771,0,0,0,0,432,106,4309,898,5207,-0.0655734,0.21227,-0.975009,1
3724,0,0,0,0,360,97,4181,872,5053,-0.0717944,0.211486,-0.974741,1
3758,0,0,0,0,343,95,4196,802,4998,-0.0695741,0.238737,-0.968589,1
3705,0,0,0,0,359,94,4158,716,4874,-0.0834387,0.270403,-0.959125,1
3782,0,0,0,0,358,97,4237,680,4917,-0.0367556,0.289731,-0.956402,1
4040,0,0,0,0,418,102,4560,639,5199,-0.0742149,0.274917,-0.958599,1
3735,0,0,0,0,393,102,4230,705,4935,-0.0867106,0.259521,-0.961837,1
4013,0,0,0,0,430,114,4557,730,5287,-0.04332,0.301886,-0.952359,1
4011,0,0,0,0,405,124,4540,579,5119,-0.0942827,0.313543,-0.944882,1
3956,0,0,0,0,417,111,4484,655,5139,-0.0395733,0.303168,-0.952115,1
4461,0,0,0,0,491,136,5088,536,5624,-0.115882,0.193132,-0.974306,1
3847,0,0,0,0,451,119,4417,536,4953,-0.0467039,0.303526,-0.951678,1
4427,0,0,0,0,543,144,5114,493,5607,-0.0758163,0.284904,-0.955553,1
4566,0,0,0,0,707,175,5448,523,5971,-0.0808274,0.318163,-0.944584,1
3975,0,0,0,0,548,142,4665,483,5148,-0.0291354,0.29766,-0.954228,1
4157,0,0,0,0,651,181,4989,389,5378,-0.124366,0.295066,-0.947348,1
4097,0,0,0,0,619,160,4876,462,5338,-0.02548,0.311162,-0.950015,1
4747,0,0,0,0,683,176,5606,411,6017,-0.11786,0.313308,-0.94231,1
4323,0,0,0,0,730,189,5242,426,5668,-0.0772683,0.325651,-0.942327,1
4941,0,0,0,0,914,239,6094,609,6703,-0.0660898,0.324714,-0.9435,1
5662,0,0,0,0,1133,277,7072,458,7530,-0.0697388,0.315015,-0.946521,1
4926,0,0,0,0,1050,267,6243,445,6688,-0.0688526,0.416371,-0.906584,1
5840,0,0,0,0,1430,316,7586,510,8096,-0.0497272,0.352635,-0.934439,1
5552,0,0,0,0,1689,474,7715,652,8367,-0.0457537,0.310283,-0.949543,1
5911,0,0,0,0,1493,359,7763,496,8259,-0.0776873,0.302752,-0.949898,1
4839,0,0,0,0,1219,301,6359,449,6808,-0.0938835,0.298575,-0.949758,1
5741,0,0,0,0,1399,352,7492,591,8083,-0.0681301,0.327214,-0.942491,1
5632,0,0,0,0,1130,219,6981,315,7296,-0.0828212,0.251007,-0.964436,1
3743,0,0,0,0,767,195,4705,240,4945,-0.0722007,0.289253,-0.954526,1
5530,0,0,0,0,987,256,6773,391,7164,-0.00337413,0.309866,-0.950775,1
5184,0,0,0,0,803,205,6192,452,6644,-0.0961377,0.284272,-0.953912,1
5220,0,0,0,0,725,196,6141,408,6549,0.0199619,0.247509,-0.96868,1
5054,0,0,0,0,544,141,5739,357,6096,-0.0876142,0.205672,-0.974691,1
4645,0,0,0,0,489,121,5255,500,5755,0.0445927,0.26714,-0.962625,1
5339,0,0,0,0,423,119,5881,481,6362,-0.0172397,0.300017,-0.953778,1
4770,0,0,0,0,368,104,5242,470,5712,-0.0122252,0.307132,-0.951588,1
4248,0,0,0,0,300,82,4630,432,5062,0.000986927,0.240371,-0.970681,1
4583,0,0,0,0,311,103,4997,486,5483,-0.0205727,0.277403,-0.960534,1
4327,0,0,0,0,356,92,4775,620,5395,-0.0327074,0.294188,-0.955188,1
4567,0,0,0,0,335,92,4994,740,5734,-0.037629,0.295808,-0.954506,1
4610,0,0,0,0,322,88,5020,806,5826,-0.0301845,0.298586,-0.953905,1
5392,0,0,0,0,383,98,5873,887,6760,-0.0202196,0.270857,-0.962407,1
5767,0,0,0,0,282,79,6128,838,6966,-0.0320074,0.298542,-0.95386,1
4634,0,0,0,0,258,71,4963,1008,5971,-0.0364612,0.268863,-0.962488,1
5350,0,0,0,0,274,76,5700,1025,6725,-0.0410769,0.330647,-0.94286,1
4220,0,0,0,0,171,48,4439,781,5220,-0.0394031,0.277524,-0.95991,1
2806,0,0,0,0,118,35,2959,512,3471,0.0362358,0.276381,-0.960365,1
4389,0,0,0,0,272,82,4743,1122,5865,0.046321,0.291067,-0.955581,1
4720,0,0,0,0,219,58,4997,1041,6038,0.0514587,0.287985,-0.956251,1
4212,0,0,0,0,170,52,4434,957,5391,0.0694146,0.298426,-0.951905,1
4556,0,0,0,0,161,50,4767,877,5644,0.0651636,0.280678,-0.957588,1
4138,0,0,0,0,142,48,4328,988,5316,-0.0101442,0.180331,-0.983554,1
4126,0,0,0,0,130,44,4300,1063,5363,-0.103578,0.242765,-0.96454,1
4508,0,0,0,0,128,44,4680,824,5504,-0.0474828,0.21313,-0.975869,1
4057,0,0,0,0,113,39,4209,880,5089,-0.0615454,0.222145,-0.973069,1
4170,0,0,0,0,111,37,4318,1004,5322,-0.141253,0.282365,-0.948851,1
4796,0,0,0,0,196,45,5037,707,5744,-0.112325,0.29018,-0.950358,1
3987,0,0,0,0,156,50,4193,793,4986,-0.104599,0.2461,-0.963584,1
4064,0,0,0,0,179,55,4298,740,5038,-0.061899,0.251524,-0.96587,1
4123,0,0,0,0,278,74,4475,1061,5536,-0.0493336,0.196436,-0.979275,1
4167,0,0,0,0,294,83,4544,1006,5550,-0.0491815,0.202741,-0.977997,1
4289,0,0,0,0,366,102,4757,988,5745,-0.0430584,0.197404,-0.979376,1
4157,0,0,0,0,465,121,4743,1225,5968,-0.0402563,0.191152,-0.980735,1
4248,0,0,0,0,537,139,4924,1116,6040,-0.039258,0.184821,-0.981988,1
4316,0,0,0,0,607,156,5079,1162,6241,-0.064829,0.189034,-0.979828,1
4567,0,0,0,0,684,173,5424,1298,6722,-0.0375741,0.144005,-0.988863,1
4514,0,0,0,0,700,176,5390,1483,6873,-0.0469068,0.133605,-0.989924,1
4594,0,0,0,0,726,184,5504,1564,7068,-0.063655,0.146883,-0.987104,1
4689,0,0,0,0,736,200,5625,1598,7223,-0.051574,0.135574,-0.989424,1
4639,0,0,0,0,767,196,5602,1686,7288,-0.0679343,0.16793,-0.983455,1
4686,0,0,0,0,790,201,5677,1575,7252,-0.0758588,0.205167,-0.975783,1
4746,0,0,0,0,820,207,5773,1382,7155,-0.077087,0.208617,-0.974955,1
4758,0,0,0,0,903,221,5882,1457,7339,-0.0868261,0.203003,-0.975321,1
5079,0,0,0,0,1135,245,6459,1442,7901,-0.0881601,0.197245,-0.976383,1
5232,0,0,0,0,1148,275,6655,1506,8161,-0.0728254,0.207737,-0.97547,1
5724,0,0,0,0,1722,312,7758,1256,9014,-0.0800328,0.241027,-0.967213,1
5747,0,0,0,0,1514,518,7779,1056,8835,-0.0841876,0.25329,-0.96372,1
5976,0,0,0,0,1479,401,7856,971,8827,-0.16842,0.118947,-0.978513,1
6888,0,0,0,0,1539,375,8802,1702,10504,-0.0807749,0.177057,-0.98088,1
4386,0,0,0,0,1147,269,5802,889,6691,-0.0828108,0.206561,-0.974923,1
7202,0,0,0,0,1922,472,9596,1030,10626,-0.067256,0.279992,-0.957643,1
7807,0,0,0,0,2067,440,10314,1781,12095,-0.149124,0.300518,-0.942046,1
4405,0,0,0,0,1239,322,5966,1961,7927,-0.0559753,0.332841,-0.94132,1
6806,0,0,0,0,1879,419,9104,2801,11905,-0.0531567,0.340534,-0.938728,1
6365,0,0,0,0,1631,390,8386,3410,11796,-0.0476922,0.330908,-0.942457,1
6780,0,0,0,0,1497,383,8660,3705,12365,-0.0602335,0.312905,-0.947873,1
6151,0,0,0,0,1414,341,7906,3356,11262,-0.0627926,0.274997,-0.959393,1
4071,0,0,0,0,971,221,5263,2212,7475,-0.044321,0.262606,-0.963885,1
6678,0,0,0,0,1311,313,8302,2949,11251,-0.0643253,0.252225,-0.965528,1
8587,0,0,0,0,1298,320,10205,2616,12821,-0.0488423,0.227762,-0.972491,1
2059,0,0,0,0,446,105,2610,971,3581,-0.0317487,0.228312,-0.97307,1
5855,0,0,0,0,1232,297,7384,2658,10042,-0.0622748,0.216118,-0.974379,1
5921,0,0,0,0,1260,298,7479,2705,10184,-0.0545124,0.203423,-0.977572,1
6282,0,0,0,0,1516,304,8102,2420,10522,-0.0562008,0.206431,-0.976846,1
5850,0,0,0,0,1258,319,7427,2430,9857,-0.0531397,0.205779,-0.977155,1
5914,0,0,0,0,1300,304,7518,2394,9912,-0.0568208,0.207125,-0.976663,1
5877,0,0,0,0,1286,306,7469,2333,9802,-0.055636,0.208906,-0.976352,1
6613,0,0,0,0,1308,318,8239,2462,10701,-0.0594408,0.212953,-0.975253,1
5868,0,0,0,0,1279,304,7451,2702,10153,-0.0531472,0.215401,-0.975078,1
5993,0,0,0,0,1318,311,7622,2478,10100,-0.0608933,0.219197,-0.973778,1
6591,0,0,0,0,1444,314,8349,2543,10892,-0.0483441,0.223452,-0.973515,1
4120,0,0,0,0,923,213,5256,1790,7046,-0.0393895,0.227159,-0.973061,1
5880,0,0,0,0,1453,364,7697,2642,10339,-0.0437363,0.225976,-0.97315,1
5840,0,0,0,0,1306,313,7459,2633,10092,-0.0529846,0.223251,-0.97332,1
5977,0,0,0,0,1266,330,7573,2237,9810,-0.0458702,0.23183,-0.971674,1
3168,0,0,0,0,557,133,3858,1207,5065,-0.0552784,0.232575,-0.971006,1
2754,0,0,0,0,624,159,3537,1369,4906,-0.0466195,0.217768,-0.974887,1
6469,0,0,0,0,1362,313,8144,2529,10673,-0.0450565,0.215233,-0.975523,1
4128,0,0,0,0,673,163,4964,1303,6267,-0.0584427,0.213517,-0.97519,1
3540,0,0,0,0,792,185,4517,1564,6081,-0.0468849,0.216765,-0.975097,1
6540,0,0,0,0,1467,309,8316,2420,10736,-0.0513237,0.208112,-0.976757,1
6142,0,0,0,0,1282,336,7760,2324,10084,-0.0474911,0.214954,-0.975469,1
5861,0,0,0,0,1463,337,7661,2374,10035,-0.0437357,0.213241,-0.97602,1
5869,0,0,0,0,1299,318,7486,2415,9901,-0.0576723,0.215276,-0.974849,1
5857,0,0,0,0,1304,315,7476,2471,9947,-0.0522738,0.229926,-0.971803,1
5901,0,0,0,0,1311,329,7541,2690,10231,-0.0647246,0.223614,-0.972526,1
5982,0,0,0,0,1279,315,7576,2676,10252,-0.0276089,0.229292,-0.972966,1
5916,0,0,0,0,1326,309,7551,2543,10094,-0.0440436,0.212978,-0.976064,1
6016,0,0,0,0,1297,308,7621,2357,9978,-0.0283433,0.217933,-0.975552,1
5940,0,0,0,0,1292,318,7550,2314,9864,-0.0415002,0.228644,-0.972625,1
5862,0,0,0,0,1316,308,7486,2604,10090,-0.0362055,0.21845,-0.975177,1
5887,0,0,0,0,1292,325,7504,2370,9874,-0.0499211,0.21536,-0.975258,1
5996,0,0,0,0,1332,311,7639,2371,10010,-0.0636744,0.215875,-0.974343,1
5918,0,0,0,0,1280,307,7505,2597,10102,-0.0659253,0.224483,-0.972246,1
5859,0,0,0,0,1287,322,7468,2694,10162,-0.0450165,0.211825,-0.97627,1
5908,0,0,0,0,1292,336,7536,2373,9909,-0.0590622,0.222242,-0.973201,1
5953,0,0,0,0,1301,317,7571,2572,10143,-0.062064,0.220175,-0.973484,1
5964,0,0,0,0,1304,309,7577,2540,10117,-0.0534108,0.227191,-0.972384,1
5846,0,0,0,0,1294,311,7451,2654,10105,-0.0570346,0.21801,-0.974279,1
5946,0,0,0,0,1325,307,7578,2455,10033,-0.0598734,0.220317,-0.973589,1
5946,0,0,0,0,1585,465,7996,2450,10446,-0.0745014,0.217379,-0.97324,1
5860,0,0,0,0,1289,314,7463,2582,10045,-0.0576449,0.216196,-0.974647,1
6062,0,0,0,0,1398,312,7772,2452,10224,-0.0564511,0.210333,-0.975998,1
6110,0,0,0,0,1315,323,7748,2309,10057,-0.0458232,0.219207,-0.974602,1
6136,0,0,0,0,1294,306,7736,2516,10252,-0.0559592,0.232588,-0.970964,1
5950,0,0,0,0,1331,309,7590,2767,10357,-0.0671533,0.221234,-0.972906,1
5851,0,0,0,0,1286,305,7442,2603,10045,-0.0667086,0.233424,-0.970084,1
5901,0,0,0,0,1344,331,7576,2983,10559,-0.0342106,0.2188,-0.97517,1
5897,0,0,0,0,1308,307,7512,2328,9840,-0.0413099,0.219365,-0.974768,1
6060,0,0,0,0,1295,307,7662,2389,10051,-0.0550595,0.21308,-0.975482,1
5918,0,0,0,0,1317,309,7544,2287,9831,-0.0694028,0.215394,-0.974058,1
6116,0,0,0,0,1293,310,7719,2571,10290,-0.0547663,0.232213,-0.971122,1
5913,0,0,0,0,1326,313,7552,2649,10201,-0.0545434,0.212686,-0.975597,1
5882,0,0,0,0,1286,307,7475,2288,9763,-0.053706,0.212795,-0.97562,1
5585,0,0,0,0,904,213,6702,1602,8304,-0.0414769,0.218509,-0.974953,2
4093,0,0,0,0,889,211,5193,1700,6893,-0.0603479,0.213196,-0.975144,2
5361,0,0,0,0,1198,280,6839,2199,9038,-0.0631542,0.219975,-0.973459,2
5340,0,0,0,0,1224,280,6844,2314,9158,-0.068004,0.215136,-0.974213,2
5999,0,0,0,0,1330,342,7671,2538,10209,-0.0695287,0.207635,-0.975732,2
5920,0,0,0,0,1281,307,7508,1973,9481,-0.0663367,0.220684,-0.973087,2
4078,0,0,0,0,915,215,5208,1768,6976,-0.0507657,0.238443,-0.969829,2
6039,0,0,0,0,1310,314,7663,2780,10443,-0.0479314,0.222349,-0.973788,2
5908,0,0,0,0,1306,311,7525,2497,10022,-0.0613135,0.218256,-0.973964,2
6026,0,0,0,0,1280,315,7621,2544,10165,-0.0499109,0.214081,-0.97554,2
4106,0,0,0,0,825,244,5175,1341,6516,-0.0580845,0.216115,-0.974639,2
3511,0,0,0,0,772,184,4467,1507,5974,-0.0455707,0.222007,-0.973979,2
6474,0,0,0,0,1522,316,8312,2451,10763,-0.0702752,0.221691,-0.972582,2
5958,0,0,0,0,1288,309,7555,2614,10169,-0.0600138,0.216319,-0.974477,2
5922,0,0,0,0,1360,309,7591,2416,10007,-0.0579996,0.222967,-0.973099,2
5874,0,0,0,0,1277,306,7457,2705,10162,-0.0475816,0.236664,-0.970426,2
6003,0,0,0,0,1280,340,7623,3506,11129,-0.0499471,0.228333,-0.972301,2
6114,0,0,0,0,1283,308,7705,2687,10392,-0.0575745,0.218663,-0.9741,2
5593,0,0,0,0,1182,278,7053,2224,9277,-0.0594444,0.207452,-0.976437,2
6048,0,0,0,0,1288,308,7644,2268,9912,-0.0563297,0.218905,-0.974119,2
6518,0,0,0,0,1315,315,8148,2553,10701,-0.0643768,0.223673,-0.972536,2
5996,0,0,0,0,1290,308,7594,2733,10327,-0.0659514,0.21959,-0.973361,2
5898,0,0,0,0,1278,307,7483,2671,10154,-0.0619696,0.212372,-0.975222,2
5910,0,0,0,0,1145,221,7276,1632,8908,-0.0501414,0.213505,-0.975655,2
5852,0,0,0,0,1316,307,7475,2314,9789,-0.0435183,0.228421,-0.97259,2
6082,0,0,0,0,1875,415,8372,2728,11100,-0.0371832,0.230391,-0.972388,2
7027,0,0,0,0,1285,316,8628,2577,11205,-0.0417708,0.218005,-0.975054,2
6007,0,0,0,0,1289,310,7606,2326,9932,-0.0530122,0.213626,-0.975476,2
5962,0,0,0,0,1289,303,7554,2288,9842,-0.0479,0.217065,-0.974981,2
5913,0,0,0,0,1288,309,7510,2510,10020,-0.0615852,0.223482,-0.972761,2
5909,0,0,0,0,1305,306,7520,2774,10294,-0.0539172,0.245269,-0.967954,2
5983,0,0,0,0,1298,311,7592,3195,10787,-0.0463169,0.235645,-0.970735,2
6499,0,0,0,0,1280,308,8087,2889,10976,-0.0432598,0.211035,-0.976521,2
5782,0,0,0,0,1275,303,7360,2275,9635,-0.0457193,0.228027,-0.972581,2
5985,0,0,0,0,1311,308,7604,2665,10269,-0.0594425,0.216799,-0.974405,2
5876,0,0,0,0,1302,313,7491,2573,10064,-0.0580822,0.230805,-0.971265,2
6009,0,0,0,0,1279,317,7605,2847,10452,-0.0517336,0.221449,-0.973799,2
5881,0,0,0,0,1284,334,7499,2653,10152,-0.0684272,0.22756,-0.971357,2
4040,0,0,0,0,899,211,5150,2038,7188,-0.055162,0.222148,-0.973451,2
6146,0,0,0,0,1290,305,7741,2673,10414,-0.0568983,0.222047,-0.973374,2
5891,0,0,0,0,1273,300,7464,2486,9950,-0.0542542,0.224238,-0.973023,2
5949,0,0,0,0,1392,308,7649,2699,10348,-0.0736177,0.216083,-0.973596,2
5941,0,0,0,0,1276,301,7518,2627,10145,-0.0721301,0.216778,-0.973553,2
6112,0,0,0,0,1255,301,7668,2687,10355,-0.0516371,0.240674,-0.969232,2
5856,0,0,0,0,1272,292,7420,2896,10316,-0.0734714,0.240576,-0.967846,2
5835,0,0,0,0,1189,323,7347,3120,10467,-0.0460131,0.250844,-0.966933,2
5858,0,0,0,0,1190,306,7354,3076,10430,-0.0376495,0.247873,-0.968061,2
6035,0,0,0,0,1127,268,7430,3131,10561,-0.0512965,0.249797,-0.966939,2
6293,0,0,0,0,1141,269,7703,3500,11203,-0.0313923,0.257321,-0.965816,2
5009,0,0,0,0,944,225,6178,3441,9619,-0.0149023,0.253533,-0.967212,2
5163,0,0,0,0,911,219,6293,2864,9157,-0.0100245,0.261298,-0.965206,2
5461,0,0,0,0,982,232,6675,3289,9964,-0.0428007,0.246774,-0.968127,2
5450,0,0,0,0,950,225,6625,2538,9163,-0.0609366,0.220645,-0.973449,2
5430,0,0,0,0,931,247,6608,2072,8680,-0.0710104,0.225865,-0.971567,2
5415,0,0,0,0,919,220,6554,2112,8666,-0.0528329,0.203841,-0.977577,2
5655,0,0,0,0,881,215,6751,1613,8364,-0.0460075,0.192188,-0.980279,2
5666,0,0,0,0,908,231,6805,1590,8395,-0.0543485,0.162532,-0.985205,2
5512,0,0,0,0,971,205,6688,1528,8216,-0.0609473,0.185971,-0.980663,2
5448,0,0,0,0,810,196,6454,1624,8078,-0.0507997,0.151198,-0.987197,2
5330,0,0,0,0,797,219,6346,1468,7814,-0.0587448,0.184483,-0.981078,2
5226,0,0,0,0,754,184,6164,1404,7568,-0.0586458,0.169344,-0.983811,2
5205,0,0,0,0,758,180,6143,1374,7517,-0.0753956,0.220848,-0.97239,2
5154,0,0,0,0,726,176,6056,1581,7637,-0.0767151,0.192128,-0.978367,2
5002,0,0,0,0,680,193,5875,1318,7193,-0.0782584,0.194819,-0.977712,2
4956,0,0,0,0,727,163,5846,1284,7130,-0.0758825,0.182037,-0.980359,2
4799,0,0,0,0,665,154,5618,1239,6857,-0.0850934,0.22017,-0.971743,2
4710,0,0,0,0,595,146,5451,1338,6789,-0.135933,0.245289,-0.959872,2
4710,0,0,0,0,550,137,5397,1354,6751,-0.208235,0.256705,-0.943791,2
4470,0,0,0,0,554,141,5165,1211,6376,-0.224259,0.258538,-0.93961,2
4697,0,0,0,0,499,127,5323,1038,6361,-0.146958,0.31206,-0.938628,2
4200,0,0,0,0,726,186,5112,1317,6429,-0.0748116,0.299095,-0.951286,2
3995,0,0,0,0,450,115,4560,1289,5849,0.0267058,0.339074,-0.940381,2
4641,0,0,0,0,435,114,5190,1101,6291,0.0259304,0.327589,-0.944464,2
3989,0,0,0,0,476,131,4596,1104,5700,0.0128838,0.319473,-0.947508,2
3850,0,0,0,0,425,111,4386,1223,5609,-0.00355648,0.31477,-0.949161,2
4150,0,0,0,0,496,120,4766,1326,6092,-0.0990638,0.290179,-0.951831,2
3849,0,0,0,0,432,119,4400,1037,5437,-0.101438,0.288428,-0.952113,2
3850,0,0,0,0,403,108,4361,975,5336,-0.0987638,0.286144,-0.953083,2
3690,0,0,0,0,398,105,4193,917,5110,-0.0941487,0.291726,-0.951857,2
3714,0,0,0,0,411,106,4231,957,5188,-0.0867257,0.329128,-0.940294,2
3926,0,0,0,0,406,111,4443,982,5425,-0.0816832,0.316399,-0.945103,2
5836,0,0,0,0,469,120,6425,988,7413,-0.073763,0.343117,-0.936392,2
4375,0,0,0,0,445,141,4961,986,5947,-0.0710184,0.358109,-0.930975,2
3905,0,0,0,0,475,124,4504,997,5501,-0.0661243,0.373745,-0.925171,2
3926,0,0,0,0,505,132,4563,782,5345,-0.0699531,0.37017,-0.926327,2
3977,0,0,0,0,518,133,4628,863,5491,-0.0611266,0.385979,-0.92048,2
4074,0,0,0,0,505,132,4711,723,5434,-0.0578038,0.384508,-0.921311,2
4059,0,0,0,0,504,133,4696,616,5312,-0.054872,0.385562,-0.921049,2
4095,0,0,0,0,532,139,4766,531,5297,-0.04382,0.392418,-0.918743,2
4141,0,0,0,0,583,151,4875,478,5353,-0.0548139,0.38008,-0.923328,2
4160,0,0,0,0,667,175,5002,441,5443,-0.030109,0.374775,-0.926627,2
4969,0,0,0,0,846,195,6010,329,6339,-0.031589,0.290455,-0.956367,2
5285,0,0,0,0,910,233,6428,706,7134,-0.0458029,0.351968,-0.934891,2
4646,0,0,0,0,940,234,5820,721,6541,-0.0401522,0.384835,-0.922112,2
4598,0,0,0,0,1090,361,6049,338,6387,-0.0421099,0.44512,-0.89448,2
4718,0,0,0,0,1388,263,6369,484,6853,-0.0393553,0.361511,-0.931537,2
4816,0,0,0,0,1071,271,6158,963,7121,-0.056401,0.360095,-0.931209,2
5352,0,0,0,0,1277,308,6937,422,7359,-0.0460528,0.351513,-0.93505,2
4991,0,0,0,0,1106,279,6376,353,6729,-0.051981,0.385372,-0.921296,2
5823,0,0,0,0,1375,323,7521,489,8010,-0.0434375,0.339261,-0.939689,2
5783,0,0,0,0,1369,322,7474,422,7896,-0.0309364,0.334806,-0.941779,2
5478,0,0,0,0,1475,306,7259,478,7737,-0.0164271,0.343124,-0.939146,2
5937,0,0,0,0,1207,303,7447,469,7916,-0.0353374,0.31993,-0.946782,2
6050,0,0,0,0,1464,320,7834,483,8317,-0.0325783,0.327717,-0.944214,2
5321,0,0,0,0,1113,281,6715,471,7186,-0.046027,0.310251,-0.94954,2
4668,0,0,0,0,860,219,5747,406,6153,-0.0268064,0.334192,-0.942124,2
4312,0,0,0,0,737,189,5238,432,5670,-0.00977654,0.289026,-0.957271,2
4895,0,0,0,0,630,167,5692,412,6104,-0.0735379,0.258216,-0.963284,2
4428,0,0,0,0,619,160,5207,625,5832,-0.0276593,0.327816,-0.944337,2
4629,0,0,0,0,493,134,5256,485,5741,-0.0593782,0.346043,-0.936338,2
3982,0,0,0,0,351,95,4428,433,4861,-0.0515979,0.319933,-0.946034,2
4552,0,0,0,0,305,87,4944,495,5439,-0.0551218,0.327452,-0.943258,2
4523,0,0,0,0,251,72,4846,557,5403,-0.0113909,0.36796,-0.929772,2
4130,0,0,0,0,188,56,4374,-1000,-1000,-1,-1,-1,2
4842,0,0,0,0,190,58,5090,-1000,-1000,-1,-1,-1,2
5117,0,0,0,0,177,59,5353,1494,6847,0.0194096,0.407212,-0.913127,2
4666,0,0,0,0,150,45,4861,459,5320,0.0356043,0.443051,-0.895789,2
4780,0,0,0,0,98,31,4909,287,5196,0.0674398,0.289019,-0.954945,2
4335,0,0,0,0,131,40,4506,376,4882,0.0165357,0.396338,-0.917956,2
4743,0,0,0,0,144,50,4937,708,5645,0.0628506,0.385009,-0.92077,2
6227,0,0,0,0,148,49,6424,669,7093,0.0635729,0.405309,-0.911967,2
4992,0,0,0,0,128,42,5162,767,5929,0.0515414,0.37928,-0.923846,2
4877,0,0,0,0,129,42,5048,894,5942,0.0643259,0.372708,-0.925717,2
4789,0,0,0,0,149,47,4985,913,5898,0.0694465,0.376321,-0.923883,2
7618,0,0,0,0,233,79,7930,1214,9144,0.0706653,0.365443,-0.928148,2
4695,0,0,0,0,153,53,4901,1109,6010,0.0777602,0.364852,-0.927813,2
4658,0,0,0,0,131,44,4833,1017,5850,0.0726878,0.327646,-0.942,2
4721,0,0,0,0,125,42,4888,1089,5977,0.074867,0.428941,-0.900225,2
4911,0,0,0,0,125,45,5081,1082,6163,0.075473,0.363741,-0.928438,2
3065,0,0,0,0,89,29,3183,764,3947,0.0922236,0.307558,-0.94705,2
2276,0,0,0,0,84,26,2386,558,2944,0.0753631,0.331172,-0.940556,2
4637,0,0,0,0,233,65,4935,1190,6125,0.0739643,0.342382,-0.936645,2
4982,0,0,0,0,263,76,5321,1202,6523,0.0539224,0.320233,-0.945803,2
5083,0,0,0,0,321,79,5483,1366,6849,0.0760388,0.355386,-0.931622,2
4514,0,0,0,0,400,96,5010,1308,6318,0.0595165,0.339371,-0.938768,2
4832,0,0,0,0,465,116,5413,1478,6891,0.0565715,0.355864,-0.932824,2
5538,0,0,0,0,671,161,6370,1655,8025,0.0772675,0.375097,-0.92376,2
3964,0,0,0,0,550,138,4652,1206,5858,0.065747,0.366278,-0.92818,2
6132,0,0,0,0,1106,299,7537,1615,9152,0.0164821,0.384932,-0.922798,2
6881,0,0,0,0,1405,395,8681,898,9579,-0.00902854,0.37224,-0.928093,2
4652,0,0,0,0,1044,244,5940,494,6434,-0.00454471,0.281088,-0.959672,2
7426,0,0,0,0,1707,420,9553,1781,11334,-0.0637341,0.321539,-0.944749,2
8106,0,0,0,0,1306,298,9710,1001,10711,-0.129894,0.371689,-0.919225,2
3684,0,0,0,0,969,235,4888,1325,6213,-0.132963,0.341552,-0.93041,2
8518,0,0,0,0,1987,478,10983,3130,14113,-0.107933,0.338183,-0.93487,2
7342,0,0,0,0,1969,472,9783,3437,13220,-0.0481505,0.331968,-0.942061,2
4880,0,0,0,0,1467,330,6677,2058,8735,-0.0591478,0.339182,-0.938859,2
7015,0,0,0,0,1943,402,9360,2891,12251,-0.0361476,0.339085,-0.940061,2
6238,0,0,0,0,1479,367,8084,2169,10253,-0.040856,0.343777,-0.938162,2
7688,0,0,0,0,1502,367,9557,3925,13482,-0.0558567,0.371089,-0.926916,2
4408,0,0,0,0,873,213,5494,2785,8279,-0.0633046,0.357303,-0.931841,2
5759,0,0,0,0,985,240,6984,4064,11048,-0.0662731,0.370376,-0.926515,2
5214,0,0,0,0,783,197,6194,4439,10633,-0.165855,0.388605,-0.906355,2
3439,0,0,0,0,440,108,3987,1996,5983,-0.187128,0.371295,-0.909463,2
5142,0,0,0,0,558,138,5838,2137,7975,-0.195818,0.392161,-0.898813,2
4958,0,0,0,0,526,130,5614,1737,7351,-0.176309,0.387047,-0.905047,2
5220,0,0,0,0,517,125,5862,1719,7581,-0.199489,0.422759,-0.884013,2
4844,0,0,0,0,486,120,5450,1536,6986,-0.180569,0.395708,-0.90045,2
4092,0,0,0,0,329,82,4503,1109,5612,-0.178456,0.346565,-0.920895,2
2557,0,0,0,0,249,61,2867,749,3616,-0.171039,0.331238,-0.927915,2
4885,0,0,0,0,479,115,5479,1466,6945,-0.18582,0.388566,-0.902489,2
5079,0,0,0,0,301,78,5458,800,6258,-0.183628,0.339522,-0.9225,2
3068,0,0,0,0,279,71,3418,579,3997,-0.176382,0.312715,-0.933327,2
5144,0,0,0,0,600,120,5864,892,6756,-0.0430804,0.359666,-0.932086,2
4444,0,0,0,0,333,90,4867,1296,6163,0.0296024,0.377676,-0.925464,2
4213,0,0,0,0,309,83,4605,833,5438,-0.0853795,0.338709,-0.93701,2
4034,0,0,0,0,313,82,4429,1202,5631,0.012437,0.402455,-0.915355,2
4487,0,0,0,0,366,106,4959,893,5852,-0.0856785,0.373104,-0.923825,2
3871,0,0,0,0,319,100,4290,981,5271,-0.0980044,0.348204,-0.932282,2
4424,0,0,0,0,378,104,4906,926,5832,-0.11303,0.378411,-0.918711,2
4398,0,0,0,0,372,120,4890,769,5659,-0.116576,0.414754,-0.902435,2
4444,0,0,0,0,378,103,4925,731,5656,-0.096959,0.431503,-0.896886,2
3868,0,0,0,0,363,101,4332,671,5003,-0.0919656,0.416378,-0.904529,2
3910,0,0,0,0,393,106,4409,600,5009,-0.0909461,0.427845,-0.899265,2
4510,0,0,0,0,527,134,5171,673,5844,-0.0956312,0.439864,-0.892958,2
4275,0,0,0,0,490,133,4898,590,5488,-0.112465,0.469682,-0.875643,2
4073,0,0,0,0,549,158,4780,472,5252,-0.120915,0.428763,-0.895288,2
4899,0,0,0,0,741,186,5826,562,6388,-0.0573059,0.441611,-0.895374,2
4381,0,0,0,0,708,210,5299,358,5657,-0.113603,0.480397,-0.869662,2
4318,0,0,0,0,736,190,5244,402,5646,-0.126228,0.41666,-0.900256,2
4468,0,0,0,0,863,218,5549,405,5954,-0.078942,0.437228,-0.895879,2
4639,0,0,0,0,896,232,5767,617,6384,-0.0816507,0.425189,-0.901414,2
4703,0,0,0,0,923,236,5862,635,6497,-0.073094,0.43425,-0.897822,2
4954,0,0,0,0,967,242,6163,711,6874,-0.0731511,0.415274,-0.90675,2
4879,0,0,0,0,1075,280,6234,955,7189,-0.0688119,0.407911,-0.910425,2
5676,0,0,0,0,1253,317,7246,1887,9133,-0.0638602,0.395824,-0.916103,2
5457,0,0,0,0,1199,264,6920,1400,8320,-0.0792046,0.403745,-0.911436,2
6155,0,0,0,0,1109,280,7544,1317,8861,-0.0829198,0.399264,-0.913078,2
5182,0,0,0,0,1107,298,6587,1159,7746,-0.0682474,0.412666,-0.908322,2
5438,0,0,0,0,1062,264,6764,372,7136,-0.0651878,0.424639,-0.903013,2
4895,0,0,0,0,920,231,6046,469,6515,-0.060629,0.404037,-0.912731,2
4575,0,0,0,0,782,204,5561,379,5940,-0.0570411,0.413205,-0.90885,2
4297,0,0,0,0,692,178,5167,349,5516,-0.074924,0.410393,-0.908825,2
4006,0,0,0,0,593,150,4749,568,5317,-0.0353727,0.373992,-0.926758,2
3891,0,0,0,0,468,130,4489,557,5046,-0.0173286,0.355268,-0.934604,2
3769,0,0,0,0,394,105,4268,571,4839,-0.0215765,0.334228,-0.942245,2
4364,0,0,0,0,345,96,4805,928,5733,-0.0248508,0.3636,-0.931224,2
4274,0,0,0,0,379,130,4783,371,5154,0.0224672,0.387364,-0.921653,2
4506,0,0,0,0,228,63,4797,346,5143,-0.00199154,0.349127,-0.937073,2
4626,0,0,0,0,242,82,4950,-1000,-1000,-1,-1,-1,2
4865,0,0,0,0,189,59,5113,-1000,-1000,-1,-1,-1,2
4260,0,0,0,0,205,50,4515,1358,5873,-0.00201025,0.381519,-0.924359,2
4179,0,0,0,0,145,44,4368,373,4741,0.174084,-0.249896,-0.952495,2
4362,0,0,0,0,152,48,4562,505,5067,0.013964,0.320547,-0.94713,2
4286,0,0,0,0,143,45,4474,450,4924,0.0116411,0.354261,-0.935074,2
4276,0,0,0,0,147,44,4467,495,4962,0.00446184,0.404557,-0.914502,2
1846,0,0,0,0,62,19,1927,197,2124,0.011161,0.401027,-0.915998,2
4510,0,0,0,0,156,48,4714,558,5272,-0.00275694,0.479911,-0.877313,2
4560,0,0,0,0,148,46,4754,617,5371,0.00311015,0.478869,-0.877881,2
4700,0,0,0,0,159,46,4905,653,5558,0.0131808,0.45503,-0.890378,2
4506,0,0,0,0,131,39,4676,691,5367,0.0189152,0.438454,-0.898554,2
4584,0,0,0,0,148,44,4776,779,5555,0.0559012,0.378513,-0.923906,2
4434,0,0,0,0,161,49,4644,861,5505,0.0527805,0.378042,-0.924283,2
4400,0,0,0,0,173,49,4622,999,5621,0.0412121,0.393877,-0.918239,2
4998,0,0,0,0,249,80,5327,1203,6530,0.0381691,0.406381,-0.912906,2
4766,0,0,0,0,192,57,5015,1223,6238,0.0656709,0.383942,-0.921019,2
5036,0,0,0,0,265,68,5369,1364,6733,0.0467721,0.443176,-0.895213,2
4247,0,0,0,0,194,56,4497,1246,5743,0.0648553,0.428561,-0.901182,2
4348,0,0,0,0,203,62,4613,1145,5758,0.0767994,0.425744,-0.901579,2
4207,0,0,0,0,240,65,4512,1111,5623,0.0999717,0.417207,-0.903296,2
4890,0,0,0,0,347,95,5332,1245,6577,0.120207,0.408803,-0.904672,2
6237,0,0,0,0,536,138,6911,1278,8189,0.1175,0.419187,-0.900265,2
5592,0,0,0,0,747,188,6527,1422,7949,0.126743,0.411668,-0.902478,2
6040,0,0,0,0,869,216,7125,1498,8623,0.00962507,0.415382,-0.909596,2
6369,0,0,0,0,1517,299,8185,1334,9519,-0.0651303,0.438901,-0.896172,2
6154,0,0,0,0,1274,331,7759,1302,9061,-0.112017,0.351148,-0.929595,2
6585,0,0,0,0,1398,344,8327,2288,10615,-0.12587,0.374386,-0.91869,2
4767,0,0,0,0,1062,261,6090,2022,8112,-0.103866,0.353343,-0.92971,2
6573,0,0,0,0,1610,360,8543,3497,12040,-0.0787162,0.34195,-0.936416,2
4490,0,0,0,0,1168,236,5894,2989,8883,-0.0716594,0.334177,-0.939783,2
4090,0,0,0,0,878,203,5171,3084,8255,-0.0278882,0.320761,-0.946749,2
5607,0,0,0,0,1012,247,6866,4469,11335,-0.0474904,0.354165,-0.933977,2
4835,0,0,0,0,817,182,5834,4175,10009,-0.0362225,0.357297,-0.933288,2
5328,0,0,0,0,676,169,6173,3491,9664,-0.0482223,0.357282,-0.932751,2
4856,0,0,0,0,568,139,5563,2947,8510,-0.0134956,0.374018,-0.927323,2
5288,0,0,0,0,535,129,5952,2055,8007,-0.00575021,0.405007,-0.914296,2
5381,0,0,0,0,511,163,6055,2070,8125,-0.012655,0.403595,-0.91485,2
4888,0,0,0,0,493,120,5501,1815,7316,-0.0237992,0.408384,-0.9125,2
5509,0,0,0,0,475,120,6104,1835,7939,-0.0944785,0.421732,-0.901785,2
4820,0,0,0,0,462,119,5401,2048,7449,-0.138778,0.399889,-0.905996,2
4792,0,0,0,0,576,149,5517,1802,7319,-0.136581,0.39278,-0.909434,2
4493,0,0,0,0,436,114,5043,1704,6747,-0.0951698,0.390362,-0.91573,2
4704,0,0,0,0,477,134,5315,1786,7101,-0.0836844,0.382095,-0.920326,2
4307,0,0,0,0,413,106,4826,1711,6537,-0.0830812,0.395162,-0.914847,2
4142,0,0,0,0,396,105,4643,1702,6345,-0.0671676,0.41109,-0.909117,2
2694,0,0,0,0,272,89,3055,992,4047,-0.0943469,0.412987,-0.905837,2
4032,0,0,0,0,378,117,4527,1219,5746,-0.074181,0.433236,-0.898223,2
4868,0,0,0,0,448,121,5437,1359,6796,-0.0782718,0.44885,-0.890173,2
4425,0,0,0,0,474,123,5022,1146,6168,-0.0973238,0.489609,-0.866494,2
4460,0,0,0,0,436,114,5010,859,5869,-0.0939407,0.48431,-0.869839,2
4012,0,0,0,0,469,120,4601,581,5182,-0.0954317,0.39213,-0.914947,2
3942,0,0,0,0,428,114,4484,469,4953,-0.0842981,0.423476,-0.901977,2
4579,0,0,0,0,478,124,5181,405,5586,-0.489762,-0.228915,-0.841267,2
4035,0,0,0,0,432,111,4578,409,4987,-0.114284,0.402748,-0.908148,2
4758,0,0,0,0,528,141,5427,668,6095,-0.0935103,0.367851,-0.925171,2
4228,0,0,0,0,556,141,4925,492,5417,-0.144786,0.26555,-0.953164,2
4789,0,0,0,0,652,167,5608,551,6159,-0.0507233,0.348926,-0.935776,2
5329,0,0,0,0,888,221,6438,598,7036,0.0156446,0.517345,-0.855634,2
5070,0,0,0,0,831,213,6114,619,6733,0.0451473,0.530281,-0.846619,2
5526,0,0,0,0,815,213,6554,771,7325,-0.0896803,0.357699,-0.929521,2
4897,0,0,0,0,707,181,5785,847,6632,-0.0345713,0.307701,-0.950855,2
5384,0,0,0,0,744,194,6322,802,7124,-0.0338042,0.299781,-0.953409,2
4968,0,0,0,0,654,192,5814,782,6596,-0.00859616,0.275994,-0.961121,2
5108,0,0,0,0,688,171,5967,409,6376,-0.0310309,0.325128,-0.945161,2
5209,0,0,0,0,659,174,6042,556,6598,0.0736001,0.377165,-0.923217,2
4819,0,0,0,0,617,165,5601,545,6146,0.14301,0.588023,-0.796102,2
4851,0,0,0,0,481,129,5461,462,5923,-0.0454028,0.456177,-0.88873,2
4338,0,0,0,0,420,111,4869,378,5247,-0.0902088,0.474978,-0.875362,2
4203,0,0,0,0,387,102,4692,400,5092,-0.0433488,0.469157,-0.88205,2
5377,0,0,0,0,377,110,5864,-1000,-1000,-1,-1,-1,2
4122,0,0,0,0,269,79,4470,548,5018,0.181135,0.60566,-0.774833,2
3916,0,0,0,0,220,65,4201,-1000,-1000,-1,-1,-1,2
3897,0,0,0,0,180,55,4132,-1000,-1000,-1,-1,-1,2
4388,0,0,0,0,175,55,4618,-1000,-1000,-1,-1,-1,2
4275,0,0,0,0,146,50,4471,-1000,-1000,-1,-1,-1,2
2841,0,0,0,0,125,34,3000,-1000,-1000,-1,-1,-1,2
4384,0,0,0,0,150,49,4583,317,4900,0.0271956,0.381775,-0.923855,2
5169,0,0,0,0,209,59,5437,1905,7342,0.00130505,0.34807,-0.937468,2
2152,0,0,0,0,72,22,2246,139,2385,-0.234888,0.639259,-0.73224,2
1176,0,0,0,0,45,13,1234,136,1370,-0.0381756,0.36775,-0.929141,2
3395,0,0,0,0,105,35,3535,321,3856,-0.0464529,0.424325,-0.904318,2
6678,0,0,0,0,153,66,6897,583,7480,-0.0837218,0.456268,-0.885895,2
5290,0,0,0,0,152,48,5490,803,6293,-0.0738009,0.46727,-0.881029,2
4722,0,0,0,0,139,44,4905,850,5755,-0.0533269,0.435914,-0.898407,2
2983,0,0,0,0,72,22,3077,397,3474,-0.0196019,0.366373,-0.930262,2
3307,0,0,0,0,106,35,3448,613,4061,-0.0107256,0.358365,-0.93352,2
4300,0,0,0,0,152,47,4499,815,5314,-0.00925574,0.393606,-0.919233,2
4227,0,0,0,0,147,46,4420,890,5310,-0.000414854,0.374255,-0.927326,2
4190,0,0,0,0,141,44,4375,1049,5424,0.00921204,0.375821,-0.926647,2
4199,0,0,0,0,140,44,4383,1100,5483,0.00273881,0.353619,-0.935386,2
4205,0,0,0,0,215,53,4473,1228,5701,-0.044317,0.310216,-0.949633,2
4161,0,0,0,0,195,56,4412,1385,5797,-0.0535253,0.335378,-0.940562,2
4288,0,0,0,0,269,75,4632,1408,6040,-0.0534959,0.327797,-0.943232,2
4736,0,0,0,0,365,102,5203,1529,6732,-0.0705642,0.354501,-0.932389,2
5215,0,0,0,0,543,145,5903,1546,7449,-0.0561448,0.350894,-0.934731,2
5039,0,0,0,0,652,177,5868,1458,7326,-0.0266917,0.402216,-0.915156,2
5200,0,0,0,0,911,233,6344,1602,7946,-0.035358,0.4181,-0.907713,2
5725,0,0,0,0,1063,261,7049,1630,8679,-0.0633962,0.40604,-0.911654,2
6120,0,0,0,0,1175,292,7587,1823,9410,-0.0555298,0.37548,-0.925166,2
6644,0,0,0,0,1350,316,8310,2717,11027,-0.0836157,0.425025,-0.901312,2
6562,0,0,0,0,1381,328,8271,2025,10296,-0.0540899,0.303237,-0.951379,2
6885,0,0,0,0,1434,341,8660,6198,14858,-0.0533941,0.393461,-0.917789,2
3243,0,0,0,0,719,167,4129,1405,5534,-0.0231639,0.261402,-0.964952,2
6261,0,0,0,0,1189,287,7737,5399,13136,-0.0404548,0.313762,-0.94864,2
4096,0,0,0,0,697,168,4961,3469,8430,-0.0417757,0.265684,-0.963155,2
5964,0,0,0,0,856,204,7024,4632,11656,-0.0636898,0.296661,-0.952857,2
3688,0,0,0,0,488,119,4295,2697,6992,-0.0771489,0.306608,-0.948704,2
6087,0,0,0,0,708,176,6971,3579,10550,-0.0893673,0.305042,-0.948137,2
5192,0,0,0,0,834,214,6240,3232,9472,-0.082314,0.312552,-0.946327,2
4970,0,0,0,0,573,139,5682,2515,8197,-0.060165,0.328216,-0.942685,2
5006,0,0,0,0,525,135,5666,2364,8030,-0.046264,0.342457,-0.938394,2
4929,0,0,0,0,566,126,5621,2182,7803,-0.0536957,0.333129,-0.941351,2
4766,0,0,0,0,466,117,5349,2126,7475,-0.0532386,0.345869,-0.936771,2
4322,0,0,0,0,426,109,4857,1974,6831,-0.0559826,0.366672,-0.928664,2
4165,0,0,0,0,396,101,4662,1800,6462,-0.0835988,0.452288,-0.887946,2
3991,0,0,0,0,377,98,4466,1623,6089,-0.074212,0.403472,-0.911978,2
4017,0,0,0,0,365,99,4481,1428,5909,-0.073972,0.382791,-0.920869,2
3783,0,0,0,0,416,99,4298,1371,5669,-0.0798884,0.389344,-0.917621,2
4069,0,0,0,0,345,94,4508,1097,5605,-0.0881059,0.368585,-0.92541,2
3836,0,0,0,0,357,98,4291,1098,5389,-0.0770483,0.401908,-0.912433,2
3924,0,0,0,0,378,102,4404,744,5148,-0.0847026,0.42021,-0.903465,2
3990,0,0,0,0,400,107,4497,657,5154,-0.0829376,0.411772,-0.907505,2
3858,0,0,0,0,423,112,4393,489,4882,-0.0952279,0.405462,-0.909138,2
4007,0,0,0,0,440,117,4564,424,4988,-0.0763366,0.397704,-0.914333,2
4038,0,0,0,0,458,126,4622,801,5423,-0.0707297,0.380335,-0.922141,2
4104,0,0,0,0,473,160,4737,722,5459,-0.0766892,0.299961,-0.950864,2
4753,0,0,0,0,623,160,5536,718,6254,-0.0744117,0.315389,-0.946041,2
4604,0,0,0,0,637,169,5410,623,6033,-0.0453423,0.208895,-0.976886,2
4944,0,0,0,0,657,167,5768,613,6381,-0.00931249,0.240324,-0.970648,2
4518,0,0,0,0,864,200,5582,1046,6628,-0.00905545,0.248019,-0.968713,2
4670,0,0,0,0,554,147,5371,997,6368,-0.00208419,0.292665,-0.956213,2
5740,0,0,0,0,639,196,6575,890,7465,0.00304457,0.308885,-0.951095,2
5497,0,0,0,0,930,209,6636,918,7554,0.063667,0.527825,-0.846964,2
5063,0,0,0,0,500,134,5697,787,6484,-0.0211485,0.501651,-0.864812,2
4828,0,0,0,0,691,163,5682,762,6444,-0.0715482,0.475155,-0.876989,2
4491,0,0,0,0,401,110,5002,-1000,-1000,-1,-1,-1,2
5051,0,0,0,0,325,92,5468,1407,6875,0.502617,0.109318,-0.857569,2
4538,0,0,0,0,247,68,4853,-1000,-1000,-1,-1,-1,2
4309,0,0,0,0,222,70,4601,-1000,-1000,-1,-1,-1,2
4202,0,0,0,0,118,40,4360,-1000,-1000,-1,-1,-1,2
4359,0,0,0,0,114,41,4514,1525,6039,-0.0554946,0.310794,-0.948856,2
4410,0,0,0,0,140,39,4589,520,5109,-0.0722516,0.401431,-0.913035,2
4540,0,0,0,0,117,36,4693,761,5454,-0.0601075,0.373088,-0.925847,2
4902,0,0,0,0,108,35,5045,840,5885,-0.0469796,0.379636,-0.923942,2
4992,0,0,0,0,102,37,5131,865,5996,-0.0764673,0.467921,-0.880456,2
4748,0,0,0,0,91,32,4871,906,5777,-0.0193751,0.348923,-0.936951,2
4696,0,0,0,0,84,34,4814,981,5795,-0.0229399,0.33488,-0.941982,2
4367,0,0,0,0,75,30,4472,849,5321,-0.0867505,0.467616,-0.879664,2
5915,0,0,0,0,93,31,6039,1007,7046,-0.0954363,0.451646,-0.887079,2
4373,0,0,0,0,68,27,4468,913,5381,-0.0574779,0.383783,-0.921633,2
4262,0,0,0,0,96,38,4396,1007,5403,-0.057887,0.372249,-0.926326,2
4867,0,0,0,0,62,27,4956,934,5890,-0.101302,0.416021,-0.903695,2
4925,0,0,0,0,69,36,5030,1253,6283,-0.0706652,0.349417,-0.934299,2
4463,0,0,0,0,73,33,4569,1043,5612,-0.0570859,0.302347,-0.951487,2
4217,0,0,0,0,79,32,4328,1075,5403,-0.0576395,0.315578,-0.947147,2
4048,0,0,0,0,96,34,4178,842,5020,-0.0434579,0.255978,-0.965706,2
4086,0,0,0,0,122,41,4249,743,4992,-0.0332897,0.186917,-0.981812,2
4169,0,0,0,0,201,58,4428,1133,5561,-0.0279958,0.33196,-0.942878,2
4468,0,0,0,0,330,91,4889,1333,6222,-0.0378128,0.344263,-0.938111,2
4582,0,0,0,0,599,141,5322,1269,6591,-0.0410586,0.325682,-0.944588,2
5735,0,0,0,0,824,205,6764,1708,8472,-0.0519325,0.368222,-0.928286,2
5413,0,0,0,0,1031,249,6693,1332,8025,0.0150952,0.265117,-0.964098,2
6131,0,0,0,0,1239,305,7675,5478,13153,-0.0841453,0.423619,-0.901924,2
6129,0,0,0,0,1316,308,7753,1418,9171,-0.0472338,0.279482,-0.958988,2
3460,0,0,0,0,742,175,4377,3205,7582,-0.0176614,0.156216,-0.987565,2
6494,0,0,0,0,1407,338,8239,6216,14455,-0.0139428,0.186159,-0.982421,2
6095,0,0,0,0,1281,215,7591,4326,11917,-0.0118837,0.170212,-0.985336,2
3097,0,0,0,0,610,145,3852,3061,6913,-0.0114636,0.138739,-0.990263,2
5579,0,0,0,0,982,234,6795,5763,12558,-0.0302055,0.172515,-0.984544,2
5284,0,0,0,0,802,193,6279,4820,11099,-0.0344883,0.184924,-0.982148,2
4956,0,0,0,0,722,166,5844,4132,9976,-0.0320821,0.199405,-0.979392,2
4873,0,0,0,0,592,145,5610,3498,9108,-0.0500068,0.190793,-0.980356,2
4941,0,0,0,0,582,144,5667,3161,8828,-0.0434084,0.2214,-0.974217,2
4705,0,0,0,0,535,131,5371,2854,8225,-0.0408797,0.255779,-0.965871,2
4967,0,0,0,0,524,126,5617,2992,8609,-0.0433818,0.254616,-0.966069,2
4655,0,0,0,0,459,117,5231,2716,7947,-0.0234714,0.365269,-0.930606,2
4449,0,0,0,0,470,130,5049,2322,7371,-0.0357421,0.350569,-0.935855,2
4283,0,0,0,0,405,106,4794,2252,7046,-0.0352359,0.262017,-0.96442,2
3919,0,0,0,0,348,91,4358,2114,6472,-0.0353407,0.2639,-0.963902,2
3953,0,0,0,0,343,90,4386,2274,6660,-0.0179804,0.287012,-0.957758,2
3732,0,0,0,0,357,94,4183,1942,6125,-0.0220912,0.270172,-0.962559,2
4273,0,0,0,0,436,114,4823,2171,6994,-0.028207,0.31679,-0.948076,2
4405,0,0,0,0,496,121,5022,1754,6776,-0.0304296,0.36288,-0.931339,2
4452,0,0,0,0,542,135,5129,1376,6505,-0.0429651,0.414136,-0.909201,2
4101,0,0,0,0,500,132,4733,1037,5770,-0.0543273,0.410577,-0.910206,2
4102,0,0,0,0,544,140,4786,950,5736,-0.060134,0.376015,-0.924661,2
4901,0,0,0,0,683,191,5775,976,6751,-0.0553444,0.367629,-0.928325,2
4831,0,0,0,0,733,184,5748,1028,6776,-0.05839,0.368058,-0.927967,2
4799,0,0,0,0,793,216,5808,987,6795,-0.047742,0.3273,-0.943714,2
4633,0,0,0,0,743,179,5555,622,6177,-0.0623013,0.322646,-0.944467,2
4282,0,0,0,0,774,189,5245,751,5996,-0.0871379,0.31356,-0.945562,2
5022,0,0,0,0,899,223,6144,1037,7181,-0.0372655,0.308861,-0.950377,2
5021,0,0,0,0,948,230,6199,692,6891,-0.0955834,0.299999,-0.949139,2
5154,0,0,0,0,971,240,6365,1210,7575,-0.0631218,0.266903,-0.961654,2
5109,0,0,0,0,991,235,6335,902,7237,-0.0606043,0.262791,-0.962947,2
4795,0,0,0,0,871,210,5876,812,6688,-0.0582043,0.255366,-0.965091,2
4508,0,0,0,0,865,223,5596,618,6214,-0.0505064,0.252857,-0.966184,2
5187,0,0,0,0,870,216,6273,2936,9209,0.0165434,0.117715,-0.992909,2
4495,0,0,0,0,982,217,5694,2201,7895,0.010815,0.125108,-0.992084,2
5241,0,0,0,0,962,239,6442,2395,8837,0.0163508,0.129756,-0.991411,2
5117,0,0,0,0,1013,240,6370,2174,8544,0.0258618,0.129642,-0.991223,2
5165,0,0,0,0,976,237,6378,2342,8720,0.019366,0.128842,-0.991476,2
4550,0,0,0,0,895,232,5677,2213,7890,0.0133674,0.125047,-0.992061,2
5064,0,0,0,0,972,237,6273,2400,8673,0.0107901,0.123946,-0.99223,2
5155,0,0,0,0,969,242,6366,2127,8493,0.0100442,0.12165,-0.992522,2
5363,0,0,0,0,1052,268,6683,2714,9397,0.0135922,0.120721,-0.992593,2
5457,0,0,0,0,962,242,6661,2558,9219,0.0132099,0.117259,-0.993013,2
5946,0,0,0,0,973,243,7162,2531,9693,0.0167253,0.118758,-0.992782,2
5323,0,0,0,0,1016,273,6612,2517,9129,0.0133247,0.123788,-0.992219,2
2587,0,0,0,0,490,120,3197,1201,4398,0.0114442,0.118174,-0.992927,2
2363,0,0,0,0,457,112,2932,1232,4164,0.012485,0.118594,-0.992865,2
4688,0,0,0,0,893,265,5846,2213,8059,0.0104925,0.121411,-0.992547,2
5472,0,0,0,0,1041,267,6780,2438,9218,0.016577,0.120349,-0.992593,2
4644,0,0,0,0,878,233,5755,2437,8192,0.0108854,0.121624,-0.992516,2
4904,0,0,0,0,904,220,6028,2215,8243,0.0122213,0.119216,-0.992793,2
4644,0,0,0,0,955,245,5844,2244,8088,0.00687656,0.118101,-0.992978,2
4645,0,0,0,0,862,240,5747,2064,7811,0.00933001,0.119249,-0.992821,2
4598,0,0,0,0,873,215,5686,2223,7909,0.0128674,0.117561,-0.992982,2
4648,0,0,0,0,937,218,5803,2826,8629,0.0141029,0.120745,-0.992583,2
4869,0,0,0,0,997,219,6085,2397,8482,0.0125828,0.118732,-0.992847,2
4844,0,0,0,0,877,219,5940,2324,8264,0.01128,0.117222,-0.993042,2
4541,0,0,0,0,889,214,5644,2337,7981,0.0114645,0.116311,-0.993147,2
5264,0,0,0,0,1062,250,6576,2849,9425,0.0106026,0.116903,-0.993087,2
4876,0,0,0,0,896,216,5988,2167,8155,0.0119009,0.116091,-0.993168,2
5386,0,0,0,0,965,242,6593,2673,9266,0.0109101,0.119902,-0.992726,2
5209,0,0,0,0,1060,245,6514,2556,9070,0.0115451,0.122627,-0.992386,2
5323,0,0,0,0,983,240,6546,2305,8851,0.0146126,0.121375,-0.992499,2
5253,0,0,0,0,967,247,6467,2482,8949,0.0126901,0.118172,-0.992912,2
5387,0,0,0,0,974,238,6599,2466,9065,0.0139113,0.117041,-0.99303,2
5621,0,0,0,0,1263,283,7167,2438,9605,0.0117739,0.119259,-0.992794,2
5335,0,0,0,0,994,242,6571,2594,9165,0.0109494,0.116315,-0.993152,2
5082,0,0,0,0,974,233,6289,2436,8725,0.011992,0.115978,-0.993179,2
5323,0,0,0,0,1032,242,6597,2549,9146,0.00817318,0.116976,-0.993101,2
5129,0,0,0,0,999,238,6366,2316,8682,0.0128939,0.116226,-0.993139,2
5332,0,0,0,0,998,240,6570,2543,9113,0.01337,0.116118,-0.993145,2
5234,0,0,0,0,984,242,6460,2736,9196,0.0108895,0.115953,-0.993195,2
5345,0,0,0,0,1037,244,6626,2545,9171,0.008932,0.114475,-0.993386,2
5172,0,0,0,0,1000,236,6408,2797,9205,0.0107083,0.112922,-0.993546,2
5234,0,0,0,0,1009,240,6483,2749,9232,0.0104103,0.112109,-0.993641,2
5210,0,0,0,0,1037,247,6494,2779,9273,0.0129136,0.115175,-0.993261,2
5446,0,0,0,0,672,160,6278,1635,7913,0.0156942,0.116528,-0.993063,2
2562,0,0,0,0,486,119,3167,1283,4450,0.013152,0.114402,-0.993348,2
5230,0,0,0,0,1046,242,6518,2396,8914,0.0185794,0.117553,-0.992893,2
5266,0,0,0,0,996,268,6530,2411,8941,0.00940882,0.116551,-0.99314,2
5184,0,0,0,0,974,237,6395,2313,8708,0.00798356,0.116356,-0.993175,2
5140,0,0,0,0,1000,243,6383,2383,8766,0.00764891,0.115838,-0.993239,2
5162,0,0,0,0,1048,239,6449,2472,8921,0.00854926,0.115936,-0.99322,2
5138,0,0,0,0,976,234,6348,2726,9074,0.0118819,0.115961,-0.993182,2
5213,0,0,0,0,1010,241,6464,2483,8947,0.0115659,0.113572,-0.993462,2
5249,0,0,0,0,1025,242,6516,2756,9272,0.00597687,0.114151,-0.993446,2
5182,0,0,0,0,1010,238,6430,2363,8793,0.00774863,0.114723,-0.993367,2
5240,0,0,0,0,984,241,6465,2418,8883,0.00689069,0.115305,-0.993306,2
5195,0,0,0,0,996,237,6428,2630,9058,0.00750728,0.116409,-0.993173,2
5264,0,0,0,0,974,235,6473,2100,8573,0.015078,0.119988,-0.992661,2
5167,0,0,0,0,1023,238,6428,2359,8787,0.0085377,0.118896,-0.99287,2
5102,0,0,0,0,979,235,6316,2058,8374,0.0140317,0.119451,-0.992741,2
5370,0,0,0,0,975,235,6580,2453,9033,0.0117485,0.117341,-0.993022,2
5175,0,0,0,0,967,253,6395,2321,8716,0.012441,0.116853,-0.993071,2
5407,0,0,0,0,999,238,6644,2480,9124,0.0119709,0.116966,-0.993064,2
5429,0,0,0,0,1098,374,6901,2734,9635,0.0135124,0.117714,-0.992956,2
5420,0,0,0,0,1040,238,6698,2459,9157,0.010522,0.116907,-0.993087,2
7445,0,0,0,0,1029,240,8714,2273,10987,0.0100549,0.114901,-0.993326,2
5342,0,0,0,0,1019,238,6599,2488,9087,0.0162447,0.11527,-0.993201,3
5318,0,0,0,0,999,241,6558,2440,8998,0.00980305,0.110671,-0.993809,3
5275,0,0,0,0,998,237,6510,2771,9281,0.00589643,0.112265,-0.993661,3
6180,0,0,0,0,972,238,7390,2226,9616,0.00848095,0.115126,-0.993315,3
5388,0,0,0,0,1407,320,7115,2818,9933,0.0102333,0.118305,-0.992925,3
5365,0,0,0,0,1092,242,6699,2179,8878,0.0132401,0.121796,-0.992467,3
6279,0,0,0,0,1001,243,7523,2194,9717,0.0138903,0.124601,-0.99211,3
5140,0,0,0,0,980,253,6373,1801,8174,0.00789036,0.126585,-0.991924,3
6310,0,0,0,0,991,237,7538,1063,8601,0.00934718,0.125118,-0.992098,3
5409,0,0,0,0,988,259,6656,1103,7759,0.015236,0.126068,-0.991905,3
5956,0,0,0,0,1007,241,7204,1730,8934,0.012315,0.125644,-0.991999,3
5204,0,0,0,0,999,234,6437,1376,7813,0.0152167,0.12962,-0.991447,3
5571,0,0,0,0,978,239,6788,1331,8119,0.0130298,0.128717,-0.991596,3
5656,0,0,0,0,1093,277,7026,1239,8265,0.0170481,0.128162,-0.991607,3
5366,0,0,0,0,975,260,6601,1558,8159,0.0161428,0.12481,-0.99205,3
5391,0,0,0,0,1009,238,6638,1523,8161,0.0111161,0.120478,-0.992654,3
5321,0,0,0,0,999,236,6556,1152,7708,0.0112322,0.12174,-0.992498,3
5649,0,0,0,0,1007,237,6893,1164,8057,0.0137274,0.120518,-0.992616,3
5433,0,0,0,0,973,282,6688,1552,8240,0.0139741,0.118831,-0.992816,3
5455,0,0,0,0,1027,237,6719,1889,8608,0.0164633,0.117417,-0.992946,3
5471,0,0,0,0,1053,271,6795,2074,8869,0.016082,0.119362,-0.992721,3
5488,0,0,0,0,991,238,6717,1965,8682,0.0154392,0.120952,-0.992538,3
5562,0,0,0,0,994,241,6797,1493,8290,0.0147853,0.121139,-0.992525,3
5345,0,0,0,0,1009,237,6591,1329,7920,0.01827,0.124569,-0.992043,3
5476,0,0,0,0,984,236,6696,1425,8121,0.0158042,0.129119,-0.991503,3
6130,0,0,0,0,1138,242,7510,901,8411,0.0154308,0.128179,-0.991631,3
5559,0,0,0,0,955,231,6745,891,7636,0.0161404,0.124526,-0.992085,3
6573,0,0,0,0,916,222,7711,975,8686,0.0170392,0.12472,-0.992046,3
5403,0,0,0,0,929,217,6549,835,7384,0.0208991,0.121312,-0.992395,3
5436,0,0,0,0,907,220,6563,1276,7839,0.014443,0.115854,-0.993161,3
5391,0,0,0,0,959,225,6575,1113,7688,0.0136812,0.114402,-0.99334,3
5817,0,0,0,0,928,226,6971,1176,8147,0.0173532,0.11345,-0.993392,3
5376,0,0,0,0,908,215,6499,1410,7909,0.0158798,0.113001,-0.993468,3
4894,0,0,0,0,877,205,5976,1311,7287,0.0124394,0.113213,-0.993493,3
5513,0,0,0,0,941,233,6687,1031,7718,0.0137722,0.113187,-0.993478,3
4776,0,0,0,0,845,201,5822,1193,7015,0.0126663,0.114958,-0.993289,3
5679,0,0,0,0,970,234,6883,1119,8002,0.0147517,0.116792,-0.993046,3
6279,0,0,0,0,992,293,7564,1122,8686,0.020604,0.118886,-0.992694,3
4808,0,0,0,0,871,203,5882,1224,7106,0.0236616,0.122803,-0.992149,3
6499,0,0,0,0,1220,248,7967,1133,9100,0.0213602,0.122315,-0.992262,3
4953,0,0,0,0,849,205,6007,1010,7017,0.0248534,0.124958,-0.991851,3
5489,0,0,0,0,858,205,6552,1076,7628,0.0221889,0.127075,-0.991645,3
5022,0,0,0,0,913,231,6166,824,6990,0.0195712,0.131512,-0.991121,3
4993,0,0,0,0,858,204,6055,429,6484,0.0172949,0.125506,-0.991942,3
5399,0,0,0,0,859,203,6461,486,6947,0.0160992,0.124996,-0.992027,3
5020,0,0,0,0,872,204,6096,478,6574,0.0147137,0.130522,-0.991337,3
5508,0,0,0,0,1061,233,6802,420,7222,0.019771,0.137857,-0.990255,3
5968,0,0,0,0,949,207,7124,335,7459,0.0221538,0.139343,-0.989996,3
5751,0,0,0,0,934,228,6913,407,7320,0.0262006,0.111429,-0.993427,3
5486,0,0,0,0,960,202,6648,1187,7835,0.0226,0.109557,-0.993723,3
4860,0,0,0,0,837,200,5897,1322,7219,0.0217671,0.109169,-0.993785,3
4992,0,0,0,0,872,204,6068,1262,7330,0.0201708,0.108016,-0.993944,3
5635,0,0,0,0,938,230,6803,1339,8142,0.0157861,0.106487,-0.994189,3
5557,0,0,0,0,931,231,6719,1193,7912,0.0166855,0.106706,-0.99415,3
5530,0,0,0,0,1003,231,6764,1196,7960,0.0179637,0.111292,-0.993626,3
5590,0,0,0,0,1068,241,6899,1056,7955,0.0159754,0.113153,-0.993449,3
5557,0,0,0,0,1106,234,6897,966,7863,0.0143414,0.121257,-0.992518,3
5567,0,0,0,0,994,238,6799,477,7276,0.0152139,0.14138,-0.989839,3
6550,0,0,0,0,1013,237,7800,335,8135,0.0124697,0.169014,-0.985535,3
5664,0,0,0,0,994,248,6906,4579,11485,-0.014744,0.156417,-0.987581,3
6284,0,0,0,0,1028,257,7569,4502,12071,-0.0150299,0.157789,-0.987358,3
5049,0,0,0,0,922,228,6199,4835,11034,-0.00952754,0.157647,-0.987449,3
3997,0,0,0,0,647,159,4803,3175,7978,-0.0061351,0.157285,-0.987534,3
5839,0,0,0,0,985,265,7089,5941,13030,-0.000680896,0.175358,-0.984505,3
5634,0,0,0,0,922,227,6783,6167,12950,-0.000541048,0.182629,-0.983182,3
4744,0,0,0,0,718,181,5643,5412,11055,-0.0276454,0.234546,-0.971712,3
4520,0,0,0,0,658,186,5364,372,5736,-0.033642,0.317896,-0.947528,3
5010,0,0,0,0,611,151,5772,876,6648,-0.0427043,0.328862,-0.943412,3
4876,0,0,0,0,441,116,5433,607,6040,-0.0574235,0.467636,-0.882054,3
4883,0,0,0,0,459,107,5449,662,6111,-0.0274672,0.406859,-0.913078,3
4911,0,0,0,0,359,98,5368,665,6033,-0.0193711,0.366791,-0.930102,3
4300,0,0,0,0,258,67,4625,866,5491,-0.00103569,0.312752,-0.949834,3
4508,0,0,0,0,241,64,4813,1108,5921,0.0178138,0.270569,-0.962536,3
5442,0,0,0,0,411,112,5965,1641,7606,0.0246746,0.277473,-0.960417,3
5318,0,0,0,0,272,78,5668,1930,7598,0.0186191,0.22378,-0.974462,3
5348,0,0,0,0,260,70,5678,2428,8106,0.00463758,0.22469,-0.974419,3
5410,0,0,0,0,262,71,5743,2667,8410,-0.00300096,0.210346,-0.977622,3
5681,0,0,0,0,264,75,6020,2610,8630,-0.020184,0.223265,-0.974549,3
5237,0,0,0,0,266,74,5577,2803,8380,-0.0233641,0.214281,-0.976492,3
5235,0,0,0,0,262,71,5568,3130,8698,-0.0163499,0.20407,-0.97882,3
5054,0,0,0,0,253,70,5377,2790,8167,-0.0136766,0.203265,-0.979028,3
4991,0,0,0,0,234,69,5294,3120,8414,-0.0121035,0.203991,-0.978898,3
4814,0,0,0,0,322,92,5228,3119,8347,-0.0430012,0.22461,-0.9735,3
5491,0,0,0,0,298,73,5862,2877,8739,-0.0803653,0.302992,-0.949599,3
4527,0,0,0,0,186,45,4758,1716,6474,-0.0619125,0.250199,-0.966213,3
2326,0,0,0,0,120,32,2478,1102,3580,-0.0462652,0.198427,-0.979023,3
5035,0,0,0,0,330,110,5475,1770,7245,-0.0744329,0.301525,-0.950549,3
5202,0,0,0,0,586,176,5964,1321,7285,-0.0428992,0.215464,-0.975569,3
5572,0,0,0,0,943,225,6740,3104,9844,-0.0437147,0.254269,-0.966145,3
6183,0,0,0,0,1044,263,7490,2866,10356,-0.0170048,0.172961,-0.984782,3
5357,0,0,0,0,1123,266,6746,4089,10835,-0.0109999,0.174997,-0.984507,3
5743,0,0,0,0,1216,298,7257,5443,12700,0.0047266,0.159137,-0.987245,3
3777,0,0,0,0,882,209,4868,3544,8412,0.0140069,0.140241,-0.990018,3
6224,0,0,0,0,1262,322,7808,5354,13162,0.00888845,0.149091,-0.988784,3
6365,0,0,0,0,1311,305,7981,5509,13490,-0.0175245,0.136253,-0.990519,3
4161,0,0,0,0,873,230,5264,4034,9298,-0.0244883,0.127043,-0.991595,3
6258,0,0,0,0,1279,307,7844,5911,13755,-0.0378087,0.136724,-0.989887,3
4280,0,0,0,0,892,211,5383,4102,9485,-0.0363122,0.125809,-0.99139,3
4290,0,0,0,0,909,241,5440,4491,9931,-0.0350639,0.1255,-0.991474,3
5590,0,0,0,0,1179,283,7052,6090,13142,-0.0335624,0.126269,-0.991428,3
3813,0,0,0,0,816,192,4821,4819,9640,-0.0233497,0.107653,-0.993914,3
5883,0,0,0,0,1210,289,7382,7648,15030,-0.022894,0.120786,-0.992415,3
5828,0,0,0,0,1120,264,7212,5997,13209,-0.0171955,0.112263,-0.99353,3
5557,0,0,0,0,1044,247,6848,6980,13828,-0.00674372,0.123316,-0.992345,3
3718,0,0,0,0,739,159,4616,3981,8597,-0.0100068,0.111707,-0.993691,3
5456,0,0,0,0,857,234,6547,5555,12102,-0.0169823,0.13271,-0.991009,3
5967,0,0,0,0,777,187,6931,4312,11243,-0.0207888,0.142921,-0.989516,3
4337,0,0,0,0,602,144,5083,3868,8951,-0.0226867,0.114358,-0.99318,3
5527,0,0,0,0,583,144,6254,4115,10369,-0.0188208,0.13421,-0.990774,3
4468,0,0,0,0,499,122,5089,3574,8663,-0.0204097,0.152882,-0.988034,3
4826,0,0,0,0,497,138,5461,2949,8410,-0.02135,0.17683,-0.98401,3
4094,0,0,0,0,394,101,4589,3778,8367,-0.020032,0.184606,-0.982608,3
4028,0,0,0,0,366,95,4489,2760,7249,-0.0236761,0.208199,-0.9778,3
3928,0,0,0,0,346,92,4366,2846,7212,-0.0267079,0.219471,-0.975253,3
3993,0,0,0,0,363,94,4450,2415,6865,-0.0257446,0.233303,-0.972063,3
3678,0,0,0,0,341,88,4107,2513,6620,-0.0183716,0.22761,-0.973579,3
3822,0,0,0,0,370,96,4288,2026,6314,-0.0269207,0.232011,-0.972341,3
3784,0,0,0,0,371,95,4250,1874,6124,-0.0383297,0.247595,-0.968105,3
4006,0,0,0,0,403,106,4515,1703,6218,-0.0578228,0.285674,-0.956581,3
3947,0,0,0,0,441,117,4505,1378,5883,-0.0620913,0.299076,-0.952207,3
4008,0,0,0,0,514,129,4651,1369,6020,-0.0660108,0.332452,-0.940807,3
4032,0,0,0,0,610,151,4793,1002,5795,-0.0404829,0.358512,-0.932647,3
4212,0,0,0,0,741,182,5135,739,5874,-0.0126538,0.37015,-0.928886,3
4585,0,0,0,0,834,222,5641,1353,6994,-0.00206205,0.326029,-0.945357,3
4723,0,0,0,0,893,211,5827,1831,7658,-0.0201615,0.4175,-0.908454,3
4907,0,0,0,0,895,218,6020,1058,7078,0.00371839,0.322861,-0.946439,3
5107,0,0,0,0,919,215,6241,2147,8388,-0.00555124,0.384231,-0.92322,3
5019,0,0,0,0,1031,236,6286,1834,8120,-0.0192538,0.3296,-0.943924,3
5063,0,0,0,0,816,189,6068,1251,7319,-0.00362104,0.31658,-0.948559,3
4235,0,0,0,0,546,136,4917,906,5823,-0.0050467,0.34728,-0.937748,3
4618,0,0,0,0,512,135,5265,1079,6344,0.00185735,0.28476,-0.958597,3
4388,0,0,0,0,428,102,4918,916,5834,-0.0202271,0.335133,-0.941954,3
4433,0,0,0,0,309,83,4825,1045,5870,-0.0515598,0.250662,-0.966701,3
4397,0,0,0,0,231,57,4685,1471,6156,-0.0670886,0.250645,-0.965752,3
4689,0,0,0,0,204,56,4949,1497,6446,-0.0572163,0.221245,-0.973539,3
5424,0,0,0,0,232,66,5722,1630,7352,-0.0376497,0.21665,-0.975523,3
4902,0,0,0,0,260,71,5233,1818,7051,-0.0156277,0.210562,-0.977456,3
4574,0,0,0,0,226,62,4862,1801,6663,0.00412516,0.228068,-0.973637,3
4460,0,0,0,0,247,66,4773,1798,6571,0.00403997,0.224522,-0.974461,3
5490,0,0,0,0,329,77,5896,2036,7932,-0.0103959,0.243419,-0.969866,3
4367,0,0,0,0,262,72,4701,2115,6816,-0.0217875,0.231007,-0.972708,3
4267,0,0,0,0,256,72,4595,2206,6801,-0.0377465,0.230795,-0.97227,3
4274,0,0,0,0,267,71,4612,1850,6462,-0.055533,0.23304,-0.97088,3
2953,0,0,0,0,190,50,3193,1780,4973,-0.0449243,0.211287,-0.976391,3
5046,0,0,0,0,411,88,5545,2882,8427,-0.0457458,0.214336,-0.975688,3
5016,0,0,0,0,407,128,5551,2885,8436,-0.0331495,0.214083,-0.976253,3
4618,0,0,0,0,458,117,5193,2168,7361,-0.032071,0.229111,-0.972872,3
5455,0,0,0,0,676,162,6293,2094,8387,-0.0351331,0.217081,-0.975521,3
5580,0,0,0,0,830,199,6609,1779,8388,-0.0262751,0.200586,-0.979324,3
6134,0,0,0,0,1120,261,7515,1869,9384,-0.0202459,0.184133,-0.982693,3
6233,0,0,0,0,1207,313,7753,2609,10362,-0.0195027,0.167932,-0.985605,3
6943,0,0,0,0,1481,327,8751,3971,12722,-0.0165537,0.177513,-0.983979,3
5787,0,0,0,0,1293,307,7387,4603,11990,-0.0067353,0.182692,-0.983147,3
7025,0,0,0,0,1672,370,9067,5402,14469,0.00837195,0.213832,-0.976835,3
4158,0,0,0,0,824,192,5174,3942,9116,0.00822127,0.163207,-0.986558,3
6189,0,0,0,0,1037,244,7470,6745,14215,0.00580331,0.193302,-0.981122,3
4032,0,0,0,0,556,134,4722,4892,9614,0.0036562,0.171743,-0.985135,3
5007,0,0,0,0,673,161,5841,5293,11134,-0.0163451,0.174233,-0.984569,3
5381,0,0,0,0,677,162,6220,5221,11441,-0.0299716,0.170599,-0.984885,3
5291,0,0,0,0,608,167,6066,4651,10717,-0.0397672,0.180421,-0.982785,3
5227,0,0,0,0,540,133,5900,4595,10495,-0.0418592,0.176116,-0.983479,3
4661,0,0,0,0,577,143,5381,3973,9354,-0.0486288,0.179879,-0.982486,3
2905,0,0,0,0,343,89,3337,2123,5460,-0.0514933,0.188565,-0.98071,3
4616,0,0,0,0,459,118,5193,3355,8548,-0.0389308,0.212332,-0.976422,3
4405,0,0,0,0,445,117,4967,3227,8194,-0.0332811,0.255236,-0.966306,3
4302,0,0,0,0,434,111,4847,2774,7621,-0.0401383,0.243358,-0.969106,3
5874,0,0,0,0,613,153,6640,2486,9126,-0.0622205,0.259842,-0.963645,3
4278,0,0,0,0,453,113,4844,2159,7003,-0.0667994,0.234261,-0.969876,3
4399,0,0,0,0,477,122,4998,1813,6811,-0.10073,0.266173,-0.958648,3
4298,0,0,0,0,456,117,4871,1598,6469,-0.112615,0.270577,-0.956089,3
4653,0,0,0,0,622,154,5429,1848,7277,-0.118155,0.295923,-0.947876,3
4647,0,0,0,0,851,180,5678,1773,7451,-0.106523,0.29329,-0.950071,3
4908,0,0,0,0,831,234,5973,1163,7136,-0.078946,0.284428,-0.955442,3
5467,0,0,0,0,1044,267,6778,1980,8758,-0.0445737,0.403238,-0.914009,3
5479,0,0,0,0,1099,258,6836,1944,8780,-0.0302506,0.353586,-0.934913,3
3724,0,0,0,0,749,174,4647,1425,6072,-0.0214758,0.328873,-0.94413,3
5662,0,0,0,0,1158,223,7043,1952,8995,-0.0108533,0.315009,-0.949026,3
4475,0,0,0,0,569,145,5189,1088,6277,-0.0230785,0.298804,-0.954035,3
4564,0,0,0,0,404,103,5071,1097,6168,-0.0532638,0.481373,-0.874896,3
4896,0,0,0,0,276,75,5247,917,6164,-0.0544418,0.406754,-0.911914,3
5028,0,0,0,0,249,70,5347,1058,6405,-0.0362254,0.309745,-0.950129,3
5206,0,0,0,0,252,81,5539,1145,6684,-0.0453517,0.263788,-0.963514,3
5765,0,0,0,0,245,70,6080,1686,7766,-0.0385402,0.269521,-0.962223,3
3735,0,0,0,0,167,50,3952,1355,5307,-0.0186327,0.236024,-0.971569,3
5339,0,0,0,0,219,59,5617,2165,7782,-0.00786509,0.237776,-0.971288,3
5404,0,0,0,0,202,60,5666,2012,7678,0.00287166,0.237765,-0.971318,3
4930,0,0,0,0,179,60,5169,2043,7212,-0.00640616,0.22963,-0.973257,3
5357,0,0,0,0,153,48,5558,1946,7504,0.00326693,0.197518,-0.980294,3
4830,0,0,0,0,116,36,4982,2092,7074,0.00260884,0.199335,-0.979928,3
4790,0,0,0,0,91,34,4915,1731,6646,0.0088805,0.186464,-0.982422,3
5217,0,0,0,0,87,36,5340,1893,7233,0.0205859,0.211908,-0.977073,3
4604,0,0,0,0,122,39,4765,1737,6502,0.0221608,0.213751,-0.976637,3
4748,0,0,0,0,191,58,4997,1715,6712,0.0207421,0.192103,-0.981155,3
4685,0,0,0,0,286,78,5049,2212,7261,0.0152238,0.17441,-0.984556,3
4917,0,0,0,0,399,103,5419,2236,7655,-0.0103667,0.20273,-0.97918,3
5120,0,0,0,0,558,134,5812,2071,7883,-0.00238548,0.184843,-0.982765,3
3580,0,0,0,0,408,101,4089,1029,5118,-0.00859622,0.151424,-0.988432,3
3025,0,0,0,0,412,116,3553,729,4282,0.0415169,0.101861,-0.993932,3
5606,0,0,0,0,924,222,6752,3335,10087,0.00985642,0.15182,-0.988359,3
6258,0,0,0,0,1140,276,7674,2100,9774,0.036619,0.141954,-0.989196,3
7020,0,0,0,0,932,220,8172,2229,10401,0.0391443,0.14598,-0.988513,3
3636,0,0,0,0,770,184,4590,2597,7187,0.0416099,0.115186,-0.992472,3
7200,0,0,0,0,1633,402,9235,5551,14786,0.0338483,0.122657,-0.991872,3
4645,0,0,0,0,1084,250,5979,4143,10122,0.0182633,0.127561,-0.991663,3
6853,0,0,0,0,1484,383,8720,7303,16023,-0.0440758,0.196883,-0.979436,3
3267,0,0,0,0,461,109,3837,2810,6647,-0.0129007,0.127559,-0.991747,3
1962,0,0,0,0,301,72,2335,2243,4578,0.00331216,0.0834975,-0.996502,3
5536,0,0,0,0,647,185,6368,4992,11360,-0.00119972,0.132044,-0.991243,3
5691,0,0,0,0,639,160,6490,4842,11332,-0.00925509,0.133247,-0.99104,3
6070,0,0,0,0,594,149,6813,3967,10780,-0.0105087,0.131822,-0.991218,3
5690,0,0,0,0,615,144,6449,3845,10294,-0.0297565,0.321614,-0.946403,3
3427,0,0,0,0,325,62,3814,1965,5779,-0.0186287,0.226078,-0.973931,3
2011,0,0,0,0,186,47,2244,1218,3462,-0.0221576,0.199731,-0.9796,3
4133,0,0,0,0,352,91,4576,2160,6736,-0.039433,0.241753,-0.969536,3
4574,0,0,0,0,299,82,4955,2104,7059,-0.0475917,0.261709,-0.963973,3
4333,0,0,0,0,259,71,4663,1961,6624,-0.049266,0.26943,-0.961759,3
4197,0,0,0,0,361,92,4650,1929,6579,-0.050271,0.303145,-0.951617,3
3876,0,0,0,0,362,108,4346,1744,6090,-0.0450202,0.296402,-0.954002,3
4231,0,0,0,0,470,119,4820,1862,6682,-0.0399859,0.424164,-0.904702,3
4486,0,0,0,0,571,141,5198,2121,7319,-0.0166608,0.419537,-0.907585,3
4384,0,0,0,0,612,154,5150,1272,6422,-0.0159424,0.348729,-0.937088,3
5242,0,0,0,0,885,215,6342,1788,8130,-0.00141607,0.4147,-0.909957,3
4692,0,0,0,0,912,212,5816,2050,7866,0.00352357,0.326844,-0.945071,3
2467,0,0,0,0,492,117,3076,1258,4334,0.0108365,0.284328,-0.958666,3
5009,0,0,0,0,1395,309,6713,2128,8841,0.0106256,0.258934,-0.965837,3
5035,0,0,0,0,1165,251,6451,2376,8827,0.0116033,0.221315,-0.975134,3
3568,0,0,0,0,770,180,4518,1554,6072,0.00934202,0.206035,-0.9785,3
5048,0,0,0,0,1078,252,6378,2329,8707,0.000574079,0.193685,-0.981064,3
5446,0,0,0,0,1066,258,6770,2486,9256,-0.00324142,0.179387,-0.983773,3
5887,0,0,0,0,1094,263,7244,2344,9588,-0.00419861,0.16455,-0.98636,3
5551,0,0,0,0,1080,255,6886,2343,9229,-0.00028117,0.157907,-0.987454,3
5387,0,0,0,0,1185,263,6835,2455,9290,-0.00686048,0.153161,-0.988178,3
5610,0,0,0,0,1199,267,7076,2279,9355,-0.00117364,0.141805,-0.989894,3
4651,0,0,0,0,777,191,5619,1323,6942,0.00903674,0.133753,-0.990974,3
2673,0,0,0,0,617,143,3433,217,3650,0.0141064,0.125971,-0.991933,3
5336,0,0,0,0,1200,310,6846,4583,11429,0.0412405,0.0996195,-0.994171,3
5839,0,0,0,0,1168,288,7295,4785,12080,0.0357973,0.102411,-0.994098,3
5211,0,0,0,0,1154,283,6648,4529,11177,0.0419097,0.0908014,-0.994987,3
4858,0,0,0,0,1049,258,6165,4323,10488,0.0406234,0.103779,-0.993771,3
5250,0,0,0,0,1183,287,6720,4486,11206,0.0418573,0.0955384,-0.994546,3
5388,0,0,0,0,1179,284,6851,4777,11628,0.0329993,0.110868,-0.993287,3
5365,0,0,0,0,1303,311,6979,4823,11802,0.0379271,0.107341,-0.993499,3
5091,0,0,0,0,1152,280,6523,4488,11011,0.0417535,0.116841,-0.992273,3
5517,0,0,0,0,1171,284,6972,4565,11537,0.0437379,0.107986,-0.99319,3
5506,0,0,0,0,1293,289,7088,4453,11541,0.0367888,0.104048,-0.993892,3
5224,0,0,0,0,1154,282,6660,4550,11210,0.0410995,0.101544,-0.993982,3
5207,0,0,0,0,1181,287,6675,4982,11657,0.0334233,0.119501,-0.992271,3
5331,0,0,0,0,1214,285,6830,4535,11365,0.0349081,0.109865,-0.993333,3
5259,0,0,0,0,1169,286,6714,4724,11438,0.0432508,0.108677,-0.993136,3
5181,0,0,0,0,1154,285,6620,4696,11316,0.0421866,0.109935,-0.993043,3
5157,0,0,0,0,1176,284,6617,4556,11173,0.0406541,0.108158,-0.993302,3
5522,0,0,0,0,1187,288,6997,4977,11974,0.0408192,0.10525,-0.993608,3
5532,0,0,0,0,1178,345,7055,4722,11777,0.047617,0.0992883,-0.993919,3
5347,0,0,0,0,1211,308,6866,4426,11292,0.0498547,0.112034,-0.992453,3
5238,0,0,0,0,1160,287,6685,4521,11206,0.0488343,0.115592,-0.992096,3
5375,0,0,0,0,1225,283,6883,4775,11658,0.0420798,0.125783,-0.991165,3
5440,0,0,0,0,1031,280,6751,4163,10914,0.044379,0.116335,-0.992218,3
4766,0,0,0,0,1018,282,6066,4276,10342,0.0318929,0.119248,-0.992352,3
3837,0,0,0,0,764,182,4783,2927,7710,0.0397637,0.110943,-0.993031,3
5603,0,0,0,0,1199,310,7112,4445,11557,0.0402588,0.110527,-0.993057,3
5390,0,0,0,0,1162,282,6834,4602,11436,0.0469817,0.0976568,-0.994111,3
4747,0,0,0,0,1027,250,6024,3999,10023,0.0357995,0.101821,-0.994158,3
4776,0,0,0,0,1062,254,6092,4061,10153,0.0263652,0.112081,-0.993349,3
5044,0,0,0,0,1076,285,6405,3962,10367,0.0365848,0.118638,-0.992263,3
5844,0,0,0,0,1386,341,7571,4434,12005,0.0502856,0.123109,-0.991118,3
4196,0,0,0,0,808,198,5202,2705,7907,0.0440808,0.12165,-0.991594,3
2208,0,0,0,0,490,119,2817,1865,4682,0.0359932,0.125645,-0.991422,3
2924,0,0,0,0,663,166,3753,2583,6336,0.0407992,0.11332,-0.992721,3
5190,0,0,0,0,1195,284,6669,4607,11276,0.0465023,0.0936504,-0.994518,3
5158,0,0,0,0,1125,273,6556,4512,11068,0.0344496,0.107166,-0.993644,3
6148,0,0,0,0,1120,277,7545,4323,11868,0.0324579,0.108463,-0.99357,3
5093,0,0,0,0,1124,276,6493,4567,11060,0.0351373,0.109251,-0.993393,3
5314,0,0,0,0,1145,278,6737,4468,11205,0.0301049,0.120526,-0.992254,3
5968,0,0,0,0,1592,284,7844,4599,12443,0.0385333,0.112464,-0.992909,3
5136,0,0,0,0,1129,276,6541,4346,10887,0.0324032,0.114498,-0.992895,3
5281,0,0,0,0,1137,280,6698,4597,11295,0.034947,0.120486,-0.9921,3
5328,0,0,0,0,1141,280,6749,4487,11236,0.0354406,0.114464,-0.992795,3
5330,0,0,0,0,1160,291,6781,4639,11420,0.0439139,0.108493,-0.993127,3
5165,0,0,0,0,1130,280,6575,4639,11214,0.045589,0.103782,-0.993555,3
5275,0,0,0,0,1158,283,6716,4531,11247,0.0289679,0.113027,-0.993169,3
5183,0,0,0,0,1161,279,6623,4476,11099,0.0422202,0.11319,-0.992676,3
5235,0,0,0,0,1141,279,6655,4863,11518,0.031111,0.118246,-0.992497,3
5142,0,0,0,0,1150,278,6570,4504,11074,0.0317714,0.119274,-0.992353,3
5257,0,0,0,0,1133,276,6666,4631,11297,0.0430921,0.109376,-0.993066,3
5500,0,0,0,0,1136,281,6917,4509,11426,0.0340568,0.123655,-0.99174,3
5147,0,0,0,0,1131,275,6553,4574,11127,0.0311149,0.124101,-0.991782,3
5184,0,0,0,0,1139,274,6597,4619,11216,0.042923,0.112319,-0.992745,3
5273,0,0,0,0,1211,296,6780,4358,11138,0.0380975,0.107235,-0.993503,3
5126,0,0,0,0,1133,277,6536,4438,10974,0.0386134,0.105446,-0.993675,3
5244,0,0,0,0,1131,280,6655,4398,11053,0.0424291,0.106295,-0.993429,3
5179,0,0,0,0,1123,276,6578,4435,11013,0.0358576,0.106391,-0.993678,3
5259,0,0,0,0,1187,282,6728,4558,11286,0.0390752,0.11368,-0.992749,3
5494,0,0,0,0,1145,281,6920,4318,11238,0.0405986,0.107582,-0.993367,3
5207,0,0,0,0,1164,281,6652,4374,11026,0.0372129,0.112795,-0.992921,3
5526,0,0,0,0,1133,281,6940,4412,11352,0.0359833,0.11129,-0.993136,3
5199,0,0,0,0,1140,280,6619,4383,11002,0.0356631,0.110119,-0.993278,3
5224,0,0,0,0,1139,276,6639,4522,11161,0.0334813,0.118136,-0.992432,3
5200,0,0,0,0,1276,382,6858,4535,11393,0.0334555,0.112027,-0.993142,3
5240,0,0,0,0,1130,279,6649,4434,11083,0.0347526,0.106449,-0.993711,3
5921,0,0,0,0,1125,277,7323,4549,11872,0.0394425,0.114041,-0.992693,3
5203,0,0,0,0,1145,276,6624,4441,11065,0.0345418,0.10718,-0.99364,3
5592,0,0,0,0,1147,282,7021,4526,11547,0.0414404,0.102837,-0.993834,3
5309,0,0,0,0,1176,281,6766,4390,11156,0.0325264,0.115141,-0.992816,3
7054,0,0,0,0,1124,278,8456,4470,12926,0.0326743,0.113408,-0.993011,3
5509,0,0,0,0,1119,278,6906,4417,11323,0.0305673,0.113479,-0.99307,3
3581,0,0,0,0,787,188,4556,3208,7764,0.0358162,0.109487,-0.993343,3
4635,0,0,0,0,975,238,5848,4133,9981,0.0314814,0.114795,-0.99289,3
4862,0,0,0,0,1055,269,6186,4298,10484,0.0322814,0.119691,-0.992286,3
5231,0,0,0,0,1148,269,6648,4507,11155,0.0341919,0.112922,-0.993015,3
5223,0,0,0,0,1100,280,6603,4479,11082,0.0375758,0.108169,-0.993422,3
5225,0,0,0,0,1119,269,6613,4614,11227,0.0362902,0.116101,-0.992574,3
