Downsample[ns],BuildFilTree[ns],SearchFil[ns],DeleteFil[ns],BuildTreeSub[ns],SearchSub[ns],DeleteSub[ns],PreProcTotal[ns],Plane[ns],Total[ns],nx,ny,nz,planeCount
6317,0,380,513,4247,73,278,11808,1672,13480,0.00853718,0.0348667,-0.999356,0
8527,0,379,517,3694,35,233,13385,1094,14479,0.00487361,0.0335215,-0.999426,0
3226,0,200,252,2157,23,143,6001,778,6779,0.00615167,0.0336672,-0.999414,0
7077,0,388,499,4045,53,272,12334,1662,13996,0.00424883,0.0291919,-0.999565,0
6214,0,378,475,3419,42,187,10715,1010,11725,-0.00188865,0.0238055,-0.999715,0
3160,0,203,264,2142,30,141,5940,818,6758,-0.001298,0.0342475,-0.999413,0
6568,0,586,640,4169,51,271,12285,1660,13945,0.00228874,0.0288902,-0.99958,0
5957,0,377,478,4022,61,276,11171,1610,12781,0.0041309,0.0304609,-0.999527,0
6104,0,376,468,4110,92,282,11432,1547,12979,0.000449509,0.0370816,-0.999312,0
5325,0,357,419,3631,75,243,10050,1502,11552,0.0034424,0.0369329,-0.999312,0
5499,0,342,455,3643,57,244,10240,1302,11542,0.00469086,0.0422733,-0.999095,0
4968,0,309,383,3257,66,219,9202,1237,10439,0.000823803,0.0503747,-0.99873,0
6096,0,377,510,4123,64,272,11442,1511,12953,0.0067208,0.0498064,-0.998736,0
6107,0,420,470,3998,66,269,11330,1048,12378,0.00486055,0.051909,-0.99864,0
6044,0,381,474,4101,69,269,11338,1526,12864,0.00101057,0.044968,-0.998988,0
6123,0,420,477,4024,63,249,11356,1051,12407,0.00650406,0.0524502,-0.998602,0
4140,0,264,326,2833,44,189,7796,1002,8798,0.00210902,0.0644464,-0.997919,0
5978,0,390,507,4308,54,282,11519,1111,12630,-0.00368818,0.0619697,-0.998071,0
5581,0,353,438,3864,57,253,10546,1323,11869,0.0073821,0.0567417,-0.998362,0
5982,0,380,473,4390,84,324,11633,1670,13303,0.0108242,0.0575435,-0.998284,0
5967,0,371,488,3886,107,257,11076,1430,12506,0.00761431,0.0638563,-0.99793,0
5944,0,366,550,4700,65,267,11892,1544,13436,-0.00100336,0.07338,-0.997303,0
4338,0,284,316,2685,49,182,7854,1037,8891,0.00379364,0.0799922,-0.996788,0
6153,0,368,470,3971,53,265,11280,1445,12725,-0.00120075,0.0838424,-0.996478,0
4973,0,259,316,2617,31,138,8334,758,9092,0.00452831,0.0792276,-0.996846,0
3028,0,188,230,2028,26,134,5634,712,6346,0.0108833,0.0719212,-0.997351,0
6739,0,383,469,4451,91,326,12459,1561,14020,0.012982,0.0752173,-0.997083,0
6127,0,375,492,4040,52,265,11351,1364,12715,0.0126462,0.0893548,-0.99592,0
5433,0,328,405,3514,44,229,9953,1293,11246,0.0126069,0.0963629,-0.995266,0
5386,0,316,385,3391,67,225,9770,1309,11079,0.0130483,0.0786987,-0.996813,0
5843,0,346,433,3675,67,245,10609,1491,12100,0.0150543,0.0843873,-0.996319,0
5826,0,339,448,3479,51,205,10348,1268,11616,0.0151811,0.0923416,-0.995612,0
5166,0,292,363,3027,57,267,9172,1291,10463,0.0176884,0.100135,-0.994817,0
5783,0,313,391,3338,63,229,10117,1462,11579,0.0155028,0.0902525,-0.995798,0
5581,0,302,377,3197,65,219,9741,1788,11529,0.00946895,0.0942229,-0.995506,0
4813,0,259,323,2756,60,192,8403,1363,9766,0.00866319,0.0865159,-0.996213,0
5076,0,344,368,2928,79,182,8977,1390,10367,0.000805669,0.0973945,-0.995246,0
5380,0,263,333,2780,66,225,9047,1476,10523,-0.000326553,0.0872761,-0.996185,0
5386,0,257,371,2697,63,187,8961,1463,10424,0.00502089,0.0829969,-0.996537,0
5425,0,250,315,2587,65,178,8820,1450,10270,0.0135477,0.0795625,-0.996738,0
5273,0,239,301,2467,56,171,8507,1425,9932,0.0171608,0.0780587,-0.996801,0
5378,0,283,307,2454,56,177,8655,1427,10082,0.0120954,0.0857905,-0.99624,0
5342,0,248,316,2613,42,181,8742,1376,10118,0.0156071,0.073384,-0.997182,0
5349,0,256,334,2695,60,187,8881,1378,10259,0.0216738,0.06952,-0.997345,0
5300,0,253,317,2522,88,189,8669,1394,10063,0.0237229,0.0780983,-0.996663,0
5388,0,248,314,2428,61,177,8616,1582,10198,0.0216095,0.0663277,-0.997564,0
5213,0,243,305,2455,60,182,8458,1360,9818,0.0202016,0.0719163,-0.997206,0
5308,0,233,298,2333,55,176,8403,1388,9791,0.0194324,0.072068,-0.99721,0
5357,0,222,282,2265,55,167,8348,1505,9853,0.0113368,0.0812278,-0.996631,0
5244,0,229,332,1961,51,163,7980,1620,9600,-0.0126387,0.091431,-0.995731,0
5219,0,185,242,1862,46,141,7695,1826,9521,-0.0160787,0.0965519,-0.995198,0
5404,0,173,229,1666,43,133,7648,2329,9977,0.0167298,0.0698591,-0.997417,0
5325,0,188,221,1542,45,123,7444,2278,9722,0.0187814,0.0702492,-0.997353,0
5282,0,154,204,1487,40,118,7285,2170,9455,0.0214355,0.080351,-0.996536,0
5238,0,152,200,1442,44,118,7194,1863,9057,0.0186299,0.0949466,-0.995308,0
5260,0,157,207,1568,40,121,7353,1527,8880,0.024682,0.0868032,-0.99592,0
5358,0,193,226,1750,39,153,7719,1850,9569,0.0308155,0.0462332,-0.998455,0
5711,0,197,255,1946,73,144,8326,1507,9833,0.0211047,0.107532,-0.993978,0
5649,0,225,288,2238,43,180,8623,3195,11818,0.028303,0.101611,-0.994422,0
5517,0,248,314,2440,43,179,8741,3345,12086,0.0345678,0.0745219,-0.99662,0
5715,0,275,346,2801,44,200,9381,3185,12566,0.0723266,0.00993097,-0.997332,0
3878,0,202,252,2118,38,161,6649,1452,8101,0.0250025,0.0789634,-0.996564,0
6149,0,302,380,3138,43,217,10229,1577,11806,0.0270821,0.0417956,-0.998759,0
5944,0,397,413,3215,43,244,10256,1590,11846,0.0291017,0.0572345,-0.997937,0
5381,0,220,270,2259,27,199,8356,912,9268,0.0179136,0.0678179,-0.997537,0
2618,0,138,184,1401,16,99,4456,596,5052,0.0193716,0.0587283,-0.998086,0
6105,0,325,405,3276,37,233,10381,1504,11885,0.0101407,0.0560097,-0.998379,0
6131,0,373,439,3430,43,238,10654,1405,12059,0.0127303,0.0593979,-0.998153,0
4161,0,241,323,2499,47,189,7460,998,8458,0.0231175,0.0585825,-0.998015,0
6127,0,365,452,3801,42,263,11050,1517,12567,0.0450864,0.145517,-0.988328,0
5039,0,269,332,2597,40,147,8424,756,9180,0.0376438,0.130028,-0.990796,0
2200,0,146,181,1451,12,99,4089,466,4555,0.0330599,0.0852008,-0.995815,0
3110,0,214,281,2269,22,153,6049,756,6805,0.0518864,0.0904876,-0.994545,0
6130,0,420,527,4526,56,302,11961,1956,13917,0.0504637,0.0931365,-0.994374,0
6180,0,497,532,4503,68,349,12129,2103,14232,0.0133263,0.17666,-0.984182,0
3573,0,222,276,2370,34,129,6604,901,7505,0.0289042,0.121329,-0.992192,0
2188,0,148,183,1593,27,106,4245,899,5144,0.0285393,0.115302,-0.992921,0
5566,0,361,464,3869,44,258,10562,1723,12285,0.0384703,0.0838139,-0.995739,0
6214,0,398,489,4469,46,281,11897,1919,13816,0.0292119,0.0828677,-0.996132,0
6313,0,389,480,3863,36,193,11274,1155,12429,0.00699228,0.0998739,-0.994976,0
4274,0,270,335,2824,47,217,7967,1007,8974,0.00427287,0.0816392,-0.996653,0
6393,0,382,512,3964,105,279,11635,1407,13042,0.00320349,0.113421,-0.993542,0
6376,0,391,484,4143,82,292,11768,1531,13299,-0.0279746,0.114307,-0.993052,0
6473,0,395,553,4222,62,285,11990,1165,13155,0.0140919,0.0867862,-0.996128,0
4413,0,273,341,2927,37,196,8187,947,9134,0.0241587,0.0540845,-0.998244,0
6566,0,420,487,4119,65,279,11936,1699,13635,0.0450999,0.0406488,-0.998155,0
6531,0,436,473,4174,47,190,11851,1457,13308,0.0319703,0.0246088,-0.999186,0
3413,0,199,244,2179,29,143,6207,1071,7278,0.0213066,0.0183882,-0.999604,0
6462,0,394,473,4074,67,264,11734,1882,13616,0.018374,0.00320213,-0.999826,0
6330,0,375,462,4060,75,269,11571,2059,13630,0.0152323,0.0283182,-0.999483,0
4262,0,260,322,2880,49,187,7960,1095,9055,0.022088,0.0452346,-0.998733,0
5645,0,339,415,3639,64,240,10342,2050,12392,0.00926322,0.0376609,-0.999248,0
5649,0,333,408,3449,63,239,10141,1794,11935,0.00174587,0.0416008,-0.999133,0
5677,0,351,412,3326,61,271,10098,1954,12052,-0.00266133,0.0609761,-0.998136,0
5646,0,350,449,3398,59,241,10143,1799,11942,-0.00596387,0.0865348,-0.996231,0
3937,0,269,310,2396,41,167,7120,1393,8513,-0.0136632,0.0592147,-0.998152,0
6076,0,369,450,3830,59,267,11051,1927,12978,-0.018001,0.113069,-0.993424,0
6189,0,410,466,3907,60,274,11306,1745,13051,-0.0136831,0.114796,-0.993295,0
4251,0,271,352,2701,38,192,7805,1053,8858,-0.0184413,0.12998,-0.991345,0
6151,0,427,502,4113,41,285,11519,1369,12888,-0.00148488,0.156289,-0.987711,0
6102,0,454,528,4399,57,303,11843,1048,12891,0.00805318,0.17689,-0.984198,0
5662,0,392,551,4236,77,281,11199,1519,12718,0.0151161,0.182706,-0.983051,0
5464,0,412,545,4638,47,202,11308,1083,12391,0.0295971,0.220573,-0.974922,0
3985,0,287,359,3074,44,202,7951,1023,8974,0.0163638,0.203947,-0.978845,0
7298,0,703,929,7033,102,494,16559,2150,18709,0.0149064,0.234055,-0.972109,0
4289,0,321,399,3388,47,224,8668,1133,9801,0.00953003,0.228154,-0.973579,0
6041,0,466,585,5070,68,331,12561,1603,14164,0.000415199,0.254407,-0.967097,0
5817,0,455,575,4926,70,349,12192,1762,13954,-0.0102947,0.27391,-0.9617,0
5923,0,513,555,4628,59,309,11987,1626,13613,-0.0139494,0.241545,-0.970289,0
6162,0,424,561,4730,68,360,12305,1653,13958,-0.0160901,0.228869,-0.973325,0
6212,0,423,522,4516,79,292,12044,1585,13629,-0.0171119,0.224351,-0.974358,0
6340,0,416,489,4311,101,279,11936,1484,13420,-0.0154257,0.228134,-0.973508,0
6320,0,399,495,4465,61,286,12026,1639,13665,-0.00412613,0.221682,-0.97511,0
6364,0,412,514,4500,80,296,12166,1564,13730,-0.00305695,0.206551,-0.978431,0
6238,0,439,551,4690,62,307,12287,1565,13852,-0.00457855,0.199588,-0.979869,0
6354,0,458,574,4899,69,323,12677,1507,14184,-0.00114564,0.193798,-0.981041,0
6559,0,483,632,5203,73,343,13293,1235,14528,0.00324748,0.163546,-0.98653,0
6323,0,503,605,5448,73,351,13303,1199,14502,0.0022063,0.146752,-0.98917,0
4393,0,327,436,3526,38,234,8954,1013,9967,0.00328192,0.136909,-0.990578,0
6270,0,482,581,4876,60,328,12597,1430,14027,0.00509079,0.134811,-0.990858,0
6134,0,537,573,4790,56,320,12410,1469,13879,0.00462287,0.113513,-0.993526,0
6239,0,454,577,4976,80,326,12652,1446,14098,0.00751233,0.0922826,-0.995705,0
6038,0,470,571,4817,54,346,12296,1453,13749,0.00902629,0.0659729,-0.997781,0
6117,0,455,571,4958,62,321,12484,1654,14138,0.00694486,0.0523811,-0.998603,0
6059,0,451,591,4860,71,329,12361,1655,14016,0.00758302,0.0459119,-0.998917,0
6209,0,453,578,4789,72,326,12427,1616,14043,0.00782687,0.0501171,-0.998713,0
6053,0,448,604,4778,80,328,12291,1579,13870,0.0110748,0.0684094,-0.997596,0
5916,0,448,558,4870,77,335,12204,1468,13672,0.00402517,0.102211,-0.994754,0
5991,0,443,576,4737,80,320,12147,1573,13720,0.00120552,0.127447,-0.991845,0
6082,0,455,560,4728,58,315,12198,1595,13793,-0.00738408,0.149034,-0.988805,0
6100,0,453,547,4642,63,331,12136,1465,13601,0.00533152,0.16623,-0.986073,0
6515,0,435,547,4662,55,333,12547,1380,13927,0.0151709,0.181349,-0.983302,0
6455,0,443,559,4367,64,304,12192,1408,13600,0.0159669,0.169892,-0.985333,0
6011,0,418,523,4300,61,294,11607,1384,12991,0.000479378,0.163199,-0.986593,0
5783,0,414,543,4317,57,299,11413,1440,12853,-0.014539,0.142849,-0.989638,0
5735,0,419,496,4243,58,294,11245,1440,12685,-0.00931821,0.139144,-0.990228,0
5776,0,408,499,4015,56,278,11032,1504,12536,-0.00439624,0.127617,-0.991814,0
5968,0,377,466,3974,55,272,11112,1390,12502,0.00167448,0.18772,-0.982221,0
5879,0,355,440,3646,55,255,10630,1539,12169,0.00223557,0.181125,-0.983458,0
3010,0,171,214,1473,24,97,4989,792,5781,0.00673824,0.147372,-0.989058,0
3191,0,160,199,1659,36,117,5362,1340,6702,0.00761115,0.140023,-0.990119,0
5740,0,273,321,2486,54,188,9062,2099,11161,0.00381441,0.14197,-0.989864,0
5575,0,225,296,2301,51,165,8613,2424,11037,0.00343085,0.142528,-0.989785,0
5521,0,203,260,2003,63,150,8200,2713,10913,0.00203382,0.142235,-0.989831,0
4817,0,131,170,1502,42,123,6785,1447,8232,0.00209017,0.15124,-0.988495,0
3294,0,108,139,1023,35,78,4677,1165,5842,0.00388656,0.144081,-0.989558,0
5583,0,189,244,1866,57,141,8080,1919,9999,0.00366255,0.148955,-0.988837,0
5675,0,217,279,2090,63,192,8516,2255,10771,-0.00298093,0.154098,-0.988051,0
5646,0,241,307,2383,53,176,8806,1930,10736,0.0136165,0.152326,-0.988236,0
5682,0,285,327,2564,55,190,9103,1871,10974,0.0213028,0.11753,-0.992841,0
5736,0,273,346,2694,42,201,9292,1709,11001,0.0270516,0.098909,-0.994729,0
5834,0,288,366,2927,44,227,9686,1606,11292,0.022028,0.11481,-0.993143,0
5913,0,301,377,3098,40,231,9960,1427,11387,0.0228893,0.0970401,-0.995017,0
5403,0,287,395,2958,35,206,9284,1320,10604,0.0176907,0.103493,-0.994473,0
6139,0,383,410,3309,40,255,10536,1462,11998,0.0168108,0.14261,-0.989636,0
5565,0,253,290,2327,32,182,8649,1530,10179,0.0221702,0.0959853,-0.995136,0
2504,0,146,180,1413,14,88,4345,503,4848,0.0249254,0.0871326,-0.995885,0
4928,0,285,352,2922,43,206,8736,1427,10163,0.0292711,0.0979069,-0.994765,0
4850,0,286,353,3011,37,193,8730,842,9572,0.0302031,0.0727692,-0.996891,0
4458,0,257,322,2706,52,185,7980,1181,9161,0.0318024,0.0939733,-0.995067,0
5848,0,336,419,3669,54,244,10570,1826,12396,0.0244693,0.104575,-0.994216,0
6044,0,327,409,3470,59,238,10547,1994,12541,0.0348264,0.0900631,-0.995327,0
4245,0,253,319,2403,37,161,7418,1329,8747,0.024951,0.031176,-0.999203,0
6062,0,320,400,3448,55,232,10517,2111,12628,0.00922146,0.0579764,-0.998276,0
6192,0,314,394,3543,57,227,10727,2077,12804,0.0146196,0.10821,-0.994021,0
6054,0,320,391,3771,67,267,10870,2231,13101,0.00133982,0.142813,-0.989749,0
6319,0,318,425,3427,62,230,10781,2398,13179,0.00964942,0.121169,-0.992585,0
4949,0,248,283,2446,39,159,8124,1284,9408,0.0133213,0.0771536,-0.99693,0
4296,0,238,292,2525,89,168,7608,1182,8790,0.00811224,0.0704766,-0.997481,0
6237,0,367,452,3949,75,285,11365,1743,13108,0.00450651,0.0668812,-0.997751,0
6378,0,405,476,4124,99,277,11759,1825,13584,0.0365525,0.0500683,-0.998077,0
5334,0,273,354,2561,40,150,8712,832,9544,0.0285113,0.00914859,-0.999552,0
2620,0,144,174,1485,30,101,4554,570,5124,0.0198783,-0.071842,-0.997218,0
2170,0,133,164,1334,32,93,3926,754,4680,0.00110318,-0.0993556,-0.995051,0
6402,0,384,455,3784,47,262,11334,2537,13871,-0.0248212,-0.0401018,-0.998887,0
6884,0,509,482,3646,50,250,11821,3308,15129,-0.012855,-0.0834675,-0.996428,0
3980,0,216,268,2232,31,152,6879,1591,8470,-0.0195013,0.0127448,-0.999728,0
6373,0,362,410,3448,55,235,10883,2499,13382,-0.0272783,0.0583678,-0.997922,0
6075,0,328,407,3579,82,348,10819,3749,14568,-0.0796738,0.198844,-0.976787,0
6137,0,356,412,3348,51,235,10539,3401,13940,-0.0439246,0.127447,-0.990872,0
4278,0,231,299,2373,34,163,7378,3455,10833,-0.0272134,0.0240287,-0.999341,0
6259,0,356,404,3350,85,359,10813,4649,15462,-0.0283423,0.121079,-0.992238,0
6147,0,318,406,2638,48,164,9721,3843,13564,-0.0538285,0.0703248,-0.996071,0
3098,0,168,206,1701,36,119,5328,3052,8380,-0.0236016,0.148603,-0.988615,0
5955,0,315,392,3256,52,227,10197,8028,18225,-0.0226932,0.168458,-0.985448,0
3088,0,190,214,1708,37,119,5356,2591,7947,-0.0466513,0.0866505,-0.995146,0
6114,0,343,430,3367,54,221,10529,3809,14338,0.00491369,0.19467,-0.980857,0
5901,0,367,472,3743,54,293,10830,2777,13607,0.00385521,0.196463,-0.980504,0
4027,0,273,335,2873,38,192,7738,985,8723,0.00484503,0.212238,-0.977206,0
5968,0,429,544,4270,60,296,11567,1453,13020,-0.00078135,0.240337,-0.970689,0
6349,0,447,556,4519,66,387,12324,1509,13833,-0.00599032,0.238738,-0.971066,0
5723,0,427,566,4421,66,306,11509,1477,12986,-0.00531246,0.212075,-0.977239,0
5736,0,449,598,4330,69,327,11509,1498,13007,-0.006186,0.197137,-0.980357,0
5704,0,411,516,4757,78,296,11762,1560,13322,-0.00378694,0.171626,-0.985155,0
5060,0,281,350,2987,47,199,8924,1055,9979,-0.0046134,0.158176,-0.9874,0
5511,0,359,474,3698,68,270,10380,1480,11860,-0.00582048,0.152682,-0.988258,0
5108,0,355,464,3740,63,287,10017,1326,11343,-0.00653794,0.147649,-0.989018,0
5672,0,385,563,4006,72,278,10976,1419,12395,-0.0106596,0.135247,-0.990755,0
5682,0,381,479,4285,94,288,11209,1566,12775,-0.00647587,0.127525,-0.991814,0
5729,0,377,471,3959,68,296,10900,1470,12370,-0.00417185,0.135748,-0.990735,0
5546,0,334,420,3467,64,242,10073,1458,11531,-0.000671274,0.132428,-0.991192,0
6032,0,367,466,3780,72,261,10978,1598,12576,-0.000741715,0.133119,-0.9911,0
5788,0,357,499,3758,72,259,10733,1516,12249,-0.00418033,0.124599,-0.992199,0
5618,0,353,442,4002,76,257,10748,1565,12313,-0.00600434,0.113343,-0.993538,0
5725,0,351,441,3689,72,249,10527,1486,12013,-0.0101769,0.114733,-0.993344,0
5688,0,345,455,3547,71,287,10393,1553,11946,-0.0106014,0.105916,-0.994319,0
5714,0,346,428,3546,70,247,10351,1463,11814,-0.00674219,0.0987181,-0.995093,0
5658,0,522,444,3629,70,254,10577,1409,11986,-0.0059403,0.107456,-0.994192,0
5670,0,352,440,3643,70,252,10427,1573,12000,-0.00467233,0.105279,-0.994432,0
5667,0,355,475,3743,70,257,10567,1412,11979,-0.0074253,0.114666,-0.993376,0
6128,0,356,449,3644,92,255,10924,1536,12460,-0.00604024,0.117495,-0.993055,0
5820,0,355,445,3592,68,253,10533,1463,11996,-0.00472004,0.118093,-0.992991,0
6193,0,393,479,3702,68,254,11089,1485,12574,-0.00321509,0.107574,-0.994192,0
6010,0,351,441,3666,92,280,10840,1532,12372,-0.00576424,0.0937235,-0.995582,0
5827,0,351,439,3596,68,249,10530,1397,11927,-0.0053493,0.109951,-0.993923,0
4587,0,289,308,2245,35,134,7598,768,8366,-0.00699735,0.102187,-0.994741,0
2509,0,151,188,1650,42,151,4691,628,5319,-0.00693965,0.107914,-0.994136,0
5824,0,392,465,3750,67,256,10754,1474,12228,-0.00420916,0.113235,-0.993559,0
5777,0,363,450,3604,68,257,10519,1172,11691,-0.00532684,0.105714,-0.994382,0
5858,0,350,490,3550,83,281,10612,1454,12066,-0.00677287,0.120772,-0.992657,0
5922,0,381,497,3639,69,275,10783,1551,12334,-0.00993876,0.106934,-0.994217,0
5890,0,382,459,3671,70,255,10727,1426,12153,-0.00522307,0.112257,-0.993666,0
4140,0,243,322,2476,47,194,7422,981,8403,-0.00348939,0.0851458,-0.996363,0
5846,0,495,704,4282,68,285,11680,1402,13082,-0.00876037,0.123263,-0.992335,0
5681,0,358,451,3555,68,251,10364,1423,11787,-0.00708328,0.122613,-0.992429,0
5755,0,397,469,3558,67,251,10497,1529,12026,-0.00965152,0.116151,-0.993185,0
6018,0,346,433,3578,68,250,10693,1453,12146,-0.00849676,0.109157,-0.993988,0
6558,0,387,485,3688,67,249,11434,1405,12839,-0.0092853,0.111407,-0.993731,0
5756,0,352,427,3468,69,242,10314,1512,11826,-0.0127191,0.120113,-0.992679,0
6315,0,381,427,3435,68,244,10870,1447,12317,-0.0122499,0.108666,-0.994003,0
7040,0,339,431,3585,70,246,11711,1397,13108,-0.00656068,0.121101,-0.992618,0
5710,0,366,421,3451,69,242,10259,1458,11717,-0.00709428,0.128552,-0.991678,0
5754,0,345,418,3385,71,242,10215,1441,11656,-0.00594783,0.122975,-0.992392,0
6102,0,372,485,3857,71,239,11126,1655,12781,-0.0084683,0.138537,-0.990321,0
6370,0,332,413,3412,71,240,10838,1451,12289,-0.0117555,0.128094,-0.991692,0
6048,0,328,414,3398,72,238,10498,1440,11938,-0.00855236,0.122874,-0.992385,0
6609,0,366,459,3626,70,231,11361,1428,12789,-0.00414577,0.122355,-0.992478,0
5828,0,370,411,3356,73,231,10269,1438,11707,-0.00478683,0.112063,-0.99369,0
6331,0,367,484,3818,75,238,11313,1603,12916,-0.008447,0.10485,-0.994452,0
6479,0,369,470,3638,73,238,11267,1404,12671,-0.00898003,0.11289,-0.993567,0
5743,0,325,408,3334,85,233,10128,1386,11514,-0.00943522,0.119092,-0.992838,0
5802,0,328,449,3389,71,238,10277,1444,11721,-0.00982337,0.11298,-0.993549,0
5801,0,329,416,3395,73,239,10253,1420,11673,-0.00977167,0.115806,-0.993224,0
5848,0,328,415,3391,71,240,10293,1384,11677,-0.0111702,0.126442,-0.991911,0
6556,0,421,473,4491,79,274,12294,1429,13723,-0.00871103,0.100874,-0.994861,0
5797,0,333,435,3470,70,243,10348,1374,11722,-0.00817819,0.0951047,-0.995434,0
5644,0,333,417,3438,68,242,10142,1386,11528,-0.0112761,0.107088,-0.994186,0
5798,0,383,462,3379,69,237,10328,1421,11749,-0.0128583,0.103773,-0.994518,0
5674,0,334,412,3475,69,241,10205,1392,11597,-0.00862586,0.0996599,-0.994984,0
5821,0,365,422,3589,68,245,10510,1496,12006,-0.0107602,0.102161,-0.99471,0
5757,0,345,424,3496,68,245,10335,1630,11965,-0.00880362,0.105606,-0.994369,0
5626,0,337,420,3462,68,244,10157,1420,11577,-0.00883154,0.12492,-0.992128,0
5746,0,336,422,3555,69,245,10373,1423,11796,-0.00872422,0.136703,-0.990574,0
5792,0,384,420,3490,70,245,10401,1447,11848,-0.00876514,0.107682,-0.994147,0
5659,0,336,429,3491,74,242,10231,1477,11708,-0.00885629,0.121272,-0.99258,0
5935,0,338,455,3577,70,244,10619,1416,12035,-0.00923562,0.082023,-0.996588,0
5993,0,400,427,3519,71,244,10654,1501,12155,-0.00840379,0.113513,-0.993501,0
5842,0,340,462,3646,69,266,10625,1463,12088,-0.0086878,0.122924,-0.992378,0
5830,0,339,500,3548,89,253,10559,1582,12141,-0.0108216,0.119842,-0.992734,0
4036,0,234,293,2450,49,169,7231,1041,8272,-0.0146886,0.109388,-0.993891,0
5960,0,337,481,3523,72,245,10618,1447,12065,-0.0100609,0.104346,-0.99449,0
5821,0,336,478,3506,71,243,10455,1458,11913,-0.00954756,0.11511,-0.993307,0
6193,0,372,421,3527,72,238,10823,1554,12377,-0.0109672,0.122526,-0.992405,0
5794,0,401,466,3502,77,263,10503,1468,11971,-0.00983389,0.124181,-0.992211,0
5964,0,335,494,3626,71,242,10732,1548,12280,-0.00989897,0.129059,-0.991588,0
6064,0,310,316,2474,50,167,9381,951,10332,-0.0118425,0.121983,-0.992462,0
4823,0,271,360,2925,60,196,8635,1159,9794,-0.00913304,0.128738,-0.991637,0
5806,0,367,431,3429,71,237,10341,1433,11774,-0.0107415,0.100637,-0.994865,0
5713,0,332,414,3417,69,270,10215,1421,11636,-0.0147481,0.106578,-0.994195,0
5894,0,342,413,3444,70,244,10407,1399,11806,-0.00808553,0.0984315,-0.995111,0
5760,0,330,412,3430,69,240,10241,1443,11684,-0.0107558,0.124098,-0.992212,0
5840,0,328,416,3499,68,263,10414,1432,11846,-0.0090336,0.129185,-0.991579,1
5803,0,341,421,3426,74,268,10333,1530,11863,-0.00613323,0.127892,-0.991769,1
5821,0,375,416,3389,80,272,10353,1463,11816,-0.0105929,0.127278,-0.991811,1
6020,0,358,414,3361,82,263,10498,1514,12012,-0.0144616,0.109679,-0.993862,1
5706,0,336,405,3851,85,259,10642,1412,12054,-0.01746,0.128044,-0.991615,1
5733,0,445,435,3270,82,229,10194,1397,11591,-0.0139082,0.116692,-0.993071,1
4828,0,221,281,2236,56,156,7778,832,8610,-0.00977837,0.128434,-0.99167,1
2976,0,168,209,1744,42,121,5260,729,5989,0.00325427,0.0660896,-0.997808,1
5703,0,316,398,3232,79,226,9954,1398,11352,-0.00779119,0.12702,-0.99187,1
5688,0,327,398,3254,79,227,9973,1440,11413,-0.0102552,0.117005,-0.993079,1
5677,0,316,402,3198,76,225,9894,1412,11306,-0.00992715,0.112459,-0.993607,1
5926,0,311,394,3398,117,340,10486,1633,12119,-0.00994395,0.112252,-0.99363,1
6035,0,313,393,3216,80,225,10262,1446,11708,-0.0117419,0.125502,-0.992024,1
6026,0,311,395,3275,106,223,10336,1409,11745,-0.00691747,0.119683,-0.992788,1
6982,0,354,428,3278,78,221,11341,1475,12816,0.00654621,0.0586672,-0.998256,1
5891,0,308,388,3189,80,250,10106,1419,11525,-0.00607691,0.125979,-0.992014,1
5901,0,309,420,3229,70,226,10155,1468,11623,-0.00558128,0.117806,-0.993021,1
5668,0,319,384,3172,79,226,9848,1415,11263,-0.00618443,0.112297,-0.993656,1
5687,0,308,393,3160,88,222,9858,1386,11244,-0.0061039,0.133456,-0.991036,1
5705,0,307,382,3197,77,229,9897,1417,11314,-0.00680812,0.124874,-0.992149,1
5698,0,306,382,3145,78,220,9829,1384,11213,0.00469973,0.0678036,-0.997688,1
5673,0,304,380,3307,80,225,9969,1388,11357,-0.0034117,0.0805338,-0.996746,1
5662,0,302,375,3500,90,269,10198,1424,11622,-0.00618009,0.135326,-0.990782,1
5674,0,386,384,3060,78,215,9797,1389,11186,-0.00446396,0.135862,-0.990718,1
6107,0,298,380,3134,67,216,10202,1407,11609,-0.00282719,0.127411,-0.991846,1
5707,0,296,373,3016,68,212,9672,1386,11058,-0.00523726,0.125597,-0.992068,1
5682,0,309,472,3720,110,269,10562,1425,11987,-0.000740216,0.127686,-0.991814,1
6031,0,292,434,3091,66,211,10125,1482,11607,-0.0011128,0.130137,-0.991495,1
3903,0,202,257,2132,51,146,6691,976,7667,-0.00254567,0.120871,-0.992665,1
5931,0,325,462,3653,73,216,10660,1408,12068,-0.0022928,0.120899,-0.992662,1
5753,0,287,385,3058,88,209,9780,1425,11205,-0.00263485,0.126782,-0.991927,1
5817,0,284,357,2949,67,207,9681,1413,11094,0.00542876,0.145025,-0.989413,1
5792,0,278,366,3000,64,207,9707,1393,11100,-0.000669264,0.13644,-0.990648,1
5836,0,272,359,2850,67,200,9584,1358,10942,-0.000115448,0.144046,-0.989571,1
5839,0,311,391,3005,87,233,9866,1419,11285,0.00203157,0.112959,-0.993598,1
6053,0,336,390,2868,81,194,9922,1454,11376,-0.00297315,0.0627558,-0.998025,1
5816,0,277,362,2934,74,211,9674,1379,11053,-0.000607093,0.125768,-0.99206,1
5748,0,271,341,3347,92,207,10006,1492,11498,0.00260926,0.094599,-0.995512,1
6714,0,365,468,2874,69,200,10690,1403,12093,0.000568239,0.126729,-0.991937,1
5824,0,269,345,2825,70,197,9530,1395,10925,-0.00242303,0.137241,-0.990535,1
5758,0,260,337,2754,92,190,9391,1374,10765,0.0035483,0.151183,-0.9885,1
5851,0,252,323,2539,95,181,9241,1404,10645,-0.00189888,0.164879,-0.986312,1
5897,0,290,352,2549,67,182,9337,1499,10836,-0.000418155,0.153262,-0.988185,1
6601,0,291,386,3134,62,213,10687,1704,12391,0.0106307,0.207689,-0.978137,1
4133,0,161,188,1543,37,109,6171,782,6953,0.0149244,0.161273,-0.986797,1
2590,0,139,201,1340,30,95,4395,629,5024,-0.00659088,0.110845,-0.993816,1
6231,0,301,409,3196,59,220,10416,1467,11883,-0.0157927,0.0796016,-0.996702,1
6097,0,310,392,3233,72,249,10353,1435,11788,0.00296995,0.00547031,-0.999981,1
4098,0,221,273,2269,62,158,7081,1006,8087,0.0103587,-0.00657266,-0.999925,1
6088,0,345,418,3542,88,277,10758,1419,12177,0.0137256,-0.00709145,-0.999881,1
6138,0,349,433,3823,53,282,11078,1532,12610,0.0198814,0.00136117,-0.999801,1
6546,0,367,456,4015,59,271,11714,1228,12942,0.0293857,-0.00178641,-0.999567,1
4163,0,265,331,2888,35,191,7873,991,8864,0.0296652,-0.00408955,-0.999552,1
6164,0,426,484,4229,56,278,11637,1522,13159,0.0267287,0.00433398,-0.999634,1
5946,0,378,465,4100,62,270,11221,1432,12653,0.0174155,0.0141394,-0.999748,1
6135,0,398,456,3921,64,286,11260,1485,12745,0.0209682,0.00710822,-0.999755,1
4021,0,252,310,2813,39,178,7613,959,8572,0.00602046,0.00361595,-0.999975,1
5991,0,361,468,4373,51,270,11514,1414,12928,0.000504407,0.000593783,-1,1
5936,0,347,432,3716,48,275,10754,1498,12252,-0.00449429,-0.0178874,-0.99983,1
6749,0,343,431,3724,65,247,11559,1457,13016,-0.00476281,0.0117452,-0.99992,1
4040,0,238,295,2525,39,172,7309,1150,8459,0.00377988,-0.0159465,-0.999866,1
6110,0,345,431,3690,51,250,10877,1635,12512,0.0180752,0.0535212,-0.998403,1
5936,0,339,426,3442,76,259,10478,1454,11932,0.012026,0.0470871,-0.998818,1
4079,0,229,285,2347,60,192,7192,1619,8811,-0.00640907,0.0192383,-0.999794,1
5963,0,357,418,3247,47,224,10256,2722,12978,-0.0240387,0.0326243,-0.999179,1
5931,0,289,361,2936,48,225,9790,4175,13965,-0.0117734,0.0522162,-0.998566,1
4071,0,165,206,1694,29,122,6287,3740,10027,-0.0119545,0.03607,-0.999278,1
5121,0,208,238,2119,53,161,7900,6198,14098,0.0522869,0.161892,-0.985422,1
5049,0,138,179,1344,46,112,6868,3734,10602,0.00419485,0.0538789,-0.998539,1
5017,0,132,186,1240,39,98,6712,6862,13574,0.0703854,0.240168,-0.968176,1
5580,0,201,274,1668,37,102,7862,3004,10866,-0.0270352,0.0486848,-0.998449,1
4533,0,164,209,1574,38,122,6640,3481,10121,-0.00631615,0.105147,-0.994437,1
5055,0,275,381,2126,61,169,8067,2624,10691,-0.0280592,0.013288,-0.999518,1
4812,0,216,272,2141,34,155,7630,2069,9699,-0.0158428,0.103325,-0.994522,1
4835,0,240,293,2375,52,193,7988,2061,10049,-0.00913032,0.108042,-0.994105,1
5889,0,294,367,2964,62,215,9791,1818,11609,-0.00639441,0.00182427,-0.999978,1
5999,0,299,402,3119,66,211,10096,2244,12340,0.0106629,0.0776771,-0.996922,1
5945,0,299,377,3183,60,245,10109,2843,12952,0.0217285,0.0766432,-0.996822,1
6017,0,299,374,2459,45,149,9343,1637,10980,0.0109322,0.0221912,-0.999694,1
3247,0,188,209,1534,32,108,5318,1005,6323,0.0134726,0.0501923,-0.998649,1
5897,0,273,341,3287,90,259,10147,2193,12340,0.0237969,0.0879582,-0.99584,1
5745,0,258,323,2619,64,192,9201,1994,11195,-0.00391339,0.118525,-0.992944,1
6022,0,357,405,2656,65,187,9692,2847,12539,-0.00749935,0.12015,-0.992727,1
5745,0,240,321,2380,114,169,8969,2039,11008,-0.00103528,0.166785,-0.985993,1
5835,0,225,300,2288,48,164,8860,2936,11796,0.0359604,0.134368,-0.990279,1
5873,0,220,278,2248,77,162,8858,3618,12476,0.0303526,0.141995,-0.989402,1
6030,0,223,282,2270,52,165,9022,2344,11366,-0.0393052,0.0104624,-0.999173,1
5952,0,240,304,2485,92,176,9249,2330,11579,-0.0337027,-0.0230079,-0.999167,1
6060,0,271,334,2633,58,187,9543,1650,11193,-0.0159856,-0.0119239,-0.999801,1
7213,0,310,388,3018,89,203,11221,1464,12685,0.0280397,-0.0010516,-0.999606,1
6108,0,308,357,2904,40,154,9871,1018,10889,-0.00437117,-0.0536013,-0.998553,1
3152,0,152,205,1567,25,111,5212,750,5962,-0.0113058,-0.0804942,-0.996691,1
6552,0,351,489,2958,48,233,10631,1421,12052,-0.00702862,-0.0921218,-0.995723,1
5922,0,289,359,2903,61,207,9741,1687,11428,-0.0104786,-0.096015,-0.995325,1
6180,0,283,355,2925,82,209,10034,1673,11707,-0.0148287,-0.0882759,-0.995986,1
6084,0,300,347,3398,64,202,10395,1347,11742,-0.00898846,-0.0547519,-0.99846,1
4035,0,180,225,1811,38,130,6419,1102,7521,-0.00747058,-0.0284943,-0.999566,1
5946,0,336,311,2398,49,173,9213,1578,10791,-0.0244954,-0.0192181,-0.999516,1
5943,0,242,333,2552,46,178,9294,2107,11401,-0.0391946,-0.0328788,-0.99869,1
4054,0,166,213,1739,31,123,6326,2164,8490,-0.0330813,0.027724,-0.999068,1
5839,0,233,290,3047,51,175,9635,3955,13590,-0.0369154,0.0390035,-0.998557,1
5802,0,232,316,2344,42,168,8904,3802,12706,-0.0248556,0.0768881,-0.99673,1
3959,0,163,208,1598,31,120,6079,1851,7930,-0.0197333,0.0769434,-0.99684,1
5715,0,251,310,2407,60,187,8930,2247,11177,-0.0733465,0.0990326,-0.992377,1
5828,0,286,346,2674,61,202,9397,1806,11203,-0.0104753,0.0840008,-0.996411,1
5771,0,322,367,2878,68,213,9619,1546,11165,-0.0137074,0.11226,-0.993584,1
5744,0,314,385,3110,58,228,9839,1556,11395,-0.0152294,0.0683846,-0.997543,1
5727,0,493,595,3474,61,234,10584,1485,12069,-0.0120893,0.0559914,-0.998358,1
5097,0,281,347,2875,49,205,8854,1752,10606,-0.01748,0.074019,-0.997104,1
5014,0,278,348,3053,48,253,8994,1525,10519,-0.0164927,0.0675805,-0.997578,1
5596,0,305,398,3044,51,223,9617,1482,11099,-0.0173381,0.0589894,-0.998108,1
5490,0,296,405,2987,57,223,9458,1407,10865,-0.0175895,0.0623526,-0.997899,1
5443,0,283,354,2851,51,207,9189,1384,10573,-0.0245422,0.0749708,-0.996884,1
5600,0,267,345,2626,56,199,9093,1387,10480,-0.0383524,0.0709937,-0.996739,1
5753,0,252,332,2612,87,185,9221,1508,10729,-0.0458785,0.0803271,-0.995712,1
5852,0,312,340,2440,69,180,9193,1482,10675,-0.031586,0.0582797,-0.997801,1
5809,0,242,308,2484,77,183,9103,1487,10590,-0.0082491,0.0670534,-0.997716,1
5729,0,227,291,2326,70,175,8818,1425,10243,-6.31406e-05,0.0504455,-0.998727,1
5715,0,223,284,2305,62,167,8756,1437,10193,-0.013011,0.0417337,-0.999044,1
5899,0,242,310,2418,88,174,9131,1506,10637,-0.0331666,0.0406356,-0.998623,1
5763,0,258,396,2668,70,190,9345,1406,10751,-0.0477975,0.0217916,-0.998619,1
5874,0,271,345,2749,51,197,9487,1507,10994,-0.0350688,0.0123151,-0.999309,1
6631,0,281,392,2903,68,205,10480,1450,11930,-0.0220935,0.0175742,-0.999601,1
5746,0,297,380,3114,69,215,9821,1418,11239,-0.00874938,0.0349722,-0.99935,1
5534,0,296,366,3249,59,218,9722,1638,11360,0.00999482,0.0461904,-0.998883,1
6657,0,320,400,3514,103,243,11237,1638,12875,0.0232113,0.145838,-0.989037,1
5838,0,286,329,2103,43,140,8739,1020,9759,0.0163628,0.130526,-0.99131,1
2761,0,123,153,1273,30,87,4427,677,5104,0.019758,0.0472124,-0.99869,1
2557,0,139,173,1402,27,98,4396,926,5322,0.000339483,0.0370115,-0.999315,1
6654,0,386,419,3183,67,258,10967,2137,13104,-0.026406,0.111106,-0.993458,1
5624,0,345,394,3013,55,212,9643,1924,11567,-0.0135519,0.085655,-0.996233,1
4137,0,205,243,1925,80,140,6730,1690,8420,-0.014764,0.0674438,-0.997614,1
5725,0,255,326,2569,48,190,9113,4662,13775,-0.0261846,0.0913344,-0.995476,1
5953,0,239,314,2183,47,167,8903,6323,15226,-0.0148345,0.0957311,-0.995297,1
3857,0,136,172,1304,32,101,5602,3999,9601,-0.0137763,0.0617148,-0.997999,1
5254,0,160,208,1511,37,120,7290,11204,18494,-0.0410157,0.181105,-0.982608,1
3562,0,112,138,1010,28,80,4930,4014,8944,-0.000213242,0.0330187,-0.999455,1
5871,0,195,213,1414,50,113,7856,6285,14141,0.0046238,0.0374491,-0.999288,1
5644,0,232,229,1597,43,151,7896,5938,13834,0.0154172,0.0106798,-0.999824,1
3874,0,142,181,1341,39,102,5679,2893,8572,0.0329385,0.0157292,-0.999334,1
7440,0,285,383,2578,66,194,10946,5817,16763,-0.0581956,0.0329176,-0.997762,1
4089,0,179,227,1733,42,128,6398,3117,9515,-0.0411516,0.042078,-0.998267,1
6823,0,322,417,3056,65,203,10886,2367,13253,-0.0687518,0.0339454,-0.997056,1
4138,0,198,248,2061,46,167,6858,1421,8279,-0.0615555,0.0231648,-0.997835,1
5777,0,290,367,2977,56,248,9715,2055,11770,-0.0852316,0.0294824,-0.995925,1
5909,0,286,365,2937,46,205,9748,1593,11341,-0.0351921,0.0227526,-0.999122,1
5125,0,271,309,2460,56,178,8399,1659,10058,-0.0363242,0.0112045,-0.999278,1
7225,0,288,363,2823,118,189,11006,1808,12814,0.00129733,0.0416573,-0.999131,1
5676,0,242,311,2507,49,180,8965,1592,10557,0.000230378,-0.0203064,-0.999794,1
6621,0,260,329,2527,56,171,9964,2008,11972,0.0331167,-0.0234662,-0.999176,1
4375,0,165,211,1697,74,143,6665,1390,8055,0.00567809,0.00353535,-0.999978,1
6853,0,238,294,2113,90,191,9779,1854,11633,0.00754698,-0.00662897,-0.99995,1
6913,0,269,307,2359,56,167,10071,1661,11732,0.0228433,-0.0426248,-0.99883,1
5956,0,220,284,2206,67,158,8891,1476,10367,0.0116786,-0.0284563,-0.999527,1
4080,0,154,200,1545,47,112,6138,975,7113,0.0195555,-0.0362913,-0.99915,1
5776,0,240,283,2237,63,162,8761,1410,10171,0.0205637,-0.0164953,-0.999653,1
5988,0,225,285,2228,91,181,8998,1363,10361,0.0270969,-0.0423592,-0.998735,1
5902,0,217,276,2084,53,155,8687,1421,10108,0.000887133,0.0176182,-0.999845,1
5766,0,228,270,2085,51,157,8557,1900,10457,-0.0120103,-0.01335,-0.999839,1
2974,0,109,142,1066,32,86,4409,744,5153,-0.0144518,-0.0932712,-0.995536,1
3202,0,104,132,999,31,75,4543,1167,5710,-0.00258618,-0.112852,-0.993608,1
5829,0,166,213,1589,46,124,7967,1779,9746,-0.0292753,-0.0776089,-0.996554,1
5555,0,196,220,1386,46,108,7511,2246,9757,-0.0309734,-0.0886118,-0.995585,1
5525,0,136,178,1251,72,99,7261,4125,11386,-0.092953,-0.0577017,-0.993997,1
5823,0,142,185,1377,48,113,7688,6451,14139,-0.0179158,-0.068328,-0.997502,1
3938,0,105,136,984,33,75,5271,4831,10102,-0.111669,-0.0543655,-0.992257,1
5459,0,174,221,1663,56,145,7718,6903,14621,-0.101894,-0.0233109,-0.994522,1
3851,0,132,171,1257,32,98,5541,5249,10790,-0.0932545,-0.0177344,-0.995485,1
5547,0,210,267,2007,49,157,8237,-1000,-1000,-1,-1,-1,1
2420,0,101,127,991,20,73,3732,2230,5962,-0.0754624,0.0231032,-0.996881,1
5656,0,311,455,2952,63,241,9678,4167,13845,-0.0611996,0.076515,-0.995189,1
5502,0,285,397,2796,48,207,9235,2570,11805,-0.0829956,0.0508353,-0.995252,1
6474,0,340,454,3223,52,237,10780,2583,13363,-0.0533138,0.10573,-0.992965,1
3652,0,199,255,1983,33,145,6267,1243,7510,-0.0095023,0.115486,-0.993264,1
6291,0,317,402,3114,65,228,10417,1621,12038,-0.00975828,0.127926,-0.991736,1
5700,0,273,340,2897,69,267,9546,1461,11007,-0.0155591,0.0986691,-0.994999,1
5406,0,257,356,2507,63,188,8777,1381,10158,-0.0143252,0.0874715,-0.996064,1
5783,0,330,406,2258,56,177,9010,1477,10487,-0.00785324,0.0788557,-0.996855,1
5470,0,217,317,2032,70,159,8265,1566,9831,-0.0183363,0.0936131,-0.99544,1
5773,0,206,289,1934,73,151,8426,1667,10093,-0.0260927,0.0723633,-0.997037,1
5730,0,233,279,1924,75,147,8388,1632,10020,-0.0398916,0.0541568,-0.997736,1
6089,0,182,253,1798,70,135,8527,1536,10063,-0.0296678,0.0431639,-0.998627,1
5943,0,185,235,1732,77,135,8307,1568,9875,-0.0320468,0.0349636,-0.998875,1
5653,0,192,252,1915,72,142,8226,1498,9724,-0.0364026,0.0521636,-0.997975,1
5871,0,196,252,1912,74,140,8445,1483,9928,-0.0285877,0.0456367,-0.998549,1
7560,0,220,304,2302,88,164,10638,1679,12317,-0.0321008,0.0495029,-0.998258,1
5769,0,193,262,1875,77,139,8315,1372,9687,-0.0144115,0.0327662,-0.999359,1
6295,0,234,299,2100,82,159,9169,1574,10743,-0.0181837,0.0193043,-0.999648,1
5354,0,180,229,1752,77,133,7725,1414,9139,-0.00539412,-0.000220572,-0.999986,1
5250,0,181,237,1832,118,206,7824,1620,9444,0.00766558,-0.00569329,-0.999955,1
5156,0,192,264,1929,69,146,7756,1430,9186,0.00715014,0.0372755,-0.99928,1
5677,0,246,356,2355,76,182,8892,1603,10495,0.00654985,0.0054503,-0.999964,1
5834,0,252,327,2449,65,188,9115,1588,10703,0.0153298,0.100501,-0.994819,1
6769,0,273,352,2533,55,175,10157,1377,11534,0.0119609,0.0493072,-0.998712,1
5074,0,258,327,2527,58,190,8434,1434,9868,0.00924272,0.0231679,-0.999689,1
5459,0,294,377,2664,72,279,9145,1903,11048,-0.000211891,0.0194877,-0.99981,1
5254,0,245,307,2338,41,174,8359,6238,14597,-0.0419109,0.00615566,-0.999103,1
3643,0,151,199,1439,28,109,5569,4744,10313,-0.0424198,-0.0148519,-0.998989,1
5866,0,209,263,1880,40,135,8393,8565,16958,-0.0229233,-0.0153448,-0.999619,1
3588,0,109,141,989,38,80,4945,4886,9831,-0.0984934,0.0344987,-0.99454,1
4604,0,126,166,1158,49,95,6198,6224,12422,-0.0705954,0.0129928,-0.997421,1
5237,0,149,215,1146,71,96,6914,5698,12612,-0.063815,0.03694,-0.997278,1
6239,0,135,196,1290,63,106,8029,10521,18550,-0.0684722,0.0722899,-0.995031,1
2992,0,67,90,596,24,49,3818,4261,8079,-0.0403736,0.0564581,-0.997588,1
6215,0,121,164,1049,41,91,7681,8458,16139,-0.0172337,0.0600833,-0.998045,1
5891,0,204,233,1213,41,103,7685,8634,16319,-0.0160595,0.104026,-0.994445,1
5388,0,150,197,1301,42,123,7201,8326,15527,-0.0395016,0.0135832,-0.999128,1
4078,0,146,159,1187,37,154,5761,3925,9686,0.00902967,0.00249577,-0.999956,1
5405,0,196,249,1804,43,140,7837,3706,11543,0.00890468,0.0393683,-0.999185,1
5725,0,258,285,2052,39,183,8542,3162,11704,0.00700222,0.0107343,-0.999918,1
5721,0,233,309,2300,48,170,8781,2929,11710,0.0132801,0.00768585,-0.999882,1
4012,0,174,219,1663,28,125,6221,1552,7773,0.0143538,0.0186162,-0.999724,1
6225,0,268,342,2601,55,208,9699,2466,12165,0.00436986,0.0360286,-0.999342,1
5798,0,279,347,2282,32,139,8877,1363,10240,0.0062809,-0.000223935,-0.999981,1
3094,0,152,188,1477,25,110,5046,1162,6208,-0.00970439,0.0138683,-0.999857,1
6795,0,324,412,3309,36,173,11049,1464,12513,-0.0115474,-0.0050677,-0.999921,1
4337,0,224,279,2050,36,151,7077,1529,8606,0.00472671,-0.0143149,-0.999887,1
5918,0,310,377,2665,53,200,9523,1998,11521,-0.0303246,-0.0320595,-0.999026,1
5929,0,270,372,2632,43,216,9462,1517,10979,0.00757992,-0.0336918,-0.999403,1
4222,0,176,222,1700,49,142,6511,1115,7626,0.0206957,-0.0407682,-0.998954,1
6688,0,279,374,2542,84,183,10150,1856,12006,0.0127885,-0.0324956,-0.99939,1
5717,0,240,301,2335,63,207,8863,2732,11595,0.0037615,-0.0436706,-0.999039,1
6114,0,232,295,2220,75,170,9106,2557,11663,-0.0235411,-0.0414597,-0.998863,1
5719,0,225,285,2150,75,188,8642,2404,11046,-0.0151173,-0.036675,-0.999213,1
3017,0,118,148,1095,27,71,4476,879,5355,0.000506817,-0.063344,-0.997992,1
5777,0,222,281,2102,58,128,8568,1588,10156,0.0066877,-0.0863679,-0.996241,1
3966,0,154,252,1491,40,116,6019,1621,7640,0.0120959,-0.0552774,-0.998398,1
5951,0,216,278,2171,57,192,8865,2177,11042,-0.0307764,-0.128629,-0.991215,1
5822,0,221,280,2159,57,161,8700,2656,11356,-0.0339663,-0.0983689,-0.994571,1
4349,0,197,221,1515,87,112,6481,1772,8253,-0.00850463,-0.148884,-0.988818,1
5985,0,219,278,2292,103,183,9060,3029,12089,0.00589754,-0.193677,-0.981048,1
6404,0,215,278,2131,70,156,9254,2340,11594,0.0205955,-0.0815073,-0.99646,1
4105,0,145,185,1479,42,107,6063,1577,7640,0.0657211,-0.119229,-0.990689,1
6172,0,213,309,2187,54,186,9121,2266,11387,0.0210013,-0.0816466,-0.99644,1
6127,0,209,280,2119,55,162,8952,2051,11003,0.03896,-0.0903876,-0.995145,1
4287,0,145,188,1437,44,108,6209,1166,7375,0.0189081,-0.0967566,-0.995128,1
5851,0,212,294,2140,94,160,8751,1549,10300,0.00551786,-0.102587,-0.994709,1
5770,0,211,269,2051,64,151,8516,1430,9946,0.00389287,-0.102582,-0.994717,1
5846,0,208,289,2010,65,151,8569,1426,9995,0.0194906,-0.0982846,-0.994967,1
5732,0,249,274,2068,87,186,8596,1426,10022,0.00357084,-0.101224,-0.994857,1
5758,0,210,265,2073,96,152,8554,1511,10065,0.0269402,-0.0685777,-0.997282,1
5986,0,209,261,2009,75,150,8690,1618,10308,0.00221075,-0.0973264,-0.99525,1
5771,0,207,279,2009,83,151,8500,1482,9982,-0.00144126,-0.0978249,-0.995202,1
5863,0,203,342,1987,93,152,8640,1527,10167,0.00434159,-0.0944802,-0.995517,1
5655,0,202,296,1988,86,151,8378,1418,9796,0.00646335,-0.0982963,-0.995136,1
7042,0,224,336,2144,100,149,9995,1781,11776,-0.00567046,-0.0921857,-0.995726,1
4058,0,137,173,1384,58,102,5912,1242,7154,-0.00832236,-0.111308,-0.993751,1
6238,0,190,239,1860,60,144,8731,2717,11448,0.013385,-0.131337,-0.991247,1
5814,0,189,266,1801,83,138,8291,2102,10393,-0.0249386,-0.171416,-0.984883,1
5679,0,183,251,1806,79,138,8136,2456,10592,-0.0389586,-0.12281,-0.991665,1
6402,0,198,253,1858,73,128,8912,3015,11927,-0.0104338,-0.236599,-0.971551,1
5698,0,169,231,1579,74,125,7876,2729,10605,-0.00157897,-0.168799,-0.985649,1
5742,0,164,213,1534,74,131,7858,2284,10142,-0.00721648,-0.171175,-0.985214,1
5908,0,161,212,1634,81,125,8121,2158,10279,-0.00703548,-0.161806,-0.986798,1
6393,0,158,203,1594,80,113,8541,2575,11116,-0.0110713,-0.151063,-0.988462,1
5930,0,158,247,1499,81,118,8033,2159,10192,-0.00604063,-0.157638,-0.987479,1
3986,0,109,141,1014,40,80,5370,2004,7374,-0.00605558,-0.162588,-0.986676,1
5071,0,142,185,1359,50,106,6913,1955,8868,-0.0109877,-0.102403,-0.994682,1
5210,0,156,211,1319,51,106,7053,2129,9182,-0.0177283,-0.119453,-0.992682,1
5807,0,158,205,1491,56,120,7837,3008,10845,-0.0272396,-0.0961917,-0.99499,1
5841,0,163,212,1549,59,123,7947,3573,11520,-0.0234967,-0.146693,-0.988903,1
4010,0,117,153,1070,57,83,5490,2683,8173,-0.016048,-0.132281,-0.991082,1
5495,0,178,221,1629,66,125,7714,4441,12155,-0.0275223,-0.0107381,-0.999564,1
5296,0,163,209,1502,55,117,7342,3459,10801,-0.0155175,0.00415846,-0.999871,1
5913,0,181,232,1662,57,134,8179,4517,12696,0.0104307,0.0134255,-0.999856,1
6202,0,190,243,1800,55,137,8627,2849,11476,0.00908583,0.0446147,-0.998963,1
6395,0,239,306,2185,54,153,9332,2703,12035,-0.00585711,0.161278,-0.986892,1
4947,0,161,219,1529,36,118,7010,1122,8132,-0.0102125,0.0960311,-0.995326,1
2460,0,111,134,1272,25,84,4086,831,4917,-0.0108629,0.0655115,-0.997793,1
5560,0,274,344,2700,49,199,9126,1545,10671,-0.0277519,0.100159,-0.994584,1
5521,0,289,364,2931,49,209,9363,1797,11160,-0.0274852,0.112727,-0.993246,1
5580,0,290,392,2850,50,212,9374,1419,10793,-0.0426243,0.0770206,-0.996118,1
5593,0,287,356,2831,52,208,9327,1415,10742,-0.0283375,0.113335,-0.993153,1
5430,0,306,355,2669,53,195,9008,1414,10422,-0.0188971,0.110823,-0.993661,1
5406,0,182,249,1763,39,132,7771,944,8715,-0.00486674,0.0935728,-0.995601,1
3408,0,168,194,1489,38,112,5409,941,6350,0.000256071,0.0854735,-0.996341,1
5313,0,285,282,2022,59,155,8116,1528,9644,0.00904919,0.0824409,-0.996555,1
5508,0,200,267,1907,64,151,8097,1619,9716,0.00104227,0.0535255,-0.998566,1
5593,0,191,248,1784,71,139,8026,1717,9743,-0.0106393,0.0457005,-0.998899,1
5587,0,196,223,1655,64,127,7852,1619,9471,0.000327534,0.0306799,-0.999529,1
5608,0,198,223,1582,69,123,7803,1575,9378,-0.0165803,0.0161739,-0.999732,1
5664,0,188,240,1823,90,139,8144,1493,9637,-0.00982883,0.016059,-0.999823,1
5558,0,186,236,1859,75,141,8055,1433,9488,-0.00596908,0.0364048,-0.999319,1
5930,0,224,293,1922,71,147,8587,1446,10033,0.0054234,0.0454137,-0.998954,1
5660,0,245,260,1955,86,145,8351,1512,9863,0.00667633,0.0543559,-0.998499,1
5637,0,208,271,2006,83,151,8356,1425,9781,0.0221278,0.0382513,-0.999023,1
5444,0,210,279,2036,69,155,8193,1473,9666,0.0244638,0.0333105,-0.999146,1
5423,0,206,261,2021,50,169,8130,1424,9554,0.0174126,0.00681279,-0.999825,1
5874,0,213,260,1927,81,148,8503,1453,9956,0.0065799,0.00700748,-0.999954,1
5219,0,205,269,1974,58,149,7874,1365,9239,0.00801624,-0.00955296,-0.999922,1
5156,0,206,276,1966,68,158,7830,1360,9190,0.010125,-0.00791748,-0.999918,1
5739,0,203,260,1905,64,152,8323,1422,9745,0.0138383,-0.00843421,-0.999869,1
5129,0,206,286,1972,61,151,7805,1389,9194,0.0181764,-0.00500242,-0.999823,1
5933,0,239,305,2401,67,180,9125,1823,10948,0.0170064,-0.020937,-0.999636,1
5778,0,244,273,2101,65,163,8624,1472,10096,0.00586657,0.0170776,-0.999837,1
5141,0,215,286,2140,83,160,8025,1448,9473,0.00238836,-0.0101127,-0.999946,1
5284,0,219,281,2085,50,161,8080,1769,9849,-0.00506377,0.00388086,-0.999979,1
5704,0,224,290,2092,51,159,8520,3011,11531,-0.00852644,0.03584,-0.999321,1
5482,0,219,280,2170,44,163,8358,4869,13227,-0.0169647,0.0200539,-0.999655,1
5544,0,211,274,2045,50,169,8293,4149,12442,-0.0321047,0.0480962,-0.998327,1
6207,0,221,283,2008,55,163,8937,6374,15311,-0.0204451,0.0935486,-0.995405,1
6303,0,193,254,1690,43,123,8606,4125,12731,-0.0159573,0.0931074,-0.995528,1
5292,0,143,187,1295,43,107,7067,11303,18370,-0.0238682,0.0745889,-0.996929,1
2780,0,66,87,590,24,63,3610,3639,7249,-0.100854,0.0839039,-0.991357,1
5373,0,122,163,1157,61,94,6970,-1000,-1000,-1,-1,-1,1
2316,0,55,74,524,26,42,3037,-1000,-1000,-1,-1,-1,1
7333,0,179,215,1375,72,162,9336,9429,18765,-0.1225,0.0856155,-0.988769,1
2817,0,78,102,707,34,58,3796,3118,6914,0.00334035,0.049194,-0.998784,1
5503,0,166,215,1473,58,118,7533,5275,12808,-0.0799016,0.0834695,-0.993302,1
5890,0,184,237,1728,54,135,8228,9930,18158,0.000200156,0.0445129,-0.999009,1
3036,0,107,136,993,24,77,4373,2826,7199,0.0106526,0.0548591,-0.998437,1
6809,0,256,385,2590,47,190,10277,5959,16236,-0.0059702,0.0252181,-0.999664,1
5616,0,244,305,2346,40,176,8727,3592,12319,0.00885867,0.0926908,-0.995656,1
6960,0,291,367,2810,50,208,10686,3409,14095,0.0131782,0.0847871,-0.996312,1
5707,0,269,336,2647,43,224,9226,2670,11896,0.0112315,0.0641724,-0.997876,1
4490,0,295,303,2098,32,142,7360,1537,8897,0.00159447,0.0481644,-0.998838,1
6090,0,295,351,2705,43,197,9681,1970,11651,0.00526093,0.0611051,-0.998118,1
5842,0,272,342,2658,41,198,9353,1556,10909,0.0174257,0.0238732,-0.999563,1
6691,0,261,325,2496,47,187,10007,1707,11714,0.0213198,0.0187572,-0.999597,1
5609,0,248,315,2351,55,191,8769,1657,10426,0.0190414,-0.0297114,-0.999377,1
5823,0,240,305,2344,49,176,8937,1630,10567,0.0219375,-0.00951434,-0.999714,1
6567,0,235,312,2236,66,185,9601,2336,11937,0.026318,0.00271142,-0.99965,1
5683,0,229,287,2128,72,166,8565,1794,10359,0.0220511,-0.0144945,-0.999652,1
6105,0,229,290,2191,50,167,9032,2528,11560,0.0112298,0.0132685,-0.999849,1
6206,0,214,278,2027,110,156,8991,2165,11156,0.0243362,-0.0132496,-0.999616,1
6097,0,203,256,2008,69,153,8786,2110,10896,0.0105852,-0.0201064,-0.999742,1
6407,0,202,263,1959,104,147,9082,1910,10992,0.00917805,-0.0367559,-0.999282,1
5607,0,203,259,2036,84,153,8342,1538,9880,-0.00907231,-0.0323605,-0.999435,1
6370,0,203,258,2029,75,150,9085,1412,10497,-0.0144918,-0.0268264,-0.999535,1
6582,0,277,293,2472,85,174,9883,1559,11442,-0.0380233,0.0490298,-0.998073,1
6368,0,200,252,1996,87,148,9051,1413,10464,-0.0325411,0.0313017,-0.99898,1
5290,0,133,176,1285,61,98,7043,1105,8148,-0.00217254,-0.0462231,-0.998929,1
3710,0,118,150,1116,41,86,5221,1377,6598,-0.00578089,-0.0974227,-0.995227,1
5760,0,179,232,1704,86,135,8096,2455,10551,0.00878488,-0.100657,-0.994883,1
5996,0,177,225,1643,83,127,8251,2832,11083,-0.00335593,-0.0900011,-0.995936,1
5632,0,179,219,1606,83,131,7850,2270,10120,0.00844592,-0.119091,-0.992847,1
6286,0,182,247,1716,81,136,8648,2382,11030,-0.0125265,-0.0706118,-0.997425,1
5991,0,187,228,1645,73,133,8257,2347,10604,-0.013524,-0.0921207,-0.995656,1
6254,0,159,204,1659,69,116,8461,1940,10401,-0.0361804,-0.0646981,-0.997249,1
5770,0,179,208,1484,66,118,7825,1933,9758,-0.046807,-0.0579685,-0.99722,1
5615,0,159,205,1444,63,115,7601,2763,10364,-0.0608712,-0.0623424,-0.996197,1
6381,0,168,218,1595,86,130,8578,3441,12019,-0.0582067,-0.0421919,-0.997412,1
5507,0,210,237,1678,61,134,7827,2880,10707,-0.0622897,-0.0700096,-0.9956,1
6318,0,195,254,1762,47,141,8717,3129,11846,-0.0481305,-0.046531,-0.997757,1
6352,0,229,287,2195,54,172,9289,2355,11644,-0.0340129,-0.0204042,-0.999213,1
5612,0,220,281,2071,57,162,8403,3008,11411,-0.02323,0.0293134,-0.9993,1
6266,0,239,301,2221,59,210,9296,1880,11176,-0.0199808,-0.0053945,-0.999786,1
5496,0,257,320,2481,60,187,8801,1833,10634,-0.0244151,0.0349367,-0.999091,1
3882,0,188,251,1886,32,138,6377,1202,7579,-0.026026,0.0143743,-0.999558,1
5861,0,305,363,2884,48,232,9693,1471,11164,-0.0387182,0.0231567,-0.998982,1
6390,0,323,459,3135,46,209,10562,1623,12185,-0.0372928,0.0502793,-0.998038,1
6628,0,477,432,3396,53,235,11221,1743,12964,-0.0200341,0.0329308,-0.999257,1
6149,0,276,347,2867,42,202,9883,2201,12084,-0.0172562,0.0378239,-0.999135,1
6147,0,337,516,4151,64,277,11492,3463,14955,-0.0715767,0.179308,-0.981186,1
4131,0,159,181,1335,24,101,5931,796,6727,-0.0654645,0.122854,-0.990263,1
1943,0,112,127,804,16,62,3064,518,3582,-0.0523969,0.047833,-0.99748,1
3753,0,142,181,1304,36,104,5520,957,6477,-0.0781238,0.0828703,-0.993493,1
7571,0,218,280,2026,89,160,10344,2230,12574,-0.0477558,0.234302,-0.97099,1
6702,0,205,265,2040,109,154,9475,1211,10686,-0.0292154,0.170012,-0.985009,1
3120,0,92,116,874,38,68,4308,699,5007,-0.0227587,0.0669697,-0.997495,1
3427,0,103,134,1041,53,79,4837,895,5732,-0.0299595,0.0683203,-0.997214,1
6686,0,199,302,2027,83,151,9448,1741,11189,-0.0492581,0.0597622,-0.996997,1
6467,0,203,302,1988,100,171,9231,1698,10929,-0.0319461,0.0366793,-0.998817,1
6463,0,197,252,1852,86,167,9017,1683,10700,0.00502592,0.0924049,-0.995709,1
6553,0,199,261,1840,76,155,9084,1275,10359,0.00666991,0.0803739,-0.996743,1
2973,0,83,125,842,30,62,4115,632,4747,-0.00400525,0.0214627,-0.999762,1
2003,0,70,91,670,24,51,2909,545,3454,-0.0022459,-0.00208763,-0.999995,1
6207,0,228,302,2280,89,188,9294,1668,10962,-0.00780576,0.0538973,-0.998516,1
6397,0,243,343,2349,72,177,9581,1641,11222,-0.00923694,0.0487232,-0.99877,1
7345,0,264,341,2642,72,197,10861,1554,12415,-0.0115714,0.0598685,-0.998139,1
5965,0,287,363,2629,76,194,9514,1504,11018,-0.00615642,0.0726839,-0.997336,1
6211,0,279,367,2753,60,200,9870,2292,12162,0.000616116,0.0547878,-0.998498,1
6069,0,261,328,2479,50,208,9395,3181,12576,-0.00210015,0.0744586,-0.997222,1
6270,0,249,319,2354,60,163,9415,3489,12904,-0.0203532,0.0826316,-0.996372,1
5676,0,212,270,1999,59,177,8393,3957,12350,-0.008716,0.0584264,-0.998254,1
3760,0,138,167,1207,25,77,5374,3070,8444,-0.0140192,0.0386604,-0.999154,1
2418,0,75,97,677,26,54,3347,2919,6266,-0.018546,0.0142293,-0.999727,1
6114,0,173,252,1599,58,132,8328,6721,15049,0.0147178,-0.00278362,-0.999888,1
6011,0,155,204,1410,80,149,8009,6436,14445,-0.0147752,0.0359819,-0.999243,1
4045,0,95,129,848,48,70,5235,6793,12028,-0.0613491,0.0651419,-0.995988,1
2411,0,52,71,472,28,39,3073,7093,10166,-0.0294831,0.0332651,-0.999012,1
3650,0,71,98,643,30,56,4548,-1000,-1000,-1,-1,-1,1
6219,0,127,184,1160,48,97,7835,-1000,-1000,-1,-1,-1,1
2051,0,46,61,404,22,34,2618,-1000,-1000,-1,-1,-1,1
1492,0,36,71,324,15,26,1964,1443,3407,0.00251602,-0.01077,-0.999939,1
1874,0,54,71,495,13,39,2546,1389,3935,0.00868801,0.0115014,-0.999896,1
5714,0,235,268,1978,43,158,8396,5867,14263,-0.0174826,0.0703559,-0.997369,1
5934,0,284,307,2411,44,176,9156,2905,12061,-0.0277241,0.0631178,-0.997621,1
5890,0,262,340,2511,54,188,9245,3581,12826,-0.0133082,0.114341,-0.993352,1
3947,0,191,256,1446,24,105,5969,1899,7868,-0.0310211,0.0643265,-0.997447,1
2416,0,125,150,1177,20,87,3975,809,4784,-0.00679748,-0.00448451,-0.999967,1
4762,0,195,275,1918,33,147,7330,1398,8728,-0.0412901,0.00430031,-0.999138,1
6190,0,269,337,2706,58,261,9821,2311,12132,0.00220773,-0.00187101,-0.999996,1
3926,0,175,220,1682,34,123,6160,1499,7659,-0.0217349,-0.0169989,-0.999619,1
8758,0,374,450,3344,75,254,13255,2732,15987,0.00789374,0.0367494,-0.999294,1
5662,0,232,290,2126,64,116,8490,1630,10120,0.0132913,0.0122779,-0.999836,1
4072,0,155,195,1528,37,112,6099,1961,8060,-0.0715234,-0.0691683,-0.995038,1
6566,0,242,310,2361,115,180,9774,2656,12430,0.0382542,-0.0239735,-0.998981,1
6439,0,229,295,2433,89,173,9658,2364,12022,0.0114614,0.0453174,-0.998907,1
6473,0,226,287,1691,60,136,8873,1136,10009,0.00371565,0.0369126,-0.999312,1
2974,0,88,112,837,26,63,4100,703,4803,0.00183911,-0.0272056,-0.999628,1
1843,0,62,79,616,23,46,2669,487,3156,0.00791932,-0.0542486,-0.998496,1
5862,0,191,244,1911,86,141,8435,1459,9894,0.0143578,-0.0345765,-0.999299,1
6396,0,185,235,1834,71,136,8857,1660,10517,0.0117801,-0.0262325,-0.999587,1
5859,0,180,231,1758,79,132,8239,1885,10124,-0.00318644,-0.0832585,-0.996523,1
5783,0,210,227,1731,79,159,8189,2364,10553,-0.0101291,-0.132613,-0.991116,1
5683,0,168,223,1573,74,126,7847,1832,9679,-0.0160316,-0.127217,-0.991745,1
5707,0,170,220,1578,88,125,7888,3614,11502,-0.031733,-0.163591,-0.986018,1
5556,0,175,222,1696,80,133,7862,2899,10761,-0.0212285,-0.14324,-0.98946,1
6361,0,203,257,1909,89,167,8986,2549,11535,-0.0250358,-0.125603,-0.991765,1
6367,0,205,266,1965,70,147,9020,3159,12179,-0.0126925,-0.13928,-0.990172,1
4300,0,164,230,1253,47,100,6094,1552,7646,-0.018018,-0.105665,-0.994239,1
5589,0,180,251,1753,70,139,7982,2484,10466,-0.00751225,0.0425366,-0.999067,1
4511,0,124,158,1170,45,90,6098,1998,8096,-0.0148562,-0.00769488,-0.99986,1
2412,0,78,97,738,30,55,3410,1423,4833,-0.0202499,-0.062056,-0.997867,1
3157,0,107,136,1005,29,77,4511,2004,6515,-0.00936245,-0.0501142,-0.9987,1
5601,0,193,245,1788,54,140,8021,5223,13244,-0.00376634,-0.032563,-0.999463,1
5653,0,200,250,1883,55,152,8193,6199,14392,0.00518519,0.0107023,-0.999929,1
3931,0,146,187,1343,37,103,5747,5238,10985,-0.018152,0.00299337,-0.999831,1
5599,0,248,307,2102,72,178,8506,5376,13882,-0.0779117,0.093877,-0.992531,1
3275,0,128,160,1233,37,93,4926,3340,8266,-0.0486155,0.0538064,-0.997367,1
2013,0,91,116,876,21,66,3183,1607,4790,-0.0202208,0.0337602,-0.999225,1
5180,0,241,300,2321,55,225,8322,2783,11105,-0.0175288,0.067203,-0.997586,1
5497,0,283,408,2818,62,207,9275,2970,12245,-0.00960047,0.0361001,-0.999302,1
5605,0,287,361,2892,62,214,9421,2819,12240,-0.0170665,0.0602662,-0.998037,1
4959,0,255,320,2519,49,190,8292,2514,10806,-0.0259628,0.0477116,-0.998524,1
5550,0,280,374,2713,46,203,9166,1419,10585,-0.0370153,0.0379125,-0.998595,1
5492,0,271,395,2667,45,200,9070,1392,10462,-0.0396864,0.0414876,-0.998351,1
5374,0,258,326,2558,46,192,8754,1365,10119,-0.037413,0.037262,-0.998605,1
5439,0,238,306,2285,63,173,8504,1386,9890,-0.0283005,0.0307019,-0.999128,1
5499,0,292,317,2096,61,161,8426,1443,9869,-0.0233839,0.0356733,-0.99909,1
5742,0,217,269,1973,71,148,8420,1523,9943,-0.0168476,0.0613491,-0.997975,1
5590,0,199,263,2008,63,148,8271,1709,9980,-0.011124,0.0563373,-0.99835,1
5618,0,191,260,1854,68,145,8136,1593,9729,-0.00690689,0.0375304,-0.999272,1
5678,0,181,233,1784,71,136,8083,1631,9714,-0.00772528,0.0329019,-0.999428,1
5584,0,170,244,1603,118,156,7875,1629,9504,-0.0301852,0.0239865,-0.999257,1
5683,0,171,223,1641,83,126,7927,1659,9586,-0.0429063,0.0372029,-0.998386,1
6612,0,187,249,1688,72,122,8930,1616,10546,-0.0433987,0.0814534,-0.995732,1
5640,0,138,144,1037,48,80,7087,1041,8128,-0.0261747,0.0231439,-0.999389,1
3217,0,112,111,833,36,64,4373,848,5221,-0.0227566,0.00328108,-0.999736,1
5616,0,157,208,1445,92,145,7663,1632,9295,0.00978061,0.0139616,-0.999855,1
5357,0,165,218,1530,71,122,7463,1449,8912,0.0230629,0.00952104,-0.999689,1
5341,0,178,232,1710,79,131,7671,1379,9050,0.0209822,0.00552341,-0.999765,1
5232,0,191,247,1858,61,153,7742,1449,9191,0.0132935,-0.00839033,-0.999877,1
5577,0,213,272,2153,68,159,8442,1391,9833,-0.00484275,0.0677363,-0.997692,1
5182,0,306,310,2219,57,165,8239,1303,9542,0.00311461,0.035109,-0.999379,1
3633,0,173,220,1724,40,127,5917,1095,7012,-0.00702416,0.00390398,-0.999968,1
5639,0,281,352,2685,55,190,9202,1583,10785,-0.00325348,0.0751476,-0.997167,1
4634,0,188,250,1812,38,136,7058,910,7968,0.00412801,0.0307895,-0.999517,1
2904,0,218,258,1463,23,107,4973,1037,6010,0.00218432,-0.00983393,-0.999949,1
5402,0,271,372,3058,63,201,9367,2533,11900,0.013049,0.0155033,-0.999795,1
5611,0,261,331,2590,49,190,9032,3977,13009,0.0114277,0.0236739,-0.999654,1
7715,0,270,349,2582,54,197,11167,5013,16180,-0.0159062,0.0721506,-0.997267,1
5793,0,244,277,1614,34,108,8070,3330,11400,-0.0106139,0.0589269,-0.998206,1
2540,0,78,98,754,20,59,3549,2692,6241,-0.00608165,0.0170655,-0.999836,1
1895,0,57,74,526,23,40,2615,4733,7348,-0.00284505,-0.0173834,-0.999845,1
5435,0,135,177,1255,64,104,7170,-1000,-1000,-1,-1,-1,1
2774,0,63,86,566,36,53,3578,-1000,-1000,-1,-1,-1,1
1800,0,41,55,362,15,30,2303,-1000,-1000,-1,-1,-1,1
4316,0,114,150,986,33,83,5682,7722,13404,-0.0638082,0.109788,-0.991905,1
6027,0,210,281,1762,62,147,8489,16929,25418,-0.0358717,0.072813,-0.9967,1
1937,0,77,108,700,14,55,2891,2461,5352,-0.0420903,0.036582,-0.998444,1
5221,0,215,273,2004,41,168,7922,5377,13299,-0.0476569,0.0795864,-0.995688,1
5701,0,315,342,2454,39,188,9039,7523,16562,-0.054227,0.0549095,-0.997018,1
3952,0,224,238,1824,28,138,6404,3942,10346,0.0192313,-0.0196538,-0.999622,1
4374,0,305,348,1919,29,141,7116,2697,9813,-0.0429298,-0.00905535,-0.999037,1
5715,0,286,358,2731,49,204,9343,2439,11782,-0.00868494,0.0794262,-0.996803,1
5618,0,279,362,1860,28,137,8284,2469,10753,-0.043021,0.0135296,-0.998983,1
2456,0,116,143,1071,28,80,3894,854,4748,-0.00593529,-0.0319896,-0.99947,1
3958,0,167,212,1549,37,118,6041,1341,7382,-0.000779319,-0.00776333,-0.999969,1
5655,0,241,301,2236,54,171,8658,1671,10329,-0.00114141,-0.0156574,-0.999877,1
6725,0,246,319,2368,76,180,9914,2134,12048,-0.0197508,0.0120061,-0.999733,1
6497,0,251,211,1571,43,118,8691,1774,10465,-0.00603256,0.0140596,-0.999883,1
3266,0,123,157,1198,37,91,4872,1537,6409,-0.075356,-0.0812488,-0.993841,1
6053,0,213,275,2122,80,152,8895,1948,10843,0.00549792,-0.0251917,-0.999668,1
5874,0,207,279,2026,98,157,8641,1837,10478,0.0229162,-0.0564856,-0.99814,1
5819,0,211,265,2007,81,150,8533,2096,10629,0.0158702,-0.0412934,-0.999021,1
5746,0,192,241,1971,76,143,8369,1777,10146,0.00275922,-0.0410665,-0.999153,1
5778,0,184,232,1839,84,170,8287,1796,10083,0.0196258,-0.041372,-0.998951,1
5855,0,178,232,1775,88,135,8263,1675,9938,0.00441212,-0.0428163,-0.999073,1
5764,0,190,241,1673,90,128,8086,1555,9641,0.0025765,-0.0234448,-0.999722,1
4057,0,109,140,1077,54,81,5518,1408,6926,-0.0028786,-0.0874406,-0.996165,1
5736,0,176,200,1437,108,111,7768,1981,9749,-0.00605236,-0.0742944,-0.997218,1
6277,0,144,192,1904,150,173,8840,2246,11086,-0.0144518,-0.135972,-0.990607,1
3913,0,100,132,970,67,77,5259,1314,6573,-0.0188936,-0.158582,-0.987165,1
6019,0,136,187,1297,65,103,7807,2205,10012,-0.0101742,-0.128907,-0.991605,1
5194,0,146,188,1347,74,109,7058,1886,8944,-0.00781836,-0.158176,-0.98738,1
5188,0,154,199,1507,69,115,7232,1617,8849,-0.0100022,-0.135428,-0.990737,1
5139,0,164,224,2248,78,126,7979,1748,9727,-0.0260285,-0.107278,-0.993888,1
4971,0,165,224,1569,51,122,7102,2115,9217,-0.0344097,-0.0820358,-0.996035,1
5152,0,205,218,1653,51,124,7403,2369,9772,-0.0254891,-0.0566278,-0.99807,1
4967,0,164,206,1570,54,119,7080,3055,10135,-0.00951802,-0.0883611,-0.996043,1
5046,0,163,217,1524,58,119,7127,2900,10027,-0.0120657,-0.0360007,-0.999279,1
5536,0,228,304,1843,42,123,8076,4027,12103,-0.0322423,-0.037191,-0.998788,1
5114,0,159,247,1506,49,116,7191,6849,14040,-0.0125118,-0.0141902,-0.999821,1
3774,0,178,177,1109,39,86,5363,4039,9402,-0.016545,-0.047127,-0.998752,1
5665,0,188,279,1734,57,138,8061,8001,16062,-0.0180569,-0.0377784,-0.999123,1
3824,0,141,174,1273,41,96,5549,8206,13755,-0.0236741,-0.0420194,-0.998836,1
3519,0,130,164,1221,37,97,5168,4459,9627,-0.0149114,-0.0280916,-0.999494,1
5513,0,211,269,1989,56,155,8193,4141,12334,-0.0299562,-0.00445,-0.999541,1
5584,0,233,292,2119,74,169,8471,2993,11464,-0.0388045,0.0222702,-0.998999,1
5497,0,259,303,2266,55,172,8552,3314,11866,-0.0377106,0.0230483,-0.999023,1
4831,0,231,291,2169,39,166,7727,1779,9506,-0.025761,0.0457565,-0.99862,1
5341,0,265,332,2617,50,198,8803,1506,10309,-0.0279713,0.00531011,-0.999595,1
5307,0,290,340,2601,44,193,8775,1574,10349,-0.0267385,0.0177461,-0.999485,1
5241,0,277,377,2694,45,198,8832,1382,10214,-0.0181511,0.0677474,-0.997538,1
5301,0,315,349,2701,46,207,8919,1411,10330,-0.0248691,0.0399135,-0.998894,1
5733,0,269,374,2577,42,197,9192,1471,10663,-0.0361547,0.0252597,-0.999027,1
5048,0,261,335,2489,43,191,8367,1753,10120,-0.0317245,0.0482385,-0.998332,1
5303,0,247,320,2375,42,177,8464,1432,9896,-0.0401731,0.038697,-0.998443,1
5502,0,224,286,2067,43,161,8283,1512,9795,-0.0334615,0.0497489,-0.998201,1
5112,0,206,261,1946,52,153,7730,1424,9154,-0.0358644,0.0271239,-0.998989,1
5322,0,194,250,1812,55,142,7775,1516,9291,-0.0423331,0.0502989,-0.997837,1
5415,0,189,240,1805,84,189,7922,1673,9595,-0.0353799,0.0556539,-0.997823,1
6068,0,180,284,1869,105,139,8645,1551,10196,-0.0435995,0.0637264,-0.997015,1
6329,0,166,218,1657,73,126,8569,1555,10124,-0.0318267,0.0492875,-0.998277,1
5817,0,182,217,1672,64,128,8080,1528,9608,-0.0328645,0.0353308,-0.998835,1
5748,0,166,220,1625,66,126,7951,1544,9495,-0.0317621,0.0332063,-0.998944,1
6527,0,157,210,1629,68,119,8710,1368,10078,-0.00757697,0.0164709,-0.999836,1
5590,0,150,196,1448,69,111,7564,1441,9005,0.00112553,0.00772799,-0.999969,1
5924,0,143,190,1471,73,112,7913,1360,9273,-0.013781,0.00220388,-0.999903,1
5295,0,147,192,1358,72,109,7173,1367,8540,0.0161826,-0.00740073,-0.999841,1
5435,0,165,213,1565,59,122,7559,1429,8988,0.0243048,0.0323701,-0.99918,1
5198,0,202,245,1864,57,141,7707,1444,9151,0.0215739,0.0459019,-0.998713,1
5502,0,223,286,2119,54,161,8345,1818,10163,0.00765293,0.0479513,-0.99882,1
6001,0,250,324,2445,42,180,9242,2555,11797,-0.00054026,0.0624379,-0.998049,1
5151,0,266,333,2536,54,190,8530,3020,11550,0.00205205,0.145264,-0.989391,1
5347,0,257,344,2514,41,191,8694,4474,13168,-0.0248624,0.111646,-0.993437,1
5568,0,273,309,2293,42,175,8660,5681,14341,0.00547793,0.116858,-0.993134,1
5339,0,235,267,1965,42,155,8003,6586,14589,-0.0133157,0.117436,-0.992991,1
5519,0,194,219,1487,41,129,7589,7578,15167,-0.00828824,0.128292,-0.991702,1
5416,0,127,169,1146,47,97,7002,7513,14515,-0.0427303,0.112511,-0.992732,1
5218,0,119,172,1088,45,91,6733,3628,10361,-0.0288064,0.111312,-0.993368,1
5277,0,122,167,1113,45,92,6816,10253,17069,-0.0110763,0.0872231,-0.996127,1
4747,0,123,194,1115,38,95,6312,-1000,-1000,-1,-1,-1,1
2197,0,69,91,628,19,51,3055,5865,8920,0.02913,0.0368791,-0.998895,1
5498,0,255,265,1870,52,153,8093,7651,15744,-0.000510039,0.0700212,-0.997546,1
5929,0,230,294,2186,42,169,8850,7973,16823,0.0422616,0.184742,-0.981878,1
3025,0,138,131,990,18,76,4378,3275,7653,0.00511672,0.11352,-0.993523,1
2020,0,93,116,886,14,65,3194,1473,4667,-0.00571064,0.0830206,-0.996532,1
2971,0,142,178,1355,22,117,4785,4235,9020,0.0171851,0.0462848,-0.99878,1
5565,0,289,347,2605,42,194,9042,3034,12076,-0.0206773,0.0716367,-0.997216,1
5721,0,269,339,2585,51,197,9162,3170,12332,-0.0489144,0.0481803,-0.99764,1
5622,0,253,332,2458,48,184,8897,2244,11141,-0.00853376,0.0685375,-0.997612,1
3973,0,167,212,1553,40,138,6083,1470,7553,-0.00320256,0.027385,-0.99962,1
5669,0,226,294,2076,99,162,8526,1837,10363,0.00545766,0.0532957,-0.998564,1
5708,0,211,268,2006,68,153,8414,1698,10112,-0.0335083,-0.0115581,-0.999372,1
5740,0,212,290,2065,68,159,8534,1696,10230,-0.0116282,0.0248393,-0.999624,1
5960,0,213,284,2041,101,179,8778,1632,10410,0.00201115,-0.00302795,-0.999993,1
5840,0,210,272,2089,73,153,8637,1512,10149,0.0194771,0.0044582,-0.9998,1
5974,0,227,264,2014,60,152,8691,1457,10148,0.0497491,-0.00156909,-0.99876,1
5899,0,204,260,2004,62,146,8575,1431,10006,0.032438,-0.00442236,-0.999464,1
5848,0,207,257,1954,78,147,8491,1383,9874,-0.0539764,0.033273,-0.997988,1
5887,0,190,246,1705,57,95,8180,1007,9187,-0.0550977,0.000584068,-0.998481,1
4114,0,116,126,972,38,86,5452,866,6318,-0.0181829,-0.00988482,-0.999786,1
2489,0,77,96,768,28,56,3514,665,4179,-0.00521609,-0.0306047,-0.999518,1
6074,0,194,255,1655,66,125,8369,1669,10038,-0.0117548,-0.0490227,-0.998729,1
5748,0,176,224,1765,75,134,8122,1568,9690,-0.0109203,-0.0673953,-0.997667,1
5972,0,246,243,1822,70,140,8493,2133,10626,-0.0161958,-0.0998631,-0.99487,1
6324,0,198,283,1928,106,170,9009,2921,11930,-0.0237753,0.0376759,-0.999007,1
5639,0,200,253,1889,76,144,8201,1912,10113,-0.00472025,-0.00536397,-0.999974,1
3110,0,114,111,785,28,61,4209,968,5177,-0.00292021,-0.0429452,-0.999073,1
1935,0,66,84,614,23,47,2769,698,3467,-0.00376171,-0.0508233,-0.998701,1
5521,0,171,222,1640,64,131,7749,2176,9925,-0.00671405,-0.0714498,-0.997422,1
5638,0,160,207,1521,63,119,7708,3583,11291,-0.00373935,-0.0312631,-0.999504,1
5684,0,158,205,1462,63,131,7703,4159,11862,-0.0100016,0.00431943,-0.999941,1
5499,0,164,212,1569,61,126,7631,4460,12091,-0.0105234,-0.00352589,-0.999939,1
5583,0,169,219,1597,60,157,7785,4883,12668,-0.0166832,-0.166735,-0.985861,1
3750,0,127,159,1263,32,96,5427,2889,8316,-0.0175873,-0.0619214,-0.997926,1
5821,0,218,254,1874,43,146,8356,2723,11079,-0.0654486,0.10919,-0.991864,1
3834,0,149,190,1206,27,83,5489,1603,7092,-0.0543544,0.0664081,-0.996311,1
2281,0,102,132,947,18,73,3553,1332,4885,-0.0462336,0.0183513,-0.998762,1
3629,0,178,222,1671,29,130,5859,2052,7911,-0.0379172,0.0666445,-0.997056,1
5366,0,272,344,2704,52,199,8937,2837,11774,-0.0361057,0.104395,-0.99388,1
5258,0,359,363,2722,49,206,8957,3062,12019,-0.040242,0.138829,-0.989498,1
5377,0,337,343,2520,48,194,8819,2993,11812,-0.0392046,0.132577,-0.990397,1
5176,0,260,346,2575,52,228,8637,1547,10184,-0.0411091,0.113318,-0.992708,1
5116,0,237,303,2306,41,178,8181,1439,9620,-0.034627,0.102039,-0.994178,1
5194,0,224,290,2082,54,161,8005,1400,9405,-0.0378716,0.0985747,-0.994409,1
5584,0,195,254,1834,55,145,8067,1408,9475,-0.0256421,0.0723086,-0.997053,1
5980,0,191,247,1832,60,142,8452,1491,9943,-0.0234324,0.182375,-0.98295,1
6301,0,286,262,1802,66,135,8852,1327,10179,-0.0250049,0.156311,-0.987391,1
3641,0,88,115,845,42,67,4798,803,5601,-0.0184464,0.0737788,-0.997104,1
2409,0,68,92,664,30,50,3313,633,3946,-0.0325313,0.025694,-0.999141,1
5748,0,151,218,1490,109,117,7833,1388,9221,-0.0150167,0.0666973,-0.99766,1
5752,0,145,205,1424,73,112,7711,1433,9144,-0.017214,0.0559892,-0.998283,1
5748,0,146,193,1746,103,117,8053,1439,9492,-0.00621951,0.193103,-0.981159,1
5475,0,164,213,1555,104,143,7654,1458,9112,-0.0130758,0.14584,-0.989222,1
4845,0,130,193,1304,73,99,6644,980,7624,-0.00173167,0.0812739,-0.99669,1
2844,0,125,150,1091,33,80,4323,781,5104,-0.00546426,0.034814,-0.999379,1
5425,0,239,309,2390,61,201,8625,1535,10160,-0.0123839,0.0409453,-0.999085,1
5215,0,258,326,2515,43,209,8566,1593,10159,-0.0205836,0.0363966,-0.999125,1
5302,0,267,337,2659,52,195,8812,1792,10604,-0.0121127,0.0186488,-0.999753,1
6287,0,297,340,2590,47,196,9757,1862,11619,-0.00138712,0.012205,-0.999925,1
5394,0,260,354,2658,58,188,8912,2039,10951,-0.00877959,0.0387558,-0.99921,1
3192,0,180,231,1379,29,100,5111,1211,6322,0.00922192,-0.00515299,-0.999944,1
5349,0,249,315,2500,50,223,8686,2029,10715,0.00102632,0.00997713,-0.99995,1
5739,0,240,307,2328,50,176,8840,3186,12026,-0.00244194,0.0363125,-0.999338,1
5406,0,215,276,2040,47,159,8143,3592,11735,-0.016977,0.0670279,-0.997607,1
5346,0,181,232,1715,62,140,7676,3371,11047,-0.00463089,0.0224814,-0.999737,1
5416,0,158,204,1461,57,116,7412,3405,10817,-0.00203436,0.0176684,-0.999842,1
5469,0,134,177,1211,57,98,7146,5717,12863,-0.0199776,0.0825509,-0.996387,1
5886,0,141,184,1319,55,97,7682,8660,16342,-0.0282045,0.118625,-0.992539,1
3645,0,81,111,738,36,63,4674,14935,19609,-0.0146273,0.0451178,-0.998875,1
3599,0,81,111,703,31,59,4584,6491,11075,-0.016208,0.0407753,-0.999037,1
5351,0,125,182,1104,45,93,6900,15956,22856,-0.040897,0.0945614,-0.994679,1
2762,0,74,97,652,27,55,3667,4414,8081,0.00423097,0.0639372,-0.997945,1
5400,0,181,238,1466,54,121,7460,9628,17088,-0.00913561,0.0106788,-0.999901,1
5496,0,168,219,1499,46,121,7549,8845,16394,-0.00381921,0.0377423,-0.99928,1
2890,0,113,128,892,25,71,4119,7496,11615,0.00341629,0.00737626,-0.999967,1
3337,0,152,192,1390,42,110,5223,10823,16046,-0.017079,0.142008,-0.989718,1
5832,0,238,289,2046,45,188,8638,6773,15411,0.00334363,0.000755566,-0.999994,1
5861,0,240,307,1790,28,117,8343,4532,12875,0.00465995,0.0368089,-0.999311,1
3751,0,136,172,1265,21,96,5441,2346,7787,0.0159801,0.0467208,-0.99878,1
5827,0,315,444,3211,43,199,10039,4816,14855,0.0247292,0.0383587,-0.998958,1
5610,0,277,347,2748,42,206,9230,3505,12735,0.0178923,0.0396634,-0.999053,1
3915,0,247,285,1926,29,140,6542,2191,8733,0.00553044,0.036141,-0.999331,1
5594,0,261,326,2555,43,193,8972,3379,12351,-0.0577833,0.0249015,-0.998019,1
6298,0,336,314,2373,46,178,9545,2875,12420,-0.00386332,0.0447358,-0.998992,1
6650,0,225,331,2285,49,166,9706,2870,12576,-0.0087963,0.0346296,-0.999361,1
3979,0,144,182,1418,45,103,5871,1775,7646,-0.00811798,0.0195042,-0.999777,1
6060,0,218,279,2002,62,152,8773,4475,13248,-0.00418437,-0.00600179,-0.999973,1
5927,0,211,271,2029,55,156,8649,3444,12093,-0.00735832,-0.147439,-0.989044,1
5836,0,204,260,1999,81,147,8527,2235,10762,0.0381199,-0.0169608,-0.999129,1
5153,0,177,221,1793,55,126,7525,2690,10215,0.0140367,-0.0191755,-0.999718,1
5761,0,202,238,1854,81,137,8273,3826,12099,0.00801113,-0.0167338,-0.999828,1
6100,0,168,220,1663,60,126,8337,1600,9937,0.0370346,0.022366,-0.999064,1
5819,0,135,180,1343,55,101,7633,3014,10647,-0.00157001,-0.0529364,-0.998597,1
6436,0,124,165,1212,86,94,8117,1791,9908,-0.010744,-0.0354081,-0.999315,1
5773,0,131,174,1269,69,98,7514,1856,9370,0.00140918,-0.0868156,-0.996224,1
5978,0,128,170,1244,55,97,7672,4140,11812,-0.0334958,-0.0624147,-0.997488,1
5741,0,136,184,1303,84,125,7573,2021,9594,-0.0163926,-0.13163,-0.991163,1
3420,0,86,115,825,41,64,4551,2021,6572,-0.0308946,-0.0915565,-0.995321,1
6181,0,131,164,1163,69,90,7798,3006,10804,-0.00975624,-0.14477,-0.989417,1
5498,0,106,165,1004,66,82,6921,3900,10821,-0.0745462,-0.0654947,-0.995065,1
2825,0,55,75,502,36,41,3534,1773,5307,-0.00182956,-0.110435,-0.993882,1
5475,0,100,136,946,59,79,6795,3871,10666,0.00114656,-0.0422642,-0.999106,1
5295,0,97,133,968,71,99,6663,3587,10250,-0.0133971,-0.111968,-0.993621,1
5290,0,101,139,927,57,76,6590,2850,9440,-0.0110903,-0.100496,-0.994876,1
5296,0,106,142,988,47,78,6657,9472,16129,-0.0119466,-0.198203,-0.980088,1
3732,0,77,103,736,32,60,4740,4606,9346,-0.014484,-0.101654,-0.994714,1
6036,0,117,159,1121,47,89,7569,6839,14408,-0.00767812,-0.134657,-0.990863,1
5394,0,185,192,1197,45,98,7111,5828,12939,-0.0146302,-0.114785,-0.993283,1
4847,0,125,162,1229,40,116,6519,4988,11507,-0.0206354,-0.207586,-0.977999,1
5362,0,152,196,1431,42,117,7300,6215,13515,-0.0331597,-0.103676,-0.994058,1
3739,0,118,149,1152,28,86,5272,4226,9498,-0.0242077,-0.196957,-0.980113,1
5845,0,186,238,1819,42,135,8265,6986,15251,-0.0206963,-0.196027,-0.98038,1
3757,0,141,186,1377,28,102,5591,5098,10689,-0.0293221,-0.0816562,-0.996229,1
4871,0,198,278,2033,38,149,7567,5013,12580,-0.0228315,-0.0946601,-0.995248,1
4946,0,214,271,2289,51,209,7980,3559,11539,-0.0295324,-0.076115,-0.996662,1
5484,0,266,321,2383,42,181,8677,3454,12131,-0.0118254,-0.0850532,-0.996307,1
6430,0,256,329,2511,42,190,9758,2428,12186,-0.0394016,-0.0871006,-0.99542,1
4798,0,235,296,2277,35,167,7808,2122,9930,-0.0426089,-0.0764298,-0.996164,1
5559,0,268,337,2583,46,192,8985,2491,11476,-0.0406683,-0.0834039,-0.995686,1
5671,0,274,347,2763,46,202,9303,2405,11708,-0.0342771,-0.065803,-0.997244,1
5404,0,284,417,2698,40,212,9055,2411,11466,-0.0273124,-0.083565,-0.996128,1
5681,0,283,359,2713,44,200,9280,2461,11741,-0.0315204,-0.0799026,-0.996304,1
5255,0,286,378,2760,44,205,8928,2521,11449,-0.0295906,-0.0808978,-0.996283,1
5326,0,294,371,2822,49,231,9093,1507,10600,-0.027437,-0.0691306,-0.99723,1
5341,0,308,374,3135,86,278,9522,1420,10942,-0.0221136,-0.0662547,-0.997558,1
5309,0,304,379,2977,49,224,9242,1437,10679,-0.0139325,-0.0635101,-0.997884,1
5776,0,318,396,2979,47,221,9737,1447,11184,-0.00827267,-0.0426031,-0.999058,1
5471,0,354,393,3054,52,223,9547,1433,10980,-0.00164262,-0.0373486,-0.999301,1
5921,0,309,393,2965,51,222,9861,1492,11353,0.00221659,-0.0363509,-0.999337,1
3743,0,237,306,2053,37,154,6530,1065,7595,-0.00529752,-0.0401441,-0.99918,1
5716,0,343,429,2991,71,223,9773,1520,11293,0.0096014,-0.0242062,-0.999661,1
5430,0,340,410,3042,102,221,9545,1621,11166,0.0201093,-0.0191951,-0.999614,1
6000,0,300,380,3015,82,218,9995,1632,11627,0.0432442,-0.0182507,-0.998898,1
5553,0,329,405,2972,61,243,9563,1673,11236,0.0462285,-0.0208244,-0.998714,1
5262,0,301,366,3219,131,295,9574,1837,11411,0.0607162,-0.0175969,-0.998,1
5618,0,342,415,2841,52,205,9473,1800,11273,0.0637802,-0.0213782,-0.997735,1
5815,0,250,326,2526,55,213,9185,1758,10943,0.0798962,-0.0202497,-0.996597,1
5753,0,293,368,2551,57,203,9225,1931,11156,0.0793239,-0.02569,-0.996518,1
5695,0,255,298,2341,52,168,8809,1661,10470,0.0959465,-0.0421512,-0.994493,1
5719,0,226,288,2253,53,165,8704,1535,10239,0.105243,-0.0608132,-0.992585,1
4311,0,149,194,1517,45,110,6326,1064,7390,0.102445,-0.0737999,-0.991997,1
5728,0,203,286,1955,53,148,8373,1424,9797,0.093288,-0.0775895,-0.992611,1
5893,0,194,253,1886,76,140,8442,1461,9903,0.101943,-0.0956792,-0.990178,1
5102,0,166,215,1585,51,121,7240,1296,8536,0.0858525,-0.0983911,-0.991438,1
5816,0,180,273,1704,62,165,8200,1443,9643,0.0855257,-0.0931881,-0.991969,1
5775,0,178,262,1728,84,134,8161,1440,9601,0.0834483,-0.080914,-0.993222,1
5816,0,187,243,1909,70,142,8367,1536,9903,0.0768595,-0.0830098,-0.99358,1
5840,0,190,249,1906,69,176,8430,1491,9921,0.0715981,-0.0866592,-0.993662,1
5661,0,201,257,2011,67,180,8377,1490,9867,0.0765881,-0.110336,-0.990939,1
6790,0,235,302,2444,88,177,10036,1674,11710,0.0772574,-0.124706,-0.989181,1
4484,0,166,211,1720,53,122,6756,1047,7803,0.0780202,-0.133421,-0.987984,1
5763,0,255,307,2277,84,172,8858,1444,10302,0.0915515,-0.140699,-0.98581,1
5575,0,230,295,2416,53,171,8740,1414,10154,0.0985556,-0.155895,-0.982845,1
5570,0,231,309,2329,98,172,8709,1366,10075,0.0982757,-0.158028,-0.982532,1
5821,0,226,324,2213,79,168,8831,1381,10212,0.091052,-0.151298,-0.984286,1
5561,0,214,276,2009,68,152,8280,1484,9764,0.0882161,-0.155545,-0.983882,1
5685,0,217,279,2165,46,195,8587,1408,9995,0.0801111,-0.151736,-0.985169,1
5335,0,215,275,2236,50,190,8301,1424,9725,0.0686651,-0.15476,-0.985563,1
5577,0,221,288,2312,51,186,8635,1375,10010,0.0561002,-0.157219,-0.985969,1
5328,0,219,283,2236,62,162,8290,1380,9670,0.0518711,-0.161336,-0.985535,1
5483,0,213,303,2104,65,158,8326,1458,9784,0.0492275,-0.170039,-0.984207,1
5084,0,205,263,2013,58,158,7781,1450,9231,0.0539164,-0.184427,-0.981366,1
5084,0,200,293,1890,61,149,7677,1500,9177,0.0438822,-0.183989,-0.981948,1
5059,0,199,256,1843,53,144,7554,1726,9280,0.0373796,-0.18888,-0.981289,1
5053,0,243,259,1841,53,144,7593,1923,9516,0.0334834,-0.182625,-0.982612,1
5088,0,199,257,1868,53,146,7611,2683,10294,0.0496766,-0.199911,-0.978554,1
5254,0,200,265,1895,57,148,7819,3390,11209,0.0543122,-0.199054,-0.978482,1
5526,0,199,252,1866,55,148,8046,1810,9856,0.0448132,-0.202404,-0.978277,1
5844,0,199,279,2022,60,145,8549,2273,10822,0.0510319,-0.202129,-0.978028,1
5115,0,302,310,1829,52,143,7751,2585,10336,0.0433305,-0.188012,-0.981211,1
5762,0,220,284,2117,52,161,8596,2772,11368,0.0342302,-0.185399,-0.982067,1
6063,0,219,282,2047,58,162,8831,3817,12648,0.037978,-0.196813,-0.979706,1
5792,0,214,271,1974,58,156,8465,4143,12608,0.0561146,-0.229456,-0.9717,1
5822,0,204,262,1951,62,153,8454,5008,13462,0.0683755,-0.237745,-0.968918,1
5250,0,170,241,1615,50,128,7454,3597,11051,0.0702495,-0.223896,-0.972078,1
5175,0,157,223,1478,51,117,7201,4457,11658,0.0790441,-0.249961,-0.965025,1
5157,0,146,191,1329,51,106,6980,3857,10837,0.0563153,-0.2126,-0.975515,1
5128,0,141,201,1263,64,105,6902,5972,12874,0.0465324,-0.190563,-0.980571,1
5949,0,205,228,1505,71,120,8078,5782,13860,0.0313383,-0.20444,-0.978377,1
3543,0,91,121,834,42,68,4699,3240,7939,0.0317557,-0.205521,-0.978138,1
3690,0,89,117,803,43,66,4808,3318,8126,0.114442,-0.238222,-0.964444,1
5172,0,123,166,1112,52,94,6719,6225,12944,0.0064414,-0.19385,-0.98101,1
5093,0,120,163,1076,48,89,6589,4634,11223,0.0553202,-0.21461,-0.975132,1
5928,0,133,181,1158,50,98,7548,4786,12334,0.042811,-0.196759,-0.979517,1
5554,0,116,161,1039,43,85,6998,4574,11572,0.045105,-0.196043,-0.979557,1
5016,0,156,162,1085,45,104,6568,5719,12287,0.0406623,-0.196284,-0.979704,1
5762,0,147,193,1375,43,102,7622,8738,16360,0.0887235,-0.207948,-0.974108,1
3546,0,102,134,920,27,76,4805,3166,7971,0.0850546,-0.202884,-0.975502,1
5485,0,168,221,1532,42,122,7570,5704,13274,0.0695887,-0.203391,-0.976622,1
6014,0,209,267,2049,48,157,8744,5444,14188,0.0831306,-0.207599,-0.974676,1
5316,0,200,254,1897,47,143,7857,3205,11062,0.0843819,-0.212828,-0.973439,1
5631,0,219,295,2107,49,180,8481,5245,13726,0.081924,-0.205492,-0.975224,1
5436,0,234,314,2233,54,173,8444,4390,12834,0.0829615,-0.205313,-0.975174,1
4874,0,221,278,2113,45,158,7689,3985,11674,0.068001,-0.228271,-0.97122,1
5424,0,258,386,2731,48,191,9038,7241,16279,0.065746,-0.208076,-0.9759,1
3815,0,188,237,1835,32,134,6241,4613,10854,0.0745414,-0.14907,-0.986013,1
5782,0,284,358,2761,47,201,9433,6358,15791,0.0615915,-0.22261,-0.97296,1
3015,0,155,193,1653,35,134,5185,4276,9461,-0.0418034,-0.0510064,-0.997823,1
6200,0,300,376,2899,50,215,10040,5599,15639,0.0786703,-0.200963,-0.976435,1
4881,0,210,264,2119,46,151,7671,6183,13854,0.0629209,-0.183456,-0.981012,1
2942,0,155,192,1476,25,108,4898,2268,7166,0.0983162,-0.226859,-0.968953,1
5944,0,307,411,2956,73,219,9910,8743,18653,0.0617403,-0.23493,-0.970049,1
3951,0,212,267,2103,34,152,6719,2933,9652,0.0350667,-0.219036,-0.975087,1
5856,0,304,379,2973,79,218,9809,3882,13691,0.0537573,-0.223455,-0.973231,1
3906,0,207,259,2044,36,147,6599,1961,8560,0.0373748,-0.211657,-0.976629,1
3882,0,202,254,1999,37,147,6521,1959,8480,0.0573649,-0.220148,-0.973778,1
5762,0,307,354,2807,50,201,9481,1761,11242,-0.00859352,-0.227596,-0.973718,1
5885,0,271,341,2615,51,199,9362,2148,11510,0.00447313,-0.228176,-0.97361,1
4028,0,171,215,1651,34,125,6224,1326,7550,0.0157484,-0.193138,-0.981045,1
5811,0,222,283,2175,78,167,8736,1574,10310,0.0174663,-0.216106,-0.976214,1
5808,0,238,265,1914,49,146,8420,1390,9810,0.0123852,-0.204641,-0.978759,1
5676,0,185,237,1757,57,134,8046,1366,9412,0.0241353,-0.211422,-0.977097,1
5835,0,182,267,1770,60,135,8249,1424,9673,0.0210348,-0.204666,-0.978606,1
5790,0,183,234,1799,71,135,8212,1380,9592,-0.00155972,-0.299201,-0.954189,1
5925,0,202,246,1553,42,96,8064,955,9019,-0.00337228,-0.253558,-0.967314,1
3963,0,135,169,1199,38,78,5582,745,6327,0.00154167,-0.208739,-0.97797,1
5768,0,200,255,1948,65,145,8381,1556,9937,0.0188112,-0.232115,-0.972507,1
5828,0,204,284,2054,118,162,8650,1483,10133,0.0334574,-0.252565,-0.967001,1
5742,0,191,246,1804,106,151,8240,1475,9715,0.025549,-0.191549,-0.98115,1
6868,0,174,363,1892,85,132,9514,1611,11125,0.0399924,-0.215527,-0.975679,1
5559,0,144,193,1393,53,131,7473,1744,9217,0.0403668,-0.234216,-0.971346,1
5373,0,124,171,1107,48,92,6915,1558,8473,0.0414732,-0.220315,-0.974547,1
5315,0,114,152,1001,65,84,6731,1635,8366,0.0394704,-0.199767,-0.979048,1
5428,0,112,152,1009,70,85,6856,1927,8783,0.0364646,-0.213929,-0.976168,1
5570,0,151,171,1202,45,95,7234,1797,9031,0.0234791,-0.198536,-0.979812,1
5585,0,157,203,1518,47,126,7636,1906,9542,0.0219866,-0.235354,-0.971661,1
5707,0,189,241,1809,44,137,8127,2886,11013,0.0147392,-0.268111,-0.963275,1
5716,0,221,281,2468,55,215,8956,2094,11050,0.0111239,-0.274592,-0.961496,1
5761,0,246,312,2402,51,180,8952,2444,11396,0.0189286,-0.208773,-0.977781,1
5799,0,274,351,2674,46,196,9340,4134,13474,0.0263796,-0.305778,-0.951738,1
3909,0,199,247,1995,33,145,6528,3926,10454,0.143567,-0.191126,-0.97101,1
5697,0,340,368,2883,44,214,9546,2654,12200,0.028089,-0.320747,-0.946748,1
6009,0,325,382,3132,57,243,10148,2882,13030,0.0690828,-0.27732,-0.958291,1
3826,0,206,264,2135,41,151,6623,2624,9247,0.0631255,-0.294576,-0.953541,1
5113,0,299,339,2787,52,198,8788,3713,12501,0.0103211,-0.331762,-0.943307,1
4814,0,269,347,2649,44,195,8318,2954,11272,0.0728783,-0.296392,-0.952282,1
5230,0,294,372,3034,49,216,9195,2187,11382,0.0432859,-0.30063,-0.952758,1
5201,0,278,433,2814,60,202,8988,1952,10940,0.00523712,-0.314257,-0.949324,1
5333,0,257,339,2538,67,186,8720,1448,10168,-0.0138993,-0.4248,-0.90518,1
5163,0,228,288,2235,45,168,8127,1367,9494,-0.000982631,-0.416178,-0.909282,1
5382,0,205,250,1369,33,99,7338,1039,8377,-0.00146216,-0.34104,-0.940048,1
4468,0,138,194,1315,54,101,6270,1240,7510,0.00535087,-0.328328,-0.944549,1
5709,0,155,205,1492,66,121,7748,1533,9281,0.0105343,-0.41624,-0.909193,1
5793,0,149,210,1431,70,111,7764,1490,9254,-0.0050588,-0.392474,-0.919749,1
3446,0,79,103,762,38,58,4486,788,5274,0.00225804,-0.327819,-0.944738,1
2797,0,79,103,739,40,58,3816,731,4547,-0.000937603,-0.293015,-0.956107,1
5775,0,165,223,1672,84,134,8053,1396,9449,-0.0138244,-0.278611,-0.960305,1
6025,0,191,248,1896,72,134,8566,1462,10028,-0.0207286,-0.277004,-0.960645,1
5598,0,186,273,1752,76,140,8025,1418,9443,-0.0377402,-0.265178,-0.96346,1
5487,0,189,304,1886,58,145,8069,1546,9615,-0.111454,-0.357178,-0.927363,1
5409,0,273,295,1904,57,150,8088,1650,9738,-0.110269,-0.344602,-0.93225,1
2760,0,118,148,1116,31,95,4268,675,4943,-0.074476,-0.266843,-0.960858,1
5446,0,239,319,2308,51,177,8540,1445,9985,-0.0833991,-0.283198,-0.955429,1
5724,0,244,309,2344,46,177,8844,1408,10252,-0.0867467,-0.39205,-0.915845,1
5193,0,267,309,2267,42,174,8252,1598,9850,-0.0725432,-0.364715,-0.928289,1
5308,0,223,284,2108,47,112,8082,1775,9857,-0.0444234,-0.30511,-0.95128,1
3421,0,119,151,1106,26,86,4909,2644,7553,-0.0400318,-0.293364,-0.955162,1
5560,0,139,184,1270,38,103,7294,4451,11745,-0.0655555,-0.304884,-0.950131,1
6125,0,157,215,1127,45,102,7771,4646,12417,-0.0471415,-0.321455,-0.94575,1
5186,0,119,163,1063,52,91,6674,5703,12377,-0.0350241,-0.306561,-0.951206,1
5429,0,157,262,1998,83,141,8070,3753,11823,-0.039398,-0.310382,-0.949795,1
3653,0,138,175,1380,49,103,5498,2364,7862,-0.0176058,-0.301951,-0.953161,1
5622,0,232,298,2277,51,169,8649,3736,12385,0.0160605,-0.31102,-0.950268,1
6237,0,255,364,2474,59,187,9576,3874,13450,-0.0350191,-0.279346,-0.959552,1
5863,0,273,345,2728,62,195,9466,2870,12336,-0.0111961,-0.296753,-0.954888,1
6422,0,281,397,2852,80,206,10238,2749,12987,-0.0192868,-0.284351,-0.958526,1
6734,0,321,403,3080,62,205,10805,2248,13053,-0.00693643,-0.255147,-0.966877,1
6470,0,281,394,3212,66,204,10627,1772,12399,-0.0195062,-0.253118,-0.967239,1
5713,0,275,346,2702,80,198,9314,2080,11394,-0.0233592,-0.243441,-0.969634,1
5525,0,265,330,2726,54,196,9096,1975,11071,0.0205022,-0.233483,-0.972145,1
5855,0,404,358,2734,54,193,9598,2119,11717,0.0452332,-0.234521,-0.971058,1
5720,0,250,316,2456,49,181,8972,2242,11214,0.000474502,-0.219198,-0.97568,1
6322,0,245,360,2581,48,184,9740,2270,12010,0.0220799,-0.220591,-0.975117,1
3987,0,160,209,1589,47,139,6131,1270,7401,0.0749827,-0.210189,-0.974781,1
6199,0,218,280,2096,58,160,9011,2284,11295,0.011585,-0.234709,-0.971997,1
5693,0,199,288,1950,53,150,8333,1856,10189,0.0389749,-0.259053,-0.965077,1
5848,0,174,227,1657,70,132,8108,1899,10007,0.0138997,-0.240376,-0.97058,1
5902,0,169,257,1705,55,129,8217,2035,10252,-0.00847734,-0.239813,-0.970782,1
6018,0,202,247,1681,52,127,8327,1830,10157,-0.0188131,-0.242151,-0.970056,1
7019,0,206,266,2154,67,186,9898,2289,12187,-0.0552248,-0.390675,-0.918871,1
5951,0,240,245,1795,38,96,8365,1097,9462,-0.0448289,-0.359582,-0.932036,1
2750,0,87,108,825,20,64,3854,736,4590,-0.0172388,-0.247366,-0.968769,1
2038,0,74,93,686,19,53,2963,672,3635,-0.000422093,-0.22707,-0.973879,1
5686,0,211,262,1899,53,150,8261,2960,11221,0.00191093,-0.261363,-0.965239,1
5646,0,193,246,1778,58,144,8065,2571,10636,-0.00484479,-0.194416,-0.980907,1
5574,0,174,222,1579,57,149,7755,3616,11371,0.0266877,-0.201497,-0.979126,1
5433,0,161,210,1470,52,119,7445,5207,12652,0.0321906,-0.182013,-0.982769,1
5531,0,141,187,1305,50,108,7322,4896,12218,0.0849549,-0.219013,-0.972016,1
5669,0,135,177,1229,50,103,7363,6150,13513,0.0424655,-0.22308,-0.973875,1
3017,0,80,102,793,28,60,4080,3612,7692,0.0454554,-0.232191,-0.971608,1
5651,0,194,263,1796,58,140,8102,9211,17313,0.0462291,-0.296654,-0.953866,1
5677,0,231,291,2249,55,164,8667,6036,14703,0.0236247,-0.291123,-0.956394,1
3968,0,187,229,1796,37,131,6348,2330,8678,0.0181097,-0.277974,-0.960418,1
5784,0,283,357,2762,50,216,9452,3145,12597,0.0435844,-0.320707,-0.946175,1
5689,0,291,364,2897,46,212,9499,1678,11177,0.00429013,-0.351559,-0.936156,1
7023,0,292,410,3138,48,212,11123,2532,13655,0.0062866,-0.379204,-0.925291,1
5391,0,375,376,2974,58,214,9388,1477,10865,0.0111,-0.375064,-0.926932,1
5477,0,300,403,2922,67,212,9381,1429,10810,0.0172479,-0.353123,-0.935418,1
5198,0,281,403,2946,48,210,9086,1370,10456,0.0234633,-0.340441,-0.939973,1
5930,0,327,384,2893,54,193,9781,1391,11172,0.0292764,-0.331028,-0.943167,1
5206,0,265,388,1962,44,119,7984,1001,8985,0.0397963,-0.342278,-0.938756,1
5346,0,244,244,1827,63,141,7865,1469,9334,0.0450161,-0.327917,-0.943634,1
6238,0,186,250,1802,76,139,8691,1740,10431,0.047936,-0.359666,-0.931849,1
6399,0,175,247,1730,58,115,8724,1708,10432,0.0530137,-0.365132,-0.929445,1
6177,0,153,202,1515,58,116,8221,1478,9699,0.0382598,-0.341293,-0.939178,1
5596,0,167,217,1632,75,125,7812,1503,9315,0.0385851,-0.308029,-0.950594,1
7106,0,221,262,1977,66,151,9783,1629,11412,0.0182114,-0.298479,-0.954242,1
5702,0,184,240,1743,59,135,8063,1521,9584,0.0130793,-0.317528,-0.948159,1
6127,0,286,286,2087,76,172,9034,1450,10484,0.00763209,-0.343131,-0.939257,1
5859,0,249,274,1947,55,154,8538,1468,10006,0.018387,-0.330106,-0.943765,1
5372,0,226,298,2062,46,177,8181,1734,9915,0.0185237,-0.278602,-0.960228,1
5323,0,245,317,2355,48,179,8467,1367,9834,0.0104831,-0.257321,-0.966269,1
5494,0,264,335,2436,46,189,8764,1555,10319,-0.00189757,-0.256189,-0.966625,1
5137,0,249,315,2302,41,177,8221,1671,9892,-0.00613887,-0.244046,-0.969744,1
5939,0,235,303,2190,43,199,8909,2164,11073,-0.028148,-0.323298,-0.945879,1
5382,0,221,366,2756,29,115,8869,1774,10643,-0.0289488,-0.252604,-0.967137,1
3434,0,126,160,1199,28,94,5041,3138,8179,-0.0160423,-0.243397,-0.969794,1
5312,0,220,305,2170,71,167,8245,5306,13551,-0.0253322,-0.42534,-0.904679,1
5385,0,143,200,1294,49,106,7177,6448,13625,0.0153439,-0.271963,-0.962185,1
5363,0,125,167,1118,64,93,6930,6790,13720,-0.0104858,-0.257302,-0.966274,1
5936,0,130,176,1247,46,101,7636,8956,16592,0.123435,-0.358416,-0.925366,1
3662,0,97,123,937,30,72,4921,13543,18464,0.105399,-0.45681,-0.883298,1
2225,0,65,86,618,19,48,3061,2651,5712,0.0139692,-0.24286,-0.969961,1
6602,0,203,247,1708,78,137,8975,4121,13096,0.0189792,-0.279858,-0.959854,1
5855,0,269,282,2102,59,157,8724,4708,13432,0.0243562,-0.314323,-0.949003,1
5623,0,251,321,2424,60,176,8855,4137,12992,0.0152592,-0.315167,-0.948914,1
5732,0,272,347,2666,71,191,9279,3789,13068,0.04678,-0.298965,-0.953117,1
2947,0,148,184,1430,37,103,4849,2584,7433,0.0604932,-0.264456,-0.962499,1
5833,0,383,463,2753,62,201,9695,3184,12879,0.0500442,-0.347244,-0.936438,1
5650,0,259,325,2485,49,187,8955,3014,11969,0.0255836,-0.309796,-0.950459,1
7192,0,265,338,2497,49,184,10525,2676,13201,-0.00210451,-0.301542,-0.953451,1
5812,0,236,267,1522,33,106,7976,1318,9294,-0.0128184,-0.291032,-0.956627,1
3624,0,124,154,1152,41,88,5183,1364,6547,0.0357621,-0.207801,-0.977517,1
5951,0,272,353,2097,57,135,8865,2341,11206,0.0227207,-0.252171,-0.967416,1
5782,0,186,253,1801,47,133,8202,3031,11233,0.0314353,-0.177185,-0.983675,1
5865,0,196,249,1854,50,138,8352,3853,12205,-0.0131308,-0.281592,-0.959445,1
5754,0,234,257,2051,54,152,8502,3433,11935,-0.0240576,-0.257162,-0.966069,1
5324,0,238,272,1884,46,140,7904,2280,10184,-0.0270923,-0.245527,-0.969011,1
5974,0,247,287,2178,63,166,8915,1761,10676,-0.00658601,-0.19943,-0.97989,1
5727,0,226,289,2163,73,164,8642,1900,10542,-0.00420153,-0.158674,-0.987322,1
5844,0,232,315,2089,46,162,8688,1573,10261,0.0216831,-0.181677,-0.983119,1
5668,0,300,466,2635,83,173,9325,2330,11655,0.0147784,-0.183249,-0.982955,1
5719,0,204,258,1889,71,148,8289,2710,10999,0.0610464,-0.213517,-0.97503,1
5743,0,183,234,1662,45,132,7999,2720,10719,0.0755682,-0.233577,-0.969397,1
3740,0,111,146,998,29,90,5114,1485,6599,0.0717219,-0.247952,-0.966114,1
6519,0,143,219,1280,45,106,8312,3612,11924,0.0649582,-0.27873,-0.95817,1
5556,0,148,193,1364,42,107,7410,3837,11247,0.0903448,-0.284053,-0.954543,1
5483,0,181,231,1620,43,130,7688,5718,13406,0.0922963,-0.289255,-0.952792,1
3856,0,150,193,1506,33,112,5850,5382,11232,0.100296,-0.286946,-0.952682,1
4567,0,254,266,1907,42,145,7181,6167,13348,0.0570581,-0.318748,-0.946121,1
4632,0,246,357,2054,43,157,7489,3592,11081,0.0457314,-0.325122,-0.944566,1
5750,0,283,355,2933,65,229,9615,2038,11653,0.0144221,-0.342589,-0.939375,1
5719,0,293,370,2819,47,217,9465,2464,11929,0.00628284,-0.340094,-0.940371,1
5855,0,297,335,2591,43,196,9317,2228,11545,0.00237657,-0.33971,-0.940527,1
5414,0,313,363,2865,59,211,9225,1482,10707,0.0164729,-0.361972,-0.932043,1
5351,0,280,352,2773,40,225,9021,1417,10438,0.00659545,-0.35394,-0.935245,1
5320,0,259,327,2584,43,191,8724,1397,10121,0.0245806,-0.368509,-0.929299,1
5285,0,235,300,2376,61,175,8432,1443,9875,0.0324697,-0.345955,-0.937689,1
5531,0,212,276,2011,42,153,8225,1405,9630,0.0430049,-0.33641,-0.940733,1
5436,0,191,245,1854,53,144,7923,1438,9361,0.0333071,-0.313737,-0.948926,1
5475,0,240,247,1699,53,132,7846,1512,9358,0.0303685,-0.306893,-0.951259,1
5489,0,167,215,1625,67,126,7689,1436,9125,0.0306453,-0.288703,-0.956928,1
5669,0,176,212,1595,60,123,7835,1500,9335,0.0183591,-0.28059,-0.959652,1
5687,0,187,218,1632,94,124,7942,1576,9518,0.0238948,-0.275144,-0.961106,1
5838,0,167,218,1671,64,153,8111,1518,9629,0.0332009,-0.278003,-0.960006,1
5821,0,176,230,1655,58,129,8069,1532,9601,0.0249748,-0.276806,-0.960601,1
5749,0,184,243,1807,70,139,8192,1487,9679,0.029369,-0.290067,-0.956555,1
5626,0,186,237,1836,70,138,8093,1440,9533,0.0206594,-0.304896,-0.952162,1
5619,0,244,285,1894,75,144,8261,1539,9800,0.0245841,-0.294901,-0.955212,1
5603,0,207,275,1928,61,152,8226,1430,9656,0.0409882,-0.345179,-0.937641,1
5090,0,267,222,1392,49,113,7133,1014,8147,0.0257412,-0.317302,-0.947975,1
2331,0,95,121,902,21,70,3540,582,4122,0.016666,-0.252523,-0.967448,1
3713,0,160,205,1500,31,117,5726,1048,6774,0.0297586,-0.2641,-0.964036,1
5592,0,296,353,2385,42,183,8851,1921,10772,0.0178554,-0.262227,-0.964841,1
5523,0,255,335,2516,41,188,8858,1650,10508,0.0272286,-0.239542,-0.970504,1
3611,0,179,226,1775,30,132,5953,1618,7571,0.0125643,-0.235648,-0.971758,1
5574,0,295,363,2475,41,201,8949,2076,11025,0.0369917,-0.255966,-0.965978,1
5328,0,248,314,2299,42,179,8410,2999,11409,0.0762036,-0.29187,-0.953417,1
5403,0,242,324,2312,43,186,8510,4222,12732,0.0368291,-0.280277,-0.959213,1
5523,0,229,306,2171,44,172,8445,5081,13526,0.0295921,-0.272023,-0.961836,1
3805,0,143,189,1307,32,105,5581,4749,10330,0.118686,-0.473957,-0.872513,1
5886,0,214,321,1666,48,135,8270,14993,23263,0.118866,-0.457693,-0.881129,1
3664,0,100,138,924,49,75,4950,-1000,-1000,-1,-1,-1,1
2702,0,70,89,595,24,49,3529,3881,7410,0.0642475,-0.294756,-0.95341,1
5584,0,195,270,1544,48,102,7743,10411,18154,0.0715979,-0.272965,-0.959356,1
2861,0,71,95,663,24,52,3766,9486,13252,0.00697623,-0.307413,-0.951551,1
3293,0,93,129,941,37,105,4598,4595,9193,0.0864822,-0.274068,-0.957814,1
5507,0,188,283,1844,43,164,8029,18878,26907,0.133985,-0.347237,-0.928157,1
1933,0,78,100,866,16,58,3051,-1000,-1000,-1,-1,-1,1
1609,0,83,91,694,13,52,2542,5202,7744,0.0527083,-0.361378,-0.930928,1
4146,0,183,232,1870,30,135,6596,4110,10706,0.045939,-0.281003,-0.958607,1
5253,0,245,313,2423,42,177,8453,1689,10142,0.0259969,-0.257033,-0.966053,1
5701,0,275,349,2645,48,195,9213,1663,10876,0.0158634,-0.250588,-0.967964,1
5745,0,269,355,2527,49,194,9139,1827,10966,0.0666338,-0.242504,-0.96786,1
6931,0,290,331,2415,50,188,10205,1302,11507,0.0175411,-0.253245,-0.967243,1
3947,0,189,235,1590,33,119,6113,1335,7448,0.0584966,-0.257064,-0.964622,1
6191,0,210,276,2195,71,224,9167,2035,11202,0.0685072,-0.350589,-0.934021,1
5685,0,229,249,2101,73,202,8539,1465,10004,0.0572584,-0.367989,-0.928066,1
2983,0,90,119,854,30,65,4141,724,4865,0.0615967,-0.294895,-0.953542,1
2404,0,68,105,670,26,51,3324,651,3975,0.0304679,-0.277948,-0.960113,1
5854,0,164,214,1675,108,147,8162,1560,9722,0.0178945,-0.245396,-0.969258,1
6563,0,175,228,1775,71,131,8943,2394,11337,0.0463072,-0.195129,-0.979684,1
5947,0,203,240,1918,63,141,8512,1372,9884,-0.00822967,-0.239164,-0.970944,1
5918,0,194,249,2009,59,147,8576,1474,10050,-0.00738058,-0.259197,-0.965796,1
6751,0,232,325,2382,57,181,9928,1570,11498,0.0275298,-0.387453,-0.921478,1
4051,0,149,187,1235,30,82,5734,749,6483,0.0277227,-0.305055,-0.951931,1
2101,0,78,109,740,20,57,3105,589,3694,0.0456884,-0.235178,-0.970878,1
2189,0,88,111,848,24,69,3329,747,4076,0.0279181,-0.163034,-0.986225,1
6472,0,240,286,2121,54,163,9336,1949,11285,0.00771602,-0.184371,-0.982827,1
5637,0,199,303,1878,47,146,8210,3216,11426,0.00804261,-0.205862,-0.978548,1
5548,0,174,225,1624,43,131,7745,4124,11869,0.0475653,-0.25526,-0.965702,1
3789,0,101,131,890,29,73,5013,2462,7475,0.0935628,-0.271631,-0.957843,1
5551,0,128,171,1154,56,112,7172,6837,14009,0.055064,-0.233818,-0.97072,1
3786,0,97,127,888,33,71,5002,5233,10235,0.00216218,-0.231604,-0.972808,1
6515,0,174,226,1585,53,152,8705,10305,19010,0.0129412,-0.334677,-0.942244,1
2385,0,93,116,882,34,83,3593,3232,6825,0.0656867,-0.258887,-0.963672,1
6113,0,238,346,2356,115,178,9346,6719,16065,0.122141,-0.291715,-0.948675,1
3981,0,184,231,1809,31,131,6367,3335,9702,0.0577527,-0.323597,-0.944431,1
5712,0,282,353,2819,46,241,9453,2664,12117,0.0154145,-0.375058,-0.926873,1
7253,0,321,412,3133,61,206,11386,2219,13605,0.037467,-0.346992,-0.93712,1
4077,0,210,262,2175,59,232,7015,2403,9418,0.0503071,-0.309015,-0.949726,1
6198,0,417,364,2753,63,201,9996,1562,11558,0.0483417,-0.309134,-0.949789,1
5332,0,346,481,3021,61,192,9433,1449,10882,0.047353,-0.416766,-0.90778,1
5206,0,229,286,2179,62,177,8139,1368,9507,0.0577018,-0.339443,-0.938856,1
3574,0,138,175,1335,32,100,5354,1234,6588,0.0576406,-0.316279,-0.946914,1
5455,0,176,223,1636,49,130,7669,1362,9031,0.0242802,-0.346083,-0.93789,1
6583,0,159,216,1612,51,155,8776,1508,10284,0.0214246,-0.474892,-0.879784,1
6733,0,192,206,1115,46,94,8386,1047,9433,0.0203449,-0.433077,-0.901127,1
3018,0,83,107,818,30,61,4117,770,4887,0.0106295,-0.365409,-0.930786,1
4107,0,106,161,1022,47,76,5519,930,6449,0.00711864,-0.321571,-0.946859,1
5697,0,176,229,1755,80,133,8070,1816,9886,0.00884632,-0.305292,-0.952218,1
6277,0,204,235,1706,62,131,8615,1409,10024,0.0195057,-0.302174,-0.953053,1
5440,0,191,243,1908,66,145,7993,1427,9420,0.00682533,-0.29028,-0.956917,1
5398,0,196,249,1815,74,142,7874,1538,9412,0.0126949,-0.272383,-0.962105,1
5899,0,297,356,2038,73,154,8817,1460,10277,0.0102752,-0.259125,-0.965789,1
5501,0,214,285,1988,48,156,8192,1474,9666,0.0329892,-0.281661,-0.958947,1
5827,0,282,301,2112,51,171,8744,1407,10151,0.0518798,-0.288863,-0.955964,1
5326,0,253,318,2392,50,182,8521,1436,9957,0.0285027,-0.283235,-0.958627,1
5347,0,267,336,2501,44,187,8682,1720,10402,0.0577697,-0.271633,-0.960665,1
5493,0,262,338,2493,64,187,8837,1754,10591,0.043017,-0.280598,-0.958861,1
5284,0,251,317,2344,39,180,8415,1909,10324,0.0285342,-0.245646,-0.96894,1
5851,0,243,308,2264,40,178,8884,1920,10804,0.0291312,-0.251784,-0.967345,1
5501,0,235,299,2149,46,170,8400,2230,10630,0.0364783,-0.27321,-0.961263,1
5342,0,227,290,2170,61,169,8259,2590,10849,0.0335019,-0.26961,-0.962387,1
5412,0,213,276,2031,43,160,8135,3225,11360,0.0388168,-0.285006,-0.957739,1
5277,0,195,247,1804,43,140,7706,3196,10902,0.0575617,-0.307882,-0.949682,1
5313,0,179,254,1528,43,130,7447,6835,14282,0.0609825,-0.300117,-0.951951,1
5304,0,155,200,1439,44,114,7256,8782,16038,0.139246,-0.326592,-0.934852,1
5222,0,136,180,1201,62,100,6901,4515,11416,0.0876511,-0.294911,-0.951496,1
5256,0,125,167,1110,37,94,6789,4481,11270,0.0917523,-0.323786,-0.941671,1
5167,0,124,167,1122,42,95,6717,5719,12436,0.117298,-0.30502,-0.945095,1
5371,0,133,211,1182,43,100,7040,6790,13830,0.117742,-0.320623,-0.939861,1
2754,0,81,121,733,22,60,3771,5721,9492,0.0435156,-0.282839,-0.95818,1
5298,0,185,263,1711,45,138,7640,4817,12457,0.027097,-0.317742,-0.94779,1
5769,0,288,286,2123,49,181,8696,3478,12174,0.0336012,-0.304165,-0.952027,1
3951,0,170,255,1650,34,122,6182,1496,7678,0.014636,-0.239143,-0.970874,1
5223,0,235,296,2302,41,170,8267,2760,11027,0.0609655,-0.278584,-0.958475,1
5857,0,236,301,2333,41,177,8945,2447,11392,0.0260222,-0.27774,-0.960304,1
6154,0,289,393,2640,63,186,9725,2159,11884,0.0357843,-0.355003,-0.93418,1
6530,0,168,214,1300,36,91,8339,1364,9703,0.0269394,-0.304819,-0.952029,1
2267,0,79,101,699,15,48,3209,796,4005,0.0261664,-0.258165,-0.965746,1
2563,0,95,116,853,24,65,3716,1229,4945,-0.00966355,-0.267079,-0.963626,1
6680,0,185,239,1742,79,133,9058,2282,11340,-0.00997026,-0.266947,-0.96366,1
5593,0,175,223,1663,55,128,7837,1432,9269,0.0194979,-0.25359,-0.967116,1
6928,0,174,225,1630,57,126,9140,1515,10655,0.0251614,-0.222676,-0.974568,1
5625,0,174,221,1784,61,172,8037,1683,9720,0.0188736,-0.225052,-0.974164,1
5826,0,186,280,1736,60,133,8221,1670,9891,-0.00555239,-0.169731,-0.985475,1
5262,0,193,216,1604,41,122,7438,1657,9095,-0.00277104,-0.178344,-0.983964,1
5220,0,168,215,1643,48,124,7418,1645,9063,0.00295572,-0.18826,-0.982115,1
6093,0,192,245,2035,46,150,8761,1592,10353,0.00837578,-0.17553,-0.984439,1
5976,0,192,250,1934,50,145,8547,1892,10439,-0.0101597,-0.156326,-0.987653,1
5027,0,173,219,1708,46,129,7302,1427,8729,-0.0160576,-0.13888,-0.990179,1
5758,0,192,241,1900,53,143,8287,1536,9823,-0.00860482,-0.108457,-0.994064,1
5574,0,224,236,1316,41,97,7488,969,8457,-0.0135823,-0.110345,-0.9938,1
2741,0,83,105,875,25,61,3890,590,4480,-0.00520109,-0.125249,-0.992112,1
3113,0,137,165,1086,37,82,4620,771,5391,-0.00796896,-0.138408,-0.990343,1
6630,0,219,282,2223,70,165,9589,1556,11145,-0.002834,-0.163612,-0.986521,1
6769,0,288,304,2047,46,110,9564,1077,10641,0.0140891,-0.156782,-0.987533,1
3090,0,87,109,849,25,63,4223,623,4846,0.00352007,-0.140171,-0.990121,1
2068,0,73,93,743,22,55,3054,525,3579,0.0123265,-0.134164,-0.990882,1
5585,0,193,270,2043,58,148,8297,1373,9670,0.00425952,-0.122464,-0.992464,1
5635,0,196,250,1943,57,144,8225,1575,9800,0.00039753,-0.12066,-0.992694,1
5799,0,194,246,2023,60,154,8476,1412,9888,0.00557896,-0.13343,-0.991042,1
5621,0,190,245,1871,80,143,8150,1448,9598,0.0270899,-0.141779,-0.989528,1
5651,0,202,265,1897,65,145,8225,1435,9660,0.0297927,-0.134274,-0.990497,1
5668,0,189,243,1882,82,138,8202,1378,9580,-0.00456627,-0.120869,-0.992658,1
5769,0,188,243,1871,61,139,8271,1388,9659,0.00290952,-0.123364,-0.992357,1
5642,0,190,244,1951,54,145,8226,1410,9636,0.0145499,-0.0853989,-0.99624,1
2946,0,99,126,983,32,82,4268,674,4942,0.0117752,-0.154137,-0.98798,1
2708,0,107,137,1059,39,78,4128,769,4897,0.00176451,-0.151578,-0.988444,1
5586,0,194,248,1928,64,172,8192,1403,9595,-0.000126461,-0.149025,-0.988834,1
6105,0,194,255,1889,61,140,8644,1408,10052,0.0158366,-0.141561,-0.989803,1
5661,0,195,248,1936,58,143,8241,1441,9682,0.0140042,-0.173155,-0.984795,1
2946,0,103,129,996,29,75,4278,682,4960,0.00859358,-0.169496,-0.985493,1
5817,0,198,253,1916,55,142,8381,1609,9990,0.00215667,-0.175684,-0.984444,1
5723,0,222,253,1921,50,145,8314,1846,10160,-0.00918168,-0.185227,-0.982653,1
5748,0,199,254,2002,52,150,8405,2479,10884,0.00354712,-0.197532,-0.98029,1
6039,0,262,292,2053,61,154,8861,1730,10591,-0.00181238,-0.238224,-0.971209,1
3919,0,142,187,1406,44,103,5801,1304,7105,0.0105795,-0.213288,-0.976932,1
5896,0,206,257,2004,54,151,8568,1766,10334,0.0221712,-0.278574,-0.960159,1
6845,0,211,329,2111,48,153,9697,1895,11592,0.0278446,-0.212304,-0.976807,1
5728,0,209,263,1971,50,152,8373,1981,10354,0.0322239,-0.179773,-0.98318,1
3914,0,141,178,1512,50,122,5917,2257,8174,0.0321264,-0.232265,-0.972122,1
5540,0,194,246,1825,58,141,8004,4139,12143,0.0275947,-0.126233,-0.991617,1
5662,0,190,232,1653,51,140,7928,6370,14298,0.0689864,-0.0579386,-0.995934,1
5074,0,147,191,1356,49,109,6926,3729,10655,0.0505786,-0.181027,-0.982177,1
5593,0,151,197,1386,45,114,7486,4844,12330,0.0674026,-0.205676,-0.976296,1
5686,0,139,183,1256,45,104,7413,7383,14796,0.0527584,-0.230239,-0.971703,1
3916,0,113,128,881,31,72,5141,9594,14735,0.0549776,-0.220543,-0.973827,1
3585,0,102,131,964,30,76,4888,4424,9312,0.0423254,-0.253124,-0.966508,1
5620,0,185,236,1722,52,143,7958,6313,14271,0.0689344,-0.256356,-0.964121,1
5679,0,211,268,2066,51,173,8448,6013,14461,0.077719,-0.228542,-0.970427,1
3903,0,165,215,1657,35,121,6096,4214,10310,0.0649997,-0.255136,-0.964718,1
5788,0,291,331,2575,53,192,9230,3868,13098,0.0640568,-0.278058,-0.958426,1
5823,0,294,368,2769,44,201,9499,2116,11615,0.00906872,-0.308516,-0.951176,1
3561,0,186,232,1841,28,134,5982,1643,7625,0.0206,-0.333176,-0.94264,1
6205,0,292,364,2955,66,213,10095,2523,12618,0.00504567,-0.345628,-0.938358,1
3673,0,199,248,2014,38,148,6320,1092,7412,0.0243534,-0.356867,-0.933838,1
5894,0,282,356,3176,82,254,10044,1685,11729,-0.0038313,-0.376716,-0.926321,1
5314,0,257,331,2631,77,191,8801,1446,10247,0.0256856,-0.368337,-0.929338,1
6150,0,296,316,2320,45,171,9298,1509,10807,0.0230222,-0.370024,-0.928737,1
5182,0,217,274,2130,45,160,8008,1424,9432,0.0393641,-0.343495,-0.938329,1
6244,0,197,272,1939,53,144,8849,1434,10283,0.0452978,-0.320772,-0.946073,1
5623,0,194,247,1920,57,144,8185,1608,9793,0.0382453,-0.293867,-0.955081,1
5584,0,190,255,1840,64,137,8070,1466,9536,0.0179117,-0.307678,-0.951322,1
6433,0,193,249,1844,55,139,8913,1513,10426,0.0220619,-0.322337,-0.946368,1
5544,0,193,249,1879,64,142,8071,1385,9456,0.0147279,-0.31953,-0.947462,1
6521,0,193,254,1842,58,140,9008,1400,10408,0.0269345,-0.339929,-0.940066,1
5500,0,196,250,1882,56,143,8027,1582,9609,0.0297875,-0.320743,-0.946698,1
5448,0,247,273,2009,57,153,8187,1410,9597,0.0206759,-0.286757,-0.95778,1
6184,0,218,283,2031,52,162,8930,1405,10335,0.00197324,-0.277631,-0.960686,1
5509,0,252,288,2033,55,157,8294,1396,9690,0.000299284,-0.275926,-0.961179,1
6919,0,228,292,2102,51,167,9759,1414,11173,0.0184797,-0.268773,-0.963026,1
5551,0,241,305,2389,43,178,8707,1386,10093,0.0165837,-0.259348,-0.965641,1
5447,0,256,322,2393,39,185,8642,1412,10054,0.0262198,-0.257669,-0.965877,1
6348,0,294,358,2548,39,190,9777,1393,11170,0.0219978,-0.256199,-0.966374,1
5462,0,272,357,2527,41,194,8853,1438,10291,0.0108412,-0.238703,-0.971032,1
6725,0,291,346,2540,39,190,10131,1593,11724,0.0134321,-0.231132,-0.97283,1
5541,0,259,329,2392,39,186,8746,1882,10628,0.0277673,-0.244542,-0.969241,1
5524,0,252,322,2464,40,182,8784,1937,10721,0.0270058,-0.260379,-0.965129,1
6510,0,242,362,2251,39,174,9578,1956,11534,0.0428911,-0.296245,-0.954149,1
5288,0,223,284,2052,39,161,8047,1708,9755,0.0582511,-0.288181,-0.955803,1
7080,0,229,296,2076,37,148,9866,3314,13180,0.0305688,-0.276839,-0.96043,1
5478,0,185,263,1722,39,164,7851,4332,12183,0.030367,-0.249656,-0.967859,1
4011,0,120,157,1119,33,113,5553,3111,8664,0.122544,-0.296519,-0.947132,1
5607,0,143,215,1283,39,104,7391,6132,13523,0.113421,-0.336113,-0.934967,1
3502,0,91,120,841,29,68,4651,3104,7755,0.106601,-0.302873,-0.94705,1
5412,0,126,163,1125,43,94,6963,11479,18442,0.143854,-0.411148,-0.900146,1
3609,0,87,115,807,27,64,4709,4001,8710,0.0937283,-0.274874,-0.956901,1
5939,0,143,186,1370,40,132,7810,5229,13039,0.12003,-0.32885,-0.936724,1
3751,0,124,160,1162,33,90,5320,1693,7013,0.0623734,-0.287913,-0.955623,1
5507,0,227,289,2144,44,173,8384,2988,11372,0.0707388,-0.28109,-0.957071,1
5681,0,262,329,2604,67,192,9135,2166,11301,0.0673793,-0.251489,-0.965512,1
5193,0,253,319,2421,55,183,8424,1884,10308,0.0747917,-0.2455,-0.966507,1
5673,0,276,344,2648,61,199,9201,2161,11362,0.0360144,-0.287308,-0.957161,1
5645,0,266,334,2576,71,224,9116,2157,11273,0.10919,-0.305984,-0.945755,1
5648,0,244,307,2348,42,176,8765,2258,11023,0.0759239,-0.280841,-0.956746,1
5789,0,235,296,2346,47,168,8881,2359,11240,0.0348394,-0.303018,-0.952348,1
5786,0,221,280,2198,44,161,8690,1995,10685,0.0125079,-0.288019,-0.957543,1
5856,0,221,283,2206,49,164,8779,1836,10615,0.0599509,-0.216406,-0.974461,1
5739,0,213,275,2080,52,157,8516,2243,10759,0.0771234,-0.194934,-0.97778,1
5714,0,215,275,2122,69,155,8550,2445,10995,0.0168841,-0.258467,-0.965873,1
5907,0,217,278,2119,47,158,8726,2834,11560,0.00315201,-0.248948,-0.968512,1
5581,0,218,277,2195,56,168,8495,2259,10754,0.0146728,-0.250219,-0.968078,1
5863,0,217,279,2139,65,161,8724,1461,10185,0.00674865,-0.23509,-0.971951,1
6617,0,220,283,2237,60,175,9592,1481,11073,0.0189304,-0.247206,-0.968778,1
5796,0,220,281,2152,45,157,8651,1408,10059,0.0214647,-0.2323,-0.972408,1
5924,0,230,294,2197,44,164,8853,1593,10446,0.0325697,-0.235849,-0.971244,1
5690,0,237,298,2306,54,166,8751,2319,11070,0.0532417,-0.241946,-0.968828,1
4059,0,163,223,1572,31,125,6173,1638,7811,0.0624697,-0.202879,-0.977209,1
5868,0,253,303,2107,42,160,8733,2399,11132,0.0294747,-0.252211,-0.967223,1
5578,0,176,227,1656,39,132,7808,2795,10603,0.0388529,-0.264348,-0.963645,1
5702,0,133,176,1196,44,99,7350,4014,11364,0.0623784,-0.252892,-0.965482,1
5035,0,113,149,1078,43,86,6504,3714,10218,0.0567435,-0.252683,-0.965884,1
5491,0,159,205,1475,47,115,7492,4149,11641,0.0679562,-0.280967,-0.957309,1
5750,0,200,255,1845,66,145,8261,4161,12422,0.0580317,-0.303728,-0.95099,1
3920,0,158,200,1525,44,114,5961,3688,9649,0.0504146,-0.286088,-0.956876,1
5602,0,224,297,2121,42,160,8446,3348,11794,0.051487,-0.309358,-0.949551,1
5056,0,241,300,2387,48,180,8212,1630,9842,0.0401,-0.303625,-0.951948,1
5609,0,279,351,2809,45,185,9278,1965,11243,0.0380544,-0.31548,-0.948169,1
2858,0,150,205,1495,29,107,4844,1473,6317,0.0479318,-0.295249,-0.954217,1
5383,0,285,355,2776,71,228,9098,1565,10663,0.0442039,-0.296288,-0.954075,1
5567,0,339,360,2735,59,203,9263,1503,10766,0.0354732,-0.384024,-0.922641,1
5154,0,325,356,2725,50,201,8811,1145,9956,0.0345826,-0.329981,-0.943354,1
3674,0,192,240,1882,44,139,6171,1164,7335,0.0280563,-0.281297,-0.959211,1
5293,0,291,394,2764,54,201,8997,1394,10391,0.0437118,-0.342644,-0.938448,1
5196,0,259,324,2593,50,191,8613,1357,9970,0.0514136,-0.275802,-0.959839,1
4741,0,222,281,2261,58,165,7728,1248,8976,0.0332803,-0.287726,-0.957134,1
5776,0,368,504,2583,54,207,9492,1442,10934,0.0182987,-0.316423,-0.948442,1
5712,0,236,303,2384,63,172,8870,1502,10372,0.013138,-0.300184,-0.953791,1
5734,0,233,307,2302,62,170,8808,1378,10186,0.0328647,-0.274018,-0.961163,1
6530,0,264,332,2326,53,205,9710,1499,11209,0.0260546,-0.394167,-0.918669,1
6294,0,302,353,2639,53,166,9807,1474,11281,0.0233057,-0.400044,-0.9162,1
3942,0,155,144,1105,28,80,5454,795,6249,0.0234386,-0.32041,-0.946989,1
3012,0,107,148,1067,34,90,4458,773,5231,0.0192622,-0.295231,-0.955232,1
5765,0,197,254,2000,68,148,8432,1430,9862,0.0232693,-0.307734,-0.951188,1
5768,0,228,260,1875,70,146,8347,1402,9749,0.010547,-0.349041,-0.937048,1
5812,0,212,273,1476,43,106,7922,977,8899,5.50143e-05,-0.309327,-0.950956,1
3725,0,129,148,1079,28,81,5190,732,5922,0.00791713,-0.256411,-0.966536,1
5373,0,224,286,2087,46,163,8179,1542,9721,-0.00361255,-0.256505,-0.966536,1
5525,0,233,301,2137,63,181,8440,1539,9979,0.0158028,-0.241931,-0.970164,1
5423,0,272,316,2267,52,178,8508,1561,10069,0.0379108,-0.253977,-0.966467,1
5612,0,259,331,2417,40,186,8845,1601,10446,0.0127916,-0.239575,-0.970794,1
6232,0,265,336,2463,40,190,9526,1557,11083,0.00819363,-0.233758,-0.97226,1
5443,0,411,474,3030,41,212,9611,1867,11478,0.0165717,-0.245061,-0.969366,1
5411,0,265,387,2516,40,191,8810,1717,10527,0.0240592,-0.249822,-0.967993,1
6186,0,296,395,2806,43,220,9946,2655,12601,0.0358763,-0.26772,-0.962828,1
6203,0,285,365,2866,46,213,9978,2589,12567,0.0569401,-0.281168,-0.957968,1
4714,0,185,264,1829,31,135,7158,2142,9300,0.0262462,-0.270065,-0.962484,1
4079,0,177,225,1646,32,150,6309,2943,9252,0.0353249,-0.282857,-0.958512,1
6042,0,223,338,2264,44,162,9073,3421,12494,0.0998366,-0.324414,-0.940632,1
5464,0,193,248,1766,44,138,7853,4845,12698,0.0882622,-0.337342,-0.937235,1
5470,0,155,214,1427,45,116,7427,6854,14281,0.105493,-0.380971,-0.918549,1
3671,0,90,122,802,30,66,4781,10013,14794,0.0708906,-0.382933,-0.921052,1
4363,0,108,151,975,53,82,5732,6883,12615,0.0243024,-0.328248,-0.944279,1
6132,0,220,240,1743,54,138,8527,7008,15535,0.0526255,-0.457122,-0.887846,1
2954,0,113,145,972,19,65,4268,4282,8550,0.0679875,-0.395919,-0.915765,1
1860,0,78,101,754,14,56,2863,663,3526,0.0297911,-0.291451,-0.956122,1
2103,0,102,129,984,17,72,3407,761,4168,0.0209397,-0.291741,-0.956268,1
5883,0,275,363,2707,45,230,9503,1633,11136,0.0701579,-0.311169,-0.947761,1
5880,0,294,357,2648,42,197,9418,1918,11336,0.0357749,-0.293585,-0.955263,1
5787,0,281,353,2778,43,204,9446,1559,11005,0.0361853,-0.30237,-0.952504,1
5718,0,274,346,2731,58,199,9326,1756,11082,0.0606921,-0.292218,-0.954424,1
5806,0,276,351,2758,74,199,9464,1712,11176,0.0415711,-0.286521,-0.957172,1
3947,0,204,235,1886,65,153,6490,1342,7832,0.0664708,-0.202827,-0.976956,1
6840,0,304,396,2949,84,195,10768,2402,13170,0.0359758,-0.312692,-0.949173,1
5842,0,208,233,1914,38,140,8375,1067,9442,0.0177993,-0.308911,-0.950925,1
3043,0,107,135,1087,29,79,4480,644,5124,-0.00350214,-0.228903,-0.973443,1
3465,0,143,178,1467,35,104,5392,893,6285,-0.0133092,-0.213817,-0.976783,1
5814,0,227,302,2306,57,169,8875,1480,10355,0.0310304,-0.214403,-0.976252,1
5923,0,226,290,2204,52,166,8861,1792,10653,0.0186895,-0.211977,-0.977096,1
5815,0,232,292,2199,49,168,8755,1785,10540,0.031262,-0.276919,-0.960385,1
5793,0,235,298,2109,33,117,8585,1366,9951,0.0152664,-0.238221,-0.971091,1
3933,0,163,204,1571,33,120,6024,1623,7647,0.0339945,-0.145084,-0.988835,1
3025,0,117,148,1086,24,82,4482,1234,5716,0.0333422,-0.139888,-0.989606,1
5567,0,191,243,1748,45,137,7931,2579,10510,0.0130562,-0.193712,-0.980972,1
5446,0,160,222,1760,72,159,7819,5262,13081,0.0276188,-0.184017,-0.982535,1
5571,0,138,190,1251,46,103,7299,6954,14253,0.0835525,-0.2347,-0.968471,1
3032,0,67,91,610,23,50,3873,5101,8974,0.136329,-0.237235,-0.961839,1
5544,0,131,171,1198,43,97,7184,10519,17703,0.150033,-0.257212,-0.954637,1
5521,0,153,197,1437,49,112,7469,16057,23526,0.156033,-0.165458,-0.973796,1
1974,0,63,89,613,18,46,2803,2457,5260,0.100757,-0.184974,-0.977565,1
5019,0,204,234,1757,42,133,7389,15944,23333,0.107508,-0.252797,-0.961528,1
2751,0,114,146,1122,22,84,4239,2873,7112,0.117146,-0.236543,-0.964533,1
5685,0,282,330,2558,70,192,9117,3610,12727,0.0984032,-0.282476,-0.954214,1
5708,0,288,362,2828,42,208,9436,2654,12090,0.0932265,-0.325124,-0.941065,1
5031,0,326,361,2872,38,225,8853,3037,11890,0.076445,-0.333416,-0.939675,1
5557,0,347,428,3618,66,246,10262,1713,11975,0.0904474,-0.360257,-0.928458,1
5730,0,360,457,3704,44,257,10552,1615,12167,0.0692631,-0.354784,-0.932379,1
5712,0,366,481,3734,52,268,10613,1516,12129,0.0469154,-0.380956,-0.923402,1
5595,0,372,469,3956,59,268,10719,1393,12112,0.0714736,-0.375614,-0.924016,1
5796,0,370,461,3900,62,267,10856,1405,12261,0.0590261,-0.3713,-0.926635,1
6240,0,366,460,3940,47,260,11313,1392,12705,0.0282482,-0.35573,-0.934162,1
6219,0,347,452,3729,65,254,11066,1374,12440,0.0192531,-0.339777,-0.940309,1
4345,0,224,281,2300,72,161,7383,1026,8409,0.0236846,-0.320058,-0.947102,1
5984,0,290,358,3057,65,207,9961,1444,11405,0.0227637,-0.338219,-0.940792,1
5869,0,310,365,2733,59,197,9533,1501,11034,0.0194518,-0.319117,-0.947515,1
5658,0,246,312,2429,55,175,8875,1437,10312,0.020603,-0.300359,-0.953604,1
6025,0,232,300,2311,61,168,9097,1426,10523,0.0420513,-0.314079,-0.948465,1
5611,0,242,341,2741,80,183,9198,1492,10690,0.0433207,-0.320456,-0.946272,1
8355,0,280,309,2118,77,158,11297,1467,12764,0.0237546,-0.308895,-0.950799,1
5546,0,249,306,2230,45,173,8549,1382,9931,0.0281451,-0.290168,-0.956562,1
5562,0,269,334,2423,44,190,8822,1462,10284,0.0341425,-0.289084,-0.956695,1
5535,0,267,336,2539,70,191,8938,2090,11028,0.0335472,-0.32676,-0.944512,1
5453,0,255,350,2410,40,185,8693,2168,10861,0.0564142,-0.349034,-0.93541,1
5486,0,259,327,2256,47,174,8549,3039,11588,0.0415482,-0.292953,-0.955224,1
5529,0,223,291,2045,41,162,8291,2039,10330,0.0378405,-0.27455,-0.960828,1
5378,0,190,244,1761,41,141,7755,2592,10347,0.0299388,-0.273743,-0.961337,1
5480,0,168,215,1522,40,124,7549,2560,10109,0.00274469,-0.273163,-0.961963,1
5392,0,150,196,1399,41,115,7293,3611,10904,0.0347614,-0.296542,-0.954387,1
5306,0,141,186,1272,39,103,7047,3439,10486,0.0247606,-0.272883,-0.961729,1
5313,0,145,193,1383,38,119,7191,5902,13093,0.0411508,-0.277839,-0.959746,1
5382,0,163,214,1535,38,127,7459,4825,12284,0.0430889,-0.26681,-0.962786,1
3738,0,131,166,1248,31,130,5444,2342,7786,0.0212749,-0.235206,-0.971713,1
5472,0,222,285,2136,41,158,8314,2365,10679,0.0154717,-0.237764,-0.9712,1
5562,0,256,323,2504,40,186,8871,2594,11465,0.0246252,-0.244044,-0.969451,1
5654,0,293,367,2898,49,232,9493,2743,12236,0.0482576,-0.238271,-0.969999,1
5202,0,292,378,2896,47,209,9024,3252,12276,0.0449327,-0.218526,-0.974796,1
6040,0,349,439,3553,54,252,10687,2997,13684,0.0474613,-0.236929,-0.970367,1
4201,0,249,310,2451,39,174,7424,2341,9765,-0.0170876,-0.216834,-0.976059,1
5935,0,366,454,3636,53,254,10698,3245,13943,0.0137463,-0.198194,-0.980066,1
5905,0,362,451,3643,51,259,10671,2374,13045,-0.0132659,-0.236909,-0.971441,1
4017,0,239,313,2425,39,170,7203,1252,8455,0.0354314,-0.219774,-0.974907,1
5746,0,338,448,3502,35,243,10312,1442,11754,0.0519409,-0.242587,-0.968738,1
5905,0,380,439,3458,40,240,10462,1416,11878,0.00889702,-0.339211,-0.940668,1
5885,0,334,478,2661,32,173,9563,1112,10675,-0.0052541,-0.279887,-0.960018,1
2942,0,140,200,1423,19,100,4824,653,5477,0.0175377,-0.242238,-0.970058,1
2615,0,142,176,1440,20,100,4493,646,5139,0.0174516,-0.18203,-0.983138,1
6142,0,313,392,3344,54,228,10473,1487,11960,0.0180284,-0.201736,-0.979274,1
7093,0,308,385,3182,50,154,11172,1041,12213,-0.00990876,-0.166492,-0.985993,1
4200,0,205,252,2158,54,148,7017,1029,8046,-0.00686073,-0.208411,-0.978017,1
6019,0,267,340,2785,63,196,9670,1462,11132,-0.00838923,-0.310844,-0.950424,1
5252,0,168,211,1712,48,120,7511,946,8457,0.00586248,-0.166247,-0.986067,1
2501,0,109,102,827,31,59,3629,611,4240,0.0112372,-0.0478246,-0.998793,1
1792,0,71,91,716,14,52,2736,574,3310,0.0293886,-0.0435865,-0.998617,1
6050,0,290,357,2445,73,179,9394,2581,11975,0.0471213,-0.205855,-0.977447,1
7195,0,217,229,1748,51,145,9585,1405,10990,0.0193327,-0.0962695,-0.995167,1
2497,0,112,141,1122,32,80,3984,1215,5199,-0.0154717,-0.0861933,-0.996159,1
3351,0,144,185,1417,27,104,5228,1386,6614,0.0321715,-0.124621,-0.991683,1
5739,0,226,320,2161,45,179,8670,2795,11465,0.0934231,-0.178542,-0.979487,1
5631,0,182,233,1725,57,149,7977,2177,10154,0.0420414,-0.201212,-0.978645,1
5706,0,159,203,1545,51,122,7786,2160,9946,0.0490079,-0.253225,-0.966165,1
3850,0,119,151,1112,38,85,5355,1983,7338,0.0614684,-0.30428,-0.950597,1
5710,0,230,291,2301,39,181,8752,4648,13400,0.0801909,-0.310442,-0.947204,1
5938,0,305,381,3136,45,220,10025,2392,12417,0.0564767,-0.303816,-0.951055,1
4265,0,266,332,2734,33,186,7816,1706,9522,0.050276,-0.299687,-0.952712,1
6261,0,419,574,4420,47,294,12015,1792,13807,-0.0067875,-0.222153,-0.974988,1
6218,0,459,603,4777,53,330,12440,1667,14107,0.0318427,-0.31262,-0.949344,1
6256,0,459,568,4942,51,326,12602,1216,13818,0.0360113,-0.316784,-0.947814,1
4205,0,318,398,3305,32,224,8482,970,9452,0.0240332,-0.305075,-0.952025,1
6125,0,456,580,4811,48,324,12344,1401,13745,0.0165928,-0.303889,-0.952563,1
6021,0,481,563,4656,78,325,12124,1388,13512,0.0378454,-0.296006,-0.954436,1
5940,0,479,550,4677,57,309,12012,1377,13389,0.0337559,-0.286485,-0.95749,1
5917,0,426,559,4431,57,303,11693,1386,13079,0.0359832,-0.264538,-0.963704,1
5906,0,390,498,4151,57,278,11280,1392,12672,0.0603843,-0.271776,-0.960464,1
6008,0,424,480,4150,52,306,11420,1389,12809,0.0759979,-0.272632,-0.959112,1
6274,0,381,474,4212,49,276,11666,1047,12713,0.0560652,-0.284872,-0.956924,1
4285,0,278,325,2826,68,188,7970,1018,8988,0.0467927,-0.271051,-0.961427,1
6453,0,389,501,4145,57,281,11826,1562,13388,0.0650821,-0.267947,-0.961233,1
6279,0,403,471,3968,75,299,11495,1590,13085,0.0675836,-0.27024,-0.960418,1
6270,0,352,441,3739,70,195,11067,1020,12087,0.0563468,-0.255667,-0.965122,1
4201,0,229,282,2374,46,164,7296,1004,8300,0.0554172,-0.236135,-0.970139,1
6070,0,315,413,3329,52,228,10407,1424,11831,0.0571086,-0.221232,-0.973547,1
6106,0,345,384,3204,67,217,10323,1451,11774,0.0521662,-0.222018,-0.973646,1
6275,0,291,402,3031,67,211,10277,1171,11448,0.0472827,-0.217824,-0.974842,1
3935,0,193,240,1963,32,138,6501,979,7480,-0.00159001,-0.186775,-0.982401,1
5787,0,290,329,2557,48,233,9244,1403,10647,0.0173544,-0.130839,-0.991252,1
5734,0,245,316,2447,69,178,8989,1385,10374,0.0200149,-0.122502,-0.992267,1
5736,0,251,318,2544,65,178,9092,1275,10367,0.0127684,-0.119974,-0.992695,1
5657,0,262,358,2569,92,218,9156,1506,10662,0.0115449,-0.0993449,-0.994986,1
5724,0,267,339,2684,58,194,9266,1518,10784,0.00999506,-0.0849689,-0.996334,1
5630,0,269,339,2751,59,194,9242,1445,10687,0.00808451,-0.0691182,-0.997576,1
5773,0,299,349,2748,68,198,9435,1441,10876,0.00692408,-0.0608536,-0.998123,1
5721,0,296,396,2663,64,198,9338,1421,10759,0.00604203,-0.0466445,-0.998893,1
5560,0,290,347,2811,65,201,9274,1416,10690,0.00540835,-0.0770992,-0.997009,1
5546,0,274,345,2761,61,202,9189,1475,10664,0.00433395,-0.0559348,-0.998425,1
5685,0,275,349,2648,58,195,9210,1472,10682,0.00670993,-0.0468362,-0.99888,1
5519,0,278,364,2772,60,204,9197,1448,10645,0.00541399,-0.0567474,-0.998374,1
5987,0,282,357,2789,61,209,9685,1411,11096,-0.000237906,-0.0570342,-0.998372,1
5545,0,309,396,2874,84,208,9416,1451,10867,-0.00272266,-0.0450431,-0.998981,1
3885,0,200,263,2030,40,148,6566,961,7527,-0.00511964,-0.0557024,-0.998434,1
5473,0,292,368,2864,61,213,9271,1443,10714,-0.00413794,-0.0825972,-0.996575,1
5539,0,294,367,2450,37,145,8832,967,9799,-0.00195196,-0.0688603,-0.997625,1
3737,0,205,225,1514,26,113,5820,743,6563,-0.00127898,-0.0526504,-0.998612,1
3346,0,178,224,1683,36,129,5596,817,6413,-0.00392954,-0.0314906,-0.999496,1
5429,0,312,376,2831,60,218,9226,1409,10635,-0.00879416,-0.0054809,-0.999946,1
5401,0,291,396,2776,59,210,9133,1382,10515,-0.00375246,-0.00513475,-0.99998,1
5631,0,291,372,2925,60,212,9491,1372,10863,-0.00351335,-0.0235531,-0.999716,1
5510,0,296,367,2848,59,208,9288,1438,10726,-0.00509968,-0.0212635,-0.999761,1
5579,0,294,370,2905,59,236,9443,1395,10838,-0.00370527,-0.0261692,-0.999651,1
6017,0,291,394,2959,65,237,9963,1527,11490,-0.00524477,-0.023131,-0.999719,1
5528,0,291,388,2874,74,237,9392,1498,10890,-0.00635662,-0.0252277,-0.999662,1
5940,0,349,421,2842,58,217,9827,1470,11297,-0.00568179,-0.0209867,-0.999764,1
5576,0,292,379,2932,60,212,9451,1429,10880,-0.00484833,-0.0143267,-0.999886,1
5984,0,293,366,2780,72,305,9800,1449,11249,-0.00563334,-0.00639576,-0.999964,1
5376,0,291,362,2866,46,212,9153,1456,10609,-0.00871856,-0.0140658,-0.999863,1
5639,0,293,369,2903,60,213,9477,1559,11036,-0.00922106,-0.0198351,-0.999761,1
5591,0,336,373,2932,65,248,9545,1436,10981,-0.0101301,-0.00809751,-0.999916,1
5863,0,344,374,2824,58,212,9675,1451,11126,-0.0119959,-0.0089818,-0.999888,1
5567,0,341,371,2872,59,262,9472,1516,10988,-0.0105843,-0.0175977,-0.999789,1
5469,0,290,362,2441,40,144,8746,961,9707,-0.0107484,-0.0239617,-0.999655,1
4136,0,201,273,1949,40,144,6743,993,7736,-0.0106242,-0.0277393,-0.999559,1
5916,0,345,370,2805,81,209,9726,1460,11186,-0.0114782,-0.0111019,-0.999873,1
5422,0,292,361,2814,59,210,9158,1431,10589,-0.0133191,-0.0246446,-0.999608,1
5892,0,292,371,2802,57,209,9623,1470,11093,-0.0121395,-0.0172506,-0.999777,1
5422,0,292,362,2778,58,208,9120,1444,10564,-0.01148,-0.0221325,-0.999689,1
5478,0,310,370,2799,58,208,9223,1421,10644,-0.00939506,-0.0104579,-0.999901,1
5658,0,318,366,2822,58,208,9430,1421,10851,-0.0109791,-0.0119776,-0.999868,1
6111,0,320,442,2897,60,211,10041,1531,11572,-0.010896,-0.0280315,-0.999548,1
5661,0,292,382,3246,59,215,9855,1387,11242,-0.00933069,-0.00922743,-0.999914,1
5540,0,291,395,2877,59,212,9374,1424,10798,-0.00934321,-0.0190246,-0.999776,1
3838,0,201,252,1974,40,167,6472,958,7430,-0.0125286,-0.0296513,-0.999482,1
5824,0,292,369,2885,57,210,9637,1462,11099,-0.0125529,-0.0166263,-0.999783,1
5502,0,295,371,2988,60,216,9432,1363,10795,-0.0111894,-0.023347,-0.999665,1
6645,0,368,441,3208,79,217,10958,1465,12423,-0.0106932,-0.016745,-0.999803,1
6239,0,333,438,3085,63,216,10374,1560,11934,-0.00936697,-0.0145123,-0.999851,1
5515,0,307,368,2886,59,214,9349,1424,10773,-0.00980746,-0.0177314,-0.999795,1
5735,0,295,381,2947,60,226,9644,1386,11030,-0.00976786,-0.0136301,-0.99986,1
5739,0,294,374,2884,59,212,9562,1419,10981,-0.00809487,-0.0098891,-0.999918,1
5497,0,304,366,2902,63,211,9343,1432,10775,-0.00889335,-0.0172349,-0.999812,1
5565,0,291,366,2845,62,221,9350,1416,10766,-0.0125596,-0.0155126,-0.999801,1
3781,0,203,254,1963,43,147,6391,987,7378,-0.0171952,-0.0205237,-0.999642,1
5548,0,295,383,2865,61,210,9362,1383,10745,-0.0143197,-0.00873161,-0.999859,1
5554,0,296,371,3017,65,217,9520,1450,10970,-0.00944133,-0.0289097,-0.999537,1
5483,0,293,381,2819,80,234,9290,1429,10719,-0.00602109,-0.00974034,-0.999934,1
5602,0,285,356,2818,51,209,9321,1470,10791,-0.00798848,-0.0128077,-0.999886,1
3757,0,236,252,1977,41,145,6408,977,7385,-0.0109278,-0.0305683,-0.999473,1
4957,0,266,345,2657,58,234,8517,1283,9800,-0.00903623,-0.0421097,-0.999072,1
5636,0,319,401,3236,65,231,9888,1367,11255,-0.00626377,-0.0547106,-0.998483,1
5665,0,327,409,3310,64,242,10017,1409,11426,0.018378,-0.0840245,-0.996294,1
5720,0,345,413,3265,59,255,10057,1376,11433,0.00379226,-0.103828,-0.994588,1
5705,0,334,467,3291,55,242,10094,1530,11624,-0.0199017,-0.128121,-0.991559,1
5767,0,324,404,3241,51,236,10023,1473,11496,-0.021262,-0.132018,-0.991019,1
5674,0,309,384,3149,50,226,9792,1459,11251,-0.00889602,-0.12415,-0.992224,1
5727,0,284,355,2873,45,208,9492,1621,11113,-0.00949676,-0.131732,-0.99124,1
5786,0,263,349,2510,43,194,9145,1812,10957,-0.0047879,-0.162145,-0.986755,1
5818,0,250,322,2384,39,184,8997,1890,10887,0.0115648,-0.207684,-0.978128,1
5756,0,285,315,2804,47,190,9397,2007,11404,0.00379198,-0.205497,-0.978651,1
5102,0,208,263,2043,36,150,7802,2332,10134,0.00160673,-0.215646,-0.97647,1
6206,0,225,303,2217,41,165,9157,2455,11612,0.00484143,-0.234814,-0.972028,1
5640,0,155,215,1543,29,113,7695,1290,8985,0.00654114,-0.20546,-0.978644,1
3066,0,125,158,1242,31,90,4712,892,5604,0.0100118,-0.185897,-0.982518,1
5891,0,255,326,2586,41,186,9285,1487,10772,0.00553511,-0.149715,-0.988714,1
6082,0,421,523,3073,34,143,10276,1199,11475,0.0020345,-0.154627,-0.987971,1
4320,0,206,255,2013,35,146,6975,1084,8059,-0.000243426,-0.156744,-0.987639,1
6268,0,378,407,3230,53,232,10568,1423,11991,-0.0137051,-0.119626,-0.992724,1
6134,0,355,425,2455,38,167,9574,984,10558,-0.0161868,-0.120603,-0.992569,1
3834,0,222,274,2165,34,158,6687,905,7592,-0.00790748,-0.168796,-0.98562,1
6196,0,350,433,3485,52,252,10768,1468,12236,-0.00674605,-0.132284,-0.991189,1
5975,0,350,433,3553,53,248,10612,1383,11995,0.00230045,-0.156559,-0.987666,1
6116,0,347,432,3427,37,173,10532,982,11514,-0.00360014,-0.147367,-0.989076,1
6428,0,346,462,3423,55,276,10990,1377,12367,0.00434161,-0.159441,-0.987198,1
4228,0,183,228,1844,28,131,6642,739,7381,0.0022075,-0.115851,-0.993264,1
2547,0,151,192,1539,20,107,4556,617,5173,0.0118069,-0.17044,-0.985297,1
6453,0,367,459,3652,54,254,11239,1584,12823,0.0353134,-0.207918,-0.977509,1
6500,0,391,456,4024,47,265,11683,2247,13930,-0.0157496,-0.199982,-0.979673,1
4243,0,270,332,2823,41,191,7900,1381,9281,-0.000608918,-0.20773,-0.978186,2
5254,0,431,538,3239,51,204,9717,1272,10989,0.0159034,-0.235877,-0.971653,2
4389,0,283,369,3024,50,202,8317,1408,9725,0.0362942,-0.234771,-0.971373,2
6316,0,410,536,4472,50,294,12078,1738,13816,0.0191689,-0.225531,-0.974048,2
4486,0,278,361,3021,77,198,8421,1174,9595,0.0131828,-0.177774,-0.983983,2
6202,0,383,535,4042,87,264,11513,1740,13253,0.0360257,-0.132312,-0.990553,2
7164,0,414,532,4728,86,303,13227,1677,14904,-0.0161037,-0.178418,-0.983823,2
4821,0,256,313,2108,33,140,7671,785,8456,-0.0134674,-0.141274,-0.989879,2
2492,0,117,143,1217,25,82,4076,542,4618,-0.00436514,-0.0581703,-0.998297,2
2100,0,106,145,1106,20,76,3553,491,4044,0.00142957,-0.0457096,-0.998954,2
6153,0,324,372,3167,69,216,10301,1390,11691,0.0219812,-0.0713966,-0.997206,2
6153,0,282,357,3001,90,207,10090,1452,11542,0.0257574,-0.0588219,-0.997936,2
7116,0,344,393,3177,70,203,11303,1928,13231,0.0365525,-0.0423007,-0.998436,2
6027,0,283,353,2928,45,141,9777,1257,11034,0.0149524,0.00243518,-0.999885,2
7389,0,320,450,3562,67,231,12019,2210,14229,0.0363291,-0.0750302,-0.996519,2
3418,0,174,200,1608,18,94,5512,883,6395,0.0284022,-0.0352304,-0.998976,2
2187,0,109,137,1210,21,91,3755,729,4484,0.0307358,-0.0294533,-0.999094,2
6513,0,338,396,3897,78,281,11503,1688,13191,0.020059,-0.0739211,-0.997062,2
5945,0,271,337,2766,53,200,9572,1723,11295,0.0226163,-0.0709906,-0.997221,2
6335,0,245,309,2495,73,227,9684,1776,11460,0.0114854,-0.0914421,-0.995744,2
6684,0,223,281,2167,51,163,9569,1774,11343,0.0152717,-0.0819712,-0.996518,2
4084,0,150,202,1503,37,124,6100,1394,7494,0.0372409,-0.086418,-0.995563,2
5838,0,226,288,2323,63,207,8945,1900,10845,0.0410637,-0.0774965,-0.996147,2
6749,0,316,370,2881,55,229,10600,3736,14336,0.0514442,-0.186356,-0.981135,2
3545,0,167,217,1670,24,122,5745,1087,6832,0.0554364,-0.168199,-0.984193,2
2213,0,137,170,1269,18,89,3896,918,4814,0.0533438,-0.141216,-0.988541,2
3078,0,186,228,1850,24,131,5497,1086,6583,0.0575632,-0.154165,-0.986367,2
6097,0,400,497,4081,51,289,11415,1505,12920,0.0490772,-0.156522,-0.986454,2
6332,0,415,520,4293,52,298,11910,1480,13390,0.049892,-0.220305,-0.974154,2
6206,0,427,530,4344,83,302,11892,1506,13398,0.0566214,-0.208204,-0.976445,2
6022,0,465,564,4480,72,348,11951,1561,13512,0.0463681,-0.224662,-0.973333,2
6141,0,448,560,4568,64,313,12094,1525,13619,0.0329972,-0.265257,-0.963613,2
5862,0,459,576,4748,59,341,12045,1742,13787,0.0244415,-0.285125,-0.958179,2
5779,0,444,652,4522,41,318,11756,1433,13189,0.027826,-0.286821,-0.95758,2
6243,0,420,519,4414,41,298,11935,1540,13475,0.0297746,-0.265469,-0.96366,2
5355,0,369,456,3931,40,265,10416,1397,11813,0.0209364,-0.260779,-0.965171,2
6775,0,428,642,4656,53,320,12874,1577,14451,0.0334024,-0.268917,-0.962584,2
6131,0,431,500,4217,61,288,11628,1613,13241,0.0281845,-0.274334,-0.961221,2
4121,0,256,329,2673,44,181,7604,1070,8674,0.0216734,-0.228957,-0.973195,2
5998,0,341,483,3536,80,251,10689,1558,12247,0.0323867,-0.232301,-0.972105,2
5944,0,318,402,3360,69,209,10302,1101,11403,0.0359613,-0.239853,-0.970143,2
5363,0,303,375,3159,55,232,9487,1419,10906,0.0430356,-0.22057,-0.974421,2
5704,0,351,489,3739,53,281,10617,1512,12129,0.0342676,-0.224621,-0.973843,2
5676,0,383,509,4067,64,275,10974,1635,12609,0.0341447,-0.201147,-0.978966,2
5735,0,402,492,4288,54,284,11255,1549,12804,0.0342454,-0.172391,-0.984433,2
5689,0,431,475,4069,46,291,11001,1445,12446,0.0488756,-0.200864,-0.978399,2
5684,0,367,476,4073,46,281,10927,1411,12338,0.0651532,-0.215142,-0.974407,2
5841,0,351,513,3643,61,247,10656,1514,12170,0.064598,-0.197944,-0.978083,2
6540,0,394,460,3480,50,230,11154,1523,12677,0.0468448,-0.167389,-0.984777,2
5808,0,304,384,3159,42,247,9944,1892,11836,0.0323579,-0.150112,-0.988139,2
5851,0,296,372,3023,45,215,9802,2101,11903,0.0405514,-0.157197,-0.986734,2
5742,0,290,363,2982,40,213,9630,1787,11417,0.0281641,-0.131187,-0.990958,2
5796,0,281,351,2922,43,208,9601,1877,11478,0.0406651,-0.132744,-0.990316,2
5745,0,278,350,2732,41,200,9346,1460,10806,0.0436914,-0.115219,-0.992379,2
6742,0,258,328,2551,63,201,10143,1445,11588,0.078481,-0.121018,-0.989543,2
6049,0,270,348,2656,42,195,9560,1505,11065,0.0585891,-0.114208,-0.991728,2
5866,0,291,368,2872,46,208,9651,1421,11072,0.0663731,-0.108422,-0.991887,2
5880,0,316,393,3091,50,224,9954,1430,11384,0.0478488,-0.0908123,-0.994718,2
6103,0,330,420,3313,43,237,10446,1466,11912,0.0398454,-0.10116,-0.994072,2
5962,0,339,435,3433,45,244,10458,1458,11916,0.0325302,-0.0884891,-0.995546,2
6087,0,343,432,3534,43,247,10686,1444,12130,0.0155832,-0.0849075,-0.996267,2
5983,0,344,435,3583,47,253,10645,1645,12290,0.0351261,-0.0949647,-0.994861,2
6110,0,352,433,3695,65,254,10909,1510,12419,0.0582597,-0.0991733,-0.993363,2
5411,0,332,410,3346,54,231,9784,1295,11079,0.0309544,-0.103887,-0.994107,2
5987,0,369,453,3819,63,265,10956,1429,12385,0.0389496,-0.104299,-0.993783,2
5969,0,377,465,4003,61,270,11145,1528,12673,0.0565841,-0.128439,-0.990102,2
6030,0,407,488,3935,67,277,11204,1162,12366,0.0443839,-0.109255,-0.993022,2
6436,0,387,472,4084,44,271,11694,1491,13185,0.0789857,-0.177259,-0.98099,2
6159,0,392,495,2852,30,191,10119,1144,11263,0.0615584,-0.147827,-0.987095,2
2879,0,171,232,1763,19,121,5185,755,5940,0.0404303,-0.0930781,-0.994838,2
6257,0,445,507,4333,80,301,11923,1934,13857,0.0338592,-0.124162,-0.991684,2
6446,0,409,502,4479,80,294,12210,1837,14047,0.037818,-0.0986489,-0.994403,2
4301,0,308,345,2946,52,198,8150,1399,9549,0.0281224,-0.0886744,-0.995664,2
6291,0,386,506,4179,58,278,11698,1519,13217,0.00917216,-0.0715592,-0.997394,2
5673,0,329,409,3530,48,239,10228,1489,11717,0.00294818,-0.0926702,-0.995692,2
6361,0,382,455,3560,56,267,11081,1832,12913,0.0217786,-0.210194,-0.977417,2
5162,0,220,291,2315,34,122,8144,971,9115,0.0218654,-0.184498,-0.98259,2
2527,0,128,161,1134,20,75,4045,735,4780,0.0203847,-0.0764241,-0.996867,2
2465,0,120,150,1252,24,98,4109,1235,5344,0.0211526,-0.0236462,-0.999497,2
6920,0,298,372,3028,72,216,10906,1842,12748,0.0127775,-0.0677525,-0.997621,2
6034,0,322,371,2985,73,247,10032,2583,12615,0.0139385,-0.0995182,-0.994938,2
6140,0,278,397,2851,81,225,9972,2685,12657,0.00950854,-0.055316,-0.998424,2
4179,0,178,222,1822,48,139,6588,1533,8121,0.00706749,-0.0933838,-0.995605,2
5868,0,263,303,2384,55,172,9045,1899,10944,0.0076202,-0.0760851,-0.997072,2
7282,0,349,442,3183,109,246,11611,4343,15954,0.0258196,-0.112998,-0.99326,2
4025,0,150,190,1505,39,109,6018,2314,8332,0.0359845,-0.0829691,-0.995902,2
5817,0,218,279,2176,59,155,8704,4890,13594,0.0496899,-0.0925646,-0.994466,2
5902,0,238,328,2238,57,195,8958,3628,12586,0.0680517,-0.12538,-0.989772,2
3203,0,137,172,1370,35,100,5017,7426,12443,0.0840531,-0.13972,-0.986617,2
3857,0,179,246,1840,28,132,6282,6048,12330,0.116689,-0.128419,-0.984831,2
4904,0,250,314,2507,43,204,8222,6219,14441,0.11903,0.00274181,-0.992887,2
4635,0,289,392,2914,34,229,8493,3622,12115,0.0703065,-0.213892,-0.974324,2
5836,0,408,502,4258,41,290,11335,2116,13451,0.0714541,-0.247174,-0.966333,2
5765,0,445,552,4711,53,316,11842,1390,13232,0.0672201,-0.194961,-0.978505,2
6417,0,455,592,4977,70,483,12994,1691,14685,0.0604359,-0.19577,-0.978786,2
5710,0,460,566,4752,48,323,11859,1634,13493,0.0623217,-0.183507,-0.981041,2
5837,0,452,570,4706,49,332,11946,1662,13608,0.0441621,-0.209197,-0.976876,2
5876,0,458,605,4679,63,323,12004,1659,13663,0.0333586,-0.190043,-0.981209,2
5811,0,448,566,4933,49,327,12134,1248,13382,0.0320713,-0.227006,-0.973365,2
6188,0,455,591,4826,40,324,12424,1570,13994,0.0216867,-0.219346,-0.975406,2
5986,0,473,598,4935,44,342,12378,1667,14045,0.0125467,-0.236698,-0.971502,2
6261,0,475,605,5028,57,343,12769,1596,14365,0.0324838,-0.289208,-0.956715,2
5388,0,341,421,3212,45,180,9587,835,10422,0.0372021,-0.208368,-0.977343,2
2690,0,200,251,2185,24,142,5492,686,6178,0.0334175,-0.180052,-0.983089,2
6211,0,455,598,4869,62,327,12522,1572,14094,0.0277418,-0.178821,-0.98349,2
6147,0,454,548,4665,66,329,12209,1497,13706,0.0296824,-0.150703,-0.988133,2
6182,0,459,601,4573,77,341,12233,1561,13794,0.016954,-0.144106,-0.989417,2
6177,0,418,521,4373,83,300,11872,1678,13550,0.013322,-0.126315,-0.991901,2
6028,0,449,505,4352,76,289,11699,1685,13384,0.0070683,-0.107899,-0.994137,2
5785,0,368,526,3905,60,263,10907,1557,12464,0.00343727,-0.0983445,-0.995147,2
5776,0,349,414,3510,54,239,10342,1621,11963,0.00360891,-0.0774439,-0.99699,2
5847,0,376,419,3723,71,241,10677,1541,12218,0.00678009,-0.0695347,-0.997557,2
5937,0,335,466,3590,49,243,10620,1667,12287,0.00708387,-0.0609917,-0.998113,2
5860,0,341,423,3590,47,244,10505,1581,12086,0.00758698,-0.067848,-0.997667,2
5978,0,377,479,3683,57,245,10819,1704,12523,-0.0101403,-0.0557581,-0.998393,2
6272,0,333,464,2713,42,179,10003,1111,11114,-0.00812644,-0.0407871,-0.999135,2
3225,0,140,175,1457,21,120,5138,725,5863,0.00174314,-0.0426411,-0.999089,2
3223,0,184,228,1937,27,133,5732,811,6543,0.00189052,-0.0244342,-0.9997,2
6751,0,406,561,3992,53,237,12000,1571,13571,0.00271137,-0.0176062,-0.999841,2
5975,0,333,443,3648,51,242,10692,1517,12209,0.00559558,-0.0277702,-0.999599,2
5898,0,338,420,3724,69,401,10850,1894,12744,0.00475992,-0.0245894,-0.999686,2
5889,0,341,425,3824,69,393,10941,1964,12905,0.00483396,-0.0203249,-0.999782,2
6892,0,348,436,3772,51,250,11749,1582,13331,-0.00155154,-0.0201028,-0.999797,2
3596,0,187,230,1968,24,131,6136,819,6955,0.0086269,-0.035489,-0.999333,2
4516,0,276,350,2776,33,165,8116,791,8907,-0.00211254,-0.0288935,-0.99958,2
5902,0,351,436,3725,55,253,10722,1518,12240,-0.0011975,-0.046127,-0.998935,2
5946,0,352,441,3749,51,255,10794,1631,12425,-0.00263321,-0.0404085,-0.99918,2
5908,0,355,454,3768,48,248,10781,1640,12421,-0.00229182,-0.0520248,-0.998643,2
5803,0,346,434,3712,49,274,10618,1582,12200,-0.00258432,-0.0487577,-0.998807,2
5768,0,375,527,3668,61,253,10652,1632,12284,-0.00260186,-0.0416307,-0.99913,2
5849,0,346,434,3700,46,249,10624,1554,12178,-3.53381e-05,-0.025833,-0.999667,2
5968,0,351,434,3600,33,172,10558,1068,11626,-0.00362014,-0.0135111,-0.999902,2
6002,0,377,439,3721,61,254,10854,1503,12357,-0.0127503,-0.00586965,-0.999902,2
5848,0,351,436,2929,33,176,9773,1013,10786,-0.00657133,-0.0235751,-0.9997,2
3038,0,193,229,1943,26,135,5564,803,6367,-0.00286852,-0.0243849,-0.999699,2
5912,0,378,438,3757,54,254,10793,1539,12332,-0.0029363,-0.0137271,-0.999901,2
6320,0,355,441,3795,49,253,11213,1556,12769,-0.00584597,-0.0144751,-0.999878,2
6724,0,399,517,4240,48,272,12200,1588,13788,-0.0107255,-0.0167607,-0.999802,2
5969,0,364,466,3770,49,254,10872,1643,12515,-0.00591252,-0.030268,-0.999524,2
5936,0,367,436,3809,49,261,10858,1570,12428,-0.00735794,-0.0285982,-0.999564,2
5980,0,355,442,3851,51,256,10935,1567,12502,-0.00474524,-0.0269333,-0.999626,2
5907,0,353,434,3831,51,259,10835,1611,12446,-0.000339712,-0.0348147,-0.999394,2
5939,0,402,435,3703,60,260,10799,1613,12412,-0.0012321,-0.0330903,-0.999452,2
6038,0,348,431,3670,51,249,10787,1689,12476,0.00249032,-0.0347057,-0.999395,2
6030,0,348,445,3707,48,251,10829,1557,12386,0.00358686,-0.0339086,-0.999419,2
5952,0,345,443,3614,50,248,10652,1647,12299,0.00286047,-0.0335685,-0.999432,2
6761,0,388,501,3964,50,248,11912,1574,13486,0.00248189,-0.041947,-0.999117,2
6823,0,388,551,3642,55,254,11713,1545,13258,0.00280102,-0.0421288,-0.999108,2
6789,0,385,482,4098,48,242,12044,1754,13798,0.00459789,-0.0361539,-0.999336,2
5995,0,377,426,3425,34,170,10427,1111,11538,0.00838365,-0.0389218,-0.999207,2
4116,0,260,306,2699,33,170,7584,1124,8708,0.00776519,-0.0365136,-0.999303,2
5394,0,304,408,3298,55,218,9677,1410,11087,0.00990958,-0.0383989,-0.999213,2
7302,0,338,430,3716,47,245,12078,1662,13740,0.00658924,-0.0302966,-0.999519,2
4847,0,232,294,2451,37,129,7990,861,8851,0.00703518,-0.0348138,-0.999369,2
5975,0,338,421,3557,49,243,10583,1554,12137,0.0052601,-0.0424176,-0.999086,2
6090,0,338,422,2462,32,164,9508,1072,10580,0.00266134,-0.0414479,-0.999137,2
3076,0,177,220,1829,26,125,5453,802,6255,-0.000922429,-0.0289282,-0.999581,2
6595,0,377,471,4054,56,276,11829,1775,13604,0.00667371,-0.0425577,-0.999072,2
6034,0,338,418,3595,48,274,10707,1585,12292,0.00207477,-0.0312571,-0.999509,2
6813,0,377,471,4330,56,323,12370,1827,14197,0.00190679,-0.0417003,-0.999129,2
7010,0,398,494,3663,36,185,11786,1135,12921,0.00851983,-0.0371374,-0.999274,2
