Downsample[ns],BuildFilTree[ns],SearchFil[ns],DeleteFil[ns],BuildTreeSub[ns],SearchSub[ns],DeleteSub[ns],PreProcTotal[ns],Plane[ns],Total[ns],nx,ny,nz,planeCount
5773,0,0,0,0,1032,263,7068,1548,8616,0.0313922,-0.0112402,-0.999444,0
5318,0,0,0,0,1011,251,6580,2908,9488,0.0363012,0.0024126,-0.999338,0
5649,0,0,0,0,1105,303,7057,2666,9723,0.037607,-0.000793196,-0.999292,0
3655,0,0,0,0,647,173,4475,1945,6420,0.0171808,-0.0113565,-0.999788,0
4588,0,0,0,0,880,224,5692,2351,8043,0.0389173,-0.00224203,-0.99924,0
5186,0,0,0,0,953,268,6407,2846,9253,0.0248731,-0.0114548,-0.999625,0
5313,0,0,0,0,941,249,6503,2653,9156,0.0375861,-0.00303174,-0.999289,0
4786,0,0,0,0,826,242,5854,2368,8222,0.0322333,-0.000612998,-0.99948,0
5218,0,0,0,0,925,245,6388,2717,9105,0.0203854,-0.0115298,-0.999726,0
5197,0,0,0,0,936,262,6395,3006,9401,0.0307518,-0.0162572,-0.999395,0
5310,0,0,0,0,1035,306,6651,2924,9575,0.030633,-0.00158173,-0.999529,0
5195,0,0,0,0,952,244,6391,2656,9047,0.0324095,-0.00349311,-0.999469,0
5289,0,0,0,0,1145,242,6676,2837,9513,0.0284476,-0.0122517,-0.99952,0
5407,0,0,0,0,960,275,6642,2721,9363,0.0179819,-0.0157624,-0.999714,0
5481,0,0,0,0,1086,265,6832,2720,9552,0.033034,-0.00344536,-0.999448,0
5305,0,0,0,0,917,234,6456,2870,9326,0.026006,0.00253962,-0.999659,0
5303,0,0,0,0,1027,278,6608,2894,9502,0.0264045,-0.00981049,-0.999603,0
5408,0,0,0,0,1001,237,6646,2796,9442,0.0275608,-0.0115185,-0.999554,0
5334,0,0,0,0,987,239,6560,2970,9530,0.0379017,-0.00168258,-0.99928,0
5584,0,0,0,0,986,272,6842,2699,9541,0.0385388,-0.00301018,-0.999253,0
5338,0,0,0,0,1021,212,6571,2023,8594,0.0334359,-0.00343929,-0.999435,0
2233,0,0,0,0,433,115,2781,1138,3919,0.027485,-0.0132879,-0.999534,0
3686,0,0,0,0,675,187,4548,1904,6452,0.0419226,0.000506946,-0.999121,0
5375,0,0,0,0,986,272,6633,2835,9468,0.0264201,-0.0148882,-0.99954,0
5341,0,0,0,0,1013,255,6609,2742,9351,0.0370149,0.00131282,-0.999314,0
5246,0,0,0,0,982,252,6480,2753,9233,0.0351821,-0.00501055,-0.999368,0
5448,0,0,0,0,983,238,6669,2735,9404,0.0332029,-0.00202954,-0.999447,0
6107,0,0,0,0,1016,286,7409,2666,10075,0.0380633,-0.00551889,-0.99926,0
5311,0,0,0,0,930,243,6484,2142,8626,0.038515,-0.00556117,-0.999242,0
3332,0,0,0,0,612,174,4118,1745,5863,0.0406241,-0.00440786,-0.999165,0
5304,0,0,0,0,965,270,6539,2719,9258,0.0406237,-0.00448487,-0.999164,0
5275,0,0,0,0,958,273,6506,2752,9258,0.0407565,-0.000386336,-0.999169,0
5303,0,0,0,0,925,252,6480,2841,9321,0.0338693,-0.00716569,-0.999401,0
5269,0,0,0,0,943,238,6450,2758,9208,0.0280527,-0.0118003,-0.999537,0
5375,0,0,0,0,1016,238,6629,2875,9504,0.0204751,-0.0158183,-0.999665,0
5323,0,0,0,0,986,237,6546,2751,9297,0.0350116,-0.0061401,-0.999368,0
5234,0,0,0,0,1031,236,6501,2796,9297,0.0323034,-0.000256809,-0.999478,0
5624,0,0,0,0,908,263,6795,2734,9529,0.0332279,0.000648124,-0.999448,0
5067,0,0,0,0,630,179,5876,1917,7793,0.0305473,-0.010931,-0.999473,0
3085,0,0,0,0,509,139,3733,1653,5386,0.021341,-0.0159894,-0.999644,0
5227,0,0,0,0,967,285,6479,3236,9715,0.0276884,-0.00834093,-0.999582,0
4180,0,0,0,0,640,158,4978,1830,6808,0.0238725,-0.0128797,-0.999632,0
2745,0,0,0,0,497,121,3363,1419,4782,0.0226859,-0.0135885,-0.99965,0
5216,0,0,0,0,1076,242,6534,2804,9338,0.0258795,-0.0139731,-0.999567,0
5337,0,0,0,0,936,243,6516,2706,9222,0.0291377,-0.011899,-0.999505,0
5429,0,0,0,0,1019,269,6717,2691,9408,0.0354378,-0.00680547,-0.999349,0
5538,0,0,0,0,924,261,6723,2397,9120,0.0337267,-0.0031795,-0.999426,0
5193,0,0,0,0,899,228,6320,3002,9322,0.0340052,-0.00977491,-0.999374,0
3605,0,0,0,0,646,159,4410,1870,6280,0.0331056,-0.0102608,-0.999399,0
4680,0,0,0,0,856,264,5800,2927,8727,0.0281359,-0.01485,-0.999494,0
5273,0,0,0,0,974,239,6486,2697,9183,0.0293402,-0.0127564,-0.999488,0
5259,0,0,0,0,952,247,6458,3367,9825,0.0125062,-0.00571362,-0.999905,0
5450,0,0,0,0,955,258,6663,2678,9341,0.0386711,-0.00160247,-0.999251,0
5530,0,0,0,0,954,244,6728,2950,9678,0.0370209,0.000111642,-0.999315,0
5512,0,0,0,0,987,269,6768,2781,9549,0.0293598,-0.0119976,-0.999497,0
5420,0,0,0,0,958,269,6647,3003,9650,0.0322348,-0.00948127,-0.999435,0
5225,0,0,0,0,947,267,6439,3043,9482,0.0337566,-0.00584923,-0.999413,0
3578,0,0,0,0,632,163,4373,1918,6291,0.0329632,-0.0128889,-0.999374,0
5297,0,0,0,0,996,248,6541,2816,9357,0.0365174,-0.00176889,-0.999331,0
5282,0,0,0,0,921,234,6437,2875,9312,0.0194867,-0.00144163,-0.999809,0
5339,0,0,0,0,929,281,6549,2931,9480,0.0145588,-0.0100609,-0.999843,0
5300,0,0,0,0,903,231,6434,2844,9278,0.038327,-0.00233902,-0.999262,0
5302,0,0,0,0,967,240,6509,2909,9418,0.0348315,0.000438449,-0.999393,0
5342,0,0,0,0,903,231,6476,2813,9289,0.0294964,-0.00285018,-0.999561,0
3626,0,0,0,0,637,161,4424,1861,6285,0.0286914,-0.00712039,-0.999563,0
5309,0,0,0,0,911,232,6452,2922,9374,0.0347507,-0.00887785,-0.999356,0
5262,0,0,0,0,1020,236,6518,2741,9259,0.0352479,-0.0021093,-0.999376,0
5386,0,0,0,0,903,233,6522,2722,9244,0.0341589,-0.00309783,-0.999412,0
5408,0,0,0,0,912,257,6577,2777,9354,0.0222846,-0.00284724,-0.999748,0
5287,0,0,0,0,1012,236,6535,2666,9201,0.0386771,-0.00496896,-0.999239,0
5265,0,0,0,0,953,232,6450,2754,9204,0.0300984,-0.00732684,-0.99952,0
5233,0,0,0,0,964,274,6471,2867,9338,0.0293376,-0.0136108,-0.999477,0
5191,0,0,0,0,915,232,6338,2699,9037,0.0404241,-0.00369785,-0.999176,0
5283,0,0,0,0,906,316,6505,2790,9295,0.0288317,-0.000247294,-0.999584,0
5319,0,0,0,0,991,249,6559,2918,9477,0.0327253,-0.00113651,-0.999464,0
5367,0,0,0,0,911,247,6525,2724,9249,0.0370734,-0.00537106,-0.999298,0
6182,0,0,0,0,1002,272,7456,2685,10141,0.0359134,-0.00443566,-0.999345,0
5447,0,0,0,0,976,290,6713,2284,8997,0.0400396,-0.00914503,-0.999156,0
3636,0,0,0,0,668,164,4468,1886,6354,0.0273618,-0.0129337,-0.999542,0
3609,0,0,0,0,723,209,4541,1882,6423,0.0371956,-0.00741916,-0.99928,0
5377,0,0,0,0,1056,271,6704,2838,9542,0.0202186,-0.00445498,-0.999786,0
5195,0,0,0,0,1285,257,6737,2864,9601,0.0273207,-0.0150433,-0.999514,0
5386,0,0,0,0,978,272,6636,2826,9462,0.026078,-0.0150828,-0.999546,0
6034,0,0,0,0,931,268,7233,2824,10057,0.0394622,-0.00846393,-0.999185,0
3605,0,0,0,0,652,186,4443,1879,6322,0.0301455,-0.0145649,-0.999439,0
5235,0,0,0,0,837,242,6314,2427,8741,0.0259999,-0.0155554,-0.999541,0
4772,0,0,0,0,836,256,5864,2530,8394,0.0347494,-0.00660879,-0.999374,0
5255,0,0,0,0,930,249,6434,2678,9112,0.0281196,-0.0131431,-0.999518,0
4730,0,0,0,0,902,220,5852,2353,8205,0.0350104,-0.0104703,-0.999332,0
5676,0,0,0,0,1012,269,6957,2629,9586,0.0314045,-0.00410019,-0.999499,0
5291,0,0,0,0,932,268,6491,2579,9070,0.0276032,-0.0156035,-0.999497,0
5262,0,0,0,0,943,261,6466,2646,9112,0.0328173,-0.0124979,-0.999383,0
5209,0,0,0,0,949,245,6403,2722,9125,0.0367812,-0.0114383,-0.999258,0
5122,0,0,0,0,857,241,6220,2450,8670,0.0228397,-0.0197084,-0.999545,0
5408,0,0,0,0,944,256,6608,2691,9299,0.0356733,-0.00950474,-0.999318,0
5330,0,0,0,0,1017,231,6578,1834,8412,0.0313533,-0.0123559,-0.999432,0
2241,0,0,0,0,419,98,2758,1207,3965,0.0315811,-0.0118633,-0.999431,0
2861,0,0,0,0,542,150,3553,1547,5100,0.0226338,-0.0180777,-0.99958,0
5262,0,0,0,0,935,235,6432,2713,9145,0.028426,-0.0169305,-0.999452,0
5170,0,0,0,0,954,254,6378,2837,9215,0.0218413,-0.0104879,-0.999706,0
5334,0,0,0,0,1004,232,6570,2741,9311,0.0241426,-0.018012,-0.999546,0
5411,0,0,0,0,956,299,6666,3154,9820,0.0296592,-0.0174265,-0.999408,0
5302,0,0,0,0,841,205,6348,2304,8652,0.0260262,-0.0148817,-0.999551,0
4833,0,0,0,0,787,188,5808,2237,8045,0.0362886,-0.00424812,-0.999332,0
4718,0,0,0,0,756,186,5660,2815,8475,0.0253843,-0.0104321,-0.999623,0
5171,0,0,0,0,798,236,6205,2576,8781,0.0225462,-0.0178511,-0.999586,0
5279,0,0,0,0,825,242,6346,2693,9039,0.0234742,-0.0186601,-0.99955,0
5375,0,0,0,0,849,199,6423,2632,9055,0.0233261,-0.00143187,-0.999727,0
5681,0,0,0,0,847,227,6755,2658,9413,0.0202294,-0.0130933,-0.99971,0
5498,0,0,0,0,933,204,6635,2407,9042,0.0292837,0.00524072,-0.999557,0
4935,0,0,0,0,703,186,5824,2409,8233,0.0371072,0.0222206,-0.999064,0
5718,0,0,0,0,734,200,6652,2586,9238,0.0469922,0.0414335,-0.998036,0
4936,0,0,0,0,718,201,5855,2510,8365,0.0243177,0.0503902,-0.998433,0
5411,0,0,0,0,731,196,6338,2811,9149,0.0363541,0.0524933,-0.997959,0
5226,0,0,0,0,651,164,6041,365,6406,-0.0404217,0.132819,-0.990316,0
5187,0,0,0,0,724,219,6130,997,7127,0.0170384,0.0782171,-0.996791,0
5701,0,0,0,0,678,168,6547,2711,9258,0.0263382,0.0754973,-0.996798,0
5550,0,0,0,0,719,176,6445,2800,9245,0.0438685,0.086592,-0.995278,0
5899,0,0,0,0,614,157,6670,641,7311,0.0594022,0.131729,-0.989504,0
4815,0,0,0,0,561,142,5518,743,6261,0.0647153,0.11881,-0.990806,0
4837,0,0,0,0,562,135,5534,849,6383,0.0681675,0.103425,-0.992299,0
5057,0,0,0,0,590,152,5799,967,6766,0.0669529,0.106673,-0.992038,0
5583,0,0,0,0,526,174,6283,1212,7495,0.0661249,0.121886,-0.990339,0
4954,0,0,0,0,547,169,5670,1462,7132,0.0571585,0.114903,-0.991731,0
4884,0,0,0,0,511,157,5552,1091,6643,0.051702,0.125663,-0.990725,0
4713,0,0,0,0,517,157,5387,1405,6792,0.0622,0.114623,-0.99146,0
4811,0,0,0,0,537,131,5479,1272,6751,0.074851,0.1188,-0.990093,0
5264,0,0,0,0,546,160,5970,1826,7796,0.0653788,0.117443,-0.990925,0
4898,0,0,0,0,521,138,5557,1534,7091,0.0742703,0.136177,-0.987897,0
4830,0,0,0,0,541,147,5518,1380,6898,0.0674212,0.142104,-0.987553,0
4733,0,0,0,0,550,156,5439,1533,6972,0.0635171,0.150299,-0.986598,0
4704,0,0,0,0,536,130,5370,1530,6900,0.0688236,0.141691,-0.987516,0
4797,0,0,0,0,505,146,5448,1497,6945,0.054105,0.141016,-0.988528,0
4615,0,0,0,0,469,122,5206,1775,6981,0.0615443,0.135227,-0.988902,0
4735,0,0,0,0,404,107,5246,1808,7054,0.0624489,0.12585,-0.990082,0
3865,0,0,0,0,324,89,4278,1514,5792,0.0353641,0.128046,-0.991137,0
3999,0,0,0,0,302,96,4397,1988,6385,0.0383172,0.108551,-0.993352,0
3805,0,0,0,0,320,96,4221,1924,6145,0.0405892,0.136386,-0.989824,0
4851,0,0,0,0,333,82,5266,2313,7579,0.0383322,0.128167,-0.991012,0
4701,0,0,0,0,337,114,5152,2512,7664,0.0515028,0.125321,-0.990779,0
4327,0,0,0,0,391,120,4838,2274,7112,0.0422385,0.135927,-0.989818,0
2950,0,0,0,0,289,89,3328,1428,4756,0.0329795,0.119001,-0.992346,0
4715,0,0,0,0,454,121,5290,2199,7489,0.012033,0.131937,-0.991185,0
4606,0,0,0,0,549,153,5308,1908,7216,0.00422963,0.132447,-0.991181,0
4607,0,0,0,0,625,175,5407,1626,7033,-0.000983536,0.211289,-0.977423,0
4801,0,0,0,0,675,176,5652,1819,7471,0.00982514,0.213692,-0.976852,0
4904,0,0,0,0,781,209,5894,1934,7828,0.0310039,0.191209,-0.981059,0
4936,0,0,0,0,942,213,6091,1708,7799,0.0395641,0.180178,-0.982838,0
5135,0,0,0,0,899,241,6275,1905,8180,0.0345434,0.20781,-0.977559,0
5181,0,0,0,0,1025,295,6501,1695,8196,0.0221315,0.149379,-0.988532,0
5411,0,0,0,0,1134,282,6827,2276,9103,0.0405806,0.14981,-0.987882,0
5399,0,0,0,0,1344,326,7069,2873,9942,0.052334,0.143515,-0.988263,0
5689,0,0,0,0,1413,317,7419,3274,10693,0.0502803,0.160124,-0.985816,0
5745,0,0,0,0,1465,355,7565,3765,11330,0.0345439,0.21365,-0.976299,0
6095,0,0,0,0,1605,405,8105,2993,11098,0.0272631,0.164504,-0.986,0
3033,0,0,0,0,656,167,3856,2168,6024,0.0316365,0.110301,-0.993395,0
3478,0,0,0,0,821,210,4509,3188,7697,0.0238089,0.122881,-0.992136,0
6483,0,0,0,0,1482,376,8341,5647,13988,0.0112613,0.141826,-0.989828,0
2767,0,0,0,0,615,146,3528,2379,5907,-0.00216981,0.217315,-0.976099,0
3800,0,0,0,0,845,197,4842,3526,8368,0.00424008,0.177647,-0.984085,0
3853,0,0,0,0,800,195,4848,3435,8283,0.0068328,0.130027,-0.991487,0
6126,0,0,0,0,1287,311,7724,5419,13143,-0.00600871,0.149783,-0.988701,0
3882,0,0,0,0,747,283,4912,3943,8855,-0.010369,0.137219,-0.990486,0
6070,0,0,0,0,1101,294,7465,5987,13452,-0.0166167,0.209796,-0.977604,0
3102,0,0,0,0,551,145,3798,2486,6284,-0.0151779,0.169456,-0.985421,0
3019,0,0,0,0,493,125,3637,2017,5654,-0.0135531,0.106224,-0.99425,0
2478,0,0,0,0,456,120,3054,1836,4890,-0.0172293,0.106891,-0.994121,0
5828,0,0,0,0,1067,272,7167,3835,11002,-0.0214862,0.126333,-0.991755,0
5655,0,0,0,0,1002,261,6918,3454,10372,-0.0231242,0.134492,-0.990645,0
5511,0,0,0,0,1001,282,6794,3225,10019,-0.0143005,0.130183,-0.991387,0
5410,0,0,0,0,994,270,6674,2816,9490,-0.00308114,0.104362,-0.994535,0
5280,0,0,0,0,933,230,6443,2615,9058,-0.00738576,0.117812,-0.993009,0
4960,0,0,0,0,864,237,6061,2591,8652,-0.0110274,0.104327,-0.994482,0
4973,0,0,0,0,889,241,6103,2596,8699,-0.0212111,0.117719,-0.99282,0
4666,0,0,0,0,770,197,5633,2471,8104,-0.0252415,0.0872702,-0.995865,0
4579,0,0,0,0,818,236,5633,2422,8055,-0.0289358,0.102615,-0.9943,0
4576,0,0,0,0,777,227,5580,2307,7887,-0.0194872,0.108895,-0.993862,0
4503,0,0,0,0,802,222,5527,2032,7559,0.0124184,0.107616,-0.994115,0
4513,0,0,0,0,794,218,5525,1785,7310,0.01138,0.151261,-0.988429,0
4449,0,0,0,0,807,204,5460,1645,7105,0.0457385,0.144997,-0.988375,0
4466,0,0,0,0,914,214,5594,1588,7182,0.0371352,0.166729,-0.985303,0
4520,0,0,0,0,821,219,5560,1511,7071,0.0106101,0.198525,-0.980038,0
3164,0,0,0,0,581,156,3901,881,4782,0.0247185,0.17787,-0.983744,0
4869,0,0,0,0,869,253,5991,1539,7530,0.0199689,0.213594,-0.976718,0
5178,0,0,0,0,939,298,6415,1124,7539,0.0223781,0.186894,-0.982125,0
4559,0,0,0,0,895,218,5672,920,6592,0.0282723,0.167855,-0.985406,0
4936,0,0,0,0,960,244,6140,1157,7297,0.0133999,0.137026,-0.990477,0
5043,0,0,0,0,990,241,6274,530,6804,0.0161307,0.110297,-0.993768,0
4866,0,0,0,0,1268,314,6448,557,7005,0.0121105,0.135056,-0.990764,0
5072,0,0,0,0,954,241,6267,486,6753,0.0257684,0.157072,-0.987251,0
5930,0,0,0,0,963,276,7169,832,8001,0.0388405,0.13891,-0.989543,0
5120,0,0,0,0,981,247,6348,690,7038,0.0234198,0.173098,-0.984626,0
4581,0,0,0,0,868,222,5671,473,6144,0.000315205,0.213171,-0.977015,0
5186,0,0,0,0,956,224,6366,963,7329,-0.0860291,0.155557,-0.984074,0
5113,0,0,0,0,983,271,6367,810,7177,-0.0863077,0.23935,-0.96709,0
4885,0,0,0,0,902,254,6041,772,6813,-0.0837384,0.228905,-0.96984,0
5199,0,0,0,0,952,238,6389,790,7179,-0.0681861,0.224147,-0.972167,0
5002,0,0,0,0,998,275,6275,730,7005,-0.0627131,0.227219,-0.971823,0
5139,0,0,0,0,936,259,6334,854,7188,-0.0488813,0.238074,-0.970016,0
5194,0,0,0,0,904,254,6352,916,7268,-0.0456127,0.253206,-0.966336,0
4890,0,0,0,0,771,188,5849,1021,6870,-0.0416947,0.255458,-0.965921,0
4579,0,0,0,0,707,206,5492,1106,6598,-0.0367835,0.250555,-0.967403,0
4616,0,0,0,0,680,198,5494,1313,6807,-0.0534682,0.262181,-0.963536,0
4640,0,0,0,0,726,199,5565,1467,7032,-0.0583752,0.273705,-0.960041,0
4969,0,0,0,0,672,188,5829,1119,6948,-0.0887921,0.242796,-0.966005,0
4749,0,0,0,0,840,223,5812,953,6765,-0.0878413,0.271464,-0.958432,0
4699,0,0,0,0,809,204,5712,681,6393,-0.0743423,0.23683,-0.968703,0
5261,0,0,0,0,970,285,6516,848,7364,-0.07973,0.210128,-0.974417,0
5503,0,0,0,0,956,231,6690,640,7330,-0.0154988,0.0718571,-0.997295,0
5099,0,0,0,0,852,223,6174,1817,7991,0.0129461,0.166925,-0.985885,0
4951,0,0,0,0,858,202,6011,490,6501,0.0175864,0.212421,-0.97702,0
4902,0,0,0,0,671,174,5747,541,6288,0.0148381,0.298489,-0.954298,0
4698,0,0,0,0,650,154,5502,531,6033,-0.00634108,0.23386,-0.97225,0
4886,0,0,0,0,590,163,5639,981,6620,0.0125306,0.210961,-0.977414,0
5026,0,0,0,0,784,217,6027,1116,7143,0.0425586,0.239386,-0.969991,0
4534,0,0,0,0,489,133,5156,859,6015,0.0801202,0.147177,-0.98586,0
3055,0,0,0,0,424,117,3596,962,4558,0.0710299,0.127441,-0.989299,0
4636,0,0,0,0,553,135,5324,1451,6775,0.0800763,0.135162,-0.987582,0
4742,0,0,0,0,495,162,5399,1334,6733,0.061783,0.167313,-0.983966,0
4725,0,0,0,0,556,122,5403,1333,6736,0.0666827,0.192384,-0.979052,0
5066,0,0,0,0,475,128,5669,1504,7173,0.0498156,0.190908,-0.980343,0
4500,0,0,0,0,405,104,5009,1444,6453,0.0439202,0.183163,-0.982101,0
4449,0,0,0,0,364,115,4928,1828,6756,0.0247297,0.168194,-0.985444,0
5344,0,0,0,0,385,128,5857,1957,7814,0.0307969,0.15799,-0.98696,0
4860,0,0,0,0,389,106,5355,2200,7555,0.0309223,0.152831,-0.987768,0
4643,0,0,0,0,373,104,5120,2011,7131,0.0321674,0.131743,-0.990762,0
4720,0,0,0,0,413,106,5239,1927,7166,0.0242113,0.163687,-0.986215,0
4679,0,0,0,0,399,110,5188,1831,7019,0.0279069,0.148966,-0.988449,0
4823,0,0,0,0,464,126,5413,1874,7287,0.0598073,0.138279,-0.988586,0
4898,0,0,0,0,551,174,5623,1594,7217,0.0384199,0.183707,-0.98223,0
4904,0,0,0,0,867,234,6005,2205,8210,0.0550307,0.151978,-0.986851,0
4580,0,0,0,0,568,150,5298,1551,6849,0.0115035,0.235814,-0.97173,0
4181,0,0,0,0,481,140,4802,1136,5938,0.00985505,0.189715,-0.98179,0
3268,0,0,0,0,517,133,3918,1082,5000,-0.00243954,0.173777,-0.984782,0
5116,0,0,0,0,903,226,6245,1420,7665,0.00656922,0.11131,-0.993764,0
5153,0,0,0,0,963,269,6385,2100,8485,-0.0193805,0.191425,-0.981316,0
3602,0,0,0,0,769,183,4554,943,5497,0.00671735,0.135317,-0.99078,0
5334,0,0,0,0,1196,331,6861,1783,8644,0.012722,0.130608,-0.991352,0
5936,0,0,0,0,1476,362,7774,2466,10240,0.0283012,0.129883,-0.991125,0
5853,0,0,0,0,1295,306,7454,3413,10867,0.0125411,0.125942,-0.991959,0
5807,0,0,0,0,1254,301,7362,3541,10903,0.000869684,0.113423,-0.993546,0
6477,0,0,0,0,1370,329,8176,4515,12691,-0.016335,0.110385,-0.993755,0
6171,0,0,0,0,1082,249,7502,3325,10827,-0.0226957,0.116409,-0.992942,0
3195,0,0,0,0,659,164,4018,2491,6509,-0.0191101,0.0738605,-0.997086,0
5528,0,0,0,0,1146,250,6924,4943,11867,-0.0206364,0.119764,-0.992588,0
5161,0,0,0,0,1006,238,6405,4798,11203,-0.0238245,0.101981,-0.994501,0
5013,0,0,0,0,1222,249,6484,4565,11049,-0.0122089,0.129325,-0.991527,0
5245,0,0,0,0,934,237,6416,3520,9936,-0.0141927,0.125646,-0.991974,0
5277,0,0,0,0,985,245,6507,3990,10497,-0.0105257,0.126794,-0.991873,0
5073,0,0,0,0,995,262,6330,3637,9967,-0.0176109,0.136418,-0.990495,0
5405,0,0,0,0,1037,275,6717,3937,10654,-0.0118038,0.134266,-0.990875,0
5107,0,0,0,0,965,266,6338,2782,9120,-0.0136731,0.123825,-0.99221,0
2760,0,0,0,0,540,147,3447,1773,5220,-0.0146688,0.117293,-0.992989,0
5547,0,0,0,0,1027,271,6845,3259,10104,0.00711675,0.225266,-0.974271,0
5325,0,0,0,0,978,258,6561,2165,8726,0.00258445,0.181806,-0.983331,0
2718,0,0,0,0,512,129,3359,1599,4958,-0.00210272,0.146959,-0.989141,0
4962,0,0,0,0,937,320,6219,2662,8881,0.00774138,0.182867,-0.983107,0
4939,0,0,0,0,955,268,6162,2650,8812,0.00264347,0.214631,-0.976692,0
4959,0,0,0,0,969,271,6199,2383,8582,-0.00497535,0.240237,-0.970702,0
4913,0,0,0,0,1036,274,6223,1986,8209,-0.0127035,0.287365,-0.957737,0
4905,0,0,0,0,1051,282,6238,1701,7939,-0.0245384,0.310348,-0.950306,0
4946,0,0,0,0,1091,246,6283,1442,7725,-0.0333137,0.319137,-0.947123,0
5426,0,0,0,0,1328,191,6945,805,7750,-0.031918,0.325316,-0.945067,0
2670,0,0,0,0,522,142,3334,480,3814,-0.0290679,0.328145,-0.94418,0
5758,0,0,0,0,1061,285,7104,1261,8365,0.0489914,0.310799,-0.949212,0
5135,0,0,0,0,1123,270,6528,1533,8061,0.0532867,0.274582,-0.960086,0
5097,0,0,0,0,1027,272,6396,1684,8080,0.0479545,0.26103,-0.964139,0
5315,0,0,0,0,925,231,6471,1425,7896,0.0264143,0.409371,-0.911985,0
7529,0,0,0,0,942,267,8738,1522,10260,0.00333445,0.357285,-0.93399,0
5106,0,0,0,0,1299,322,6727,1598,8325,0.00164161,0.30857,-0.951201,0
3396,0,0,0,0,623,164,4183,497,4680,-0.0455321,0.330405,-0.94274,0
5082,0,0,0,0,785,217,6084,906,6990,-0.0795943,0.35825,-0.930227,0
4741,0,0,0,0,830,228,5799,780,6579,-0.0594849,0.326551,-0.943306,0
4450,0,0,0,0,695,180,5325,789,6114,-0.0168202,0.273657,-0.96168,0
4546,0,0,0,0,599,146,5291,508,5799,0.0332126,0.233339,-0.971828,0
5134,0,0,0,0,626,182,5942,1559,7501,0.0290668,0.252616,-0.96713,0
5268,0,0,0,0,621,183,6072,711,6783,0.0212732,0.236321,-0.971443,0
5008,0,0,0,0,451,124,5583,483,6066,0.00884598,0.189141,-0.98191,0
4773,0,0,0,0,550,134,5457,1183,6640,0.00599969,0.146343,-0.989216,0
4699,0,0,0,0,475,125,5299,1336,6635,0.0164472,0.20869,-0.977844,0
5264,0,0,0,0,681,169,6114,2109,8223,0.024361,0.20861,-0.977696,0
4665,0,0,0,0,484,127,5276,2000,7276,0.0240819,0.17921,-0.983516,0
4788,0,0,0,0,495,122,5405,2247,7652,0.0222369,0.179915,-0.983431,0
4662,0,0,0,0,518,122,5302,2376,7678,0.0169387,0.154429,-0.987859,0
4673,0,0,0,0,518,128,5319,2404,7723,0.0180943,0.140118,-0.98997,0
4964,0,0,0,0,557,137,5658,2253,7911,0.0234792,0.156345,-0.987423,0
4765,0,0,0,0,629,143,5537,2328,7865,0.0284355,0.142166,-0.989434,0
4917,0,0,0,0,633,185,5735,2036,7771,0.0333868,0.164161,-0.985868,0
5003,0,0,0,0,678,187,5868,1895,7763,0.0239728,0.18213,-0.982982,0
5070,0,0,0,0,687,185,5942,1703,7645,0.0397468,0.179888,-0.982884,0
5040,0,0,0,0,760,211,6011,1552,7563,0.0177907,0.191169,-0.981396,0
5118,0,0,0,0,800,253,6171,1662,7833,0.009368,0.201144,-0.979517,0
5372,0,0,0,0,1074,226,6672,1759,8431,0.0104464,0.119142,-0.992822,0
5242,0,0,0,0,883,247,6372,2174,8546,0.0128922,0.128756,-0.991593,0
5063,0,0,0,0,914,230,6207,2228,8435,0.0181216,0.114623,-0.993244,0
5353,0,0,0,0,988,259,6600,2170,8770,0.0542806,0.144898,-0.987957,0
6081,0,0,0,0,1347,313,7741,2411,10152,0.0678412,0.119569,-0.990506,0
5239,0,0,0,0,1044,252,6535,2555,9090,-0.00756331,0.123485,-0.992318,0
2900,0,0,0,0,648,149,3697,997,4694,0.0807552,0.058285,-0.995028,0
6597,0,0,0,0,1479,346,8422,3473,11895,0.037136,0.0938592,-0.994893,0
5549,0,0,0,0,1140,286,6975,3690,10665,-0.00240532,0.0355297,-0.999366,0
5383,0,0,0,0,1004,245,6632,5467,12099,-0.0255616,0.0158162,-0.999548,0
3806,0,0,0,0,650,159,4615,3267,7882,-0.0172409,0.0136545,-0.999758,0
4489,0,0,0,0,768,211,5468,3681,9149,-0.0312513,0.00847656,-0.999476,0
4481,0,0,0,0,878,207,5566,3339,8905,-0.00534867,0.0573728,-0.998339,0
5578,0,0,0,0,819,222,6619,3311,9930,-0.000661487,0.016424,-0.999865,0
4856,0,0,0,0,883,198,5937,3347,9284,0.0129939,0.0998797,-0.994915,0
5016,0,0,0,0,836,199,6051,3108,9159,-0.00943506,0.0294864,-0.999521,0
6296,0,0,0,0,976,239,7511,3360,10871,-0.00674821,0.0921751,-0.99572,0
6566,0,0,0,0,997,262,7825,3244,11069,-0.0223135,0.0751542,-0.996922,0
4933,0,0,0,0,850,235,6018,2096,8114,-0.0177216,0.057817,-0.99817,0
2722,0,0,0,0,451,113,3286,1508,4794,-0.0173767,0.0361957,-0.999194,0
5525,0,0,0,0,942,231,6698,2980,9678,-0.0116542,0.0488652,-0.998737,0
5943,0,0,0,0,1060,290,7293,3028,10321,-0.0134738,0.042755,-0.998995,0
5379,0,0,0,0,933,246,6558,2796,9354,-0.0131837,0.033885,-0.999339,0
5335,0,0,0,0,994,283,6612,2718,9330,-0.00842203,0.0646782,-0.997871,0
5321,0,0,0,0,964,238,6523,2667,9190,-0.0105309,0.074377,-0.997175,0
6000,0,0,0,0,959,244,7203,2749,9952,-0.010525,0.179165,-0.983763,0
4975,0,0,0,0,999,272,6246,2614,8860,-0.00993275,0.135857,-0.990679,0
3431,0,0,0,0,680,190,4301,1489,5790,-0.0112552,0.0908133,-0.995804,0
2064,0,0,0,0,432,118,2614,1089,3703,-0.0115159,0.111355,-0.993714,0
5040,0,0,0,0,969,268,6277,2382,8659,-0.00837738,0.137094,-0.990523,0
4869,0,0,0,0,1022,239,6130,2052,8182,0.00228754,0.339865,-0.940472,0
4946,0,0,0,0,978,246,6170,1823,7993,0.00916499,0.317761,-0.948127,0
5041,0,0,0,0,939,272,6252,1572,7824,0.00350047,0.284911,-0.958548,0
3405,0,0,0,0,644,170,4219,1076,5295,0.00136809,0.258425,-0.966031,0
5026,0,0,0,0,1041,269,6336,1506,7842,-0.0119654,0.245586,-0.969301,0
4792,0,0,0,0,933,266,5991,1494,7485,0.0186892,0.251914,-0.967569,0
4965,0,0,0,0,978,276,6219,1400,7619,0.0290164,0.265285,-0.963733,0
4404,0,0,0,0,839,234,5477,1330,6807,0.0288827,0.268394,-0.962876,0
5121,0,0,0,0,995,235,6351,1688,8039,0.0344291,0.260919,-0.964746,0
5045,0,0,0,0,921,227,6193,2116,8309,0.0476804,0.22239,-0.973791,0
4483,0,0,0,0,816,198,5497,1802,7299,0.0351483,0.185594,-0.981998,0
4980,0,0,0,0,817,196,5993,1874,7867,0.0158895,0.160623,-0.986888,0
5599,0,0,0,0,939,258,6796,2132,8928,-0.00315767,0.180586,-0.983554,0
5008,0,0,0,0,943,222,6173,2395,8568,-0.00896505,0.170032,-0.985398,0
4646,0,0,0,0,1136,236,6018,2270,8288,0.0072601,0.170647,-0.985305,0
5198,0,0,0,0,990,245,6433,2415,8848,0.0324741,0.152712,-0.987737,0
5664,0,0,0,0,1109,247,7020,2277,9297,0.0467352,0.163883,-0.985372,0
5223,0,0,0,0,983,294,6500,2452,8952,0.0358748,0.147987,-0.988339,0
5109,0,0,0,0,1073,267,6449,2004,8453,0.0283748,0.141943,-0.989468,0
5091,0,0,0,0,1016,236,6343,2300,8643,0.0242732,0.131676,-0.990995,0
5274,0,0,0,0,1038,271,6583,2083,8666,0.0240031,0.125109,-0.991852,0
5202,0,0,0,0,1020,258,6480,1747,8227,0.030684,0.115762,-0.992803,0
5217,0,0,0,0,1090,268,6575,894,7469,0.0296871,0.117965,-0.992574,0
4741,0,0,0,0,867,208,5816,879,6695,0.0296863,0.125852,-0.991604,0
5105,0,0,0,0,1033,244,6382,1577,7959,0.0266833,0.132644,-0.990804,0
5129,0,0,0,0,969,236,6334,2177,8511,0.0325557,0.131134,-0.99083,0
5230,0,0,0,0,948,236,6414,2044,8458,0.0460544,0.127796,-0.990731,0
5136,0,0,0,0,974,247,6357,1667,8024,0.0529993,0.126418,-0.99056,0
5086,0,0,0,0,921,256,6263,1651,7914,0.0467287,0.130271,-0.990376,0
5122,0,0,0,0,921,236,6279,1888,8167,0.0499622,0.126265,-0.990738,0
4843,0,0,0,0,817,214,5874,1361,7235,0.0508067,0.108817,-0.992763,0
5309,0,0,0,0,870,216,6395,1300,7695,0.060219,0.0966006,-0.9935,0
5210,0,0,0,0,886,273,6369,1048,7417,0.0579232,0.0907354,-0.994189,0
4666,0,0,0,0,775,190,5631,675,6306,0.0400842,0.0630029,-0.997208,0
5174,0,0,0,0,855,216,6245,3881,10126,0.0278872,0.0956793,-0.995021,0
5183,0,0,0,0,854,211,6248,577,6825,0.0178306,0.0797382,-0.996656,0
5249,0,0,0,0,910,219,6378,407,6785,0.0310504,0.0222148,-0.999271,0
5134,0,0,0,0,847,218,6199,4081,10280,0.0284923,0.123079,-0.991988,0
5114,0,0,0,0,932,217,6263,1626,7889,0.0212217,0.122536,-0.992237,0
5219,0,0,0,0,882,229,6330,1892,8222,0.0214574,0.129795,-0.991308,0
5120,0,0,0,0,879,220,6219,2137,8356,0.0144819,0.131846,-0.991165,0
5268,0,0,0,0,894,251,6413,2287,8700,0.0202035,0.126823,-0.99172,0
5105,0,0,0,0,903,253,6261,2068,8329,0.0246681,0.120683,-0.992385,0
5140,0,0,0,0,866,215,6221,2049,8270,0.0188526,0.116438,-0.993019,0
5043,0,0,0,0,875,225,6143,1882,8025,0.0175722,0.115857,-0.993111,0
5253,0,0,0,0,868,217,6338,1908,8246,0.0222129,0.112497,-0.993404,0
5287,0,0,0,0,900,218,6405,1405,7810,0.0209902,0.108565,-0.993868,0
5069,0,0,0,0,866,216,6151,1232,7383,0.0186606,0.1096,-0.993801,0
5123,0,0,0,0,919,237,6279,1432,7711,0.0176877,0.11051,-0.993718,0
5307,0,0,0,0,870,216,6393,1486,7879,0.0156367,0.110552,-0.993747,0
5178,0,0,0,0,897,218,6293,1464,7757,0.0190633,0.11078,-0.993662,0
5058,0,0,0,0,957,279,6294,1474,7768,0.0236959,0.110959,-0.993542,0
5177,0,0,0,0,930,217,6324,1132,7456,0.0253277,0.107047,-0.993931,0
5405,0,0,0,0,854,211,6470,821,7291,0.0204127,0.108764,-0.993858,0
5213,0,0,0,0,864,225,6302,635,6937,0.0219463,0.106417,-0.994079,0
3462,0,0,0,0,599,158,4219,607,4826,0.0235889,0.104871,-0.994206,0
5447,0,0,0,0,893,250,6590,798,7388,0.0242809,0.103743,-0.994308,0
5059,0,0,0,0,962,264,6285,609,6894,0.0248632,0.1002,-0.994657,0
5447,0,0,0,0,898,216,6561,510,7071,0.0250263,0.101416,-0.994529,0
5137,0,0,0,0,859,213,6209,509,6718,0.0271218,0.094608,-0.995145,0
5197,0,0,0,0,1320,264,6781,3330,10111,0.0251498,0.11804,-0.992691,0
4502,0,0,0,0,774,220,5496,1486,6982,0.0235065,0.114944,-0.993094,0
5086,0,0,0,0,883,215,6184,1571,7755,0.0216836,0.113614,-0.993288,0
5032,0,0,0,0,856,214,6102,1799,7901,0.0223303,0.113826,-0.99325,0
5129,0,0,0,0,913,251,6293,1545,7838,0.0209563,0.113915,-0.993269,0
5110,0,0,0,0,931,255,6296,1427,7723,0.0238,0.107082,-0.993965,0
5025,0,0,0,0,920,252,6197,963,7160,0.0229476,0.103822,-0.994331,0
5066,0,0,0,0,920,232,6218,759,6977,0.0234629,0.100904,-0.994619,0
5143,0,0,0,0,979,230,6352,597,6949,0.0240702,0.10051,-0.994645,0
5010,0,0,0,0,904,226,6140,564,6704,0.024576,0.102241,-0.994456,0
5042,0,0,0,0,1118,322,6482,719,7201,0.0262701,0.0999783,-0.994643,0
5213,0,0,0,0,894,228,6335,523,6858,0.0262861,0.10062,-0.994578,0
5130,0,0,0,0,928,212,6270,512,6782,0.0271223,0.100909,-0.994526,0
5109,0,0,0,0,858,269,6236,523,6759,0.0264858,0.102141,-0.994417,0
5187,0,0,0,0,903,242,6332,633,6965,0.0268741,0.0971305,-0.994909,0
5252,0,0,0,0,900,222,6374,3927,10301,0.0334835,0.127354,-0.991292,0
5399,0,0,0,0,1051,225,6675,1968,8643,0.0319469,0.112867,-0.993096,0
5120,0,0,0,0,915,215,6250,1036,7286,0.0233119,0.115431,-0.993042,0
5138,0,0,0,0,906,249,6293,1511,7804,0.025476,0.113888,-0.993167,0
5746,0,0,0,0,1105,220,7071,1395,8466,0.0222664,0.11454,-0.993169,0
5129,0,0,0,0,857,221,6207,1523,7730,0.0214889,0.113784,-0.993273,0
5176,0,0,0,0,914,215,6305,1554,7859,0.0206525,0.110256,-0.993689,0
5200,0,0,0,0,912,217,6329,1407,7736,0.0213376,0.109804,-0.993724,0
5198,0,0,0,0,966,258,6422,1356,7778,0.0213009,0.109598,-0.993748,0
5211,0,0,0,0,941,256,6408,1207,7615,0.0231372,0.109294,-0.99374,0
4881,0,0,0,0,948,242,6071,1260,7331,0.022412,0.109899,-0.99369,0
5054,0,0,0,0,906,223,6183,1419,7602,0.0225629,0.109261,-0.993757,0
5258,0,0,0,0,966,244,6468,1211,7679,0.0212651,0.10716,-0.994014,0
5218,0,0,0,0,924,239,6381,1241,7622,0.0212132,0.104738,-0.994274,0
5071,0,0,0,0,951,255,6277,916,7193,0.0215356,0.103336,-0.994413,0
5130,0,0,0,0,901,238,6269,774,7043,0.0224548,0.100616,-0.994672,0
4893,0,0,0,0,804,213,5910,649,6559,0.0245933,0.0949807,-0.995175,0
5160,0,0,0,0,879,278,6317,4372,10689,0.014538,0.118806,-0.992811,0
5072,0,0,0,0,1220,216,6508,2139,8647,0.0192268,0.112909,-0.993419,0
4494,0,0,0,0,823,226,5543,1517,7060,0.0195254,0.113939,-0.993296,0
5209,0,0,0,0,904,245,6358,1765,8123,0.0180233,0.115754,-0.993114,0
5490,0,0,0,0,1012,257,6759,1973,8732,0.0173373,0.115034,-0.99321,0
5981,0,0,0,0,1071,277,7329,1854,9183,0.0155757,0.110619,-0.993741,0
5166,0,0,0,0,912,221,6299,1731,8030,0.0164294,0.111154,-0.993667,0
7628,0,0,0,0,929,228,8785,1403,10188,0.0187839,0.115342,-0.993148,0
2726,0,0,0,0,476,132,3334,945,4279,0.0201423,0.115037,-0.993157,0
4772,0,0,0,0,784,196,5752,1674,7426,0.0213577,0.115189,-0.993114,0
4790,0,0,0,0,1075,196,6061,1479,7540,0.0218415,0.111441,-0.993531,0
5221,0,0,0,0,904,249,6374,1436,7810,0.0235239,0.105498,-0.994141,0
5233,0,0,0,0,917,270,6420,980,7400,0.0239124,0.103982,-0.994292,0
5073,0,0,0,0,909,242,6224,776,7000,0.0230545,0.102986,-0.994415,0
6113,0,0,0,0,942,216,7271,779,8050,0.0233244,0.0996571,-0.994748,0
4780,0,0,0,0,896,218,5894,473,6367,0.0233152,0.0979548,-0.994918,0
5007,0,0,0,0,861,225,6093,578,6671,0.0233643,0.0969089,-0.995019,0
5547,0,0,0,0,819,204,6570,597,7167,0.0245913,0.0948479,-0.995188,0
5790,0,0,0,0,960,214,6964,494,7458,0.02503,0.0920059,-0.995444,0
5786,0,0,0,0,976,269,7031,4205,11236,0.0360137,0.103626,-0.993964,0
4957,0,0,0,0,949,255,6161,616,6777,0.0349841,0.101806,-0.994189,0
6091,0,0,0,0,867,214,7172,547,7719,0.0368005,0.101722,-0.994132,0
5243,0,0,0,0,943,252,6438,589,7027,0.0332133,0.103609,-0.994063,0
5166,0,0,0,0,939,248,6353,628,6981,0.0350068,0.10347,-0.994017,0
5161,0,0,0,0,959,264,6384,653,7037,0.0305277,0.105864,-0.993912,0
5066,0,0,0,0,920,248,6234,804,7038,0.027961,0.103056,-0.994283,0
4760,0,0,0,0,807,229,5796,618,6414,0.0255964,0.10365,-0.994284,0
5196,0,0,0,0,902,219,6317,813,7130,0.0243286,0.102085,-0.994478,0
5585,0,0,0,0,925,250,6760,737,7497,0.0238722,0.100161,-0.994685,0
5201,0,0,0,0,870,242,6313,615,6928,0.0249084,0.0981782,-0.994857,0
5497,0,0,0,0,864,266,6627,646,7273,0.0249666,0.0972663,-0.994945,0
5098,0,0,0,0,870,189,6157,472,6629,0.0256302,0.0919594,-0.995433,0
5134,0,0,0,0,918,221,6273,4049,10322,0.0361775,0.100843,-0.994244,0
5031,0,0,0,0,960,214,6205,647,6852,0.0353191,0.0999724,-0.994363,0
5036,0,0,0,0,920,223,6179,680,6859,0.0312626,0.1028,-0.994211,0
5103,0,0,0,0,908,249,6260,698,6958,0.0293904,0.100648,-0.994488,0
5119,0,0,0,0,855,214,6188,614,6802,0.0288114,0.0979329,-0.994776,0
5575,0,0,0,0,899,248,6722,495,7217,0.0301798,0.0970125,-0.994826,0
5177,0,0,0,0,867,214,6258,493,6751,0.0302119,0.0960506,-0.994918,0
5210,0,0,0,0,934,249,6393,498,6891,0.0292454,0.0967515,-0.994879,1
5084,0,0,0,0,951,244,6279,510,6789,0.0253207,0.0974283,-0.99492,1
5017,0,0,0,0,1243,313,6573,609,7182,0.0248204,0.0965693,-0.995017,1
5191,0,0,0,0,862,213,6266,545,6811,0.0265043,0.0921661,-0.995391,1
5140,0,0,0,0,860,219,6219,4175,10394,0.0316637,0.124064,-0.991769,1
5110,0,0,0,0,989,244,6343,1958,8301,0.03282,0.108201,-0.993587,1
5088,0,0,0,0,994,217,6299,943,7242,0.0240779,0.107238,-0.993942,1
4991,0,0,0,0,882,268,6141,1295,7436,0.0215092,0.107383,-0.993985,1
5190,0,0,0,0,858,227,6275,1257,7532,0.0207276,0.106561,-0.99409,1
5118,0,0,0,0,863,224,6205,1264,7469,0.0200577,0.105532,-0.994213,1
5065,0,0,0,0,924,226,6215,1146,7361,0.0193296,0.105347,-0.994248,1
4997,0,0,0,0,864,226,6087,1222,7309,0.0203367,0.106761,-0.994077,1
5220,0,0,0,0,866,226,6312,1211,7523,0.0205207,0.105817,-0.994174,1
5092,0,0,0,0,940,230,6262,1158,7420,0.0203688,0.106257,-0.99413,1
5108,0,0,0,0,864,229,6201,1160,7361,0.0197231,0.10884,-0.993864,1
5299,0,0,0,0,876,248,6423,1487,7910,0.0202353,0.107221,-0.994029,1
5222,0,0,0,0,895,240,6357,1393,7750,0.0209849,0.104966,-0.994254,1
5456,0,0,0,0,927,245,6628,1166,7794,0.0213195,0.102842,-0.994469,1
5067,0,0,0,0,973,249,6289,1102,7391,0.0209125,0.102443,-0.994519,1
5238,0,0,0,0,899,247,6384,1029,7413,0.0206436,0.101451,-0.994626,1
5189,0,0,0,0,925,246,6360,964,7324,0.0211889,0.101055,-0.994655,1
5073,0,0,0,0,867,212,6152,942,7094,0.0213856,0.100424,-0.994715,1
5067,0,0,0,0,934,220,6221,871,7092,0.0214706,0.0996985,-0.994786,1
5132,0,0,0,0,905,239,6276,802,7078,0.0214817,0.0986938,-0.994886,1
5037,0,0,0,0,909,211,6157,766,6923,0.0213063,0.0988729,-0.994872,1
5186,0,0,0,0,883,245,6314,890,7204,0.021072,0.0986773,-0.994896,1
5161,0,0,0,0,728,169,6058,498,6556,0.0235025,0.0963344,-0.995071,1
5190,0,0,0,0,860,246,6296,609,6905,0.0261674,0.0915404,-0.995457,1
5159,0,0,0,0,867,221,6247,4031,10278,0.0320247,0.123364,-0.991845,1
5141,0,0,0,0,886,221,6248,1757,8005,0.0333738,0.102932,-0.994129,1
5023,0,0,0,0,903,235,6161,674,6835,0.033811,0.101164,-0.994295,1
5175,0,0,0,0,920,244,6339,608,6947,0.0278531,0.102843,-0.994308,1
5149,0,0,0,0,870,238,6257,834,7091,0.0240283,0.100821,-0.994614,1
5355,0,0,0,0,954,216,6525,725,7250,0.0240909,0.0979414,-0.9949,1
5239,0,0,0,0,956,251,6446,601,7047,0.0281708,0.0932993,-0.99524,1
5183,0,0,0,0,956,242,6381,460,6841,0.0287984,0.104888,-0.994067,1
5266,0,0,0,0,910,249,6425,865,7290,0.0207036,0.104072,-0.994355,1
5244,0,0,0,0,930,219,6393,1197,7590,0.0202351,0.101179,-0.994662,1
5271,0,0,0,0,874,226,6371,988,7359,0.0194544,0.100924,-0.994704,1
5170,0,0,0,0,917,229,6316,1193,7509,0.0169111,0.09876,-0.994968,1
5150,0,0,0,0,872,215,6237,1031,7268,0.0175285,0.0960816,-0.995219,1
5207,0,0,0,0,923,224,6354,916,7270,0.0182119,0.0943479,-0.995373,1
5205,0,0,0,0,863,213,6281,738,7019,0.020859,0.0917449,-0.995564,1
5534,0,0,0,0,926,245,6705,539,7244,0.0219311,0.0930658,-0.995418,1
4759,0,0,0,0,891,243,5893,514,6407,0.022976,0.0929649,-0.995404,1
4857,0,0,0,0,897,219,5973,489,6462,0.0238983,0.0897918,-0.995674,1
5209,0,0,0,0,829,241,6279,3751,10030,0.0312178,0.116069,-0.99275,1
4801,0,0,0,0,814,224,5839,1351,7190,0.0164842,0.107737,-0.994043,1
5291,0,0,0,0,987,244,6522,1720,8242,0.0130549,0.109334,-0.993919,1
3726,0,0,0,0,594,147,4467,1311,5778,0.0176276,0.107327,-0.994068,1
5271,0,0,0,0,892,223,6386,1808,8194,0.0135376,0.11443,-0.993339,1
5367,0,0,0,0,906,258,6531,2028,8559,0.0143386,0.12136,-0.992505,1
5226,0,0,0,0,909,220,6355,2120,8475,0.0136739,0.112677,-0.993537,1
5892,0,0,0,0,924,268,7084,2043,9127,0.0203112,0.112713,-0.99342,1
5200,0,0,0,0,949,235,6384,2118,8502,0.0234426,0.100324,-0.994679,1
5264,0,0,0,0,1006,264,6534,1452,7986,0.0192644,0.0952809,-0.995264,1
5338,0,0,0,0,938,258,6534,939,7473,0.0160108,0.0900999,-0.995804,1
5243,0,0,0,0,982,265,6490,803,7293,0.0161095,0.0924906,-0.995583,1
5147,0,0,0,0,1064,259,6470,838,7308,0.0180488,0.0955146,-0.995265,1
5428,0,0,0,0,1013,257,6698,884,7582,0.0238359,0.096268,-0.99507,1
5485,0,0,0,0,978,260,6723,665,7388,0.0248476,0.0967969,-0.994994,1
5397,0,0,0,0,959,257,6613,659,7272,0.0272928,0.100133,-0.994599,1
5322,0,0,0,0,965,225,6512,767,7279,0.0246885,0.102552,-0.994421,1
5282,0,0,0,0,916,259,6457,1097,7554,0.0247826,0.108101,-0.993831,1
5315,0,0,0,0,955,259,6529,1332,7861,0.0254111,0.114427,-0.993107,1
6196,0,0,0,0,1035,264,7495,2084,9579,0.0245884,0.124072,-0.991969,1
1821,0,0,0,0,336,83,2240,770,3010,0.0158508,0.131402,-0.991202,1
5269,0,0,0,0,1133,245,6647,2455,9102,0.0165252,0.153139,-0.988066,1
5288,0,0,0,0,992,273,6553,2306,8859,0.0216783,0.167325,-0.985663,1
5371,0,0,0,0,1038,281,6690,2742,9432,0.0258296,0.188364,-0.98176,1
5346,0,0,0,0,1032,276,6654,2869,9523,0.0327058,0.18308,-0.982554,1
5351,0,0,0,0,1014,281,6646,2848,9494,0.0439036,0.184496,-0.981852,1
7228,0,0,0,0,1009,256,8493,1994,10487,0.064231,0.193844,-0.978927,1
5592,0,0,0,0,1008,283,6883,1333,8216,0.0681879,0.188376,-0.979727,1
3712,0,0,0,0,719,189,4620,836,5456,0.0430911,0.157769,-0.986535,1
4942,0,0,0,0,910,243,6095,1119,7214,0.0367586,0.166276,-0.985394,1
5358,0,0,0,0,956,249,6563,1238,7801,0.0371785,0.106153,-0.993655,1
5238,0,0,0,0,990,244,6472,1427,7899,0.0477906,0.10315,-0.993517,1
5431,0,0,0,0,1010,259,6700,1491,8191,0.0492231,0.0696461,-0.996357,1
5475,0,0,0,0,980,257,6712,1417,8129,0.0506341,0.0340353,-0.998137,1
5204,0,0,0,0,952,292,6448,1440,7888,0.0404788,0.0449292,-0.99817,1
5437,0,0,0,0,989,237,6663,1739,8402,0.0336049,0.0521842,-0.998072,1
5297,0,0,0,0,968,232,6497,1906,8403,0.0263098,0.0797639,-0.996467,1
5303,0,0,0,0,942,226,6471,1940,8411,0.0348573,0.067282,-0.997125,1
5143,0,0,0,0,901,216,6260,2448,8708,0.0347664,0.0738346,-0.996664,1
5102,0,0,0,0,902,209,6213,2350,8563,0.0435142,0.0618783,-0.997135,1
5282,0,0,0,0,857,258,6397,2371,8768,0.0483116,0.10138,-0.993674,1
5503,0,0,0,0,804,215,6522,2309,8831,0.0439622,0.111042,-0.992843,1
5548,0,0,0,0,707,179,6434,2475,8909,0.045921,0.116006,-0.992186,1
5370,0,0,0,0,662,171,6203,2454,8657,0.046952,0.107625,-0.993082,1
5322,0,0,0,0,670,160,6152,2486,8638,0.0296852,0.157545,-0.987065,1
5157,0,0,0,0,690,170,6017,2488,8505,0.0255356,0.129576,-0.991241,1
5222,0,0,0,0,702,233,6157,2605,8762,0.0331381,0.161879,-0.986254,1
6032,0,0,0,0,722,185,6939,2282,9221,0.0291079,0.141212,-0.989551,1
5148,0,0,0,0,787,197,6132,1819,7951,0.0293912,0.138455,-0.989933,1
5159,0,0,0,0,889,234,6282,1740,8022,0.0273371,0.104075,-0.994194,1
5174,0,0,0,0,821,199,6194,2093,8287,0.0234997,0.115719,-0.993004,1
5751,0,0,0,0,857,213,6821,1293,8114,0.0335613,0.0811851,-0.996134,1
5275,0,0,0,0,945,240,6460,1137,7597,0.0393331,0.0522145,-0.997861,1
5372,0,0,0,0,1091,259,6722,1744,8466,0.0405134,0.0489106,-0.997981,1
5194,0,0,0,0,1008,239,6441,1579,8020,0.0374479,0.0509089,-0.998001,1
5188,0,0,0,0,1001,244,6433,1437,7870,0.0228349,0.0401075,-0.998935,1
5193,0,0,0,0,1044,271,6508,1327,7835,0.0123136,0.0480266,-0.99877,1
5328,0,0,0,0,1008,272,6608,1027,7635,0.0247033,0.0562304,-0.998112,1
5208,0,0,0,0,1064,280,6552,976,7528,0.128503,0.0373153,-0.991007,1
5744,0,0,0,0,1143,257,7144,1427,8571,0.0320101,0.0958212,-0.994884,1
5251,0,0,0,0,1074,312,6637,1130,7767,0.112217,0.00099353,-0.993683,1
5536,0,0,0,0,1116,305,6957,2250,9207,0.0173054,0.112008,-0.993557,1
3680,0,0,0,0,810,211,4701,852,5553,0.128059,-0.0728234,-0.989089,1
5486,0,0,0,0,1637,388,7511,3853,11364,0.0157307,0.114598,-0.993287,1
5842,0,0,0,0,1314,341,7497,1423,8920,0.119469,-0.0828483,-0.989375,1
6838,0,0,0,0,1318,397,8553,6240,14793,-0.00312208,0.104958,-0.994472,1
6130,0,0,0,0,1397,350,7877,2600,10477,-0.00372926,-0.0858104,-0.996304,1
7276,0,0,0,0,1324,318,8918,5675,14593,-0.0434994,-0.0378147,-0.998338,1
4333,0,0,0,0,1211,316,5860,3644,9504,-0.0381145,-0.061164,-0.9974,1
6598,0,0,0,0,1317,350,8265,5123,13388,-0.0344834,-0.0612382,-0.997528,1
6615,0,0,0,0,1272,311,8198,4234,12432,-0.0181984,-0.0648332,-0.99773,1
5467,0,0,0,0,1116,314,6897,3990,10887,-0.0163622,-0.0901546,-0.995793,1
5910,0,0,0,0,1208,289,7407,4764,12171,-0.0166668,-0.0934337,-0.995486,1
5778,0,0,0,0,1147,288,7213,4450,11663,-0.0337003,-0.0956629,-0.994843,1
4711,0,0,0,0,760,187,5658,2599,8257,-0.0414461,-0.0947364,-0.994639,1
6022,0,0,0,0,1047,256,7325,3229,10554,-0.0402272,-0.0745629,-0.996405,1
5656,0,0,0,0,1094,284,7034,2975,10009,-0.0596168,-0.0567464,-0.996607,1
5659,0,0,0,0,1060,279,6998,2607,9605,-0.0686381,-0.0502702,-0.996374,1
5682,0,0,0,0,1059,259,7000,2330,9330,-0.0606374,-0.0513619,-0.996838,1
5946,0,0,0,0,1031,299,7276,2069,9345,-0.039382,-0.0479441,-0.998073,1
5718,0,0,0,0,761,212,6691,1924,8615,-0.0338305,-0.0196759,-0.999234,1
5955,0,0,0,0,986,247,7188,1994,9182,-0.0166471,-0.033187,-0.999311,1
5500,0,0,0,0,990,247,6737,1902,8639,-0.0309142,-0.0309862,-0.999041,1
3780,0,0,0,0,668,170,4618,1201,5819,-0.031134,-0.0353971,-0.998888,1
5223,0,0,0,0,1007,246,6476,1810,8286,-0.0286411,-0.0580787,-0.997901,1
5279,0,0,0,0,1070,270,6619,2024,8643,-0.0294618,-0.0467232,-0.998473,1
5076,0,0,0,0,1115,301,6492,1998,8490,-0.0301655,-0.0105264,-0.99949,1
5071,0,0,0,0,1170,286,6527,1869,8396,-0.00570918,0.0126638,-0.999904,1
4998,0,0,0,0,1009,324,6331,2015,8346,-0.017157,-0.00427684,-0.999844,1
5305,0,0,0,0,1017,246,6568,1815,8383,-0.00423298,0.0458112,-0.998941,1
5386,0,0,0,0,953,239,6578,1867,8445,-0.0235149,0.208508,-0.977738,1
4970,0,0,0,0,960,236,6166,1804,7970,-0.0232491,0.119859,-0.992519,1
5096,0,0,0,0,947,245,6288,1938,8226,-0.0120833,0.073156,-0.997247,1
5530,0,0,0,0,1443,279,7252,1793,9045,-0.00345464,0.121802,-0.992549,1
5123,0,0,0,0,1055,291,6469,1960,8429,0.00259082,0.113298,-0.993558,1
5210,0,0,0,0,1110,317,6637,2019,8656,0.0131893,0.0724385,-0.997286,1
5287,0,0,0,0,1146,304,6737,2015,8752,0.0201048,0.0740205,-0.997054,1
5426,0,0,0,0,1159,326,6911,2281,9192,0.0147676,0.049886,-0.998646,1
5179,0,0,0,0,1099,306,6584,2330,8914,0.00795881,0.0467984,-0.998873,1
5316,0,0,0,0,1155,376,6847,2505,9352,-0.00103736,0.0263156,-0.999653,1
5185,0,0,0,0,1164,277,6626,2545,9171,0.00438122,0.00924302,-0.999948,1
5417,0,0,0,0,1304,333,7054,2397,9451,0.00784665,0.0269426,-0.999606,1
5302,0,0,0,0,1243,373,6918,3182,10100,0.0135812,0.04949,-0.998682,1
5331,0,0,0,0,1255,283,6869,3270,10139,0.00738461,0.0611179,-0.998103,1
5479,0,0,0,0,1156,295,6930,3373,10303,-0.000705584,0.132204,-0.991222,1
5127,0,0,0,0,1137,291,6555,3225,9780,-0.00785289,0.127393,-0.991821,1
5170,0,0,0,0,1146,288,6604,3037,9641,0.0159752,0.0798811,-0.996676,1
5294,0,0,0,0,1317,278,6889,3007,9896,0.020029,0.0548236,-0.998295,1
5488,0,0,0,0,1152,282,6922,3177,10099,0.0263403,0.0630152,-0.997665,1
5641,0,0,0,0,1193,321,7155,3298,10453,0.0130238,0.0690576,-0.997528,1
5642,0,0,0,0,1176,305,7123,2541,9664,0.00778532,0.153027,-0.988192,1
5603,0,0,0,0,1174,307,7084,1563,8647,-0.0058797,-0.0302158,-0.999526,1
5492,0,0,0,0,1154,294,6940,1359,8299,-0.00208238,-0.0382375,-0.999267,1
5639,0,0,0,0,1088,274,7001,1296,8297,-0.0161561,0.0506828,-0.998584,1
5121,0,0,0,0,912,244,6277,1013,7290,-0.00860339,0.0821241,-0.996585,1
5563,0,0,0,0,835,224,6622,1174,7796,0.00182187,0.0494864,-0.998773,1
5194,0,0,0,0,799,214,6207,1427,7634,1.83038e-05,0.0803888,-0.996764,1
5972,0,0,0,0,707,194,6873,1688,8561,-0.00373361,0.0635787,-0.99797,1
5776,0,0,0,0,674,177,6627,1812,8439,0.00212552,0.063658,-0.99797,1
5300,0,0,0,0,545,163,6008,2381,8389,0.009295,0.0862817,-0.996227,1
5994,0,0,0,0,433,133,6560,1564,8124,0.0212878,0.0477236,-0.998634,1
4821,0,0,0,0,408,116,5345,1444,6789,0.0462603,0.0352799,-0.998306,1
4734,0,0,0,0,413,113,5260,1337,6597,0.0532318,0.013987,-0.998484,1
5100,0,0,0,0,401,113,5614,1195,6809,0.0632997,0.00134319,-0.997994,1
4859,0,0,0,0,441,142,5442,971,6413,0.0614817,-0.163707,-0.984591,1
4749,0,0,0,0,514,157,5420,1228,6648,0.0183338,-0.0187581,-0.999656,1
4829,0,0,0,0,605,166,5600,1005,6605,0.0259225,0.0418051,-0.99879,1
4712,0,0,0,0,606,166,5484,844,6328,0.0294253,0.0313512,-0.999075,1
4729,0,0,0,0,674,201,5604,862,6466,0.0254584,0.0198638,-0.999479,1
5540,0,0,0,0,859,282,6681,1061,7742,0.0271998,0.0854027,-0.995975,1
4854,0,0,0,0,788,203,5845,754,6599,0.158169,-0.168032,-0.97301,1
5027,0,0,0,0,869,242,6138,1823,7961,0.0408599,0.0201849,-0.998961,1
5017,0,0,0,0,912,216,6145,1044,7189,0.0053032,0.0564938,-0.998389,1
5396,0,0,0,0,1057,261,6714,1296,8010,-0.0693478,0.00378337,-0.997585,1
5254,0,0,0,0,1022,295,6571,1950,8521,-0.0652463,-0.0497652,-0.996627,1
5340,0,0,0,0,1083,274,6697,2473,9170,-0.0136348,-0.0287911,-0.999492,1
6055,0,0,0,0,1224,314,7593,1541,9134,-0.0428175,-0.0806717,-0.995821,1
5340,0,0,0,0,1050,250,6640,2778,9418,0.00266426,-0.0120232,-0.999924,1
6185,0,0,0,0,1286,305,7776,1598,9374,0.111317,0.0123366,-0.993709,1
6008,0,0,0,0,1275,338,7621,3959,11580,0.0426403,0.0480722,-0.997933,1
3107,0,0,0,0,550,146,3803,1391,5194,-0.0154603,-0.0268654,-0.99952,1
4588,0,0,0,0,925,256,5769,2508,8277,-0.0328848,-0.00129932,-0.999458,1
6239,0,0,0,0,1414,382,8035,3801,11836,-0.034625,0.0498609,-0.998156,1
6157,0,0,0,0,1294,300,7751,4038,11789,-0.0357966,0.019251,-0.999174,1
5849,0,0,0,0,1125,273,7247,4413,11660,-0.0226805,-0.030964,-0.999263,1
6504,0,0,0,0,1058,262,7824,3771,11595,-0.0254726,-0.0441853,-0.998699,1
5921,0,0,0,0,1120,256,7297,3174,10471,-0.0357106,-0.0446499,-0.998364,1
6209,0,0,0,0,1025,267,7501,2925,10426,-0.0341262,-0.0491727,-0.998207,1
5880,0,0,0,0,1022,299,7201,2709,9910,-0.0234563,-0.0558167,-0.998166,1
5896,0,0,0,0,987,259,7142,2399,9541,-0.0204691,-0.0592719,-0.998032,1
5887,0,0,0,0,965,243,7095,2158,9253,-0.0252306,-0.0460793,-0.998619,1
5559,0,0,0,0,1042,270,6871,2052,8923,-0.00150157,0.00463382,-0.999988,1
6659,0,0,0,0,1129,300,8088,2077,10165,-0.00231926,0.0122606,-0.999922,1
5446,0,0,0,0,1054,286,6786,1801,8587,-0.00315213,-0.0383038,-0.999261,1
6412,0,0,0,0,1033,259,7704,1750,9454,-0.00485957,-0.0339806,-0.999411,1
6568,0,0,0,0,1199,378,8145,1988,10133,-0.0330314,0.0609941,-0.997592,1
5382,0,0,0,0,988,251,6621,1715,8336,-0.0416783,0.0582413,-0.997432,1
3654,0,0,0,0,743,199,4596,1085,5681,-0.0391645,-0.00736531,-0.999206,1
5181,0,0,0,0,934,250,6365,1575,7940,-0.0417827,0.0163569,-0.998993,1
5621,0,0,0,0,975,282,6878,1658,8536,-0.0460757,-0.0159313,-0.998811,1
5285,0,0,0,0,987,271,6543,1678,8221,-0.0476802,0.0966442,-0.994176,1
5080,0,0,0,0,976,240,6296,1476,7772,-0.0411149,0.0513612,-0.997834,1
4889,0,0,0,0,1032,268,6189,1044,7233,-0.036174,0.0235238,-0.999069,1
6598,0,0,0,0,953,238,7789,1487,9276,-0.0352154,0.00700363,-0.999355,1
4405,0,0,0,0,1142,229,5776,1612,7388,-0.0231705,0.00307258,-0.999727,1
5701,0,0,0,0,1106,358,7165,1659,8824,-0.00689294,0.00935355,-0.999933,1
5488,0,0,0,0,1059,289,6836,1210,8046,0.00706328,0.0153484,-0.999857,1
5174,0,0,0,0,1025,283,6482,1315,7797,0.00768375,0.0103347,-0.999917,1
5286,0,0,0,0,1163,261,6710,1197,7907,0.00530756,0.0330026,-0.999441,1
5755,0,0,0,0,1022,291,7068,1217,8285,0.00483523,0.0472697,-0.998871,1
5304,0,0,0,0,982,274,6560,898,7458,-0.00654681,0.0327597,-0.999442,1
6080,0,0,0,0,1042,265,7387,754,8141,-0.0273167,0.0352905,-0.999004,1
5170,0,0,0,0,933,230,6333,538,6871,-0.0447612,0.0321159,-0.998481,1
5177,0,0,0,0,990,340,6507,674,7181,-0.059344,0.0044377,-0.998228,1
4972,0,0,0,0,933,229,6134,636,6770,-0.0368387,-0.000883242,-0.999321,1
5275,0,0,0,0,952,299,6526,838,7364,-0.0222614,-0.00445847,-0.999742,1
4983,0,0,0,0,1027,291,6301,1041,7342,-0.0202992,0.00406756,-0.999786,1
5687,0,0,0,0,1046,269,7002,1054,8056,-0.00576157,0.00539112,-0.999968,1
5127,0,0,0,0,1018,298,6443,1330,7773,0.000155963,0.0108656,-0.999941,1
6503,0,0,0,0,1127,295,7925,1742,9667,-0.0165032,0.00745974,-0.999836,1
6571,0,0,0,0,1134,295,8000,1524,9524,-0.0190836,0.0165188,-0.999682,1
5472,0,0,0,0,1087,274,6833,885,7718,-0.0180162,0.0148723,-0.999727,1
6180,0,0,0,0,1050,283,7513,721,8234,-0.0324545,0.0887537,-0.995525,1
5301,0,0,0,0,990,247,6538,818,7356,-0.0289273,0.0889202,-0.995619,1
5306,0,0,0,0,901,248,6455,792,7247,-0.0347302,0.0847638,-0.995796,1
5429,0,0,0,0,556,146,6131,460,6591,-0.0265296,0.0906848,-0.995526,1
2267,0,0,0,0,348,89,2704,382,3086,-0.01213,0.0264342,-0.999577,1
1526,0,0,0,0,257,66,1849,409,2258,0.00127632,-0.00158608,-0.999998,1
5343,0,0,0,0,768,219,6330,1472,7802,0.0138973,0.00587094,-0.999886,1
5470,0,0,0,0,722,196,6388,1499,7887,0.0120677,0.0373896,-0.999228,1
5224,0,0,0,0,606,158,5988,1605,7593,-2.64198e-05,0.0449056,-0.998991,1
5440,0,0,0,0,570,173,6183,1652,7835,-0.00253083,0.0430581,-0.99907,1
4841,0,0,0,0,478,147,5466,1529,6995,-0.0043975,0.0264541,-0.99964,1
5178,0,0,0,0,431,123,5732,1381,7113,0.0128258,0.0274936,-0.99954,1
4859,0,0,0,0,439,103,5401,1391,6792,0.0167176,0.0112995,-0.999796,1
5342,0,0,0,0,452,123,5917,1434,7351,0.0140865,0.000741118,-0.999901,1
4843,0,0,0,0,506,141,5490,1321,6811,-0.00954868,0.0625427,-0.997997,1
4784,0,0,0,0,621,168,5573,1204,6777,-0.0142722,0.056428,-0.998304,1
5715,0,0,0,0,699,175,6589,1087,7676,-0.032257,0.0694495,-0.997064,1
4845,0,0,0,0,766,201,5812,912,6724,-0.0272084,0.0193433,-0.999443,1
5263,0,0,0,0,800,237,6300,1093,7393,-0.00706282,0.0364231,-0.999312,1
5215,0,0,0,0,904,242,6361,876,7237,0.0741424,-0.0469848,-0.99614,1
5592,0,0,0,0,957,229,6778,1547,8325,0.086025,-0.0424001,-0.99539,1
5174,0,0,0,0,889,229,6292,1078,7370,0.0986362,-0.042804,-0.994202,1
4461,0,0,0,0,990,238,5689,1428,7117,0.0891357,-0.0395344,-0.995235,1
6400,0,0,0,0,1454,413,8267,3417,11684,-0.0522941,-0.00513262,-0.998618,1
6300,0,0,0,0,1487,354,8141,3366,11507,-0.0503009,0.0233338,-0.998462,1
6745,0,0,0,0,1518,398,8661,3226,11887,-0.0389811,0.00309563,-0.999235,1
6204,0,0,0,0,1407,362,7973,4294,12267,-0.035883,-0.0307437,-0.998883,1
6147,0,0,0,0,1373,374,7894,4496,12390,-0.0527044,-0.034728,-0.998006,1
5971,0,0,0,0,1271,336,7578,4152,11730,-0.0555214,-0.0392275,-0.997686,1
5977,0,0,0,0,1178,283,7438,3634,11072,-0.0643333,-0.0253645,-0.997606,1
6090,0,0,0,0,1202,328,7620,3163,10783,-0.071065,-0.0178561,-0.997312,1
6257,0,0,0,0,1211,294,7762,2588,10350,-0.078181,-0.0195212,-0.996748,1
4000,0,0,0,0,812,204,5016,1608,6624,-0.0792548,-0.014165,-0.996754,1
5766,0,0,0,0,1134,287,7187,2132,9319,-0.0565143,-0.00748456,-0.998374,1
5945,0,0,0,0,1056,263,7264,2090,9354,-0.0548513,-0.0321724,-0.997976,1
5992,0,0,0,0,1540,307,7839,2119,9958,-0.0424062,-0.0424583,-0.998198,1
6091,0,0,0,0,1032,270,7393,1923,9316,-0.0422442,-0.0261114,-0.998766,1
5765,0,0,0,0,1012,252,7029,1972,9001,-0.020193,0.0949398,-0.995278,1
5484,0,0,0,0,1593,176,7253,1231,8484,-0.0232692,0.0489241,-0.998532,1
2874,0,0,0,0,510,137,3521,789,4310,-0.0350655,-0.0114823,-0.999319,1
4083,0,0,0,0,703,188,4974,1213,6187,-0.0248218,-0.00748261,-0.999664,1
5531,0,0,0,0,914,247,6692,1437,8129,-0.0251954,0.0346775,-0.999081,1
5178,0,0,0,0,885,239,6302,1510,7812,-0.0353167,0.0426656,-0.998465,1
5094,0,0,0,0,1175,237,6506,1527,8033,-0.0308027,0.0686945,-0.997162,1
5589,0,0,0,0,854,257,6700,1468,8168,-0.0229509,0.0780493,-0.996685,1
4941,0,0,0,0,837,264,6042,1175,7217,-0.0125973,0.0562316,-0.998338,1
5023,0,0,0,0,872,227,6122,945,7067,-0.0120152,0.0911447,-0.995765,1
4490,0,0,0,0,801,204,5495,606,6101,-0.0227808,0.0810684,-0.996448,1
4923,0,0,0,0,819,226,5968,540,6508,-0.0323282,0.134566,-0.990377,1
4658,0,0,0,0,875,302,5835,513,6348,0.0511439,-0.0518274,-0.997346,1
4946,0,0,0,0,743,207,5896,738,6634,-0.0122889,0.0931724,-0.995574,1
5052,0,0,0,0,971,210,6233,639,6872,-0.0336001,0.0891148,-0.995455,1
4801,0,0,0,0,851,204,5856,862,6718,-0.0318089,0.0846818,-0.9959,1
4953,0,0,0,0,860,219,6032,937,6969,-0.0188029,0.0475964,-0.99869,1
4944,0,0,0,0,889,229,6062,952,7014,0.00175138,0.044888,-0.99899,1
5944,0,0,0,0,842,233,7019,1092,8111,0.00640056,0.0389284,-0.999222,1
4937,0,0,0,0,868,254,6059,1016,7075,0.00956287,0.0447105,-0.998954,1
6166,0,0,0,0,926,245,7337,1114,8451,0.00482331,0.0541187,-0.998523,1
5431,0,0,0,0,1017,254,6702,1177,7879,-0.00715447,0.0711999,-0.997437,1
5888,0,0,0,0,1046,312,7246,889,8135,-0.0326919,0.0806029,-0.99621,1
5564,0,0,0,0,1147,328,7039,665,7704,-0.0312593,0.104466,-0.994037,1
5384,0,0,0,0,962,260,6606,756,7362,-0.025464,0.0829044,-0.996232,1
5509,0,0,0,0,964,258,6731,638,7369,-0.0224138,0.0443613,-0.998764,1
5160,0,0,0,0,791,208,6159,799,6958,-0.0144209,0.0142411,-0.999794,1
5197,0,0,0,0,834,237,6268,626,6894,-0.00347619,-0.00868922,-0.999956,1
4865,0,0,0,0,737,203,5805,680,6485,0.0142702,-0.0505636,-0.998619,1
5309,0,0,0,0,797,202,6308,993,7301,0.0148143,-0.0590444,-0.998145,1
4940,0,0,0,0,763,225,5928,1098,7026,0.0163397,-0.0488091,-0.998674,1
5227,0,0,0,0,758,196,6181,1106,7287,0.0207771,-0.0524894,-0.998405,1
5078,0,0,0,0,734,182,5994,1025,7019,-0.000159436,-0.0408393,-0.999166,1
4914,0,0,0,0,732,215,5861,1026,6887,0.0120326,-0.0294359,-0.999494,1
5190,0,0,0,0,727,214,6131,1265,7396,0.0203526,-0.0217153,-0.999557,1
5167,0,0,0,0,726,176,6069,1222,7291,0.036166,-0.0191879,-0.999161,1
5292,0,0,0,0,711,204,6207,1344,7551,0.0194382,-0.0115933,-0.999744,1
5153,0,0,0,0,756,209,6118,1417,7535,0.0196617,-0.0124975,-0.999729,1
5507,0,0,0,0,688,204,6399,1342,7741,0.0148353,-0.00429481,-0.999881,1
5533,0,0,0,0,711,193,6437,1470,7907,0.00624374,0.00509439,-0.999968,1
6878,0,0,0,0,856,217,7951,1847,9798,-0.0106421,0.0125669,-0.999864,1
1621,0,0,0,0,184,68,1873,481,2354,-0.00366126,-0.0292338,-0.999566,1
4057,0,0,0,0,405,109,4571,1038,5609,0.0046885,-0.034661,-0.999388,1
5129,0,0,0,0,536,138,5803,1434,7237,-0.00233502,-0.0443438,-0.999014,1
4872,0,0,0,0,601,168,5641,1402,7043,-0.00242103,-0.0538166,-0.998548,1
5132,0,0,0,0,442,121,5695,1350,7045,-0.000231734,-0.0499716,-0.998751,1
4858,0,0,0,0,503,128,5489,1508,6997,-0.00754655,-0.0614833,-0.99808,1
4833,0,0,0,0,478,155,5466,1358,6824,-0.00262101,-0.0484485,-0.998822,1
5062,0,0,0,0,429,119,5610,1101,6711,0.00950198,-0.119561,-0.992781,1
4688,0,0,0,0,490,118,5296,928,6224,-0.00143652,-0.138508,-0.99036,1
4892,0,0,0,0,401,142,5435,895,6330,0.000235082,-0.156325,-0.987706,1
4771,0,0,0,0,559,148,5478,1142,6620,0.00953072,-0.0679491,-0.997643,1
4829,0,0,0,0,558,167,5554,1056,6610,-0.00795974,-0.000918521,-0.999968,1
4724,0,0,0,0,625,190,5539,1084,6623,0.00518716,-0.0154541,-0.999867,1
4669,0,0,0,0,682,189,5540,1158,6698,-0.0340283,-0.00725861,-0.999395,1
4759,0,0,0,0,685,222,5666,1242,6908,-0.0267136,-0.0305658,-0.999176,1
4734,0,0,0,0,717,206,5657,1350,7007,-0.0325667,-0.029342,-0.999039,1
4836,0,0,0,0,730,183,5749,1337,7086,-0.0440917,-0.0050326,-0.999015,1
4789,0,0,0,0,794,187,5770,1500,7270,-0.0402539,-0.008437,-0.999154,1
4742,0,0,0,0,811,195,5748,1416,7164,-0.0329566,-0.00899027,-0.999416,1
4841,0,0,0,0,902,228,5971,1098,7069,-0.0115348,0.0182754,-0.999766,1
5192,0,0,0,0,1018,231,6441,1041,7482,0.114751,-0.0603622,-0.991559,1
5243,0,0,0,0,1056,265,6564,1849,8413,0.127219,-0.0592807,-0.990102,1
5547,0,0,0,0,1236,296,7079,1843,8922,0.125198,-0.0647638,-0.990015,1
5707,0,0,0,0,1530,440,7677,2984,10661,0.00388135,-0.074053,-0.997247,1
5854,0,0,0,0,1347,404,7605,3173,10778,-0.0287094,-0.0934934,-0.995206,1
6141,0,0,0,0,1423,361,7925,3753,11678,-0.0513579,-0.0935629,-0.994288,1
7251,0,0,0,0,1419,395,9065,3864,12929,-0.0624289,-0.0980915,-0.993217,1
6518,0,0,0,0,1457,391,8366,2539,10905,-0.0684601,-0.0909723,-0.993497,1
3275,0,0,0,0,751,182,4208,2193,6401,-0.0474726,-0.0902703,-0.994785,1
6157,0,0,0,0,1409,339,7905,4441,12346,-0.0295427,-0.0849867,-0.995944,1
6222,0,0,0,0,1294,343,7859,4489,12348,-0.0340107,-0.0869504,-0.995632,1
5749,0,0,0,0,1131,287,7167,3757,10924,-0.034676,-0.0523036,-0.998029,1
5831,0,0,0,0,1067,290,7188,3061,10249,-0.0626181,-0.00637918,-0.998017,1
5490,0,0,0,0,1078,286,6854,2515,9369,-0.0703999,-0.0199639,-0.997319,1
6333,0,0,0,0,969,268,7570,2373,9943,-0.0815666,-0.00411401,-0.99666,1
5473,0,0,0,0,974,286,6733,2136,8869,-0.0758553,-0.00685473,-0.997095,1
5669,0,0,0,0,969,272,6910,2010,8920,-0.0490319,0.00374183,-0.99879,1
5808,0,0,0,0,965,251,7024,1953,8977,-0.0501606,0.00570639,-0.998725,1
5538,0,0,0,0,971,246,6755,1696,8451,-0.0478899,-0.0124708,-0.998775,1
5637,0,0,0,0,1054,362,7053,1640,8693,-0.0440825,0.0122417,-0.998953,1
5433,0,0,0,0,1013,266,6712,1698,8410,-0.041288,0.0266683,-0.998791,1
5513,0,0,0,0,909,262,6684,1626,8310,-0.0452146,0.0583511,-0.997272,1
5049,0,0,0,0,911,225,6185,1509,7694,-0.0410678,0.0737386,-0.996432,1
5175,0,0,0,0,859,250,6284,1412,7696,-0.0363083,0.0874449,-0.995508,1
5068,0,0,0,0,1212,284,6564,1397,7961,-0.0427659,0.112679,-0.992711,1
5574,0,0,0,0,860,286,6720,1194,7914,-0.048993,0.0779393,-0.995754,1
5113,0,0,0,0,1123,249,6485,1008,7493,-0.0486661,0.0726272,-0.996171,1
4618,0,0,0,0,761,212,5591,809,6400,-0.0570442,0.0815042,-0.995039,1
5543,0,0,0,0,767,189,6499,554,7053,-0.0771239,0.156353,-0.984685,1
4566,0,0,0,0,732,183,5481,526,6007,-0.0904375,0.245135,-0.965262,1
5464,0,0,0,0,669,195,6328,546,6874,-0.0742139,0.0621396,-0.995304,1
4663,0,0,0,0,677,189,5529,465,5994,-0.0916036,0.13314,-0.986855,1
5803,0,0,0,0,677,189,6669,527,7196,-0.0662111,0.0888956,-0.993838,1
4855,0,0,0,0,740,194,5789,559,6348,-0.0418674,0.0673878,-0.996848,1
5114,0,0,0,0,836,236,6186,608,6794,-0.0360833,0.0402416,-0.998538,1
5435,0,0,0,0,874,240,6549,694,7243,-0.0310508,0.0184744,-0.999347,1
5231,0,0,0,0,1031,258,6520,788,7308,-0.0404621,-0.0049118,-0.999169,1
5303,0,0,0,0,945,255,6503,517,7020,-0.0257701,-0.02125,-0.999442,1
5337,0,0,0,0,1005,267,6609,852,7461,-0.0204358,0.0309406,-0.999312,1
5317,0,0,0,0,977,308,6602,771,7373,-0.0201341,-0.0364634,-0.999132,1
5283,0,0,0,0,1235,232,6750,1011,7761,-0.0235467,-0.0460922,-0.99866,1
5403,0,0,0,0,827,217,6447,457,6904,0.0441728,0.123437,-0.991369,1
7323,0,0,0,0,1114,284,8721,966,9687,-0.0235921,0.117089,-0.992841,1
5546,0,0,0,0,734,194,6474,627,7101,-0.0513098,-0.00214338,-0.99868,1
5258,0,0,0,0,640,179,6077,505,6582,-0.0864998,-0.0784822,-0.993156,1
5768,0,0,0,0,653,197,6618,614,7232,-0.0730097,-0.0862448,-0.993595,1
5527,0,0,0,0,615,178,6320,686,7006,-0.0614874,-0.106045,-0.992459,1
5738,0,0,0,0,608,157,6503,861,7364,-0.0370478,-0.0620725,-0.997384,1
5560,0,0,0,0,451,129,6140,1093,7233,-0.0357274,-0.0635005,-0.997342,1
5175,0,0,0,0,423,128,5726,961,6687,-0.0467788,-0.108277,-0.99302,1
4900,0,0,0,0,318,90,5308,1027,6335,-0.0477353,-0.0343661,-0.998269,1
5008,0,0,0,0,322,104,5434,1118,6552,-0.0456024,-0.0117266,-0.998891,1
5049,0,0,0,0,424,116,5589,1424,7013,-0.0412517,-0.0230528,-0.998883,1
4295,0,0,0,0,331,109,4735,1080,5815,-0.0374408,-0.0416711,-0.99843,1
4229,0,0,0,0,363,108,4700,956,5656,-0.0225383,-0.0290042,-0.999325,1
5366,0,0,0,0,432,126,5924,1334,7258,-0.0453872,-0.024384,-0.998672,1
4793,0,0,0,0,435,118,5346,1309,6655,-0.0572211,-0.0270049,-0.997996,1
5674,0,0,0,0,720,227,6621,1514,8135,-0.0624196,-0.0171545,-0.997903,1
5200,0,0,0,0,587,154,5941,1256,7197,-0.0573211,-0.0193545,-0.998169,1
4770,0,0,0,0,688,188,5646,1185,6831,-0.0514096,-0.0257973,-0.998344,1
5452,0,0,0,0,711,216,6379,1466,7845,-0.0560878,-0.018122,-0.998261,1
5271,0,0,0,0,931,174,6376,1477,7853,-0.058484,-0.0409806,-0.997447,1
4781,0,0,0,0,637,178,5596,1433,7029,-0.064039,-0.00241594,-0.997944,1
4552,0,0,0,0,677,228,5457,1099,6556,-0.0591449,0.0128716,-0.998167,1
4621,0,0,0,0,767,190,5578,936,6514,0.00539564,0.00804427,-0.999953,1
5047,0,0,0,0,946,211,6204,938,7142,0.0702554,-0.0990626,-0.992598,1
5214,0,0,0,0,892,221,6327,1905,8232,0.0316469,-0.0625696,-0.997539,1
5384,0,0,0,0,1108,261,6753,1556,8309,0.0796201,-0.0712341,-0.994277,1
5765,0,0,0,0,1216,305,7286,2446,9732,-0.0567229,-0.0385668,-0.997645,1
6511,0,0,0,0,1404,313,8228,3468,11696,-0.0737778,-0.0546965,-0.995774,1
6321,0,0,0,0,1527,349,8197,3984,12181,-0.0544521,-0.0586664,-0.996791,1
6795,0,0,0,0,1388,338,8521,4303,12824,-0.0375995,-0.0566288,-0.997687,1
6101,0,0,0,0,1308,356,7765,4223,11988,-0.0407763,-0.0714175,-0.996613,1
6074,0,0,0,0,1227,317,7618,4649,12267,-0.0524409,-0.0462877,-0.997551,1
6385,0,0,0,0,1115,260,7760,3118,10878,-0.0657592,-0.0825642,-0.994414,1
4964,0,0,0,0,916,229,6109,2764,8873,-0.068037,-0.0869914,-0.993883,1
5866,0,0,0,0,996,251,7113,2696,9809,-0.0768899,-0.090749,-0.992901,1
5568,0,0,0,0,998,295,6861,2550,9411,-0.0758211,-0.0840872,-0.99357,1
5466,0,0,0,0,969,252,6687,2303,8990,-0.0707376,-0.0602697,-0.995673,1
5556,0,0,0,0,1064,234,6854,2196,9050,-0.058283,-0.0504048,-0.997027,1
5489,0,0,0,0,945,232,6666,2202,8868,-0.0624907,-0.070505,-0.995552,1
5908,0,0,0,0,1029,284,7221,2022,9243,-0.046845,-0.0740878,-0.996151,1
5750,0,0,0,0,940,238,6928,1886,8814,-0.0398557,-0.0648876,-0.997096,1
3769,0,0,0,0,686,167,4622,1360,5982,-0.0500191,-0.0783598,-0.99567,1
5438,0,0,0,0,953,240,6631,1718,8349,-0.039646,0.0774307,-0.996209,1
5335,0,0,0,0,943,244,6522,1663,8185,-0.0549987,0.081439,-0.99516,1
4964,0,0,0,0,609,153,5726,1027,6753,-0.0596084,-0.0107974,-0.998163,1
5222,0,0,0,0,840,215,6277,1537,7814,-0.0718972,0.0104326,-0.997358,1
5142,0,0,0,0,893,208,6243,1397,7640,-0.0692584,0.017469,-0.997446,1
4851,0,0,0,0,736,192,5779,1375,7154,-0.0817135,0.0387276,-0.995903,1
4980,0,0,0,0,771,196,5947,1308,7255,-0.0669099,0.0442945,-0.996775,1
4403,0,0,0,0,692,196,5291,1096,6387,-0.0601259,0.0126751,-0.998111,1
4454,0,0,0,0,674,192,5320,1120,6440,-0.0497376,0.0422635,-0.997868,1
4419,0,0,0,0,661,185,5265,950,6215,-0.0468973,0.0516062,-0.997566,1
4701,0,0,0,0,591,171,5463,522,5985,-0.067135,0.057129,-0.996107,1
4367,0,0,0,0,637,199,5203,722,5925,-0.0547641,0.0250251,-0.998186,1
4565,0,0,0,0,566,145,5276,571,5847,-0.067739,0.0272249,-0.997332,1
4395,0,0,0,0,535,134,5064,481,5545,0.0887739,0.197053,-0.976365,1
4917,0,0,0,0,489,135,5541,514,6055,0.0509785,0.196643,-0.979149,1
5214,0,0,0,0,593,167,5974,653,6627,0.013829,0.283239,-0.95895,1
5076,0,0,0,0,613,155,5844,732,6576,0.13353,0.438872,-0.888573,1
5889,0,0,0,0,754,213,6856,1780,8636,0.265888,0.649307,-0.712534,1
5313,0,0,0,0,809,234,6356,-1000,-1000,-1,-1,-1,1
5208,0,0,0,0,892,251,6351,464,6815,0.156145,0.00477124,-0.987722,1
5207,0,0,0,0,894,230,6331,399,6730,-0.122203,-0.125488,-0.98454,1
5327,0,0,0,0,912,267,6506,-1000,-1000,-1,-1,-1,1
5333,0,0,0,0,852,280,6465,501,6966,-0.0454836,0.148295,-0.987897,1
5037,0,0,0,0,856,233,6126,501,6627,-0.0686073,-0.0182215,-0.997477,1
5110,0,0,0,0,705,183,5998,403,6401,-0.234976,0.289221,-0.927975,1
5076,0,0,0,0,651,176,5903,571,6474,-0.0787795,0.000389307,-0.996892,1
5306,0,0,0,0,659,181,6146,618,6764,-0.0413671,0.0365808,-0.998474,1
5581,0,0,0,0,600,176,6357,678,7035,-0.022695,0.00421369,-0.999733,1
5410,0,0,0,0,590,179,6179,893,7072,-0.0193427,0.00326756,-0.999808,1
5295,0,0,0,0,600,169,6064,1168,7232,-0.0293995,-0.0437388,-0.99861,1
5082,0,0,0,0,657,184,5923,1334,7257,-0.0270501,-0.0630343,-0.997645,1
5729,0,0,0,0,641,154,6524,1381,7905,-0.0212313,-0.0814832,-0.996449,1
5113,0,0,0,0,619,176,5908,1383,7291,0.000687227,-0.101222,-0.994864,1
5060,0,0,0,0,602,165,5827,1337,7164,0.00883633,-0.0923392,-0.995688,1
5389,0,0,0,0,533,142,6064,1348,7412,-0.0187073,-0.0903175,-0.995738,1
4810,0,0,0,0,543,153,5506,1311,6817,-0.0289506,-0.0604443,-0.997752,1
6075,0,0,0,0,528,140,6743,1301,8044,-0.034915,-0.0434272,-0.998446,1
4808,0,0,0,0,496,126,5430,1309,6739,-0.0507909,-0.00759389,-0.99868,1
4864,0,0,0,0,448,121,5433,1403,6836,-0.0492372,-0.0078336,-0.998756,1
4745,0,0,0,0,508,131,5384,1607,6991,-0.0454623,0.0223524,-0.998716,1
4476,0,0,0,0,435,119,5030,1483,6513,-0.0462341,0.000521554,-0.99893,1
4309,0,0,0,0,389,108,4806,1476,6282,-0.0190095,-0.00822026,-0.999786,1
4468,0,0,0,0,462,126,5056,1536,6592,-0.00936439,0.00946841,-0.999911,1
4433,0,0,0,0,593,176,5202,1309,6511,-0.0542623,0.133462,-0.989567,1
4396,0,0,0,0,628,148,5172,976,6148,-0.0389637,0.0148218,-0.999131,1
4956,0,0,0,0,865,221,6042,1375,7417,-0.0725735,-0.048849,-0.996167,1
3274,0,0,0,0,638,164,4076,1314,5390,-0.0531503,-0.0420734,-0.997699,1
5169,0,0,0,0,1036,276,6481,1798,8279,-0.0737398,-0.074213,-0.994512,1
5174,0,0,0,0,1219,309,6702,2575,9277,-0.0452124,-0.0787464,-0.995869,1
5702,0,0,0,0,1363,350,7415,2893,10308,-0.0545681,-0.0809369,-0.995225,1
6155,0,0,0,0,1448,376,7979,2960,10939,-0.0449673,-0.0907398,-0.994859,1
6170,0,0,0,0,1626,405,8201,3345,11546,-0.0468598,-0.0902541,-0.994816,1
6629,0,0,0,0,1621,415,8665,3027,11692,-0.0432787,-0.0975871,-0.994286,1
4401,0,0,0,0,1253,269,5923,2656,8579,-0.0382737,-0.126476,-0.991231,1
6345,0,0,0,0,1514,398,8257,3994,12251,-0.0374631,-0.122069,-0.991814,1
6111,0,0,0,0,1341,363,7815,3675,11490,-0.047091,-0.116334,-0.992093,1
5968,0,0,0,0,1259,333,7560,3145,10705,-0.0731437,-0.0973776,-0.992556,1
6089,0,0,0,0,1208,291,7588,2589,10177,-0.0681131,-0.0965917,-0.992991,1
6144,0,0,0,0,1094,278,7516,2482,9998,-0.0732541,-0.0708737,-0.994792,1
5758,0,0,0,0,1052,279,7089,2209,9298,-0.0508245,-0.0508842,-0.99741,1
5753,0,0,0,0,1073,267,7093,2097,9190,-0.0497218,-0.0587333,-0.997035,1
5733,0,0,0,0,1044,271,7048,1856,8904,-0.0541312,-0.0813036,-0.995219,1
5832,0,0,0,0,1070,291,7193,1736,8929,-0.068688,-0.0618285,-0.99572,1
5616,0,0,0,0,1037,262,6915,1832,8747,-0.0601914,-0.0517448,-0.996845,1
5338,0,0,0,0,954,240,6532,1552,8084,-0.0668834,-0.0268642,-0.997399,1
5229,0,0,0,0,874,226,6329,1427,7756,-0.0595608,0.00379178,-0.998217,1
4822,0,0,0,0,796,202,5820,1501,7321,-0.071061,-0.0214442,-0.997241,1
4689,0,0,0,0,750,188,5627,1525,7152,-0.0580906,0.0215471,-0.998079,1
4310,0,0,0,0,748,191,5249,1212,6461,-0.0462352,0.0484145,-0.997757,1
4448,0,0,0,0,657,163,5268,993,6261,-0.0339138,0.0862841,-0.995693,1
4414,0,0,0,0,684,183,5281,868,6149,-0.0325253,0.107245,-0.9937,1
4242,0,0,0,0,571,152,4965,652,5617,-0.0337313,0.106801,-0.993708,1
4219,0,0,0,0,577,147,4943,558,5501,-0.0405965,0.178035,-0.983186,1
4462,0,0,0,0,541,145,5148,397,5545,-0.00313567,0.129987,-0.991511,1
4913,0,0,0,0,663,154,5730,440,6170,0.0811532,-0.293863,-0.952396,1
4497,0,0,0,0,659,191,5347,908,6255,-0.0448606,0.0580251,-0.997307,1
4759,0,0,0,0,770,197,5726,979,6705,-0.0507829,0.0952211,-0.99416,1
5031,0,0,0,0,965,237,6233,549,6782,-0.0162862,0.1956,-0.980549,1
5339,0,0,0,0,1065,315,6719,801,7520,-0.0345158,0.0726071,-0.996763,1
7495,0,0,0,0,1589,382,9466,903,10369,-0.00100832,0.0990512,-0.995082,1
5500,0,0,0,0,1206,328,7034,741,7775,-0.00476818,0.0404611,-0.99917,1
5340,0,0,0,0,1205,319,6864,609,7473,0.0245133,0.00968157,-0.999653,1
6085,0,0,0,0,1491,337,7913,753,8666,0.0623344,0.0288007,-0.997639,1
5218,0,0,0,0,1020,260,6498,645,7143,0.0413994,-0.0185104,-0.998971,1
5201,0,0,0,0,952,251,6404,682,7086,0.0178761,-0.050626,-0.998558,1
5784,0,0,0,0,931,248,6963,620,7583,-0.00731373,-0.0165948,-0.999836,1
5338,0,0,0,0,1012,243,6593,620,7213,-0.00848103,0.012025,-0.999892,1
5194,0,0,0,0,938,283,6415,716,7131,-0.0277019,0.0148407,-0.999506,1
5533,0,0,0,0,928,254,6715,708,7423,-0.0367167,0.0208207,-0.999109,1
5252,0,0,0,0,869,270,6391,814,7205,-0.0401528,-0.0249672,-0.998882,1
5564,0,0,0,0,813,221,6598,988,7586,-0.0313108,-0.0441544,-0.998534,1
5819,0,0,0,0,839,202,6860,1328,8188,-0.0198483,-0.0549603,-0.998291,1
5597,0,0,0,0,886,240,6723,1262,7985,-0.0158935,-0.0617397,-0.997966,1
5545,0,0,0,0,800,202,6547,1277,7824,-0.00918983,-0.0326755,-0.999424,1
5255,0,0,0,0,618,171,6044,1449,7493,-0.0100747,-0.0334261,-0.99939,1
4784,0,0,0,0,470,141,5395,1426,6821,0.000261778,0.0352399,-0.999379,1
4452,0,0,0,0,295,84,4831,1319,6150,-0.0149943,0.0372529,-0.999193,1
4342,0,0,0,0,336,93,4771,1317,6088,-0.0130068,-0.0456557,-0.998873,1
4216,0,0,0,0,281,81,4578,1113,5691,-0.0174941,-0.0599831,-0.998046,1
4482,0,0,0,0,302,85,4869,1159,6028,-0.0279102,-0.0432818,-0.998673,1
4351,0,0,0,0,317,90,4758,1164,5922,-0.0209301,-0.0693462,-0.997373,1
4392,0,0,0,0,292,89,4773,1162,5935,-0.0247612,-0.0574496,-0.998041,1
4414,0,0,0,0,340,98,4852,1334,6186,-0.0220756,-0.0318178,-0.99925,1
4114,0,0,0,0,369,106,4589,1294,5883,-0.0423953,-0.0062952,-0.999081,1
4326,0,0,0,0,410,113,4849,1367,6216,-0.0549412,0.00433735,-0.99848,1
4218,0,0,0,0,449,118,4785,1007,5792,-0.0511647,-0.0439471,-0.997723,1
4502,0,0,0,0,492,129,5123,1136,6259,-0.035726,-0.000771865,-0.999361,1
4460,0,0,0,0,554,142,5156,1261,6417,0.0465721,0.0240031,-0.998627,1
4663,0,0,0,0,726,169,5558,912,6470,0.185463,-0.0894717,-0.97857,1
5114,0,0,0,0,1003,216,6333,1676,8009,0.00200602,-0.0694508,-0.997583,1
5341,0,0,0,0,1231,293,6865,1245,8110,-0.0738462,-0.0569118,-0.995645,1
5927,0,0,0,0,1391,344,7662,2484,10146,-0.0632342,-0.0534216,-0.996568,1
5955,0,0,0,0,1454,370,7779,3050,10829,-0.0584778,-0.028921,-0.99787,1
6239,0,0,0,0,1619,407,8265,3565,11830,-0.058932,-0.0284382,-0.997857,1
7255,0,0,0,0,1662,413,9330,3810,13140,-0.0728498,-0.0244526,-0.997043,1
6194,0,0,0,0,1545,402,8141,3809,11950,-0.0555555,-0.0214704,-0.998225,1
6213,0,0,0,0,1437,359,8009,3788,11797,-0.0511217,-0.0239267,-0.998406,1
5984,0,0,0,0,1417,357,7758,3152,10910,-0.0410144,-0.0459707,-0.9981,1
6245,0,0,0,0,1264,356,7865,2682,10547,-0.043279,-0.0720801,-0.99646,1
5830,0,0,0,0,1334,348,7512,2447,9959,-0.0622878,-0.065895,-0.99588,1
5859,0,0,0,0,1243,342,7444,2209,9653,-0.0556505,-0.0751479,-0.995618,1
5406,0,0,0,0,1140,266,6812,2060,8872,-0.0713058,-0.0835965,-0.993945,1
5847,0,0,0,0,1196,297,7340,2022,9362,-0.0700538,-0.09546,-0.992965,1
5967,0,0,0,0,1570,329,7866,1920,9786,-0.0647842,-0.0879182,-0.994019,1
5666,0,0,0,0,1079,345,7090,1783,8873,-0.0669598,-0.102455,-0.992481,1
6235,0,0,0,0,1145,288,7668,1637,9305,-0.0641461,-0.0999966,-0.992918,1
5499,0,0,0,0,974,304,6777,1567,8344,-0.0523559,-0.0883136,-0.994716,1
5357,0,0,0,0,959,267,6583,1461,8044,-0.0558791,-0.0947771,-0.993929,1
4963,0,0,0,0,878,220,6061,1333,7394,-0.0616075,-0.054914,-0.996589,1
4792,0,0,0,0,783,203,5778,1435,7213,-0.0619314,-0.0299087,-0.997632,1
4559,0,0,0,0,818,188,5565,1269,6834,-0.0756985,-0.0398189,-0.996335,1
4407,0,0,0,0,679,176,5262,1268,6530,-0.0604756,-0.0265181,-0.997817,1
4080,0,0,0,0,591,207,4878,1389,6267,-0.0470624,-0.0128319,-0.998809,1
4373,0,0,0,0,565,151,5089,1268,6357,-0.0335807,0.00721564,-0.99941,1
4820,0,0,0,0,709,154,5683,1176,6859,-0.0257908,0.0241081,-0.999377,1
4073,0,0,0,0,599,148,4820,1029,5849,-0.0207416,0.0603555,-0.997962,1
4291,0,0,0,0,620,145,5056,718,5774,-0.0103208,0.142246,-0.989778,1
4582,0,0,0,0,569,140,5291,623,5914,-0.00887331,0.151361,-0.988439,1
4378,0,0,0,0,502,136,5016,626,5642,-0.0294594,0.0358379,-0.998923,1
4079,0,0,0,0,498,133,4710,542,5252,-0.00461642,0.112785,-0.993609,1
4518,0,0,0,0,582,183,5283,560,5843,0.00194153,0.102563,-0.994724,1
4320,0,0,0,0,665,168,5153,554,5707,-0.000703894,0.111083,-0.993811,1
4540,0,0,0,0,779,245,5564,639,6203,-0.0327653,0.0930856,-0.995119,1
5616,0,0,0,0,896,233,6745,593,7338,-0.0130511,0.0252939,-0.999595,1
5339,0,0,0,0,1045,334,6718,833,7551,-0.0243193,0.0302898,-0.999245,1
5764,0,0,0,0,1189,290,7243,735,7978,-0.0195634,0.0864184,-0.996067,1
5672,0,0,0,0,1110,284,7066,541,7607,-0.0191267,0.0779149,-0.996777,1
5489,0,0,0,0,1232,274,6995,501,7496,-0.00460306,0.0459942,-0.998931,1
6226,0,0,0,0,1008,251,7485,538,8023,-0.00712425,0.0734834,-0.997271,1
5729,0,0,0,0,842,215,6786,777,7563,-0.0185667,0.0444745,-0.998838,1
5485,0,0,0,0,790,178,6453,797,7250,0.000837273,0.0441966,-0.999022,1
5127,0,0,0,0,537,143,5807,1060,6867,-0.00264013,0.0132279,-0.999909,1
4780,0,0,0,0,482,122,5384,1196,6580,0.00239094,-0.007781,-0.999967,1
5013,0,0,0,0,401,112,5526,1290,6816,0.00645343,-0.00655965,-0.999958,1
4431,0,0,0,0,485,118,5034,1261,6295,-0.00219264,-0.0300993,-0.999545,1
4408,0,0,0,0,444,114,4966,1306,6272,-0.0099994,-0.0527329,-0.998558,1
4420,0,0,0,0,462,142,5024,1206,6230,-0.0144623,-0.0484509,-0.998721,1
4355,0,0,0,0,427,111,4893,1230,6123,-0.0109867,-0.0656211,-0.997784,1
4518,0,0,0,0,413,107,5038,1166,6204,-0.00162204,-0.0598145,-0.998208,1
4398,0,0,0,0,427,103,4928,1198,6126,-0.00750663,-0.0670771,-0.99772,1
4202,0,0,0,0,362,96,4660,969,5629,-0.0127806,-0.0691812,-0.997522,1
4251,0,0,0,0,353,93,4697,883,5580,-0.0142949,-0.0669032,-0.997657,1
4248,0,0,0,0,331,88,4667,813,5480,-0.00594543,-0.105235,-0.99443,1
4198,0,0,0,0,290,80,4568,774,5342,0.0186787,-0.181362,-0.983239,1
4290,0,0,0,0,338,93,4721,890,5611,0.0121289,-0.120705,-0.992614,1
4040,0,0,0,0,224,73,4337,705,5042,0.0408789,-0.26283,-0.963976,1
3941,0,0,0,0,266,100,4307,841,5148,0.107643,-0.156513,-0.981793,1
4081,0,0,0,0,244,75,4400,701,5101,0.0367079,-0.281455,-0.958872,1
3911,0,0,0,0,323,87,4321,616,4937,0.145166,-0.125443,-0.981423,1
4113,0,0,0,0,353,102,4568,768,5336,0.0777175,-0.199027,-0.976907,1
4165,0,0,0,0,409,133,4707,802,5509,0.0517433,-0.226897,-0.972543,1
4065,0,0,0,0,403,112,4580,893,5473,0.0697161,-0.229019,-0.970923,1
4206,0,0,0,0,397,110,4713,939,5652,0.0728473,-0.242174,-0.967494,1
3556,0,0,0,0,518,134,4208,877,5085,0.0483653,-0.176476,-0.983116,1
3984,0,0,0,0,448,139,4571,1079,5650,0.00840146,-0.0963781,-0.995309,1
4094,0,0,0,0,501,142,4737,1115,5852,-0.0229411,-0.0549143,-0.998227,1
3992,0,0,0,0,521,138,4651,1106,5757,-0.0154671,-0.0187105,-0.999705,1
4213,0,0,0,0,637,183,5033,806,5839,-0.00982596,0.0396032,-0.999167,1
4465,0,0,0,0,722,182,5369,1208,6577,0.301979,-0.191664,-0.933849,1
4724,0,0,0,0,794,214,5732,1584,7316,-0.034004,-0.0980203,-0.994604,1
4546,0,0,0,0,929,234,5709,1194,6903,-0.0251844,-0.0395839,-0.998899,1
4814,0,0,0,0,1007,250,6071,1070,7141,0.0948766,-0.0447652,-0.994482,1
5360,0,0,0,0,1295,287,6942,1565,8507,0.234448,-0.0380194,-0.971385,1
4767,0,0,0,0,1145,306,6218,1761,7979,0.247871,-0.0270899,-0.968414,1
5591,0,0,0,0,1477,390,7458,3557,11015,0.00171635,0.0517762,-0.998657,1
6088,0,0,0,0,1568,385,8041,2323,10364,-0.010397,0.0403973,-0.99913,1
6121,0,0,0,0,1605,439,8165,2806,10971,-0.0202357,0.0119815,-0.999723,1
6316,0,0,0,0,1608,456,8380,3047,11427,-0.0339713,-0.00664741,-0.999401,1
6532,0,0,0,0,2010,302,8844,2124,10968,-0.0505868,-0.0155126,-0.998599,1
4363,0,0,0,0,1086,280,5729,2216,7945,-0.0430662,-0.0226254,-0.998816,1
6256,0,0,0,0,1383,361,8000,2957,10957,-0.0411433,-0.0139994,-0.999055,1
5728,0,0,0,0,1380,356,7464,3002,10466,-0.0575326,-0.0233464,-0.998071,1
5699,0,0,0,0,1387,438,7524,3100,10624,-0.0590989,-0.0184829,-0.998081,1
5918,0,0,0,0,1320,318,7556,3718,11274,-0.0463385,-0.0437647,-0.997967,1
6035,0,0,0,0,1361,344,7740,3703,11443,-0.0565272,-0.00615028,-0.998382,1
6533,0,0,0,0,1176,288,7997,3306,11303,-0.0620859,-0.0631807,-0.996069,1
6081,0,0,0,0,1123,305,7509,2518,10027,-0.062911,-0.0557872,-0.996459,1
4255,0,0,0,0,1005,209,5469,1555,7024,-0.0587566,-0.08123,-0.994962,1
5673,0,0,0,0,1066,263,7002,1906,8908,-0.045584,-0.0717126,-0.996383,1
5537,0,0,0,0,1095,266,6898,1745,8643,-0.0537746,-0.0419145,-0.997673,1
5481,0,0,0,0,1092,310,6883,1602,8485,-0.0525879,-0.0354905,-0.997986,1
5513,0,0,0,0,1089,323,6925,1340,8265,-0.0647201,-0.0385399,-0.997159,1
5425,0,0,0,0,1012,239,6676,1360,8036,-0.067426,-0.017671,-0.997568,1
4958,0,0,0,0,920,221,6099,1284,7383,-0.0644049,-0.0213545,-0.997695,1
4813,0,0,0,0,785,200,5798,1201,6999,-0.0713634,-0.0341021,-0.996867,1
4745,0,0,0,0,765,245,5755,1121,6876,-0.0534264,-0.032769,-0.998034,1
4524,0,0,0,0,698,176,5398,1089,6487,-0.0487184,-0.0237976,-0.998529,1
4347,0,0,0,0,657,165,5169,1229,6398,-0.0472631,-0.0375029,-0.998179,1
4357,0,0,0,0,630,158,5145,1133,6278,-0.0479755,-0.0263651,-0.9985,1
4333,0,0,0,0,604,153,5090,1013,6103,-0.0529882,-0.0528536,-0.997196,1
4208,0,0,0,0,568,148,4924,1050,5974,-0.0567807,-0.046648,-0.997297,1
4252,0,0,0,0,555,144,4951,1233,6184,-0.0355113,-0.031791,-0.998864,1
4300,0,0,0,0,511,152,4963,1154,6117,-0.0504905,-0.0228519,-0.998463,1
4076,0,0,0,0,497,137,4710,1092,5802,-0.060752,-0.0279098,-0.997763,1
4049,0,0,0,0,568,135,4752,1101,5853,-0.0554754,-0.00132141,-0.998459,1
4088,0,0,0,0,553,134,4775,992,5767,-0.0489814,0.0107865,-0.998742,1
3974,0,0,0,0,521,133,4628,1162,5790,-0.0413507,0.0264889,-0.998793,1
4530,0,0,0,0,478,153,5161,946,6107,-0.0420723,0.0195423,-0.998923,1
3971,0,0,0,0,476,128,4575,608,5183,-0.0275856,0.057882,-0.997943,1
4084,0,0,0,0,547,170,4801,449,5250,-0.0185937,0.0477428,-0.998686,1
4060,0,0,0,0,548,153,4761,707,5468,-0.0138518,0.111318,-0.993688,1
4339,0,0,0,0,676,205,5220,533,5753,0.0887487,0.148225,-0.984963,1
4443,0,0,0,0,718,189,5350,590,5940,-0.00669348,0.252324,-0.96762,1
4630,0,0,0,0,812,196,5638,774,6412,0.0606621,0.154132,-0.986186,1
5050,0,0,0,0,899,226,6175,612,6787,0.154529,0.1253,-0.980011,1
5396,0,0,0,0,999,256,6651,615,7266,0.0412989,0.130854,-0.990541,1
5635,0,0,0,0,1092,349,7076,715,7791,-0.0752975,0.0854615,-0.993492,1
5678,0,0,0,0,1120,311,7109,4856,11965,-0.419957,0.529227,-0.737261,1
5549,0,0,0,0,1114,306,6969,1678,8647,0.00449505,0.437747,-0.899087,1
5577,0,0,0,0,1133,318,7028,629,7657,-0.0294754,-0.00597943,-0.999547,1
5537,0,0,0,0,1036,268,6841,1390,8231,-0.0282635,-0.00806214,-0.999568,1
5512,0,0,0,0,1034,260,6806,549,7355,-0.0371806,0.157722,-0.986783,1
5511,0,0,0,0,1110,269,6890,604,7494,0.00826585,-0.0499054,-0.99872,1
5574,0,0,0,0,1052,259,6885,1001,7886,0.0133929,-0.0052796,-0.999896,1
5428,0,0,0,0,1006,265,6699,979,7678,0.019299,-0.0046555,-0.999803,1
5672,0,0,0,0,948,227,6847,1034,7881,0.0151373,0.0265665,-0.999532,1
5228,0,0,0,0,885,243,6356,1075,7431,0.00573809,0.0277507,-0.999599,1
5207,0,0,0,0,769,205,6181,1005,7186,-0.0149662,0.0451802,-0.998867,1
5272,0,0,0,0,645,190,6107,1074,7181,-0.00526444,0.0818669,-0.996629,1
5271,0,0,0,0,458,125,5854,1119,6973,0.00144198,0.0546084,-0.998507,1
4708,0,0,0,0,393,122,5223,1034,6257,-0.0046913,0.00128192,-0.999988,1
4665,0,0,0,0,353,87,5105,1122,6227,-0.00350995,0.0103378,-0.99994,1
4255,0,0,0,0,237,78,4570,1112,5682,-0.00740323,-0.00337303,-0.999967,1
4398,0,0,0,0,179,69,4646,1100,5746,0.00341588,-0.0222915,-0.999746,1
4085,0,0,0,0,203,61,4349,1086,5435,0.00201734,-0.0148571,-0.999887,1
4070,0,0,0,0,141,66,4277,1118,5395,0.0171786,-0.0324415,-0.999326,1
3990,0,0,0,0,133,53,4176,1186,5362,-0.00394963,-0.0349775,-0.999381,1
4006,0,0,0,0,135,61,4202,1209,5411,-0.00176631,-0.0315062,-0.999502,1
4034,0,0,0,0,146,52,4232,1278,5510,0.004024,-0.0266098,-0.999638,1
3999,0,0,0,0,167,53,4219,1280,5499,-0.00271231,-0.038681,-0.999248,1
3829,0,0,0,0,192,79,4100,1369,5469,-0.00980683,-0.0375529,-0.999247,1
3972,0,0,0,0,267,78,4317,1481,5798,-0.0222911,-0.0396496,-0.998965,1
4677,0,0,0,0,399,121,5197,1964,7161,-0.0480205,-0.0115705,-0.998779,1
4318,0,0,0,0,444,113,4875,2022,6897,-0.0506202,-0.0287022,-0.998306,1
4365,0,0,0,0,556,144,5065,1727,6792,-0.0446587,-0.016097,-0.998873,1
4719,0,0,0,0,707,176,5602,1332,6934,-0.0365387,0.0284328,-0.998928,1
3676,0,0,0,0,722,181,4579,896,5475,0.241839,-0.478704,-0.844012,1
2758,0,0,0,0,659,155,3572,517,4089,-0.0485368,-0.0105777,-0.998765,1
6643,0,0,0,0,1669,412,8724,1090,9814,-0.0354421,0.100548,-0.9943,1
5851,0,0,0,0,1584,407,7842,1833,9675,0.00377092,0.109968,-0.993928,1
5945,0,0,0,0,1677,437,8059,2557,10616,-0.0010297,0.0900987,-0.995933,1
6091,0,0,0,0,1678,420,8189,3275,11464,-0.00261787,0.100632,-0.99492,1
6294,0,0,0,0,1627,388,8309,3367,11676,-0.0169962,0.0972425,-0.995116,1
6242,0,0,0,0,1681,410,8333,3401,11734,-0.0391306,0.0724371,-0.996605,1
6097,0,0,0,0,1467,349,7913,3597,11510,-0.0645857,0.0575616,-0.996251,1
6162,0,0,0,0,1379,335,7876,3658,11534,-0.0697158,0.0474443,-0.996438,1
5889,0,0,0,0,1263,298,7450,3382,10832,-0.0707741,0.0298629,-0.997045,1
5962,0,0,0,0,1131,310,7403,2832,10235,-0.0821808,0.0342018,-0.99603,1
5791,0,0,0,0,1046,276,7113,2359,9472,-0.0908604,0.0432763,-0.994923,1
5727,0,0,0,0,1042,240,7009,1969,8978,-0.0828418,0.0635518,-0.994534,1
5576,0,0,0,0,931,266,6773,2173,8946,-0.0720316,0.0399293,-0.996603,1
5580,0,0,0,0,969,217,6766,1647,8413,-0.080934,0.0465174,-0.995634,1
5443,0,0,0,0,860,206,6509,1588,8097,-0.0648989,0.0611949,-0.996014,1
5029,0,0,0,0,898,195,6122,1331,7453,-0.0526786,0.0993184,-0.99366,1
4963,0,0,0,0,773,181,5917,1272,7189,-0.0461504,0.0790697,-0.9958,1
4381,0,0,0,0,688,180,5249,1244,6493,-0.0386262,0.116365,-0.992455,1
4414,0,0,0,0,658,205,5277,1113,6390,-0.0325457,0.0896851,-0.995438,1
4209,0,0,0,0,598,179,4986,1090,6076,-0.0199946,0.101568,-0.994628,1
4055,0,0,0,0,522,140,4717,1008,5725,-0.0221901,0.162084,-0.986528,1
4128,0,0,0,0,507,159,4794,1116,5910,-0.0140545,0.144699,-0.989376,1
4233,0,0,0,0,512,137,4882,919,5801,-0.0153336,0.154369,-0.987894,1
4175,0,0,0,0,496,135,4806,975,5781,-0.00542871,0.195538,-0.980681,1
4451,0,0,0,0,515,138,5104,856,5960,0.00533542,0.20366,-0.979027,1
4253,0,0,0,0,529,184,4966,648,5614,0.0155581,0.224677,-0.974309,1
4274,0,0,0,0,566,150,4990,552,5542,0.0359143,0.195738,-0.979998,1
4663,0,0,0,0,600,159,5422,535,5957,0.0296008,0.24918,-0.968005,1
4653,0,0,0,0,685,169,5507,671,6178,0.00700894,0.164937,-0.986279,1
4280,0,0,0,0,669,171,5120,554,5674,0.0593643,0.143765,-0.98783,1
5367,0,0,0,0,676,203,6246,556,6802,0.0279812,-0.0240224,-0.99932,1
4616,0,0,0,0,732,176,5524,516,6040,-0.00942271,0.101459,-0.994795,1
4621,0,0,0,0,669,175,5465,562,6027,0.00225982,0.0812496,-0.996691,1
4338,0,0,0,0,723,213,5274,869,6143,0.0150352,0.0658695,-0.997715,1
4347,0,0,0,0,650,172,5169,847,6016,0.0231729,0.0856283,-0.996058,1
4365,0,0,0,0,664,173,5202,852,6054,0.0457077,0.107908,-0.993109,1
4418,0,0,0,0,657,187,5262,400,5662,-0.00761572,0.206351,-0.978448,1
4398,0,0,0,0,804,180,5382,641,6023,0.0851339,0.125372,-0.98845,1
4407,0,0,0,0,724,192,5323,570,5893,0.0528434,0.0390946,-0.997837,1
4664,0,0,0,0,800,225,5689,401,6090,0.0190199,0.175706,-0.984259,1
4556,0,0,0,0,778,234,5568,692,6260,0.032785,0.178179,-0.983452,1
4747,0,0,0,0,928,262,5937,799,6736,0.0495545,0.137961,-0.989197,1
4760,0,0,0,0,1060,286,6106,714,6820,0.0698941,0.156505,-0.985201,1
4790,0,0,0,0,1029,259,6078,789,6867,0.0531721,0.101317,-0.993433,1
4845,0,0,0,0,1086,282,6213,521,6734,0.0609222,0.0994071,-0.99318,1
5008,0,0,0,0,1040,275,6323,715,7038,0.0529167,0.0875828,-0.994751,1
4867,0,0,0,0,1080,301,6248,753,7001,0.0482361,0.089534,-0.994815,1
4977,0,0,0,0,1157,296,6430,674,7104,0.0216651,0.0591025,-0.998017,1
5008,0,0,0,0,1138,282,6428,472,6900,0.0442027,0.103113,-0.993687,1
4909,0,0,0,0,1096,280,6285,773,7058,-0.00730194,0.0216979,-0.999738,1
4931,0,0,0,0,1071,265,6267,-1000,-1000,-1,-1,-1,1
5001,0,0,0,0,1050,271,6322,675,6997,0.0163437,-0.000128226,-0.999867,1
5092,0,0,0,0,1114,277,6483,1439,7922,0.0112481,0.0178228,-0.999778,1
4893,0,0,0,0,1324,267,6484,1355,7839,0.0102634,0.0122649,-0.999872,1
4847,0,0,0,0,1030,261,6138,1399,7537,0.0141163,0.010019,-0.99985,1
5025,0,0,0,0,1023,276,6324,1325,7649,0.0170419,0.00897803,-0.999814,1
5191,0,0,0,0,1116,277,6584,1354,7938,0.0081059,0.0206553,-0.999754,1
5298,0,0,0,0,1299,265,6862,1279,8141,0.00650869,0.0178539,-0.99982,1
5102,0,0,0,0,1020,276,6398,1341,7739,0.00586362,0.0165112,-0.999847,1
5034,0,0,0,0,1082,405,6521,1340,7861,0.0184183,0.0126858,-0.99975,1
4959,0,0,0,0,1086,286,6331,1282,7613,0.00513236,0.02547,-0.999662,1
4947,0,0,0,0,1039,277,6263,1263,7526,0.00933459,0.0156895,-0.999833,1
4996,0,0,0,0,1047,272,6315,1316,7631,0.001281,0.0262784,-0.999654,1
4830,0,0,0,0,1018,293,6141,1336,7477,0.00190077,0.0231218,-0.999731,1
4857,0,0,0,0,1093,266,6216,1386,7602,0.00226868,0.0276123,-0.999616,1
4931,0,0,0,0,1069,312,6312,1390,7702,0.00109156,0.0198197,-0.999803,1
4908,0,0,0,0,1096,313,6317,1395,7712,0.00229663,0.0188297,-0.99982,1
4835,0,0,0,0,1014,258,6107,1354,7461,0.00406575,0.0215789,-0.999759,1
4803,0,0,0,0,1049,257,6109,1419,7528,0.000641721,0.0185178,-0.999828,1
4920,0,0,0,0,1049,315,6284,1321,7605,-0.00193076,0.0182112,-0.999832,1
5020,0,0,0,0,1053,284,6357,1389,7746,0.000525616,0.0186487,-0.999826,1
4885,0,0,0,0,1042,260,6187,420,6607,0.0478514,-0.000534483,-0.998855,1
4802,0,0,0,0,1013,254,6069,621,6690,0.0376745,-0.0101761,-0.999238,1
5026,0,0,0,0,1042,262,6330,1297,7627,0.00663555,0.00968919,-0.999931,1
4788,0,0,0,0,1018,286,6092,1322,7414,0.00789034,0.0143144,-0.999867,1
4950,0,0,0,0,1065,265,6280,1359,7639,0.00373819,0.0233543,-0.99972,1
4884,0,0,0,0,1029,264,6177,1443,7620,0.00502046,0.0187292,-0.999812,1
5201,0,0,0,0,1095,316,6612,1424,8036,0.00949835,0.017564,-0.999801,1
4973,0,0,0,0,1029,261,6263,1436,7699,0.010437,0.0190267,-0.999764,1
4952,0,0,0,0,1097,278,6327,1383,7710,-0.000496083,0.0171067,-0.999854,1
5333,0,0,0,0,1030,261,6624,1347,7971,0.00800076,0.0207525,-0.999752,1
4887,0,0,0,0,1100,290,6277,1313,7590,0.0024378,0.0212627,-0.999771,1
4962,0,0,0,0,1109,290,6361,1333,7694,0.00254279,0.0165586,-0.99986,1
4857,0,0,0,0,1135,269,6261,1289,7550,0.0133774,0.0180586,-0.999748,1
4855,0,0,0,0,1193,295,6343,1328,7671,0.0102206,0.0159993,-0.99982,1
4798,0,0,0,0,1057,304,6159,1367,7526,0.0025823,0.0180933,-0.999833,1
4904,0,0,0,0,1128,302,6334,1383,7717,0.00149134,0.0140327,-0.9999,1
5020,0,0,0,0,1162,299,6481,1382,7863,0.00172675,0.0214245,-0.999769,1
4829,0,0,0,0,1058,321,6208,1374,7582,0.0105893,0.0185163,-0.999773,1
5027,0,0,0,0,1082,285,6394,1395,7789,0.00734039,0.00929793,-0.99993,1
4953,0,0,0,0,1158,306,6417,1347,7764,-0.00764096,0.0210992,-0.999748,1
4903,0,0,0,0,1062,314,6279,1428,7707,0.00109778,0.0223386,-0.99975,1
4887,0,0,0,0,1051,297,6235,1372,7607,0.00539479,0.0201224,-0.999783,1
5321,0,0,0,0,1079,278,6678,1491,8169,0.0016366,0.0260069,-0.99966,1
5157,0,0,0,0,1150,271,6578,1473,8051,0.0119532,0.0204597,-0.999719,1
5073,0,0,0,0,1084,279,6436,1411,7847,0.0127938,0.0194212,-0.999729,1
4966,0,0,0,0,1061,313,6340,1378,7718,0.00456537,0.0214135,-0.99976,1
4961,0,0,0,0,1070,303,6334,1312,7646,0.01425,0.0175881,-0.999744,1
4953,0,0,0,0,1026,303,6282,1379,7661,0.00787604,0.0163164,-0.999836,1
5003,0,0,0,0,1129,276,6408,1355,7763,0.00907508,0.0112351,-0.999896,1
4938,0,0,0,0,1077,272,6287,1424,7711,-0.00244341,0.0302414,-0.99954,1
4864,0,0,0,0,1310,277,6451,1331,7782,0.0130306,0.0152104,-0.999799,1
4827,0,0,0,0,1017,282,6126,1458,7584,0.00263544,0.0161545,-0.999866,1
4913,0,0,0,0,1186,302,6401,1367,7768,0.00398149,0.0202867,-0.999786,1
4803,0,0,0,0,1050,332,6185,1447,7632,0.00438104,0.0146535,-0.999883,1
5367,0,0,0,0,1086,303,6756,1465,8221,0.0098894,0.0126947,-0.999871,1
4826,0,0,0,0,1056,272,6154,1532,7686,0.000889824,0.0177779,-0.999842,1
4918,0,0,0,0,1059,297,6274,1495,7769,0.00874931,0.0186707,-0.999788,1
4875,0,0,0,0,1095,299,6269,1444,7713,-8.16158e-05,0.0246143,-0.999697,1
4976,0,0,0,0,1086,299,6361,1288,7649,0.000197965,0.0190703,-0.999818,1
4916,0,0,0,0,1121,296,6333,1298,7631,0.006058,0.016066,-0.999852,1
4877,0,0,0,0,1108,292,6277,1400,7677,0.0151485,0.0116917,-0.999817,1
5288,0,0,0,0,1338,265,6891,1367,8258,0.00636687,0.0139533,-0.999882,1
5030,0,0,0,0,1073,259,6362,1344,7706,0.00188875,0.0281299,-0.999603,1
4880,0,0,0,0,1042,293,6215,1398,7613,0.00883987,0.0226037,-0.999706,1
4922,0,0,0,0,1090,315,6327,1346,7673,0.0141944,0.0133396,-0.999811,1
4878,0,0,0,0,1062,297,6237,1487,7724,0.00342826,0.0199482,-0.999795,1
4890,0,0,0,0,1084,302,6276,1380,7656,0.00014659,0.0157115,-0.999877,1
4868,0,0,0,0,1124,298,6290,1439,7729,-0.00238088,0.0234196,-0.999723,1
5002,0,0,0,0,1074,274,6350,1394,7744,-0.00181219,0.0235307,-0.999722,1
4954,0,0,0,0,1085,262,6301,1373,7674,0.00460081,0.016638,-0.999851,1
4859,0,0,0,0,1026,311,6196,1372,7568,0.0112415,0.0168947,-0.999794,1
4942,0,0,0,0,1045,261,6248,1376,7624,0.00413591,0.0186076,-0.999818,1
4910,0,0,0,0,1079,261,6250,1532,7782,0.0150101,0.0116488,-0.99982,1
4804,0,0,0,0,1010,257,6071,1480,7551,0.00221012,0.0243008,-0.999703,1
4846,0,0,0,0,1010,270,6126,1385,7511,0.0056092,0.0188553,-0.999807,1
4857,0,0,0,0,1125,274,6256,1367,7623,0.0121643,0.0132886,-0.999838,1
4854,0,0,0,0,1022,283,6159,1370,7529,0.00557661,0.016534,-0.999848,1
5035,0,0,0,0,1023,264,6322,1348,7670,0.00678013,0.0130531,-0.999892,1
4882,0,0,0,0,1049,259,6190,1434,7624,0.00836251,0.0131184,-0.999879,1
5008,0,0,0,0,1089,308,6405,1390,7795,0.00433492,0.0176566,-0.999835,2
4984,0,0,0,0,1122,270,6376,1559,7935,0.00597498,0.0162752,-0.99985,2
4852,0,0,0,0,1222,306,6380,1475,7855,0.0163794,0.0118072,-0.999796,2
4904,0,0,0,0,1129,322,6355,1414,7769,0.00566849,0.0153826,-0.999866,2
5134,0,0,0,0,1165,300,6599,1401,8000,0.00797962,0.0128105,-0.999886,2
4946,0,0,0,0,1099,264,6309,1377,7686,0.0137867,0.0117539,-0.999836,2
4995,0,0,0,0,1104,296,6395,1298,7693,0.00850902,0.013326,-0.999875,2
5091,0,0,0,0,1150,264,6505,1597,8102,0.00504375,0.0158842,-0.999861,2
5022,0,0,0,0,1036,262,6320,1393,7713,0.0109024,0.0107903,-0.999882,2
4919,0,0,0,0,1092,262,6273,1392,7665,0.00788459,0.0152886,-0.999852,2
7419,0,0,0,0,1182,266,8867,1642,10509,0.00513631,0.017899,-0.999827,2
4841,0,0,0,0,1041,262,6144,1496,7640,0.0120992,0.0118763,-0.999856,2
4834,0,0,0,0,1381,342,6557,1095,7652,0.00793051,0.0138877,-0.999872,2
4871,0,0,0,0,1056,260,6187,1388,7575,0.00498811,0.0111037,-0.999926,2
4935,0,0,0,0,1137,262,6334,1316,7650,0.0085675,0.00848307,-0.999927,2
4918,0,0,0,0,1084,264,6266,1364,7630,0.00948376,0.0148636,-0.999845,2
4888,0,0,0,0,1033,260,6181,1348,7529,0.00316589,0.0168432,-0.999853,2
4869,0,0,0,0,1096,294,6259,1322,7581,0.00986667,0.0110155,-0.999891,2
4819,0,0,0,0,1042,262,6123,1409,7532,0.00587792,0.022258,-0.999735,2
4885,0,0,0,0,1117,303,6305,1333,7638,0.00894106,0.0126966,-0.999879,2
5040,0,0,0,0,1110,280,6430,1387,7817,0.00183977,0.0102885,-0.999946,2
4946,0,0,0,0,1105,300,6351,1345,7696,-0.00451767,0.0141695,-0.999889,2
4897,0,0,0,0,1102,291,6290,1434,7724,-0.000910206,0.00901092,-0.999959,2
5040,0,0,0,0,1077,292,6409,1403,7812,0.00188421,0.00842653,-0.999963,2
4966,0,0,0,0,1045,293,6304,1432,7736,0.0107409,0.0144071,-0.999838,2
4911,0,0,0,0,1041,268,6220,1493,7713,0.00601308,0.0107318,-0.999924,2
4891,0,0,0,0,1047,292,6230,1414,7644,0.0074833,0.0098,-0.999924,2
4952,0,0,0,0,1023,261,6236,1459,7695,0.00174289,0.0179724,-0.999837,2
5013,0,0,0,0,1154,334,6501,1744,8245,0.00682354,0.0129689,-0.999893,2
5078,0,0,0,0,1084,291,6453,1472,7925,0.00319703,0.0171918,-0.999847,2
5387,0,0,0,0,1054,296,6737,1425,8162,-0.00109179,0.00544418,-0.999985,2
4887,0,0,0,0,1122,314,6323,464,6787,0.0376205,-0.00351782,-0.999286,2
4946,0,0,0,0,1115,280,6341,436,6777,0.00204741,0.00697917,-0.999974,2
4921,0,0,0,0,1181,268,6370,1430,7800,0.00304568,0.0163286,-0.999862,2
4938,0,0,0,0,1170,296,6404,1390,7794,-0.0039279,0.0136843,-0.999899,2
4902,0,0,0,0,1069,296,6267,1399,7666,0.0118121,0.0132114,-0.999843,2
4945,0,0,0,0,1142,286,6373,1406,7779,0.001173,0.0160924,-0.99987,2
4969,0,0,0,0,1069,280,6318,1373,7691,0.0037741,0.0114899,-0.999927,2
4881,0,0,0,0,1086,304,6271,1400,7671,0.015069,0.00500512,-0.999874,2
5152,0,0,0,0,1075,264,6491,1402,7893,0.00587291,0.00728666,-0.999956,2
4953,0,0,0,0,1149,278,6380,1423,7803,-0.00250226,0.0046862,-0.999986,2
4923,0,0,0,0,1097,286,6306,1349,7655,0.00551962,0.00896392,-0.999945,2
4922,0,0,0,0,1073,309,6304,1423,7727,0.0121232,0.00965267,-0.99988,2
4932,0,0,0,0,1048,279,6259,1373,7632,0.0111022,0.0127906,-0.999857,2
5060,0,0,0,0,1041,280,6381,1467,7848,0.00256567,0.00668059,-0.999975,2
4940,0,0,0,0,1162,299,6401,1416,7817,0.00439158,0.0087394,-0.999952,2
4935,0,0,0,0,1053,276,6264,1425,7689,0.00354604,0.0114707,-0.999928,2
5049,0,0,0,0,1081,277,6407,1389,7796,0.00785826,0.00797629,-0.999938,2
4878,0,0,0,0,1173,304,6355,1552,7907,0.000249814,0.00935244,-0.999956,2
5067,0,0,0,0,1123,305,6495,1466,7961,0.00125198,0.0102713,-0.999946,2
5003,0,0,0,0,1101,279,6383,1406,7789,7.0666e-05,0.00608621,-0.999981,2
5009,0,0,0,0,1086,307,6402,1391,7793,0.000768364,0.00761281,-0.999971,2
5001,0,0,0,0,1076,306,6383,1459,7842,0.000539207,0.0112641,-0.999936,2
5025,0,0,0,0,1125,301,6451,1621,8072,0.000669572,0.00847731,-0.999964,2
5586,0,0,0,0,1036,266,6888,1459,8347,-0.00418786,0.0184076,-0.999822,2
5071,0,0,0,0,1027,284,6382,1426,7808,0.000734097,0.0109191,-0.99994,2
5107,0,0,0,0,1111,267,6485,1476,7961,0.00699423,0.00281582,-0.999972,2
5032,0,0,0,0,1033,278,6343,1441,7784,0.00799956,0.00516476,-0.999955,2
5739,0,0,0,0,1124,275,7138,1382,8520,0.00198667,0.00826137,-0.999964,2
5032,0,0,0,0,1116,267,6415,1413,7828,0.00693748,0.00669029,-0.999954,2
5150,0,0,0,0,1096,295,6541,1542,8083,0.00272293,0.0141854,-0.999895,2
4929,0,0,0,0,1030,306,6265,1440,7705,0.00722724,0.00391302,-0.999966,2
5045,0,0,0,0,1070,298,6413,1472,7885,0.00345188,0.0056184,-0.999978,2
4906,0,0,0,0,1186,265,6357,1379,7736,-7.32222e-05,0.00740344,-0.999973,2
5101,0,0,0,0,1316,334,6751,1389,8140,0.0122079,0.00586326,-0.999908,2
4949,0,0,0,0,1123,306,6378,1420,7798,0.00418993,0.00307964,-0.999987,2
5029,0,0,0,0,1123,300,6452,1506,7958,-0.00125448,0.00759873,-0.99997,2
5211,0,0,0,0,1097,266,6574,1446,8020,0.00787201,0.012174,-0.999895,2
5023,0,0,0,0,1126,279,6428,1443,7871,0.00631781,0.00708868,-0.999955,2
5238,0,0,0,0,1092,266,6596,1626,8222,0.00190485,0.00731387,-0.999972,2
5073,0,0,0,0,1143,264,6480,1424,7904,0.00223084,0.00845479,-0.999962,2
4931,0,0,0,0,1135,300,6366,1407,7773,0.00371888,0.0125114,-0.999915,2
4913,0,0,0,0,1120,263,6296,1465,7761,0.0059616,0.00409787,-0.999974,2
5229,0,0,0,0,1071,263,6563,1429,7992,-0.00260143,0.0107989,-0.999938,2
5059,0,0,0,0,1078,306,6443,1556,7999,0.0103995,0.004088,-0.999937,2
5220,0,0,0,0,1089,323,6632,1440,8072,0.00533275,0.00934636,-0.999942,2
5036,0,0,0,0,1039,283,6358,1441,7799,0.00673916,0.0096618,-0.999931,2
4942,0,0,0,0,1105,265,6312,1415,7727,0.00229393,0.00812363,-0.999964,2
5120,0,0,0,0,1055,278,6453,1418,7871,-0.000622602,0.0135368,-0.999908,2
5207,0,0,0,0,1052,281,6540,1434,7974,-0.00455392,0.0119318,-0.999919,2
5198,0,0,0,0,1087,263,6548,1367,7915,0.000135801,0.00949841,-0.999955,2
4985,0,0,0,0,1463,272,6720,1440,8160,0.00575287,-0.000165987,-0.999983,2
5088,0,0,0,0,1025,303,6416,1402,7818,-0.00688047,0.00921472,-0.999934,2
5035,0,0,0,0,1083,260,6378,403,6781,0.353651,-0.0673417,-0.93295,2
5289,0,0,0,0,1083,273,6645,659,7304,0.000261688,-0.0199331,-0.999801,2
5084,0,0,0,0,1138,278,6500,1422,7922,-0.0026464,0.00722446,-0.999971,2
5128,0,0,0,0,1095,277,6500,1390,7890,0.0035464,0.00478712,-0.999983,2
5106,0,0,0,0,1040,277,6423,1473,7896,-0.00178159,0.00483893,-0.999987,2
5038,0,0,0,0,1055,277,6370,1354,7724,0.00905362,0.00145689,-0.999958,2
5017,0,0,0,0,1151,267,6435,1740,8175,-0.00987433,0.0112141,-0.999888,2
5083,0,0,0,0,1143,303,6529,1407,7936,-0.000217831,0.00938907,-0.999956,2
5277,0,0,0,0,1024,277,6578,1524,8102,-0.0111342,0.0140725,-0.999839,2
3470,0,0,0,0,719,193,4382,-1000,-1000,-1,-1,-1,2
5138,0,0,0,0,1098,276,6512,558,7070,0.0286088,-0.0279443,-0.9992,2
5146,0,0,0,0,1064,283,6493,1509,8002,-0.0110311,0.00255352,-0.999936,2
5213,0,0,0,0,1152,274,6639,-1000,-1000,-1,-1,-1,2
5289,0,0,0,0,1113,261,6663,846,7509,-0.0119204,0.0260915,-0.999588,2
5119,0,0,0,0,1143,301,6563,504,7067,-0.136568,0.0284556,-0.990222,2
5193,0,0,0,0,1175,265,6633,741,7374,-0.0412205,0.0033998,-0.999144,2
5178,0,0,0,0,1121,317,6616,523,7139,-0.0237299,0.0484166,-0.998545,2
5172,0,0,0,0,1086,266,6524,550,7074,-0.0217042,0.0458772,-0.998711,2
5052,0,0,0,0,1092,266,6410,623,7033,-0.000838444,0.0186157,-0.999826,2
5019,0,0,0,0,1163,277,6459,1409,7868,-0.0008858,0.00556183,-0.999984,2
5154,0,0,0,0,1097,288,6539,1633,8172,0.00822367,-0.0003522,-0.999966,2
4986,0,0,0,0,1091,271,6348,1447,7795,-0.00777576,0.00169929,-0.999968,2
5023,0,0,0,0,1125,298,6446,-1000,-1000,-1,-1,-1,2
5199,0,0,0,0,1112,307,6618,1445,8063,-0.00537796,0.0234327,-0.999711,2
5169,0,0,0,0,1064,277,6510,1381,7891,-0.00410093,0.00417826,-0.999983,2
5032,0,0,0,0,1202,282,6516,1535,8051,0.0112192,-0.00401872,-0.999929,2
5146,0,0,0,0,1125,294,6565,1438,8003,-0.0039614,-0.00503714,-0.999979,2
4992,0,0,0,0,1074,291,6357,1570,7927,0.00646619,0.000488811,-0.999979,2
5174,0,0,0,0,1137,297,6608,1558,8166,0.00113936,0.00774641,-0.99997,2
5115,0,0,0,0,1142,300,6557,1440,7997,0.0102717,-0.00634323,-0.999927,2
5073,0,0,0,0,1323,271,6667,1453,8120,-0.0010686,0.00086212,-0.999999,2
5171,0,0,0,0,1083,290,6544,1378,7922,0.00582303,-0.00102801,-0.999982,2
5114,0,0,0,0,1059,266,6439,1550,7989,-0.000513556,0.0033718,-0.999994,2
5112,0,0,0,0,1120,267,6499,1448,7947,-0.00394014,-0.00265741,-0.999989,2
5159,0,0,0,0,1120,325,6604,434,7038,0.414679,-0.169605,-0.894022,2
5185,0,0,0,0,1459,398,7042,786,7828,-0.00757347,-0.00590522,-0.999954,2
5243,0,0,0,0,1047,319,6609,530,7139,-0.0367616,-0.0333075,-0.998769,2
5243,0,0,0,0,1118,275,6636,624,7260,-0.0295866,-0.0227002,-0.999305,2
5294,0,0,0,0,1127,270,6691,594,7285,0.00079407,0.0269641,-0.999636,2
5051,0,0,0,0,1069,297,6417,1483,7900,-0.0109904,-0.0013094,-0.999939,2
5189,0,0,0,0,1073,264,6526,1427,7953,0.00440491,0.000917276,-0.99999,2
5099,0,0,0,0,1044,266,6409,1566,7975,-0.00498384,0.000218293,-0.999988,2
5134,0,0,0,0,1036,265,6435,1395,7830,0.00594341,-0.00760367,-0.999954,2
5070,0,0,0,0,1055,271,6396,1499,7895,0.00530324,-0.00888289,-0.999947,2
5105,0,0,0,0,1079,330,6514,1472,7986,0.00530452,-0.00793603,-0.999955,2
5088,0,0,0,0,1100,325,6513,1490,8003,0.0121062,-0.00138191,-0.999926,2
5392,0,0,0,0,1098,269,6759,1601,8360,0.00499665,-0.0114251,-0.999922,2
5098,0,0,0,0,1126,287,6511,1441,7952,-0.00281607,-0.00209522,-0.999994,2
5508,0,0,0,0,1130,299,6937,1538,8475,0.00476633,-0.00053034,-0.999989,2
5105,0,0,0,0,1064,266,6435,1330,7765,0.00173626,0.00258523,-0.999995,2
5129,0,0,0,0,1042,280,6451,1426,7877,-0.000198317,-0.00335649,-0.999994,2
5035,0,0,0,0,1060,266,6361,1378,7739,0.010301,-0.00196817,-0.999945,2
5016,0,0,0,0,1078,277,6371,1411,7782,-0.00242145,0.000933026,-0.999996,2
5033,0,0,0,0,1049,276,6358,1448,7806,-0.00188384,0.00340575,-0.999992,2
5288,0,0,0,0,1071,299,6658,1618,8276,0.00199706,-0.00568031,-0.999982,2
5134,0,0,0,0,1068,295,6497,1498,7995,0.00523169,-0.00222201,-0.999984,2
5076,0,0,0,0,1167,282,6525,1460,7985,0.006519,-0.00554802,-0.999964,2
5038,0,0,0,0,1113,301,6452,1552,8004,0.0137748,-0.00739639,-0.999878,2
5071,0,0,0,0,1069,273,6413,1422,7835,-0.00227291,0.00230669,-0.999995,2
5144,0,0,0,0,1042,312,6498,1488,7986,0.0017165,0.00344654,-0.999992,2
5148,0,0,0,0,1082,296,6526,1594,8120,0.00706553,-0.00102397,-0.999974,2
5078,0,0,0,0,1087,303,6468,1453,7921,0.00590945,-0.00341361,-0.999977,2
5073,0,0,0,0,1075,265,6413,1426,7839,-0.00103881,-0.000177873,-1,2
5085,0,0,0,0,1110,304,6499,1449,7948,0.0033208,0.00342305,-0.999989,2
5133,0,0,0,0,1130,368,6631,1702,8333,-0.0022015,4.96454e-05,-0.999997,2
5043,0,0,0,0,1107,282,6432,1436,7868,-0.00359001,-0.00735262,-0.999967,2
5109,0,0,0,0,1148,302,6559,1454,8013,0.00565856,0.00137812,-0.999983,2
5029,0,0,0,0,1089,362,6480,1404,7884,0.0103786,-0.00549384,-0.999931,2
5106,0,0,0,0,1123,303,6532,1461,7993,0.00103195,-0.0112759,-0.999936,2
5121,0,0,0,0,1086,291,6498,1660,8158,-0.000865464,0.00723872,-0.999973,2
5155,0,0,0,0,1120,280,6555,1440,7995,0.00864748,-0.0113108,-0.999899,2
5802,0,0,0,0,1107,281,7190,1455,8645,0.0102657,-0.00328415,-0.999942,2
5078,0,0,0,0,1063,302,6443,1393,7836,0.00226747,-0.00749894,-0.999969,2
5039,0,0,0,0,1048,294,6381,1438,7819,0.00107927,-0.00382526,-0.999992,2
5388,0,0,0,0,1319,276,6983,1294,8277,0.00471444,0.00433557,-0.99998,2
5100,0,0,0,0,1134,301,6535,1422,7957,0.00332459,-0.00565293,-0.999978,2
5097,0,0,0,0,1105,308,6510,1460,7970,0.00239887,-0.0121261,-0.999923,2
5218,0,0,0,0,1043,267,6528,1376,7904,-0.00324032,0.000651903,-0.999995,2
5175,0,0,0,0,1110,298,6583,1462,8045,-0.00562476,-0.00702837,-0.99996,2
5260,0,0,0,0,1174,299,6733,1751,8484,-0.00471181,0.00199896,-0.999987,2
5112,0,0,0,0,1067,304,6483,1438,7921,0.000725246,0.00542792,-0.999985,2
5126,0,0,0,0,1073,268,6467,1410,7877,-0.000785073,-0.00331629,-0.999994,2
5119,0,0,0,0,1079,267,6465,1392,7857,-0.00907863,0.00289418,-0.999955,2
5846,0,0,0,0,1139,274,7259,1493,8752,-0.0057972,-0.0060552,-0.999965,2
5147,0,0,0,0,1096,265,6508,-1000,-1000,-1,-1,-1,2
5062,0,0,0,0,1498,315,6875,661,7536,-0.00104327,-0.00734648,-0.999972,2
5055,0,0,0,0,1105,268,6428,1375,7803,0.00975298,-0.00831295,-0.999918,2
5004,0,0,0,0,1082,326,6412,1839,8251,0.00373152,-0.00446171,-0.999983,2
5149,0,0,0,0,1154,305,6608,1442,8050,0.00372004,-0.0034614,-0.999987,2
5177,0,0,0,0,1051,299,6527,1494,8021,-0.000150139,-0.00257767,-0.999997,2
5457,0,0,0,0,1439,317,7213,1402,8615,0.0095106,-0.0122844,-0.999879,2
5260,0,0,0,0,1093,300,6653,1389,8042,-0.00183485,0.0001075,-0.999999,2
5268,0,0,0,0,1090,330,6688,1426,8114,0.00794305,-0.0101052,-0.999917,2
5035,0,0,0,0,1085,265,6385,1428,7813,0.00663494,-0.00752815,-0.999949,2
6262,0,0,0,0,1200,279,7741,1392,9133,-0.000984622,0.000833189,-0.999999,2
5180,0,0,0,0,1036,265,6481,1407,7888,-0.00336024,-0.00928796,-0.999951,2
5030,0,0,0,0,1111,269,6410,1647,8057,-0.000907434,-0.00430479,-0.99999,2
5133,0,0,0,0,1133,297,6563,1467,8030,-0.0023047,-0.00258148,-0.999994,2
5049,0,0,0,0,1084,267,6400,1426,7826,0.0140908,-0.00909444,-0.999859,2
5188,0,0,0,0,1457,406,7051,1613,8664,0.00690534,-0.000671807,-0.999976,2
5177,0,0,0,0,1127,269,6573,1437,8010,0.00424824,-0.00647376,-0.99997,2
5145,0,0,0,0,1128,310,6583,1365,7948,0.00825381,-0.0131024,-0.99988,2
4688,0,0,0,0,947,253,5888,1225,7113,0.0104922,-0.0117606,-0.999875,2
5067,0,0,0,0,1075,306,6448,1436,7884,0.00554519,-0.0136439,-0.999892,2
5003,0,0,0,0,1101,299,6403,1336,7739,0.00430127,-0.0135656,-0.999899,2
5558,0,0,0,0,1403,313,7274,1426,8700,-0.00122362,0.00392869,-0.999991,2
5155,0,0,0,0,1110,301,6566,1541,8107,0.00466488,-0.00898458,-0.999949,2
5171,0,0,0,0,1120,271,6562,1423,7985,-0.00128529,0.00375054,-0.999992,2
5252,0,0,0,0,1494,345,7091,1523,8614,0.00494677,0.00507664,-0.999975,2
5217,0,0,0,0,1116,308,6641,1470,8111,0.00258682,0.0013787,-0.999996,2
5071,0,0,0,0,1563,353,6987,1611,8598,-0.000214807,-0.0122485,-0.999925,2
5298,0,0,0,0,1125,319,6742,1439,8181,0.0119539,-0.0192133,-0.999744,2
5154,0,0,0,0,1107,311,6572,1518,8090,0.00531183,-0.0114659,-0.99992,2
5126,0,0,0,0,1236,275,6637,1347,7984,0.00265836,-0.0151546,-0.999882,2
5069,0,0,0,0,1071,269,6409,1307,7716,0.000821885,0.00595991,-0.999981,2
4980,0,0,0,0,1380,301,6661,1355,8016,-0.00646222,0.00652812,-0.999958,2
5219,0,0,0,0,1128,303,6650,1437,8087,-0.00590304,0.0140678,-0.999884,2
5286,0,0,0,0,1153,270,6709,1454,8163,-0.00563789,0.0408625,-0.999149,2
5522,0,0,0,0,1109,307,6938,1526,8464,-0.00750973,0.0541602,-0.998504,2
4427,0,0,0,0,773,217,5417,379,5796,-0.014161,0.0651117,-0.997778,2
4321,0,0,0,0,904,254,5479,609,6088,-0.0188522,0.102917,-0.994512,2
5443,0,0,0,0,1093,269,6805,649,7454,-0.00820857,0.0555232,-0.998424,2
5577,0,0,0,0,1272,252,7101,549,7650,-0.0218629,0.16512,-0.986031,2
5257,0,0,0,0,962,232,6451,699,7150,-0.00957261,0.0905107,-0.99585,2
5199,0,0,0,0,826,241,6266,731,6997,-0.00557224,0.0957237,-0.995392,2
4971,0,0,0,0,830,191,5992,741,6733,-0.00155265,0.0536357,-0.998559,2
5149,0,0,0,0,745,216,6110,781,6891,-0.0153013,0.198051,-0.980073,2
5073,0,0,0,0,795,203,6071,860,6931,-0.0102457,0.182013,-0.983243,2
4796,0,0,0,0,622,188,5606,901,6507,-0.00122024,0.0878339,-0.996134,2
5532,0,0,0,0,832,177,6541,1219,7760,0.00623582,0.067918,-0.997672,2
5018,0,0,0,0,592,178,5788,1240,7028,-0.00261176,0.0761934,-0.997089,2
4960,0,0,0,0,501,155,5616,1310,6926,0.00767235,0.0641073,-0.997914,2
4826,0,0,0,0,450,111,5387,1236,6623,0.013488,0.0543921,-0.998428,2
4840,0,0,0,0,404,103,5347,1245,6592,0.0226329,0.051322,-0.998426,2
4922,0,0,0,0,376,96,5394,1348,6742,0.0178099,0.0753216,-0.997,2
4824,0,0,0,0,343,90,5257,1269,6526,0.0184963,0.0637503,-0.997795,2
4495,0,0,0,0,264,83,4842,1196,6038,0.0114124,0.0789553,-0.996813,2
4489,0,0,0,0,229,71,4789,1254,6043,0.0130574,0.0811194,-0.996619,2
4341,0,0,0,0,274,68,4683,1330,6013,-0.0137616,0.0910442,-0.995752,2
4372,0,0,0,0,169,58,4599,1264,5863,-0.0226532,0.0717155,-0.997168,2
4792,0,0,0,0,156,56,5004,1197,6201,-0.000373953,0.0702388,-0.99753,2
4163,0,0,0,0,202,64,4429,1274,5703,-0.0502129,0.121673,-0.991299,2
4116,0,0,0,0,165,63,4344,1182,5526,-0.0257927,0.0929396,-0.995338,2
4193,0,0,0,0,169,64,4426,1246,5672,-0.0230999,0.081659,-0.996393,2
4086,0,0,0,0,220,74,4380,1323,5703,-0.0264229,0.0967412,-0.994959,2
4110,0,0,0,0,252,75,4437,1281,5718,-0.0102751,0.112866,-0.993557,2
4191,0,0,0,0,271,94,4556,1095,5651,0.00867824,0.121813,-0.992515,2
4485,0,0,0,0,346,88,4919,985,5904,0.00751702,0.108464,-0.994072,2
3996,0,0,0,0,344,85,4425,977,5402,0.0147822,0.0785148,-0.996803,2
4593,0,0,0,0,513,116,5222,1066,6288,0.0188842,0.11936,-0.992672,2
4758,0,0,0,0,608,174,5540,1312,6852,0.0119467,0.22697,-0.973829,2
4796,0,0,0,0,726,273,5795,979,6774,-0.0146121,0.313449,-0.949493,2
6023,0,0,0,0,1052,292,7367,1133,8500,-0.136493,0.0724011,-0.987992,2
5450,0,0,0,0,1215,313,6978,1357,8335,-0.116644,0.0833909,-0.989667,2
6572,0,0,0,0,1431,367,8370,2105,10475,-0.0951077,0.16655,-0.981435,2
6092,0,0,0,0,1584,404,8080,2319,10399,-0.0629345,0.162459,-0.984706,2
6875,0,0,0,0,1576,400,8851,3136,11987,-0.0593835,0.148471,-0.987132,2
6125,0,0,0,0,2079,437,8641,3544,12185,-0.0459354,0.155827,-0.986716,2
4219,0,0,0,0,1006,259,5484,2446,7930,-0.0597765,0.148725,-0.98707,2
7140,0,0,0,0,1450,343,8933,3808,12741,-0.029417,0.142652,-0.989336,2
5795,0,0,0,0,1184,335,7314,3213,10527,-0.0317808,0.117149,-0.992606,2
5768,0,0,0,0,1095,295,7158,2562,9720,-0.0369021,0.108923,-0.993365,2
5671,0,0,0,0,1054,266,6991,2235,9226,-0.0886652,0.101984,-0.990827,2
6740,0,0,0,0,926,253,7919,1909,9828,-0.105762,0.0993976,-0.989411,2
5808,0,0,0,0,1224,268,7300,1735,9035,-0.10168,0.10144,-0.989632,2
5386,0,0,0,0,825,223,6434,1668,8102,-0.112673,0.0985129,-0.988737,2
4863,0,0,0,0,783,213,5859,1475,7334,-0.122302,0.103181,-0.987115,2
4508,0,0,0,0,610,154,5272,1275,6547,-0.106601,0.1256,-0.986337,2
4605,0,0,0,0,821,203,5629,1646,7275,-0.0998164,0.153934,-0.983027,2
4350,0,0,0,0,506,134,4990,1254,6244,-0.100592,0.168296,-0.980591,2
4444,0,0,0,0,591,164,5199,1113,6312,-0.114095,0.269494,-0.956219,2
4434,0,0,0,0,471,140,5045,1111,6156,-0.105808,0.23003,-0.967415,2
3915,0,0,0,0,514,150,4579,1205,5784,-0.0806878,0.157931,-0.984148,2
3514,0,0,0,0,414,116,4044,1062,5106,-0.0637484,0.148708,-0.986824,2
3747,0,0,0,0,549,127,4423,1148,5571,-0.0654997,0.139197,-0.988096,2
4040,0,0,0,0,501,127,4668,1202,5870,-0.0712868,0.218945,-0.97313,2
3932,0,0,0,0,454,136,4522,1177,5699,-0.0710766,0.195378,-0.978149,2
4165,0,0,0,0,462,127,4754,1235,5989,-0.0537225,0.238306,-0.969703,2
4129,0,0,0,0,581,138,4848,1258,6106,-0.0445881,0.223895,-0.973593,2
4039,0,0,0,0,584,156,4779,1068,5847,-0.0305354,0.232636,-0.972084,2
4442,0,0,0,0,756,203,5401,1157,6558,-0.012949,0.259379,-0.965689,2
4597,0,0,0,0,983,243,5823,1174,6997,-0.00390762,0.242627,-0.970112,2
4736,0,0,0,0,1363,354,6453,1118,7571,-0.0112255,0.231125,-0.972859,2
5124,0,0,0,0,1203,332,6659,1130,7789,-0.0198932,0.236871,-0.971338,2
5320,0,0,0,0,1345,350,7015,1294,8309,-0.0239147,0.218969,-0.975439,2
5547,0,0,0,0,1246,331,7124,890,8014,-0.0445697,0.241855,-0.969288,2
5748,0,0,0,0,1123,301,7172,875,8047,-0.0474332,0.228296,-0.972436,2
4979,0,0,0,0,989,268,6236,853,7089,-0.0680181,0.213736,-0.974521,2
4849,0,0,0,0,872,256,5977,867,6844,-0.0532015,0.174572,-0.983206,2
4665,0,0,0,0,752,206,5623,937,6560,-0.0450456,0.166275,-0.98505,2
4663,0,0,0,0,632,155,5450,1032,6482,-0.0348728,0.169163,-0.984971,2
4765,0,0,0,0,538,155,5458,941,6399,-0.0294786,0.169299,-0.985124,2
4713,0,0,0,0,399,129,5241,861,6102,-0.0230336,0.138865,-0.990044,2
4784,0,0,0,0,390,117,5291,796,6087,-0.014333,0.102318,-0.994649,2
4843,0,0,0,0,437,121,5401,676,6077,-0.0392101,0.152631,-0.987505,2
4927,0,0,0,0,438,108,5473,671,6144,-0.0293265,0.0801267,-0.996353,2
5827,0,0,0,0,448,140,6415,890,7305,0.00508755,0.144283,-0.989523,2
4656,0,0,0,0,409,114,5179,1142,6321,-0.0610399,0.164619,-0.984467,2
4345,0,0,0,0,361,98,4804,1057,5861,-0.0870628,0.140847,-0.986196,2
4412,0,0,0,0,335,92,4839,1132,5971,-0.033369,0.128661,-0.991127,2
4507,0,0,0,0,354,99,4960,1398,6358,-0.0781239,0.130195,-0.988406,2
4571,0,0,0,0,384,104,5059,1395,6454,0.000723913,0.0752811,-0.997162,2
4240,0,0,0,0,444,118,4802,1503,6305,-0.0541655,0.100334,-0.993478,2
4008,0,0,0,0,279,91,4378,1195,5573,-0.0647814,0.120257,-0.990627,2
3890,0,0,0,0,266,99,4255,1157,5412,-0.0645522,0.119492,-0.990734,2
4541,0,0,0,0,377,99,5017,1308,6325,-0.097326,0.130317,-0.986684,2
4422,0,0,0,0,317,104,4843,1307,6150,-0.101844,0.109161,-0.988793,2
4527,0,0,0,0,263,87,4877,1256,6133,-0.099918,0.113442,-0.988508,2
6552,0,0,0,0,277,94,6923,1203,8126,-0.0905167,0.0838841,-0.992356,2
4330,0,0,0,0,281,101,4712,1324,6036,-0.104061,0.106674,-0.988834,2
4231,0,0,0,0,299,107,4637,1299,5936,-0.0911062,0.0915645,-0.991623,2
4040,0,0,0,0,330,95,4465,1194,5659,-0.0941191,0.0901483,-0.991471,2
4037,0,0,0,0,378,115,4530,1370,5900,-0.0774441,0.0810206,-0.993699,2
4712,0,0,0,0,614,160,5486,1458,6944,-0.0173997,0.110167,-0.993761,2
5087,0,0,0,0,669,147,5903,827,6730,-0.00047569,0.13921,-0.990263,2
4938,0,0,0,0,832,203,5973,811,6784,0.0317956,0.183292,-0.982544,2
5057,0,0,0,0,902,199,6158,696,6854,0.212071,0.115959,-0.97035,2
5362,0,0,0,0,965,231,6558,2113,8671,0.0677585,0.0741827,-0.99494,2
5251,0,0,0,0,1027,260,6538,1411,7949,0.0627704,0.0538167,-0.996576,2
5371,0,0,0,0,1196,281,6848,1175,8023,0.083051,0.0543711,-0.995061,2
5587,0,0,0,0,1256,311,7154,1309,8463,0.0648145,0.0475512,-0.996764,2
6661,0,0,0,0,1405,426,8492,1175,9667,0.044388,0.0615389,-0.997118,2
5906,0,0,0,0,1529,405,7840,813,8653,0.0721164,0.0504512,-0.99612,2
6132,0,0,0,0,1589,443,8164,1195,9359,0.0461628,0.0379472,-0.998213,2
6049,0,0,0,0,1702,432,8183,919,9102,0.0492283,0.0518992,-0.997438,2
5808,0,0,0,0,1542,424,7774,752,8526,0.0439141,0.0904563,-0.994932,2
6378,0,0,0,0,1731,440,8549,1404,9953,-0.00566794,0.162975,-0.986614,2
6706,0,0,0,0,1785,432,8923,3398,12321,-0.0266136,0.144123,-0.989202,2
6427,0,0,0,0,1821,472,8720,3016,11736,-0.0188062,0.120123,-0.992581,2
6456,0,0,0,0,1816,467,8739,2848,11587,-0.0284319,0.109441,-0.993587,2
6551,0,0,0,0,1788,455,8794,2967,11761,-0.012725,0.0766003,-0.996981,2
6234,0,0,0,0,1794,448,8476,1935,10411,-0.0148873,0.0803329,-0.996657,2
5919,0,0,0,0,1643,416,7978,2088,10066,0.00371885,0.0986339,-0.995117,2
5797,0,0,0,0,1607,410,7814,2279,10093,-0.0159544,0.117704,-0.992921,2
6395,0,0,0,0,1719,438,8552,2776,11328,-0.0208431,0.119241,-0.992647,2
6194,0,0,0,0,1737,431,8362,2964,11326,-0.0217052,0.125076,-0.99191,2
6426,0,0,0,0,1619,394,8439,3016,11455,-0.0281582,0.116408,-0.992802,2
6142,0,0,0,0,1551,376,8069,3416,11485,-0.0270196,0.111867,-0.993356,2
6564,0,0,0,0,1477,361,8402,3202,11604,-0.0197779,0.0940263,-0.995373,2
6404,0,0,0,0,1454,353,8211,3039,11250,-0.0303742,0.0629735,-0.997553,2
6587,0,0,0,0,1423,349,8359,2498,10857,-0.0317976,0.0525088,-0.998114,2
6161,0,0,0,0,1473,384,8018,2399,10417,-0.0377706,0.0409093,-0.998449,2
6357,0,0,0,0,1456,376,8189,2264,10453,-0.0428987,0.0279877,-0.998687,2
6332,0,0,0,0,1429,379,8140,2154,10294,-0.0417233,0.03691,-0.998447,2
3494,0,0,0,0,743,198,4435,1162,5597,-0.0360436,0.0403838,-0.998534,2
2801,0,0,0,0,682,205,3688,1026,4714,-0.044385,0.0332784,-0.99846,2
6766,0,0,0,0,1419,394,8579,2190,10769,-0.0367026,0.0429822,-0.998401,2
7022,0,0,0,0,2086,494,9602,2854,12456,-0.0428615,0.0407176,-0.998251,2
3818,0,0,0,0,739,178,4735,1294,6029,-0.0451184,0.0408269,-0.998147,2
6093,0,0,0,0,1456,355,7904,2335,10239,-0.0542286,0.0374298,-0.997827,2
6991,0,0,0,0,1390,339,8720,2283,11003,-0.0305188,0.0481407,-0.998374,2
5998,0,0,0,0,1457,346,7801,2319,10120,-0.0274692,0.048354,-0.998452,2
7324,0,0,0,0,1423,391,9138,1722,10860,-0.0321897,0.0509104,-0.998184,2
6242,0,0,0,0,1482,350,8074,2336,10410,-0.0427855,0.0256997,-0.998754,2
6107,0,0,0,0,1457,346,7910,2053,9963,-0.0352028,0.0381231,-0.998653,2
6863,0,0,0,0,1515,345,8723,2141,10864,-0.0404224,0.0396531,-0.998396,2
5996,0,0,0,0,1434,343,7773,2191,9964,-0.0446265,0.0531099,-0.997591,2
6004,0,0,0,0,1450,387,7841,2625,10466,-0.0638515,0.0432542,-0.997022,2
6050,0,0,0,0,1480,386,7916,2198,10114,-0.0314118,0.0523073,-0.998137,2
4207,0,0,0,0,796,198,5201,1258,6459,-0.049715,0.0507405,-0.997474,2
2535,0,0,0,0,681,222,3438,1322,4760,-0.0581866,0.0519878,-0.996951,2
6278,0,0,0,0,1411,375,8064,2793,10857,-0.0533597,0.0362582,-0.997917,2
6221,0,0,0,0,1438,369,8028,2263,10291,-0.0430519,0.0324697,-0.998545,2
6052,0,0,0,0,1406,366,7824,2178,10002,-0.0524075,0.0301144,-0.998172,2
6402,0,0,0,0,1480,380,8262,2187,10449,-0.0313702,0.0428677,-0.998588,2
6470,0,0,0,0,1512,400,8382,2367,10749,-0.0428558,0.0398465,-0.998286,2
6265,0,0,0,0,1129,261,7655,1560,9215,-0.0377315,0.0376965,-0.998577,2
6150,0,0,0,0,1558,353,8061,2162,10223,-0.0528034,0.0330253,-0.998059,2
6129,0,0,0,0,1455,356,7940,2265,10205,-0.0572444,0.0430183,-0.997433,2
6162,0,0,0,0,1447,363,7972,2464,10436,-0.0596569,0.0347962,-0.997612,2
6044,0,0,0,0,1450,348,7842,2375,10217,-0.0369602,0.0367129,-0.998642,2
6197,0,0,0,0,1547,380,8124,2374,10498,-0.0371664,0.0431372,-0.998378,2
6755,0,0,0,0,1712,399,8866,2463,11329,-0.0386189,0.0322344,-0.998734,2
7055,0,0,0,0,1496,383,8934,2244,11178,-0.0304545,0.0333705,-0.998979,2
6293,0,0,0,0,1184,368,7845,1951,9796,-0.0346483,0.0302101,-0.998943,2
2628,0,0,0,0,583,137,3348,793,4141,-0.0337907,0.0401679,-0.998622,2
3143,0,0,0,0,730,183,4056,1055,5111,-0.0238731,0.0362439,-0.999058,2
6117,0,0,0,0,1477,354,7948,2045,9993,-0.0398711,0.0472555,-0.998087,2
6115,0,0,0,0,1483,355,7953,2345,10298,-0.0308108,0.0350325,-0.998911,2
6123,0,0,0,0,1467,423,8013,2176,10189,-0.0383065,0.0340876,-0.998685,2
7129,0,0,0,0,1738,433,9300,2424,11724,-0.0317403,0.0435862,-0.998545,2
4213,0,0,0,0,1009,243,5465,1664,7129,-0.0199474,0.0522276,-0.998436,2
7012,0,0,0,0,1779,419,9210,2491,11701,-0.0307794,0.038027,-0.998803,2
6320,0,0,0,0,1486,358,8164,2143,10307,-0.0357105,0.0306057,-0.998893,2
6155,0,0,0,0,1057,289,7501,1471,8972,-0.0369067,0.0366498,-0.998647,2
3292,0,0,0,0,803,194,4289,1160,5449,-0.0455544,0.0430503,-0.998034,2
6204,0,0,0,0,1617,393,8214,2344,10558,-0.0300531,0.0389299,-0.99879,2
