Downsample[ns],BuildFilTree[ns],SearchFil[ns],DeleteFil[ns],BuildTreeSub[ns],SearchSub[ns],DeleteSub[ns],PreProcTotal[ns],Plane[ns],Total[ns],nx,ny,nz,planeCount
6094,0,0,0,0,1220,310,7624,814,8438,0.0340861,-0.0158683,-0.999293,0
5820,0,0,0,0,1120,283,7223,1554,8777,0.0267558,-0.011175,-0.99958,0
6017,0,0,0,0,1122,276,7415,1441,8856,0.0363012,0.00241261,-0.999338,0
5749,0,0,0,0,1077,290,7116,1235,8351,0.037607,-0.000793227,-0.999292,0
5849,0,0,0,0,1177,297,7323,1441,8764,0.0171833,-0.0113145,-0.999788,0
6726,0,0,0,0,1027,264,8017,1269,9286,0.0389173,-0.00224198,-0.99924,0
6885,0,0,0,0,1023,260,8168,1487,9655,0.024873,-0.0114549,-0.999625,0
6152,0,0,0,0,1025,264,7441,1284,8725,0.0375861,-0.00303175,-0.999289,0
5777,0,0,0,0,1021,261,7059,1232,8291,0.0322333,-0.000612961,-0.99948,0
6388,0,0,0,0,1536,358,8282,1379,9661,0.0203853,-0.0115298,-0.999726,0
5965,0,0,0,0,1027,259,7251,1802,9053,0.0307517,-0.016257,-0.999395,0
6081,0,0,0,0,1056,267,7404,1308,8712,0.0306328,-0.00158169,-0.999529,0
5951,0,0,0,0,1038,264,7253,1460,8713,0.0324093,-0.00349316,-0.999469,0
7618,0,0,0,0,1132,288,9038,1423,10461,0.0284477,-0.0122517,-0.99952,0
6093,0,0,0,0,1019,260,7372,1589,8961,0.017982,-0.0157625,-0.999714,0
6325,0,0,0,0,1141,270,7736,1278,9014,0.033034,-0.0034453,-0.999448,0
5810,0,0,0,0,1045,260,7115,1795,8910,0.0260061,0.00253962,-0.999659,0
6018,0,0,0,0,1049,261,7328,1505,8833,0.0264045,-0.00981047,-0.999603,0
6001,0,0,0,0,1101,264,7366,1527,8893,0.0275608,-0.0115185,-0.999554,0
5972,0,0,0,0,1093,264,7329,1505,8834,0.0379015,-0.00168259,-0.99928,0
6106,0,0,0,0,1039,302,7447,1401,8848,0.0385387,-0.0030102,-0.999253,0
5974,0,0,0,0,1034,259,7267,1445,8712,0.033436,-0.00343922,-0.999435,0
2622,0,0,0,0,406,101,3129,589,3718,0.0274851,-0.013288,-0.999534,0
3959,0,0,0,0,684,176,4819,1039,5858,0.0419227,0.000506953,-0.999121,0
6215,0,0,0,0,1033,265,7513,1520,9033,0.0264201,-0.0148882,-0.99954,0
6245,0,0,0,0,1044,266,7555,1339,8894,0.037015,0.00131294,-0.999314,0
6093,0,0,0,0,1038,262,7393,1357,8750,0.035182,-0.00501049,-0.999368,0
5951,0,0,0,0,1057,265,7273,1450,8723,0.0332086,-0.00210148,-0.999446,0
4772,0,0,0,0,683,182,5637,873,6510,0.0380634,-0.00551886,-0.99926,0
2929,0,0,0,0,512,136,3577,645,4222,0.0385816,-0.005693,-0.999239,0
6011,0,0,0,0,1117,264,7392,1505,8897,0.0406733,-0.00435956,-0.999163,0
6004,0,0,0,0,1054,278,7336,1429,8765,0.0406363,-0.00449952,-0.999164,0
5957,0,0,0,0,1091,281,7329,1423,8752,0.0407566,-0.000386293,-0.999169,0
7998,0,0,0,0,1030,295,9323,1220,10543,0.0339261,-0.00719498,-0.999398,0
3942,0,0,0,0,708,174,4824,1020,5844,0.02806,-0.0117503,-0.999537,0
5980,0,0,0,0,1294,337,7611,1814,9425,0.0204751,-0.0158183,-0.999665,0
5974,0,0,0,0,1045,260,7279,1354,8633,0.0350116,-0.00614013,-0.999368,0
6028,0,0,0,0,1027,261,7316,1498,8814,0.0323035,-0.000256809,-0.999478,0
6062,0,0,0,0,1077,308,7447,1552,8999,0.0332279,0.000648138,-0.999448,0
6184,0,0,0,0,1036,276,7496,1509,9005,0.0305472,-0.010931,-0.999474,0
2992,0,0,0,0,507,128,3627,686,4313,0.021341,-0.0159894,-0.999644,0
5838,0,0,0,0,1024,256,7118,1622,8740,0.0276884,-0.0083409,-0.999582,0
3904,0,0,0,0,506,129,4539,757,5296,0.0238726,-0.0128797,-0.999632,0
6101,0,0,0,0,1008,262,7371,1396,8767,0.0226823,-0.0135029,-0.999652,0
5972,0,0,0,0,1018,265,7255,1727,8982,0.0258795,-0.013973,-0.999567,0
3950,0,0,0,0,663,167,4780,965,5745,0.0291511,-0.0118993,-0.999504,0
5988,0,0,0,0,1210,261,7459,1359,8818,0.0354377,-0.00680542,-0.999349,0
6446,0,0,0,0,1002,261,7709,1590,9299,0.0337267,-0.00317942,-0.999426,0
5927,0,0,0,0,1018,251,7196,1537,8733,0.0340051,-0.00977495,-0.999374,0
5946,0,0,0,0,1388,338,7672,1627,9299,0.0331045,-0.010216,-0.9994,0
6022,0,0,0,0,1012,275,7309,1704,9013,0.028136,-0.01485,-0.999494,0
6074,0,0,0,0,1035,258,7367,1383,8750,0.0293401,-0.0127564,-0.999488,0
5853,0,0,0,0,674,173,6700,1268,7968,0.0125062,-0.00571366,-0.999905,0
4847,0,0,0,0,833,211,5891,1128,7019,0.0386871,-0.00166502,-0.99925,0
6058,0,0,0,0,1438,320,7816,1673,9489,0.037021,0.000111649,-0.999315,0
6048,0,0,0,0,1022,261,7331,1578,8909,0.02936,-0.0119976,-0.999497,0
6022,0,0,0,0,1015,259,7296,1673,8969,0.0322348,-0.00948142,-0.999435,0
6036,0,0,0,0,1021,260,7317,1467,8784,0.0337566,-0.00584923,-0.999413,0
6079,0,0,0,0,1046,263,7388,1450,8838,0.0329631,-0.012889,-0.999373,0
6063,0,0,0,0,1027,261,7351,1502,8853,0.0365175,-0.00176886,-0.999331,0
6106,0,0,0,0,1014,258,7378,1832,9210,0.0194867,-0.00144154,-0.999809,0
6003,0,0,0,0,1033,259,7295,1706,9001,0.0145588,-0.0100608,-0.999843,0
6124,0,0,0,0,1006,263,7393,1311,8704,0.0383271,-0.00233897,-0.999263,0
6116,0,0,0,0,1084,266,7466,1445,8911,0.0348316,0.000438526,-0.999393,0
6030,0,0,0,0,1053,318,7401,1679,9080,0.0294964,-0.00285009,-0.999561,0
6047,0,0,0,0,1031,261,7339,1471,8810,0.0286728,-0.00712246,-0.999564,0
5342,0,0,0,0,906,233,6481,1346,7827,0.0347507,-0.00887788,-0.999357,0
5299,0,0,0,0,915,229,6443,1356,7799,0.0352102,-0.00211086,-0.999378,0
5984,0,0,0,0,1012,256,7252,1409,8661,0.0341589,-0.00309784,-0.999412,0
6025,0,0,0,0,1042,279,7346,1583,8929,0.0222845,-0.00284737,-0.999748,0
6022,0,0,0,0,1013,296,7331,1380,8711,0.0386769,-0.00496891,-0.999239,0
5947,0,0,0,0,1012,291,7250,1474,8724,0.0300984,-0.00732679,-0.99952,0
6965,0,0,0,0,1072,264,8301,1521,9822,0.0293728,-0.013621,-0.999476,0
6038,0,0,0,0,1044,259,7341,1494,8835,0.040424,-0.00369789,-0.999176,0
6408,0,0,0,0,1054,327,7789,1679,9468,0.0288317,-0.000247315,-0.999584,0
6016,0,0,0,0,1048,266,7330,1456,8786,0.0327254,-0.0011365,-0.999464,0
5306,0,0,0,0,1024,254,6584,1183,7767,0.0370735,-0.00537111,-0.999298,0
6036,0,0,0,0,1049,282,7367,1326,8693,0.0359134,-0.00443572,-0.999345,0
5971,0,0,0,0,1033,259,7263,1269,8532,0.0400398,-0.00914512,-0.999156,0
5913,0,0,0,0,1099,263,7275,1408,8683,0.0273964,-0.0130276,-0.99954,0
6212,0,0,0,0,1058,260,7530,1354,8884,0.0371955,-0.00741916,-0.999281,0
6146,0,0,0,0,1032,256,7434,1648,9082,0.0202185,-0.00445504,-0.999786,0
7077,0,0,0,0,1107,277,8461,1514,9975,0.0273207,-0.0150433,-0.999514,0
6072,0,0,0,0,1042,267,7381,1453,8834,0.026078,-0.0150828,-0.999546,0
6059,0,0,0,0,1095,272,7426,1341,8767,0.0394622,-0.00846397,-0.999185,0
6091,0,0,0,0,1031,261,7383,1380,8763,0.0301602,-0.0146244,-0.999438,0
6022,0,0,0,0,1038,263,7323,1370,8693,0.0260068,-0.015573,-0.99954,0
6337,0,0,0,0,1115,269,7721,1465,9186,0.0347493,-0.00660877,-0.999374,0
5967,0,0,0,0,1041,258,7266,1371,8637,0.02814,-0.0130628,-0.999519,0
5983,0,0,0,0,1062,261,7306,1588,8894,0.0350102,-0.0104701,-0.999332,0
5987,0,0,0,0,1001,255,7243,1300,8543,0.0314046,-0.00410025,-0.999498,0
5953,0,0,0,0,1046,252,7251,1349,8600,0.0276032,-0.0156035,-0.999497,0
5802,0,0,0,0,1008,252,7062,1399,8461,0.0328173,-0.0124979,-0.999383,0
5762,0,0,0,0,1000,254,7016,1437,8453,0.0367812,-0.0114383,-0.999258,0
6779,0,0,0,0,993,284,8056,1496,9552,0.0228397,-0.0197084,-0.999545,0
5919,0,0,0,0,1005,251,7175,1369,8544,0.0356735,-0.00950461,-0.999318,0
5936,0,0,0,0,998,252,7186,1522,8708,0.0313535,-0.0123558,-0.999432,0
2962,0,0,0,0,634,164,3760,670,4430,0.031581,-0.0118632,-0.999431,0
5852,0,0,0,0,993,252,7097,1471,8568,0.0226503,-0.0181031,-0.999579,0
6051,0,0,0,0,1148,267,7466,1441,8907,0.0284259,-0.0169305,-0.999452,0
6002,0,0,0,0,999,251,7252,1441,8693,0.0218412,-0.0104879,-0.999706,0
4005,0,0,0,0,656,165,4826,1069,5895,0.0241071,-0.0180754,-0.999546,0
5344,0,0,0,0,939,219,6502,1287,7789,0.0296592,-0.0174265,-0.999408,0
5914,0,0,0,0,932,237,7083,1300,8383,0.0259461,-0.0146332,-0.999556,0
6347,0,0,0,0,902,230,7479,1353,8832,0.0362887,-0.00424815,-0.999332,0
5816,0,0,0,0,714,163,6693,972,7665,0.0255673,-0.010675,-0.999616,0
3923,0,0,0,0,587,163,4673,926,5599,0.0227028,-0.0175751,-0.999588,0
6592,0,0,0,0,877,222,7691,1458,9149,0.0234743,-0.0186602,-0.99955,0
5921,0,0,0,0,842,215,6978,1478,8456,0.0233261,-0.00143168,-0.999727,0
6055,0,0,0,0,848,213,7116,1497,8613,0.0202295,-0.0130933,-0.99971,0
5887,0,0,0,0,832,211,6930,1379,8309,0.0292837,0.00524085,-0.999557,0
6069,0,0,0,0,908,257,7234,1391,8625,0.0371073,0.0222206,-0.999064,0
6415,0,0,0,0,846,240,7501,1752,9253,0.0469923,0.0414334,-0.998036,0
6210,0,0,0,0,836,211,7257,1471,8728,0.0243176,0.0503903,-0.998434,0
4817,0,0,0,0,546,141,5504,938,6442,0.0363541,0.0524931,-0.997959,0
4994,0,0,0,0,654,162,5810,197,6007,-0.0403575,0.132766,-0.990326,0
6534,0,0,0,0,832,205,7571,399,7970,0.0170383,0.0782171,-0.996791,0
6157,0,0,0,0,793,200,7150,1783,8933,0.0263383,0.0754972,-0.996798,0
6167,0,0,0,0,760,193,7120,1451,8571,0.0438684,0.0865921,-0.995278,0
6302,0,0,0,0,755,179,7236,300,7536,0.0594019,0.13173,-0.989504,0
6174,0,0,0,0,747,177,7098,355,7453,0.0647161,0.118809,-0.990806,0
6095,0,0,0,0,671,167,6933,377,7310,0.0689014,0.112071,-0.991309,0
6173,0,0,0,0,613,158,6944,394,7338,0.066953,0.106673,-0.992037,0
6060,0,0,0,0,607,160,6827,410,7237,0.0661246,0.121886,-0.990339,0
5995,0,0,0,0,608,179,6782,484,7266,0.0541378,0.125045,-0.990673,0
6145,0,0,0,0,647,160,6952,464,7416,0.0517022,0.125663,-0.990725,0
6188,0,0,0,0,599,155,6942,462,7404,0.0621998,0.114624,-0.99146,0
6631,0,0,0,0,659,166,7456,557,8013,0.0750505,0.132009,-0.988403,0
6065,0,0,0,0,606,159,6830,585,7415,0.0653782,0.117444,-0.990925,0
3807,0,0,0,0,424,100,4331,391,4722,0.0742709,0.136176,-0.987897,0
5047,0,0,0,0,540,136,5723,457,6180,0.0703557,0.128387,-0.989225,0
7154,0,0,0,0,563,147,7864,587,8451,0.0635177,0.150298,-0.986598,0
5425,0,0,0,0,545,138,6108,560,6668,0.0688235,0.141691,-0.987515,0
5295,0,0,0,0,543,137,5975,595,6570,0.0541053,0.141016,-0.988528,0
5115,0,0,0,0,493,124,5732,685,6417,0.0615444,0.135226,-0.988901,0
4962,0,0,0,0,433,187,5582,664,6246,0.0624493,0.12585,-0.990082,0
4958,0,0,0,0,448,105,5511,787,6298,0.0353641,0.128047,-0.991137,0
4904,0,0,0,0,406,125,5435,1246,6681,0.0383174,0.108549,-0.993352,0
4875,0,0,0,0,388,93,5356,952,6308,0.0405894,0.136385,-0.989824,0
4817,0,0,0,0,350,94,5261,940,6201,0.0383323,0.128167,-0.991012,0
4856,0,0,0,0,377,100,5333,893,6226,0.0515031,0.125319,-0.990779,0
4951,0,0,0,0,468,112,5531,890,6421,0.0422387,0.135926,-0.989818,0
5166,0,0,0,0,493,125,5784,895,6679,0.0329797,0.118998,-0.992347,0
5217,0,0,0,0,525,136,5878,852,6730,0.00542125,0.141549,-0.989916,0
5304,0,0,0,0,566,150,6020,934,6954,0.00423071,0.132434,-0.991183,0
6262,0,0,0,0,716,188,7166,810,7976,-0.00445526,0.222942,-0.974822,0
5561,0,0,0,0,741,193,6495,662,7157,0.0098265,0.213683,-0.976854,0
5647,0,0,0,0,826,220,6693,677,7370,0.0310059,0.191194,-0.981062,0
5746,0,0,0,0,955,235,6936,721,7657,0.0395647,0.180173,-0.982839,0
6703,0,0,0,0,1021,276,8000,693,8693,0.0345434,0.207809,-0.977559,0
5783,0,0,0,0,1145,280,7208,701,7909,0.0221316,0.149378,-0.988532,0
6626,0,0,0,0,1270,358,8254,956,9210,0.0405807,0.14981,-0.987882,0
6313,0,0,0,0,1394,343,8050,1057,9107,0.0523341,0.143515,-0.988264,0
8989,0,0,0,0,1791,287,11067,892,11959,0.0502802,0.160124,-0.985815,0
6524,0,0,0,0,1682,392,8598,1386,9984,0.0345439,0.21365,-0.976299,0
5630,0,0,0,0,1129,285,7044,966,8010,0.0272631,0.164504,-0.986,0
3467,0,0,0,0,721,164,4352,666,5018,0.0316364,0.110301,-0.993395,0
7311,0,0,0,0,1626,391,9328,1995,11323,0.0243836,0.130475,-0.991152,0
7246,0,0,0,0,1632,438,9316,1854,11170,0.0112613,0.141826,-0.989828,0
7097,0,0,0,0,1630,376,9103,1982,11085,-0.00412391,0.232292,-0.972637,0
7179,0,0,0,0,1527,371,9077,1978,11055,0.00201439,0.18858,-0.982056,0
3855,0,0,0,0,742,178,4775,990,5765,0.00683283,0.130027,-0.991487,0
2718,0,0,0,0,549,131,3398,835,4233,-6.46861e-06,0.121818,-0.992552,0
6777,0,0,0,0,1249,299,8325,2065,10390,-0.0103689,0.137219,-0.990487,0
6725,0,0,0,0,1284,291,8300,1984,10284,-0.0166168,0.209797,-0.977604,0
5160,0,0,0,0,772,189,6121,1235,7356,-0.020935,0.180836,-0.98329,0
2633,0,0,0,0,461,112,3206,623,3829,-0.0135531,0.106224,-0.99425,0
2112,0,0,0,0,385,92,2589,469,3058,-0.0172291,0.10689,-0.994122,0
6506,0,0,0,0,1133,277,7916,1382,9298,-0.0214861,0.126332,-0.991755,0
6635,0,0,0,0,1112,279,8026,1271,9297,-0.0221326,0.117545,-0.992821,0
5533,0,0,0,0,960,235,6728,1043,7771,-0.0143006,0.130184,-0.991387,0
6355,0,0,0,0,1127,276,7758,1352,9110,-0.00308131,0.104365,-0.994534,0
6002,0,0,0,0,1028,253,7283,1112,8395,-0.00738573,0.117814,-0.993008,0
5769,0,0,0,0,963,273,7005,1129,8134,-0.0110276,0.10433,-0.994482,0
5756,0,0,0,0,945,230,6931,1086,8017,-0.021211,0.117718,-0.992821,0
5705,0,0,0,0,928,224,6857,1093,7950,-0.0252419,0.0872736,-0.995864,0
5366,0,0,0,0,873,675,6914,1145,8059,-0.0289358,0.102615,-0.9943,0
5147,0,0,0,0,972,210,6329,1053,7382,-0.0194873,0.108896,-0.993862,0
5328,0,0,0,0,809,221,6358,1050,7408,0.0124182,0.107617,-0.994115,0
4996,0,0,0,0,1069,255,6320,820,7140,0.00937639,0.139007,-0.990247,0
5395,0,0,0,0,895,215,6505,732,7237,0.045739,0.144997,-0.988374,0
5140,0,0,0,0,895,224,6259,575,6834,0.0371356,0.166729,-0.985303,0
5111,0,0,0,0,906,229,6246,543,6789,0.0135865,0.183082,-0.983004,0
5375,0,0,0,0,1004,240,6619,506,7125,0.0251086,0.193783,-0.980723,0
5416,0,0,0,0,994,254,6664,506,7170,0.0199691,0.213595,-0.976718,0
5492,0,0,0,0,1028,258,6778,427,7205,0.0223785,0.186893,-0.982125,0
6723,0,0,0,0,1109,294,8126,529,8655,0.0282727,0.167855,-0.985406,0
6880,0,0,0,0,1101,276,8257,451,8708,0.0133996,0.137027,-0.990477,0
5584,0,0,0,0,1053,268,6905,294,7199,0.0161245,0.110311,-0.993766,0
5691,0,0,0,0,1176,276,7143,288,7431,0.0121109,0.135057,-0.990764,0
5823,0,0,0,0,1061,292,7176,327,7503,0.0257664,0.157074,-0.987251,0
6933,0,0,0,0,1064,294,8291,412,8703,0.0353926,0.154603,-0.987343,0
5881,0,0,0,0,1375,357,7613,393,8006,0.020249,0.18191,-0.983107,0
5752,0,0,0,0,1089,302,7143,278,7421,-0.00334753,0.225005,-0.974352,0
3766,0,0,0,0,723,183,4672,352,5024,-0.0806231,0.145721,-0.986035,0
3810,0,0,0,0,747,182,4739,225,4964,-0.0821944,0.229287,-0.969882,0
5869,0,0,0,0,1092,273,7234,386,7620,-0.0837384,0.228905,-0.96984,0
7052,0,0,0,0,1032,277,8361,344,8705,-0.0681863,0.224148,-0.972167,0
5697,0,0,0,0,1112,311,7120,397,7517,-0.0618565,0.237591,-0.969394,0
5770,0,0,0,0,1025,254,7049,345,7394,-0.0488813,0.238074,-0.970016,0
5771,0,0,0,0,987,245,7003,444,7447,-0.045613,0.253208,-0.966336,0
5828,0,0,0,0,919,236,6983,476,7459,-0.041123,0.273821,-0.960901,0
5900,0,0,0,0,860,219,6979,439,7418,-0.0388106,0.271063,-0.961779,0
5849,0,0,0,0,835,241,6925,547,7472,-0.0609496,0.282527,-0.957321,0
5619,0,0,0,0,843,242,6704,830,7534,-0.0583753,0.273705,-0.960041,0
5957,0,0,0,0,846,222,7025,566,7591,-0.0976679,0.257754,-0.961262,0
5942,0,0,0,0,964,247,7153,386,7539,-0.0878414,0.271464,-0.958432,0
5817,0,0,0,0,959,248,7024,361,7385,-0.0743424,0.236829,-0.968703,0
6000,0,0,0,0,970,253,7223,332,7555,-0.0797299,0.210128,-0.974418,0
6786,0,0,0,0,1007,248,8041,340,8381,-0.0154981,0.0718607,-0.997294,0
5567,0,0,0,0,930,233,6730,1178,7908,0.0145235,0.178102,-0.983905,0
6139,0,0,0,0,960,227,7326,247,7573,0.0176967,0.212073,-0.977094,0
5476,0,0,0,0,748,192,6416,294,6710,0.0148393,0.29852,-0.954288,0
5246,0,0,0,0,663,172,6081,293,6374,-0.00633857,0.233848,-0.972253,0
5451,0,0,0,0,692,230,6373,482,6855,0.0125255,0.21099,-0.977408,0
5384,0,0,0,0,763,190,6337,480,6817,0.0425577,0.239391,-0.96999,0
4717,0,0,0,0,495,130,5342,318,5660,0.0801202,0.147178,-0.98586,0
3585,0,0,0,0,464,120,4169,346,4515,0.07103,0.127441,-0.989299,0
5584,0,0,0,0,676,168,6428,531,6959,0.0800756,0.135161,-0.987583,0
5651,0,0,0,0,646,158,6455,516,6971,0.0617828,0.167313,-0.983966,0
5935,0,0,0,0,574,147,6656,585,7241,0.0666835,0.192384,-0.979051,0
5974,0,0,0,0,526,133,6633,591,7224,0.0498159,0.190908,-0.980343,0
5622,0,0,0,0,470,124,6216,693,6909,0.0439209,0.183163,-0.982101,0
5564,0,0,0,0,450,118,6132,907,7039,0.0247297,0.168195,-0.985443,0
5410,0,0,0,0,437,141,5988,841,6829,0.0307968,0.157991,-0.98696,0
5435,0,0,0,0,432,114,5981,842,6823,0.0309226,0.152827,-0.987769,0
5439,0,0,0,0,417,111,5967,851,6818,0.0314188,0.142721,-0.989264,0
5283,0,0,0,0,475,116,5874,794,6668,0.0242109,0.163695,-0.986214,0
5513,0,0,0,0,497,127,6137,778,6915,0.027906,0.148992,-0.988445,0
5376,0,0,0,0,514,160,6050,840,6890,0.0630966,0.150215,-0.986638,0
5581,0,0,0,0,586,168,6335,711,7046,0.0384208,0.183696,-0.982232,0
6642,0,0,0,0,686,179,7507,724,8231,0.0550304,0.151979,-0.986851,0
5752,0,0,0,0,733,187,6672,722,7394,0.00195893,0.248661,-0.968589,0
5555,0,0,0,0,607,134,6296,500,6796,0.00985448,0.189718,-0.981789,0
2857,0,0,0,0,449,114,3420,337,3757,-0.00243986,0.173779,-0.984782,0
5747,0,0,0,0,1012,251,7010,818,7828,0.00130367,0.125129,-0.99214,0
6024,0,0,0,0,1153,292,7469,1049,8518,-0.0214115,0.157656,-0.987262,0
6413,0,0,0,0,1316,308,8037,634,8671,0.00831128,0.124115,-0.992233,0
7121,0,0,0,0,1279,238,8638,526,9164,0.0255408,0.129868,-0.991202,0
5049,0,0,0,0,1061,257,6367,745,7112,0.0243503,0.124301,-0.991946,0
4684,0,0,0,0,1082,253,6019,840,6859,0.0136334,0.115392,-0.993226,0
8068,0,0,0,0,1611,386,10065,1611,11676,0.00208966,0.107026,-0.994254,0
7996,0,0,0,0,1091,245,9332,1415,10747,-0.0163365,0.140825,-0.9899,0
4623,0,0,0,0,989,254,5866,997,6863,-0.0212156,0.0962356,-0.995132,0
7107,0,0,0,0,1265,308,8680,1604,10284,-0.0199484,0.0712843,-0.997257,0
5918,0,0,0,0,1150,295,7363,2054,9417,-0.0174652,0.105098,-0.994308,0
3891,0,0,0,0,711,174,4776,1034,5810,-0.0238245,0.101982,-0.994501,0
8164,0,0,0,0,1080,263,9507,1444,10951,-0.012209,0.129325,-0.991527,0
4249,0,0,0,0,703,170,5122,923,6045,-0.0141927,0.125647,-0.991973,0
6497,0,0,0,0,1035,240,7772,1151,8923,-0.0103426,0.140086,-0.990085,0
5731,0,0,0,0,979,266,6976,1189,8165,-0.0176109,0.136417,-0.990495,0
6606,0,0,0,0,1029,288,7923,1041,8964,-0.0118038,0.134268,-0.990875,0
5913,0,0,0,0,1043,261,7217,1118,8335,-0.0136731,0.123824,-0.99221,0
3863,0,0,0,0,725,179,4767,684,5451,-0.0146686,0.117296,-0.992989,0
6231,0,0,0,0,1179,287,7697,1033,8730,0.0071167,0.225266,-0.974271,0
5961,0,0,0,0,736,182,6879,671,7550,0.00258446,0.181808,-0.983331,0
2884,0,0,0,0,518,129,3531,442,3973,-0.00210261,0.146961,-0.98914,0
5725,0,0,0,0,1055,256,7036,838,7874,0.00774152,0.182868,-0.983107,0
5623,0,0,0,0,1021,265,6909,840,7749,0.00181802,0.243558,-0.969885,0
5554,0,0,0,0,1027,262,6843,746,7589,-0.00952236,0.295735,-0.955223,0
5484,0,0,0,0,1041,263,6788,644,7432,-0.0127034,0.287366,-0.957737,0
5656,0,0,0,0,1197,275,7128,667,7795,-0.0285933,0.337954,-0.940728,0
5636,0,0,0,0,1082,318,7036,554,7590,-0.0333138,0.319137,-0.947123,0
6582,0,0,0,0,1146,272,8000,501,8501,-0.032014,0.351074,-0.9358,0
6006,0,0,0,0,1097,269,7372,412,7784,-0.0262952,0.348364,-0.936991,0
3814,0,0,0,0,792,189,4795,326,5121,0.0370101,0.271422,-0.961749,0
5653,0,0,0,0,1148,297,7098,626,7724,0.0532862,0.274584,-0.960085,0
5815,0,0,0,0,1136,290,7241,658,7899,0.0479545,0.26103,-0.964139,0
5842,0,0,0,0,1099,254,7195,609,7804,0.0264143,0.409371,-0.911985,0
5297,0,0,0,0,754,174,6225,406,6631,0.00333446,0.357285,-0.93399,0
3015,0,0,0,0,537,155,3707,336,4043,0.00164164,0.308569,-0.9512,0
6346,0,0,0,0,1013,253,7612,365,7977,-0.0545015,0.346819,-0.936347,0
5891,0,0,0,0,953,234,7078,404,7482,-0.0795911,0.358244,-0.930229,0
5694,0,0,0,0,873,235,6802,380,7182,-0.0598429,0.33827,-0.939144,0
3804,0,0,0,0,522,132,4458,225,4683,-0.01682,0.273657,-0.96168,0
4968,0,0,0,0,614,161,5743,253,5996,0.0332073,0.23336,-0.971823,0
5623,0,0,0,0,654,167,6444,756,7200,0.0290665,0.252616,-0.96713,0
5081,0,0,0,0,428,111,5620,192,5812,0.0212717,0.236313,-0.971444,0
2874,0,0,0,0,318,81,3273,157,3430,0.00884562,0.189138,-0.981911,0
6082,0,0,0,0,616,156,6854,448,7302,0.00599975,0.146343,-0.989216,0
5744,0,0,0,0,608,150,6502,575,7077,0.0164471,0.208691,-0.977843,0
6831,0,0,0,0,581,146,7558,707,8265,0.0243611,0.208609,-0.977696,0
5437,0,0,0,0,488,99,6024,493,6517,0.0214172,0.191841,-0.981192,0
4836,0,0,0,0,464,116,5416,736,6152,0.022237,0.179914,-0.983431,0
5431,0,0,0,0,508,129,6068,866,6934,0.0169386,0.154429,-0.987859,0
5427,0,0,0,0,528,161,6116,825,6941,0.0180943,0.140118,-0.989969,0
5739,0,0,0,0,598,155,6492,858,7350,0.0234795,0.156343,-0.987424,0
5472,0,0,0,0,599,156,6227,802,7029,0.0323573,0.15437,-0.987483,0
5493,0,0,0,0,651,165,6309,880,7189,0.0350127,0.175988,-0.98377,0
6649,0,0,0,0,699,185,7533,916,8449,0.0245913,0.194209,-0.980652,0
5677,0,0,0,0,752,192,6621,801,7422,0.0397467,0.179887,-0.982884,0
5736,0,0,0,0,812,220,6768,865,7633,0.0124124,0.208647,-0.977912,0
5786,0,0,0,0,882,234,6902,834,7736,0.00689549,0.218046,-0.975914,0
6004,0,0,0,0,925,237,7166,694,7860,0.0104486,0.119136,-0.992823,0
6112,0,0,0,0,1073,255,7440,1107,8547,0.0122043,0.145202,-0.989327,0
6026,0,0,0,0,1057,267,7350,1206,8556,0.0181204,0.114626,-0.993243,0
6284,0,0,0,0,1156,275,7715,1295,9010,0.0563305,0.159499,-0.98559,0
6173,0,0,0,0,1157,281,7611,1537,9148,0.0678407,0.119569,-0.990505,0
3714,0,0,0,0,644,156,4514,1084,5598,-0.00756242,0.123485,-0.992318,0
2635,0,0,0,0,563,133,3331,350,3681,0.0807554,0.0582848,-0.995028,0
6784,0,0,0,0,1403,352,8539,2066,10605,0.0371358,0.0938582,-0.994893,0
6754,0,0,0,0,1326,348,8428,2572,11000,-0.00646605,0.0548683,-0.998473,0
4418,0,0,0,0,831,197,5446,2713,8159,-0.025562,0.0158154,-0.999548,0
6017,0,0,0,0,1029,246,7292,2553,9845,-0.0192007,0.0287146,-0.999403,0
5876,0,0,0,0,1053,253,7182,2114,9296,-0.0307777,0.0225493,-0.999272,0
5410,0,0,0,0,879,214,6503,1559,8062,-0.00534929,0.0573699,-0.998339,0
5446,0,0,0,0,857,213,6516,1611,8127,-0.000661746,0.0164237,-0.999865,0
6105,0,0,0,0,985,239,7329,1843,9172,0.0127441,0.107506,-0.994123,0
6298,0,0,0,0,992,242,7532,1455,8987,-0.0125256,0.037118,-0.999232,0
6610,0,0,0,0,975,249,7834,1570,9404,-0.0067452,0.0921899,-0.995719,0
6348,0,0,0,0,1486,279,8113,1186,9299,-0.0223136,0.0751519,-0.996922,0
4247,0,0,0,0,696,166,5109,685,5794,-0.0177212,0.0578196,-0.99817,0
2460,0,0,0,0,401,100,2961,431,3392,-0.017377,0.036194,-0.999194,0
6247,0,0,0,0,1032,258,7537,1086,8623,-0.0116542,0.0488661,-0.998737,0
5896,0,0,0,0,689,171,6756,681,7437,-0.0134739,0.0427538,-0.998995,0
3727,0,0,0,0,650,160,4537,603,5140,-0.0136213,0.023917,-0.999621,0
6089,0,0,0,0,1058,267,7414,932,8346,-0.00842179,0.0646788,-0.997871,0
5967,0,0,0,0,1037,260,7264,877,8141,-0.0105294,0.0743872,-0.997174,0
5922,0,0,0,0,1069,288,7279,700,7979,-0.0105251,0.179163,-0.983763,0
3729,0,0,0,0,707,178,4614,573,5187,-0.00993264,0.135858,-0.990679,0
3769,0,0,0,0,715,181,4665,550,5215,-0.0112551,0.0908145,-0.995804,0
6503,0,0,0,0,1091,281,7875,824,8699,-0.00934293,0.155427,-0.987803,0
5601,0,0,0,0,1108,269,6978,750,7728,-0.0069886,0.159538,-0.987167,0
5619,0,0,0,0,1051,265,6935,742,7677,0.00228739,0.339864,-0.940472,0
5508,0,0,0,0,1033,272,6813,673,7486,0.00916469,0.317759,-0.948127,0
5288,0,0,0,0,692,171,6151,426,6577,0.0050183,0.305485,-0.952184,0
2756,0,0,0,0,503,125,3384,280,3664,0.00136833,0.258426,-0.96603,0
5497,0,0,0,0,994,252,6743,564,7307,-0.0119655,0.245586,-0.969301,0
5433,0,0,0,0,1371,279,7083,650,7733,0.0186889,0.251913,-0.967569,0
6320,0,0,0,0,1002,270,7592,496,8088,0.0290165,0.265285,-0.963733,0
5721,0,0,0,0,984,254,6959,547,7506,0.0288827,0.268394,-0.962876,0
7396,0,0,0,0,1101,329,8826,584,9410,0.0344291,0.260919,-0.964747,0
5999,0,0,0,0,1095,254,7348,761,8109,0.0522028,0.228218,-0.972209,0
5825,0,0,0,0,1025,252,7102,841,7943,0.036519,0.193114,-0.980496,0
5774,0,0,0,0,1053,248,7075,767,7842,0.0134811,0.164425,-0.986298,0
3967,0,0,0,0,645,163,4775,500,5275,0.000214461,0.176303,-0.984336,0
6010,0,0,0,0,1036,268,7314,831,8145,-0.0118562,0.17533,-0.984438,0
5647,0,0,0,0,1025,247,6919,810,7729,0.00893271,0.174361,-0.984641,0
5954,0,0,0,0,1095,261,7310,883,8193,0.0360363,0.155542,-0.987172,0
5777,0,0,0,0,1296,335,7408,885,8293,0.0467351,0.163883,-0.985372,0
5670,0,0,0,0,1067,261,6998,790,7788,0.0359831,0.149089,-0.988169,0
6932,0,0,0,0,1040,257,8229,758,8987,0.0280696,0.142381,-0.989414,0
5690,0,0,0,0,1071,261,7022,825,7847,0.0243794,0.131555,-0.991009,0
6540,0,0,0,0,1060,274,7874,669,8543,0.0240031,0.125109,-0.991853,0
6038,0,0,0,0,1097,255,7390,558,7948,0.0306839,0.115762,-0.992803,0
5707,0,0,0,0,1070,260,7037,350,7387,0.0299837,0.11953,-0.992378,0
5783,0,0,0,0,1077,260,7120,388,7508,0.0302245,0.127411,-0.991389,0
5787,0,0,0,0,1126,264,7177,484,7661,0.0266833,0.132644,-0.990804,0
5986,0,0,0,0,1063,280,7329,735,8064,0.0325557,0.131134,-0.99083,0
7082,0,0,0,0,1089,256,8427,635,9062,0.0475171,0.128876,-0.990522,0
5892,0,0,0,0,1019,289,7200,585,7785,0.0529993,0.126418,-0.99056,0
3851,0,0,0,0,852,169,4872,372,5244,0.0467287,0.130271,-0.990377,0
5310,0,0,0,0,932,244,6486,573,7059,0.0499622,0.126265,-0.990738,0
5349,0,0,0,0,873,231,6453,522,6975,0.0508067,0.108817,-0.992763,0
6726,0,0,0,0,1294,281,8301,505,8806,0.060219,0.0966005,-0.9935,0
3557,0,0,0,0,606,148,4311,243,4554,0.0576284,0.0922039,-0.994071,0
5978,0,0,0,0,996,234,7208,374,7582,0.0396666,0.0602692,-0.997394,0
5816,0,0,0,0,953,261,7030,2662,9692,0.0264298,0.0932149,-0.995295,0
6685,0,0,0,0,1028,237,7950,281,8231,0.0162995,0.0777082,-0.996843,0
5666,0,0,0,0,1042,232,6940,239,7179,0.0299474,0.0211365,-0.999328,0
5799,0,0,0,0,953,239,6991,2605,9596,0.0284923,0.123079,-0.991988,0
6625,0,0,0,0,1140,240,8005,589,8594,0.0212217,0.122535,-0.992237,0
5701,0,0,0,0,965,249,6915,611,7526,0.0214575,0.129795,-0.991309,0
6032,0,0,0,0,958,257,7247,694,7941,0.0153021,0.133325,-0.990954,0
5697,0,0,0,0,963,236,6896,819,7715,0.0202036,0.126822,-0.99172,0
5653,0,0,0,0,983,242,6878,645,7523,0.0246681,0.120683,-0.992385,0
5865,0,0,0,0,964,240,7069,620,7689,0.0188527,0.116438,-0.993019,0
5991,0,0,0,0,1079,241,7311,573,7884,0.0175723,0.115857,-0.993111,0
5794,0,0,0,0,1045,259,7098,589,7687,0.0222129,0.112496,-0.993404,0
6685,0,0,0,0,997,292,7974,476,8450,0.0209902,0.108564,-0.993868,0
5621,0,0,0,0,991,238,6850,411,7261,0.0182568,0.10955,-0.993814,0
5735,0,0,0,0,974,235,6944,454,7398,0.0176877,0.11051,-0.993718,0
5634,0,0,0,0,971,233,6838,480,7318,0.0156367,0.110552,-0.993747,0
5821,0,0,0,0,974,241,7036,482,7518,0.0195983,0.110378,-0.993696,0
5795,0,0,0,0,979,240,7014,473,7487,0.023696,0.110959,-0.993542,0
6823,0,0,0,0,1010,239,8072,382,8454,0.0252588,0.107066,-0.993931,0
5744,0,0,0,0,974,234,6952,376,7328,0.0198985,0.108874,-0.993856,0
5609,0,0,0,0,653,157,6419,233,6652,0.0215334,0.10647,-0.994083,0
2890,0,0,0,0,479,117,3486,177,3663,0.0235889,0.104871,-0.994206,0
5640,0,0,0,0,975,236,6851,359,7210,0.024281,0.103743,-0.994308,0
5701,0,0,0,0,967,251,6919,291,7210,0.0248632,0.1002,-0.994657,0
6676,0,0,0,0,1004,235,7915,255,8170,0.0246679,0.101273,-0.994553,0
5659,0,0,0,0,1007,239,6905,259,7164,0.0267298,0.0944139,-0.995174,0
6629,0,0,0,0,954,244,7827,2872,10699,0.0251498,0.11804,-0.99269,0
5726,0,0,0,0,953,237,6916,524,7440,0.0235065,0.114944,-0.993094,0
6701,0,0,0,0,970,241,7912,483,8395,0.0216083,0.113613,-0.99329,0
6774,0,0,0,0,957,242,7973,494,8467,0.0222471,0.113943,-0.993238,0
6022,0,0,0,0,960,235,7217,467,7684,0.0209563,0.113915,-0.99327,0
5769,0,0,0,0,1035,280,7084,503,7587,0.0238001,0.107082,-0.993965,0
5831,0,0,0,0,1003,241,7075,416,7491,0.0229477,0.103822,-0.994331,0
6803,0,0,0,0,968,241,8012,317,8329,0.0233043,0.100968,-0.994617,0
5744,0,0,0,0,962,243,6949,295,7244,0.0239549,0.100535,-0.994645,0
5702,0,0,0,0,967,239,6908,263,7171,0.024576,0.102241,-0.994456,0
6182,0,0,0,0,970,241,7393,283,7676,0.0264521,0.0998864,-0.994647,0
5807,0,0,0,0,993,241,7041,265,7306,0.0264596,0.100654,-0.99457,0
5847,0,0,0,0,1023,249,7119,271,7390,0.0271503,0.100898,-0.994526,0
5902,0,0,0,0,970,240,7112,253,7365,0.0263375,0.102175,-0.994418,0
5857,0,0,0,0,1073,240,7170,274,7444,0.0268743,0.0971301,-0.994909,0
3864,0,0,0,0,645,162,4671,1827,6498,0.0334835,0.127355,-0.991292,0
5888,0,0,0,0,972,240,7100,632,7732,0.0319469,0.112867,-0.993096,0
5836,0,0,0,0,971,262,7069,380,7449,0.0233118,0.115431,-0.993042,0
5743,0,0,0,0,1005,268,7016,496,7512,0.0254759,0.113888,-0.993167,0
5666,0,0,0,0,965,235,6866,447,7313,0.0222664,0.11454,-0.993169,0
5787,0,0,0,0,981,252,7020,494,7514,0.0215861,0.113688,-0.993282,0
5747,0,0,0,0,982,238,6967,575,7542,0.0206525,0.110256,-0.993689,0
4348,0,0,0,0,667,158,5173,283,5456,0.0213376,0.109803,-0.993724,0
5767,0,0,0,0,761,163,6691,292,6983,0.021374,0.109646,-0.993741,0
5090,0,0,0,0,853,214,6157,367,6524,0.0231372,0.109294,-0.99374,0
5834,0,0,0,0,961,239,7034,443,7477,0.0224121,0.109898,-0.99369,0
5656,0,0,0,0,982,238,6876,430,7306,0.0225629,0.109261,-0.993757,0
6115,0,0,0,0,963,236,7314,461,7775,0.021265,0.10716,-0.994014,0
5811,0,0,0,0,1106,244,7161,420,7581,0.0212131,0.104738,-0.994274,0
5668,0,0,0,0,1035,243,6946,356,7302,0.0215169,0.103328,-0.994415,0
5820,0,0,0,0,1019,237,7076,327,7403,0.0224549,0.100616,-0.994672,0
5710,0,0,0,0,977,228,6915,313,7228,0.0245305,0.0948293,-0.995191,0
5854,0,0,0,0,963,243,7060,3168,10228,0.014538,0.118806,-0.992811,0
5808,0,0,0,0,969,239,7016,639,7655,0.0192269,0.112909,-0.993419,0
5702,0,0,0,0,1012,250,6964,519,7483,0.0195255,0.113939,-0.993296,0
5646,0,0,0,0,1008,234,6888,523,7411,0.018023,0.115755,-0.993114,0
5730,0,0,0,0,966,237,6933,618,7551,0.0173372,0.115034,-0.99321,0
5751,0,0,0,0,967,239,6957,572,7529,0.0155757,0.110619,-0.993741,0
5746,0,0,0,0,995,236,6977,565,7542,0.0164294,0.111154,-0.993667,0
8597,0,0,0,0,973,244,9814,511,10325,0.0187839,0.115342,-0.993148,0
5767,0,0,0,0,1001,243,7011,576,7587,0.0203592,0.115066,-0.993149,0
5684,0,0,0,0,966,241,6891,577,7468,0.0213579,0.115188,-0.993114,0
5949,0,0,0,0,991,253,7193,522,7715,0.0218415,0.111441,-0.993531,0
6585,0,0,0,0,988,243,7816,449,8265,0.023639,0.105513,-0.994137,0
5676,0,0,0,0,984,237,6897,364,7261,0.0239125,0.103982,-0.994292,0
5669,0,0,0,0,967,247,6883,366,7249,0.0230545,0.102986,-0.994416,0
5831,0,0,0,0,988,248,7067,344,7411,0.0233244,0.0996569,-0.994749,0
5772,0,0,0,0,1001,240,7013,270,7283,0.0233152,0.0979548,-0.994918,0
5870,0,0,0,0,957,239,7066,263,7329,0.0232876,0.0969861,-0.995013,0
5696,0,0,0,0,1107,241,7044,279,7323,0.0245914,0.0948476,-0.995188,0
5611,0,0,0,0,962,236,6809,288,7097,0.0250462,0.0919041,-0.995453,0
5613,0,0,0,0,967,254,6834,2475,9309,0.0360137,0.103626,-0.993964,0
5978,0,0,0,0,1018,241,7237,280,7517,0.035101,0.102118,-0.994153,0
5871,0,0,0,0,1027,252,7150,305,7455,0.0368005,0.101722,-0.994132,0
5651,0,0,0,0,988,237,6876,311,7187,0.0332237,0.103763,-0.994047,0
5726,0,0,0,0,978,238,6942,342,7284,0.0350067,0.103471,-0.994016,0
5732,0,0,0,0,962,246,6940,304,7244,0.0305277,0.105864,-0.993912,0
6580,0,0,0,0,958,238,7776,336,8112,0.027961,0.103056,-0.994283,0
5792,0,0,0,0,1269,254,7315,292,7607,0.0255973,0.103588,-0.994291,0
5831,0,0,0,0,1002,262,7095,368,7463,0.024297,0.102157,-0.994472,0
6483,0,0,0,0,960,238,7681,309,7990,0.0238722,0.100161,-0.994685,0
5593,0,0,0,0,953,234,6780,307,7087,0.0249085,0.098178,-0.994857,0
6534,0,0,0,0,1004,241,7779,259,8038,0.0248475,0.0972114,-0.994954,0
5657,0,0,0,0,975,233,6865,281,7146,0.0256396,0.0918869,-0.995439,0
8832,0,0,0,0,1478,314,10624,1885,12509,0.0361203,0.100809,-0.99425,0
2858,0,0,0,0,483,117,3458,151,3609,0.0352826,0.0998746,-0.994374,0
5845,0,0,0,0,988,236,7069,332,7401,0.0312626,0.1028,-0.994211,0
6008,0,0,0,0,984,241,7233,321,7554,0.0294145,0.100588,-0.994493,0
5818,0,0,0,0,1455,305,7578,354,7932,0.0288114,0.0978331,-0.994786,0
5866,0,0,0,0,961,307,7134,253,7387,0.0301798,0.0970122,-0.994826,0
6522,0,0,0,0,1011,240,7773,244,8017,0.0302439,0.0960958,-0.994912,0
5259,0,0,0,0,644,157,6060,187,6247,0.0292454,0.0967518,-0.994879,1
5403,0,0,0,0,996,214,6613,222,6835,0.0253207,0.0974283,-0.99492,1
5695,0,0,0,0,973,239,6907,305,7212,0.0247548,0.0965101,-0.995024,1
6769,0,0,0,0,957,237,7963,261,8224,0.0265045,0.0921654,-0.995391,1
6835,0,0,0,0,961,244,8040,2714,10754,0.0315776,0.123954,-0.991785,1
3894,0,0,0,0,649,154,4697,421,5118,0.0327956,0.108251,-0.993582,1
6224,0,0,0,0,987,236,7447,355,7802,0.0241028,0.107414,-0.993922,1
8749,0,0,0,0,1377,239,10365,428,10793,0.0215023,0.107438,-0.993979,1
5036,0,0,0,0,846,208,6090,374,6464,0.0207277,0.106561,-0.99409,1
5441,0,0,0,0,851,211,6503,397,6900,0.0202591,0.105576,-0.994205,1
5105,0,0,0,0,840,233,6178,407,6585,0.0192896,0.105491,-0.994233,1
6312,0,0,0,0,957,241,7510,470,7980,0.0203366,0.106761,-0.994077,1
5802,0,0,0,0,1108,258,7168,452,7620,0.0205756,0.105828,-0.994172,1
5675,0,0,0,0,958,235,6868,405,7273,0.0203688,0.106257,-0.99413,1
5745,0,0,0,0,994,236,6975,297,7272,0.0198912,0.108787,-0.993866,1
5150,0,0,0,0,861,209,6220,428,6648,0.0202352,0.107221,-0.994029,1
5742,0,0,0,0,983,262,6987,451,7438,0.020985,0.104966,-0.994254,1
5772,0,0,0,0,966,251,6989,428,7417,0.021386,0.102812,-0.994471,1
5815,0,0,0,0,965,235,7015,386,7401,0.0209388,0.102543,-0.994508,1
6292,0,0,0,0,958,240,7490,404,7894,0.0206435,0.101451,-0.994626,1
5703,0,0,0,0,974,237,6914,360,7274,0.0212067,0.101078,-0.994652,1
5781,0,0,0,0,524,118,6423,187,6610,0.0215473,0.100435,-0.99471,1
3281,0,0,0,0,555,134,3970,206,4176,0.0215098,0.099749,-0.99478,1
5854,0,0,0,0,968,242,7064,384,7448,0.0214816,0.0986939,-0.994886,1
6964,0,0,0,0,960,235,8159,343,8502,0.0212125,0.098956,-0.994866,1
5747,0,0,0,0,972,238,6957,329,7286,0.0210721,0.0986771,-0.994896,1
6051,0,0,0,0,978,235,7264,324,7588,0.0235025,0.0963346,-0.995071,1
5808,0,0,0,0,979,237,7024,272,7296,0.0261675,0.0915403,-0.995457,1
6189,0,0,0,0,1008,248,7445,2714,10159,0.0320247,0.123364,-0.991845,1
5085,0,0,0,0,662,168,5915,396,6311,0.0333738,0.102932,-0.994128,1
3235,0,0,0,0,551,132,3918,195,4113,0.0338351,0.101099,-0.994301,1
6323,0,0,0,0,971,243,7537,338,7875,0.0278531,0.102843,-0.994308,1
6593,0,0,0,0,1081,263,7937,327,8264,0.0239375,0.1009,-0.994608,1
5878,0,0,0,0,992,238,7108,308,7416,0.0240909,0.0979414,-0.994901,1
6635,0,0,0,0,959,238,7832,346,8178,0.0281709,0.093299,-0.995239,1
5671,0,0,0,0,978,239,6888,248,7136,0.0287522,0.105234,-0.994032,1
5741,0,0,0,0,964,239,6944,359,7303,0.020755,0.104153,-0.994345,1
5687,0,0,0,0,973,235,6895,404,7299,0.0202352,0.101179,-0.994662,1
5864,0,0,0,0,977,235,7076,373,7449,0.0194544,0.100924,-0.994704,1
5866,0,0,0,0,968,240,7074,404,7478,0.016911,0.09876,-0.994968,1
5678,0,0,0,0,973,238,6889,391,7280,0.0175286,0.0960814,-0.995219,1
6194,0,0,0,0,981,237,7412,342,7754,0.0182119,0.0943479,-0.995373,1
5720,0,0,0,0,978,236,6934,306,7240,0.0208589,0.091745,-0.995564,1
5733,0,0,0,0,1005,236,6974,273,7247,0.021931,0.0930659,-0.995418,1
6632,0,0,0,0,986,234,7852,258,8110,0.0229758,0.0929654,-0.995404,1
5622,0,0,0,0,994,229,6845,280,7125,0.0238983,0.0897918,-0.995674,1
6518,0,0,0,0,968,253,7739,2641,10380,0.0312178,0.116069,-0.99275,1
5657,0,0,0,0,1180,306,7143,699,7842,0.016258,0.107613,-0.99406,1
5632,0,0,0,0,957,235,6824,565,7389,0.013055,0.109335,-0.993919,1
6055,0,0,0,0,960,239,7254,649,7903,0.0170198,0.107809,-0.994026,1
5603,0,0,0,0,957,235,6795,571,7366,0.0135375,0.11443,-0.993339,1
5715,0,0,0,0,968,242,6925,690,7615,0.0153466,0.121143,-0.992516,1
5918,0,0,0,0,963,254,7135,670,7805,0.0138979,0.112453,-0.99356,1
5658,0,0,0,0,996,242,6896,655,7551,0.0203112,0.112713,-0.99342,1
6850,0,0,0,0,1024,243,8117,676,8793,0.0234427,0.100324,-0.994679,1
5673,0,0,0,0,1010,244,6927,446,7373,0.0189925,0.094805,-0.995315,1
5747,0,0,0,0,1010,250,7007,366,7373,0.0156395,0.0901544,-0.995805,1
5686,0,0,0,0,1036,246,6968,367,7335,0.0160646,0.0928428,-0.995551,1
3764,0,0,0,0,669,163,4596,202,4798,0.0181885,0.0959792,-0.995217,1
6880,0,0,0,0,1011,250,8141,353,8494,0.023836,0.0962679,-0.99507,1
5750,0,0,0,0,1025,254,7029,299,7328,0.0248476,0.096797,-0.994994,1
7402,0,0,0,0,1022,253,8677,296,8973,0.0273805,0.100922,-0.994517,1
5731,0,0,0,0,1048,273,7052,346,7398,0.0244015,0.103399,-0.994341,1
5851,0,0,0,0,1053,253,7157,400,7557,0.0247827,0.108101,-0.993831,1
5897,0,0,0,0,1066,250,7213,503,7716,0.025411,0.114427,-0.993107,1
5946,0,0,0,0,1530,315,7791,673,8464,0.0245883,0.124072,-0.991969,1
5882,0,0,0,0,1056,259,7197,724,7921,0.0163349,0.135433,-0.990652,1
6095,0,0,0,0,1141,270,7506,752,8258,0.0165252,0.153139,-0.988066,1
5763,0,0,0,0,1080,261,7104,801,7905,0.0216783,0.167325,-0.985663,1
6153,0,0,0,0,1061,265,7479,1011,8490,0.0258297,0.188364,-0.981759,1
5933,0,0,0,0,1070,262,7265,1016,8281,0.0327058,0.18308,-0.982554,1
6098,0,0,0,0,1078,277,7453,912,8365,0.0480827,0.197649,-0.979093,1
6085,0,0,0,0,1159,285,7529,627,8156,0.0642308,0.193844,-0.978927,1
5929,0,0,0,0,1122,282,7333,576,7909,0.0681882,0.188376,-0.979727,1
5990,0,0,0,0,1201,272,7463,455,7918,0.0424087,0.169549,-0.984609,1
5868,0,0,0,0,1052,269,7189,509,7698,0.0367585,0.166275,-0.985394,1
6003,0,0,0,0,1091,269,7363,468,7831,0.0370803,0.112447,-0.992966,1
5903,0,0,0,0,1564,333,7800,616,8416,0.0488059,0.108722,-0.992873,1
6117,0,0,0,0,1101,270,7488,550,8038,0.0510463,0.0738448,-0.995962,1
5992,0,0,0,0,1074,275,7341,546,7887,0.0506422,0.0386308,-0.997969,1
5796,0,0,0,0,1055,262,7113,510,7623,0.0404796,0.0449623,-0.998168,1
5889,0,0,0,0,1066,266,7221,565,7786,0.0310089,0.0609936,-0.997656,1
6232,0,0,0,0,1088,263,7583,598,8181,0.0263102,0.0797487,-0.996468,1
5759,0,0,0,0,1007,248,7014,649,7663,0.0336788,0.0804137,-0.996192,1
5635,0,0,0,0,943,233,6811,853,7664,0.0347665,0.0738369,-0.996664,1
5601,0,0,0,0,922,229,6752,776,7528,0.0435143,0.0618763,-0.997135,1
5866,0,0,0,0,872,212,6950,815,7765,0.0483115,0.101381,-0.993674,1
6450,0,0,0,0,852,213,7515,823,8338,0.043952,0.126503,-0.990992,1
6049,0,0,0,0,694,159,6902,593,7495,0.0459209,0.116007,-0.992186,1
3927,0,0,0,0,491,124,4542,672,5214,0.0461783,0.0901605,-0.994856,1
6559,0,0,0,0,714,180,7453,958,8411,0.0296855,0.157545,-0.987065,1
5643,0,0,0,0,726,177,6546,1064,7610,0.0255353,0.129576,-0.991241,1
6490,0,0,0,0,475,122,7087,688,7775,0.0331385,0.161878,-0.986254,1
3866,0,0,0,0,512,139,4517,562,5079,0.0291086,0.141209,-0.989552,1
5906,0,0,0,0,879,228,7013,728,7741,0.0293921,0.138448,-0.989933,1
5699,0,0,0,0,803,207,6709,660,7369,0.0273406,0.104052,-0.994196,1
5819,0,0,0,0,884,242,6945,900,7845,0.0235,0.115718,-0.993004,1
7525,0,0,0,0,978,238,8741,587,9328,0.0346237,0.0872472,-0.995585,1
7182,0,0,0,0,1016,250,8448,631,9079,0.0393328,0.0522151,-0.997861,1
6947,0,0,0,0,1033,250,8230,690,8920,0.0405139,0.0489093,-0.997981,1
6074,0,0,0,0,1072,290,7436,805,8241,0.0374418,0.0509252,-0.998,1
4433,0,0,0,0,754,184,5371,461,5832,0.0228354,0.0401061,-0.998935,1
5511,0,0,0,0,936,231,6678,505,7183,0.0123148,0.0480238,-0.99877,1
7356,0,0,0,0,1107,269,8732,518,9250,0.0297968,0.068227,-0.997225,1
5872,0,0,0,0,1097,271,7240,606,7846,0.128913,0.0475275,-0.990516,1
8459,0,0,0,0,725,184,9368,472,9840,0.0305879,0.106556,-0.993836,1
3953,0,0,0,0,565,142,4660,249,4909,0.108392,-0.0115374,-0.994041,1
3750,0,0,0,0,731,184,4665,614,5279,0.0169775,0.102814,-0.994556,1
6106,0,0,0,0,1379,318,7803,582,8385,0.12905,-0.0627816,-0.989649,1
6546,0,0,0,0,1090,219,7855,1583,9438,0.0157309,0.114597,-0.993287,1
4257,0,0,0,0,934,225,5416,507,5923,0.120907,-0.09251,-0.988344,1
7888,0,0,0,0,1458,395,9741,5132,14873,-0.00312249,0.104959,-0.994472,1
5058,0,0,0,0,1039,234,6331,1264,7595,-0.00372932,-0.0858097,-0.996305,1
7283,0,0,0,0,1516,392,9191,3124,12315,-0.0434994,-0.0378146,-0.998338,1
3575,0,0,0,0,719,171,4465,1216,5681,-0.038115,-0.0611632,-0.9974,1
7310,0,0,0,0,1510,392,9212,1788,11000,-0.0327149,-0.0510114,-0.998162,1
6220,0,0,0,0,1256,313,7789,1574,9363,-0.0200088,-0.0730528,-0.997127,1
7232,0,0,0,0,1524,336,9092,1645,10737,-0.0131062,-0.0834718,-0.996424,1
6696,0,0,0,0,1329,340,8365,1542,9907,-0.0166669,-0.0934341,-0.995486,1
6517,0,0,0,0,1281,311,8109,1499,9608,-0.0336993,-0.0956631,-0.994843,1
6663,0,0,0,0,1238,340,8241,1300,9541,-0.0451204,-0.0746389,-0.996189,1
6611,0,0,0,0,1161,286,8058,1249,9307,-0.0417356,-0.0626193,-0.997164,1
6428,0,0,0,0,1122,280,7830,1113,8943,-0.0596174,-0.056746,-0.996607,1
6390,0,0,0,0,1087,265,7742,960,8702,-0.0686389,-0.0502693,-0.996374,1
4240,0,0,0,0,700,175,5115,579,5694,-0.0626259,-0.0662699,-0.995834,1
6422,0,0,0,0,973,236,7631,807,8438,-0.0393822,-0.0479453,-0.998073,1
3826,0,0,0,0,714,176,4716,604,5320,-0.0352049,-0.035877,-0.998736,1
6145,0,0,0,0,1095,259,7499,922,8421,-0.0166478,-0.0331855,-0.999311,1
6074,0,0,0,0,1119,286,7479,950,8429,-0.0309146,-0.0309859,-0.999042,1
6301,0,0,0,0,1077,272,7650,741,8391,-0.0368529,-0.0204615,-0.999111,1
5777,0,0,0,0,1242,279,7298,923,8221,-0.0328805,-0.0417374,-0.998587,1
6079,0,0,0,0,1111,270,7460,1132,8592,-0.0294617,-0.0467224,-0.998473,1
5805,0,0,0,0,1139,278,7222,1114,8336,-0.0262027,0.00677333,-0.999634,1
5752,0,0,0,0,1102,275,7129,881,8010,-0.00498631,0.0292472,-0.99956,1
5665,0,0,0,0,1094,274,7033,897,7930,-0.0143345,0.0114051,-0.999832,1
5870,0,0,0,0,1061,300,7231,793,8024,-0.00423327,0.04581,-0.998941,1
5825,0,0,0,0,1079,287,7191,663,7854,-0.0235156,0.208505,-0.977739,1
6946,0,0,0,0,1559,344,8849,851,9700,-0.0232493,0.119857,-0.992519,1
2833,0,0,0,0,430,106,3369,264,3633,-0.0120829,0.0731584,-0.997247,1
2620,0,0,0,0,497,125,3242,307,3549,-0.00799058,0.0842432,-0.996413,1
5687,0,0,0,0,1126,285,7098,566,7664,0.0025913,0.1133,-0.993557,1
3928,0,0,0,0,784,211,4923,434,5357,0.0131894,0.0724391,-0.997286,1
5912,0,0,0,0,1177,292,7381,650,8031,0.0201049,0.074021,-0.997054,1
5789,0,0,0,0,1197,300,7286,794,8080,0.0147676,0.0498859,-0.998646,1
6158,0,0,0,0,1200,303,7661,891,8552,0.00653306,0.0514046,-0.998657,1
6024,0,0,0,0,1279,304,7607,924,8531,-0.00103766,0.0263136,-0.999653,1
6110,0,0,0,0,1266,313,7689,1076,8765,0.00438127,0.00924338,-0.999948,1
5954,0,0,0,0,1263,338,7555,865,8420,0.00784676,0.0269436,-0.999606,1
6510,0,0,0,0,1276,338,8124,1182,9306,0.0136989,0.0562626,-0.998322,1
6077,0,0,0,0,1370,313,7760,1389,9149,0.00644785,0.0704689,-0.997493,1
5982,0,0,0,0,1334,332,7648,1711,9359,-0.000705552,0.132205,-0.991222,1
5979,0,0,0,0,1329,307,7615,1657,9272,-0.00785267,0.127394,-0.991821,1
5828,0,0,0,0,1374,331,7533,1447,8980,0.0159752,0.0798809,-0.996676,1
6147,0,0,0,0,1274,307,7728,1538,9266,0.020029,0.0548236,-0.998295,1
6068,0,0,0,0,1317,313,7698,1707,9405,0.0250615,0.0754722,-0.996833,1
6133,0,0,0,0,1477,339,7949,1759,9708,0.0130238,0.0690574,-0.997528,1
6208,0,0,0,0,1318,321,7847,1469,9316,0.0077852,0.153026,-0.988192,1
6196,0,0,0,0,1336,323,7855,610,8465,-0.0113716,-0.0125803,-0.999856,1
6357,0,0,0,0,1256,319,7932,542,8474,-0.00208173,-0.0382426,-0.999266,1
6496,0,0,0,0,1143,290,7929,484,8413,-0.0188011,0.044737,-0.998822,1
5768,0,0,0,0,718,217,6703,294,6997,0.00310351,0.055323,-0.998464,1
4342,0,0,0,0,859,160,5361,304,5665,0.00368147,0.029414,-0.999561,1
6230,0,0,0,0,888,222,7340,652,7992,0.00152367,0.0590091,-0.998256,1
6193,0,0,0,0,793,222,7208,622,7830,-0.00721156,0.0409406,-0.999136,1
6169,0,0,0,0,695,182,7046,649,7695,0.00213487,0.0840141,-0.996462,1
5961,0,0,0,0,609,156,6726,702,7428,0.00929486,0.0862824,-0.996227,1
5572,0,0,0,0,485,130,6187,700,6887,0.0212878,0.0477236,-0.998634,1
5624,0,0,0,0,415,113,6152,696,6848,0.0462604,0.0352799,-0.998306,1
5580,0,0,0,0,391,109,6080,585,6665,0.0613551,0.0284335,-0.997711,1
5263,0,0,0,0,448,120,5831,582,6413,0.0632997,0.00134254,-0.997994,1
5244,0,0,0,0,491,127,5862,561,6423,0.0614769,-0.163745,-0.984585,1
5459,0,0,0,0,544,146,6149,605,6754,0.0201638,0.00338276,-0.999791,1
5368,0,0,0,0,656,163,6187,458,6645,0.0259218,0.04181,-0.998789,1
5399,0,0,0,0,654,222,6275,489,6764,0.0329261,0.0486093,-0.998275,1
5463,0,0,0,0,720,196,6379,427,6806,0.0254578,0.0198478,-0.999479,1
5474,0,0,0,0,775,202,6451,455,6906,0.0272,0.0854034,-0.995975,1
5509,0,0,0,0,892,215,6616,467,7083,0.15817,-0.168037,-0.973009,1
5562,0,0,0,0,1042,287,6891,898,7789,0.04086,0.0201847,-0.998961,1
5954,0,0,0,0,960,242,7156,655,7811,-0.00403462,0.0639755,-0.997943,1
5921,0,0,0,0,1024,254,7199,974,8173,-0.0762711,0.0063947,-0.997067,1
5946,0,0,0,0,1126,274,7346,1036,8382,-0.0673643,-0.0464866,-0.996645,1
6072,0,0,0,0,1136,273,7481,1192,8673,-0.0136345,-0.0287907,-0.999492,1
3970,0,0,0,0,787,181,4938,522,5460,-0.0440424,-0.0865683,-0.995272,1
6381,0,0,0,0,1138,280,7799,1454,9253,0.00266423,-0.0120231,-0.999924,1
6082,0,0,0,0,1213,299,7594,626,8220,0.109903,0.026746,-0.993582,1
6370,0,0,0,0,1358,338,8066,2750,10816,0.0426396,0.0480721,-0.997933,1
3078,0,0,0,0,565,135,3778,650,4428,-0.0165383,-0.0102265,-0.999811,1
2744,0,0,0,0,559,132,3435,618,4053,-0.032885,-0.001299,-0.999458,1
7068,0,0,0,0,2019,411,9498,1451,10949,-0.0346251,0.049861,-0.998156,1
6506,0,0,0,0,922,221,7649,963,8612,-0.0357966,0.0192508,-0.999174,1
3210,0,0,0,0,628,154,3992,835,4827,-0.0234101,-0.0415892,-0.998861,1
6617,0,0,0,0,1223,292,8132,1478,9610,-0.0254731,-0.0441837,-0.998699,1
6425,0,0,0,0,1276,286,7987,1269,9256,-0.0377403,-0.0359361,-0.998641,1
6664,0,0,0,0,987,186,7837,793,8630,-0.0341267,-0.049172,-0.998207,1
3215,0,0,0,0,589,151,3955,599,4554,-0.0230371,-0.0708822,-0.997219,1
7583,0,0,0,0,1125,276,8984,1069,10053,-0.0210203,-0.0404489,-0.99896,1
6437,0,0,0,0,1128,272,7837,935,8772,-0.0228922,-0.0224431,-0.999486,1
6484,0,0,0,0,1270,286,8040,615,8655,0.00339944,0.0244273,-0.999696,1
4146,0,0,0,0,747,184,5077,495,5572,-0.0115969,-0.020648,-0.99972,1
6132,0,0,0,0,1200,324,7656,772,8428,-0.00315215,-0.0383022,-0.999261,1
6265,0,0,0,0,1186,294,7745,674,8419,-0.00370014,-0.0213509,-0.999765,1
6547,0,0,0,0,1145,282,7974,680,8654,-0.0330314,0.060995,-0.997591,1
6974,0,0,0,0,748,189,7911,444,8355,-0.0416784,0.0582409,-0.997432,1
3103,0,0,0,0,519,107,3729,239,3968,-0.0391643,-0.00736548,-0.999206,1
3362,0,0,0,0,591,152,4105,335,4440,-0.037843,0.00342112,-0.999278,1
5624,0,0,0,0,1035,322,6981,708,7689,-0.0460758,-0.0159324,-0.998811,1
6250,0,0,0,0,997,255,7502,556,8058,-0.0476802,0.0966442,-0.994176,1
5498,0,0,0,0,1257,312,7067,636,7703,-0.0411147,0.0513625,-0.997833,1
4917,0,0,0,0,683,187,5787,372,6159,-0.0361737,0.0235255,-0.999069,1
4626,0,0,0,0,817,207,5650,441,6091,-0.0352151,0.00700588,-0.999355,1
5764,0,0,0,0,1015,260,7039,538,7577,-0.0231706,0.00307195,-0.999727,1
6562,0,0,0,0,1071,274,7907,472,8379,-0.00689315,0.0093526,-0.999932,1
6117,0,0,0,0,1051,267,7435,508,7943,0.0117807,0.0273902,-0.999555,1
5699,0,0,0,0,1102,279,7080,457,7537,0.0114486,0.0251594,-0.999618,1
5688,0,0,0,0,1068,269,7025,481,7506,0.00530874,0.033002,-0.999441,1
5687,0,0,0,0,1443,345,7475,392,7867,0.0048348,0.0472688,-0.998871,1
5690,0,0,0,0,1047,270,7007,379,7386,-0.0086353,0.043766,-0.999004,1
5918,0,0,0,0,1034,271,7223,322,7545,-0.0324889,0.0437941,-0.998512,1
5725,0,0,0,0,984,254,6963,274,7237,-0.0447609,0.0321202,-0.998481,1
5673,0,0,0,0,1062,255,6990,285,7275,-0.0621492,0.0242338,-0.997773,1
5515,0,0,0,0,695,170,6380,212,6592,-0.0363466,0.0088969,-0.9993,1
3995,0,0,0,0,712,176,4883,244,5127,-0.0222612,-0.00445819,-0.999742,1
4033,0,0,0,0,716,188,4937,292,5229,-0.0202992,0.00406762,-0.999786,1
5703,0,0,0,0,1092,275,7070,420,7490,-0.00576158,0.00539108,-0.999969,1
6224,0,0,0,0,1138,288,7650,492,8142,0.000155969,0.0108657,-0.999941,1
6240,0,0,0,0,1270,299,7809,569,8378,-0.0165032,0.00745979,-0.999836,1
6222,0,0,0,0,1228,304,7754,631,8385,-0.0190836,0.0165186,-0.999681,1
6979,0,0,0,0,1205,307,8491,379,8870,-0.0255805,0.0715113,-0.997112,1
5972,0,0,0,0,1193,311,7476,359,7835,-0.0324538,0.0887494,-0.995525,1
6096,0,0,0,0,1125,276,7497,403,7900,-0.0289298,0.0889335,-0.995617,1
5794,0,0,0,0,1019,258,7071,420,7491,-0.0372728,0.10069,-0.994219,1
5770,0,0,0,0,944,242,6956,397,7353,-0.025501,0.0700377,-0.997218,1
5779,0,0,0,0,946,262,6987,452,7439,-0.0105552,0.0423544,-0.999047,1
6016,0,0,0,0,901,227,7144,488,7632,0.00359814,0.0305593,-0.999527,1
6147,0,0,0,0,878,210,7235,513,7748,0.0163594,0.0259301,-0.99953,1
6428,0,0,0,0,711,201,7340,538,7878,0.0106848,0.0556186,-0.998395,1
5939,0,0,0,0,679,173,6791,557,7348,-2.64303e-05,0.0449061,-0.998991,1
6010,0,0,0,0,590,149,6749,596,7345,-0.00253073,0.0430578,-0.999069,1
5722,0,0,0,0,465,125,6312,664,6976,-0.00474583,0.0401022,-0.999184,1
3649,0,0,0,0,294,73,4016,358,4374,0.0128259,0.0274934,-0.99954,1
5371,0,0,0,0,584,145,6100,617,6717,0.0167175,0.0112993,-0.999796,1
5335,0,0,0,0,459,121,5915,530,6445,0.0134794,0.0155322,-0.999788,1
5810,0,0,0,0,540,165,6515,605,7120,-0.0095489,0.0625438,-0.997997,1
6266,0,0,0,0,589,159,7014,573,7587,-0.0142723,0.0564282,-0.998305,1
3651,0,0,0,0,440,115,4206,302,4508,-0.0322566,0.0694464,-0.997064,1
6249,0,0,0,0,797,196,7242,620,7862,-0.0242144,0.0349088,-0.999097,1
5688,0,0,0,0,831,223,6742,550,7292,-0.00395248,0.0537439,-0.998547,1
6593,0,0,0,0,949,233,7775,411,8186,0.0741424,-0.0469849,-0.99614,1
5596,0,0,0,0,1007,259,6862,660,7522,0.0860244,-0.0423998,-0.99539,1
6695,0,0,0,0,1194,284,8173,654,8827,0.0938835,0.00547457,-0.995568,1
6179,0,0,0,0,1365,325,7869,941,8810,0.0887844,-0.0172414,-0.995902,1
6931,0,0,0,0,1607,381,8919,2445,11364,-0.0522933,-0.00513156,-0.998619,1
7169,0,0,0,0,1599,394,9162,1531,10693,-0.0485817,0.038358,-0.998082,1
6345,0,0,0,0,1426,337,8108,1171,9279,-0.0389812,0.00309596,-0.999235,1
6289,0,0,0,0,1340,341,7970,1289,9259,-0.0358219,-0.0396915,-0.99857,1
6682,0,0,0,0,1352,332,8366,1539,9905,-0.0527054,-0.0347257,-0.998006,1
6035,0,0,0,0,1253,304,7592,1362,8954,-0.0555214,-0.0392274,-0.997687,1
6893,0,0,0,0,1350,325,8568,1280,9848,-0.064333,-0.0253652,-0.997606,1
6645,0,0,0,0,1197,226,8068,810,8878,-0.0710647,-0.0178549,-0.997312,1
4076,0,0,0,0,776,189,5041,606,5647,-0.0781802,-0.0195212,-0.996748,1
5289,0,0,0,0,995,242,6526,757,7283,-0.0816208,0.00179753,-0.996662,1
5161,0,0,0,0,986,233,6380,639,7019,-0.0565143,-0.00748461,-0.998374,1
6409,0,0,0,0,1181,310,7900,831,8731,-0.0548515,-0.0321758,-0.997976,1
6425,0,0,0,0,1242,295,7962,950,8912,-0.0424062,-0.0424604,-0.998198,1
6405,0,0,0,0,1180,301,7886,848,8734,-0.04275,-0.0123911,-0.999009,1
6446,0,0,0,0,1122,293,7861,721,8582,-0.0183966,0.113613,-0.993355,1
5118,0,0,0,0,761,188,6067,454,6521,-0.0232694,0.0489229,-0.998531,1
2555,0,0,0,0,589,136,3280,283,3563,-0.0350657,-0.0114831,-0.999319,1
3994,0,0,0,0,701,184,4879,389,5268,-0.0248217,-0.00748127,-0.999664,1
5932,0,0,0,0,1017,261,7210,578,7788,-0.0274162,0.0558069,-0.998065,1
5856,0,0,0,0,1060,259,7175,530,7705,-0.0353166,0.0426654,-0.998465,1
5518,0,0,0,0,981,245,6744,560,7304,-0.0308024,0.068696,-0.997162,1
5721,0,0,0,0,950,244,6915,526,7441,-0.0229505,0.078052,-0.996685,1
5698,0,0,0,0,927,244,6869,480,7349,-0.0125976,0.0562297,-0.998338,1
5672,0,0,0,0,961,239,6872,408,7280,-0.012015,0.091145,-0.995765,1
5588,0,0,0,0,921,237,6746,366,7112,-0.0239161,0.0678689,-0.997408,1
5524,0,0,0,0,917,233,6674,323,6997,-0.0329508,0.1488,-0.988318,1
5350,0,0,0,0,921,225,6496,280,6776,0.0511247,-0.0517824,-0.997349,1
5326,0,0,0,0,837,219,6382,354,6736,-0.0122892,0.0931722,-0.995574,1
5694,0,0,0,0,858,218,6770,325,7095,-0.0335994,0.0891126,-0.995455,1
5600,0,0,0,0,1232,287,7119,469,7588,-0.0314396,0.0989067,-0.9946,1
5685,0,0,0,0,905,236,6826,452,7278,-0.0188029,0.0475958,-0.99869,1
5912,0,0,0,0,929,238,7079,428,7507,0.00175115,0.0448876,-0.99899,1
5870,0,0,0,0,932,241,7043,426,7469,0.00301343,0.0269947,-0.999631,1
5721,0,0,0,0,984,282,6987,433,7420,0.0110425,0.0589024,-0.998203,1
6086,0,0,0,0,1494,315,7895,460,8355,0.00482328,0.0541187,-0.998523,1
6413,0,0,0,0,1119,279,7811,445,8256,-0.0071543,0.0712,-0.997436,1
7873,0,0,0,0,1450,275,9598,319,9917,-0.0353037,0.0997623,-0.994385,1
3139,0,0,0,0,588,152,3879,160,4039,-0.031258,0.104464,-0.994037,1
5816,0,0,0,0,1073,330,7219,386,7605,-0.0251622,0.0965319,-0.995012,1
5608,0,0,0,0,964,245,6817,321,7138,-0.0224135,0.0443604,-0.998764,1
5652,0,0,0,0,907,230,6789,326,7115,-0.0138662,0.0218085,-0.999666,1
5744,0,0,0,0,873,219,6836,319,7155,-0.00250921,-0.00366658,-0.99999,1
5599,0,0,0,0,816,211,6626,380,7006,0.0142893,-0.0459852,-0.99884,1
5564,0,0,0,0,807,208,6579,417,6996,0.0150724,-0.0540672,-0.998424,1
5551,0,0,0,0,852,235,6638,411,7049,0.0175727,-0.0435369,-0.998897,1
5510,0,0,0,0,849,226,6585,425,7010,0.0207763,-0.0524891,-0.998405,1
5531,0,0,0,0,814,211,6556,500,7056,0.00138599,-0.0333242,-0.999444,1
5682,0,0,0,0,769,197,6648,406,7054,0.0142554,-0.0210316,-0.999677,1
5787,0,0,0,0,777,198,6762,472,7234,0.0203523,-0.0217148,-0.999557,1
5806,0,0,0,0,752,196,6754,519,7273,0.039345,-0.00876079,-0.999187,1
3932,0,0,0,0,506,128,4566,319,4885,0.0194381,-0.0115931,-0.999744,1
5951,0,0,0,0,723,189,6863,546,7409,0.0220506,-0.00139812,-0.999756,1
6083,0,0,0,0,735,205,7023,492,7515,0.0165349,0.011096,-0.999802,1
6273,0,0,0,0,788,200,7261,539,7800,0.00601278,0.013574,-0.99989,1
5880,0,0,0,0,629,176,6685,504,7189,-0.010642,0.0125669,-0.999864,1
6095,0,0,0,0,595,180,6870,585,7455,-0.00509478,-0.0134439,-0.999897,1
6223,0,0,0,0,389,115,6727,348,7075,0.00279269,-0.0273563,-0.999622,1
3861,0,0,0,0,370,106,4337,366,4703,-0.000241037,-0.0509868,-0.998699,1
5590,0,0,0,0,516,139,6245,559,6804,-0.00366637,-0.0479479,-0.998843,1
5741,0,0,0,0,493,146,6380,565,6945,-0.000428035,-0.0434191,-0.999057,1
3726,0,0,0,0,332,88,4146,449,4595,-0.00754658,-0.0614831,-0.99808,1
5393,0,0,0,0,501,129,6023,572,6595,-0.0010889,-0.042032,-0.999116,1
5455,0,0,0,0,519,133,6107,533,6640,0.0102747,-0.112483,-0.993601,1
5360,0,0,0,0,444,123,5927,482,6409,-0.000312562,-0.129727,-0.99155,1
5321,0,0,0,0,446,123,5890,429,6319,0.000235848,-0.156255,-0.987717,1
5367,0,0,0,0,492,131,5990,537,6527,0.00953055,-0.0679496,-0.997643,1
5536,0,0,0,0,865,201,6602,727,7329,-0.00795963,-0.000919428,-0.999968,1
5636,0,0,0,0,670,192,6498,519,7017,0.00518712,-0.015447,-0.999867,1
5906,0,0,0,0,655,178,6739,551,7290,-0.0340282,-0.00725902,-0.999394,1
5348,0,0,0,0,709,186,6243,497,6740,-0.0311538,-0.021864,-0.999275,1
5436,0,0,0,0,893,199,6528,567,7095,-0.0346897,-0.0198763,-0.999201,1
5539,0,0,0,0,791,201,6531,595,7126,-0.0440916,-0.00503249,-0.999015,1
5620,0,0,0,0,807,210,6637,566,7203,-0.0369781,-0.021222,-0.999091,1
5330,0,0,0,0,840,213,6383,646,7029,-0.0329583,-0.00898006,-0.999416,1
5533,0,0,0,0,917,231,6681,642,7323,-0.0115321,0.0182606,-0.999767,1
5614,0,0,0,0,1037,251,6902,646,7548,0.114751,-0.0603629,-0.991559,1
5862,0,0,0,0,1175,286,7323,819,8142,0.127219,-0.0592806,-0.990102,1
6371,0,0,0,0,1458,365,8194,822,9016,0.125198,-0.0647637,-0.990016,1
7992,0,0,0,0,2106,451,10549,1520,12069,0.00757333,-0.0634662,-0.997955,1
6558,0,0,0,0,1545,373,8476,1403,9879,-0.0297668,-0.0831113,-0.996096,1
7026,0,0,0,0,1501,368,8895,1359,10254,-0.0513579,-0.0935633,-0.994288,1
7728,0,0,0,0,1564,400,9692,1395,11087,-0.0624287,-0.0980912,-0.993217,1
4715,0,0,0,0,1070,255,6040,909,6949,-0.0678929,-0.100341,-0.992634,1
7342,0,0,0,0,1570,427,9339,1400,10739,-0.0400346,-0.0675986,-0.996909,1
6928,0,0,0,0,1535,392,8855,1545,10400,-0.0295428,-0.0849869,-0.995944,1
9204,0,0,0,0,1433,380,11017,1639,12656,-0.0340106,-0.0869508,-0.995632,1
4233,0,0,0,0,834,241,5308,827,6135,-0.0349621,-0.0732119,-0.996703,1
6416,0,0,0,0,1203,283,7902,1122,9024,-0.062618,-0.00637942,-0.998017,1
6400,0,0,0,0,1094,277,7771,863,8634,-0.0752543,-0.00114422,-0.997164,1
6473,0,0,0,0,1050,263,7786,768,8554,-0.0815669,-0.00411505,-0.996659,1
6789,0,0,0,0,1034,261,8084,830,8914,-0.0758552,-0.00685529,-0.997095,1
6212,0,0,0,0,1068,260,7540,743,8283,-0.0512717,0.0163514,-0.998551,1
5050,0,0,0,0,690,173,5913,479,6392,-0.0501604,0.00570629,-0.998725,1
3728,0,0,0,0,636,159,4523,456,4979,-0.0478898,-0.0124704,-0.998775,1
6038,0,0,0,0,1034,259,7331,644,7975,-0.0440824,0.0122409,-0.998953,1
6142,0,0,0,0,1023,259,7424,672,8096,-0.0412879,0.0266692,-0.998791,1
5772,0,0,0,0,1005,210,6987,368,7355,-0.0440229,0.0816733,-0.995686,1
3819,0,0,0,0,649,165,4633,351,4984,-0.0410678,0.0737387,-0.996432,1
5591,0,0,0,0,1037,248,6876,544,7420,-0.0363083,0.0874444,-0.995507,1
5619,0,0,0,0,980,261,6860,522,7382,-0.0427659,0.112679,-0.992711,1
8380,0,0,0,0,1359,322,10061,631,10692,-0.0485107,0.0928018,-0.994502,1
5431,0,0,0,0,897,229,6557,392,6949,-0.048666,0.0726254,-0.996171,1
5282,0,0,0,0,846,215,6343,371,6714,-0.0570442,0.0815038,-0.995039,1
5144,0,0,0,0,801,227,6172,341,6513,-0.0771305,0.156397,-0.984678,1
5263,0,0,0,0,770,201,6234,285,6519,-0.0904401,0.245148,-0.965258,1
5282,0,0,0,0,777,210,6269,310,6579,-0.0742135,0.0621396,-0.995304,1
5198,0,0,0,0,756,192,6146,249,6395,-0.0916062,0.133144,-0.986854,1
5633,0,0,0,0,753,196,6582,310,6892,-0.0662113,0.0888961,-0.993838,1
5512,0,0,0,0,833,216,6561,286,6847,-0.0418675,0.0673877,-0.996848,1
5702,0,0,0,0,1042,274,7018,294,7312,-0.0360834,0.0402416,-0.998538,1
6015,0,0,0,0,990,252,7257,331,7588,-0.0310507,0.0184744,-0.999347,1
5903,0,0,0,0,1064,270,7237,400,7637,-0.0404618,-0.00491162,-0.999169,1
5892,0,0,0,0,1115,274,7281,273,7554,-0.0205273,-0.00920842,-0.999747,1
5952,0,0,0,0,1093,280,7325,637,7962,-0.0204358,0.0309407,-0.999312,1
6051,0,0,0,0,1048,274,7373,488,7861,-0.0201341,-0.0364634,-0.999132,1
5956,0,0,0,0,1008,259,7223,595,7818,-0.0219647,-0.0258604,-0.999424,1
5247,0,0,0,0,633,156,6036,162,6198,0.0457034,0.125677,-0.991018,1
3581,0,0,0,0,519,137,4237,209,4446,-0.0177392,0.0990756,-0.994922,1
5799,0,0,0,0,766,197,6762,303,7065,-0.0513085,-0.0019347,-0.998681,1
6129,0,0,0,0,751,188,7068,267,7335,-0.0904049,-0.0701686,-0.99343,1
5988,0,0,0,0,686,177,6851,320,7171,-0.0730097,-0.0862447,-0.993595,1
6931,0,0,0,0,666,161,7758,287,8045,-0.0614874,-0.106045,-0.992458,1
6043,0,0,0,0,573,147,6763,423,7186,-0.0370475,-0.0620693,-0.997384,1
6098,0,0,0,0,507,133,6738,431,7169,-0.0357271,-0.0634979,-0.997342,1
5741,0,0,0,0,394,106,6241,364,6605,-0.0467774,-0.108266,-0.993021,1
5514,0,0,0,0,357,95,5966,473,6439,-0.0477353,-0.0343666,-0.998269,1
5592,0,0,0,0,339,114,6045,507,6552,-0.0456023,-0.0117266,-0.998891,1
5615,0,0,0,0,324,91,6030,443,6473,-0.0412517,-0.0230521,-0.998883,1
5533,0,0,0,0,431,103,6067,480,6547,-0.0374408,-0.0416713,-0.99843,1
3516,0,0,0,0,260,70,3846,318,4164,-0.0225381,-0.0290044,-0.999325,1
3468,0,0,0,0,286,75,3829,292,4121,-0.0453873,-0.0243836,-0.998672,1
5171,0,0,0,0,480,143,5794,586,6380,-0.0572208,-0.0270053,-0.997996,1
5326,0,0,0,0,555,145,6026,507,6533,-0.0571449,-0.0314042,-0.997872,1
5279,0,0,0,0,611,159,6049,496,6545,-0.0573212,-0.0193545,-0.998168,1
5135,0,0,0,0,640,165,5940,472,6412,-0.0514097,-0.0257956,-0.998344,1
5157,0,0,0,0,736,171,6064,436,6500,-0.0560857,-0.0181315,-0.998261,1
5015,0,0,0,0,633,167,5815,504,6319,-0.0559745,-0.0586342,-0.996709,1
5053,0,0,0,0,648,172,5873,571,6444,-0.0640384,-0.00242021,-0.997945,1
5283,0,0,0,0,701,182,6166,469,6635,-0.0591451,0.0128725,-0.998166,1
5206,0,0,0,0,774,190,6170,639,6809,0.00539572,0.00804415,-0.999953,1
5430,0,0,0,0,877,216,6523,582,7105,0.0702554,-0.0990627,-0.992598,1
7137,0,0,0,0,1014,246,8397,1071,9468,0.0282927,-0.0459858,-0.998541,1
6047,0,0,0,0,1301,291,7639,800,8439,0.0789392,-0.0522387,-0.99551,1
6534,0,0,0,0,1812,391,8737,1136,9873,-0.0567228,-0.0385665,-0.997645,1
6044,0,0,0,0,1807,370,8221,1164,9385,-0.0737777,-0.0546956,-0.995774,1
7168,0,0,0,0,1500,328,8996,1424,10420,-0.0544519,-0.0586667,-0.996791,1
4746,0,0,0,0,1046,251,6043,897,6940,-0.0423226,-0.0715366,-0.99654,1
6907,0,0,0,0,1474,383,8764,1872,10636,-0.0407764,-0.0714178,-0.996613,1
3296,0,0,0,0,668,166,4130,787,4917,-0.0536922,-0.0570955,-0.996924,1
6381,0,0,0,0,1201,356,7938,1634,9572,-0.0657589,-0.0825644,-0.994414,1
6362,0,0,0,0,1073,279,7714,1131,8845,-0.0719849,-0.0738744,-0.994666,1
4141,0,0,0,0,708,173,5022,702,5724,-0.0768893,-0.0907477,-0.992901,1
5559,0,0,0,0,1014,236,6809,762,7571,-0.0755638,-0.0686597,-0.994774,1
5540,0,0,0,0,939,233,6712,739,7451,-0.0707375,-0.060269,-0.995673,1
5592,0,0,0,0,916,229,6737,874,7611,-0.0582834,-0.0504058,-0.997027,1
6286,0,0,0,0,1025,257,7568,845,8413,-0.0549171,-0.0577983,-0.996817,1
6351,0,0,0,0,1040,261,7652,749,8401,-0.0409366,-0.0626312,-0.997197,1
6226,0,0,0,0,1053,259,7538,676,8214,-0.0398559,-0.0648876,-0.997096,1
6355,0,0,0,0,1110,269,7734,684,8418,-0.0457923,-0.0640192,-0.996898,1
6374,0,0,0,0,1056,271,7701,695,8396,-0.0399149,0.09683,-0.9945,1
5106,0,0,0,0,697,176,5979,403,6382,-0.0549988,0.081438,-0.99516,1
2447,0,0,0,0,393,104,2944,219,3163,-0.0577491,-0.0297647,-0.997887,1
2925,0,0,0,0,520,129,3574,271,3845,-0.0691797,-0.0233454,-0.997331,1
5523,0,0,0,0,896,226,6645,545,7190,-0.0692582,0.0174691,-0.997446,1
5341,0,0,0,0,849,216,6406,479,6885,-0.0817138,0.0387269,-0.995903,1
5205,0,0,0,0,777,204,6186,462,6648,-0.0669101,0.0442922,-0.996775,1
5011,0,0,0,0,839,239,6089,412,6501,-0.0601246,0.012674,-0.99811,1
4995,0,0,0,0,755,196,5946,418,6364,-0.0497376,0.0422632,-0.997868,1
5103,0,0,0,0,751,191,6045,392,6437,-0.0468971,0.0516069,-0.997566,1
1962,0,0,0,0,272,69,2303,103,2406,-0.0688277,0.03978,-0.996835,1
5069,0,0,0,0,674,168,5911,366,6277,-0.054764,0.0250252,-0.998186,1
5611,0,0,0,0,604,160,6375,264,6639,-0.0677389,0.0272259,-0.997332,1
5042,0,0,0,0,544,193,5779,263,6042,0.0887676,0.197053,-0.976366,1
6145,0,0,0,0,492,138,6775,271,7046,0.0604897,0.238453,-0.969268,1
5842,0,0,0,0,535,148,6525,461,6986,0.0198733,0.302468,-0.952952,1
5093,0,0,0,0,556,150,5799,460,6259,0.138769,0.450495,-0.881928,1
5819,0,0,0,0,761,209,6789,-1000,-1000,-1,-1,-1,1
6051,0,0,0,0,836,220,7107,318,7425,0.0198087,0.0453002,-0.998777,1
5962,0,0,0,0,921,272,7155,287,7442,0.153198,0.0193377,-0.988006,1
6403,0,0,0,0,1139,303,7845,234,8079,-0.123232,-0.0986645,-0.987461,1
5961,0,0,0,0,971,251,7183,-1000,-1000,-1,-1,-1,1
3780,0,0,0,0,611,155,4546,190,4736,-0.052959,-0.0108676,-0.998538,1
6740,0,0,0,0,876,236,7852,241,8093,-0.175739,-0.0583907,-0.982703,1
5967,0,0,0,0,633,135,6735,209,6944,-0.0266916,0.0156538,-0.999521,1
3805,0,0,0,0,479,122,4406,203,4609,-0.0341057,-0.0485725,-0.998237,1
5861,0,0,0,0,677,204,6742,349,7091,-0.00671273,-0.080002,-0.996772,1
6140,0,0,0,0,659,167,6966,414,7380,-0.0178166,-0.0237144,-0.99956,1
6182,0,0,0,0,722,172,7076,397,7473,-0.0187315,-0.0044025,-0.999815,1
6031,0,0,0,0,649,179,6859,467,7326,-0.0313306,-0.035079,-0.998893,1
6154,0,0,0,0,724,172,7050,502,7552,-0.0273914,-0.0614026,-0.997737,1
5942,0,0,0,0,445,125,6512,334,6846,-0.0158754,-0.0766658,-0.99693,1
5037,0,0,0,0,566,151,5754,470,6224,0.000687235,-0.101222,-0.994864,1
5844,0,0,0,0,701,180,6725,534,7259,0.0105259,-0.0860736,-0.996233,1
5793,0,0,0,0,648,175,6616,567,7183,-0.0192207,-0.0822424,-0.996427,1
2773,0,0,0,0,282,74,3129,303,3432,-0.0289507,-0.060445,-0.997752,1
3315,0,0,0,0,325,86,3726,335,4061,-0.0312727,-0.0559327,-0.997945,1
6799,0,0,0,0,507,136,7442,546,7988,-0.056936,0.0056785,-0.998362,1
5281,0,0,0,0,557,151,5989,557,6546,-0.0492369,-0.00783671,-0.998756,1
3472,0,0,0,0,338,84,3894,354,4248,-0.0454619,0.0223484,-0.998716,1
5029,0,0,0,0,467,119,5615,572,6187,-0.0462351,0.000532062,-0.99893,1
4792,0,0,0,0,461,119,5372,558,5930,-0.0190088,-0.00822623,-0.999785,1
4827,0,0,0,0,461,121,5409,571,5980,-0.00936413,0.00946593,-0.999911,1
4863,0,0,0,0,533,136,5532,619,6151,-0.0542621,0.133458,-0.989568,1
6153,0,0,0,0,632,164,6949,487,7436,-0.042951,0.0296173,-0.998638,1
5105,0,0,0,0,776,206,6087,665,6752,-0.0725712,-0.0488476,-0.996166,1
5481,0,0,0,0,915,224,6620,780,7400,-0.0531505,-0.0420732,-0.9977,1
8498,0,0,0,0,1701,346,10545,807,11352,-0.0737396,-0.074213,-0.994512,1
5871,0,0,0,0,1281,322,7474,803,8277,-0.0476846,-0.0918846,-0.994627,1
6204,0,0,0,0,1522,351,8077,840,8917,-0.0545681,-0.0809368,-0.995224,1
7343,0,0,0,0,1752,445,9540,1122,10662,-0.0472386,-0.0639715,-0.996833,1
7546,0,0,0,0,1799,472,9817,1406,11223,-0.0457463,-0.0777305,-0.995924,1
7109,0,0,0,0,1688,355,9152,981,10133,-0.0432786,-0.0975873,-0.994286,1
7126,0,0,0,0,1702,414,9242,1482,10724,-0.0394955,-0.110641,-0.993075,1
7019,0,0,0,0,1655,429,9103,1763,10866,-0.0371375,-0.108199,-0.993435,1
6860,0,0,0,0,1467,380,8707,1907,10614,-0.0470908,-0.116335,-0.992093,1
6662,0,0,0,0,1332,335,8329,1326,9655,-0.0731438,-0.0973778,-0.992556,1
6550,0,0,0,0,1298,339,8187,1063,9250,-0.0638637,-0.0764748,-0.995024,1
6363,0,0,0,0,1209,300,7872,964,8836,-0.0732534,-0.0708749,-0.994792,1
6469,0,0,0,0,1200,290,7959,808,8767,-0.0508242,-0.0508835,-0.997411,1
6702,0,0,0,0,975,192,7869,541,8410,-0.0455407,-0.044755,-0.997959,1
4300,0,0,0,0,784,191,5275,487,5762,-0.0541313,-0.0813035,-0.995218,1
4727,0,0,0,0,795,189,5711,492,6203,-0.0684899,-0.0769283,-0.994681,1
6261,0,0,0,0,1082,275,7618,605,8223,-0.0601916,-0.0517443,-0.996845,1
5397,0,0,0,0,951,236,6584,562,7146,-0.0668832,-0.0268647,-0.997399,1
5846,0,0,0,0,1004,262,7112,569,7681,-0.0595608,0.00379102,-0.998218,1
5560,0,0,0,0,869,238,6667,573,7240,-0.068189,0.0269631,-0.997308,1
5069,0,0,0,0,878,207,6154,567,6721,-0.0580906,0.0215469,-0.998079,1
5214,0,0,0,0,721,194,6129,454,6583,-0.0462349,0.048415,-0.997757,1
4839,0,0,0,0,693,177,5709,374,6083,-0.0339141,0.0862794,-0.995694,1
4828,0,0,0,0,687,172,5687,345,6032,-0.0325246,0.10725,-0.9937,1
4770,0,0,0,0,639,166,5575,309,5884,-0.0337309,0.106804,-0.993708,1
4946,0,0,0,0,638,177,5761,327,6088,-0.0418276,0.198931,-0.979121,1
4858,0,0,0,0,607,158,5623,231,5854,-0.00311547,0.129905,-0.991522,1
4933,0,0,0,0,656,168,5757,243,6000,0.0735185,-0.272309,-0.959397,1
5172,0,0,0,0,1106,262,6540,425,6965,-0.044861,0.0580254,-0.997307,1
5652,0,0,0,0,904,241,6797,452,7249,-0.0507828,0.0952212,-0.99416,1
5741,0,0,0,0,1087,258,7086,312,7398,-0.0162862,0.1956,-0.980548,1
5325,0,0,0,0,765,202,6292,281,6573,-0.0345158,0.0726073,-0.996763,1
3018,0,0,0,0,599,151,3768,183,3951,-0.00878945,0.0772775,-0.996971,1
7108,0,0,0,0,1308,325,8741,397,9138,0.000769152,0.0597537,-0.998213,1
6144,0,0,0,0,1247,319,7710,292,8002,0.0297792,0.0253252,-0.999236,1
6220,0,0,0,0,1209,308,7737,310,8047,0.0681887,0.0368236,-0.996993,1
3027,0,0,0,0,439,112,3578,121,3699,0.0413991,-0.0185111,-0.998971,1
1939,0,0,0,0,352,89,2380,111,2491,0.00957877,-0.0675102,-0.997673,1
6009,0,0,0,0,1068,267,7344,397,7741,-0.00731382,-0.0165942,-0.999836,1
6295,0,0,0,0,1065,261,7621,304,7925,-0.00972563,0.0239162,-0.999667,1
7357,0,0,0,0,1306,257,8920,318,9238,-0.0301869,0.0454895,-0.998509,1
3990,0,0,0,0,632,160,4782,230,5012,-0.0367167,0.0208159,-0.999109,1
5982,0,0,0,0,926,240,7148,344,7492,-0.0401523,-0.0249332,-0.998882,1
6345,0,0,0,0,903,252,7500,403,7903,-0.0295764,-0.0332819,-0.999008,1
4828,0,0,0,0,570,148,5546,307,5853,-0.0231468,-0.0664423,-0.997522,1
4211,0,0,0,0,544,141,4896,316,5212,-0.0158935,-0.0617392,-0.997966,1
6421,0,0,0,0,660,175,7256,399,7655,-0.00918975,-0.0326779,-0.999424,1
5318,0,0,0,0,581,150,6049,420,6469,-0.0100748,-0.0334275,-0.99939,1
5691,0,0,0,0,480,132,6303,493,6796,-0.00258927,0.0561283,-0.99842,1
5137,0,0,0,0,398,95,5630,537,6167,-0.0149943,0.0372528,-0.999193,1
3036,0,0,0,0,143,40,3219,236,3455,-0.0130067,-0.0456558,-0.998872,1
1922,0,0,0,0,125,35,2082,181,2263,-0.0155974,-0.0795063,-0.996712,1
4901,0,0,0,0,345,92,5338,492,5830,-0.0279104,-0.0432811,-0.998673,1
4674,0,0,0,0,333,90,5097,485,5582,-0.0230419,-0.0507901,-0.998444,1
4597,0,0,0,0,329,94,5020,464,5484,-0.0247611,-0.0574499,-0.998041,1
4815,0,0,0,0,378,104,5297,558,5855,-0.0220753,-0.0318197,-0.99925,1
5636,0,0,0,0,438,142,6216,526,6742,-0.0423954,-0.00629858,-0.999081,1
4877,0,0,0,0,458,123,5458,557,6015,-0.0549411,0.00433775,-0.99848,1
4821,0,0,0,0,493,128,5442,472,5914,-0.0511647,-0.0439477,-0.997723,1
4964,0,0,0,0,612,143,5719,526,6245,-0.035726,-0.000771899,-0.999361,1
5227,0,0,0,0,709,228,6164,1188,7352,0.0465721,0.024003,-0.998626,1
5213,0,0,0,0,747,185,6145,668,6813,0.185464,-0.0894718,-0.978569,1
5600,0,0,0,0,1015,240,6855,916,7771,0.0020057,-0.0694502,-0.997583,1
6453,0,0,0,0,1216,305,7974,881,8855,-0.0738463,-0.0569118,-0.995644,1
6333,0,0,0,0,1557,354,8244,1403,9647,-0.0632339,-0.0534216,-0.996568,1
6863,0,0,0,0,1646,400,8909,1242,10151,-0.058478,-0.028921,-0.99787,1
7557,0,0,0,0,1938,426,9921,1448,11369,-0.0589319,-0.0284382,-0.997857,1
7065,0,0,0,0,1749,428,9242,1618,10860,-0.070725,-0.00662979,-0.997474,1
7150,0,0,0,0,1555,279,8984,1017,10001,-0.0555555,-0.0214706,-0.998225,1
4608,0,0,0,0,1140,250,5998,1024,7022,-0.0511222,-0.0239255,-0.998406,1
6790,0,0,0,0,1622,377,8789,1358,10147,-0.0362167,-0.0350192,-0.99873,1
6594,0,0,0,0,1855,344,8793,1023,9816,-0.0418872,-0.0627702,-0.997149,1
5970,0,0,0,0,895,219,7084,602,7686,-0.0622891,-0.0658938,-0.995881,1
3954,0,0,0,0,803,222,4979,600,5579,-0.0540803,-0.0859636,-0.994829,1
6591,0,0,0,0,1278,312,8181,797,8978,-0.0713057,-0.0835978,-0.993945,1
6649,0,0,0,0,1287,318,8254,726,8980,-0.0706654,-0.0836177,-0.993989,1
7114,0,0,0,0,1212,304,8630,771,9401,-0.0647842,-0.0879182,-0.994019,1
4166,0,0,0,0,835,214,5215,467,5682,-0.0669595,-0.102454,-0.992482,1
6370,0,0,0,0,1241,294,7905,664,8569,-0.0606579,-0.0871405,-0.994348,1
6018,0,0,0,0,1084,276,7378,644,8022,-0.0523561,-0.0883138,-0.994716,1
5953,0,0,0,0,1032,261,7246,594,7840,-0.0558792,-0.0947776,-0.993929,1
5705,0,0,0,0,989,243,6937,561,7498,-0.0616075,-0.054914,-0.996589,1
5491,0,0,0,0,871,225,6587,512,7099,-0.0619315,-0.0299087,-0.997632,1
5160,0,0,0,0,865,210,6235,511,6746,-0.0756987,-0.0398189,-0.996335,1
3934,0,0,0,0,489,134,4557,301,4858,-0.0604754,-0.0265181,-0.997817,1
4721,0,0,0,0,662,173,5556,440,5996,-0.047062,-0.0128325,-0.998809,1
4627,0,0,0,0,639,168,5434,431,5865,-0.0335807,0.00721551,-0.99941,1
4675,0,0,0,0,614,161,5450,412,5862,-0.0257907,0.0241082,-0.999377,1
4734,0,0,0,0,594,158,5486,361,5847,-0.0207412,0.0603566,-0.997961,1
4796,0,0,0,0,580,157,5533,328,5861,-0.0103208,0.142243,-0.989778,1
4658,0,0,0,0,582,152,5392,302,5694,-0.00887335,0.151359,-0.988439,1
4542,0,0,0,0,717,150,5409,289,5698,-0.0294596,0.0358372,-0.998923,1
4669,0,0,0,0,559,149,5377,273,5650,-0.00461767,0.112786,-0.993609,1
4969,0,0,0,0,625,199,5793,283,6076,0.001942,0.102565,-0.994724,1
5051,0,0,0,0,709,189,5949,313,6262,-0.000704054,0.111083,-0.993811,1
5843,0,0,0,0,883,223,6949,323,7272,-0.0327654,0.0930856,-0.995119,1
5788,0,0,0,0,1025,262,7075,333,7408,-0.0130511,0.025294,-0.999595,1
6069,0,0,0,0,1151,294,7514,318,7832,-0.0243192,0.03029,-0.999245,1
6423,0,0,0,0,1280,321,8024,360,8384,-0.0136093,0.107201,-0.994144,1
6392,0,0,0,0,1292,316,8000,277,8277,-0.0151028,0.099602,-0.994913,1
6236,0,0,0,0,1228,324,7788,288,8076,-0.000687458,0.066551,-0.997783,1
6281,0,0,0,0,1450,357,8088,283,8371,-0.00695632,0.08831,-0.996069,1
6295,0,0,0,0,936,235,7466,323,7789,-0.0140175,0.0584919,-0.998189,1
6192,0,0,0,0,748,194,7134,329,7463,0.000837012,0.0441967,-0.999023,1
5964,0,0,0,0,637,160,6761,398,7159,0.00232455,0.0271294,-0.999629,1
5528,0,0,0,0,598,138,6264,411,6675,0.00732092,0.00585941,-0.999956,1
5339,0,0,0,0,448,121,5908,490,6398,0.00645337,-0.00655967,-0.999958,1
5157,0,0,0,0,463,125,5745,445,6190,-0.00219286,-0.0300995,-0.999544,1
5008,0,0,0,0,451,125,5584,466,6050,-0.00999957,-0.0527329,-0.998559,1
5024,0,0,0,0,454,125,5603,438,6041,-0.0144624,-0.0484509,-0.998721,1
5018,0,0,0,0,433,117,5568,448,6016,-0.0109865,-0.0656211,-0.997784,1
4882,0,0,0,0,413,111,5406,500,5906,-0.00162216,-0.0598146,-0.998208,1
5020,0,0,0,0,409,112,5541,423,5964,-0.00750682,-0.067077,-0.99772,1
4861,0,0,0,0,355,100,5316,382,5698,-0.0110349,-0.0539138,-0.998485,1
4689,0,0,0,0,342,104,5135,364,5499,-0.014295,-0.0669034,-0.997657,1
4880,0,0,0,0,314,92,5286,372,5658,-0.00594516,-0.105238,-0.994429,1
4689,0,0,0,0,322,85,5096,361,5457,0.0186818,-0.181398,-0.983232,1
4612,0,0,0,0,259,76,4947,346,5293,0.0121307,-0.120719,-0.992613,1
4412,0,0,0,0,265,91,4768,375,5143,0.0408794,-0.262839,-0.963973,1
4480,0,0,0,0,238,85,4803,410,5213,0.107646,-0.156501,-0.981794,1
4374,0,0,0,0,271,80,4725,374,5099,0.0367093,-0.281432,-0.958879,1
4525,0,0,0,0,321,90,4936,367,5303,0.145166,-0.125442,-0.981423,1
4343,0,0,0,0,387,105,4835,491,5326,0.077717,-0.199034,-0.976906,1
4416,0,0,0,0,426,113,4955,448,5403,0.051743,-0.226904,-0.972542,1
3032,0,0,0,0,299,83,3414,359,3773,0.0697163,-0.229014,-0.970923,1
3006,0,0,0,0,295,80,3381,376,3757,0.0728474,-0.242175,-0.967494,1
4480,0,0,0,0,449,122,5051,488,5539,0.0483667,-0.176481,-0.983115,1
4611,0,0,0,0,450,123,5184,540,5724,0.0084005,-0.0963756,-0.99531,1
4485,0,0,0,0,541,132,5158,601,5759,-0.0229416,-0.054913,-0.998228,1
4728,0,0,0,0,604,181,5513,488,6001,-0.0154677,-0.0187129,-0.999705,1
4990,0,0,0,0,816,188,5994,619,6613,-0.00769496,0.0473123,-0.99885,1
4898,0,0,0,0,871,220,5989,1060,7049,0.300802,-0.182441,-0.936073,1
5186,0,0,0,0,964,225,6375,844,7219,-0.0340048,-0.0980192,-0.994603,1
3434,0,0,0,0,666,164,4264,375,4639,-0.0251843,-0.0395853,-0.998899,1
5675,0,0,0,0,1539,325,7539,962,8501,0.0948769,-0.0447655,-0.994482,1
5856,0,0,0,0,1385,311,7552,904,8456,0.234447,-0.0380185,-0.971385,1
6858,0,0,0,0,1382,382,8622,1108,9730,0.247707,-0.0141994,-0.968731,1
6342,0,0,0,0,1572,408,8322,2686,11008,0.00171634,0.0517767,-0.998657,1
6566,0,0,0,0,1757,397,8720,1129,9849,-0.0103972,0.040396,-0.99913,1
6726,0,0,0,0,1697,411,8834,1225,10059,-0.0202352,0.0119823,-0.999723,1
6795,0,0,0,0,1709,452,8956,1332,10288,-0.0339711,-0.00664747,-0.999401,1
5697,0,0,0,0,1147,283,7127,860,7987,-0.0505869,-0.0155124,-0.998599,1
3491,0,0,0,0,866,210,4567,654,5221,-0.0430661,-0.022626,-0.998816,1
7200,0,0,0,0,1869,425,9494,1526,11020,-0.0432652,-0.00734363,-0.999037,1
4792,0,0,0,0,1154,273,6219,952,7171,-0.0575324,-0.0233472,-0.998071,1
4686,0,0,0,0,1119,259,6064,1138,7202,-0.0590987,-0.0184832,-0.998081,1
6965,0,0,0,0,1536,372,8873,2141,11014,-0.0463384,-0.0437655,-0.997967,1
6788,0,0,0,0,1409,357,8554,1913,10467,-0.056527,-0.00615049,-0.998382,1
6102,0,0,0,0,1162,301,7565,1444,9009,-0.0620862,-0.06318,-0.996069,1
6792,0,0,0,0,1230,302,8324,1076,9400,-0.0629107,-0.0557875,-0.996459,1
6595,0,0,0,0,1205,293,8093,834,8927,-0.0579738,-0.0664552,-0.996104,1
6602,0,0,0,0,1193,322,8117,718,8835,-0.0467055,-0.0471426,-0.997796,1
6433,0,0,0,0,1184,323,7940,646,8586,-0.0550847,-0.0202634,-0.998276,1
6282,0,0,0,0,1194,296,7772,556,8328,-0.0559163,-0.014952,-0.998323,1
6175,0,0,0,0,1152,288,7615,589,8204,-0.0647202,-0.0385398,-0.997159,1
6193,0,0,0,0,1031,263,7487,520,8007,-0.067426,-0.017671,-0.997568,1
6552,0,0,0,0,867,166,7585,358,7943,-0.0654818,-0.00563114,-0.997838,1
5577,0,0,0,0,915,229,6721,563,7284,-0.0683843,-0.00542191,-0.997644,1
5784,0,0,0,0,821,211,6816,496,7312,-0.049525,-0.020376,-0.998565,1
5313,0,0,0,0,767,194,6274,480,6754,-0.0487186,-0.0237976,-0.998529,1
5015,0,0,0,0,734,181,5930,558,6488,-0.0472632,-0.0375029,-0.998178,1
4828,0,0,0,0,751,178,5757,476,6233,-0.0479754,-0.0263654,-0.998501,1
4957,0,0,0,0,664,171,5792,457,6249,-0.0529883,-0.0528534,-0.997195,1
4735,0,0,0,0,617,162,5514,489,6003,-0.0567804,-0.046648,-0.997296,1
5155,0,0,0,0,862,212,6229,627,6856,-0.0355113,-0.0317912,-0.998863,1
4748,0,0,0,0,589,154,5491,437,5928,-0.0504905,-0.0228519,-0.998463,1
4843,0,0,0,0,585,154,5582,437,6019,-0.060752,-0.0279095,-0.997763,1
4630,0,0,0,0,541,188,5359,410,5769,-0.0554754,-0.00132101,-0.998459,1
4568,0,0,0,0,574,147,5289,394,5683,-0.0489815,0.0107867,-0.998741,1
4490,0,0,0,0,537,143,5170,391,5561,-0.0413517,0.026489,-0.998793,1
4580,0,0,0,0,618,210,5408,355,5763,-0.0420718,0.0195422,-0.998923,1
4643,0,0,0,0,560,143,5346,284,5630,-0.0275857,0.0578814,-0.997942,1
4679,0,0,0,0,576,139,5394,237,5631,-0.0138499,0.0715798,-0.997339,1
4651,0,0,0,0,577,149,5377,298,5675,-0.0138512,0.111318,-0.993688,1
4926,0,0,0,0,693,177,5796,286,6082,0.088743,0.14823,-0.984963,1
5081,0,0,0,0,750,196,6027,341,6368,-0.0066929,0.252323,-0.96762,1
5401,0,0,0,0,820,217,6438,544,6982,0.0606622,0.154132,-0.986186,1
6369,0,0,0,0,1229,252,7850,362,8212,0.154529,0.1253,-0.980011,1
7193,0,0,0,0,1037,216,8446,196,8642,0.0426244,0.145609,-0.988424,1
4266,0,0,0,0,809,202,5277,255,5532,-0.0752981,0.0854615,-0.993492,1
6558,0,0,0,0,1309,311,8178,-1000,-1000,-1,-1,-1,1
2420,0,0,0,0,471,118,3009,-1000,-1000,-1,-1,-1,1
4703,0,0,0,0,1139,225,6067,295,6362,0.156618,0.027829,-0.987267,1
6270,0,0,0,0,1222,330,7822,367,8189,-0.0251183,-0.00483893,-0.999673,1
7137,0,0,0,0,811,197,8145,179,8324,-0.024364,0.019205,-0.999519,1
4145,0,0,0,0,803,191,5139,188,5327,0.00889171,-0.0549456,-0.99845,1
5663,0,0,0,0,1184,323,7170,415,7585,0.0133927,-0.00527955,-0.999896,1
6168,0,0,0,0,1392,272,7832,386,8218,0.0192989,-0.00465556,-0.999803,1
6524,0,0,0,0,1338,256,8118,469,8587,0.0151374,0.0265661,-0.999532,1
6049,0,0,0,0,928,231,7208,426,7634,8.54822e-05,0.0462763,-0.998929,1
6372,0,0,0,0,846,213,7431,443,7874,-0.0204572,0.0583312,-0.998088,1
5611,0,0,0,0,649,170,6430,474,6904,-0.00526452,0.0818673,-0.996629,1
5335,0,0,0,0,501,130,5966,430,6396,0.00144206,0.0546083,-0.998507,1
5188,0,0,0,0,442,121,5751,464,6215,-0.00469146,0.001282,-0.999988,1
5159,0,0,0,0,318,89,5566,478,6044,-0.00350978,0.0103378,-0.99994,1
5090,0,0,0,0,254,92,5436,512,5948,-0.00342435,0.00817738,-0.999961,1
4738,0,0,0,0,190,60,4988,469,5457,0.00341586,-0.0222917,-0.999746,1
4730,0,0,0,0,162,53,4945,519,5464,0.0077625,-0.00381871,-0.999963,1
4549,0,0,0,0,156,49,4754,435,5189,0.0171786,-0.0324408,-0.999326,1
4679,0,0,0,0,149,50,4878,472,5350,-0.00394957,-0.0349772,-0.99938,1
4708,0,0,0,0,234,65,5007,505,5512,-0.00176608,-0.031506,-0.999502,1
4598,0,0,0,0,162,49,4809,521,5330,0.00402392,-0.0266097,-0.999638,1
4484,0,0,0,0,199,56,4739,521,5260,-0.0027124,-0.0386807,-0.999248,1
4432,0,0,0,0,204,63,4699,513,5212,-0.00980657,-0.0375527,-0.999247,1
4937,0,0,0,0,275,79,5291,706,5997,-0.0222912,-0.0396506,-0.998965,1
4555,0,0,0,0,366,95,5016,616,5632,-0.0438817,-0.02713,-0.998668,1
4698,0,0,0,0,447,116,5261,826,6087,-0.0506202,-0.0287024,-0.998305,1
4984,0,0,0,0,621,155,5760,757,6517,-0.0446588,-0.0160982,-0.998873,1
5231,0,0,0,0,837,198,6266,565,6831,-0.0365388,0.0284297,-0.998928,1
5585,0,0,0,0,1103,286,6974,1397,8371,0.241839,-0.478704,-0.844012,1
6034,0,0,0,0,1334,324,7692,482,8174,-0.0422288,0.00385547,-0.9991,1
6319,0,0,0,0,1562,375,8256,729,8985,-0.0354422,0.100548,-0.994301,1
6620,0,0,0,0,1723,420,8763,1039,9802,0.00814047,0.12068,-0.992658,1
6792,0,0,0,0,1767,434,8993,1591,10584,0.00426997,0.103949,-0.994573,1
7140,0,0,0,0,1830,447,9417,1674,11091,-0.00261787,0.100632,-0.99492,1
5187,0,0,0,0,1187,285,6659,1328,7987,-0.0169962,0.0972423,-0.995116,1
9064,0,0,0,0,2258,473,11795,1834,13629,-0.0391306,0.072436,-0.996605,1
7000,0,0,0,0,1718,391,9109,2084,11193,-0.064587,0.057562,-0.996251,1
4557,0,0,0,0,1019,232,5808,1431,7239,-0.0697151,0.0474437,-0.996438,1
6136,0,0,0,0,1206,293,7635,1647,9282,-0.0707738,0.0298632,-0.997045,1
6041,0,0,0,0,1185,272,7498,1129,8627,-0.0827843,0.0483275,-0.995395,1
8465,0,0,0,0,706,172,9343,579,9922,-0.0908613,0.0432768,-0.994923,1
5136,0,0,0,0,876,210,6222,643,6865,-0.0828413,0.0635516,-0.994534,1
6257,0,0,0,0,1028,250,7535,1088,8623,-0.06986,0.0577395,-0.995884,1
6359,0,0,0,0,960,237,7556,702,8258,-0.0809343,0.0465162,-0.995633,1
6083,0,0,0,0,943,234,7260,605,7865,-0.064899,0.0611948,-0.996014,1
5838,0,0,0,0,873,213,6924,579,7503,-0.0526781,0.099318,-0.99366,1
5504,0,0,0,0,812,200,6516,614,7130,-0.0461493,0.0790689,-0.9958,1
5002,0,0,0,0,722,183,5907,595,6502,-0.0386265,0.116365,-0.992455,1
4830,0,0,0,0,664,168,5662,535,6197,-0.0325457,0.0896848,-0.995438,1
5205,0,0,0,0,922,210,6337,709,7046,-0.0199946,0.101568,-0.994628,1
4775,0,0,0,0,575,156,5506,446,5952,-0.0221901,0.162083,-0.986528,1
5763,0,0,0,0,567,156,6486,463,6949,-0.014055,0.144696,-0.989376,1
4791,0,0,0,0,563,149,5503,429,5932,-0.0153335,0.154369,-0.987894,1
4669,0,0,0,0,551,146,5366,348,5714,-0.00543219,0.195522,-0.980684,1
4649,0,0,0,0,570,147,5366,375,5741,0.00899851,0.222023,-0.975,1
4724,0,0,0,0,606,157,5487,332,5819,0.0155577,0.224675,-0.974309,1
4905,0,0,0,0,640,166,5711,330,6041,0.0359146,0.195738,-0.979998,1
4881,0,0,0,0,677,176,5734,298,6032,0.0296004,0.249179,-0.968005,1
4852,0,0,0,0,752,186,5790,300,6090,0.0070087,0.164936,-0.986279,1
4855,0,0,0,0,731,187,5773,297,6070,0.0593648,0.143765,-0.98783,1
5014,0,0,0,0,732,213,5959,271,6230,0.0279794,-0.0240181,-0.99932,1
4888,0,0,0,0,888,196,5972,266,6238,-0.00942416,0.10146,-0.994795,1
5129,0,0,0,0,741,196,6066,277,6343,0.00225955,0.0812485,-0.996691,1
4969,0,0,0,0,844,200,6013,372,6385,0.0150352,0.0658695,-0.997715,1
4373,0,0,0,0,648,198,5219,338,5557,0.0231729,0.0856283,-0.996058,1
4986,0,0,0,0,734,191,5911,365,6276,0.0457078,0.107908,-0.99311,1
5044,0,0,0,0,749,191,5984,244,6228,-0.00762941,0.206367,-0.978445,1
5044,0,0,0,0,755,199,5998,305,6303,0.0851343,0.125371,-0.98845,1
5148,0,0,0,0,751,194,6093,281,6374,0.0528429,0.0390961,-0.997837,1
5118,0,0,0,0,814,207,6139,267,6406,0.0190199,0.175707,-0.984259,1
5386,0,0,0,0,916,232,6534,315,6849,0.0327851,0.178179,-0.983452,1
5410,0,0,0,0,1533,260,7203,358,7561,0.0539693,0.145308,-0.987913,1
5453,0,0,0,0,1094,277,6824,361,7185,0.069894,0.156504,-0.985201,1
5990,0,0,0,0,1139,291,7420,360,7780,0.0531719,0.101317,-0.993432,1
5641,0,0,0,0,1166,301,7108,275,7383,0.0609229,0.0994077,-0.99318,1
5535,0,0,0,0,1164,299,6998,313,7311,0.0529165,0.0875826,-0.994751,1
6461,0,0,0,0,1196,328,7985,350,8335,0.0482363,0.0895341,-0.994815,1
5478,0,0,0,0,1194,296,6968,314,7282,0.0216651,0.0591025,-0.998017,1
5826,0,0,0,0,1200,302,7328,264,7592,0.0430622,0.104711,-0.99357,1
5743,0,0,0,0,1194,371,7308,454,7762,-0.00730195,0.0216979,-0.999738,1
5601,0,0,0,0,1231,293,7125,-1000,-1000,-1,-1,-1,1
5692,0,0,0,0,1246,296,7234,-1000,-1000,-1,-1,-1,1
5685,0,0,0,0,1156,292,7133,-1000,-1000,-1,-1,-1,1
5679,0,0,0,0,1153,293,7125,237,7362,-0.0686527,-0.0651184,-0.995513,1
5636,0,0,0,0,1146,289,7071,348,7419,0.00895088,-0.0156119,-0.999838,1
5558,0,0,0,0,1158,291,7007,686,7693,0.017042,0.00897804,-0.999814,1
5564,0,0,0,0,1521,300,7385,690,8075,0.00810587,0.0206554,-0.999754,1
5603,0,0,0,0,1162,294,7059,625,7684,0.00650867,0.0178539,-0.999819,1
5565,0,0,0,0,1137,292,6994,675,7669,0.00586362,0.0165112,-0.999846,1
5488,0,0,0,0,1171,295,6954,724,7678,0.0184183,0.0126858,-0.99975,1
5497,0,0,0,0,1146,312,6955,650,7605,0.00513237,0.02547,-0.999662,1
5548,0,0,0,0,1163,295,7006,718,7724,0.00933459,0.0156895,-0.999833,1
5557,0,0,0,0,1128,282,6967,650,7617,0.001281,0.0262785,-0.999654,1
5554,0,0,0,0,1142,315,7011,638,7649,0.00196909,0.023187,-0.999729,1
5572,0,0,0,0,1169,293,7034,637,7671,0.00226869,0.0276123,-0.999616,1
5597,0,0,0,0,1226,298,7121,602,7723,0.00104157,0.019835,-0.999803,1
5592,0,0,0,0,1159,296,7047,621,7668,0.00229665,0.0188296,-0.99982,1
5536,0,0,0,0,1125,288,6949,647,7596,0.00406573,0.021579,-0.999759,1
5779,0,0,0,0,1240,331,7350,581,7931,0.000641717,0.0185179,-0.999828,1
8306,0,0,0,0,1692,379,10377,808,11185,-0.00193077,0.0182112,-0.999832,1
5800,0,0,0,0,1189,296,7285,685,7970,0.000525618,0.0186487,-0.999826,1
5571,0,0,0,0,1177,292,7040,235,7275,0.0478421,-0.000256076,-0.998855,1
5511,0,0,0,0,1140,315,6966,262,7228,0.0376734,-0.010175,-0.999238,1
5545,0,0,0,0,1154,291,6990,647,7637,0.00663556,0.00968914,-0.999931,1
5653,0,0,0,0,1182,293,7128,637,7765,0.00789033,0.0143144,-0.999866,1
5693,0,0,0,0,1353,382,7428,858,8286,0.00373818,0.0233543,-0.99972,1
8212,0,0,0,0,1724,378,10314,802,11116,0.00502047,0.0187292,-0.999812,1
6298,0,0,0,0,1204,300,7802,638,8440,0.00949835,0.017564,-0.999801,1
5646,0,0,0,0,1231,298,7175,670,7845,0.0103848,0.0190489,-0.999765,1
5498,0,0,0,0,802,251,6551,564,7115,-0.000496081,0.0171067,-0.999854,1
4041,0,0,0,0,790,196,5027,455,5482,0.00800074,0.0207525,-0.999753,1
5946,0,0,0,0,1425,321,7692,631,8323,0.00242938,0.0212778,-0.999771,1
5759,0,0,0,0,1239,298,7296,623,7919,0.00254279,0.0165586,-0.99986,1
5475,0,0,0,0,1164,296,6935,707,7642,0.0133774,0.0180586,-0.999747,1
5558,0,0,0,0,1218,296,7072,627,7699,0.0102206,0.0159993,-0.99982,1
5743,0,0,0,0,1210,293,7246,755,8001,0.00258232,0.0180933,-0.999833,1
5727,0,0,0,0,1243,298,7268,669,7937,0.00149135,0.0140328,-0.9999,1
5426,0,0,0,0,1121,285,6832,738,7570,0.00172676,0.0214245,-0.999769,1
5689,0,0,0,0,1053,197,6939,492,7431,0.0105893,0.0185163,-0.999773,1
5845,0,0,0,0,1380,335,7560,852,8412,0.00717484,0.0090659,-0.999933,1
6336,0,0,0,0,1454,319,8109,700,8809,-0.00764096,0.0210992,-0.999748,1
5557,0,0,0,0,1153,289,6999,669,7668,0.00109779,0.0223386,-0.99975,1
5765,0,0,0,0,1461,338,7564,622,8186,0.00539479,0.0201224,-0.999783,1
5713,0,0,0,0,1141,334,7188,733,7921,0.00163663,0.0260069,-0.99966,1
5778,0,0,0,0,1155,316,7249,743,7992,0.0119532,0.0204597,-0.999719,1
6848,0,0,0,0,1145,299,8292,727,9019,0.0127938,0.0194212,-0.99973,1
5565,0,0,0,0,1220,313,7098,623,7721,0.00456539,0.0214135,-0.99976,1
5583,0,0,0,0,1153,296,7032,687,7719,0.0142501,0.017588,-0.999744,1
5608,0,0,0,0,1141,320,7069,656,7725,0.00805293,0.0159239,-0.999841,1
5535,0,0,0,0,1205,294,7034,795,7829,0.00907507,0.0112352,-0.999896,1
6321,0,0,0,0,1125,319,7765,745,8510,-0.00244342,0.0302415,-0.99954,1
5508,0,0,0,0,1151,292,6951,700,7651,0.0130306,0.0152103,-0.999799,1
5452,0,0,0,0,1363,293,7108,678,7786,0.00263544,0.0161545,-0.999866,1
5560,0,0,0,0,1166,293,7019,675,7694,0.00398149,0.0202867,-0.999786,1
5586,0,0,0,0,1140,292,7018,658,7676,0.00438106,0.0146535,-0.999883,1
6534,0,0,0,0,1197,318,8049,824,8873,0.0098894,0.0126947,-0.99987,1
5617,0,0,0,0,1134,294,7045,722,7767,0.000889832,0.0177779,-0.999842,1
5539,0,0,0,0,1601,355,7495,809,8304,0.0087493,0.0186706,-0.999787,1
5650,0,0,0,0,1171,351,7172,1026,8198,-8.1615e-05,0.0246143,-0.999697,1
5517,0,0,0,0,1147,291,6955,676,7631,0.000197966,0.0190702,-0.999818,1
6398,0,0,0,0,1694,380,8472,777,9249,0.00593751,0.0159871,-0.999855,1
5634,0,0,0,0,1159,354,7147,795,7942,0.0150594,0.0116647,-0.999819,1
5768,0,0,0,0,1159,292,7219,634,7853,0.00636686,0.0139533,-0.999882,1
5509,0,0,0,0,1172,289,6970,753,7723,0.00188875,0.0281299,-0.999603,1
5529,0,0,0,0,1195,289,7013,677,7690,0.00883987,0.0226037,-0.999705,1
5505,0,0,0,0,1225,302,7032,703,7735,0.0141944,0.0133395,-0.99981,1
5517,0,0,0,0,1153,313,6983,692,7675,0.00342826,0.0199482,-0.999795,1
5649,0,0,0,0,1162,294,7105,754,7859,0.0001466,0.0157115,-0.999877,1
5630,0,0,0,0,1205,291,7126,681,7807,-0.00238089,0.0234195,-0.999723,1
5610,0,0,0,0,1189,298,7097,687,7784,-0.00181219,0.0235306,-0.999721,1
5876,0,0,0,0,1175,295,7346,699,8045,0.00460079,0.016638,-0.999851,1
5609,0,0,0,0,1142,331,7082,697,7779,0.0112415,0.0168947,-0.999794,1
5562,0,0,0,0,1156,289,7007,669,7676,0.00413593,0.0186075,-0.999818,1
5564,0,0,0,0,1189,297,7050,782,7832,0.0150101,0.0116489,-0.999819,1
5568,0,0,0,0,1212,293,7073,718,7791,0.00221012,0.0243008,-0.999702,1
5540,0,0,0,0,1174,290,7004,689,7693,0.00560921,0.0188553,-0.999806,1
5578,0,0,0,0,1124,289,6991,707,7698,0.0121643,0.0132886,-0.999838,1
5559,0,0,0,0,1148,297,7004,667,7671,0.00557662,0.0165339,-0.999848,1
5531,0,0,0,0,1158,295,6984,646,7630,0.00678012,0.0130532,-0.999892,1
5629,0,0,0,0,1154,288,7071,728,7799,0.0083625,0.0131184,-0.999879,1
5463,0,0,0,0,1141,350,6954,675,7629,0.0043349,0.0176567,-0.999835,2
5479,0,0,0,0,1216,298,6993,682,7675,0.00597498,0.0162751,-0.99985,2
5461,0,0,0,0,1295,288,7044,804,7848,0.0163794,0.0118071,-0.999796,2
5521,0,0,0,0,1135,291,6947,682,7629,0.0056685,0.0153826,-0.999866,2
5571,0,0,0,0,1210,291,7072,742,7814,0.00797962,0.0128105,-0.999886,2
5610,0,0,0,0,1149,310,7069,732,7801,0.0137868,0.0117539,-0.999836,2
5556,0,0,0,0,1185,316,7057,631,7688,0.00850902,0.013326,-0.999875,2
5928,0,0,0,0,1179,295,7402,744,8146,0.00504375,0.0158842,-0.999861,2
5740,0,0,0,0,1280,295,7315,712,8027,0.0109812,0.0107795,-0.999882,2
5580,0,0,0,0,1128,287,6995,740,7735,0.00788458,0.0152886,-0.999852,2
5513,0,0,0,0,1146,294,6953,739,7692,0.0051854,0.0178669,-0.999827,2
5560,0,0,0,0,1169,290,7019,765,7784,0.0120992,0.0118763,-0.999856,2
5303,0,0,0,0,751,193,6247,500,6747,0.00782388,0.0139585,-0.999872,2
4299,0,0,0,0,905,255,5459,501,5960,0.0049881,0.0111036,-0.999926,2
5614,0,0,0,0,1220,297,7131,640,7771,0.00856749,0.00848307,-0.999927,2
5569,0,0,0,0,1163,312,7044,706,7750,0.00948376,0.0148636,-0.999845,2
5502,0,0,0,0,1138,289,6929,639,7568,0.00316589,0.0168432,-0.999853,2
5995,0,0,0,0,1225,293,7513,766,8279,0.00986665,0.0110155,-0.999891,2
5558,0,0,0,0,1234,317,7109,707,7816,0.0058779,0.0222579,-0.999735,2
5794,0,0,0,0,1196,314,7304,631,7935,0.00894105,0.0126967,-0.99988,2
5574,0,0,0,0,1185,306,7065,654,7719,0.00183976,0.0102884,-0.999945,2
5612,0,0,0,0,1197,296,7105,680,7785,-0.00451766,0.0141694,-0.999889,2
5756,0,0,0,0,1273,339,7368,686,8054,-0.000910202,0.00901095,-0.999959,2
5739,0,0,0,0,1212,291,7242,742,7984,0.00188422,0.00842663,-0.999963,2
3757,0,0,0,0,751,198,4706,476,5182,0.0107409,0.0144072,-0.999838,2
4951,0,0,0,0,1044,258,6253,599,6852,0.00599095,0.0107002,-0.999925,2
5557,0,0,0,0,1178,293,7028,652,7680,0.0074833,0.00979995,-0.999924,2
5715,0,0,0,0,1130,294,7139,736,7875,0.0017429,0.0179724,-0.999837,2
5546,0,0,0,0,1167,295,7008,704,7712,0.00682355,0.0129689,-0.999893,2
6370,0,0,0,0,1138,326,7834,738,8572,0.00319705,0.0171918,-0.999847,2
5487,0,0,0,0,1151,294,6932,720,7652,-0.00109177,0.00544414,-0.999985,2
5631,0,0,0,0,1175,323,7129,266,7395,0.037627,-0.00351986,-0.999286,2
5735,0,0,0,0,1153,291,7179,297,7476,0.00204887,0.00697898,-0.999974,2
5620,0,0,0,0,1244,307,7171,757,7928,0.00304567,0.0163286,-0.999862,2
5808,0,0,0,0,1149,297,7254,738,7992,-0.0039279,0.0136842,-0.999899,2
5711,0,0,0,0,1176,314,7201,753,7954,0.0116673,0.0132831,-0.999844,2
4818,0,0,0,0,785,192,5795,436,6231,0.00117302,0.0160924,-0.99987,2
4144,0,0,0,0,885,199,5228,467,5695,0.00384173,0.0114877,-0.999927,2
5553,0,0,0,0,1155,294,7002,811,7813,0.015069,0.00500511,-0.999874,2
5720,0,0,0,0,1273,294,7287,753,8040,0.00587289,0.00728676,-0.999956,2
5491,0,0,0,0,1169,295,6955,723,7678,-0.00250225,0.00468622,-0.999986,2
5687,0,0,0,0,1138,336,7161,703,7864,0.00551963,0.00896393,-0.999945,2
5654,0,0,0,0,1307,310,7271,680,7951,0.0121232,0.00965267,-0.99988,2
6189,0,0,0,0,1145,301,7635,715,8350,0.0111022,0.0127906,-0.999857,2
5710,0,0,0,0,1250,299,7259,750,8009,0.00256567,0.00668058,-0.999974,2
5644,0,0,0,0,1145,297,7086,625,7711,0.00439157,0.00873942,-0.999952,2
5793,0,0,0,0,1148,323,7264,671,7935,0.00354603,0.0114707,-0.999928,2
5689,0,0,0,0,1579,323,7591,675,8266,0.00785824,0.00797636,-0.999937,2
5481,0,0,0,0,1146,291,6918,713,7631,0.000249827,0.00935236,-0.999956,2
5641,0,0,0,0,1176,292,7109,716,7825,0.00128812,0.0103394,-0.999946,2
5584,0,0,0,0,1170,289,7043,672,7715,7.06494e-05,0.00608627,-0.999981,2
6326,0,0,0,0,1146,301,7773,600,8373,0.000768355,0.00761282,-0.999971,2
5545,0,0,0,0,1206,320,7071,698,7769,0.000539213,0.0112641,-0.999936,2
5771,0,0,0,0,1143,293,7207,654,7861,0.000669593,0.00847727,-0.999964,2
5893,0,0,0,0,1237,333,7463,748,8211,-0.00418789,0.0184076,-0.999822,2
6071,0,0,0,0,1405,301,7777,604,8381,0.000734127,0.0109191,-0.99994,2
5714,0,0,0,0,1185,292,7191,786,7977,0.00699424,0.00281582,-0.999972,2
5757,0,0,0,0,1222,322,7301,636,7937,0.00799954,0.00516472,-0.999955,2
5640,0,0,0,0,1206,298,7144,604,7748,0.00198668,0.00826134,-0.999964,2
6553,0,0,0,0,1225,306,8084,695,8779,0.00693749,0.00669028,-0.999954,2
5648,0,0,0,0,1152,288,7088,739,7827,0.00272294,0.0141854,-0.999896,2
5616,0,0,0,0,1178,294,7088,687,7775,0.00722002,0.00390298,-0.999966,2
5593,0,0,0,0,1191,311,7095,783,7878,0.00345188,0.00561838,-0.999978,2
5544,0,0,0,0,890,192,6626,450,7076,-7.3236e-05,0.00740344,-0.999973,2
3777,0,0,0,0,763,197,4737,486,5223,0.012163,0.00591692,-0.999909,2
6113,0,0,0,0,1171,300,7584,662,8246,0.00418995,0.00307963,-0.999986,2
5765,0,0,0,0,1154,282,7201,801,8002,-0.00125446,0.00759864,-0.99997,2
5655,0,0,0,0,1193,317,7165,838,8003,0.00781868,0.0120356,-0.999897,2
5554,0,0,0,0,1154,304,7012,595,7607,0.00631778,0.00708878,-0.999955,2
5711,0,0,0,0,1207,310,7228,644,7872,0.00190487,0.00731382,-0.999971,2
5590,0,0,0,0,1140,290,7020,664,7684,0.00223082,0.00845481,-0.999962,2
5810,0,0,0,0,1219,296,7325,745,8070,0.00371886,0.0125114,-0.999915,2
6131,0,0,0,0,1355,349,7835,719,8554,0.00596157,0.00409794,-0.999974,2
5635,0,0,0,0,1147,289,7071,705,7776,-0.00260143,0.0107989,-0.999938,2
6399,0,0,0,0,1143,291,7833,729,8562,0.0104714,0.00416785,-0.999936,2
7683,0,0,0,0,1172,317,9172,713,9885,0.00533276,0.00934635,-0.999942,2
5822,0,0,0,0,1186,350,7358,715,8073,0.00673917,0.00966179,-0.999931,2
5657,0,0,0,0,1246,319,7222,696,7918,0.00229397,0.00812356,-0.999964,2
5681,0,0,0,0,1221,301,7203,729,7932,-0.000622597,0.0135368,-0.999908,2
5699,0,0,0,0,1199,344,7242,671,7913,-0.00455388,0.0119317,-0.999918,2
5641,0,0,0,0,1156,287,7084,733,7817,0.000135796,0.00949844,-0.999955,2
5752,0,0,0,0,1154,317,7223,677,7900,0.00575287,-0.000166025,-0.999983,2
5952,0,0,0,0,1473,294,7719,808,8527,-0.00695046,0.00936548,-0.999932,2
5575,0,0,0,0,1154,285,7014,237,7251,0.353652,-0.0673417,-0.93295,2
5748,0,0,0,0,1138,291,7177,364,7541,0.000261665,-0.0199331,-0.999801,2
5762,0,0,0,0,1207,296,7265,671,7936,-0.00264641,0.00722447,-0.99997,2
6029,0,0,0,0,1178,295,7502,675,8177,0.0035464,0.00478709,-0.999982,2
6668,0,0,0,0,1229,298,8195,715,8910,-0.00179944,0.00480627,-0.999987,2
5682,0,0,0,0,1203,299,7184,746,7930,0.00905359,0.00145692,-0.999958,2
6638,0,0,0,0,1159,296,8093,1004,9097,-0.00987432,0.0112142,-0.999888,2
5779,0,0,0,0,1164,301,7244,698,7942,-0.000217838,0.00938909,-0.999956,2
6768,0,0,0,0,1145,309,8222,868,9090,-0.0111342,0.0140725,-0.999839,2
6807,0,0,0,0,1189,302,8298,-1000,-1000,-1,-1,-1,2
5692,0,0,0,0,1249,302,7243,678,7921,-0.000286764,0.000621805,-1,2
5738,0,0,0,0,1213,298,7249,821,8070,-0.0110311,0.00255347,-0.999936,2
5683,0,0,0,0,1195,296,7174,-1000,-1000,-1,-1,-1,2
5974,0,0,0,0,1161,318,7453,796,8249,-0.00245965,-0.00266075,-0.999993,2
5706,0,0,0,0,1167,314,7187,726,7913,-0.0015308,0.00755328,-0.99997,2
5811,0,0,0,0,1209,298,7318,710,8028,0.000899945,-0.00139411,-0.999999,2
6094,0,0,0,0,1204,301,7599,733,8332,0.00562127,0.00559799,-0.999969,2
5841,0,0,0,0,1166,321,7328,700,8028,-0.00433291,0.00235194,-0.999988,2
5913,0,0,0,0,1359,303,7575,764,8339,-0.000280575,0.00392627,-0.999992,2
5761,0,0,0,0,1176,316,7253,757,8010,-0.000885789,0.00556179,-0.999984,2
5662,0,0,0,0,1230,299,7191,799,7990,0.00822366,-0.000352262,-0.999966,2
5837,0,0,0,0,1194,305,7336,744,8080,-0.00777575,0.00169931,-0.999968,2
5755,0,0,0,0,1160,339,7254,-1000,-1000,-1,-1,-1,2
5848,0,0,0,0,1161,292,7301,747,8048,-0.00201535,0.00841654,-0.999962,2
5894,0,0,0,0,1225,300,7419,666,8085,-0.00410092,0.00417828,-0.999983,2
5879,0,0,0,0,1152,294,7325,717,8042,0.0112192,-0.00401874,-0.999929,2
5676,0,0,0,0,1531,397,7604,729,8333,-0.0039614,-0.00503711,-0.999979,2
5807,0,0,0,0,1185,294,7286,805,8091,0.00646619,0.000488827,-0.999979,2
5918,0,0,0,0,1139,329,7386,821,8207,0.00113932,0.00774644,-0.999969,2
5806,0,0,0,0,1188,292,7286,765,8051,0.0102717,-0.00634322,-0.999927,2
5899,0,0,0,0,1217,298,7414,737,8151,-0.00106864,0.000862252,-0.999999,2
6720,0,0,0,0,1260,303,8283,734,9017,0.00582302,-0.00102796,-0.999983,2
5956,0,0,0,0,1189,291,7436,818,8254,-0.000513561,0.00337181,-0.999994,2
6175,0,0,0,0,1158,342,7675,717,8392,-0.00394014,-0.00265732,-0.999989,2
5706,0,0,0,0,1159,293,7158,243,7401,0.414592,-0.169573,-0.894068,2
5860,0,0,0,0,1193,296,7349,330,7679,-0.00757341,-0.00590526,-0.999954,2
5749,0,0,0,0,1187,313,7249,240,7489,-0.0367617,-0.0333075,-0.998769,2
5590,0,0,0,0,1174,289,7053,287,7340,-0.0295867,-0.0227004,-0.999304,2
6163,0,0,0,0,1199,300,7662,263,7925,0.00065787,0.0269618,-0.999636,2
5648,0,0,0,0,1166,339,7153,820,7973,-0.0109904,-0.00130949,-0.999939,2
6232,0,0,0,0,1151,330,7713,718,8431,0.00440489,0.000917348,-0.99999,2
5726,0,0,0,0,1202,321,7249,769,8018,-0.00498383,0.000218324,-0.999988,2
6467,0,0,0,0,1582,419,8468,776,9244,0.00590358,-0.00771173,-0.999953,2
6228,0,0,0,0,1181,301,7710,752,8462,0.00530319,-0.00888279,-0.999946,2
6572,0,0,0,0,1353,303,8228,745,8973,0.00530456,-0.00793608,-0.999954,2
6719,0,0,0,0,1237,289,8245,864,9109,0.0121062,-0.00138178,-0.999926,2
5696,0,0,0,0,1162,303,7161,964,8125,0.00499664,-0.0114251,-0.999922,2
5660,0,0,0,0,1155,315,7130,734,7864,-0.00281606,-0.00209531,-0.999994,2
5907,0,0,0,0,1149,294,7350,732,8082,0.00476635,-0.0005304,-0.999988,2
5715,0,0,0,0,1234,306,7255,647,7902,0.00173625,0.00258522,-0.999995,2
5792,0,0,0,0,1179,296,7267,718,7985,-0.000198318,-0.00335648,-0.999994,2
5691,0,0,0,0,1214,298,7203,706,7909,0.010301,-0.00196821,-0.999945,2
5797,0,0,0,0,1238,299,7334,739,8073,-0.00242146,0.000933046,-0.999997,2
6024,0,0,0,0,1156,307,7487,684,8171,-0.00188382,0.00340573,-0.999992,2
6143,0,0,0,0,1244,318,7705,819,8524,0.00199709,-0.00568031,-0.999982,2
5863,0,0,0,0,1149,298,7310,673,7983,0.0052317,-0.00222203,-0.999984,2
5671,0,0,0,0,1213,295,7179,708,7887,0.00651898,-0.00554801,-0.999963,2
5663,0,0,0,0,1159,296,7118,854,7972,0.0137749,-0.0073965,-0.999878,2
5737,0,0,0,0,1192,310,7239,617,7856,-0.00227291,0.00230667,-0.999995,2
5870,0,0,0,0,1216,301,7387,695,8082,0.00171651,0.00344655,-0.999993,2
5592,0,0,0,0,797,200,6589,468,7057,0.00706554,-0.00102402,-0.999975,2
3056,0,0,0,0,573,150,3779,329,4108,0.0057474,-0.00329251,-0.999978,2
7368,0,0,0,0,1151,300,8819,638,9457,-0.00103878,-0.000177931,-0.999999,2
6777,0,0,0,0,1163,302,8242,773,9015,0.0033208,0.00342306,-0.999989,2
5740,0,0,0,0,1208,285,7233,691,7924,-0.00220151,4.96582e-05,-0.999998,2
6054,0,0,0,0,1157,314,7525,701,8226,-0.00359001,-0.00735265,-0.999967,2
5702,0,0,0,0,1196,291,7189,751,7940,0.00565854,0.00137814,-0.999983,2
5967,0,0,0,0,1146,291,7404,640,8044,0.0102856,-0.00546539,-0.999932,2
5696,0,0,0,0,1168,338,7202,782,7984,0.00103194,-0.011276,-0.999936,2
5715,0,0,0,0,1159,304,7178,896,8074,-0.00086545,0.00723869,-0.999973,2
5893,0,0,0,0,1170,333,7396,787,8183,0.00864748,-0.0113108,-0.999899,2
5826,0,0,0,0,1178,294,7298,792,8090,0.0102657,-0.00328412,-0.999942,2
5816,0,0,0,0,1223,295,7334,681,8015,0.00226746,-0.0074989,-0.999969,2
5883,0,0,0,0,1192,299,7374,665,8039,0.00107923,-0.00382521,-0.999992,2
5880,0,0,0,0,1205,301,7386,780,8166,0.00471442,0.00433559,-0.999979,2
6004,0,0,0,0,1191,312,7507,712,8219,0.0033246,-0.00565295,-0.999979,2
6180,0,0,0,0,1498,305,7983,745,8728,0.00239887,-0.0121261,-0.999924,2
6039,0,0,0,0,1257,335,7631,723,8354,-0.00324033,0.000651929,-0.999994,2
4219,0,0,0,0,804,234,5257,496,5753,-0.00582755,-0.00706401,-0.999958,2
5068,0,0,0,0,1115,269,6452,589,7041,-0.00471181,0.00199894,-0.999987,2
6212,0,0,0,0,1225,305,7742,741,8483,0.000725215,0.00542798,-0.999985,2
5941,0,0,0,0,1190,298,7429,676,8105,-0.000785102,-0.00331627,-0.999994,2
6566,0,0,0,0,1552,304,8422,785,9207,-0.00907863,0.0028942,-0.999955,2
5844,0,0,0,0,1212,295,7351,734,8085,-0.00579716,-0.00605528,-0.999965,2
5753,0,0,0,0,1183,294,7230,-1000,-1000,-1,-1,-1,2
6004,0,0,0,0,1154,287,7445,682,8127,-0.00494223,-0.00577808,-0.999971,2
5858,0,0,0,0,1610,317,7785,646,8431,0.00975295,-0.00831298,-0.999918,2
5931,0,0,0,0,1234,298,7463,648,8111,0.00373155,-0.00446178,-0.999983,2
5790,0,0,0,0,1236,300,7326,655,7981,0.00372006,-0.00346138,-0.999987,2
5743,0,0,0,0,1176,321,7240,668,7908,-0.000150109,-0.00257775,-0.999997,2
6706,0,0,0,0,1182,302,8190,711,8901,0.00951063,-0.0122845,-0.999879,2
5794,0,0,0,0,1171,298,7263,694,7957,-0.00183486,0.000107486,-0.999998,2
6738,0,0,0,0,1146,299,8183,716,8899,0.00794301,-0.0101051,-0.999917,2
6289,0,0,0,0,1425,306,8020,655,8675,0.00663498,-0.00752817,-0.99995,2
5746,0,0,0,0,1183,297,7226,724,7950,-0.000984614,0.000833155,-0.999999,2
5989,0,0,0,0,1152,293,7434,649,8083,-0.00336023,-0.00928798,-0.999951,2
5706,0,0,0,0,1146,330,7182,787,7969,-0.000907418,-0.00430481,-0.99999,2
5960,0,0,0,0,1190,299,7449,718,8167,-0.0023047,-0.00258153,-0.999994,2
6086,0,0,0,0,1524,422,8032,793,8825,0.0140883,-0.00916387,-0.999859,2
5862,0,0,0,0,1321,295,7478,874,8352,0.00690536,-0.0006718,-0.999976,2
5831,0,0,0,0,1155,314,7300,558,7858,0.00424825,-0.00647375,-0.99997,2
2909,0,0,0,0,581,149,3639,368,4007,0.00830772,-0.0130811,-0.99988,2
6367,0,0,0,0,1215,297,7879,751,8630,0.0104923,-0.0117606,-0.999876,2
6597,0,0,0,0,1280,300,8177,715,8892,0.00554517,-0.0136438,-0.999892,2
5874,0,0,0,0,1206,314,7394,721,8115,0.00399617,-0.0133313,-0.999903,2
6073,0,0,0,0,1151,297,7521,686,8207,-0.00122364,0.00392874,-0.999992,2
5848,0,0,0,0,1173,329,7350,812,8162,0.00486368,-0.00834355,-0.999953,2
5761,0,0,0,0,1181,349,7291,661,7952,-0.00128525,0.00375048,-0.999992,2
5746,0,0,0,0,1192,299,7237,617,7854,0.00494678,0.00507667,-0.999975,2
5732,0,0,0,0,1185,303,7220,686,7906,0.00258681,0.00137874,-0.999996,2
5828,0,0,0,0,1183,293,7304,692,7996,-0.000214785,-0.0122486,-0.999925,2
5729,0,0,0,0,1238,313,7280,711,7991,0.0119539,-0.0192133,-0.999744,2
5830,0,0,0,0,1221,311,7362,662,8024,0.00699186,-0.0124022,-0.999899,2
5744,0,0,0,0,1178,321,7243,660,7903,0.00265836,-0.0151546,-0.999882,2
5692,0,0,0,0,1193,296,7181,667,7848,0.000821882,0.00595995,-0.999982,2
5816,0,0,0,0,1195,300,7311,649,7960,-0.00646221,0.00652814,-0.999958,2
5749,0,0,0,0,1167,296,7212,609,7821,-0.00526659,0.0116292,-0.999919,2
5895,0,0,0,0,1181,299,7375,753,8128,-0.00563789,0.0408625,-0.999149,2
3898,0,0,0,0,591,151,4640,309,4949,-0.00750973,0.0541602,-0.998504,2
1931,0,0,0,0,401,110,2442,99,2541,-0.0127518,0.0578987,-0.998241,2
6221,0,0,0,0,1232,296,7749,319,8068,-0.0195816,0.111546,-0.993566,2
5994,0,0,0,0,1193,298,7485,315,7800,-0.00999423,0.0653165,-0.997815,2
6196,0,0,0,0,1097,273,7566,281,7847,-0.0222431,0.166193,-0.985842,2
5819,0,0,0,0,1049,264,7132,320,7452,-0.00957407,0.0905175,-0.995849,2
5594,0,0,0,0,916,232,6742,369,7111,-0.00906175,0.107256,-0.99419,2
5845,0,0,0,0,868,216,6929,365,7294,-0.00429803,0.0662026,-0.997797,2
5700,0,0,0,0,839,197,6736,383,7119,-0.0153017,0.198052,-0.980072,2
5611,0,0,0,0,757,190,6558,355,6913,-0.0119467,0.199261,-0.979874,2
3647,0,0,0,0,459,89,4195,191,4386,-0.00121996,0.087832,-0.996135,2
2662,0,0,0,0,307,79,3048,230,3278,0.00623656,0.0679131,-0.997672,2
5440,0,0,0,0,744,151,6335,451,6786,-0.0026116,0.0761933,-0.99709,2
5552,0,0,0,0,497,136,6185,468,6653,0.00767181,0.0641122,-0.997913,2
5539,0,0,0,0,474,136,6149,486,6635,0.0157268,0.0648343,-0.997772,2
5576,0,0,0,0,415,112,6103,515,6618,0.0251912,0.0621215,-0.997751,2
5327,0,0,0,0,372,99,5798,521,6319,0.0178099,0.0753223,-0.997,2
5210,0,0,0,0,340,92,5642,508,6150,0.0184963,0.0637505,-0.997794,2
5087,0,0,0,0,293,81,5461,525,5986,0.0114126,0.0789554,-0.996813,2
4848,0,0,0,0,258,71,5177,529,5706,0.0130573,0.0811194,-0.996619,2
5970,0,0,0,0,260,72,6302,595,6897,-0.0144936,0.106197,-0.99424,2
4569,0,0,0,0,126,39,4734,375,5109,-0.0266597,0.0962256,-0.995002,2
4896,0,0,0,0,177,51,5124,504,5628,-0.000374093,0.0702396,-0.99753,2
4316,0,0,0,0,157,59,4532,594,5126,-0.0502132,0.121673,-0.991299,2
5143,0,0,0,0,273,72,5488,684,6172,-0.0257925,0.0929388,-0.995338,2
4637,0,0,0,0,177,56,4870,635,5505,-0.0246241,0.0968609,-0.994993,2
5187,0,0,0,0,210,63,5460,593,6053,-0.0264232,0.0967431,-0.994959,2
4965,0,0,0,0,281,83,5329,622,5951,-0.00904412,0.121706,-0.992525,2
4669,0,0,0,0,296,79,5044,569,5613,0.00867817,0.121815,-0.992515,2
4851,0,0,0,0,336,91,5278,565,5843,0.00751708,0.108463,-0.994072,2
5242,0,0,0,0,562,151,5955,842,6797,0.0147825,0.0785122,-0.996804,2
4861,0,0,0,0,456,115,5432,609,6041,0.0188843,0.119359,-0.992672,2
6451,0,0,0,0,604,154,7209,1127,8336,0.010019,0.237345,-0.971374,2
5456,0,0,0,0,854,200,6510,739,7249,-0.0146125,0.313448,-0.949493,2
5817,0,0,0,0,1103,268,7188,843,8031,-0.136495,0.0723972,-0.987992,2
5989,0,0,0,0,1303,382,7674,677,8351,-0.116644,0.0833906,-0.989667,2
6385,0,0,0,0,1534,378,8297,1074,9371,-0.0951077,0.166549,-0.981436,2
7016,0,0,0,0,1713,418,9147,1330,10477,-0.0629362,0.162461,-0.984706,2
6803,0,0,0,0,1719,411,8933,1719,10652,-0.0587742,0.167976,-0.984037,2
7164,0,0,0,0,1639,433,9236,2038,11274,-0.0459358,0.155827,-0.986716,2
6898,0,0,0,0,1759,391,9048,1856,10904,-0.0593598,0.166751,-0.984211,2
5877,0,0,0,0,1302,316,7495,1950,9445,-0.0317367,0.131557,-0.9908,2
5766,0,0,0,0,1124,289,7179,1615,8794,-0.0317808,0.117149,-0.992606,2
5615,0,0,0,0,1023,249,6887,1116,8003,-0.0369022,0.108923,-0.993365,2
5682,0,0,0,0,998,255,6935,835,7770,-0.0921484,0.114178,-0.989177,2
4537,0,0,0,0,606,167,5310,548,5858,-0.102608,0.0859092,-0.991005,2
5071,0,0,0,0,783,191,6045,504,6549,-0.101679,0.10144,-0.989632,2
6044,0,0,0,0,966,241,7251,599,7850,-0.117824,0.117509,-0.986057,2
5782,0,0,0,0,896,217,6895,608,7503,-0.125907,0.138412,-0.982339,2
5616,0,0,0,0,769,187,6572,529,7101,-0.106601,0.1256,-0.986337,2
5254,0,0,0,0,815,168,6237,516,6753,-0.0998164,0.153935,-0.983026,2
5261,0,0,0,0,580,151,5992,482,6474,-0.100592,0.168296,-0.98059,2
6405,0,0,0,0,590,167,7162,517,7679,-0.114095,0.269494,-0.956219,2
4625,0,0,0,0,536,168,5329,478,5807,-0.110909,0.262842,-0.958443,2
4654,0,0,0,0,785,185,5624,701,6325,-0.0806879,0.157931,-0.984148,2
3002,0,0,0,0,342,91,3435,358,3793,-0.0637484,0.148708,-0.986824,2
5032,0,0,0,0,751,177,5960,666,6626,-0.0654996,0.139199,-0.988096,2
4670,0,0,0,0,552,173,5395,508,5903,-0.0712871,0.218942,-0.97313,2
4718,0,0,0,0,527,137,5382,472,5854,-0.0710765,0.195379,-0.978149,2
4706,0,0,0,0,555,142,5403,508,5911,-0.0537225,0.238306,-0.969703,2
4708,0,0,0,0,556,150,5414,447,5861,-0.0445881,0.223894,-0.973593,2
4785,0,0,0,0,705,201,5691,625,6316,-0.0257081,0.258355,-0.965708,2
6643,0,0,0,0,539,144,7326,318,7644,-0.0129491,0.259379,-0.965689,2
4846,0,0,0,0,960,244,6050,473,6523,-0.00390761,0.242627,-0.970112,2
4784,0,0,0,0,1048,269,6101,447,6548,-0.0112255,0.231125,-0.972859,2
4943,0,0,0,0,1167,290,6400,434,6834,-0.0198932,0.236871,-0.971337,2
5402,0,0,0,0,1227,306,6935,450,7385,-0.0239146,0.218969,-0.975439,2
6303,0,0,0,0,1210,302,7815,356,8171,-0.0445698,0.241855,-0.969288,2
5325,0,0,0,0,1057,270,6652,323,6975,-0.0474332,0.228296,-0.972435,2
5823,0,0,0,0,1094,267,7184,347,7531,-0.0748253,0.231053,-0.97006,2
5468,0,0,0,0,930,237,6635,353,6988,-0.0532032,0.174576,-0.983205,2
5404,0,0,0,0,805,209,6418,366,6784,-0.047327,0.177916,-0.982907,2
5471,0,0,0,0,637,169,6277,402,6679,-0.0348736,0.169167,-0.98497,2
5110,0,0,0,0,509,145,5764,383,6147,-0.0294783,0.169298,-0.985124,2
5383,0,0,0,0,427,138,5948,450,6398,-0.0230315,0.138855,-0.990045,2
5852,0,0,0,0,398,107,6357,371,6728,-0.025666,0.125201,-0.991799,2
5275,0,0,0,0,444,113,5832,381,6213,-0.0475114,0.164145,-0.985291,2
7715,0,0,0,0,450,119,8284,364,8648,-0.03821,0.0932211,-0.994912,2
5235,0,0,0,0,465,122,5822,493,6315,-0.00188098,0.15742,-0.98753,2
5306,0,0,0,0,457,124,5887,637,6524,-0.0610395,0.164617,-0.984467,2
5225,0,0,0,0,435,120,5780,629,6409,-0.0870631,0.140847,-0.986196,2
5314,0,0,0,0,421,143,5878,622,6500,-0.035121,0.139718,-0.989568,2
5144,0,0,0,0,396,111,5651,715,6366,-0.0781234,0.130195,-0.988406,2
4981,0,0,0,0,400,102,5483,782,6265,0.000723356,0.0752824,-0.997162,2
5108,0,0,0,0,383,107,5598,937,6535,-0.0543038,0.125302,-0.990631,2
5019,0,0,0,0,334,93,5446,708,6154,-0.0647812,0.120257,-0.990627,2
4914,0,0,0,0,322,95,5331,642,5973,-0.064552,0.119492,-0.990734,2
5076,0,0,0,0,307,86,5469,712,6181,-0.097326,0.130317,-0.986684,2
5010,0,0,0,0,360,84,5454,597,6051,-0.101844,0.109161,-0.988793,2
5055,0,0,0,0,302,81,5438,580,6018,-0.0999185,0.113443,-0.988507,2
4779,0,0,0,0,295,79,5153,571,5724,-0.0905171,0.0838842,-0.992356,2
4932,0,0,0,0,307,84,5323,587,5910,-0.105258,0.11539,-0.987728,2
5484,0,0,0,0,334,91,5909,580,6489,-0.091106,0.0915646,-0.991623,2
4944,0,0,0,0,378,97,5419,559,5978,-0.0941181,0.0901482,-0.991471,2
5430,0,0,0,0,448,119,5997,639,6636,-0.0774438,0.0810195,-0.993699,2
5119,0,0,0,0,554,140,5813,673,6486,-0.0173996,0.110167,-0.993761,2
5179,0,0,0,0,653,157,5989,404,6393,0.00211491,0.148319,-0.988937,2
5637,0,0,0,0,769,187,6593,621,7214,0.0317961,0.183291,-0.982544,2
5680,0,0,0,0,925,223,6828,428,7256,0.212942,0.123631,-0.969212,2
3852,0,0,0,0,779,164,4795,673,5468,0.0677589,0.0741826,-0.99494,2
2348,0,0,0,0,455,111,2914,226,3140,0.0627706,0.0538171,-0.996576,2
5982,0,0,0,0,1277,331,7590,616,8206,0.083051,0.0543706,-0.995061,2
6353,0,0,0,0,1435,346,8134,563,8697,0.0644422,0.0545033,-0.996432,2
6479,0,0,0,0,1393,250,8122,332,8454,0.0443879,0.0615389,-0.997117,2
7166,0,0,0,0,1463,377,9006,455,9461,0.0721164,0.0504518,-0.996119,2
6688,0,0,0,0,1823,453,8964,532,9496,0.0432222,0.0455202,-0.998028,2
6937,0,0,0,0,1844,458,9239,469,9708,0.0492281,0.0518984,-0.997438,2
7073,0,0,0,0,1926,482,9481,469,9950,0.043914,0.0904563,-0.994932,2
6599,0,0,0,0,1745,432,8776,598,9374,-0.00566789,0.162974,-0.986614,2
6454,0,0,0,0,1797,426,8677,2061,10738,-0.0266137,0.144124,-0.989202,2
7312,0,0,0,0,1791,428,9531,1768,11299,-0.0188063,0.120124,-0.992581,2
4332,0,0,0,0,1245,300,5877,1069,6946,-0.027576,0.108725,-0.993689,2
7118,0,0,0,0,2271,599,9988,1863,11851,-0.0134395,0.0769656,-0.996943,2
7106,0,0,0,0,1979,477,9562,923,10485,-0.0145581,0.0815989,-0.996559,2
4711,0,0,0,0,1323,310,6344,832,7176,0.00371882,0.0986344,-0.995117,2
8332,0,0,0,0,2023,474,10829,1413,12242,-0.0159545,0.117705,-0.99292,2
6961,0,0,0,0,1246,308,8515,1049,9564,-0.0208431,0.119242,-0.992646,2
3546,0,0,0,0,940,228,4714,857,5571,-0.0211122,0.119357,-0.992627,2
6977,0,0,0,0,1856,441,9274,1738,11012,-0.0281581,0.116407,-0.992802,2
7098,0,0,0,0,1733,422,9253,2244,11497,-0.0270196,0.111866,-0.993356,2
4583,0,0,0,0,912,209,5704,914,6618,-0.0203017,0.0912171,-0.995624,2
5526,0,0,0,0,1385,319,7230,1409,8639,-0.0303743,0.0629746,-0.997553,2
5618,0,0,0,0,1279,309,7206,851,8057,-0.0317977,0.0525096,-0.998114,2
7063,0,0,0,0,1913,497,9473,1281,10754,-0.0375879,0.0411514,-0.998446,2
7830,0,0,0,0,1589,380,9799,943,10742,-0.0428988,0.0279881,-0.998687,2
6869,0,0,0,0,1420,331,8620,499,9119,-0.0414043,0.0373376,-0.998445,2
3035,0,0,0,0,630,149,3814,302,4116,-0.0360436,0.0403841,-0.998534,2
7322,0,0,0,0,1634,386,9342,919,10261,-0.0444839,0.0336368,-0.998444,2
6764,0,0,0,0,1673,454,8891,1014,9905,-0.0367026,0.0429827,-0.998401,2
6673,0,0,0,0,1578,373,8624,902,9526,-0.0428614,0.0407178,-0.998251,2
4483,0,0,0,0,775,228,5486,437,5923,-0.0451184,0.0408273,-0.998147,2
6901,0,0,0,0,1576,379,8856,945,9801,-0.0542159,0.0373311,-0.997831,2
4531,0,0,0,0,1069,249,5849,666,6515,-0.0305187,0.0481406,-0.998374,2
4534,0,0,0,0,1037,252,5823,728,6551,-0.0274642,0.048519,-0.998445,2
6974,0,0,0,0,1626,383,8983,1077,10060,-0.0321897,0.050911,-0.998184,2
7762,0,0,0,0,1263,258,9283,685,9968,-0.042959,0.0255933,-0.998749,2
6069,0,0,0,0,1418,341,7828,659,8487,-0.0352028,0.0381224,-0.998653,2
6950,0,0,0,0,1556,383,8889,813,9702,-0.0404222,0.0396524,-0.998396,2
6843,0,0,0,0,1577,381,8801,926,9727,-0.0446265,0.0531108,-0.997591,2
6914,0,0,0,0,1728,386,9028,1555,10583,-0.0638187,0.0434238,-0.997016,2
4865,0,0,0,0,1075,192,6132,647,6779,-0.0314117,0.052308,-0.998137,2
2422,0,0,0,0,526,126,3074,360,3434,-0.0498603,0.0506672,-0.99747,2
2789,0,0,0,0,682,160,3631,566,4197,-0.0581868,0.0519879,-0.996951,2
6902,0,0,0,0,1577,383,8862,1353,10215,-0.0533595,0.0362577,-0.997917,2
6875,0,0,0,0,1614,391,8880,922,9802,-0.0430521,0.0324711,-0.998545,2
6974,0,0,0,0,1591,398,8963,809,9772,-0.0524076,0.0301143,-0.998172,2
4482,0,0,0,0,1054,252,5788,579,6367,-0.0316833,0.0430292,-0.998571,2
7049,0,0,0,0,1630,378,9057,883,9940,-0.0428558,0.0398461,-0.998286,2
6847,0,0,0,0,1600,379,8826,926,9752,-0.0377315,0.0376961,-0.998577,2
6854,0,0,0,0,1587,386,8827,849,9676,-0.0528036,0.0330253,-0.998059,2
8044,0,0,0,0,1667,401,10112,745,10857,-0.056975,0.0427918,-0.997458,2
4705,0,0,0,0,1091,273,6069,758,6827,-0.0596569,0.0347964,-0.997612,2
8626,0,0,0,0,1626,380,10632,1004,11636,-0.0369603,0.0367132,-0.998642,2
6741,0,0,0,0,1612,411,8764,837,9601,-0.0371664,0.043137,-0.998378,2
6757,0,0,0,0,1645,382,8784,1002,9786,-0.0386188,0.0322342,-0.998734,2
6915,0,0,0,0,1658,393,8966,751,9717,-0.0304546,0.0333715,-0.998979,2
5842,0,0,0,0,1078,261,7181,578,7759,-0.0346482,0.0302098,-0.998943,2
3393,0,0,0,0,810,196,4399,379,4778,-0.0337907,0.0401681,-0.998621,2
3867,0,0,0,0,924,222,5013,501,5514,-0.0238685,0.0360582,-0.999065,2
7042,0,0,0,0,1620,397,9059,781,9840,-0.0398712,0.0472566,-0.998087,2
7990,0,0,0,0,1493,266,9749,708,10457,-0.0306452,0.0351969,-0.99891,2
4560,0,0,0,0,1153,268,5981,485,6466,-0.038143,0.0340994,-0.99869,2
6989,0,0,0,0,1837,397,9223,763,9986,-0.0317403,0.0435867,-0.998545,2
6923,0,0,0,0,1650,494,9067,1136,10203,-0.0195055,0.0521902,-0.998447,2
6306,0,0,0,0,1484,356,8146,878,9024,-0.0307795,0.0380276,-0.998803,2
6834,0,0,0,0,1683,402,8919,789,9708,-0.0357104,0.0306049,-0.998893,2
6211,0,0,0,0,1086,264,7561,504,8065,-0.0369867,0.0365407,-0.998647,2
3365,0,0,0,0,818,195,4378,419,4797,-0.0455544,0.04305,-0.998034,2
6902,0,0,0,0,1682,397,8981,925,9906,-0.0299668,0.0388464,-0.998796,2
