Downsample[ns],BuildFilTree[ns],SearchFil[ns],DeleteFil[ns],BuildTreeSub[ns],SearchSub[ns],DeleteSub[ns],PreProcTotal[ns],Plane[ns],Total[ns],nx,ny,nz,planeCount
2499,0,0,0,0,386,92,2977,302,3279,-0.004581,0.0218748,-0.99975,0
2537,0,0,0,0,392,98,3027,303,3330,-0.00429339,0.0217353,-0.999755,0
2556,0,0,0,0,374,97,3027,295,3322,-0.00358973,0.0217654,-0.999757,0
2499,0,0,0,0,390,107,2996,300,3296,-0.00498441,0.0212853,-0.999761,0
2634,0,0,0,0,456,95,3185,282,3467,-0.00855118,0.0172214,-0.999815,0
2559,0,0,0,0,382,97,3038,275,3313,-0.00396995,0.0223143,-0.999743,0
2750,0,0,0,0,378,94,3222,275,3497,-0.00656799,0.0191135,-0.999796,0
2563,0,0,0,0,384,97,3044,285,3329,-0.00592267,0.0214516,-0.999752,0
2964,0,0,0,0,445,111,3520,306,3826,-0.00341064,0.0218279,-0.999756,0
2711,0,0,0,0,438,97,3246,278,3524,-0.00379116,0.0224374,-0.999741,0
2565,0,0,0,0,383,98,3046,380,3426,-0.00693842,0.018755,-0.9998,0
2668,0,0,0,0,471,108,3247,284,3531,-0.00374823,0.0220028,-0.999751,0
2565,0,0,0,0,378,94,3037,386,3423,-0.00786988,0.0187833,-0.999793,0
2640,0,0,0,0,467,95,3202,291,3493,-0.00392277,0.0216963,-0.999757,0
2651,0,0,0,0,485,108,3244,278,3522,-0.00618913,0.0215206,-0.999749,0
2564,0,0,0,0,384,95,3043,321,3364,-0.0037379,0.0223735,-0.999743,0
2476,0,0,0,0,372,94,2942,283,3225,-0.00674642,0.0185402,-0.999805,0
2574,0,0,0,0,415,97,3086,320,3406,-0.00590837,0.021474,-0.999752,0
2684,0,0,0,0,454,104,3242,309,3551,-0.00842494,0.0196315,-0.999772,0
2565,0,0,0,0,391,92,3048,292,3340,-0.00707409,0.0187402,-0.999799,0
2540,0,0,0,0,380,99,3019,277,3296,-0.00707182,0.0188913,-0.999797,0
2532,0,0,0,0,389,93,3014,287,3301,-0.00455365,0.0214217,-0.99976,0
2516,0,0,0,0,372,95,2983,276,3259,-0.00655976,0.0176789,-0.999822,0
2623,0,0,0,0,386,94,3103,297,3400,-0.00533365,0.020585,-0.999774,0
2718,0,0,0,0,375,108,3201,333,3534,-0.00807403,0.0195255,-0.999777,0
2488,0,0,0,0,381,95,2964,275,3239,-0.0045422,0.0224102,-0.999739,0
2587,0,0,0,0,399,93,3079,323,3402,-0.0102342,0.0203049,-0.999741,0
2580,0,0,0,0,412,146,3138,293,3431,-0.00292135,0.0222746,-0.999748,0
2491,0,0,0,0,453,100,3044,326,3370,-0.00621489,0.0177786,-0.999823,0
2566,0,0,0,0,410,99,3075,288,3363,-0.00548236,0.0189223,-0.999806,0
2578,0,0,0,0,388,120,3086,291,3377,-0.00566318,0.0196677,-0.999791,0
2568,0,0,0,0,395,95,3058,306,3364,-0.00500774,0.0220151,-0.999745,0
2443,0,0,0,0,379,99,2921,285,3206,-0.0038732,0.0223217,-0.999743,0
2554,0,0,0,0,455,96,3105,269,3374,-0.00408352,0.0223898,-0.999741,0
2560,0,0,0,0,452,101,3113,276,3389,-0.00654368,0.0167277,-0.999839,0
2468,0,0,0,0,461,103,3032,287,3319,-0.00749277,0.0198299,-0.999775,0
2538,0,0,0,0,381,92,3011,312,3323,-0.00535729,0.0211621,-0.999762,0
2495,0,0,0,0,380,103,2978,263,3241,-0.00717644,0.0200715,-0.999773,0
2465,0,0,0,0,395,102,2962,283,3245,-0.00447727,0.0226052,-0.999734,0
2446,0,0,0,0,382,91,2919,303,3222,-0.00278583,0.0224038,-0.999745,0
2601,0,0,0,0,368,102,3071,298,3369,-0.00392687,0.0198707,-0.999795,0
2537,0,0,0,0,367,90,2994,267,3261,-0.00591251,0.0203458,-0.999776,0
2628,0,0,0,0,379,101,3108,311,3419,-0.00793438,0.0210084,-0.999748,0
2560,0,0,0,0,391,93,3044,295,3339,-0.00559354,0.0221474,-0.999739,0
2509,0,0,0,0,375,97,2981,275,3256,-0.00633439,0.0204565,-0.999771,0
2797,0,0,0,0,482,97,3376,262,3638,-0.00637954,0.0193861,-0.999792,0
2601,0,0,0,0,441,111,3153,268,3421,-0.00687803,0.0224504,-0.999724,0
2859,0,0,0,0,581,135,3575,339,3914,-0.00572666,0.0195141,-0.999793,0
2527,0,0,0,0,589,111,3227,260,3487,-0.00547891,0.0197341,-0.99979,0
2628,0,0,0,0,435,101,3164,268,3432,-0.00653091,0.0214478,-0.999749,0
2659,0,0,0,0,395,96,3150,269,3419,-0.00251328,0.0218593,-0.999758,0
2536,0,0,0,0,391,104,3031,252,3283,-0.00406392,0.0211401,-0.999768,0
2598,0,0,0,0,419,100,3117,257,3374,-0.0068998,0.0201014,-0.999774,0
2506,0,0,0,0,388,98,2992,273,3265,-0.00418581,0.0221609,-0.999746,0
2836,0,0,0,0,469,96,3401,278,3679,-0.0086974,0.0220125,-0.99972,0
2688,0,0,0,0,413,110,3211,254,3465,-0.00444696,0.0215583,-0.999758,0
3070,0,0,0,0,413,97,3580,299,3879,-0.00722116,0.0201387,-0.999771,0
2643,0,0,0,0,399,102,3144,281,3425,-0.00651853,0.0200541,-0.999778,0
2650,0,0,0,0,490,103,3243,274,3517,-0.00669913,0.0219567,-0.999737,0
2515,0,0,0,0,385,95,2995,282,3277,-0.00663179,0.0212875,-0.999751,0
2565,0,0,0,0,462,96,3123,254,3377,-0.0063044,0.0211588,-0.999756,0
2549,0,0,0,0,420,97,3066,328,3394,-0.0081248,0.0215061,-0.999736,0
2548,0,0,0,0,392,101,3041,349,3390,-0.00710893,0.0208427,-0.999757,0
2538,0,0,0,0,392,95,3025,276,3301,-0.00650506,0.0238677,-0.999694,0
2562,0,0,0,0,398,99,3059,288,3347,-0.00782485,0.0228437,-0.999708,0
2596,0,0,0,0,430,131,3157,286,3443,-0.00363177,0.0214583,-0.999763,0
2726,0,0,0,0,434,100,3260,343,3603,-0.00650987,0.0232058,-0.99971,0
2516,0,0,0,0,444,99,3059,286,3345,-0.00748086,0.0210961,-0.999749,0
2440,0,0,0,0,423,99,2962,296,3258,-0.00551592,0.019271,-0.999799,0
2492,0,0,0,0,452,109,3053,294,3347,-0.00504512,0.0195453,-0.999796,0
2700,0,0,0,0,415,110,3225,280,3505,-0.00641739,0.0212213,-0.999754,0
2498,0,0,0,0,415,103,3016,296,3312,-0.00289058,0.0211175,-0.999773,0
2649,0,0,0,0,483,100,3232,301,3533,-0.00400474,0.0192911,-0.999806,0
2577,0,0,0,0,413,104,3094,297,3391,-0.00467129,0.0195303,-0.999798,0
2612,0,0,0,0,486,107,3205,294,3499,-0.00258119,0.0216415,-0.999762,0
2528,0,0,0,0,423,102,3053,293,3346,-0.00272231,0.021457,-0.999766,0
2970,0,0,0,0,584,112,3666,289,3955,-0.0062443,0.0204397,-0.999772,0
2714,0,0,0,0,411,104,3229,299,3528,-0.00723812,0.017957,-0.999813,0
2705,0,0,0,0,428,102,3235,287,3522,-0.00329065,0.0213752,-0.999766,0
2485,0,0,0,0,466,107,3058,285,3343,-0.00658117,0.0177738,-0.99982,0
2516,0,0,0,0,409,107,3032,309,3341,-0.00609913,0.0206601,-0.999768,0
2703,0,0,0,0,502,116,3321,313,3634,-0.00312517,0.0213208,-0.999768,0
2643,0,0,0,0,497,105,3245,338,3583,-0.00651525,0.0208411,-0.999762,0
2481,0,0,0,0,419,111,3011,325,3336,-0.00452176,0.0212184,-0.999765,0
2465,0,0,0,0,405,102,2972,301,3273,-0.00621509,0.0202284,-0.999776,0
2501,0,0,0,0,406,100,3007,297,3304,-0.00095116,0.021435,-0.99977,0
2581,0,0,0,0,541,105,3227,328,3555,-0.00533438,0.0199757,-0.999786,0
2644,0,0,0,0,467,136,3247,298,3545,-0.00757924,0.0201149,-0.999769,0
2638,0,0,0,0,418,99,3155,279,3434,-0.00641517,0.019235,-0.999794,0
2641,0,0,0,0,411,99,3151,324,3475,-0.00605161,0.0209458,-0.999762,0
2732,0,0,0,0,411,101,3244,294,3538,-0.00649987,0.0184919,-0.999808,0
2662,0,0,0,0,416,101,3179,306,3485,-0.00675314,0.0179693,-0.999816,0
2562,0,0,0,0,424,100,3086,323,3409,-0.00453325,0.0198802,-0.999792,0
2636,0,0,0,0,412,119,3167,321,3488,-0.00675771,0.0180304,-0.999815,0
2596,0,0,0,0,427,101,3124,296,3420,-0.00437294,0.0207449,-0.999775,0
2622,0,0,0,0,430,107,3159,320,3479,-0.00540007,0.0218751,-0.999746,0
2558,0,0,0,0,408,100,3066,285,3351,-0.00540143,0.0216582,-0.999751,0
2650,0,0,0,0,416,109,3175,326,3501,-0.00211405,0.0212395,-0.999772,0
2645,0,0,0,0,414,111,3170,328,3498,-0.00495166,0.0216862,-0.999753,0
2586,0,0,0,0,479,98,3163,301,3464,-0.00531478,0.0211964,-0.999761,0
2593,0,0,0,0,412,104,3109,311,3420,-0.00309961,0.0205539,-0.999784,0
2595,0,0,0,0,413,101,3109,294,3403,-0.00839822,0.0194639,-0.999775,0
2690,0,0,0,0,414,104,3208,298,3506,-0.00377729,0.020946,-0.999773,0
2617,0,0,0,0,476,117,3210,301,3511,-0.0070511,0.0168486,-0.999833,0
2638,0,0,0,0,431,109,3178,302,3480,-0.00646927,0.0206274,-0.999766,0
2838,0,0,0,0,629,122,3589,354,3943,-0.00553504,0.0203759,-0.999777,0
2760,0,0,0,0,478,100,3338,293,3631,-0.00699349,0.0197543,-0.99978,0
2601,0,0,0,0,419,106,3126,286,3412,-0.00438863,0.0210811,-0.999768,0
2491,0,0,0,0,447,108,3046,290,3336,-0.00543486,0.0202458,-0.99978,0
2667,0,0,0,0,444,125,3236,303,3539,-0.00423752,0.0207573,-0.999776,0
2633,0,0,0,0,471,107,3211,299,3510,-0.00514236,0.0190986,-0.999804,0
2508,0,0,0,0,405,97,3010,306,3316,-0.00635817,0.0158325,-0.999854,0
2665,0,0,0,0,406,100,3171,297,3468,-0.00292604,0.0210708,-0.999774,0
2687,0,0,0,0,404,99,3190,290,3480,-0.00550114,0.0214766,-0.999754,0
2691,0,0,0,0,478,106,3275,298,3573,-0.00567359,0.018068,-0.999821,0
2523,0,0,0,0,476,104,3103,339,3442,-0.00481765,0.0201651,-0.999785,0
2528,0,0,0,0,417,109,3054,303,3357,-0.00662852,0.0207817,-0.999762,0
2679,0,0,0,0,446,107,3232,292,3524,-0.00463453,0.0192431,-0.999804,0
2603,0,0,0,0,406,105,3114,297,3411,-0.00817678,0.0220029,-0.999724,0
2737,0,0,0,0,428,100,3265,318,3583,-0.00722022,0.0201559,-0.999771,0
2576,0,0,0,0,406,98,3080,292,3372,-0.00554339,0.0199853,-0.999785,0
2611,0,0,0,0,456,102,3169,288,3457,-0.0061822,0.0198113,-0.999785,0
2698,0,0,0,0,479,102,3279,288,3567,-0.0056461,0.0170946,-0.999838,0
2653,0,0,0,0,468,105,3226,274,3500,-0.00518457,0.0207157,-0.999772,0
2578,0,0,0,0,452,102,3132,307,3439,-0.00210657,0.0202037,-0.999794,0
2670,0,0,0,0,410,103,3183,303,3486,-0.00689479,0.0167837,-0.999835,0
2601,0,0,0,0,413,108,3122,328,3450,-0.0025083,0.020564,-0.999785,0
2572,0,0,0,0,409,103,3084,311,3395,-0.00768165,0.0201218,-0.999768,0
2516,0,0,0,0,440,103,3059,293,3352,-0.00614127,0.0185848,-0.999808,0
2574,0,0,0,0,427,129,3130,287,3417,-0.00615493,0.0195011,-0.999791,0
2611,0,0,0,0,408,101,3120,315,3435,-0.00720353,0.0158247,-0.999849,0
2631,0,0,0,0,426,101,3158,316,3474,-0.00245889,0.0206199,-0.999784,0
2558,0,0,0,0,441,114,3113,296,3409,-0.00407579,0.0209185,-0.999773,0
2699,0,0,0,0,419,125,3243,325,3568,-0.0054869,0.0190696,-0.999803,0
3847,0,0,0,0,695,168,4710,357,5067,-0.0047194,0.0192346,-0.999804,0
2612,0,0,0,0,491,107,3210,282,3492,-0.00526326,0.0187144,-0.999811,0
2509,0,0,0,0,424,105,3038,342,3380,-0.00580822,0.0187498,-0.999807,0
2594,0,0,0,0,445,103,3142,313,3455,-0.00723453,0.0197192,-0.999779,0
2604,0,0,0,0,411,100,3115,300,3415,-0.00328944,0.0208469,-0.999777,0
2796,0,0,0,0,534,122,3452,291,3743,-0.00574747,0.0177782,-0.999825,0
2671,0,0,0,0,416,108,3195,324,3519,-0.00239498,0.0213564,-0.999769,0
2630,0,0,0,0,413,107,3150,290,3440,-0.00378499,0.0207536,-0.999777,0
2525,0,0,0,0,414,105,3044,299,3343,-0.0053133,0.0213938,-0.999757,0
2548,0,0,0,0,428,106,3082,276,3358,-0.00604421,0.0187906,-0.999805,0
2537,0,0,0,0,418,106,3061,299,3360,-0.00399825,0.0201086,-0.99979,0
2662,0,0,0,0,496,108,3266,302,3568,-0.00714465,0.0182468,-0.999808,0
2643,0,0,0,0,481,116,3240,307,3547,-0.00383226,0.0205355,-0.999782,0
2571,0,0,0,0,420,104,3095,290,3385,-0.0050956,0.0187315,-0.999812,0
2659,0,0,0,0,453,102,3214,301,3515,-0.00740609,0.0184325,-0.999803,0
2653,0,0,0,0,442,110,3205,284,3489,-0.00548989,0.0181322,-0.999821,0
2549,0,0,0,0,445,105,3099,315,3414,-0.00716924,0.0157729,-0.99985,0
2635,0,0,0,0,425,102,3162,305,3467,-0.00631839,0.0192162,-0.999795,0
2676,0,0,0,0,410,138,3224,339,3563,-0.00689962,0.0197535,-0.999781,0
2610,0,0,0,0,478,108,3196,308,3504,-0.00527013,0.0172144,-0.999838,0
2620,0,0,0,0,429,110,3159,286,3445,-0.00579569,0.0209204,-0.999764,0
2635,0,0,0,0,495,120,3250,291,3541,-0.00252884,0.0199787,-0.999797,0
2511,0,0,0,0,421,104,3036,285,3321,-0.00622748,0.0193624,-0.999793,0
2593,0,0,0,0,436,118,3147,334,3481,-0.00671129,0.0202351,-0.999773,0
2733,0,0,0,0,467,120,3320,284,3604,-0.00583381,0.0195754,-0.999791,0
2575,0,0,0,0,416,104,3095,303,3398,-0.00380856,0.0196588,-0.999799,0
2641,0,0,0,0,424,100,3165,321,3486,-0.00515971,0.0195989,-0.999795,0
4160,0,0,0,0,724,151,5035,379,5414,-0.00733925,0.0206941,-0.999759,0
2777,0,0,0,0,450,109,3336,287,3623,-0.00384875,0.0195904,-0.999801,0
2633,0,0,0,0,420,105,3158,287,3445,-0.00619983,0.0184677,-0.99981,0
2528,0,0,0,0,421,107,3056,304,3360,-0.00386587,0.019475,-0.999803,0
2564,0,0,0,0,548,104,3216,289,3505,-0.00596301,0.019515,-0.999792,0
2522,0,0,0,0,469,119,3110,287,3397,-0.0046456,0.0200035,-0.999789,0
2571,0,0,0,0,411,100,3082,313,3395,-0.00367722,0.0179295,-0.999832,0
2595,0,0,0,0,424,102,3121,288,3409,-0.00486623,0.0195852,-0.999796,0
2510,0,0,0,0,477,112,3099,350,3449,-0.00500614,0.0203024,-0.999781,0
2580,0,0,0,0,416,105,3101,297,3398,-0.00535291,0.0163643,-0.999852,0
2498,0,0,0,0,460,108,3066,322,3388,-0.00184184,0.0225468,-0.999744,0
2583,0,0,0,0,487,107,3177,289,3466,-0.00532235,0.0203392,-0.999779,0
2615,0,0,0,0,420,103,3138,298,3436,-0.00346003,0.0202767,-0.999788,0
2690,0,0,0,0,509,107,3306,294,3600,-0.00403154,0.0193247,-0.999805,0
2601,0,0,0,0,422,110,3133,291,3424,-0.0057461,0.0175875,-0.999829,0
2553,0,0,0,0,447,105,3105,305,3410,-0.00281695,0.0188996,-0.999817,0
2619,0,0,0,0,417,105,3141,363,3504,-0.00541817,0.0183932,-0.999816,0
2625,0,0,0,0,508,107,3240,309,3549,-0.00432743,0.0194883,-0.999801,0
2539,0,0,0,0,421,107,3067,326,3393,-0.0069783,0.0170735,-0.99983,0
2904,0,0,0,0,598,127,3629,302,3931,-0.00615248,0.0173945,-0.99983,0
2485,0,0,0,0,418,98,3001,308,3309,-0.00534308,0.0189773,-0.999806,0
2624,0,0,0,0,468,126,3218,290,3508,-0.00412366,0.0207267,-0.999777,0
2626,0,0,0,0,477,106,3209,289,3498,-0.00615202,0.0200353,-0.99978,0
2455,0,0,0,0,496,103,3054,315,3369,-0.00921186,0.0231479,-0.99969,0
2594,0,0,0,0,409,98,3101,377,3478,-0.00688984,0.0171082,-0.99983,0
2723,0,0,0,0,405,106,3234,306,3540,-0.00529959,0.0183656,-0.999817,0
2520,0,0,0,0,426,116,3062,303,3365,-0.00500293,0.014563,-0.999881,0
2530,0,0,0,0,400,96,3026,269,3295,-0.00535073,0.0189899,-0.999805,0
3624,0,0,0,0,650,142,4416,365,4781,-0.00438515,0.0193202,-0.999804,0
3298,0,0,0,0,426,101,3825,269,4094,-0.00701541,0.0197902,-0.999779,0
2617,0,0,0,0,443,114,3174,304,3478,-0.00615077,0.0146859,-0.999873,0
2626,0,0,0,0,403,110,3139,279,3418,-0.00456627,0.0169165,-0.999846,0
2655,0,0,0,0,439,111,3205,291,3496,-0.00682638,0.0176009,-0.999822,0
2567,0,0,0,0,448,103,3118,245,3363,-0.00539451,0.0191823,-0.999802,0
2517,0,0,0,0,436,101,3054,261,3315,-0.00250288,0.0196852,-0.999803,0
2660,0,0,0,0,452,109,3221,255,3476,-0.00525434,0.0172098,-0.999838,0
2525,0,0,0,0,393,98,3016,281,3297,-0.00365002,0.019205,-0.999809,0
2624,0,0,0,0,407,103,3134,270,3404,-0.00376831,0.0177671,-0.999835,0
2727,0,0,0,0,648,123,3498,266,3764,-0.00658463,0.0186308,-0.999805,0
2615,0,0,0,0,438,97,3150,267,3417,-0.00449113,0.0200676,-0.999789,0
2562,0,0,0,0,381,93,3036,318,3354,-0.00599392,0.0176853,-0.999826,0
2528,0,0,0,0,364,104,2996,284,3280,-0.00793651,0.0159106,-0.999842,0
2707,0,0,0,0,425,93,3225,284,3509,-0.00584469,0.0163605,-0.999849,0
2603,0,0,0,0,447,94,3144,290,3434,-0.00455563,0.0176694,-0.999834,0
2534,0,0,0,0,399,96,3029,302,3331,-0.00680781,0.0191588,-0.999793,0
2597,0,0,0,0,453,93,3143,281,3424,-0.00387993,0.0194398,-0.999803,0
2575,0,0,0,0,388,93,3056,292,3348,-0.00947772,0.0194749,-0.999765,0
2740,0,0,0,0,406,111,3257,320,3577,-0.00483861,0.0167994,-0.999847,0
2649,0,0,0,0,389,97,3135,272,3407,-0.00638593,0.0172055,-0.999832,0
2576,0,0,0,0,387,104,3067,276,3343,-0.00407871,0.0192493,-0.999806,0
2499,0,0,0,0,356,91,2946,245,3191,-0.00501451,0.0172485,-0.999839,0
2463,0,0,0,0,393,84,2940,234,3174,-0.00515005,0.0181576,-0.999822,0
2449,0,0,0,0,321,84,2854,238,3092,-0.00485645,0.0163608,-0.999854,0
2435,0,0,0,0,341,85,2861,247,3108,-0.00469855,0.0193978,-0.999801,0
2558,0,0,0,0,419,87,3064,214,3278,-0.00395415,0.0193646,-0.999805,0
2360,0,0,0,0,379,96,2835,214,3049,-0.00580855,0.0176714,-0.999827,0
2441,0,0,0,0,382,88,2911,211,3122,-0.00504854,0.0169966,-0.999843,0
2521,0,0,0,0,336,88,2945,208,3153,-0.00436207,0.0187607,-0.999814,0
2379,0,0,0,0,374,89,2842,208,3050,-0.00510758,0.017598,-0.999832,0
2439,0,0,0,0,333,85,2857,228,3085,-0.00619643,0.0180338,-0.999818,0
2433,0,0,0,0,336,94,2863,235,3098,-0.00171926,0.0198084,-0.999802,0
2530,0,0,0,0,334,85,2949,219,3168,-0.00238104,0.0191737,-0.999813,0
2401,0,0,0,0,368,101,2870,238,3108,-0.00476727,0.0183318,-0.999821,0
2495,0,0,0,0,350,111,2956,227,3183,-0.00679668,0.0233151,-0.999705,0
2532,0,0,0,0,341,89,2962,221,3183,-0.0101913,0.0196271,-0.999755,0
2501,0,0,0,0,381,90,2972,285,3257,-0.012866,0.0160879,-0.999788,0
2455,0,0,0,0,350,87,2892,357,3249,-0.0233836,0.0121148,-0.999653,0
2689,0,0,0,0,393,97,3179,518,3697,-0.0396929,0.0246457,-0.998908,0
2642,0,0,0,0,437,117,3196,641,3837,-0.0460501,0.051897,-0.99759,0
2854,0,0,0,0,409,107,3370,688,4058,-0.00594892,0.0320777,-0.999468,0
2553,0,0,0,0,494,110,3157,631,3788,-0.0126362,0.0567653,-0.998308,0
2672,0,0,0,0,444,105,3221,694,3915,-0.0188337,0.0807423,-0.996557,0
2650,0,0,0,0,491,109,3250,660,3910,-0.0260586,0.105677,-0.994059,0
2637,0,0,0,0,479,113,3229,640,3869,-0.0271841,0.124908,-0.991796,0
2708,0,0,0,0,463,111,3282,738,4020,-0.0300796,0.142651,-0.989316,0
2699,0,0,0,0,509,112,3320,673,3993,-0.0242326,0.14774,-0.988729,0
2560,0,0,0,0,535,113,3208,599,3807,-0.0271206,0.156563,-0.987296,0
2657,0,0,0,0,459,115,3231,531,3762,-0.00716479,0.0938401,-0.995562,0
2661,0,0,0,0,456,116,3233,528,3761,-0.0139811,0.0292897,-0.999473,0
2705,0,0,0,0,496,112,3313,480,3793,-0.00986465,0.0300625,-0.999499,0
2606,0,0,0,0,538,111,3255,498,3753,-0.00019004,0.021501,-0.999769,0
2641,0,0,0,0,531,117,3289,426,3715,-0.000707413,0.014338,-0.999897,0
2662,0,0,0,0,495,105,3262,415,3677,-0.00228261,0.011708,-0.999929,0
2714,0,0,0,0,438,117,3269,380,3649,-0.00440316,0.01124,-0.999927,0
2594,0,0,0,0,398,96,3088,254,3342,-0.00803592,0.00483374,-0.999956,0
2583,0,0,0,0,396,99,3078,283,3361,-0.0115687,-0.0110186,-0.999872,0
2672,0,0,0,0,392,95,3159,252,3411,-0.00840472,0.0279166,-0.999575,0
2536,0,0,0,0,395,96,3027,215,3242,-0.013817,0.0271605,-0.999536,0
2515,0,0,0,0,400,100,3015,263,3278,-0.0165214,0.0269124,-0.999501,0
2480,0,0,0,0,425,95,3000,268,3268,-0.0176514,0.0201769,-0.999641,0
2657,0,0,0,0,392,94,3143,274,3417,-0.0128279,-0.00133355,-0.999917,0
2748,0,0,0,0,451,100,3299,256,3555,-0.0018579,-0.0396148,-0.999213,0
2473,0,0,0,0,399,96,2968,213,3181,0.0128091,-0.0944201,-0.99545,0
2633,0,0,0,0,359,89,3081,200,3281,0.0240577,-0.163043,-0.986326,0
2617,0,0,0,0,363,85,3065,265,3330,0.0199097,-0.235899,-0.971574,0
2684,0,0,0,0,373,90,3147,284,3431,0.00596352,0.0453228,-0.998955,0
2588,0,0,0,0,415,87,3090,273,3363,0.000634319,-0.041857,-0.999123,0
2584,0,0,0,0,353,81,3018,300,3318,-0.00225916,-0.133319,-0.991071,0
2532,0,0,0,0,359,79,2970,270,3240,0.00936714,0.0882898,-0.996051,0
2637,0,0,0,0,391,79,3107,268,3375,0.00675361,-0.00310378,-0.999972,0
2544,0,0,0,0,326,76,2946,272,3218,0.00734347,-0.0682733,-0.99764,0
2808,0,0,0,0,462,76,3346,256,3602,0.0105351,0.0710945,-0.997414,0
2496,0,0,0,0,295,71,2862,300,3162,0.00106417,0.00768331,-0.99997,0
2523,0,0,0,0,271,67,2861,263,3124,0.0250777,0.0472307,-0.998569,0
2411,0,0,0,0,253,60,2724,266,2990,0.0163515,-0.0354897,-0.999236,0
2524,0,0,0,0,255,60,2839,279,3118,0.00887759,-0.116661,-0.993132,0
2453,0,0,0,0,289,62,2804,305,3109,-0.0011505,-0.201577,-0.979472,0
3488,0,0,0,0,325,73,3886,339,4225,0.0280416,0.0848282,-0.996001,0
2596,0,0,0,0,242,64,2902,316,3218,0.0373942,0.00419819,-0.999292,0
2565,0,0,0,0,212,50,2827,300,3127,0.0284211,-0.0788372,-0.996482,0
2393,0,0,0,0,195,50,2638,277,2915,0.0228995,-0.16136,-0.98663,0
2378,0,0,0,0,180,47,2605,278,2883,0.0233225,0.0711978,-0.99719,0
2381,0,0,0,0,159,42,2582,327,2909,0.0288751,-0.0125019,-0.999505,0
2386,0,0,0,0,156,39,2581,354,2935,0.0176307,-0.087958,-0.995968,0
2317,0,0,0,0,175,44,2536,328,2864,0.0103443,-0.16986,-0.985414,0
2368,0,0,0,0,171,46,2585,451,3036,0.0111191,-0.246413,-0.969101,0
2422,0,0,0,0,209,66,2697,553,3250,0.0204457,0.0221276,-0.999546,0
2543,0,0,0,0,219,71,2833,505,3338,0.0205107,-0.0384346,-0.999051,0
2454,0,0,0,0,253,68,2775,561,3336,-0.0233862,0.108653,-0.993805,0
2532,0,0,0,0,322,96,2950,447,3397,-0.0515617,0.0246841,-0.998365,0
2631,0,0,0,0,325,81,3037,458,3495,-0.0424364,-0.0309736,-0.998619,0
2521,0,0,0,0,325,86,2932,569,3501,-0.0617578,0.0234042,-0.997817,0
2597,0,0,0,0,394,88,3079,643,3722,-0.0702611,0.20831,-0.975536,0
2784,0,0,0,0,376,85,3245,281,3526,-0.0547277,0.628425,-0.775942,0
2494,0,0,0,0,356,90,2940,-1000,-1000,-1,-1,-1,0
2638,0,0,0,0,367,92,3097,493,3590,0.0177718,-0.0409927,-0.999001,0
2522,0,0,0,0,383,95,3000,324,3324,0.0239358,-0.157401,-0.987245,0
2650,0,0,0,0,388,120,3158,305,3463,0.0199026,-0.242819,-0.969867,0
2749,0,0,0,0,397,108,3254,333,3587,0.0148727,-0.326771,-0.944986,0
2692,0,0,0,0,519,101,3312,377,3689,0.00584517,-0.40927,-0.912395,0
3217,0,0,0,0,398,113,3728,475,4203,0.014904,0.0563238,-0.998301,0
2667,0,0,0,0,363,90,3120,523,3643,0.0214795,0.0962562,-0.995125,0
2657,0,0,0,0,350,84,3091,584,3675,0.0185963,0.010014,-0.999777,0
2606,0,0,0,0,305,75,2986,628,3614,0.0172631,-0.0734116,-0.997152,0
2514,0,0,0,0,277,67,2858,577,3435,0.015899,-0.15865,-0.987207,0
2508,0,0,0,0,258,62,2828,741,3569,0.0142651,-0.240427,-0.970562,0
2469,0,0,0,0,247,69,2785,600,3385,0.00831062,-0.321201,-0.946975,0
2599,0,0,0,0,242,63,2904,708,3612,0.00110182,-0.313882,-0.949461,0
2562,0,0,0,0,237,61,2860,611,3471,-0.0140783,-0.0514343,-0.998577,0
2494,0,0,0,0,223,54,2771,502,3273,-0.0217301,-0.15581,-0.987548,0
2593,0,0,0,0,229,57,2879,440,3319,-0.0281398,0.0557693,-0.998047,0
2569,0,0,0,0,268,75,2912,378,3290,-0.0363317,-0.0310361,-0.998858,0
2592,0,0,0,0,275,67,2934,369,3303,-0.0327026,0.0337591,-0.998895,0
2638,0,0,0,0,296,84,3018,335,3353,-0.0510066,-0.0606569,-0.996855,0
2737,0,0,0,0,379,89,3205,328,3533,-0.0720576,-0.158005,-0.984806,0
2654,0,0,0,0,349,89,3092,285,3377,-0.0968588,-0.257086,-0.961522,0
2658,0,0,0,0,395,95,3148,296,3444,-0.118571,-0.355697,-0.927049,0
2831,0,0,0,0,403,114,3348,290,3638,-0.143742,-0.449358,-0.881712,0
2724,0,0,0,0,425,117,3266,323,3589,-0.167647,-0.533953,-0.828727,0
2727,0,0,0,0,488,114,3329,280,3609,0.00367085,0.0690611,-0.997606,0
3909,0,0,0,0,611,126,4646,285,4931,0.0334096,0.1471,-0.988557,0
2791,0,0,0,0,456,140,3387,300,3687,0.00988826,0.0689352,-0.997572,0
2880,0,0,0,0,530,121,3531,263,3794,-0.0219297,-0.0354172,-0.999132,0
2836,0,0,0,0,538,122,3496,273,3769,-0.0529322,-0.140352,-0.988686,0
2683,0,0,0,0,512,123,3318,284,3602,-0.0841277,-0.268542,-0.959587,0
2907,0,0,0,0,486,127,3520,319,3839,-0.0188956,-0.122533,-0.992284,0
2704,0,0,0,0,467,117,3288,316,3604,0.0303267,0.138419,-0.989909,0
2918,0,0,0,0,537,110,3565,391,3956,0.0329447,0.192046,-0.980833,0
2736,0,0,0,0,451,115,3302,399,3701,0.0156803,0.0860625,-0.996166,0
2713,0,0,0,0,438,120,3271,365,3636,-0.000639769,-0.0339241,-0.999424,0
2570,0,0,0,0,399,98,3067,330,3397,0.0265547,0.180954,-0.983133,0
2706,0,0,0,0,357,86,3149,309,3458,0.0192252,0.139269,-0.990068,0
2598,0,0,0,0,410,90,3098,302,3400,0.0114197,0.0391507,-0.999168,0
2622,0,0,0,0,484,104,3210,298,3508,0.00535882,0.152058,-0.988357,0
2529,0,0,0,0,334,84,2947,274,3221,0.00820192,0.0503557,-0.998698,0
2489,0,0,0,0,327,81,2897,259,3156,0.010269,-0.0494655,-0.998723,0
2544,0,0,0,0,316,81,2941,238,3179,0.00686178,-0.148941,-0.988822,0
2551,0,0,0,0,309,76,2936,234,3170,0.0063549,-0.236859,-0.971523,0
2491,0,0,0,0,357,82,2930,239,3169,-0.00725999,-0.324487,-0.945862,0
2560,0,0,0,0,296,72,2928,245,3173,-0.0250627,-0.402176,-0.915219,0
2598,0,0,0,0,302,74,2974,257,3231,0.0188488,0.051178,-0.998512,0
2560,0,0,0,0,272,81,2913,278,3191,0.0110875,-0.0178754,-0.999779,0
2541,0,0,0,0,353,69,2963,254,3217,-0.00503672,-0.0994138,-0.995033,0
2495,0,0,0,0,266,69,2830,326,3156,-0.0174995,-0.165627,-0.986033,0
2456,0,0,0,0,241,58,2755,244,2999,-0.0301483,-0.238012,-0.970794,0
2503,0,0,0,0,221,68,2792,236,3028,-0.0394482,-0.306108,-0.951179,0
2486,0,0,0,0,198,56,2740,269,3009,-0.0429842,-0.370011,-0.928033,0
2514,0,0,0,0,201,60,2775,248,3023,-0.0432024,-0.435253,-0.899271,0
2486,0,0,0,0,196,68,2750,273,3023,-0.0506763,-0.512674,-0.857086,0
2287,0,0,0,0,208,54,2549,261,2810,-0.0761825,-0.549011,-0.832336,0
2646,0,0,0,0,152,50,2848,249,3097,0.0348601,-0.218309,-0.975257,0
2307,0,0,0,0,180,56,2543,396,2939,0.00938724,-0.00133208,-0.999955,0
2643,0,0,0,0,279,62,2984,286,3270,0.0172695,0.0298966,-0.999404,0
2400,0,0,0,0,223,61,2684,246,2930,0.0177573,-0.00670626,-0.99982,0
2539,0,0,0,0,313,65,2917,250,3167,-0.00282633,-0.0578763,-0.99832,0
2621,0,0,0,0,270,72,2963,277,3240,0.0113907,0.0311399,-0.99945,0
2422,0,0,0,0,286,75,2783,272,3055,-0.0297026,-0.0356387,-0.998923,0
2495,0,0,0,0,311,83,2889,221,3110,-0.0397629,-0.127125,-0.991089,0
2687,0,0,0,0,348,91,3126,254,3380,-0.0622848,-0.199034,-0.978011,0
3783,0,0,0,0,607,134,4524,287,4811,-0.0174155,-0.0142905,-0.999746,0
2641,0,0,0,0,365,96,3102,203,3305,-0.00511997,0.0958784,-0.99538,0
2661,0,0,0,0,378,121,3160,175,3335,-0.0318014,0.135009,-0.990334,0
2729,0,0,0,0,377,101,3207,139,3346,0.0261956,0.018814,-0.99948,0
2738,0,0,0,0,465,102,3305,247,3552,0.0228979,-0.029575,-0.9993,0
2705,0,0,0,0,407,109,3221,236,3457,-0.00796635,-0.115203,-0.99331,0
2677,0,0,0,0,437,113,3227,240,3467,-0.0249528,-0.191604,-0.981155,0
2700,0,0,0,0,420,113,3233,314,3547,-0.0426123,-0.265541,-0.963157,0
2742,0,0,0,0,393,99,3234,360,3594,0.0170054,-0.0146639,-0.999748,0
2695,0,0,0,0,395,95,3185,445,3630,0.00431578,-0.0949105,-0.995477,0
2713,0,0,0,0,376,93,3182,489,3671,-0.00674448,-0.173771,-0.984763,0
2633,0,0,0,0,360,95,3088,538,3626,0.018814,0.0683482,-0.997484,0
2669,0,0,0,0,346,85,3100,559,3659,0.0188833,0.0642308,-0.997756,0
2541,0,0,0,0,333,81,2955,581,3536,0.0191474,-0.00723049,-0.99979,0
2500,0,0,0,0,297,74,2871,566,3437,0.0165975,-0.0803468,-0.996629,0
2625,0,0,0,0,290,74,2989,577,3566,0.0155534,-0.148898,-0.98873,0
2748,0,0,0,0,336,76,3160,680,3840,0.0136499,-0.221804,-0.974996,0
2572,0,0,0,0,311,73,2956,705,3661,0.0100835,-0.284453,-0.958637,0
2467,0,0,0,0,280,72,2819,623,3442,0.00301942,-0.355523,-0.934663,0
2718,0,0,0,0,300,77,3095,622,3717,-0.00399442,-0.42167,-0.90674,0
2625,0,0,0,0,300,77,3002,461,3463,-0.0154765,-0.496201,-0.86807,0
2585,0,0,0,0,479,109,3173,524,3697,-0.0209063,9.75798e-06,-0.999781,0
2586,0,0,0,0,431,80,3097,411,3508,-0.0179221,0.0199362,-0.999641,0
2656,0,0,0,0,353,100,3109,379,3488,-0.0228254,-0.0530448,-0.998331,0
2771,0,0,0,0,501,100,3372,353,3725,-0.00859506,0.0189788,-0.999783,0
2693,0,0,0,0,426,96,3215,356,3571,-0.015748,-0.057483,-0.998222,0
2727,0,0,0,0,400,105,3232,331,3563,-0.023267,-0.131939,-0.990985,0
2763,0,0,0,0,413,114,3290,329,3619,-0.0312033,-0.205403,-0.97818,0
2799,0,0,0,0,426,107,3332,309,3641,-0.0412986,-0.276452,-0.96014,0
2650,0,0,0,0,463,116,3229,286,3515,-0.0502952,-0.34955,-0.935567,0
2873,0,0,0,0,439,117,3429,268,3697,-0.0501679,-0.385665,-0.921274,0
2812,0,0,0,0,456,115,3383,274,3657,-0.0096435,0.0389016,-0.999197,0
2758,0,0,0,0,453,116,3327,278,3605,-0.0139334,-0.0394771,-0.999123,0
2744,0,0,0,0,467,122,3333,278,3611,-0.0219677,-0.116184,-0.992985,0
2802,0,0,0,0,453,123,3378,290,3668,-0.0335523,-0.189243,-0.981357,0
2924,0,0,0,0,480,128,3532,275,3807,-0.0447064,-0.260056,-0.964558,0
2817,0,0,0,0,470,119,3406,308,3714,-0.0577336,-0.323982,-0.9443,0
2786,0,0,0,0,468,129,3383,282,3665,-0.0684237,-0.392259,-0.917306,0
2695,0,0,0,0,524,118,3337,290,3627,-0.0796494,-0.464358,-0.882059,0
2646,0,0,0,0,474,123,3243,301,3544,-0.0902314,-0.531624,-0.842161,0
4101,0,0,0,0,778,171,5050,449,5499,-0.00886321,-0.0744222,-0.997187,0
2786,0,0,0,0,452,118,3356,318,3674,-0.0126338,0.0458335,-0.998869,0
2705,0,0,0,0,487,116,3308,308,3616,-0.0069431,0.0651775,-0.99785,0
2695,0,0,0,0,522,112,3329,306,3635,-0.0120845,-0.0176604,-0.999771,0
2666,0,0,0,0,445,118,3229,352,3581,-0.0212423,-0.097148,-0.995043,0
2615,0,0,0,0,442,119,3176,363,3539,-0.0315952,-0.181986,-0.982793,0
2828,0,0,0,0,444,104,3376,458,3834,-0.0444548,-0.251412,-0.966859,0
2670,0,0,0,0,508,128,3306,399,3705,-0.00174099,0.0261377,-0.999657,0
2591,0,0,0,0,400,99,3090,351,3441,-0.0110138,-0.0598685,-0.998146,0
2765,0,0,0,0,437,90,3292,286,3578,-0.0199023,-0.142519,-0.989592,0
3612,0,0,0,0,600,157,4369,274,4643,0.00296452,-0.0372216,-0.999303,0
2535,0,0,0,0,380,99,3014,237,3251,-0.00210875,0.0272036,-0.999628,0
2597,0,0,0,0,375,91,3063,274,3337,-0.00647828,-0.0590582,-0.998234,0
2663,0,0,0,0,377,103,3143,302,3445,-0.0124568,-0.13901,-0.990213,0
2598,0,0,0,0,364,92,3054,301,3355,-0.014957,-0.21913,-0.975581,0
2458,0,0,0,0,354,86,2898,252,3150,-0.0239298,-0.298468,-0.95412,0
2710,0,0,0,0,353,87,3150,401,3551,-0.0226723,-0.374359,-0.927007,0
2565,0,0,0,0,352,86,3003,274,3277,-0.0280407,-0.449146,-0.893018,0
2714,0,0,0,0,400,101,3215,375,3590,0.0134997,0.0356819,-0.999272,0
2607,0,0,0,0,350,97,3054,329,3383,0.0088676,-0.0483459,-0.998791,0
2549,0,0,0,0,342,86,2977,339,3316,0.0145277,0.0903319,-0.995806,0
2691,0,0,0,0,351,87,3129,348,3477,0.0155968,0.0123329,-0.999802,0
2499,0,0,0,0,341,88,2928,318,3246,0.0164218,-0.0683971,-0.997523,0
2538,0,0,0,0,325,80,2943,291,3234,0.0122196,0.059435,-0.998157,0
2554,0,0,0,0,272,69,2895,298,3193,0.00961188,-0.0118539,-0.999884,0
2375,0,0,0,0,267,77,2719,252,2971,0.0205218,0.0452617,-0.998764,0
2408,0,0,0,0,225,62,2695,275,2970,0.016967,-0.0244774,-0.999556,0
2360,0,0,0,0,245,57,2662,265,2927,0.0133705,-0.108263,-0.994032,0
2397,0,0,0,0,214,55,2666,336,3002,0.00907432,-0.189799,-0.981781,0
2514,0,0,0,0,210,50,2774,387,3161,-0.0141334,-0.249952,-0.968155,0
2359,0,0,0,0,195,51,2605,351,2956,0.000482505,0.160534,-0.98703,0
2460,0,0,0,0,199,55,2714,274,2988,-0.0133497,0.0516597,-0.998576,0
2697,0,0,0,0,230,59,2986,286,3272,-0.029479,-0.0546435,-0.998071,0
2450,0,0,0,0,249,65,2764,310,3074,-0.0267622,-0.181666,-0.982996,0
2443,0,0,0,0,261,71,2775,263,3038,-0.0111014,-0.280186,-0.959881,0
2462,0,0,0,0,335,82,2879,298,3177,-0.0166955,-0.328512,-0.944352,0
2648,0,0,0,0,296,82,3026,265,3291,-0.0557285,-0.335985,-0.940217,0
2546,0,0,0,0,341,83,2970,257,3227,-0.0708011,-0.412648,-0.908135,0
2540,0,0,0,0,322,86,2948,221,3169,-0.0165818,0.0297874,-0.999419,0
2441,0,0,0,0,407,90,2938,231,3169,-0.0414726,-0.0289567,-0.99872,0
2554,0,0,0,0,396,88,3038,248,3286,-0.0536974,0.0584939,-0.996843,0
2467,0,0,0,0,355,85,2907,259,3166,-0.033219,-0.0351343,-0.99883,0
2491,0,0,0,0,342,89,2922,224,3146,-0.0360376,-0.0475178,-0.99822,0
2517,0,0,0,0,375,87,2979,160,3139,0.0475953,-0.0394676,-0.998087,0
2665,0,0,0,0,392,88,3145,294,3439,0.032979,0.0122847,-0.999381,0
2654,0,0,0,0,349,96,3099,228,3327,0.0188245,-0.0505109,-0.998546,0
2741,0,0,0,0,401,92,3234,216,3450,0.00947741,-0.116992,-0.993088,0
2771,0,0,0,0,375,92,3238,233,3471,0.0174188,0.0145212,-0.999743,0
2671,0,0,0,0,423,89,3183,276,3459,0.00699654,-0.056097,-0.998401,0
2605,0,0,0,0,383,90,3078,313,3391,-0.0049323,-0.126177,-0.991996,0
2847,0,0,0,0,473,102,3422,418,3840,0.00745966,0.0413677,-0.999116,0
2712,0,0,0,0,365,88,3165,505,3670,-0.00280245,-0.0332107,-0.999444,0
2666,0,0,0,0,406,83,3155,508,3663,-0.0155777,-0.112033,-0.993582,0
2589,0,0,0,0,342,79,3010,570,3580,-0.0270278,-0.194584,-0.980513,0
2573,0,0,0,0,322,75,2970,577,3547,-0.0384684,-0.279307,-0.959431,0
2630,0,0,0,0,325,73,3028,626,3654,-0.04995,-0.363078,-0.930419,0
2556,0,0,0,0,297,71,2924,564,3488,-0.0629864,-0.4442,-0.893711,0
2471,0,0,0,0,292,69,2832,527,3359,-0.0770551,-0.520034,-0.850663,0
2624,0,0,0,0,274,67,2965,522,3487,-0.0928308,-0.589215,-0.802626,0
2804,0,0,0,0,465,91,3360,517,3877,-0.0965963,-0.236619,-0.966789,0
2661,0,0,0,0,384,76,3121,408,3529,-0.0487334,-0.031412,-0.998318,0
2687,0,0,0,0,371,72,3130,391,3521,-0.00403964,0.0330735,-0.999445,0
2624,0,0,0,0,379,74,3077,378,3455,-0.0392948,-0.0474233,-0.998102,0
2584,0,0,0,0,343,83,3010,369,3379,-0.0734158,-0.129258,-0.98889,0
2831,0,0,0,0,362,90,3283,366,3649,-0.024649,0.0310087,-0.999215,0
2642,0,0,0,0,396,103,3141,371,3512,-0.0630817,-0.0489065,-0.996809,0
2611,0,0,0,0,395,104,3110,345,3455,-0.102885,-0.127859,-0.986441,0
2651,0,0,0,0,406,98,3155,335,3490,-0.14278,-0.202362,-0.968847,0
2663,0,0,0,0,436,111,3210,298,3508,-0.179768,-0.271504,-0.945499,0
2790,0,0,0,0,449,112,3351,294,3645,0.0156225,0.097801,-0.995083,0
2748,0,0,0,0,527,118,3393,299,3692,-0.0267693,0.0390749,-0.998878,0
2948,0,0,0,0,473,123,3544,323,3867,0.0201203,0.0971212,-0.995069,0
2740,0,0,0,0,500,134,3374,302,3676,0.0456794,0.117116,-0.992067,0
2733,0,0,0,0,521,129,3383,314,3697,-0.00451052,0.0596313,-0.99821,0
3562,0,0,0,0,503,130,4195,331,4526,-0.0559624,-0.00190189,-0.998431,0
2822,0,0,0,0,509,137,3468,351,3819,-0.109259,-0.0669754,-0.991754,0
2826,0,0,0,0,565,130,3521,334,3855,-0.159728,-0.127485,-0.978895,0
2802,0,0,0,0,561,137,3500,333,3833,-0.216342,-0.189954,-0.957661,0
2821,0,0,0,0,615,139,3575,325,3900,-0.271828,-0.251462,-0.928911,0
3152,0,0,0,0,608,150,3910,398,4308,0.0531806,0.0712338,-0.996041,0
2760,0,0,0,0,621,142,3523,315,3838,0.123036,0.102186,-0.987127,0
2769,0,0,0,0,650,136,3555,368,3923,0.048485,0.0498969,-0.997577,0
2792,0,0,0,0,545,127,3464,335,3799,-0.0275815,-0.0024159,-0.999617,0
2749,0,0,0,0,515,127,3391,370,3761,0.0935255,0.0658521,-0.993437,0
2799,0,0,0,0,515,125,3439,304,3743,0.0275454,0.0166419,-0.999482,0
2772,0,0,0,0,446,114,3332,293,3625,-0.0642104,-0.0588208,-0.996201,0
2737,0,0,0,0,398,98,3233,214,3447,0.105389,0.0938812,-0.98999,0
2651,0,0,0,0,391,101,3143,194,3337,0.0153661,0.0268552,-0.999521,0
2661,0,0,0,0,467,100,3228,240,3468,-0.0712785,-0.028847,-0.997039,0
2711,0,0,0,0,387,96,3194,256,3450,-0.163654,-0.0866718,-0.982703,0
2654,0,0,0,0,450,94,3198,252,3450,-0.249015,-0.139921,-0.958339,0
2562,0,0,0,0,362,90,3014,213,3227,0.0892591,0.0444005,-0.995018,0
2658,0,0,0,0,445,94,3197,262,3459,0.00528677,0.00309881,-0.999981,0
2615,0,0,0,0,341,89,3045,252,3297,0.110114,0.0521753,-0.992549,0
2602,0,0,0,0,331,87,3020,292,3312,0.104718,0.0338987,-0.993924,0
2548,0,0,0,0,315,80,2943,260,3203,0.0243074,0.0127349,-0.999623,0
2624,0,0,0,0,326,79,3029,311,3340,0.0393149,0.0118831,-0.999156,0
2620,0,0,0,0,334,79,3033,296,3329,-0.0251907,0.00483931,-0.999671,0
2491,0,0,0,0,324,72,2887,283,3170,0.0856639,0.00111369,-0.996323,0
2495,0,0,0,0,264,65,2824,292,3116,0.00509851,-6.22769e-05,-0.999987,0
2474,0,0,0,0,220,70,2764,263,3027,-0.0716358,0.00329021,-0.997425,0
2457,0,0,0,0,205,56,2718,220,2938,-0.145496,0.00570161,-0.989342,0
2337,0,0,0,0,200,63,2600,224,2824,-0.227221,0.00962482,-0.973796,0
3510,0,0,0,0,331,82,3923,257,4180,-0.0658009,-0.00881714,-0.997794,0
2309,0,0,0,0,222,64,2595,238,2833,0.00158891,-0.0286782,-0.999587,0
2284,0,0,0,0,232,61,2577,209,2786,0.0410731,-0.0251476,-0.99884,0
2415,0,0,0,0,287,65,2767,215,2982,-0.0143045,-0.0167301,-0.999758,0
2596,0,0,0,0,269,72,2937,259,3196,-0.0708103,-0.00504288,-0.997477,0
2701,0,0,0,0,313,73,3087,255,3342,-0.130321,0.00869887,-0.991434,0
2491,0,0,0,0,310,81,2882,219,3101,-0.192795,0.0222598,-0.980986,0
2657,0,0,0,0,333,95,3085,223,3308,0.0174723,-0.00994686,-0.999798,0
2822,0,0,0,0,409,94,3325,238,3563,-0.0414663,0.0165506,-0.999003,0
2739,0,0,0,0,363,97,3199,234,3433,-0.100989,0.0416009,-0.994017,0
2956,0,0,0,0,492,105,3553,279,3832,-0.00789158,-0.000762334,-0.999969,0
2753,0,0,0,0,483,123,3359,242,3601,0.0622374,-0.0292464,-0.997633,0
2628,0,0,0,0,428,111,3167,249,3416,0.00226495,0.00527788,-0.999984,0
3084,0,0,0,0,449,120,3653,249,3902,0.0472597,-0.0117957,-0.998813,0
2690,0,0,0,0,490,124,3304,239,3543,-0.00222377,0.0292961,-0.999568,0
2673,0,0,0,0,527,123,3323,281,3604,-0.0800165,0.0921784,-0.992522,0
2782,0,0,0,0,510,153,3445,290,3735,-0.0903165,0.105231,-0.990338,0
2717,0,0,0,0,534,148,3399,212,3611,0.0942755,-0.0468375,-0.994444,0
2739,0,0,0,0,523,138,3400,184,3584,0.0324594,-0.0227957,-0.999213,0
2638,0,0,0,0,559,130,3327,257,3584,0.00509529,-0.0144471,-0.999883,0
2721,0,0,0,0,600,137,3458,218,3676,-0.0282876,0.0461682,-0.998533,0
2992,0,0,0,0,546,143,3681,268,3949,0.0477986,-0.0304695,-0.998392,0
2800,0,0,0,0,582,134,3516,274,3790,0.013584,0.0226917,-0.99965,0
2726,0,0,0,0,572,146,3444,300,3744,-0.0180282,0.0749861,-0.997022,0
2770,0,0,0,0,596,144,3510,362,3872,-0.0449118,0.129191,-0.990602,0
2829,0,0,0,0,886,193,3908,429,4337,-0.0682442,0.183893,-0.980574,0
2881,0,0,0,0,539,150,3570,452,4022,0.0339568,0.0199805,-0.999223,0
2909,0,0,0,0,603,132,3644,493,4137,0.0382791,-0.0317765,-0.998762,0
2817,0,0,0,0,537,126,3480,521,4001,0.0340437,0.0287337,-0.999007,0
2823,0,0,0,0,708,142,3673,507,4180,0.0272787,-0.0343246,-0.999038,0
3024,0,0,0,0,446,111,3581,556,4137,0.0262615,0.0313361,-0.999164,0
2912,0,0,0,0,457,123,3492,537,4029,0.0273125,-0.0256701,-0.999297,0
2658,0,0,0,0,410,115,3183,527,3710,0.0236614,0.0540223,-0.998259,0
2710,0,0,0,0,385,98,3193,494,3687,0.0297963,0.133905,-0.990546,0
2666,0,0,0,0,429,96,3191,435,3626,0.023307,0.218858,-0.975478,0
2709,0,0,0,0,362,114,3185,397,3582,0.0311388,0.0676166,-0.997225,0
2517,0,0,0,0,375,93,2985,360,3345,0.0295228,-0.0132689,-0.999476,0
2587,0,0,0,0,429,93,3109,400,3509,0.0214284,-0.00771583,-0.999741,0
2614,0,0,0,0,433,95,3142,334,3476,0.0323571,0.0903069,-0.995388,0
2530,0,0,0,0,361,88,2979,398,3377,0.0281377,-0.0152979,-0.999487,0
2598,0,0,0,0,393,96,3087,298,3385,0.0254636,-0.076281,-0.996761,0
2639,0,0,0,0,377,99,3115,290,3405,0.00927093,-0.134784,-0.990832,0
2686,0,0,0,0,477,113,3276,285,3561,0.0356652,-0.0727582,-0.996712,0
2742,0,0,0,0,404,101,3247,271,3518,0.0634028,0.0367977,-0.997309,0
2736,0,0,0,0,419,109,3264,276,3540,0.0891758,0.139782,-0.986159,0
2714,0,0,0,0,431,109,3254,266,3520,0.114404,0.244922,-0.962769,0
2851,0,0,0,0,454,127,3432,280,3712,0.144566,0.350427,-0.925366,0
2710,0,0,0,0,512,126,3348,262,3610,0.173058,0.4474,-0.87743,0
2971,0,0,0,0,484,123,3578,285,3863,0.203356,0.542331,-0.815183,0
2748,0,0,0,0,549,131,3428,272,3700,0.238884,0.628411,-0.740293,0
2934,0,0,0,0,519,142,3595,285,3880,-0.0380505,-0.12248,-0.991741,0
2721,0,0,0,0,521,127,3369,305,3674,0.00930948,-0.00810706,-0.999924,0
2893,0,0,0,0,609,137,3639,352,3991,0.0562072,0.103058,-0.993086,0
2836,0,0,0,0,499,123,3458,355,3813,0.107474,0.211471,-0.971457,0
2793,0,0,0,0,511,122,3426,384,3810,0.147866,0.317093,-0.936797,0
2660,0,0,0,0,491,119,3270,325,3595,0.192341,0.417883,-0.887907,0
2643,0,0,0,0,461,111,3215,256,3471,0.235531,0.512564,-0.825714,0
2998,0,0,0,0,567,130,3695,282,3977,0.275258,0.598726,-0.752171,0
2741,0,0,0,0,465,116,3322,263,3585,-0.015614,-0.00819585,-0.999844,0
3098,0,0,0,0,494,128,3720,312,4032,-0.0578593,-0.140367,-0.988408,0
2912,0,0,0,0,527,119,3558,190,3748,-0.0601291,-0.185062,-0.980886,0
2771,0,0,0,0,446,110,3327,249,3576,-0.0379106,-0.0586963,-0.997556,0
2653,0,0,0,0,448,109,3210,197,3407,-0.0175612,0.0575057,-0.998191,0
2693,0,0,0,0,407,102,3202,206,3408,-0.00230445,0.155162,-0.987886,0
2576,0,0,0,0,386,99,3061,225,3286,0.0133099,0.249041,-0.968402,0
2637,0,0,0,0,386,97,3120,250,3370,0.0343094,0.346877,-0.937283,0
2685,0,0,0,0,375,100,3160,295,3455,0.0562233,0.425958,-0.902994,0
2665,0,0,0,0,353,102,3120,268,3388,0.0783418,0.499276,-0.862894,0
2674,0,0,0,0,318,94,3086,283,3369,0.10379,0.565476,-0.818208,0
2621,0,0,0,0,282,73,2976,290,3266,0.129011,0.626747,-0.768469,0
2401,0,0,0,0,254,64,2719,270,2989,-0.0305879,-0.0371714,-0.998841,0
2612,0,0,0,0,238,63,2913,265,3178,-0.00910536,0.0422957,-0.999064,0
2416,0,0,0,0,243,63,2722,268,2990,0.0137386,0.11847,-0.992863,0
2608,0,0,0,0,216,60,2884,244,3128,0.0320123,0.195838,-0.980114,0
2360,0,0,0,0,217,60,2637,213,2850,0.05349,0.267289,-0.96213,0
2396,0,0,0,0,261,62,2719,216,2935,0.0739027,0.340663,-0.937276,0
2480,0,0,0,0,247,71,2798,239,3037,0.0940475,0.411441,-0.906571,0
2571,0,0,0,0,256,70,2897,241,3138,0.111175,0.481415,-0.869413,0
3734,0,0,0,0,495,102,4331,298,4629,0.0579142,0.358525,-0.931722,0
2498,0,0,0,0,295,79,2872,223,3095,-0.0298959,-0.0694787,-0.997135,0
2706,0,0,0,0,434,94,3234,220,3454,-0.0106652,0.0136577,-0.99985,0
2625,0,0,0,0,352,91,3068,181,3249,-0.025151,-0.0201735,-0.99948,0
2555,0,0,0,0,417,94,3066,182,3248,0.0235402,0.0482426,-0.998558,0
2748,0,0,0,0,479,105,3332,185,3517,-0.0376678,-0.137285,-0.989815,0
2604,0,0,0,0,435,113,3152,128,3280,-0.0433123,-0.26413,-0.963514,0
2637,0,0,0,0,395,113,3145,125,3270,-0.0805765,-0.106298,-0.991064,0
2613,0,0,0,0,483,117,3213,136,3349,-0.397356,0.436066,-0.807437,0
2804,0,0,0,0,415,106,3325,147,3472,-0.0426649,-0.0606047,-0.99725,0
2961,0,0,0,0,592,135,3688,307,3995,-0.0570895,-0.086555,-0.99461,0
2720,0,0,0,0,473,131,3324,286,3610,-0.0401938,-0.0620866,-0.997261,0
2776,0,0,0,0,478,111,3365,419,3784,-0.0173368,0.0130674,-0.999764,0
2751,0,0,0,0,454,111,3316,460,3776,-0.0193993,0.00769318,-0.999782,0
2834,0,0,0,0,457,124,3415,549,3964,-0.0012238,0.0802234,-0.996776,0
2831,0,0,0,0,434,110,3375,570,3945,-0.0183494,-0.0229124,-0.999569,0
2674,0,0,0,0,428,103,3205,587,3792,-0.00220297,0.050031,-0.998745,0
2641,0,0,0,0,394,102,3137,621,3758,0.0175126,0.129923,-0.991369,0
2512,0,0,0,0,351,90,2953,582,3535,0.0374283,0.209686,-0.977052,0
2785,0,0,0,0,387,86,3258,600,3858,0.0265709,0.046823,-0.99855,0
2800,0,0,0,0,397,94,3291,492,3783,0.041899,0.0607103,-0.997276,0
2531,0,0,0,0,320,82,2933,474,3407,0.0736852,0.137039,-0.987821,0
2605,0,0,0,0,314,79,2998,456,3454,0.109694,0.216987,-0.969992,0
2581,0,0,0,0,311,80,2972,416,3388,0.140075,0.29611,-0.944827,0
2522,0,0,0,0,356,80,2958,381,3339,-0.00597585,-0.00651248,-0.999961,0
2508,0,0,0,0,333,85,2926,398,3324,0.0319717,0.0777913,-0.996457,0
2526,0,0,0,0,343,91,2960,325,3285,0.0699127,0.16532,-0.983759,0
2586,0,0,0,0,390,106,3082,326,3408,0.102798,0.254116,-0.961695,0
2567,0,0,0,0,392,104,3063,309,3372,-0.00202502,-0.0111048,-0.999936,0
2662,0,0,0,0,412,108,3182,288,3470,-0.0142796,-0.0844448,-0.996326,0
2821,0,0,0,0,469,107,3397,290,3687,0.0175104,0.016908,-0.999704,0
2798,0,0,0,0,443,141,3382,305,3687,0.0486706,0.123458,-0.991156,0
2819,0,0,0,0,518,114,3451,266,3717,-0.0156773,-0.103861,-0.994468,0
2789,0,0,0,0,548,121,3458,235,3693,-0.0152893,-0.0887013,-0.995941,0
2758,0,0,0,0,513,131,3402,237,3639,0.0205209,0.0243973,-0.999492,0
2880,0,0,0,0,453,114,3447,246,3693,0.0599976,0.141996,-0.988047,0
2778,0,0,0,0,509,110,3397,214,3611,0.0984046,0.259014,-0.960848,0
2892,0,0,0,0,440,140,3472,237,3709,0.135417,0.35515,-0.924949,0
3819,0,0,0,0,701,164,4684,275,4959,0.109307,0.250842,-0.961837,0
2949,0,0,0,0,449,114,3512,256,3768,-0.0562507,-0.179525,-0.982144,0
2782,0,0,0,0,407,105,3294,311,3605,-0.0114548,-0.0822471,-0.996546,0
2676,0,0,0,0,417,107,3200,347,3547,0.0363336,0.0155264,-0.999219,0
2672,0,0,0,0,465,104,3241,289,3530,0.0815129,0.112306,-0.990325,0
2587,0,0,0,0,420,102,3109,261,3370,-0.0239364,-0.0435429,-0.998765,0
2545,0,0,0,0,370,90,3005,255,3260,0.0148579,0.052787,-0.998495,0
3198,0,0,0,0,465,131,3794,286,4080,-0.062129,-0.116329,-0.991266,0
2709,0,0,0,0,418,99,3226,303,3529,-0.0329347,-0.021334,-0.99923,0
2566,0,0,0,0,439,110,3115,308,3423,-0.0681995,-0.113964,-0.991141,0
2680,0,0,0,0,437,104,3221,250,3471,-0.0420263,-0.0115251,-0.99905,0
2628,0,0,0,0,400,103,3131,225,3356,-0.0163871,0.0921614,-0.995609,0
2612,0,0,0,0,393,102,3107,226,3333,-0.042839,-0.0915799,-0.994876,0
2774,0,0,0,0,436,103,3313,244,3557,-0.019327,0.00940014,-0.999769,0
2661,0,0,0,0,386,106,3153,258,3411,0.00342929,0.104619,-0.994507,0
2688,0,0,0,0,398,95,3181,288,3469,0.0303786,0.198213,-0.979688,0
2778,0,0,0,0,378,110,3266,261,3527,-0.0440283,-0.111206,-0.992822,0
2711,0,0,0,0,462,100,3273,296,3569,-0.0445836,-0.0829723,-0.995554,0
2625,0,0,0,0,346,90,3061,262,3323,-0.0273502,0.00589841,-0.999609,0
2522,0,0,0,0,316,80,2918,255,3173,-0.00870287,0.0893922,-0.995958,0
2587,0,0,0,0,295,78,2960,263,3223,-0.0398387,-0.0280668,-0.998812,0
2461,0,0,0,0,278,75,2814,263,3077,-0.047395,-0.0429719,-0.997952,0
2417,0,0,0,0,266,71,2754,256,3010,-0.0335725,0.0293849,-0.999004,0
2414,0,0,0,0,269,72,2755,258,3013,-0.0349423,-0.00286399,-0.999385,0
2484,0,0,0,0,236,65,2785,237,3022,-0.0169928,0.0595512,-0.998081,0
2457,0,0,0,0,251,76,2784,236,3020,-0.0333699,-0.0249497,-0.999132,0
2479,0,0,0,0,252,70,2801,237,3038,-0.0415708,-0.0276901,-0.998752,0
2506,0,0,0,0,267,70,2843,234,3077,-0.0315376,0.0280666,-0.999108,0
2421,0,0,0,0,315,77,2813,242,3055,-0.0198931,0.0836577,-0.996296,0
2644,0,0,0,0,309,78,3031,239,3270,-0.0142294,0.135627,-0.990658,0
2602,0,0,0,0,284,80,2966,255,3221,-0.0147269,0.191372,-0.981407,0
2585,0,0,0,0,307,85,2977,259,3236,-0.0091063,0.245129,-0.969448,0
2724,0,0,0,0,314,81,3119,243,3362,0.000116926,0.294776,-0.955566,0
2545,0,0,0,0,376,124,3045,260,3305,0.00483132,0.346092,-0.938188,0
2525,0,0,0,0,330,87,2942,280,3222,0.027287,0.393397,-0.918964,0
2670,0,0,0,0,379,96,3145,263,3408,-0.00957733,-0.0189552,-0.999774,0
2533,0,0,0,0,358,95,2986,258,3244,0.00490465,0.0360315,-0.999339,0
2603,0,0,0,0,363,92,3058,235,3293,0.0314422,0.0969686,-0.994791,0
2524,0,0,0,0,379,104,3007,277,3284,0.0361287,0.1559,-0.987112,0
2573,0,0,0,0,370,95,3038,232,3270,0.0476708,0.219831,-0.974373,0
2627,0,0,0,0,374,92,3093,198,3291,0.0654338,0.298209,-0.952255,0
2596,0,0,0,0,398,107,3101,220,3321,0.0669026,0.310837,-0.948106,0
3836,0,0,0,0,692,137,4665,194,4859,0.0390194,0.177005,-0.983436,0
2810,0,0,0,0,411,105,3326,214,3540,-0.0812537,0.00341635,-0.996688,0
2696,0,0,0,0,420,117,3233,243,3476,-0.0276395,0.0706868,-0.997115,0
2858,0,0,0,0,457,122,3437,272,3709,-0.0132648,0.136854,-0.990502,0
2760,0,0,0,0,458,112,3330,278,3608,0.0164017,0.192942,-0.981073,0
2654,0,0,0,0,452,109,3215,341,3556,0.056587,0.253264,-0.965741,0
2685,0,0,0,0,470,118,3273,377,3650,0.0826424,0.308838,-0.947517,0
2711,0,0,0,0,511,112,3334,469,3803,0.102185,0.367855,-0.924252,0
2687,0,0,0,0,481,113,3281,456,3737,0.12484,0.428805,-0.89473,0
2700,0,0,0,0,423,113,3236,534,3770,0.144539,0.488473,-0.860525,0
2970,0,0,0,0,430,102,3502,596,4098,0.163395,0.548807,-0.819825,0
2673,0,0,0,0,393,102,3168,597,3765,-0.00455992,-0.0369513,-0.999307,0
2650,0,0,0,0,360,88,3098,569,3667,0.0191148,0.0417619,-0.998945,0
2599,0,0,0,0,430,90,3119,562,3681,0.0503204,0.120587,-0.991427,0
2641,0,0,0,0,366,83,3090,540,3630,-0.00330475,-0.00599665,-0.999977,0
2611,0,0,0,0,318,77,3006,469,3475,-0.0105739,-0.0106642,-0.999887,0
2707,0,0,0,0,387,75,3169,397,3566,0.017681,0.077342,-0.996848,0
2631,0,0,0,0,308,84,3023,384,3407,-0.00453764,-0.0513518,-0.99867,0
2548,0,0,0,0,306,74,2928,341,3269,0.0274995,0.0452791,-0.998596,0
3012,0,0,0,0,329,81,3422,339,3761,0.00912479,-0.0642037,-0.997895,0
2763,0,0,0,0,360,87,3210,319,3529,0.039806,0.0304709,-0.998743,0
2869,0,0,0,0,387,102,3358,331,3689,0.0209314,-0.00945025,-0.999736,0
2862,0,0,0,0,392,103,3357,267,3624,0.0569598,0.0949811,-0.993848,0
2844,0,0,0,0,405,107,3356,284,3640,0.0897236,0.195324,-0.976626,0
2737,0,0,0,0,483,110,3330,252,3582,0.123817,0.301795,-0.945298,0
2742,0,0,0,0,445,109,3296,284,3580,0.147478,0.394414,-0.907022,0
2780,0,0,0,0,512,110,3402,252,3654,0.170269,0.488959,-0.855527,0
3028,0,0,0,0,425,129,3582,277,3859,0.103005,0.279139,-0.95471,0
2731,0,0,0,0,441,102,3274,217,3491,0.00467096,-0.00517957,-0.999976,0
2725,0,0,0,0,434,135,3294,234,3528,0.0365156,0.107039,-0.993584,0
2741,0,0,0,0,407,104,3252,208,3460,-0.0419848,-0.166543,-0.98514,0
2680,0,0,0,0,453,101,3234,217,3451,-0.000875637,-0.0613986,-0.998113,0
2762,0,0,0,0,383,93,3238,240,3478,-0.0587565,-0.151914,-0.986646,0
2657,0,0,0,0,368,90,3115,250,3365,-0.0979624,-0.177973,-0.979147,0
2631,0,0,0,0,373,101,3105,342,3447,-0.0332386,-0.068548,-0.997094,0
3760,0,0,0,0,586,125,4471,307,4778,-0.0783129,-0.105138,-0.991369,0
2704,0,0,0,0,360,91,3155,233,3388,-0.0531706,-0.0687542,-0.996216,0
2590,0,0,0,0,355,99,3044,241,3285,0.0079035,0.036012,-0.99932,0
2589,0,0,0,0,363,87,3039,291,3330,0.0651858,0.13846,-0.98822,0
2652,0,0,0,0,377,92,3121,301,3422,0.117873,0.235395,-0.964725,0
2692,0,0,0,0,460,100,3252,260,3512,0.169425,0.324663,-0.930532,0
2853,0,0,0,0,478,105,3436,259,3695,-0.0781661,-0.130978,-0.988299,0
2597,0,0,0,0,379,98,3074,253,3327,-0.0411839,-0.0410923,-0.998306,0
2611,0,0,0,0,374,93,3078,260,3338,-0.0400952,-0.0272906,-0.998823,0
2623,0,0,0,0,420,123,3166,255,3421,0.000378792,0.0541445,-0.998533,0
2586,0,0,0,0,376,102,3064,277,3341,0.0389751,0.13468,-0.990122,0
2663,0,0,0,0,361,103,3127,301,3428,-0.0519797,-0.0478753,-0.9975,0
2626,0,0,0,0,367,90,3083,283,3366,-0.0233947,0.0284427,-0.999322,0
2545,0,0,0,0,353,102,3000,339,3339,-0.0509149,-0.0281565,-0.998306,0
2625,0,0,0,0,323,85,3033,342,3375,-0.0574293,-0.055626,-0.996799,0
2496,0,0,0,0,301,80,2877,275,3152,-0.0335424,0.0202414,-0.999232,0
2550,0,0,0,0,840,74,3464,287,3751,-0.0525839,-0.0737968,-0.995886,0
2460,0,0,0,0,283,71,2814,231,3045,-0.0369487,-0.0184104,-0.999148,0
2328,0,0,0,0,279,73,2680,268,2948,-0.10177,-0.0710016,-0.992271,0
2480,0,0,0,0,231,63,2774,229,3003,-0.0992752,0.0125092,-0.994981,0
2542,0,0,0,0,228,60,2830,245,3075,-0.0197076,0.0879692,-0.995928,0
2519,0,0,0,0,268,66,2853,257,3110,-0.00368053,0.160296,-0.987062,0
2469,0,0,0,0,247,64,2780,277,3057,0.00688709,0.22501,-0.974332,0
2466,0,0,0,0,265,70,2801,263,3064,0.023376,0.287591,-0.957468,0
2506,0,0,0,0,269,69,2844,251,3095,0.0446865,0.33921,-0.939649,0
2525,0,0,0,0,277,72,2874,266,3140,-0.0428713,-0.0429708,-0.998156,0
2681,0,0,0,0,304,80,3065,307,3372,-0.0355905,0.0066868,-0.999344,0
2552,0,0,0,0,327,77,2956,252,3208,-0.0311417,0.0580181,-0.99783,0
2666,0,0,0,0,281,80,3027,262,3289,-0.0292669,0.106032,-0.993932,0
2610,0,0,0,0,312,90,3012,264,3276,-0.0244343,0.152532,-0.987996,0
2482,0,0,0,0,301,76,2859,243,3102,-0.0290487,-0.0167481,-0.999438,0
2437,0,0,0,0,355,88,2880,293,3173,-0.0205856,-0.021999,-0.999546,0
2898,0,0,0,0,329,85,3312,277,3589,-0.0130289,0.0280972,-0.99952,0
2615,0,0,0,0,343,89,3047,236,3283,-0.00906666,0.0902134,-0.995881,0
2550,0,0,0,0,357,94,3001,203,3204,0.00142,0.15197,-0.988384,0
2662,0,0,0,0,369,97,3128,187,3315,-0.00769962,-0.0131071,-0.999884,0
2684,0,0,0,0,455,100,3239,255,3494,0.0175219,0.0911175,-0.995686,0
2800,0,0,0,0,443,121,3364,315,3679,-0.0291044,-0.0640556,-0.997522,0
2707,0,0,0,0,462,105,3274,295,3569,-0.144735,0.116456,-0.982593,0
2655,0,0,0,0,453,110,3218,444,3662,-0.0102124,0.0441416,-0.998973,0
2773,0,0,0,0,469,111,3353,1417,4770,-0.0671608,0.0808043,-0.994465,0
2777,0,0,0,0,462,109,3348,238,3586,-0.0861988,0.16407,-0.982675,0
2592,0,0,0,0,458,121,3171,246,3417,-0.00874134,0.199791,-0.9798,0
2559,0,0,0,0,443,109,3111,351,3462,-0.0153341,0.230599,-0.972928,0
2717,0,0,0,0,481,106,3304,343,3647,-0.0290565,0.00345586,-0.999572,0
2691,0,0,0,0,442,105,3238,398,3636,-0.0298335,0.0165618,-0.999418,0
2675,0,0,0,0,499,109,3283,373,3656,-0.0268815,0.0233941,-0.999365,0
2765,0,0,0,0,780,150,3695,507,4202,-0.0239533,0.0289023,-0.999295,0
2850,0,0,0,0,537,126,3513,500,4013,-0.0262171,0.0267283,-0.999299,0
2762,0,0,0,0,478,133,3373,704,4077,-0.0256017,0.0355874,-0.999039,0
2643,0,0,0,0,475,107,3225,382,3607,-0.0190057,0.0282775,-0.999419,0
2575,0,0,0,0,454,112,3141,391,3532,-0.00656118,0.0389971,-0.999218,0
2644,0,0,0,0,479,117,3240,417,3657,-0.000566555,0.0239925,-0.999712,0
2698,0,0,0,0,446,114,3258,415,3673,-0.00151904,0.00377955,-0.999992,0
2633,0,0,0,0,424,107,3164,430,3594,-0.0140355,0.0306703,-0.999431,0
2729,0,0,0,0,490,130,3349,431,3780,-0.0182595,0.0302751,-0.999375,0
2618,0,0,0,0,406,104,3128,421,3549,-0.00674985,0.0352775,-0.999355,0
2776,0,0,0,0,385,99,3260,387,3647,-0.0206466,-0.00646978,-0.999766,0
2597,0,0,0,0,374,98,3069,397,3466,0.0259014,0.0790651,-0.996533,0
2660,0,0,0,0,429,90,3179,362,3541,-0.00925754,-0.017197,-0.999809,0
2537,0,0,0,0,353,90,2980,284,3264,-0.0450192,-0.103791,-0.99358,0
2725,0,0,0,0,332,87,3144,253,3397,-0.0724374,-0.178613,-0.981249,0
2529,0,0,0,0,321,84,2934,235,3169,-0.102253,-0.26293,-0.959381,0
2590,0,0,0,0,328,80,2998,238,3236,-0.0426319,-0.112107,-0.992781,0
2499,0,0,0,0,290,76,2865,242,3107,0.0131324,0.135373,-0.990708,0
2747,0,0,0,0,279,74,3100,251,3351,-0.0101288,0.0329504,-0.999406,0
2493,0,0,0,0,276,81,2850,300,3150,-0.0348253,-0.0454107,-0.998361,0
2559,0,0,0,0,286,74,2919,258,3177,-0.0486735,-0.124991,-0.990963,0
2562,0,0,0,0,257,66,2885,232,3117,-0.0609891,-0.188678,-0.980143,0
2463,0,0,0,0,293,61,2817,215,3032,-0.0708458,-0.249638,-0.965744,0
2544,0,0,0,0,269,58,2871,333,3204,-0.0844207,-0.315585,-0.945135,0
2469,0,0,0,0,197,55,2721,220,2941,-0.0962102,-0.394896,-0.913674,0
2575,0,0,0,0,235,53,2863,217,3080,-0.0168788,0.14865,-0.988746,0
2436,0,0,0,0,197,63,2696,202,2898,-0.0237644,0.0567142,-0.998108,0
2541,0,0,0,0,202,56,2799,221,3020,-0.0285179,-0.0497213,-0.998356,0
2323,0,0,0,0,228,55,2606,269,2875,-0.0472498,-0.12935,-0.990473,0
2417,0,0,0,0,231,58,2706,280,2986,-0.0646493,-0.22967,-0.971119,0
2472,0,0,0,0,236,61,2769,325,3094,-0.0838559,-0.320601,-0.943495,0
3476,0,0,0,0,442,105,4023,457,4480,-0.0897603,-0.300824,-0.949446,0
2459,0,0,0,0,318,78,2855,450,3305,-0.0350186,-0.0220102,-0.999144,0
2350,0,0,0,0,274,67,2691,497,3188,-0.0518663,-0.0864896,-0.994902,0
2499,0,0,0,0,401,80,2980,571,3551,-0.000158978,0.0740585,-0.997254,0
2675,0,0,0,0,309,78,3062,657,3719,-0.0164169,0.00914005,-0.999823,0
2616,0,0,0,0,355,85,3056,589,3645,-0.0305322,-0.0869977,-0.995741,0
2723,0,0,0,0,468,95,3286,627,3913,-0.0336992,-0.184007,-0.982347,0
2660,0,0,0,0,402,99,3161,699,3860,-0.0104676,0.0275729,-0.999565,0
2551,0,0,0,0,387,93,3031,725,3756,-0.025029,-0.00924152,-0.999644,0
2579,0,0,0,0,401,98,3078,805,3883,-0.039554,-0.0711092,-0.996684,0
2552,0,0,0,0,397,106,3055,811,3866,-0.047211,-0.0302839,-0.998426,0
2731,0,0,0,0,423,98,3252,801,4053,-0.0532045,-0.0668822,-0.996341,0
2844,0,0,0,0,410,95,3349,773,4122,-0.033824,0.00101651,-0.999427,0
2616,0,0,0,0,416,96,3128,716,3844,-0.046723,-0.042072,-0.998021,0
2689,0,0,0,0,397,106,3192,678,3870,-0.0495519,-0.0836865,-0.995259,0
2652,0,0,0,0,392,94,3138,863,4001,-0.0242722,-0.031217,-0.999218,0
2909,0,0,0,0,376,93,3378,708,4086,-0.0169027,-0.0245447,-0.999556,0
2813,0,0,0,0,466,95,3374,629,4003,-0.0246444,-0.0471962,-0.998582,0
2654,0,0,0,0,445,99,3198,609,3807,-0.0317936,-0.0799159,-0.996294,0
2735,0,0,0,0,400,94,3229,613,3842,-0.0416966,-0.110521,-0.992999,0
2748,0,0,0,0,401,95,3244,586,3830,-0.0390554,-0.131197,-0.990587,0
3452,0,0,0,0,490,104,4046,628,4674,-0.0191092,-0.0427967,-0.998901,0
2605,0,0,0,0,391,108,3104,658,3762,-0.0219835,-0.048958,-0.998559,0
2618,0,0,0,0,433,100,3151,565,3716,-0.0229334,-0.0695542,-0.997315,0
2642,0,0,0,0,417,100,3159,533,3692,-0.0267646,-0.0913635,-0.995458,0
2617,0,0,0,0,410,96,3123,530,3653,-0.0273107,-0.118734,-0.99255,0
2610,0,0,0,0,411,100,3121,521,3642,-0.0234211,-0.130856,-0.991125,0
2674,0,0,0,0,447,101,3222,460,3682,-0.0228158,-0.116847,-0.992888,0
2647,0,0,0,0,385,88,3120,281,3401,-0.0253964,-0.0772714,-0.996687,0
2583,0,0,0,0,357,83,3023,252,3275,-0.0315803,-0.039441,-0.998723,0
2605,0,0,0,0,432,88,3125,273,3398,-0.0302313,-0.0166744,-0.999404,0
2437,0,0,0,0,519,101,3057,315,3372,-0.0358306,-0.0191762,-0.999174,0
2638,0,0,0,0,411,102,3151,365,3516,-0.0360738,-0.0118179,-0.999279,0
2484,0,0,0,0,431,93,3008,354,3362,-0.0273655,-0.0493306,-0.998408,0
2453,0,0,0,0,384,90,2927,351,3278,-0.0138115,-0.0881476,-0.996012,0
2419,0,0,0,0,398,92,2909,361,3270,-0.00563132,-0.119468,-0.992822,0
2589,0,0,0,0,360,89,3038,359,3397,-0.0030134,-0.126188,-0.992002,0
2557,0,0,0,0,376,89,3022,394,3416,-0.00204764,-0.120733,-0.992683,0
2554,0,0,0,0,403,94,3051,373,3424,-0.00597039,-0.119666,-0.992796,0
2510,0,0,0,0,408,96,3014,347,3361,-0.00251245,-0.120546,-0.992705,0
2589,0,0,0,0,470,105,3164,350,3514,-0.00412014,-0.120211,-0.99274,0
2441,0,0,0,0,455,97,2993,362,3355,-0.000750253,-0.123286,-0.992371,0
2531,0,0,0,0,435,118,3084,371,3455,-0.0268784,-0.0480699,-0.998482,0
2734,0,0,0,0,414,99,3247,335,3582,-0.0236594,-0.0496114,-0.998488,0
2499,0,0,0,0,400,100,2999,363,3362,-0.0291111,-0.0467011,-0.998485,0
2599,0,0,0,0,404,95,3098,364,3462,-0.0218989,-0.051648,-0.998425,0
2514,0,0,0,0,411,95,3020,377,3397,-0.0239094,-0.0487172,-0.998526,0
2526,0,0,0,0,457,113,3096,358,3454,-0.0232213,-0.0495326,-0.998502,0
2513,0,0,0,0,403,95,3011,378,3389,-0.0227065,-0.0497361,-0.998504,0
2507,0,0,0,0,405,101,3013,361,3374,-0.0288375,-0.0467406,-0.998491,0
2556,0,0,0,0,404,105,3065,356,3421,-0.0235242,-0.0489491,-0.998524,0
2910,0,0,0,0,471,118,3499,422,3921,-0.0279039,-0.0496997,-0.998374,0
2469,0,0,0,0,400,96,2965,375,3340,-0.0239413,-0.0486648,-0.998528,0
2499,0,0,0,0,413,100,3012,353,3365,-0.0238859,-0.0486185,-0.998532,0
2554,0,0,0,0,420,97,3071,363,3434,-0.0243925,-0.048857,-0.998508,0
2609,0,0,0,0,412,99,3120,365,3485,-0.0224535,-0.0506411,-0.998464,0
2610,0,0,0,0,393,96,3099,337,3436,-0.0266871,-0.0487129,-0.998456,0
2560,0,0,0,0,405,100,3065,369,3434,-0.0227326,-0.052427,-0.998366,0
2681,0,0,0,0,406,106,3193,373,3566,-0.0233196,-0.049396,-0.998507,0
2562,0,0,0,0,405,100,3067,391,3458,-0.0266177,-0.0478996,-0.998497,0
2550,0,0,0,0,400,101,3051,350,3401,-0.0245749,-0.0485528,-0.998518,0
2571,0,0,0,0,406,99,3076,343,3419,-0.024597,-0.0487666,-0.998507,0
2474,0,0,0,0,443,101,3018,380,3398,-0.0249645,-0.0492403,-0.998475,0
2508,0,0,0,0,410,101,3019,367,3386,-0.0264696,-0.0492743,-0.998434,0
2532,0,0,0,0,417,110,3059,380,3439,-0.0243773,-0.048198,-0.99854,0
2608,0,0,0,0,475,115,3198,376,3574,-0.0257914,-0.0483069,-0.9985,0
2485,0,0,0,0,423,101,3009,357,3366,-0.0259627,-0.0496779,-0.998428,0
2557,0,0,0,0,401,97,3055,349,3404,-0.0308413,-0.0462327,-0.998454,0
2437,0,0,0,0,433,102,2972,360,3332,-0.025005,-0.049331,-0.99847,0
3476,0,0,0,0,533,107,4116,387,4503,-0.0249467,-0.048591,-0.998507,0
2533,0,0,0,0,403,99,3035,343,3378,-0.0244881,-0.0487836,-0.998509,0
2443,0,0,0,0,418,101,2962,345,3307,-0.024352,-0.0480544,-0.998548,0
2488,0,0,0,0,407,101,2996,350,3346,-0.0240375,-0.0481985,-0.998549,0
2497,0,0,0,0,417,101,3015,357,3372,-0.0232831,-0.0498247,-0.998487,0
2524,0,0,0,0,427,102,3053,343,3396,-0.0266355,-0.0478458,-0.9985,0
2534,0,0,0,0,407,102,3043,381,3424,-0.0299304,-0.0456949,-0.998507,0
2456,0,0,0,0,421,104,2981,363,3344,-0.026694,-0.0516169,-0.99831,0
2548,0,0,0,0,475,99,3122,353,3475,-0.0268988,-0.0478759,-0.998491,0
2425,0,0,0,0,406,100,2931,402,3333,-0.0300408,-0.0454769,-0.998514,0
3749,0,0,0,0,669,144,4562,447,5009,-0.0249028,-0.0481902,-0.998528,0
2452,0,0,0,0,477,99,3028,362,3390,-0.0264045,-0.05169,-0.998314,0
2786,0,0,0,0,465,105,3356,349,3705,-0.0257045,-0.0485862,-0.998488,0
2391,0,0,0,0,403,114,2908,387,3295,-0.0268241,-0.0498464,-0.998397,0
2437,0,0,0,0,409,99,2945,351,3296,-0.0227239,-0.0519336,-0.998392,0
2524,0,0,0,0,414,97,3035,353,3388,-0.0240452,-0.0502514,-0.998447,0
2475,0,0,0,0,449,107,3031,358,3389,-0.0241219,-0.0482012,-0.998546,0
2417,0,0,0,0,446,99,2962,385,3347,-0.0281041,-0.0458952,-0.998551,0
2591,0,0,0,0,477,107,3175,370,3545,-0.0284112,-0.0464193,-0.998518,0
2927,0,0,0,0,590,109,3626,358,3984,-0.0253236,-0.0480852,-0.998522,0
3048,0,0,0,0,502,126,3676,418,4094,-0.0253409,-0.0490592,-0.998474,0
