Downsample[ns],BuildFilTree[ns],SearchFil[ns],DeleteFil[ns],BuildTreeSub[ns],SearchSub[ns],DeleteSub[ns],PreProcTotal[ns],Plane[ns],Total[ns],nx,ny,nz,planeCount
6123,0,537,561,4181,82,267,11751,1636,13387,0.0326918,0.00893986,-0.999426,0
3558,0,249,324,2580,50,186,6947,1048,7995,0.0289875,0.00897024,-0.999539,0
5433,0,434,504,3744,59,308,10482,1568,12050,0.0393369,0.00279644,-0.999222,0
5141,0,446,493,3542,66,288,9976,1568,11544,0.032575,0.00892403,-0.99943,0
5413,0,326,523,3498,64,285,10109,1330,11439,0.0288303,0.00562511,-0.999568,0
5118,0,374,463,3504,82,285,9826,1586,11412,0.033356,0.00630276,-0.999424,0
5350,0,326,429,3452,62,287,9906,1650,11556,0.027298,0.00306136,-0.999623,0
5207,0,372,434,3575,49,271,9908,1623,11531,0.0291653,0.00647113,-0.999554,0
5595,0,361,434,3404,49,266,10109,1725,11834,0.0330807,0.00455515,-0.999442,0
5192,0,365,463,3560,77,253,9910,1562,11472,0.0272891,0.00337739,-0.999622,0
3558,0,222,296,2450,46,172,6744,1107,7851,0.0327705,0.00124211,-0.999462,0
6051,0,422,538,3873,55,273,11212,1660,12872,0.0349698,0.00664012,-0.999366,0
5174,0,380,467,3552,86,281,9940,1533,11473,0.038147,-7.24054e-05,-0.999272,0
6122,0,353,623,3780,78,262,11218,1631,12849,0.0313902,0.00279787,-0.999503,0
6093,0,356,570,3783,57,288,11147,1656,12803,0.0265062,0.00616844,-0.99963,0
3964,0,278,335,2599,42,200,7418,1182,8600,0.0351286,0.00155163,-0.999381,0
3961,0,235,341,2605,38,207,7387,1105,8492,0.0314701,0.000861067,-0.999504,0
3975,0,236,316,2612,53,181,7373,1116,8489,0.0294805,0.00714237,-0.99954,0
5338,0,315,417,3457,50,231,9808,1505,11313,0.0305412,0.000777185,-0.999533,0
5966,0,372,465,3657,90,325,10875,1518,12393,0.0246078,0.00358117,-0.999691,0
4909,0,265,330,2690,43,141,8378,879,9257,0.0346843,-0.00118031,-0.999398,0
1994,0,126,158,1263,27,88,3656,562,4218,0.0340743,0.000862097,-0.999419,0
2037,0,161,167,1336,25,95,3821,619,4440,0.0317119,0.00286329,-0.999493,0
6160,0,325,470,3632,67,243,10897,1537,12434,0.0329574,0.00843182,-0.999421,0
5533,0,317,434,3464,84,204,10036,1025,11061,0.0335463,0.00784493,-0.999407,0
3772,0,221,347,3007,44,170,7561,1041,8602,0.029036,0.00304687,-0.999574,0
7225,0,319,424,3532,92,241,11833,1743,13576,0.0298282,0.00254944,-0.999552,0
3237,0,166,220,1884,34,127,5668,806,6474,0.022838,0.00339636,-0.999733,0
1891,0,115,149,1243,24,86,3508,544,4052,0.0338221,0.000954406,-0.999427,0
4810,0,305,359,3167,64,209,8914,1350,10264,0.0279425,0.00431329,-0.9996,0
6493,0,311,402,3413,56,230,10905,1513,12418,0.0316667,0.00627582,-0.999479,0
5233,0,408,439,3513,64,230,9887,1629,11516,0.0284614,0.00363104,-0.999588,0
5589,0,371,449,3455,70,266,10200,1614,11814,0.0269094,0.00169346,-0.999637,0
3606,0,219,293,2430,33,159,6740,1080,7820,0.0309514,0.00494035,-0.999509,0
5400,0,315,478,3475,70,230,9968,1546,11514,0.0310511,0.0021897,-0.999516,0
5292,0,314,404,3430,72,229,9741,1570,11311,0.0305168,-0.00169905,-0.999533,0
5728,0,376,480,3259,44,183,10070,1056,11126,0.0284468,-0.00229537,-0.999592,0
5249,0,325,468,3484,89,281,9896,1551,11447,0.0369954,0.0012332,-0.999315,0
3682,0,285,231,1842,28,135,6203,820,7023,0.02579,0.00127043,-0.999667,0
2199,0,139,162,1250,24,92,3866,549,4415,0.0256066,-0.00555308,-0.999657,0
5587,0,311,401,3418,52,274,10043,1643,11686,0.0309612,0.00368744,-0.999513,0
3612,0,265,303,1953,26,140,6299,810,7109,0.0294224,0.000815361,-0.999567,0
6159,0,363,451,3417,66,245,10701,1086,11787,0.0316243,0.0014076,-0.999499,0
3618,0,253,308,2421,40,191,6831,1015,7846,0.0407836,-0.00194286,-0.999166,0
5246,0,434,615,3852,70,224,10441,1082,11523,0.0233934,-0.00081331,-0.999726,0
4706,0,277,357,2995,50,204,8589,1351,9940,0.0415225,-0.00402055,-0.99913,0
6273,0,343,398,3320,55,226,10615,1483,12098,0.0339781,-0.00241865,-0.999419,0
5307,0,311,413,3419,64,234,9748,1612,11360,0.0310431,0.000620698,-0.999518,0
5412,0,309,495,3453,50,231,9950,1505,11455,0.0292446,0.00224147,-0.99957,0
5331,0,373,471,3423,56,266,9920,1439,11359,0.0294147,0.000506277,-0.999567,0
3644,0,272,350,2509,41,188,7004,1069,8073,0.0222644,-0.000845712,-0.999752,0
5308,0,361,430,3606,71,260,10036,1632,11668,0.0298217,0.00061467,-0.999555,0
5332,0,350,440,2401,40,158,8721,1060,9781,0.025952,0.00163255,-0.999662,0
4324,0,351,333,2812,41,190,8051,1288,9339,0.028646,0.00104071,-0.999589,0
5394,0,311,433,3340,57,226,9761,1564,11325,0.0349175,0.000126775,-0.99939,0
5428,0,312,405,3428,81,264,9918,1344,11262,0.0333081,-0.00105033,-0.999444,0
4747,0,354,396,3194,45,242,8978,1378,10356,0.0209666,-0.00181832,-0.999778,0
5401,0,332,403,3437,50,230,9853,1533,11386,0.0255437,-0.000268137,-0.999674,0
6280,0,347,445,2632,41,178,9923,1117,11040,0.0300985,0.000716401,-0.999547,0
2762,0,211,243,1817,25,133,5191,805,5996,0.0255418,0.00108604,-0.999673,0
5503,0,415,441,3589,60,257,10265,1535,11800,0.0343406,-0.00129547,-0.999409,0
5274,0,307,392,3337,52,279,9641,1504,11145,0.0354977,-0.00120368,-0.999369,0
3794,0,217,278,2421,39,180,6929,1075,8004,0.033856,-0.000416026,-0.999427,0
4632,0,277,402,3059,50,205,8625,1373,9998,0.0377246,2.85965e-05,-0.999288,0
5435,0,311,412,3488,51,285,9982,1696,11678,0.0285376,-0.000123638,-0.999592,0
5190,0,310,397,3396,70,228,9591,1494,11085,0.0374169,-0.00310689,-0.999295,0
6529,0,317,449,3436,69,241,11041,1511,12552,0.0227075,-0.000478956,-0.999742,0
3966,0,315,374,2418,42,186,7301,1025,8326,0.0211251,0.000220048,-0.999777,0
5377,0,357,453,3463,56,268,9974,1546,11520,0.0300387,-0.000163789,-0.999549,0
5447,0,367,447,3487,53,266,10067,1548,11615,0.02874,-0.000406896,-0.999587,0
5248,0,409,442,3487,72,280,9938,1486,11424,0.036998,-0.000670052,-0.999315,0
5342,0,369,450,3473,51,268,9953,1688,11641,0.0281795,-0.00154953,-0.999602,0
5288,0,386,448,3440,48,268,9878,1551,11429,0.0290759,0.00103405,-0.999577,0
5336,0,359,403,3371,51,227,9747,1502,11249,0.0315719,0.000707037,-0.999501,0
3642,0,221,303,2398,34,184,6782,1043,7825,0.0233679,0.00101426,-0.999727,0
5548,0,367,427,3455,62,265,10124,1573,11697,0.0269958,-0.000509732,-0.999635,0
5284,0,377,478,3436,81,261,9917,1542,11459,0.0342924,-0.000887981,-0.999412,0
5286,0,314,403,3491,51,228,9773,1521,11294,0.029758,0.00128704,-0.999556,0
5382,0,325,408,3548,64,262,9989,1555,11544,0.0267551,1.69711e-05,-0.999642,0
5387,0,325,458,3441,59,228,9898,1235,11133,0.0234874,0.000242351,-0.999724,0
5045,0,283,397,3074,55,261,9115,1409,10524,0.0348846,-0.00117217,-0.999391,0
5356,0,485,580,3424,93,262,10200,1483,11683,0.0290443,0.00145893,-0.999577,0
5776,0,405,424,3579,49,237,10470,1522,11992,0.0353269,-0.00133023,-0.999375,0
5572,0,404,462,3608,49,282,10377,1551,11928,0.0293401,-0.000484962,-0.999569,0
5247,0,377,477,3029,41,187,9358,1080,10438,0.0289587,-0.00097376,-0.99958,0
3796,0,268,339,2466,41,189,7099,1079,8178,0.0237966,-0.00241151,-0.999714,0
5282,0,321,423,3386,64,248,9724,1479,11203,0.0254568,-0.00697419,-0.999652,0
5387,0,316,417,3403,70,238,9831,1553,11384,0.0367864,-0.0033973,-0.999317,0
4760,0,290,364,3366,55,220,9055,964,10019,0.0277458,-0.000823764,-0.999615,0
5299,0,199,264,2168,55,148,8133,1006,9139,0.0303396,-0.000930087,-0.999539,0
4718,0,308,409,3102,76,214,8827,1350,10177,0.0338802,-0.00244303,-0.999423,0
4963,0,303,389,3261,58,217,9191,1450,10641,0.0323287,-2.98006e-05,-0.999477,0
4949,0,276,462,3069,67,254,9077,1399,10476,0.0263489,-0.00323041,-0.999648,0
5262,0,281,402,3091,60,202,9298,1366,10664,0.038412,-0.00504702,-0.999249,0
5200,0,371,538,3362,84,256,9811,1536,11347,0.031183,0.000229828,-0.999514,0
5121,0,211,260,2202,52,148,7994,1072,9066,0.032045,-8.12024e-05,-0.999486,0
2167,0,194,190,1280,28,82,3941,530,4471,0.0270024,-0.00460731,-0.999625,0
5334,0,307,458,3461,48,225,9833,1692,11525,0.0330871,0.00367577,-0.999446,0
5038,0,272,367,3037,59,209,8982,1375,10357,0.0289999,9.00973e-05,-0.999579,0
5386,0,337,408,3349,74,222,9776,1429,11205,0.0294547,-0.00187104,-0.999564,0
5306,0,298,398,3350,67,227,9646,1512,11158,0.0340429,-0.00476165,-0.999409,0
5418,0,343,389,3136,66,237,9589,1573,11162,0.0379342,-0.00505932,-0.999267,0
4761,0,272,336,2858,56,193,8476,1128,9604,0.0267141,0.00153411,-0.999642,0
4845,0,250,337,2679,66,191,8368,1432,9800,0.0285377,-0.0012726,-0.999592,0
5443,0,297,391,2609,54,221,9015,1446,10461,0.033823,-0.00259353,-0.999424,0
5200,0,282,359,2863,48,188,8940,1475,10415,0.0295659,-0.00170122,-0.999562,0
5408,0,239,310,2577,48,174,8756,1349,10105,0.0273767,-0.00601204,-0.999607,0
4867,0,233,313,2594,45,177,8229,1421,9650,0.0305471,0.00547108,-0.999518,0
4909,0,228,311,2556,45,180,8229,1403,9632,0.0348118,0.00924478,-0.999351,0
4823,0,228,348,2534,46,169,8148,1350,9498,0.0215242,0.0128656,-0.999686,0
5393,0,281,351,2701,75,201,9002,1526,10528,0.0308636,0.0340293,-0.998944,0
5588,0,281,348,2812,64,186,9279,1367,10646,0.0330157,0.0542758,-0.99798,0
4839,0,270,311,2555,42,171,8188,1418,9606,0.0340419,0.0555684,-0.997875,0
5612,0,223,295,2630,69,191,9020,1542,10562,0.0269845,0.068282,-0.997301,0
5481,0,245,323,2785,79,184,9097,1486,10583,0.037898,0.0594164,-0.997514,0
5812,0,276,375,2710,66,179,9418,1182,10600,0.0288512,0.062699,-0.997616,0
3939,0,199,263,1926,40,152,6519,1131,7650,0.0249048,0.0723706,-0.997067,0
4944,0,253,321,2341,47,171,8077,1425,9502,0.0519983,0.0768125,-0.995689,0
5764,0,248,322,2547,55,189,9125,1586,10711,0.0491233,0.0896634,-0.99476,0
4912,0,220,279,2060,54,184,7709,1245,8954,0.0287491,0.122763,-0.992019,0
2741,0,115,151,1047,20,87,4161,779,4940,0.0327481,0.100989,-0.994348,0
5294,0,204,252,1837,40,168,7795,1820,9615,0.0432604,0.102327,-0.99381,0
5555,0,181,238,2166,44,165,8349,1577,9926,0.0232932,0.0994282,-0.994772,0
4914,0,196,242,1835,45,126,7358,1410,8768,0.00839419,0.116937,-0.993104,0
5280,0,199,271,2002,53,151,7956,1609,9565,0.00912938,0.127764,-0.991763,0
5071,0,193,280,2028,60,157,7789,1625,9414,0.0168553,0.108119,-0.993995,0
5220,0,193,321,1967,52,144,7897,1694,9591,0.0234658,0.141821,-0.989614,0
5262,0,181,304,2010,53,146,7956,1703,9659,0.0218317,0.123089,-0.992156,0
5062,0,230,314,1899,39,139,7683,1659,9342,0.0301451,0.125875,-0.991588,0
7733,0,168,281,1850,41,134,10207,1589,11796,0.0239728,0.142213,-0.989546,0
3237,0,121,184,1270,31,108,4951,1092,6043,0.0228388,0.127,-0.99164,0
4855,0,236,288,1757,49,145,7330,1507,8837,0.0237866,0.14384,-0.989315,0
4860,0,183,228,1658,65,131,7125,1092,8217,0.0185,0.132804,-0.99097,0
4612,0,146,217,1507,72,118,6672,1539,8211,0.0232776,0.13706,-0.990289,0
4700,0,144,222,1396,68,112,6642,1537,8179,0.0219664,0.129913,-0.991282,0
4083,0,103,150,1081,47,85,5549,1315,6864,0.0305666,0.126704,-0.99147,0
4206,0,97,185,1105,60,118,5771,1434,7205,0.0344546,0.132309,-0.990609,0
3963,0,91,144,934,50,88,5270,1385,6655,0.0387068,0.134863,-0.990108,0
4553,0,100,161,1050,51,86,6001,1517,7518,0.0380636,0.139588,-0.989478,0
4162,0,98,168,1141,46,119,5734,1964,7698,0.0444968,0.141101,-0.988995,0
4089,0,124,188,1205,37,111,5754,1397,7151,0.0400094,0.131956,-0.990448,0
4065,0,157,195,1284,52,113,5866,1361,7227,0.026771,0.127916,-0.991424,0
4553,0,202,252,1651,42,123,6823,1548,8371,0.00803088,0.153473,-0.98812,0
4161,0,201,253,1668,91,124,6498,1336,7834,-0.00422763,0.126253,-0.991989,0
5122,0,272,343,2415,47,180,8379,1505,9884,-0.00642429,0.1749,-0.984565,0
4804,0,281,345,2531,70,222,8253,1525,9778,0.00643291,0.208856,-0.977925,0
4543,0,286,359,2630,51,174,8043,1466,9509,0.0268766,0.229848,-0.972855,0
4507,0,262,337,2889,34,186,8215,1336,9551,0.0396805,0.193853,-0.980228,0
5007,0,307,402,3412,35,204,9367,1542,10909,0.0313821,0.190424,-0.981201,0
4647,0,327,427,3642,33,229,9305,1392,10697,0.0286083,0.233429,-0.971953,0
4797,0,383,471,4231,37,318,10237,1406,11643,0.0417443,0.209675,-0.97688,0
5386,0,480,595,4996,47,379,11883,1513,13396,0.0431744,0.14887,-0.987914,0
5352,0,498,614,5393,79,361,12297,1575,13872,0.033477,0.223521,-0.974124,0
5730,0,534,724,5652,51,399,13090,1675,14765,0.0272585,0.26744,-0.963189,0
4582,0,379,422,3533,31,205,9152,812,9964,0.0218728,0.217782,-0.975752,0
2552,0,229,267,2331,17,138,5534,622,6156,0.0265495,0.15576,-0.987438,0
3978,0,345,413,3539,33,259,8567,1150,9717,0.0247176,0.137593,-0.99018,0
6455,0,543,630,5470,74,374,13546,2126,15672,0.0241627,0.147661,-0.988743,0
6287,0,516,604,5133,73,360,12973,1654,14627,0.00284751,0.239206,-0.970965,0
3571,0,247,321,2308,32,156,6635,814,7449,0.000687036,0.194387,-0.980925,0
1943,0,149,176,1552,21,99,3940,566,4506,0.0351391,0.0753558,-0.996537,0
6278,0,478,599,4749,76,316,12496,1700,14196,0.0182909,0.10885,-0.99389,0
4034,0,294,335,2867,42,207,7779,1128,8907,0.0317616,0.0528242,-0.998099,0
6028,0,391,468,3965,62,288,11202,1571,12773,0.0151217,0.131103,-0.991253,0
5803,0,432,334,2631,50,169,9419,1118,10537,0.0118204,0.0957335,-0.995337,0
2584,0,167,189,1596,18,119,4673,715,5388,-0.00476625,0.0743002,-0.997225,0
1823,0,120,142,1188,18,86,3377,650,4027,-0.00817332,0.0223522,-0.999717,0
5789,0,517,430,3638,49,257,10680,1752,12432,0.0109029,0.0503354,-0.998673,0
5415,0,351,419,3451,40,246,9922,1568,11490,-0.0151677,0.0586169,-0.998165,0
6403,0,444,548,3605,53,259,11312,1664,12976,-0.00988432,0.0910956,-0.995793,0
4306,0,218,260,1840,24,119,6767,940,7707,-0.000100914,0.100259,-0.994961,0
1880,0,129,162,1229,20,94,3514,685,4199,-0.00266661,0.0348939,-0.999388,0
4535,0,314,383,2968,38,231,8469,1546,10015,-0.00572165,0.0380987,-0.999257,0
5491,0,272,406,3061,43,241,9514,1588,11102,-0.0141503,0.0385978,-0.999155,0
4749,0,266,352,2817,61,210,8455,1566,10021,-0.0212879,0.0425204,-0.998869,0
4722,0,267,344,2731,50,223,8337,1457,9794,-0.0253114,0.074107,-0.996929,0
4134,0,300,343,2395,47,175,7394,1336,8730,-0.0185103,0.0598638,-0.998035,0
4091,0,225,347,2420,45,175,7303,1321,8624,-0.00451433,0.0962126,-0.995351,0
4966,0,227,321,2632,65,196,8407,1353,9760,0.0018235,0.0797269,-0.996815,0
4476,0,250,416,2874,52,191,8259,1515,9774,0.000465171,0.114579,-0.993414,0
4554,0,264,449,3046,47,202,8562,1494,10056,-0.000282401,0.16969,-0.985497,0
4591,0,292,415,3202,45,219,8764,1497,10261,-0.02659,0.151917,-0.988035,0
4766,0,372,440,3451,59,263,9351,1620,10971,-0.0148435,0.210483,-0.977485,0
4685,0,461,507,3414,45,223,9335,1496,10831,-0.0132938,0.204608,-0.978754,0
5136,0,364,424,3369,53,178,9524,1023,10547,-0.0088413,0.188268,-0.982078,0
4848,0,301,377,3072,42,232,8872,1276,10148,-0.0107651,0.134885,-0.990803,0
4339,0,319,378,3146,32,231,8445,1227,9672,-0.0181524,0.0854842,-0.996174,0
4398,0,290,469,3185,41,224,8607,1230,9837,-0.0145343,0.112632,-0.993531,0
4174,0,294,376,3278,31,223,8376,1193,9569,-0.0187104,0.100241,-0.994787,0
4222,0,269,385,3211,52,227,8366,1247,9613,-0.00520802,0.134206,-0.99094,0
4855,0,377,452,3925,47,257,9913,1513,11426,-0.00569017,0.147196,-0.989091,0
5280,0,422,475,3938,36,258,10409,1511,11920,-0.0141634,0.135862,-0.990627,0
5029,0,339,526,4078,68,338,10378,1919,12297,-0.023988,0.135573,-0.990477,0
5176,0,404,468,4086,105,279,10518,1602,12120,-0.0962822,0.130518,-0.986759,0
3550,0,296,395,2723,38,169,7171,1515,8686,-0.0872329,0.122545,-0.988622,0
3675,0,266,327,2837,64,178,7347,1502,8849,-0.0827184,0.231983,-0.969196,0
5628,0,365,429,3896,89,248,10655,2350,13005,-0.0378645,0.130146,-0.990772,0
5022,0,333,473,3799,45,255,9927,1690,11617,-0.0533755,0.140155,-0.98869,0
5438,0,314,402,3623,40,239,10056,1517,11573,-0.0520838,0.142805,-0.988379,0
5169,0,295,378,3098,29,149,9118,1002,10120,-0.0294612,0.17753,-0.983674,0
2846,0,223,234,1629,21,109,5062,820,5882,-0.0408608,0.243947,-0.968928,0
5107,0,257,335,2784,58,193,8734,1465,10199,-0.0412047,0.257841,-0.965308,0
4945,0,258,344,2751,45,201,8544,1015,9559,-0.0607872,0.275309,-0.959432,0
4819,0,269,308,2408,42,175,8021,1395,9416,-0.0488748,0.283109,-0.957842,0
5101,0,269,396,2939,48,208,8961,1723,10684,-0.0923071,0.263038,-0.960359,0
5143,0,294,400,3328,51,228,9444,1754,11198,-0.0940479,0.283552,-0.954334,0
4754,0,273,364,3360,46,210,9007,1659,10666,-0.079834,0.123436,-0.989136,0
3248,0,195,268,2324,44,173,6252,1196,7448,-0.0613082,0.11834,-0.991079,0
5304,0,301,405,3457,50,239,9756,1705,11461,0.0152636,0.139558,-0.990096,0
6740,0,295,420,2334,31,152,9972,1061,11033,0.0190366,0.151615,-0.988256,0
2580,0,174,214,1609,31,118,4726,807,5533,0.0137016,0.115519,-0.993211,0
4500,0,236,331,2459,102,242,7870,1676,9546,-0.0363972,0.061787,-0.997426,0
4469,0,224,273,1990,36,171,7163,1368,8531,-0.0279788,0.0776862,-0.996585,0
5060,0,339,438,2661,52,191,8741,1517,10258,0.0212487,0.08694,-0.995987,0
2027,0,111,158,1075,31,79,3481,629,4110,0.0409188,0.14094,-0.989172,0
2027,0,116,147,1066,25,80,3461,656,4117,0.0386745,0.098519,-0.994384,0
2800,0,126,161,1351,24,93,4555,866,5421,0.0378958,0.103402,-0.993917,0
4823,0,192,253,2124,59,166,7617,1710,9327,0.0369618,0.10735,-0.993534,0
5164,0,218,303,2724,62,179,8650,2066,10716,0.0314314,0.13032,-0.990974,0
5359,0,188,258,1828,59,165,7857,1269,9126,0.023069,0.156056,-0.987479,0
3490,0,114,182,1198,41,96,5121,1177,6298,0.0132927,0.165188,-0.986173,0
5227,0,175,227,1501,38,141,7309,1946,9255,0.0124441,0.158421,-0.987293,0
5230,0,170,251,1383,39,134,7207,2286,9493,0.024273,0.118966,-0.992602,0
4821,0,128,238,1355,41,101,6684,1892,8576,0.0196788,0.157187,-0.987373,0
4777,0,126,215,1331,63,104,6616,1586,8202,0.0249035,0.152162,-0.988042,0
4807,0,123,215,1261,38,112,6556,1714,8270,0.0254567,0.141951,-0.989546,0
4773,0,121,224,1378,51,129,6676,1559,8235,0.0157532,0.168012,-0.985659,0
4624,0,174,229,1429,42,143,6641,1578,8219,0.0249727,0.173238,-0.984563,0
4855,0,214,250,1747,43,128,7237,1488,8725,0.0403776,0.156832,-0.9868,0
4845,0,199,278,2013,56,155,7546,1491,9037,0.0367512,0.179624,-0.983049,0
5256,0,207,279,2176,44,199,8161,1504,9665,0.035592,0.160136,-0.986453,0
5183,0,219,299,2560,52,172,8485,1495,9980,0.00238644,0.248007,-0.968755,0
4483,0,173,234,1762,27,101,6780,777,7557,-0.0106558,0.172133,-0.985016,0
2529,0,119,159,1368,25,93,4293,632,4925,-0.00124472,0.111657,-0.993746,0
5137,0,325,398,3476,47,224,9607,1553,11160,-0.0288369,0.127362,-0.991437,0
6134,0,385,470,3919,65,300,11273,1856,13129,-0.0235534,0.150868,-0.988273,0
6505,0,535,527,4729,64,359,12719,1615,14334,-0.00370832,0.122788,-0.992426,0
4162,0,375,431,3607,46,251,8872,1398,10270,0.0246938,0.105378,-0.994126,0
5076,0,428,500,4532,44,306,10886,1400,12286,0.0144269,0.125334,-0.992009,0
6201,0,524,635,5084,60,268,12772,1095,13867,0.00538719,0.126736,-0.991922,0
6279,0,519,641,4977,47,233,12696,1024,13720,-0.0167897,0.133351,-0.990927,0
4357,0,356,411,3497,44,238,8903,1029,9932,-0.0207708,0.134533,-0.990692,0
4176,0,347,431,3468,55,187,8664,812,9476,-0.0455165,0.117584,-0.992019,0
5070,0,365,438,3832,63,262,10030,1239,11269,-0.0371845,0.11524,-0.992642,0
5776,0,425,512,4265,55,318,11351,1567,12918,-0.0276846,0.0620852,-0.997687,0
5806,0,336,429,3930,64,247,10812,1503,12315,-0.0414188,0.102108,-0.993911,0
5404,0,309,389,3658,52,228,10040,1639,11679,-0.0341811,0.116225,-0.992635,0
3882,0,212,273,2408,49,157,6981,1032,8013,-0.0349731,0.100193,-0.994353,0
5524,0,314,399,3532,75,230,10074,1460,11534,-0.0264715,0.123094,-0.992042,0
5872,0,360,455,3923,46,272,10928,1359,12287,-0.0363203,0.0978199,-0.994541,0
5744,0,276,326,2848,30,203,9427,988,10415,-0.0290397,0.111476,-0.993343,0
5740,0,254,333,2821,36,190,9374,1106,10480,-0.0339629,0.0795021,-0.996256,0
2383,0,167,229,1687,34,117,4617,668,5285,-0.025308,0.0707512,-0.997173,0
5665,0,342,488,4793,47,251,11586,1798,13384,-0.00774694,0.181211,-0.983414,0
3693,0,226,313,1997,26,126,6381,860,7241,-0.0130148,0.148581,-0.988815,0
2215,0,148,180,1520,19,107,4189,678,4867,-0.0122673,0.117954,-0.992943,0
4998,0,373,420,3507,52,269,9619,1532,11151,-0.00055621,0.192279,-0.98134,0
4908,0,313,405,3560,46,233,9465,1467,10932,-0.00420191,0.23069,-0.973018,0
4888,0,315,484,3712,74,233,9706,1756,11462,-0.0105674,0.290977,-0.956672,0
5156,0,399,407,3727,40,284,10013,1721,11734,-0.012718,0.307386,-0.9515,0
4895,0,331,416,3903,47,245,9837,1626,11463,-0.0130649,0.335341,-0.942006,0
3971,0,283,334,2748,50,168,7554,1041,8595,-0.0169896,0.30951,-0.950744,0
5050,0,326,427,3897,41,239,9980,1596,11576,-0.0229355,0.381573,-0.924054,0
5080,0,324,448,3972,48,301,10173,1564,11737,-0.00908309,0.340746,-0.940112,0
5205,0,344,513,4067,59,281,10469,1500,11969,0.0143956,0.291386,-0.956497,0
3507,0,312,340,2716,33,198,7106,1084,8190,0.0118866,0.240128,-0.970668,0
5872,0,375,490,3805,35,179,10756,1049,11805,0.00643943,0.279626,-0.960087,0
5179,0,421,618,4059,58,257,10592,1600,12192,-0.0108637,0.386312,-0.922305,0
5461,0,311,379,2944,36,131,9262,785,10047,-0.0257026,0.308145,-0.950992,0
2304,0,136,175,1506,19,97,4237,627,4864,-0.0105131,0.244147,-0.969681,0
4270,0,210,273,2394,30,156,7333,1021,8354,-0.036077,0.26285,-0.964162,0
5283,0,294,364,3182,42,236,9401,1873,11274,-0.0429814,0.262802,-0.963892,0
5297,0,323,381,2433,31,157,8622,1033,9655,-0.0288166,0.228758,-0.973057,0
4935,0,316,350,2726,37,219,8583,1625,10208,-0.00882501,0.205982,-0.978516,0
4951,0,268,316,2419,41,178,8173,1549,9722,0.00783201,0.170458,-0.985334,0
4905,0,227,269,2128,34,168,7731,1606,9337,0.0322944,0.246873,-0.96851,0
3416,0,150,210,1325,21,78,5200,993,6193,0.0432709,0.197144,-0.979419,0
2170,0,116,129,952,20,79,3466,736,4202,0.0259974,0.164154,-0.986092,0
5518,0,183,273,2024,70,179,8247,1814,10061,0.0236851,0.172797,-0.984673,0
5245,0,175,235,1855,43,131,7684,1828,9512,0.0298766,0.195892,-0.98017,0
5754,0,190,261,1696,50,178,8129,1770,9899,0.0176446,0.221711,-0.974953,0
3348,0,129,160,1074,33,96,4840,1194,6034,0.016237,0.197793,-0.980109,0
4871,0,184,270,1619,49,118,7111,1615,8726,0.0167529,0.183765,-0.982828,0
4597,0,172,272,1228,30,80,6379,1100,7479,0.00890108,0.165431,-0.986181,0
3026,0,100,162,1183,32,114,4617,964,5581,0.011472,0.159881,-0.98707,0
5885,0,204,264,1886,46,140,8425,1535,9960,0.0195495,0.149522,-0.988565,0
4860,0,179,278,2024,39,178,7558,1499,9057,0.0273723,0.156042,-0.987371,0
6812,0,233,344,2082,34,114,9619,1059,10678,0.0304532,0.185816,-0.982112,0
2654,0,135,164,1324,23,103,4403,872,5275,0.0254224,0.14019,-0.989798,0
5196,0,260,358,2563,50,225,8652,1580,10232,0.017064,0.177554,-0.983963,0
5248,0,389,531,4138,56,282,10644,1577,12221,0.0191466,0.149136,-0.988631,0
3721,0,228,278,2146,63,158,6594,1106,7700,0.0268724,0.179333,-0.983421,0
5275,0,284,365,3249,39,219,9431,1545,10976,0.00635437,0.1403,-0.990089,0
5481,0,350,482,3560,57,285,10215,1515,11730,0.00897696,0.146159,-0.98922,0
5305,0,367,446,3686,52,266,10122,1583,11705,0.0166837,0.110035,-0.993788,0
5342,0,382,466,3886,43,276,10395,1513,11908,0.00895707,0.202711,-0.979198,0
5397,0,389,481,4240,60,298,10865,1531,12396,-0.0262366,0.211113,-0.97711,0
3287,0,220,278,2306,46,165,6302,644,6946,-0.0219987,0.138529,-0.990114,0
2278,0,168,203,1777,19,120,4565,572,5137,0.0282703,0.103748,-0.994202,0
5746,0,426,556,4500,85,316,11629,1528,13157,0.059351,0.117216,-0.991331,0
5492,0,459,480,4150,47,209,10837,991,11828,0.00559086,0.086777,-0.996212,0
3302,0,230,260,2056,44,151,6043,771,6814,-0.00513914,-0.00669254,-0.999964,0
5831,0,329,427,3830,70,281,10768,1529,12297,-0.0216313,0.0367358,-0.999091,0
5833,0,368,430,3564,66,238,10499,1458,11957,-0.0206615,-0.00306425,-0.999782,0
5343,0,287,468,3275,45,249,9667,1492,11159,-0.019805,-0.0124603,-0.999727,0
3969,0,215,275,2225,45,150,6879,1033,7912,-0.0100309,-0.0173171,-0.9998,0
3688,0,196,288,2156,43,178,6549,1196,7745,-0.00888767,-0.0530931,-0.99855,0
5574,0,291,391,3298,54,215,9823,1607,11430,-0.0191367,-0.0346402,-0.999217,0
4300,0,261,342,2368,43,167,7481,1127,8608,-0.0213752,-0.0600142,-0.997969,0
6159,0,361,492,3436,45,260,10753,1699,12452,-0.0303514,0.0394823,-0.998759,0
3732,0,175,211,1831,23,123,6095,843,6938,-0.0253632,-0.0174029,-0.999527,0
1956,0,107,135,1205,22,77,3502,556,4058,-0.0236009,-0.0474778,-0.998593,0
4979,0,277,362,3059,42,200,8919,1423,10342,-0.0164942,0.00556235,-0.999849,0
5850,0,363,422,3524,48,266,10473,1754,12227,-0.019141,-0.025775,-0.999484,0
5376,0,365,423,3655,57,270,10146,1555,11701,-0.0204971,0.0103018,-0.999737,0
4321,0,249,287,2404,40,164,7465,1056,8521,-0.0132724,0.0274049,-0.999536,0
5157,0,320,415,3572,60,282,9806,1637,11443,-0.016706,0.0369368,-0.999178,0
5159,0,341,468,3638,43,263,9912,1552,11464,-0.0124345,0.160267,-0.986995,0
5034,0,372,484,3292,37,196,9415,1212,10627,-0.011526,0.14469,-0.98941,0
2087,0,142,184,1633,26,113,4185,612,4797,-0.0133463,0.0770998,-0.996934,0
2736,0,185,241,2083,34,141,5420,959,6379,-0.0135144,0.100508,-0.994845,0
4942,0,371,472,3817,59,281,9942,1706,11648,-0.00790764,0.151642,-0.988404,0
4920,0,426,483,3735,52,247,9863,1686,11549,0.00197719,0.29819,-0.954504,0
6982,0,480,456,3776,73,199,11966,1165,13131,0.00217311,0.282697,-0.959207,0
2627,0,216,212,1506,26,119,4706,682,5388,0.0059901,0.216007,-0.976373,0
1762,0,111,147,1247,24,84,3375,609,3984,0.00160496,0.186585,-0.982438,0
4982,0,309,411,3552,63,246,9563,1661,11224,0.00295592,0.178218,-0.983987,0
4900,0,352,448,3381,42,278,9401,1591,10992,0.0258781,0.169838,-0.985132,0
4966,0,348,414,3441,50,181,9400,1048,10448,0.0366081,0.193161,-0.980484,0
3155,0,194,265,2288,59,145,6106,959,7065,0.0343121,0.223388,-0.974126,0
5888,0,365,434,3668,72,267,10694,1564,12258,0.0503723,0.243254,-0.968654,0
5271,0,395,424,2799,44,155,9088,1105,10193,0.0588975,0.185799,-0.980821,0
2743,0,156,227,1803,27,144,5100,802,5902,0.0387592,0.144926,-0.988683,0
5067,0,262,373,3051,58,216,9027,1597,10624,0.0194951,0.141488,-0.989748,0
4639,0,306,404,2890,51,241,8531,1325,9856,0.00525744,0.127074,-0.991879,0
4596,0,266,442,3375,103,311,9093,1657,10750,0.0042895,0.143293,-0.989671,0
5283,0,360,456,3384,77,237,9797,1522,11319,0.0239513,0.128638,-0.991402,0
5235,0,419,405,3411,63,240,9773,1494,11267,0.0479274,0.136689,-0.989454,0
5246,0,369,451,3494,48,277,9885,1509,11394,0.0514723,0.118077,-0.99167,0
4701,0,286,415,3181,38,169,8790,1015,9805,0.0413701,0.0986785,-0.994259,0
5164,0,314,475,2982,38,185,9158,1045,10203,0.0373384,0.0968687,-0.994597,0
4783,0,283,372,2863,36,146,8483,962,9445,0.0382492,0.0987201,-0.99438,0
3344,0,215,256,2242,71,187,6315,1114,7429,0.0414193,0.086573,-0.995384,0
5080,0,370,454,3553,49,269,9775,1514,11289,0.0475788,0.084151,-0.995316,0
5091,0,372,450,3486,63,269,9731,1551,11282,0.0610059,-0.00560214,-0.998122,0
5021,0,313,426,3423,56,230,9469,1480,10949,0.055989,0.00285506,-0.998427,0
5062,0,378,473,3495,55,272,9735,1574,11309,0.0467618,0.0827515,-0.995473,0
5784,0,362,474,3390,61,276,10347,1595,11942,0.0506617,0.0690032,-0.996329,0
5120,0,361,435,3358,75,268,9617,1584,11201,0.0584559,0.0915903,-0.99408,0
5187,0,401,439,3358,56,260,9701,1634,11335,0.049254,0.105614,-0.993187,0
5979,0,389,480,3228,84,158,10318,1038,11356,0.0469352,0.0963688,-0.994239,0
4635,0,273,362,2950,55,203,8478,1519,9997,0.051541,0.112431,-0.992322,0
5412,0,327,436,3118,78,243,9614,1550,11164,0.0621072,-0.00140838,-0.998069,0
5115,0,290,387,3745,68,274,9879,2052,11931,0.0475562,0.0622786,-0.996926,0
5133,0,322,377,3275,48,219,9374,1480,10854,0.0439632,0.0686481,-0.996672,0
5075,0,287,364,3090,71,227,9114,1585,10699,0.038887,0.0569459,-0.99762,0
5277,0,293,433,3238,69,299,9609,1663,11272,0.0296843,0.0396765,-0.998772,0
5307,0,455,592,3476,79,241,10150,1360,11510,0.0289369,0.0574792,-0.997928,0
4635,0,258,334,2767,51,188,8233,1515,9748,0.0400081,-0.0234584,-0.998924,0
4553,0,257,328,2860,66,193,8257,1399,9656,0.036132,0.064096,-0.997289,0
5127,0,341,415,3160,76,249,9368,1601,10969,0.0423023,0.102198,-0.993864,0
5148,0,289,376,3100,64,256,9233,1657,10890,0.0434226,0.109339,-0.993056,0
5132,0,330,401,3337,91,226,9517,1616,11133,0.055039,-0.00676241,-0.998461,0
3588,0,197,252,2170,39,149,6395,1072,7467,0.0427754,0.0799971,-0.995877,0
5161,0,287,397,3034,49,259,9187,1679,10866,0.0427628,0.0656767,-0.996924,0
5089,0,354,428,3114,60,262,9307,1540,10847,0.040201,0.0858717,-0.995495,0
5475,0,347,418,3288,54,235,9817,1587,11404,0.0431434,0.064266,-0.997,0
5139,0,292,418,3410,64,264,9587,1591,11178,0.0407263,0.0770884,-0.996192,0
5171,0,291,395,3109,68,215,9249,1567,10816,0.0501396,-0.0154493,-0.998623,0
5026,0,313,371,3246,59,250,9265,1095,10360,0.0392074,0.0692468,-0.996829,0
3589,0,243,309,2445,37,170,6793,982,7775,0.0370798,0.066343,-0.997108,0
5090,0,289,369,3271,72,215,9306,1669,10975,0.0376793,0.0911864,-0.995121,0
5180,0,290,371,3288,96,284,9509,1709,11218,0.0425896,0.058699,-0.997367,0
2263,0,123,158,1195,29,80,3848,611,4459,0.0459461,-0.00575562,-0.998927,0
1334,0,78,113,831,14,66,2436,417,2853,0.0377514,0.0776268,-0.996267,0
5137,0,332,434,3089,85,267,9344,1660,11004,0.0383416,0.0992038,-0.994328,0
3901,0,202,311,1931,37,113,6495,812,7307,0.0421189,0.0851434,-0.995478,0
2214,0,126,196,1324,26,90,3976,680,4656,0.0346412,0.0851691,-0.995764,0
5043,0,411,463,3337,44,266,9564,1533,11097,0.0384318,0.0763164,-0.996342,0
5129,0,369,421,3248,63,253,9483,1641,11124,0.0423368,0.0969923,-0.994384,0
5509,0,335,424,3138,52,231,9689,1576,11265,0.0413914,0.0824291,-0.995737,0
5036,0,312,441,3222,64,222,9297,1507,10804,0.0361661,0.0649565,-0.997233,0
5121,0,343,415,3368,71,269,9587,1589,11176,0.0313867,0.074421,-0.996733,0
5091,0,339,393,3126,58,233,9240,1568,10808,0.0372272,0.0730265,-0.996635,0
5047,0,286,459,3181,69,237,9279,1618,10897,0.0359702,0.0974092,-0.994594,0
5163,0,288,452,3203,62,222,9390,1572,10962,0.0436221,0.0857459,-0.995362,0
5206,0,302,428,3169,56,223,9384,1595,10979,0.0398267,0.0784154,-0.996125,0
5034,0,314,423,3220,53,272,9316,1565,10881,0.0417555,0.078555,-0.996035,0
5713,0,298,433,3328,69,216,10057,1424,11481,0.0416164,0.0911805,-0.994964,0
3499,0,207,321,2289,39,156,6511,1072,7583,0.0406377,0.0988246,-0.994275,0
5623,0,293,373,3211,47,216,9763,1644,11407,0.0375517,0.094114,-0.994853,0
5140,0,325,415,3314,56,251,9501,1638,11139,0.040085,0.0603764,-0.997371,0
3566,0,227,285,2310,38,169,6595,1138,7733,0.0389024,0.0761538,-0.996337,0
5157,0,324,417,3142,66,211,9317,1584,10901,0.0437479,0.0792231,-0.995897,0
5239,0,285,369,3163,57,212,9325,1617,10942,0.0413953,0.093191,-0.994787,0
5095,0,336,395,3247,49,249,9371,1524,10895,0.0408988,0.077045,-0.996189,0
5233,0,334,412,3139,51,272,9441,1565,11006,0.0421318,0.088073,-0.995223,0
5085,0,291,382,3240,61,217,9276,1545,10821,0.0412032,0.0800641,-0.995938,0
5441,0,291,441,3344,59,253,9829,1544,11373,0.0359565,0.0784058,-0.996273,0
5057,0,385,416,3187,68,251,9364,1410,10774,0.0422331,0.0781076,-0.99605,0
4588,0,313,376,2867,55,227,8426,1526,9952,0.0416551,0.0910819,-0.994972,0
4514,0,329,370,2831,48,225,8317,1651,9968,0.0427613,0.0770847,-0.996107,0
4545,0,260,366,2863,68,193,8295,1124,9419,0.0369491,0.090412,-0.995219,0
5318,0,316,374,3279,58,216,9561,1530,11091,0.0434149,0.0789199,-0.995935,0
4881,0,184,233,1727,30,126,7181,947,8128,0.041284,0.0638764,-0.997104,0
5231,0,315,422,3120,41,147,9276,1088,10364,0.0367223,0.0902806,-0.995239,0
2659,0,176,219,1700,29,119,4902,798,5700,0.0416082,0.0822947,-0.995739,0
5169,0,318,408,3291,66,241,9493,1651,11144,0.0403267,0.0998675,-0.994183,0
5104,0,287,423,3124,63,260,9261,1729,10990,0.0428522,0.0758679,-0.996196,0
5036,0,289,427,3403,86,244,9485,1557,11042,0.0422136,0.0776502,-0.996087,0
3493,0,199,262,2212,55,145,6366,1139,7505,0.0399084,0.0813693,-0.995885,0
3885,0,200,280,2159,49,146,6719,1088,7807,0.0380118,0.0801341,-0.996059,0
6236,0,288,395,3180,60,215,10374,1609,11983,0.0442906,0.0801848,-0.995796,0
5009,0,330,398,3083,44,190,9054,1502,10556,0.040947,0.077897,-0.99612,0
5182,0,390,451,3285,63,254,9625,1630,11255,0.0445781,0.0804578,-0.995761,0
5092,0,364,431,3186,54,255,9382,1675,11057,0.0426166,0.101179,-0.993955,0
5348,0,359,424,3230,65,276,9702,1549,11251,0.0442046,0.0793886,-0.995863,0
4508,0,297,379,2898,65,214,8361,1476,9837,0.0483794,0.0847421,-0.995228,0
4476,0,261,432,2919,42,202,8332,1364,9696,0.0419942,0.0746036,-0.996329,0
3644,0,203,280,2015,38,139,6319,1083,7402,0.0421711,0.0727646,-0.996457,0
5051,0,316,458,3165,56,217,9263,1582,10845,0.0413441,0.074599,-0.996356,0
5217,0,326,416,3179,69,215,9422,1530,10952,0.0383811,0.0703548,-0.996784,0
5118,0,294,442,3313,59,224,9450,1606,11056,0.0384539,0.065363,-0.99712,0
5062,0,308,425,3303,62,231,9391,1500,10891,0.0463659,0.0888907,-0.994962,0
5056,0,315,441,3234,90,286,9422,1735,11157,0.0414739,0.0690729,-0.996749,0
3698,0,204,256,2158,45,150,6511,1036,7547,0.0401434,0.0676855,-0.996899,0
5063,0,286,378,3165,54,217,9163,1518,10681,0.0403151,0.0756182,-0.996322,0
5131,0,341,400,3196,47,244,9359,1556,10915,0.0442468,0.0897163,-0.994984,0
5283,0,371,446,3416,53,247,9816,1371,11187,0.0448636,0.0771757,-0.996008,0
3514,0,231,306,2197,41,195,6484,1124,7608,0.038877,0.089787,-0.995202,0
4514,0,259,410,2887,53,228,8351,1335,9686,0.0389565,0.073037,-0.996568,0
5251,0,381,485,3241,70,247,9675,1514,11189,0.0443378,0.0835266,-0.995519,0
4797,0,265,302,2254,43,167,7828,922,8750,0.043173,0.0789961,-0.99594,0
2651,0,153,229,1654,33,124,4844,960,5804,0.042252,0.0684753,-0.996757,0
5204,0,395,439,3274,70,244,9626,1510,11136,0.0409254,0.0809371,-0.995879,0
5247,0,314,374,3184,69,229,9417,1514,10931,0.0424846,0.0724728,-0.996465,0
4600,0,264,352,2917,61,209,8403,1425,9828,0.0399464,0.0979549,-0.994389,0
5160,0,288,386,3174,63,212,9283,1523,10806,0.0416503,0.0782361,-0.996065,0
5067,0,289,367,3269,66,229,9287,1509,10796,0.0422672,0.0926615,-0.9948,0
5067,0,292,389,3234,82,281,9345,1629,10974,0.0461977,0.0659437,-0.996754,0
5488,0,289,413,3285,50,224,9749,1382,11131,0.0396945,0.0769413,-0.996245,0
3495,0,199,254,2244,58,198,6448,1090,7538,0.042526,0.0875902,-0.995248,0
5096,0,289,421,3234,60,237,9337,1649,10986,0.0463514,0.0844305,-0.995351,0
5048,0,345,459,3331,76,239,9498,1707,11205,0.0423379,0.0511854,-0.997791,0
4688,0,287,378,2914,53,219,8539,1345,9884,0.0376512,0.0718833,-0.996702,0
4589,0,259,357,2773,46,196,8220,1467,9687,0.046932,-0.0163144,-0.998765,0
4803,0,261,343,2817,55,192,8471,1407,9878,0.0367294,0.0596777,-0.997542,0
4786,0,316,374,2928,54,223,8681,1547,10228,0.0408843,0.0745182,-0.996381,0
5103,0,298,435,3261,63,217,9377,1561,10938,0.0379034,0.0669048,-0.997039,0
4963,0,261,423,2837,47,192,8723,1415,10138,0.0462013,0.0780121,-0.995882,0
5043,0,204,299,2224,36,149,7955,1108,9063,0.043175,0.0918583,-0.994836,0
3535,0,236,287,2228,39,174,6499,1060,7559,0.0399364,0.0811271,-0.995903,0
5096,0,347,420,3240,85,264,9452,1481,10933,0.0384497,0.0652486,-0.997128,0
5424,0,291,447,3193,32,150,9537,1073,10610,0.0353737,0.073564,-0.996663,1
4594,0,260,343,2869,49,204,8319,1357,9676,0.0397286,0.0740294,-0.996464,1
5027,0,363,437,3218,81,239,9365,1744,11109,0.0419254,0.0662171,-0.996925,1
5044,0,379,417,3196,70,267,9373,1497,10870,0.0419261,0.0692326,-0.996719,1
5081,0,293,415,3110,73,222,9194,1476,10670,0.0415806,0.074217,-0.996375,1
5150,0,293,397,3153,90,225,9308,1483,10791,0.0339053,0.0897958,-0.995383,1
5238,0,296,389,3233,65,224,9445,1586,11031,0.0395589,0.0781289,-0.996158,1
5135,0,269,363,2902,81,191,8941,1372,10313,0.0415365,0.0750944,-0.996311,1
4468,0,265,391,2802,69,199,8194,1377,9571,0.0386813,0.0926985,-0.994942,1
4567,0,267,352,2779,73,200,8238,1402,9640,0.0384606,0.0909442,-0.995113,1
5025,0,291,429,3174,74,221,9214,1544,10758,0.0399711,0.0813931,-0.99588,1
5127,0,297,395,3175,62,228,9284,1476,10760,0.0379495,0.0947994,-0.994773,1
5199,0,289,373,3082,65,243,9251,1758,11009,0.0356048,0.0961917,-0.994726,1
5498,0,287,393,3196,66,232,9672,1599,11271,0.0426557,0.0820358,-0.995716,1
5256,0,288,411,3178,73,246,9452,1175,10627,0.0388649,0.0638564,-0.997202,1
3527,0,200,297,2233,63,154,6474,1067,7541,0.0398716,0.0665077,-0.996989,1
4507,0,267,404,2809,76,242,8305,1424,9729,0.0383625,0.0677094,-0.996968,1
5105,0,288,470,3203,52,217,9335,1760,11095,0.0403659,0.0774319,-0.99618,1
5029,0,288,457,3200,54,242,9270,1762,11032,0.0955621,0.00461917,-0.995413,1
4594,0,269,405,2832,55,191,8346,1364,9710,0.0385408,0.0846454,-0.995666,1
4596,0,346,395,2918,46,249,8550,1383,9933,0.0401881,0.0663617,-0.996986,1
5504,0,292,437,2939,63,257,9492,1408,10900,0.0389506,0.0760022,-0.996347,1
4570,0,343,420,3002,63,229,8627,1398,10025,0.0372869,0.0836908,-0.995794,1
4930,0,288,399,2887,47,190,8741,1408,10149,0.0393689,0.0871688,-0.995415,1
4658,0,356,384,2927,53,221,8599,1468,10067,0.037011,0.079589,-0.996141,1
3356,0,188,252,2068,46,157,6067,989,7056,0.0377705,0.0603346,-0.997463,1
4136,0,249,380,2584,51,201,7601,1568,9169,0.0384516,0.0711343,-0.996725,1
5303,0,329,428,3185,50,166,9461,1069,10530,0.0381631,0.0719921,-0.996675,1
5387,0,307,406,2880,66,232,9278,1393,10671,0.0414014,0.0723507,-0.99652,1
4674,0,266,359,2909,66,219,8493,1194,9687,0.0358079,0.0627664,-0.997386,1
3793,0,216,286,2193,36,150,6674,967,7641,0.0382719,0.0734232,-0.996566,1
4577,0,261,354,2911,64,200,8367,1361,9728,0.0370646,0.0828393,-0.995874,1
5131,0,367,421,3116,55,242,9332,1709,11041,0.0375883,0.0720042,-0.996696,1
5049,0,368,423,3073,60,233,9206,1562,10768,0.0388408,0.0949766,-0.994721,1
5367,0,341,416,3208,62,255,9649,1503,11152,0.0388238,0.0722368,-0.996631,1
5197,0,293,378,3330,54,254,9506,1492,10998,0.0416914,0.0768318,-0.996172,1
4667,0,312,375,2866,59,220,8499,1434,9933,0.0382809,0.0642607,-0.997199,1
4659,0,315,379,2915,77,202,8547,1353,9900,0.0414145,0.0785538,-0.99605,1
4649,0,261,346,2908,87,213,8464,1583,10047,0.040873,0.075742,-0.996289,1
5511,0,287,388,2837,46,225,9294,1527,10821,0.0278925,0.0692991,-0.997206,1
4617,0,260,407,2940,68,191,8483,1482,9965,0.0266066,0.0934158,-0.995272,1
5089,0,286,367,3128,59,209,9138,1580,10718,0.0394696,0.0568854,-0.9976,1
4554,0,267,347,2880,72,199,8319,1676,9995,0.0402567,0.0632228,-0.997187,1
5046,0,260,350,2970,74,201,8901,1447,10348,0.0415865,0.0755901,-0.996271,1
4653,0,292,352,2855,63,199,8414,1344,9758,0.0363796,0.0671895,-0.997077,1
4567,0,289,352,2833,70,198,8309,1404,9713,0.035525,0.0855022,-0.995704,1
5635,0,263,357,2837,78,204,9374,1461,10835,0.0478044,-0.0193595,-0.998669,1
4876,0,283,353,2803,62,199,8576,1524,10100,0.0378319,0.0578981,-0.997606,1
5007,0,295,387,3045,71,199,9004,1595,10599,0.0360069,0.0893213,-0.995352,1
4816,0,256,341,2787,76,206,8482,1482,9964,0.0409379,-0.026779,-0.998803,1
5034,0,344,467,3224,57,266,9392,1520,10912,0.0366698,0.0830138,-0.995874,1
4571,0,305,380,2862,70,231,8419,1408,9827,0.0416298,0.0861704,-0.99541,1
5120,0,348,428,3281,44,203,9424,1388,10812,0.039622,0.080871,-0.995937,1
4608,0,275,351,2892,43,195,8364,1397,9761,0.0385651,0.0490954,-0.998049,1
5024,0,305,374,3183,66,233,9185,1596,10781,0.0415662,0.0811449,-0.995835,1
4600,0,319,382,3018,65,233,8617,1442,10059,0.0308219,0.0524314,-0.998149,1
5084,0,367,451,3358,90,267,9617,1662,11279,0.0368047,0.0676255,-0.997032,1
4767,0,320,395,2673,82,169,8406,1104,9510,0.0381829,0.0886953,-0.995327,1
3237,0,279,291,2067,44,165,6083,933,7016,0.039385,0.0829188,-0.995778,1
2428,0,150,206,1607,25,119,4535,707,5242,0.0432818,0.0846376,-0.995471,1
4710,0,319,388,3142,123,228,8910,1402,10312,0.0441846,0.0893053,-0.995024,1
4741,0,300,409,3198,68,228,8944,1443,10387,0.0401753,0.0649461,-0.99708,1
3266,0,241,278,2103,41,169,6098,978,7076,0.0346874,0.0660369,-0.997214,1
4840,0,346,380,3003,63,239,8871,1392,10263,0.0391935,0.0841965,-0.995678,1
5104,0,359,455,3238,59,253,9468,1387,10855,0.0385318,0.0907559,-0.995127,1
4594,0,281,406,3104,59,240,8684,1318,10002,0.0415835,0.073102,-0.996457,1
4630,0,340,403,3143,47,235,8798,1302,10100,0.0406789,0.0953595,-0.994611,1
2712,0,174,221,1766,34,129,5036,761,5797,0.0410498,0.120009,-0.991924,1
4657,0,332,394,3146,57,247,8833,1402,10235,0.0464815,0.129879,-0.99044,1
4713,0,330,409,3211,61,226,8950,1375,10325,0.0472127,0.128223,-0.990621,1
4748,0,363,414,3182,63,247,9017,1377,10394,0.0498421,0.131815,-0.99002,1
4789,0,296,428,3295,52,245,9105,1360,10465,0.0544963,0.180585,-0.982048,1
4796,0,352,411,3492,47,235,9333,1395,10728,0.063994,0.175749,-0.982353,1
5288,0,398,517,3925,44,250,10422,1626,12048,0.0657708,0.0938474,-0.993412,1
5378,0,377,471,3908,49,250,10433,1069,11502,0.0543375,0.103638,-0.99313,1
3763,0,254,349,2627,26,185,7204,1066,8270,0.0383165,0.0318271,-0.998759,1
4848,0,294,444,3340,39,219,9184,1390,10574,0.0371553,0.00889432,-0.99927,1
4717,0,341,412,3461,37,249,9217,1544,10761,0.0422488,0.00121762,-0.999106,1
4714,0,302,432,3568,40,216,9272,1450,10722,0.0529763,-0.0143309,-0.998493,1
4831,0,323,405,3430,49,237,9275,1537,10812,0.0481471,-0.0172192,-0.998692,1
4629,0,291,480,3337,42,227,9006,1320,10326,0.0391829,-0.017873,-0.999072,1
5615,0,316,481,3749,62,243,10466,1608,12074,0.0278825,0.0068599,-0.999588,1
5303,0,359,454,3610,58,262,10046,1346,11392,0.0226992,0.0368319,-0.999064,1
5533,0,307,412,3569,95,222,10138,1487,11625,0.031978,0.0572053,-0.99785,1
4512,0,256,352,2846,53,192,8211,1350,9561,0.0324591,0.0624343,-0.997521,1
4775,0,297,358,2804,38,210,8482,1372,9854,0.0397164,0.0507831,-0.99792,1
3766,0,187,244,1850,38,141,6226,989,7215,0.0444914,0.0708325,-0.996496,1
3661,0,184,230,1847,49,135,6106,1020,7126,0.0414185,0.0718997,-0.996552,1
4790,0,249,315,2360,43,185,7942,1351,9293,0.0441679,0.0786103,-0.995926,1
4743,0,232,297,2279,40,198,7789,1332,9121,0.0426042,0.0706718,-0.99659,1
5118,0,202,260,2206,44,177,8007,1519,9526,0.0410823,0.0883718,-0.99524,1
4888,0,281,329,2055,55,184,7792,1473,9265,0.0281588,0.0966975,-0.994916,1
4676,0,214,287,2183,60,176,7596,1329,8925,0.0295586,0.123186,-0.991943,1
5103,0,350,337,2455,47,153,8445,1799,10244,0.0260598,0.137989,-0.990091,1
5296,0,240,313,2755,59,238,8901,1731,10632,0.0255203,0.128114,-0.991431,1
4627,0,230,289,2479,44,179,7848,1430,9278,0.0266042,0.0753431,-0.996803,1
5176,0,263,343,2999,39,178,8998,1496,10494,0.0201374,0.0384644,-0.999057,1
5591,0,376,433,3074,36,203,9713,1528,11241,0.0367552,0.0428704,-0.998404,1
4658,0,273,410,3098,43,197,8679,1410,10089,0.0385078,0.0433739,-0.998317,1
5411,0,316,463,3609,49,246,10094,1583,11677,0.0427814,0.0186755,-0.99891,1
5313,0,359,460,3849,48,268,10297,1080,11377,0.0388905,0.013103,-0.999158,1
3761,0,320,301,2539,33,164,7118,1049,8167,0.0299328,0.00515326,-0.999539,1
6002,0,317,439,3563,45,218,10584,1342,11926,0.0219225,-0.00939556,-0.999716,1
4806,0,288,381,3326,44,233,9078,1517,10595,0.0421626,0.0357861,-0.99847,1
5390,0,331,445,3924,63,253,10406,1464,11870,0.0507565,0.111861,-0.992427,1
5126,0,344,450,3181,43,176,9320,1038,10358,0.0260539,0.111287,-0.993447,1
2780,0,196,250,2258,31,139,5654,785,6439,0.0164893,0.0946855,-0.995371,1
4814,0,346,509,4583,64,356,10672,1744,12416,0.0170159,0.105444,-0.99428,1
4727,0,333,416,3942,51,242,9711,1398,11109,0.0118985,0.0828848,-0.996488,1
3900,0,368,435,3902,41,260,8906,1245,10151,0.0160397,0.0827385,-0.996442,1
5687,0,419,619,4848,63,304,11940,1348,13288,0.0142355,0.0332544,-0.999345,1
4175,0,304,437,3487,68,241,8712,1099,9811,0.0138936,0.0193003,-0.999717,1
5981,0,427,569,5095,57,319,12448,1684,14132,0.0290438,0.0147548,-0.999469,1
6404,0,422,541,4001,67,210,11645,1327,12972,-0.0199619,-0.0676838,-0.997507,1
6323,0,649,880,5150,44,249,13295,1047,14342,-0.0403494,-0.0416156,-0.998319,1
3225,0,252,303,2459,34,215,6488,793,7281,-0.00972845,-0.0944982,-0.995478,1
5449,0,338,454,4089,80,265,10675,1285,11960,0.0101831,-0.100473,-0.994888,1
4911,0,329,440,3745,45,251,9721,1248,10969,0.00540217,-0.124885,-0.992157,1
4395,0,290,361,3251,35,222,8554,1169,9723,0.00668286,-0.148123,-0.988946,1
5519,0,350,474,4488,70,326,11227,1831,13058,-0.00560349,-0.141692,-0.989895,1
5325,0,383,489,4304,38,184,10723,986,11709,-0.0235995,-0.124704,-0.991913,1
5422,0,370,459,3534,56,296,10137,1475,11612,-0.0120965,-0.112673,-0.993559,1
5812,0,415,461,3810,56,300,10854,1491,12345,-0.0208034,-0.0954424,-0.995218,1
5174,0,314,448,3333,63,216,9548,1373,10921,-0.0269057,-0.088311,-0.99573,1
5656,0,373,495,3466,49,271,10310,1533,11843,-0.0114166,-0.0767421,-0.996986,1
3899,0,267,312,2497,45,180,7200,1042,8242,-0.00418396,-0.0774719,-0.996986,1
5031,0,342,414,3311,42,257,9397,1351,10748,0.0015538,-0.069258,-0.997598,1
5126,0,306,447,3272,49,218,9418,1664,11082,0.00936753,-0.0467422,-0.998863,1
4931,0,337,381,3374,41,226,9290,1553,10843,0.00535737,-0.0415545,-0.999122,1
5101,0,316,391,3490,46,226,9570,1430,11000,-0.0142335,-0.023306,-0.999627,1
4556,0,341,372,3396,39,222,8926,1377,10303,-0.0310221,-0.0280362,-0.999125,1
4536,0,305,438,3535,49,224,9087,1354,10441,-0.0286452,-0.00632428,-0.99957,1
4591,0,338,485,3622,68,337,9441,1506,10947,-0.0143488,0.037163,-0.999206,1
4488,0,298,374,3559,41,222,8982,1381,10363,-0.00771484,0.0422511,-0.999077,1
4592,0,297,377,3381,35,215,8897,1645,10542,-0.0088803,0.0136571,-0.999868,1
5032,0,329,494,3958,38,293,10144,1632,11776,-0.0073231,0.0489169,-0.998776,1
5031,0,351,467,3557,44,272,9722,1730,11452,-0.0279382,0.197302,-0.979945,1
3718,0,259,312,2279,24,145,6737,907,7644,-0.0175891,0.137423,-0.990356,1
2184,0,171,188,1337,15,100,3995,636,4631,-0.0133115,0.075334,-0.99707,1
3460,0,232,333,2687,46,194,6952,1173,8125,-0.0131625,0.0868841,-0.996132,1
5150,0,379,479,3819,72,238,10137,1773,11910,-0.00380084,0.0951797,-0.995453,1
5216,0,355,467,4136,68,270,10512,1974,12486,0.0222567,0.0922244,-0.995489,1
4867,0,418,480,3847,58,266,9936,1644,11580,0.0181121,0.0664321,-0.997627,1
4823,0,328,466,3884,59,305,9865,1708,11573,0.00772829,0.0361315,-0.999317,1
3304,0,293,356,2853,31,207,7044,1144,8188,-0.00297445,0.00667956,-0.999973,1
4263,0,364,399,3477,59,251,8813,1466,10279,-0.0131676,-0.0100069,-0.999863,1
4685,0,455,485,3576,58,243,9502,1444,10946,-0.00447485,-0.0163336,-0.999856,1
4430,0,332,423,3609,76,262,9132,1502,10634,-0.00205219,-0.0206451,-0.999785,1
3622,0,244,321,2630,60,180,7057,1055,8112,-0.00281333,-0.0138437,-0.9999,1
4036,0,334,393,3233,56,229,8281,1212,9493,-0.00464251,-0.0110538,-0.999928,1
5139,0,391,463,3899,54,295,10241,1466,11707,-0.00779725,0.0180343,-0.999807,1
4677,0,419,485,3866,81,280,9808,1447,11255,-0.00446848,-0.00240788,-0.999987,1
5133,0,389,584,4161,49,251,10567,1659,12226,0.00195868,-0.00498106,-0.999986,1
4791,0,336,436,3716,63,242,9584,1619,11203,0.00413222,-0.0220848,-0.999747,1
5152,0,377,443,3811,62,278,10123,1344,11467,0.0106673,-0.0232815,-0.999672,1
5050,0,350,440,3995,60,304,10199,1303,11502,-0.00227782,-0.036053,-0.999347,1
3527,0,300,322,2852,39,183,7223,1037,8260,0.00249478,-0.0255503,-0.99967,1
5097,0,361,469,4257,47,292,10523,1587,12110,-0.020578,0.00780355,-0.999758,1
4920,0,366,479,4125,40,293,10223,1409,11632,-0.0194327,-0.00662132,-0.999789,1
4863,0,361,430,3742,40,238,9674,1342,11016,-0.0171034,0.0194207,-0.999665,1
4505,0,320,389,3286,40,236,8776,1365,10141,-0.00629271,0.0475394,-0.99885,1
5198,0,339,410,3220,50,246,9463,1556,11019,0.00110739,0.0627929,-0.998026,1
5381,0,317,395,3050,72,256,9471,1591,11062,-0.00324799,0.0924778,-0.995709,1
5005,0,262,312,2408,40,161,8188,1567,9755,-0.00663358,0.0613327,-0.998095,1
4742,0,244,307,2053,56,143,7545,1560,9105,0.00423559,0.0715843,-0.997426,1
5283,0,184,251,1947,44,142,7851,1567,9418,0.0132509,0.0707883,-0.997403,1
5015,0,145,195,1514,41,121,7031,1781,8812,0.0188585,0.0394523,-0.999044,1
4924,0,168,230,1803,55,102,7282,2017,9299,0.0358201,0.0248137,-0.99905,1
4215,0,117,198,1310,56,116,6012,1530,7542,0.066652,0.0282032,-0.997378,1
4348,0,165,189,1365,76,109,6252,1525,7777,0.061348,-0.00114263,-0.998116,1
4293,0,156,247,1581,47,111,6435,1479,7914,0.0725772,-0.13933,-0.987583,1
4623,0,196,282,1604,37,120,6862,1261,8123,0.0462899,-0.117009,-0.992052,1
2997,0,119,207,1364,29,91,4807,953,5760,0.0442054,-0.102607,-0.993739,1
4634,0,244,319,2559,53,179,7988,1543,9531,0.0416236,-0.0169553,-0.998989,1
4681,0,216,284,2451,31,155,7818,1384,9202,0.0146051,0.0107964,-0.999835,1
4740,0,238,326,2683,39,256,8282,1477,9759,0.0403699,-0.0188707,-0.999007,1
4800,0,261,338,3054,45,203,8701,1526,10227,0.0209397,0.00847289,-0.999745,1
4447,0,267,356,2958,43,190,8261,1364,9625,0.0344644,0.0248335,-0.999098,1
5072,0,289,454,3271,46,197,9329,1318,10647,-0.00345569,0.0166956,-0.999855,1
4936,0,304,541,3538,42,249,9610,1339,10949,-0.0156886,-0.01512,-0.999763,1
5344,0,408,444,3573,44,261,10074,1453,11527,-0.00590682,-0.0350965,-0.999367,1
4759,0,342,392,3459,43,252,9247,1384,10631,0.0505941,-0.0515789,-0.997387,1
5339,0,378,443,4013,72,281,10526,1489,12015,0.0269135,-0.0404953,-0.998817,1
4925,0,316,421,3574,62,254,9552,1361,10913,0.0383445,-0.0302305,-0.998807,1
5526,0,391,522,4364,46,282,11131,1538,12669,0.0223956,0.0752726,-0.996911,1
5738,0,399,538,4632,74,305,11686,1629,13315,0.006667,0.0863279,-0.996245,1
4013,0,216,278,2495,44,161,7207,753,7960,0.0313934,0.00497573,-0.999495,1
6746,0,521,631,4999,87,372,13356,1704,15060,-0.024395,0.0488529,-0.998508,1
5620,0,389,500,4257,49,289,11104,1440,12544,-0.0211591,0.00737168,-0.999749,1
3878,0,261,337,2929,40,199,7644,987,8631,-0.0259424,-0.0117546,-0.999594,1
5213,0,328,498,3874,74,286,10273,1363,11636,-0.0112106,-0.0704974,-0.997449,1
5332,0,351,454,3678,60,276,10151,1480,11631,-0.015972,-0.102801,-0.994574,1
4814,0,367,429,3306,73,222,9211,1224,10435,-0.0237853,-0.080545,-0.996467,1
4820,0,401,376,3145,49,234,9025,1283,10308,-0.0130499,-0.0994268,-0.994959,1
5768,0,475,489,3777,42,223,10774,1534,12308,-0.0118775,-0.086138,-0.996213,1
5222,0,342,427,2949,29,178,9147,1001,10148,-0.0146207,-0.0724373,-0.997266,1
3299,0,195,261,2171,39,166,6131,877,7008,-0.0184453,-0.0888692,-0.995873,1
4214,0,250,330,3153,38,217,8202,1174,9376,-0.00548177,-0.0223746,-0.999735,1
4098,0,291,362,2979,55,223,8008,1138,9146,-0.00417851,-0.0315828,-0.999492,1
5765,0,312,535,4075,60,311,11058,1518,12576,0.00139806,-0.0589335,-0.998261,1
5301,0,355,504,3828,69,252,10309,1356,11665,-0.00713316,-0.0440659,-0.999003,1
5212,0,310,416,3516,43,273,9770,1332,11102,-0.0300879,0.0579455,-0.997866,1
4821,0,345,449,3463,42,236,9356,1393,10749,-0.0458567,0.0471882,-0.997833,1
4730,0,340,410,2966,30,151,8627,954,9581,-0.0364477,-0.0207452,-0.99912,1
3041,0,227,245,2212,24,140,5889,952,6841,-0.0449295,-0.0106689,-0.998933,1
5042,0,342,402,3809,53,237,9885,1576,11461,-0.0479032,-0.0129327,-0.998768,1
4949,0,309,412,3653,69,232,9624,1505,11129,-0.0534192,0.0937987,-0.994157,1
5245,0,214,272,2438,49,157,8375,811,9186,-0.0477608,0.039263,-0.998087,1
3145,0,164,225,1506,21,111,5172,707,5879,-0.038327,0.000274424,-0.999265,1
1993,0,151,181,1474,24,106,3929,669,4598,-0.0369307,0.00524194,-0.999304,1
4873,0,320,403,3614,56,234,9500,1619,11119,-0.0224753,0.00710862,-0.999722,1
5115,0,327,429,3839,79,368,10157,1770,11927,-0.00108039,0.0206906,-0.999785,1
4968,0,330,412,3901,43,240,9894,1544,11438,-0.00812393,0.00787813,-0.999936,1
4675,0,299,406,3483,58,284,9205,1705,10910,-0.0108851,0.0239724,-0.999654,1
4538,0,298,379,3563,44,218,9040,1340,10380,-0.00886381,0.0277159,-0.999577,1
5784,0,366,423,3795,40,255,10663,1487,12150,-0.0110806,0.0405163,-0.999118,1
5045,0,323,420,3763,43,237,9831,1553,11384,-0.0289526,0.0327309,-0.999045,1
5010,0,338,403,3694,72,233,9750,1496,11246,-0.03676,0.00789708,-0.999293,1
4527,0,326,378,3222,72,240,8765,1409,10174,-0.0564193,-0.00210239,-0.998405,1
4645,0,321,509,3388,51,220,9134,1445,10579,-0.0476869,-0.00377139,-0.998855,1
3472,0,233,271,2274,29,170,6449,986,7435,-0.046821,-0.0133994,-0.998813,1
5051,0,371,414,3355,66,245,9502,1367,10869,-0.0411074,-0.00943217,-0.99911,1
4677,0,326,415,3491,56,273,9238,1377,10615,-0.0265865,0.00147548,-0.999646,1
4625,0,506,433,3975,72,284,9895,1243,11138,-0.0342481,0.00526371,-0.999399,1
3368,0,245,305,2466,46,173,6603,952,7555,-0.0223011,-0.0129773,-0.999667,1
5269,0,366,479,3993,71,273,10451,1570,12021,-0.0303158,-0.0163322,-0.999407,1
5671,0,367,484,3985,82,247,10836,1334,12170,-0.0361114,-0.0272816,-0.998975,1
5739,0,366,449,3872,58,266,10750,1382,12132,-0.031583,0.0376617,-0.998791,1
4773,0,351,439,3744,36,195,9538,962,10500,-0.036087,0.0564917,-0.997751,1
2794,0,190,237,2050,26,141,5438,728,6166,-0.0304713,0.0165103,-0.999399,1
4657,0,282,384,3225,43,218,8809,1323,10132,-0.0240561,0.0189171,-0.999531,1
4649,0,310,375,3249,37,195,8815,1394,10209,-0.0237864,-0.0151907,-0.999602,1
4783,0,274,332,2900,38,188,8515,1370,9885,-0.0109464,0.00951945,-0.999895,1
4773,0,249,352,2732,53,181,8340,1375,9715,-0.00127587,0.0191052,-0.999817,1
5375,0,246,371,2919,50,188,9149,1772,10921,0.0182966,0.0271648,-0.999464,1
5335,0,284,334,2490,64,176,8683,1535,10218,0.0111925,0.0296572,-0.999498,1
5208,0,221,345,2234,56,172,8236,1565,9801,-0.002958,0.043371,-0.999055,1
5143,0,185,258,1938,75,147,7746,1572,9318,-0.0136333,0.0432637,-0.99897,1
4926,0,147,240,1493,56,158,7020,1636,8656,0.00111185,0.0466802,-0.998909,1
4246,0,120,186,1140,33,91,5816,1413,7229,0.00485675,0.0372485,-0.999294,1
4707,0,131,242,1311,43,99,6533,1542,8075,0.0119544,0.0366096,-0.999258,1
4270,0,124,213,1389,45,129,6170,1307,7477,0.0287713,0.0112043,-0.999523,1
4749,0,167,274,1669,65,140,7064,1511,8575,-0.0100199,0.0486024,-0.998768,1
4784,0,259,258,2014,42,139,7496,1609,9105,-0.0130876,0.0371698,-0.999223,1
4704,0,305,314,2259,43,172,7797,1444,9241,-0.0411822,0.0313199,-0.998661,1
4614,0,238,354,2393,33,159,7791,1679,9470,-0.00937877,0.00909651,-0.999915,1
4954,0,227,339,2898,37,175,8630,1528,10158,-0.00338458,0.0200442,-0.999793,1
4652,0,252,402,2962,37,197,8502,1366,9868,-0.0131509,0.0295994,-0.999475,1
4548,0,344,417,3280,57,245,8891,1400,10291,0.00929103,0.017865,-0.999797,1
4581,0,349,441,3659,46,270,9346,1395,10741,-0.0131394,0.0496351,-0.998681,1
4898,0,361,520,4357,50,309,10495,1351,11846,-0.014605,0.0619927,-0.99797,1
6010,0,472,582,5056,57,301,12478,1369,13847,0.00561747,0.0374863,-0.999281,1
6363,0,505,610,5511,63,341,13393,1411,14804,0.0320265,0.0182505,-0.99932,1
4324,0,324,427,3669,34,281,9059,1079,10138,-0.00182616,-0.0237212,-0.999717,1
5647,0,408,521,4756,61,292,11685,1372,13057,-0.0142712,-0.0832638,-0.996425,1
5620,0,471,596,4788,57,320,11852,1484,13336,-0.00952991,-0.0760127,-0.997061,1
3838,0,297,362,3199,46,214,7956,1064,9020,-0.0284983,-0.102806,-0.994293,1
5633,0,394,518,4237,59,252,11093,1543,12636,-0.0247582,-0.0780774,-0.99664,1
5440,0,394,459,4056,40,195,10584,1000,11584,-0.0344011,-0.0672542,-0.997143,1
4011,0,280,341,2891,46,198,7767,1056,8823,-0.046219,-0.0780137,-0.99588,1
5469,0,380,455,4019,58,271,10652,1417,12069,-0.05536,-0.075804,-0.995585,1
5494,0,447,503,3963,52,284,10743,1400,12143,-0.055722,-0.0638911,-0.9964,1
5187,0,320,451,3911,77,259,10205,1392,11597,-0.0569577,-0.0559543,-0.996808,1
3630,0,289,329,2792,30,203,7273,1079,8352,-0.0455156,-0.09912,-0.994034,1
5935,0,345,434,3856,61,289,10920,1533,12453,-0.0327756,-0.0858531,-0.995769,1
5780,0,374,506,4094,66,278,11098,1669,12767,-0.015133,0.0810746,-0.996593,1
4448,0,260,343,1984,22,135,7192,835,8027,-0.0254038,0.0221404,-0.999432,1
1864,0,127,157,1315,16,93,3572,506,4078,-0.0348193,-0.028011,-0.999001,1
5639,0,372,487,3751,56,240,10545,1480,12025,-0.01813,0.0245238,-0.999535,1
5155,0,418,486,3361,44,227,9691,1479,11170,-0.0278732,0.0314095,-0.999118,1
4527,0,317,393,3264,45,230,8776,1355,10131,-0.0345418,0.0529172,-0.998001,1
5219,0,289,410,3116,57,215,9306,1473,10779,-0.0308262,0.0683058,-0.997188,1
4662,0,299,390,3073,44,224,8692,1326,10018,-0.0190575,0.0913096,-0.99564,1
4653,0,319,373,2976,75,207,8603,1377,9980,-0.00797609,0.0774927,-0.996961,1
4440,0,306,403,2973,76,191,8389,1349,9738,0.00314463,0.108987,-0.994038,1
4660,0,300,396,3378,55,220,9009,1740,10749,-0.0265151,0.0791488,-0.99651,1
4732,0,257,330,3150,55,214,8738,1929,10667,-0.0194417,0.0715116,-0.99725,1
4665,0,332,401,3185,46,238,8867,2060,10927,-0.0375027,0.0850991,-0.995667,1
4781,0,331,388,2994,98,251,8843,2213,11056,-0.0581331,0.103419,-0.992938,1
4760,0,316,375,3047,58,229,8785,2160,10945,-0.0361401,0.107119,-0.993589,1
4762,0,331,399,3169,86,252,8999,1502,10501,-0.00473094,0.0731664,-0.997309,1
4861,0,341,411,3316,42,261,9232,1545,10777,-0.0244278,0.0471677,-0.998589,1
4917,0,347,436,3319,43,259,9321,1500,10821,-0.0109962,0.0301327,-0.999485,1
4990,0,379,443,3333,38,218,9401,1495,10896,-0.0266089,0.0218218,-0.999408,1
4717,0,355,453,3195,106,227,9053,1469,10522,-0.0160622,0.0232144,-0.999601,1
4638,0,389,415,3233,46,252,8973,1364,10337,-0.00299468,0.0454534,-0.998962,1
4800,0,306,386,3519,52,262,9325,1362,10687,-0.0128359,0.0660033,-0.997737,1
4764,0,336,443,3832,53,324,9752,1633,11385,-0.0476731,0.0913591,-0.994676,1
4850,0,418,553,3783,58,270,9932,2137,12069,0.0328289,0.0258611,-0.999126,1
3265,0,339,427,3396,33,177,7637,1141,8778,-0.0256627,0.04704,-0.998563,1
4657,0,301,376,3336,77,231,8978,1557,10535,-0.0173593,0.0116128,-0.999782,1
5089,0,346,400,3285,67,260,9447,1634,11081,-0.00889552,-0.00310861,-0.999956,1
4888,0,265,340,2967,41,199,8700,1712,10412,-0.00498775,-0.0247744,-0.999681,1
4877,0,255,330,2880,83,232,8657,1729,10386,-0.0139784,-0.0569675,-0.998278,1
4946,0,249,329,2808,35,186,8553,1581,10134,-0.00544096,-0.0453624,-0.998956,1
4996,0,362,524,3413,69,197,9561,1472,11033,-0.0115776,-0.0425359,-0.999028,1
4718,0,215,304,2815,46,162,8260,1895,10155,-0.00311031,-0.0491524,-0.998787,1
4424,0,328,279,2448,39,162,7680,1406,9086,5.22651e-05,-0.0436017,-0.999049,1
4420,0,298,279,2408,36,179,7620,1798,9418,0.0115844,-0.0780866,-0.996879,1
4928,0,243,306,2416,37,190,8120,1507,9627,0.00381314,-0.0114275,-0.999928,1
4733,0,237,301,2549,54,198,8072,1588,9660,0.00581541,-0.00124136,-0.999982,1
4837,0,250,330,2372,38,154,7981,1830,9811,0.0190303,-0.0197534,-0.999624,1
4822,0,247,320,2293,40,180,7902,1914,9816,0.0100465,-0.0658042,-0.997782,1
5335,0,220,359,2568,43,287,8812,1796,10608,0.0131685,-7.08288e-05,-0.999913,1
5457,0,241,316,2139,31,107,8291,1549,9840,-0.00104973,-0.0104453,-0.999945,1
5952,0,191,286,2215,45,150,8839,1812,10651,-0.00784679,0.00890782,-0.99993,1
4931,0,170,240,1764,45,138,7288,1463,8751,-0.00250018,-0.00310504,-0.999992,1
5288,0,161,220,1762,49,156,7636,1411,9047,-0.00747436,-0.0228489,-0.999711,1
4733,0,145,193,1537,36,110,6754,1472,8226,-0.00999838,-0.0415873,-0.999085,1
4529,0,139,189,1523,35,114,6529,1443,7972,-0.00354486,-0.0555943,-0.998447,1
5116,0,151,206,1792,53,163,7481,1928,9409,0.000497685,-0.0427405,-0.999086,1
5029,0,152,205,1628,39,122,7175,1602,8777,0.00183789,-0.0698301,-0.997557,1
5364,0,150,205,1686,38,119,7562,1677,9239,0.00892201,-0.0493262,-0.998743,1
4818,0,148,198,1521,71,135,6891,1711,8602,0.00725039,-0.0984817,-0.995112,1
5093,0,155,188,1378,48,98,6960,2911,9871,0.00882318,-0.146935,-0.989107,1
4343,0,138,224,1366,47,109,6227,2655,8882,0.00151391,-0.146087,-0.989271,1
4395,0,138,225,1521,36,120,6435,2300,8735,0.00786361,-0.0694269,-0.997556,1
4207,0,200,272,1893,91,135,6798,1612,8410,0.00941752,-0.0484834,-0.99878,1
4331,0,209,291,2057,47,146,7081,1560,8641,0.00151757,-0.0204042,-0.999791,1
4265,0,287,379,2955,57,218,8161,1652,9813,-0.0223849,-0.0296411,-0.99931,1
2943,0,152,200,1563,37,114,5009,1006,6015,-0.02766,-0.037601,-0.99891,1
5134,0,238,327,2691,53,181,8624,1526,10150,-0.0214327,-0.0323933,-0.999246,1
4729,0,241,418,2733,33,178,8332,1556,9888,-0.0366571,-0.0184922,-0.999157,1
4765,0,283,409,2953,42,198,8650,1565,10215,-0.0200993,-0.0513546,-0.998478,1
4594,0,248,350,2715,44,204,8155,1466,9621,-0.0136314,-0.0489475,-0.998709,1
4785,0,275,357,3061,44,192,8714,1514,10228,0.0156197,-0.0188552,-0.9997,1
4809,0,311,499,4578,62,290,10549,1484,12033,0.0182606,-0.0205453,-0.999622,1
3355,0,224,285,2597,31,165,6657,1055,7712,0.00414812,0.00245685,-0.999989,1
5282,0,353,470,4294,52,260,10711,1384,12095,0.046544,-0.0658645,-0.996743,1
5780,0,414,530,4903,56,341,12024,1535,13559,0.0509429,-0.0662093,-0.996505,1
5206,0,517,521,4681,106,284,11315,1409,12724,0.0152652,-0.0757575,-0.997009,1
5619,0,444,518,4433,93,284,11391,1419,12810,-0.00805851,-0.0766382,-0.997026,1
5620,0,428,527,4567,84,209,11435,980,12415,-0.0503817,-0.0863402,-0.994991,1
3998,0,306,375,3371,33,214,8297,968,9265,-0.0576602,-0.10776,-0.992503,1
5613,0,472,592,4723,54,341,11795,1329,13124,-0.0390501,-0.0965986,-0.994557,1
5715,0,460,593,4633,35,217,11653,932,12585,-0.0227746,-0.0747933,-0.996939,1
4915,0,428,492,3985,51,280,10151,1234,11385,-0.0295145,-0.0818776,-0.996205,1
5183,0,387,466,3945,52,250,10283,1412,11695,-0.0459048,-0.0897756,-0.994904,1
5144,0,308,421,3665,42,223,9803,969,10772,-0.0520583,-0.0484389,-0.997469,1
3629,0,208,261,2539,35,167,6839,963,7802,-0.0654362,-0.0634308,-0.995839,1
5058,0,300,421,3216,75,249,9319,1359,10678,-0.0694592,-0.0448318,-0.996577,1
4941,0,318,356,3134,54,208,9011,1461,10472,-0.0671291,-0.0555839,-0.996195,1
4967,0,284,361,3267,56,210,9145,1577,10722,-0.0568996,-0.03457,-0.997782,1
5815,0,369,453,3493,47,268,10445,1764,12209,-0.050524,-0.00525131,-0.998709,1
6301,0,350,446,3182,36,160,10475,1086,11561,-0.0405929,-0.0117626,-0.999107,1
3381,0,267,259,2329,25,157,6418,1173,7591,-0.0490488,-0.019847,-0.998599,1
4731,0,292,374,3256,55,219,8927,1360,10287,-0.0377867,0.00772002,-0.999256,1
4740,0,278,374,3414,45,215,9066,1355,10421,-0.0506979,0.0809641,-0.995427,1
4563,0,280,378,3111,79,207,8618,1333,9951,-0.048014,0.0703018,-0.99637,1
4771,0,278,361,3014,56,222,8702,1319,10021,-0.0409212,0.0830863,-0.995702,1
4828,0,296,387,3282,64,218,9075,1542,10617,-0.0379186,0.096167,-0.994643,1
4318,0,296,365,2964,49,229,8221,1502,9723,-0.047671,0.0897856,-0.99482,1
4847,0,379,393,3085,43,248,8995,1525,10520,-0.0542742,0.0845444,-0.994941,1
4623,0,367,373,2971,75,240,8649,1526,10175,-0.0624853,0.0699443,-0.995592,1
4643,0,266,412,2726,73,188,8308,1516,9824,-0.0694687,0.0992506,-0.992635,1
4191,0,219,283,2490,61,172,7416,1379,8795,-0.0757655,0.108137,-0.991245,1
4602,0,325,336,2610,58,160,8091,1647,9738,-0.0759357,0.119698,-0.989902,1
4724,0,235,401,2665,35,185,8245,1551,9796,-0.101529,0.0521275,-0.993466,1
4761,0,245,314,2551,39,227,8137,1603,9740,-0.0797967,0.0770528,-0.993829,1
5012,0,348,376,2867,115,236,8954,2053,11007,-0.0142371,0.114563,-0.993314,1
4650,0,313,367,2892,51,235,8508,1643,10151,-0.0315396,0.0374606,-0.9988,1
5362,0,351,416,3535,66,201,9931,1484,11415,-0.0165681,0.0199469,-0.999664,1
4649,0,291,406,3278,49,224,8897,1416,10313,0.00651203,0.0167046,-0.999839,1
4741,0,298,374,3303,45,221,8982,3118,12100,-0.0259412,-0.00955758,-0.999618,1
5351,0,345,527,3927,57,232,10439,11173,21612,-0.0149449,0.030721,-0.999416,1
3393,0,244,273,2532,42,224,6708,5930,12638,-0.00117783,-0.0496568,-0.998766,1
2190,0,126,160,1440,26,91,4033,880,4913,-0.0167616,-0.032606,-0.999328,1
4840,0,253,386,2990,66,188,8723,1646,10369,-0.0234476,-0.00190397,-0.999723,1
5271,0,358,367,2930,41,192,9159,1571,10730,-0.0432921,0.00524854,-0.999049,1
5155,0,211,276,2442,36,184,8304,1597,9901,-0.0569087,0.01532,-0.998262,1
5267,0,275,328,2524,35,184,8613,1670,10283,-0.069791,-0.00374242,-0.997555,1
4766,0,235,286,2119,35,177,7618,1804,9422,-0.0595059,-0.0329848,-0.997683,1
5420,0,242,282,2131,39,184,8298,1828,10126,-0.0390529,-0.0320117,-0.998724,1
5538,0,179,252,2002,37,131,8139,2688,10827,-0.0307984,-0.0306847,-0.999054,1
6331,0,145,238,1601,54,132,8501,1419,9920,-0.0346489,-0.05176,-0.998058,1
3260,0,83,118,836,33,74,4404,1486,5890,-0.0476803,-0.104959,-0.993333,1
4994,0,121,181,1090,43,105,6534,1651,8185,-0.0479251,-0.0433474,-0.99791,1
4783,0,116,158,1057,49,93,6256,1661,7917,-0.0491825,-0.0350794,-0.998174,1
5224,0,111,159,1033,45,93,6665,1705,8370,-0.043362,-0.0291991,-0.998633,1
4446,0,113,154,1049,30,79,5871,1540,7411,-0.0452762,-0.027629,-0.998592,1
4141,0,129,161,1169,39,97,5736,1471,7207,-0.0353956,-0.0203653,-0.999166,1
4056,0,178,188,1328,47,137,5934,1364,7298,-0.0458865,-0.0238044,-0.998663,1
4726,0,184,238,1681,66,134,7029,1534,8563,-0.0548597,-0.0199719,-0.998294,1
4348,0,188,233,2038,139,179,7125,1648,8773,-0.0633782,-0.0266723,-0.997633,1
4252,0,202,259,1907,51,146,6817,1335,8152,-0.0647522,-0.0173537,-0.99775,1
4942,0,182,301,2246,114,172,7957,1582,9539,-0.0618076,-0.0115549,-0.998021,1
4599,0,209,281,2251,53,174,7567,1487,9054,-0.0562261,-0.0180215,-0.998256,1
4499,0,205,281,2227,118,188,7518,1751,9269,-0.0642094,-0.017679,-0.99778,1
4117,0,186,251,2045,73,143,6815,1422,8237,-0.0589349,-0.00177183,-0.99826,1
4435,0,221,341,2368,41,179,7585,1490,9075,-0.0605438,-0.0165489,-0.998028,1
4920,0,260,312,2396,47,191,8126,1364,9490,-0.047268,-0.0105535,-0.998827,1
4819,0,313,377,2952,62,203,8726,1455,10181,-0.0435471,-0.01763,-0.998896,1
5246,0,477,482,3605,50,221,10081,1580,11661,-0.0482054,-0.0349858,-0.998224,1
5442,0,406,486,4108,49,292,10783,1673,12456,-0.0417969,-0.0348274,-0.998519,1
3931,0,359,369,3630,81,250,8620,1111,9731,-0.0580934,-0.0276678,-0.997927,1
6047,0,540,630,5170,67,341,12795,1610,14405,-0.0527672,-0.0268109,-0.998247,1
6458,0,508,630,5059,81,360,13096,1164,14260,-0.0436287,-0.0547897,-0.997544,1
4362,0,310,393,4289,49,328,9731,1314,11045,-0.0436166,-0.0681,-0.996725,1
6096,0,432,553,4808,55,316,12260,1199,13459,-0.0412852,-0.0704229,-0.996663,1
3894,0,254,326,2785,37,190,7486,943,8429,-0.0642783,-0.0943649,-0.993461,1
3579,0,223,312,2594,33,176,6917,965,7882,-0.0636084,-0.138782,-0.988278,1
5847,0,349,474,3735,45,263,10713,1627,12340,-0.0832262,-0.119272,-0.989367,1
5020,0,238,278,2400,43,161,8140,845,8985,-0.0835591,-0.143049,-0.986182,1
4513,0,257,413,2936,44,188,8351,1226,9577,-0.0746884,-0.12104,-0.989834,1
5531,0,400,445,3576,70,276,10298,1623,11921,-0.0685132,-0.0626687,-0.99568,1
5596,0,407,464,3760,65,281,10573,1568,12141,-0.0681317,-0.088983,-0.9937,1
2917,0,172,257,1903,27,133,5409,982,6391,-0.0687999,-0.123035,-0.990015,1
5728,0,390,452,3739,50,260,10619,1628,12247,-0.0510985,-0.110739,-0.992535,1
3940,0,220,309,2570,32,207,7278,1132,8410,-0.052449,-0.115467,-0.991926,1
5548,0,382,461,3803,46,278,10518,1501,12019,-0.0539695,-0.103603,-0.993153,1
5547,0,333,449,3774,45,276,10424,1697,12121,-0.0418507,0.0644383,-0.997044,1
5509,0,343,486,3519,43,172,10072,1015,11087,-0.0572135,0.0648949,-0.996251,1
2708,0,145,170,1478,20,99,4620,640,5260,-0.0643266,-0.00523355,-0.997915,1
2306,0,139,186,1569,21,105,4326,754,5080,-0.070019,0.00438573,-0.997536,1
5060,0,276,418,3134,50,238,9176,1555,10731,-0.0750984,0.0191135,-0.996993,1
4755,0,261,383,2936,57,241,8633,1285,9918,-0.081972,0.0345966,-0.996034,1
4837,0,249,343,2827,43,183,8482,1660,10142,-0.0698789,0.0205332,-0.997344,1
4752,0,271,322,2945,62,198,8550,1521,10071,-0.0731482,0.0372925,-0.996624,1
4441,0,243,378,2618,81,225,7986,1527,9513,-0.0539686,0.0633812,-0.996529,1
4494,0,291,339,2579,76,181,7960,1501,9461,-0.0530819,0.0447409,-0.997588,1
4337,0,219,292,2305,178,201,7532,3026,10558,-0.0651917,0.0285424,-0.997465,1
4438,0,204,280,2188,123,162,7395,9221,16616,0.000311621,0.0679487,-0.997689,1
3014,0,135,182,1427,108,107,4973,10360,15333,0.171694,-0.47146,-0.865012,1
4511,0,187,253,1871,89,147,7058,18562,25620,0.249419,-0.195738,-0.948408,1
1916,0,72,98,689,44,56,2875,4153,7028,0.212951,-0.113168,-0.970487,1
1386,0,49,67,480,30,38,2050,1705,3755,0.0254073,0.0802497,-0.996451,1
1869,0,86,114,835,45,67,3016,3122,6138,0.0586691,0.0342225,-0.99769,1
5945,0,318,390,2566,73,190,9482,5913,15395,-0.00645319,0.075762,-0.997105,1
4735,0,350,441,3279,57,181,9043,6501,15544,0.0606417,0.0539815,-0.996699,1
2596,0,144,184,1596,34,152,4706,10161,14867,0.377448,0.446066,-0.811516,1
2156,0,128,162,1433,28,107,4014,14046,18060,0.412402,0.563925,-0.715481,1
1780,0,104,154,1203,15,85,3341,17836,21177,0.180542,0.466749,-0.865766,1
2710,0,135,182,1484,22,96,4629,3803,8432,-0.0645117,-0.0887339,-0.993964,1
4636,0,286,341,2721,42,213,8239,4464,12703,-0.0808427,-0.023793,-0.996443,1
5078,0,262,372,2761,41,219,8733,2077,10810,-0.0756181,-0.0022399,-0.997135,1
5786,0,225,379,2579,42,194,9205,1896,11101,-0.0524345,-0.0210306,-0.998403,1
5067,0,241,299,2310,44,159,8120,1479,9599,-0.0321403,-0.0353503,-0.998858,1
7900,0,231,262,2186,35,149,10763,1007,11770,-0.0206959,-0.0254021,-0.999463,1
2265,0,84,109,948,18,72,3496,801,4297,-0.0239237,-0.0384378,-0.998975,1
5538,0,191,251,2098,46,165,8289,1564,9853,-0.0274524,-0.0263973,-0.999275,1
5124,0,224,292,2129,49,181,7999,1620,9619,-0.0322762,-0.0692951,-0.997074,1
6236,0,194,306,2288,58,178,9260,1573,10833,-0.0103648,-0.0576028,-0.998286,1
6029,0,246,331,2235,55,176,9072,1465,10537,0.00470398,-0.0939963,-0.995561,1
3521,0,180,216,1483,46,121,5567,1038,6605,-0.000581774,-0.0968605,-0.995298,1
5159,0,239,329,1859,46,175,7807,1350,9157,-0.0199862,-0.0900126,-0.99574,1
4438,0,214,240,1727,36,154,6809,1487,8296,-0.0323797,-0.0695039,-0.997056,1
4190,0,145,233,1950,43,150,6711,1534,8245,-0.0390644,-0.042531,-0.998331,1
4840,0,139,194,1654,37,112,6976,1412,8388,-0.0514958,-0.00826003,-0.998639,1
4603,0,214,248,1856,64,174,7159,1740,8899,-0.0520866,-0.00675021,-0.99862,1
4552,0,198,274,2146,46,135,7351,2020,9371,-0.0404879,-0.0038962,-0.999173,1
4308,0,181,239,1481,80,128,6417,1513,7930,-0.0449211,0.0419936,-0.998108,1
4933,0,207,231,1744,50,149,7314,1802,9116,-0.026957,0.0327483,-0.9991,1
4355,0,180,187,1543,44,113,6422,1530,7952,-0.0108011,-0.0061198,-0.999923,1
4441,0,217,283,1841,40,156,6978,1521,8499,-0.0470995,0.117788,-0.991921,1
3278,0,160,205,1174,29,91,4937,807,5744,-0.0500075,0.0682341,-0.996415,1
1915,0,97,125,1070,21,73,3301,636,3937,-0.0385057,-0.0162315,-0.999127,1
4419,0,305,425,2923,64,269,8405,1647,10052,-0.0441256,0.0121621,-0.998952,1
5253,0,353,474,3819,99,267,10265,1529,11794,-0.0338475,-0.0483048,-0.998259,1
5343,0,374,468,4811,67,325,11388,1103,12491,-0.0334999,-0.0786927,-0.996336,1
3784,0,295,375,3505,36,247,8242,1063,9305,-0.042129,-0.0945835,-0.994625,1
6673,0,572,653,5452,56,351,13757,1383,15140,-0.0591113,-0.0661755,-0.996056,1
5629,0,507,639,5165,54,271,12265,990,13255,-0.0333584,-0.0960948,-0.994813,1
4212,0,376,442,4065,37,358,9490,997,10487,-0.0310452,-0.106011,-0.99388,1
5988,0,519,661,5276,47,360,12851,1386,14237,-0.0306102,-0.131266,-0.990875,1
5797,0,437,581,4803,35,257,11910,1013,12923,-0.0278363,-0.154787,-0.987556,1
3858,0,365,411,3430,38,260,8362,1099,9461,-0.0391253,-0.154067,-0.987285,1
4801,0,376,414,3836,48,243,9718,1213,10931,-0.047722,-0.125572,-0.990937,1
5765,0,383,569,4308,54,311,11390,1547,12937,-0.0430034,-0.109701,-0.993034,1
5285,0,391,433,3678,45,267,10099,1338,11437,-0.0433839,-0.0858971,-0.995359,1
6030,0,401,474,4014,49,299,11267,1498,12765,-0.0389076,-0.0789032,-0.996123,1
5211,0,402,462,3589,45,260,9969,1550,11519,-0.0340842,-0.0697855,-0.99698,1
5443,0,412,491,4225,76,255,10902,1456,12358,-0.0441069,-0.0760455,-0.996128,1
3982,0,273,337,2771,53,173,7589,1250,8839,-0.0370675,-0.0675539,-0.997027,1
5277,0,361,423,3649,67,256,10033,1634,11667,-0.055114,-0.0634972,-0.996459,1
5592,0,377,455,3870,44,250,10588,1833,12421,-0.0529385,0.0283496,-0.998195,1
4624,0,270,394,3173,91,201,8753,1338,10091,-0.062105,-0.0052674,-0.998056,1
4400,0,296,355,2838,42,267,8198,1334,9532,-0.0722258,0.00654435,-0.997367,1
4537,0,266,313,2746,66,203,8131,1463,9594,-0.0509711,0.0381743,-0.99797,1
4597,0,226,298,2462,52,226,7861,1575,9436,-0.0388701,0.0614805,-0.997351,1
4227,0,287,328,2343,58,203,7446,1499,8945,-0.0354313,0.0823266,-0.995975,1
4049,0,231,271,2186,39,179,6955,1665,8620,-0.0385657,0.0819596,-0.995889,1
3739,0,214,282,1983,45,178,6441,1395,7836,-0.0428347,0.0774195,-0.996078,1
3828,0,226,265,1934,42,167,6462,1439,7901,-0.0457603,0.168553,-0.98463,1
3823,0,170,254,1870,47,142,6306,1576,7882,-0.0401796,0.100037,-0.994172,1
4107,0,213,265,2045,44,180,6854,1703,8557,-0.0106602,0.0858384,-0.996252,1
4196,0,224,288,2283,61,192,7244,1503,8747,-0.0628993,0.0651862,-0.995889,1
4638,0,276,361,2816,48,181,8320,1620,9940,-0.0159557,0.0702522,-0.997402,1
5080,0,362,513,3445,67,230,9697,1824,11521,-0.0437517,0.0874145,-0.995211,1
5229,0,367,528,3664,36,252,10076,1994,12070,-0.0182184,0.068657,-0.997474,1
5496,0,470,499,4280,53,297,11095,1909,13004,-0.00849794,0.0416309,-0.999097,1
5519,0,414,585,4589,59,295,11461,1265,12726,0.00514653,0.0592464,-0.99823,1
3724,0,272,349,3139,39,213,7736,1775,9511,0.0115496,0.0180169,-0.999771,1
5362,0,368,495,4266,54,274,10819,2037,12856,0.0439567,-0.00869408,-0.998996,1
3257,0,183,241,2140,39,142,6002,876,6878,0.014449,-0.0821539,-0.996515,1
1840,0,119,157,1388,23,89,3616,549,4165,-0.0037468,-0.0997095,-0.99501,1
4736,0,291,385,3444,57,257,9170,1462,10632,-0.00659569,-0.108256,-0.994101,1
4671,0,286,402,3380,47,250,9036,1360,10396,-0.0210906,-0.0750349,-0.996958,1
5870,0,316,456,3615,37,226,10520,1515,12035,-0.037206,-0.0448373,-0.998301,1
5300,0,299,385,3409,33,200,9626,1543,11169,-0.0380702,-0.0688394,-0.996901,1
5843,0,288,485,3424,44,216,10300,1751,12051,-0.0406366,-0.069674,-0.996742,1
5285,0,304,354,3161,40,228,9372,1768,11140,-0.0304594,-0.042567,-0.998629,1
3867,0,243,267,2256,28,139,6800,1185,7985,-0.0215321,-0.0620533,-0.997841,1
4911,0,227,393,3005,71,207,8814,1668,10482,-0.0100111,-0.0510121,-0.998648,1
5142,0,205,369,2385,34,208,8343,1504,9847,-0.00750166,-0.0500879,-0.998717,1
4759,0,175,315,2019,47,134,7449,1397,8846,-0.00527873,-0.0397214,-0.999197,1
4846,0,203,249,1677,46,156,7177,1581,8758,-0.00497638,0.0668629,-0.99775,1
4647,0,129,175,1076,54,102,6183,1858,8041,-0.0122053,0.049377,-0.998706,1
3180,0,46,67,455,23,37,3808,752,4560,-0.0147071,-0.046595,-0.998805,1
2103,0,48,69,490,33,38,2781,770,3551,-0.017742,-0.0825664,-0.996428,1
4247,0,97,166,1103,96,98,5807,1625,7432,-0.0238919,-0.0474807,-0.998587,1
4141,0,146,150,1108,39,82,5666,1655,7321,-0.0176476,-0.0569569,-0.998221,1
4143,0,101,159,1052,48,89,5592,1569,7161,-0.0236127,-0.0274858,-0.999344,1
4143,0,132,211,1360,33,105,5984,1545,7529,-0.0361608,-0.0279171,-0.998956,1
4217,0,141,216,1321,36,140,6071,1574,7645,-0.0484711,-0.00230217,-0.998822,1
4418,0,177,228,1541,100,137,6601,1521,8122,-0.0466746,-0.0385223,-0.998167,1
3711,0,130,167,1127,33,96,5264,1088,6352,-0.0384523,-0.0333619,-0.998703,1
3861,0,145,242,1621,38,123,6030,1354,7384,-0.0224007,-0.0186055,-0.999576,1
4589,0,191,263,2325,86,152,7606,1581,9187,0.000790091,-0.0248051,-0.999692,1
3151,0,178,217,1474,24,92,5136,789,5925,-0.0105684,-0.0318393,-0.999437,1
2402,0,186,195,1606,21,120,4530,751,5281,-0.0182415,-0.0724884,-0.997203,1
4799,0,429,418,3898,46,279,9869,1422,11291,-0.0405825,-0.0605,-0.997343,1
3698,0,309,376,2710,31,178,7302,782,8084,-0.0517591,-0.0913269,-0.994475,1
3568,0,297,357,3176,52,233,7683,892,8575,-0.0514017,-0.0834975,-0.995181,1
5540,0,466,619,5760,66,340,12791,1339,14130,-0.0442985,-0.0429833,-0.998093,1
6490,0,524,662,5839,67,378,13960,1190,15150,-0.0539387,-0.0349335,-0.997933,1
5571,0,504,633,4173,32,237,11150,975,12125,-0.0424578,-0.0688766,-0.996722,1
3039,0,261,312,2704,30,186,6532,793,7325,-0.0425553,-0.0904678,-0.99499,1
5348,0,450,591,4669,70,322,11450,1356,12806,-0.0276788,-0.0798645,-0.996421,1
5440,0,393,500,4381,64,293,11071,1426,12497,-0.0282897,-0.122577,-0.992056,1
6120,0,387,497,4023,41,207,11275,972,12247,-0.0439903,-0.130942,-0.990414,1
2887,0,219,279,2351,26,153,5915,825,6740,-0.0415254,-0.120134,-0.991889,1
4376,0,312,393,3564,47,232,8924,1205,10129,-0.0590168,-0.128849,-0.989907,1
4337,0,317,386,3408,40,239,8727,1287,10014,-0.0657362,-0.143925,-0.987403,1
5072,0,381,478,3994,58,242,10225,1708,11933,-0.0626265,-0.133925,-0.989011,1
5006,0,346,457,3813,46,247,9915,1604,11519,-0.0602091,-0.111154,-0.991978,1
4964,0,354,462,3724,45,238,9787,1610,11397,-0.0566691,-0.122757,-0.990817,1
5709,0,366,469,3543,67,258,10412,1566,11978,-0.0375548,-0.0939574,-0.994868,1
3290,0,218,268,2529,29,149,6483,1182,7665,-0.0580899,-0.126764,-0.99023,1
5948,0,292,452,3261,43,240,10236,1439,11675,-0.0612479,-0.0473824,-0.996997,1
4457,0,271,357,2787,51,190,8113,1311,9424,-0.0697247,-0.034013,-0.996986,1
4510,0,363,395,2985,61,205,8519,1452,9971,-0.0771482,-0.0287766,-0.996604,1
4480,0,261,337,2466,54,173,7771,1532,9303,-0.0595549,-0.0155262,-0.998104,1
4202,0,206,339,2940,72,206,7965,1549,9514,-0.0427279,-0.0112431,-0.999024,1
3742,0,176,262,2308,67,155,6710,1343,8053,-0.0299645,0.0064161,-0.99953,1
3722,0,220,275,2053,57,150,6477,1339,7816,-0.0242628,0.0282936,-0.999305,1
4184,0,187,245,2398,87,192,7293,1568,8861,-0.0195999,0.0526561,-0.99842,1
4120,0,206,244,1954,49,141,6714,1654,8368,0.00236383,0.18042,-0.983587,1
4177,0,178,299,2058,66,148,6926,1696,8622,-0.0248329,0.132119,-0.990923,1
2924,0,121,219,1450,35,99,4848,906,5754,-0.0263507,0.0521757,-0.99829,1
2459,0,126,157,1201,53,97,4093,1064,5157,-0.00193633,0.0835895,-0.996498,1
4230,0,198,336,2269,71,151,7255,2280,9535,-0.0162207,0.072156,-0.997262,1
4663,0,224,420,2430,76,165,7978,2369,10347,-0.0176154,0.108607,-0.993929,1
4608,0,389,403,3072,53,244,8769,2928,11697,-0.0305222,0.0745634,-0.996749,1
4830,0,334,416,3118,78,240,9016,2665,11681,-0.0496273,0.0682983,-0.99643,1
5516,0,417,499,4051,50,302,10835,2281,13116,-0.0492715,0.0463732,-0.997708,1
5577,0,396,522,4536,84,300,11415,1915,13330,-0.014671,0.0595739,-0.998116,1
3864,0,276,399,3669,62,225,8495,1916,10411,-0.0222104,-0.00768639,-0.999724,1
3773,0,294,374,3077,41,228,7787,1702,9489,-0.0132588,0.040044,-0.99911,1
6098,0,342,434,3950,64,292,11180,1641,12821,-0.0239008,0.0815829,-0.99638,1
4523,0,255,286,2368,32,160,7624,1027,8651,-0.0227429,0.0361503,-0.999088,1
3807,0,188,233,1928,28,137,6321,1067,7388,-0.00723566,0.0144419,-0.99987,1
5417,0,216,272,2166,43,171,8285,1508,9793,0.00377208,0.0176564,-0.999837,1
4884,0,191,240,1733,42,133,7223,1947,9170,0.0162652,0.0123835,-0.999791,1
3181,0,124,159,1046,42,99,4651,1056,5707,0.0031248,-0.00984021,-0.999947,1
4498,0,190,231,1616,48,152,6735,1541,8276,-0.00280299,-0.0173521,-0.999846,1
4472,0,151,209,1884,66,145,6927,1570,8497,-0.0143278,-0.048884,-0.998702,1
5305,0,140,298,1595,63,123,7524,1487,9011,-0.0113856,-0.0449015,-0.998927,1
4485,0,153,238,1460,62,118,6516,1504,8020,-0.00562482,-0.0658952,-0.997811,1
5381,0,128,266,1519,91,136,7521,1494,9015,-0.00274861,-0.0651799,-0.99787,1
4277,0,206,202,1319,65,131,6200,1506,7706,-0.0037182,-0.0720466,-0.997394,1
4304,0,132,213,1265,100,99,6113,2295,8408,-0.00350808,-0.078928,-0.996874,1
4144,0,107,151,1210,77,99,5788,2877,8665,-0.0140271,-0.0675516,-0.997617,1
4150,0,116,192,1145,103,104,5810,3505,9315,-0.00852954,-0.0988683,-0.995064,1
4223,0,89,153,950,65,81,5561,5882,11443,0.00471329,-0.122912,-0.992406,1
3977,0,82,141,919,93,80,5292,7054,12346,0.0342433,-0.187154,-0.981733,1
4043,0,96,135,814,74,80,5242,7191,12433,0.0433479,-0.249874,-0.967307,1
4002,0,82,159,853,57,89,5242,19739,24981,0.114937,-0.141298,-0.983272,1
1635,0,37,55,425,27,39,2218,10599,12817,0.0648028,-0.40607,-0.911541,1
3898,0,126,172,1152,62,117,5527,22486,28013,0.229303,-0.06948,-0.970872,1
2040,0,66,117,689,21,49,2982,2272,5254,-0.000257236,-0.0321321,-0.999484,1
1367,0,46,63,517,19,37,2049,594,2643,-0.00666184,-0.0804448,-0.996737,1
3914,0,137,196,1536,49,114,5946,1573,7519,0.00343023,-0.0826038,-0.996577,1
3967,0,209,222,1581,39,147,6165,1578,7743,8.18306e-07,-0.0627906,-0.998027,1
3880,0,138,221,1531,38,161,5969,1534,7503,-0.0169147,-0.0706189,-0.99736,1
3918,0,139,259,1811,38,170,6335,1528,7863,-0.0422984,-0.0880812,-0.995214,1
4017,0,207,243,1723,40,167,6397,1483,7880,-0.0241952,-0.0545788,-0.998216,1
4916,0,188,271,2019,54,183,7631,1677,9308,-0.0254553,-0.0535617,-0.99824,1
4219,0,270,335,2483,38,225,7570,1510,9080,-0.014964,-0.0178686,-0.999728,1
4352,0,242,399,2779,43,223,8038,1597,9635,-0.0237192,-0.0206998,-0.999504,1
4438,0,321,429,2358,49,171,7766,1045,8811,-0.0332952,-0.0628746,-0.997466,1
4648,0,356,402,3392,65,239,9102,1490,10592,-0.0251343,-0.0678487,-0.997379,1
4833,0,448,490,3804,50,293,9918,1648,11566,-0.0276331,-0.0425002,-0.998714,1
5102,0,423,512,4204,49,297,10587,1814,12401,-0.0270002,-0.0341199,-0.999053,1
3528,0,312,422,3332,38,232,7864,1584,9448,-0.0377842,-0.050954,-0.997986,1
3765,0,339,463,3650,80,250,8547,1661,10208,0.112085,-0.0509779,-0.99239,1
5748,0,488,674,5579,50,379,12918,1864,14782,0.116736,-0.039267,-0.992386,1
3067,0,310,348,3005,34,211,6975,909,7884,0.111098,-0.0648541,-0.991691,1
6192,0,511,666,5881,66,412,13728,2156,15884,0.109008,-0.0665715,-0.991809,1
6479,0,621,726,4074,42,279,12221,1469,13690,0.0995934,-0.0767519,-0.992064,1
3257,0,302,380,3069,35,213,7256,873,8129,-0.0409643,-0.0706333,-0.996661,1
6204,0,562,681,5959,49,406,13861,1598,15459,-0.0513626,-0.0533372,-0.997255,1
4216,0,385,460,3823,44,275,9203,1019,10222,-0.0483533,-0.065602,-0.996673,1
4157,0,352,421,3533,38,220,8721,976,9697,-0.0417438,-0.0747799,-0.996326,1
6066,0,504,644,5209,58,365,12846,1510,14356,-0.0354379,-0.0693546,-0.996963,1
4705,0,287,362,2711,32,158,8255,821,9076,-0.0383422,-0.0827628,-0.995832,1
3016,0,193,245,2168,29,137,5788,786,6574,-0.0301542,-0.127753,-0.991347,1
6393,0,424,518,4475,75,292,12177,1479,13656,-0.0501059,-0.101013,-0.993623,1
5850,0,383,511,3113,31,185,10073,1076,11149,-0.0447778,-0.103948,-0.993574,1
3144,0,214,265,2229,37,199,6088,905,6993,-0.0300835,-0.0896871,-0.995516,1
5066,0,376,478,3783,44,235,9982,1733,11715,-0.044992,-0.0514848,-0.99766,1
5122,0,436,443,3863,44,271,10179,1903,12082,-0.0412717,-0.0426232,-0.998238,1
3455,0,257,324,2613,34,187,6870,1207,8077,-0.0552965,-0.0353889,-0.997843,1
5290,0,318,421,3605,43,233,9910,1574,11484,-0.0760135,-0.0193695,-0.996918,1
5009,0,414,460,3496,42,270,9691,1519,11210,-0.0699365,-0.0204838,-0.997341,1
4881,0,327,443,3163,41,206,9061,1539,10600,-0.0601261,0.000688675,-0.998191,1
4731,0,248,320,2928,61,189,8477,1600,10077,-0.0477341,-0.0133641,-0.998771,1
4582,0,232,316,2553,76,182,7941,1684,9625,-0.0469503,-0.0170961,-0.998751,1
4501,0,219,302,2679,73,183,7957,1563,9520,-0.0479592,-0.023105,-0.998582,1
4342,0,265,328,2351,69,163,7518,1731,9249,-0.0484344,-0.0374181,-0.998125,1
4242,0,227,335,2256,84,243,7387,1722,9109,-0.0488437,-0.0507643,-0.997516,1
4329,0,205,264,2046,73,154,7071,1583,8654,-0.0514827,-0.0348582,-0.998065,1
4314,0,249,327,2090,70,148,7198,1546,8744,-0.038252,-0.0355709,-0.998635,1
4189,0,183,249,1908,93,162,6784,1558,8342,-0.0479418,-0.0110871,-0.998789,1
4103,0,207,310,2044,58,149,6871,1616,8487,-0.0522308,0.00991334,-0.998586,1
4096,0,179,247,1822,79,154,6577,1566,8143,-0.05812,-0.00573684,-0.998293,1
4098,0,233,307,1896,61,132,6727,1603,8330,-0.0430961,0.00697417,-0.999047,1
4088,0,212,232,1893,69,165,6659,1633,8292,-0.0378425,0.0234729,-0.999008,1
4110,0,183,334,1899,48,181,6755,1706,8461,-0.0524278,0.0458066,-0.997574,1
4132,0,192,221,1734,51,157,6487,1650,8137,-0.0365957,0.0655365,-0.997179,1
4120,0,158,241,1779,54,133,6485,2373,8858,-0.0221186,0.0919576,-0.995517,1
4195,0,179,267,1963,76,150,6830,6410,13240,-0.0156717,0.138936,-0.990178,1
4344,0,250,304,2395,69,191,7553,4297,11850,-0.011073,0.163129,-0.986543,1
4541,0,401,384,2663,79,190,8258,7018,15276,-0.0396136,0.1512,-0.987709,1
2928,0,195,234,1870,49,149,5425,11479,16904,-0.100858,0.0229759,-0.994636,1
5340,0,499,632,4740,101,341,11653,15121,26774,-0.0967316,0.167814,-0.981061,1
1952,0,137,167,1356,29,99,3740,7924,11664,-0.10469,0.10137,-0.989325,1
1302,0,97,117,977,20,70,2583,5725,8308,-0.095849,0.0780299,-0.992333,1
2164,0,185,232,1798,32,125,4536,12571,17107,0.0384155,0.504053,-0.862818,1
2099,0,181,197,1727,22,113,4339,13979,18318,0.0889056,0.460428,-0.883234,1
1941,0,152,178,1466,21,99,3857,1779,5636,-0.0219854,-0.00866384,-0.999721,1
4836,0,371,440,4006,56,294,10003,2327,12330,-0.00522832,-0.00762387,-0.999957,1
5103,0,392,466,3712,46,274,9993,1550,11543,-0.00808205,-0.00827801,-0.999933,1
5397,0,408,493,4181,65,298,10842,1594,12436,0.00878556,-0.00562414,-0.999946,1
5387,0,399,462,4102,65,289,10704,1937,12641,0.00940166,-0.00850885,-0.99992,1
5387,0,438,454,3822,38,270,10409,2285,12694,0.0113979,0.0181896,-0.99977,1
5315,0,357,427,3562,48,257,9966,1378,11344,0.00996373,0.0207016,-0.999736,1
5239,0,337,396,3336,58,234,9600,1849,11449,-0.0106873,0.0656054,-0.997789,1
5238,0,307,379,2987,50,236,9197,1755,10952,-0.0135475,0.0495182,-0.998682,1
5071,0,199,316,2594,68,183,8431,1699,10130,-0.0180722,0.0962559,-0.995193,1
4715,0,152,260,1499,46,103,6775,1167,7942,-0.0151101,0.0563497,-0.998297,1
3133,0,92,161,1010,26,100,4522,1055,5577,-0.000724359,-0.000567756,-1,1
4647,0,96,211,1035,37,85,6111,1578,7689,-0.00362646,0.00930471,-0.99995,1
4321,0,65,103,617,37,56,5199,1612,6811,0.0101996,0.00233326,-0.999945,1
4094,0,125,132,552,51,69,5023,1786,6809,0.00688775,-0.0357805,-0.999336,1
4240,0,62,119,555,34,48,5058,1747,6805,0.0254136,-0.0346787,-0.999075,1
4181,0,46,112,517,50,70,4976,1763,6739,0.0189058,-0.0407438,-0.998991,1
5050,0,62,111,509,51,61,5844,1728,7572,-0.0047739,-0.0150897,-0.999875,1
3969,0,45,101,424,46,50,4635,1511,6146,-0.00136696,-0.0204643,-0.99979,1
4156,0,48,125,473,44,58,4904,1570,6474,0.00220773,-0.0333765,-0.999441,1
4009,0,72,103,510,44,69,4807,1571,6378,-0.0206508,-0.0239864,-0.999499,1
3698,0,75,113,671,45,76,4678,1605,6283,-0.0225848,-0.0189275,-0.999566,1
4622,0,97,146,834,65,79,5843,1461,7304,-0.0230494,-0.0333636,-0.999178,1
4113,0,118,181,1161,43,117,5733,1632,7365,-0.0316085,-0.0233575,-0.999227,1
4271,0,165,223,1451,51,142,6303,1482,7785,-0.0352583,-0.000774361,-0.999378,1
4339,0,257,299,2073,55,190,7213,1515,8728,-0.0413004,0.0181545,-0.998982,1
4596,0,287,374,2688,62,232,8239,1561,9800,-0.039706,0.0136398,-0.999118,1
5099,0,371,452,3693,59,250,9924,1461,11385,-0.019326,0.0271854,-0.999444,1
3612,0,277,371,3125,51,208,7644,1056,8700,-0.00804517,0.0190414,-0.999786,1
5164,0,474,624,5144,63,347,11816,1407,13223,-0.00501458,-0.00584647,-0.99997,1
5452,0,517,636,5285,49,375,12314,1898,14212,0.0344049,-0.0359474,-0.998761,1
5508,0,738,687,5428,80,415,12856,1371,14227,0.0291253,0.0271493,-0.999207,1
4056,0,380,505,3840,56,261,9098,998,10096,0.0256876,0.0163734,-0.999536,1
6179,0,515,683,5522,55,334,13288,1436,14724,0.0228649,0.0136588,-0.999645,1
5557,0,496,598,5137,30,233,12051,978,13029,0.0163088,-0.0134253,-0.999777,1
4143,0,304,397,3349,46,226,8465,933,9398,0.00695962,-0.00648004,-0.999955,1
4068,0,348,370,3286,44,209,8325,948,9273,0.00283934,-0.0146656,-0.999888,1
5466,0,370,443,3684,41,271,10275,1256,11531,-0.00534029,-0.036496,-0.99932,1
5289,0,383,499,3809,67,280,10327,1392,11719,-0.00847953,-0.0404215,-0.999147,1
5636,0,396,439,3379,53,256,10159,1339,11498,-0.023335,-0.047985,-0.998576,1
6724,0,321,410,3651,55,237,11398,1614,13012,-0.00978685,0.00714942,-0.999926,1
3766,0,245,283,2389,31,158,6872,1111,7983,-0.00533141,-0.0152497,-0.99987,1
6145,0,340,467,3226,56,271,10505,1871,12376,-0.0242475,-0.0246092,-0.999403,1
5265,0,325,388,3058,54,244,9334,1563,10897,-0.0164884,-0.00345451,-0.999858,1
3736,0,198,272,2018,41,147,6412,1526,7938,0.0176905,0.0522269,-0.998479,1
4295,0,241,301,2436,44,193,7510,2004,9514,-0.0159251,0.021044,-0.999652,1
4807,0,250,299,2505,71,179,8111,1669,9780,-0.0127658,0.116205,-0.993143,1
4482,0,198,315,2314,66,178,7553,1823,9376,-0.0186166,0.141805,-0.98972,1
4800,0,217,282,2205,39,174,7717,1637,9354,-0.0169821,0.149724,-0.988582,1
4150,0,271,366,2081,47,181,7096,1804,8900,-0.0220957,0.17465,-0.984383,1
4382,0,258,357,2183,53,147,7380,1608,8988,-0.0117562,0.18789,-0.98212,1
4322,0,193,322,1978,40,148,7003,1887,8890,-0.0290693,0.148768,-0.988445,1
4368,0,189,277,1902,42,161,6939,1348,8287,-0.000361647,0.20305,-0.979169,1
2949,0,164,187,1350,28,122,4800,1245,6045,-0.000750419,0.154455,-0.988,1
4132,0,166,249,2113,50,146,6856,2002,8858,0.0137986,0.203246,-0.979031,1
4352,0,256,304,2272,46,156,7386,2413,9799,0.0148027,0.189495,-0.98177,1
4349,0,238,300,2365,81,248,7581,2547,10128,0.0061843,0.160807,-0.986967,1
4469,0,264,354,2542,76,180,7885,2419,10304,0.0100207,0.120962,-0.992607,1
4715,0,270,320,2885,85,184,8459,2418,10877,0.0340591,0.11737,-0.992504,1
2975,0,160,226,1781,66,121,5329,1578,6907,0.011299,0.0630251,-0.997948,1
4605,0,240,350,2983,66,187,8431,2447,10878,0.0350342,0.0877879,-0.995523,1
4103,0,209,290,2335,57,173,7167,2251,9418,0.0335227,0.0913096,-0.995258,1
4081,0,208,321,2521,55,195,7381,2235,9616,0.00613529,0.0695397,-0.99756,1
4961,0,240,351,2600,50,172,8374,2343,10717,0.000600698,0.0703698,-0.997521,1
4562,0,238,324,2643,101,185,8053,3059,11112,0.0482975,0.109428,-0.992821,1
4821,0,238,322,2708,63,185,8337,2414,10751,0.0383528,0.110346,-0.993153,1
4633,0,247,312,2715,63,176,8146,1853,9999,0.0161811,0.11448,-0.993294,1
4139,0,219,303,2489,62,160,7372,2009,9381,0.0208824,0.144116,-0.98934,1
4556,0,235,311,2571,67,180,7920,2104,10024,0.0384825,0.151853,-0.987654,1
4565,0,255,342,2732,63,222,8179,1525,9704,0.0395408,0.140878,-0.989237,1
4135,0,278,353,3155,48,204,8173,1486,9659,0.0529674,0.146918,-0.987729,1
3126,0,245,303,2508,42,185,6409,1018,7427,0.0488752,0.0865522,-0.995048,1
5192,0,333,426,3655,43,257,9906,1377,11283,0.0636727,0.0959847,-0.993344,1
4914,0,365,483,4156,54,284,10256,1595,11851,0.0819597,0.0870929,-0.992823,1
5932,0,453,623,3899,61,279,11247,1501,12748,0.0520551,0.0951011,-0.994106,1
4907,0,365,477,4073,65,277,10164,1504,11668,0.0373002,0.0779786,-0.996257,1
5011,0,414,589,4014,50,282,10360,1484,11844,0.025911,0.0558225,-0.998105,1
4509,0,327,430,3637,50,300,9253,1411,10664,0.0114755,0.0537229,-0.99849,1
5211,0,328,433,3720,61,267,10020,1411,11431,0.0105409,0.0315163,-0.999448,1
3152,0,234,306,2579,35,177,6483,950,7433,0.00604342,0.0270061,-0.999617,1
4330,0,324,387,3217,70,249,8577,1225,9802,0.0206025,0.0132396,-0.9997,1
5202,0,367,543,4053,74,251,10490,1319,11809,0.0144341,0.0144479,-0.999792,1
3199,0,272,347,2160,32,144,6154,769,6923,0.014215,0.0131299,-0.999813,1
5181,0,368,457,3857,48,264,10175,1510,11685,0.0167415,0.00784577,-0.999829,1
4571,0,321,428,3953,71,361,9705,1613,11318,0.0116052,0.0128204,-0.999851,1
4215,0,340,374,3189,41,211,8370,1273,9643,0.0109759,0.019498,-0.99975,1
4438,0,332,427,3551,76,247,9071,1370,10441,0.00971227,0.00969775,-0.999906,1
5164,0,357,474,3957,64,271,10287,1545,11832,0.00962896,0.013115,-0.999868,1
4842,0,540,628,4098,45,287,10440,1454,11894,0.00724386,0.0135753,-0.999882,1
4854,0,357,449,3684,47,236,9627,1340,10967,0.0130617,0.0170678,-0.999769,1
4880,0,386,448,3501,38,232,9485,1367,10852,0.00432932,0.0182128,-0.999825,1
4392,0,419,438,3526,47,268,9090,1390,10480,0.0170593,0.0131358,-0.999768,1
4412,0,421,498,3634,50,256,9271,1403,10674,0.00487671,0.0147758,-0.999879,1
4462,0,350,530,3810,56,367,9575,1645,11220,0.000211044,0.0115574,-0.999933,1
4078,0,382,484,3303,46,236,8529,1296,9825,0.0107759,0.0211789,-0.999718,1
4911,0,418,472,3924,67,270,10062,1482,11544,0.000501047,0.0139675,-0.999902,1
5091,0,358,500,3111,45,205,9310,1023,10333,0.000702428,0.0184288,-0.99983,1
3289,0,282,296,2459,29,163,6518,993,7511,0.00233298,0.0198772,-0.9998,1
4863,0,431,483,3703,46,275,9801,1464,11265,-0.00278669,0.0212205,-0.999771,1
5022,0,438,473,3568,36,294,9831,1391,11222,0.00188361,0.0210785,-0.999776,1
4329,0,374,447,3591,33,270,9044,1360,10404,0.00531247,0.0204423,-0.999777,1
4671,0,318,516,3613,53,281,9452,1366,10818,-0.00329531,0.0231645,-0.999726,1
4387,0,428,477,3601,43,311,9247,1317,10564,0.000332825,0.0154328,-0.999881,1
4005,0,384,443,3307,40,284,8463,1252,9715,0.0099955,0.0147457,-0.999841,1
5017,0,372,534,3938,35,264,10160,1354,11514,0.000215312,0.0226547,-0.999743,1
4488,0,371,445,3616,34,247,9201,1389,10590,0.00629847,0.0183074,-0.999813,1
2445,0,202,247,2013,25,141,5073,781,5854,0.00141684,0.023794,-0.999716,1
3762,0,288,366,3079,51,295,7841,1366,9207,0.0113075,0.00920489,-0.999894,1
3699,0,296,410,3001,28,219,7653,1114,8767,0.00238726,0.0140393,-0.999899,1
4371,0,517,648,3835,38,234,9643,1455,11098,0.00290118,0.0236298,-0.999716,1
4450,0,323,406,3560,45,274,9058,1406,10464,0.00496691,0.0193351,-0.999801,1
5422,0,376,481,3603,37,273,10192,1005,11197,0.00139092,0.0209253,-0.99978,1
3177,0,268,318,2586,26,193,6568,975,7543,0.00553406,0.0231421,-0.999717,1
5084,0,295,370,3215,36,217,9217,1238,10455,-0.00113229,0.022635,-0.999743,1
4031,0,292,436,3228,33,254,8274,1232,9506,0.00283631,0.0115734,-0.999929,1
4343,0,409,424,3298,36,249,8759,1206,9965,0.000672713,0.0146056,-0.999893,1
4726,0,488,583,3889,53,283,10022,1275,11297,0.00414121,0.0170989,-0.999845,1
3931,0,298,429,3152,38,224,8072,1308,9380,-0.00816019,0.0191012,-0.999784,1
5360,0,359,442,3557,40,260,10018,1430,11448,0.00488175,0.0109591,-0.999928,1
3888,0,247,310,2134,22,127,6728,787,7515,0.0027017,0.0189391,-0.999817,1
2697,0,169,213,1843,22,121,5065,704,5769,0.00456774,0.0152121,-0.999874,1
4384,0,350,494,4995,49,329,10601,1454,12055,-0.00133764,0.0210541,-0.999778,1
5566,0,343,480,3556,58,231,10234,1329,11563,-0.00130129,0.020746,-0.999784,1
3183,0,256,316,2895,35,256,6941,1202,8143,-0.00927783,0.0202876,-0.999751,1
3232,0,257,316,2519,28,231,6583,952,7535,-0.00154467,0.0304102,-0.999536,1
4959,0,433,479,3854,38,264,10027,1676,11703,-0.0107519,0.016075,-0.999813,1
4359,0,367,454,3516,37,242,8975,1328,10303,0.00656767,0.0174799,-0.999826,1
4876,0,407,515,3896,48,296,10038,1527,11565,0.00436905,0.0176382,-0.999835,1
4545,0,377,434,3490,39,271,9156,1538,10694,0.007188,0.0163128,-0.999841,1
5235,0,318,410,3449,37,229,9678,1340,11018,0.00206544,0.0160017,-0.99987,1
4478,0,377,490,4213,34,231,9823,1422,11245,0.0155581,0.0144201,-0.999775,1
4868,0,356,463,3831,46,261,9825,1537,11362,0.00363558,0.00309393,-0.999989,1
4431,0,365,456,3563,42,232,9089,1369,10458,0.00306397,0.0240129,-0.999707,1
4299,0,386,434,3557,33,232,8941,1341,10282,0.0124787,0.0164811,-0.999786,1
3127,0,228,286,2959,33,184,6817,950,7767,0.00446064,0.016737,-0.99985,1
4977,0,357,454,4113,40,296,10237,1626,11863,-0.00204611,0.0263821,-0.99965,1
5303,0,380,456,3839,40,261,10279,1481,11760,0.00808668,0.0138705,-0.999871,1
4787,0,374,461,3854,38,252,9766,1345,11111,0.00371409,0.0142237,-0.999892,1
4678,0,361,418,3535,49,231,9272,1425,10697,0.00269078,0.00984585,-0.999948,1
5027,0,319,405,3456,42,228,9477,1340,10817,0.00512618,0.0125412,-0.999908,1
4399,0,334,411,3573,34,235,8986,1473,10459,-0.00377103,0.025633,-0.999664,1
4827,0,418,492,4002,46,302,10087,1519,11606,0.0111502,0.0151742,-0.999823,1
4918,0,473,539,3940,60,327,10257,1834,12091,0.0101149,0.0171193,-0.999802,1
3500,0,281,334,2779,43,209,7146,1079,8225,0.00502017,0.0283637,-0.999585,1
5191,0,422,532,3961,55,269,10430,1503,11933,0.0109482,0.0128263,-0.999858,1
5102,0,372,484,3975,50,285,10268,1528,11796,0.000404052,0.0234201,-0.999726,1
3406,0,247,310,2902,31,209,7105,1093,8198,0.0147479,0.0135537,-0.999799,1
4866,0,404,503,3896,52,309,10030,1512,11542,-0.00335427,0.0246671,-0.99969,1
5115,0,410,507,3574,35,212,9853,1053,10906,0.00311789,0.0203633,-0.999788,1
2605,0,189,247,2096,30,146,5313,789,6102,0.000376926,0.0221092,-0.999755,1
4962,0,359,469,4056,53,272,10171,1690,11861,0.0034896,0.00354044,-0.999988,1
5056,0,361,471,3797,53,291,10029,1504,11533,-0.00544385,0.0116326,-0.999918,1
4955,0,361,477,3803,54,275,9925,1455,11380,0.00746563,0.0148127,-0.999862,1
3392,0,266,325,2731,36,184,6934,1076,8010,0.00826661,0.0049376,-0.999954,1
5065,0,481,582,3968,59,256,10411,1581,11992,0.0103909,0.0177046,-0.999789,1
5115,0,352,463,3945,45,281,10201,1519,11720,0.00414728,0.0183161,-0.999824,1
5106,0,482,666,4114,60,298,10726,1601,12327,0.00266294,0.0222923,-0.999748,1
5135,0,414,493,4144,46,299,10531,1242,11773,0.00263876,0.0239529,-0.999709,1
3335,0,285,374,2821,33,215,7063,1074,8137,-0.00737276,0.0185035,-0.999802,1
4727,0,323,454,3640,53,252,9449,1329,10778,0.00702823,0.015064,-0.999862,2
5047,0,393,501,3939,48,278,10206,1533,11739,0.00978856,0.0133514,-0.999863,2
5046,0,355,465,3888,56,306,10116,1526,11642,0.00712439,0.0166407,-0.999836,2
5401,0,358,529,4000,44,300,10632,1472,12104,0.00301898,0.0236791,-0.999715,2
3363,0,247,322,2715,40,191,6878,1052,7930,0.00493264,0.0179404,-0.999827,2
5174,0,360,477,3916,73,290,10290,1502,11792,0.00686541,0.0170674,-0.999831,2
4848,0,404,501,4124,66,379,10322,1711,12033,0.00306784,0.0201908,-0.999792,2
5154,0,357,469,3894,54,279,10207,1317,11524,0.00687521,0.0114364,-0.999911,2
4898,0,357,544,3994,68,297,10158,1513,11671,0.0072739,0.0114234,-0.999909,2
4953,0,355,471,3881,51,292,10003,1519,11522,0.0065424,0.0142618,-0.999877,2
4852,0,360,469,3973,57,269,9980,1572,11552,0.00721892,0.0149219,-0.999863,2
4879,0,386,467,2882,36,200,8850,1023,9873,0.00528129,0.0163804,-0.999852,2
2885,0,165,288,1751,17,112,5218,618,5836,0.00429193,0.0157859,-0.999866,2
1681,0,137,194,1409,15,89,3525,550,4075,-0.00954547,0.0103007,-0.999901,2
5057,0,357,480,3841,44,253,10032,1530,11562,0.0214532,0.00992483,-0.999721,2
4552,0,332,462,3795,51,245,9437,1371,10808,0.0037461,0.00831498,-0.999958,2
4149,0,291,408,3202,49,226,8325,1235,9560,0.0117479,0.00904018,-0.99989,2
5360,0,368,562,3952,44,292,10578,1574,12152,0.00490936,0.0178124,-0.999829,2
4910,0,422,545,3936,58,381,10252,1724,11976,0.00856832,0.0155504,-0.999843,2
2970,0,211,262,2127,36,156,5762,806,6568,0.00221195,0.0119262,-0.999926,2
4898,0,360,506,3990,47,294,10095,1566,11661,0.0100424,0.0173212,-0.9998,2
5207,0,358,462,3937,39,259,10262,1531,11793,-0.000974728,0.00509063,-0.999987,2
4890,0,356,464,3881,40,258,9889,1540,11429,0.00463635,0.00290663,-0.999985,2
5218,0,356,454,3908,51,258,10245,1488,11733,0.0137955,0.0103737,-0.999851,2
4827,0,320,403,3486,37,232,9305,1323,10628,-0.000176421,0.0204015,-0.999792,2
4421,0,330,400,3452,40,230,8873,1359,10232,0.00733911,0.00919968,-0.999931,2
4998,0,356,488,3829,37,268,9976,1614,11590,0.013703,0.013254,-0.999818,2
4889,0,382,450,3944,45,258,9968,1528,11496,0.00622756,0.0099805,-0.999931,2
4947,0,409,485,3920,38,325,10124,1534,11658,-0.00417268,0.00375184,-0.999985,2
4923,0,421,511,3918,41,305,10119,1477,11596,-0.00616875,0.0155949,-0.99986,2
4886,0,417,480,3868,43,295,9989,1517,11506,-0.00966267,0.0178745,-0.999794,2
4978,0,429,498,3952,42,300,10199,1571,11770,0.012215,0.0116655,-0.999857,2
4843,0,411,478,3938,54,274,9998,1509,11507,-0.00433437,0.00663072,-0.999969,2
5102,0,406,489,4036,42,312,10387,1473,11860,-0.000698021,0.00536656,-0.999985,2
4937,0,405,513,4168,48,320,10391,1542,11933,0.00326018,0.0141084,-0.999895,2
5178,0,437,540,3186,42,185,9568,1020,10588,-0.000421929,8.88775e-05,-1,2
3133,0,237,272,2111,20,155,5928,793,6721,-0.00060058,0.00520155,-0.999986,2
2903,0,221,281,2323,33,177,5938,888,6826,-0.000883152,0.00640616,-0.999979,2
4975,0,362,583,3953,63,275,10211,1589,11800,0.00562193,0.00925581,-0.999942,2
4940,0,357,473,3884,49,268,9971,1536,11507,0.00484794,0.0111354,-0.999926,2
4928,0,359,515,3909,54,274,10039,1578,11617,-0.00289938,-0.000150007,-0.999996,2
5037,0,448,493,3950,46,297,10271,1518,11789,0.00343642,0.00939907,-0.99995,2
4615,0,331,470,3611,40,244,9311,1469,10780,0.0121232,0.0096527,-0.99988,2
4561,0,324,433,3509,36,242,9105,1362,10467,0.00261289,0.0163726,-0.999862,2
4550,0,326,409,3521,39,240,9085,1333,10418,0.00471709,0.00921439,-0.999947,2
4476,0,324,405,3489,44,234,8972,1384,10356,0.00349252,0.0106543,-0.999937,2
5490,0,362,456,3854,42,263,10467,1617,12084,0.00265441,0.00591289,-0.999979,2
5686,0,433,513,3918,41,258,10849,1483,12332,0.00810034,0.00657033,-0.999946,2
4942,0,362,454,3821,43,234,9856,1310,11166,0.00516678,0.00948199,-0.999942,2
5254,0,372,464,3536,43,277,9946,1351,11297,-0.000144967,0.00852726,-0.999964,2
4425,0,437,458,3540,46,246,9152,1339,10491,0.00298578,0.00829468,-0.999961,2
5602,0,417,530,3909,54,314,10826,1495,12321,0.00487379,0.0082856,-0.999954,2
5114,0,363,479,4009,41,265,10271,1505,11776,-0.0015156,0.0111983,-0.999936,2
5122,0,362,456,3866,46,262,10114,1609,11723,-0.0019031,0.00839537,-0.999963,2
5069,0,400,523,4135,48,290,10465,1343,11808,0.000476516,0.000924659,-0.999999,2
2594,0,219,262,2077,23,152,5327,815,6142,-0.000506064,0.0100537,-0.999949,2
5217,0,385,494,4081,50,261,10488,1620,12108,0.00113732,0.0134388,-0.999909,2
4588,0,374,523,3403,36,198,9122,969,10091,0.0024505,0.0118747,-0.999927,2
2531,0,197,250,1990,21,155,5144,780,5924,0.0019231,0.0115238,-0.999932,2
3005,0,237,294,2396,31,185,6148,937,7085,-0.00551474,0.0101538,-0.999933,2
4620,0,349,466,3569,62,263,9329,1385,10714,0.00663804,0.0097586,-0.99993,2
5205,0,380,450,3699,37,260,10031,1337,11368,0.00465839,0.00391313,-0.999981,2
4523,0,369,483,3586,32,256,9249,959,10208,0.000635,0.00983231,-0.999951,2
3183,0,283,328,2568,30,191,6583,952,7535,0.00398797,0.00387106,-0.999985,2
4820,0,381,439,3593,46,270,9549,1365,10914,0.00172281,0.012432,-0.999921,2
4670,0,414,457,3559,45,275,9420,1363,10783,0.00464464,0.00545141,-0.999974,2
4405,0,375,454,3514,56,284,9088,1390,10478,0.00157129,0.0130516,-0.999914,2
4594,0,367,455,3567,49,273,9305,1375,10680,0.00356536,-0.0016472,-0.999992,2
4569,0,384,435,3530,42,268,9228,1332,10560,-0.00157556,0.0109849,-0.999938,2
4780,0,373,452,3578,35,268,9486,1353,10839,0.00932397,0.00705249,-0.999931,2
4645,0,376,453,3577,44,279,9374,1360,10734,-0.00691042,0.0143434,-0.999873,2
4432,0,393,422,3572,40,240,9099,1341,10440,-0.00110427,0.00943611,-0.999955,2
5068,0,435,677,4074,43,258,10555,1549,12104,0.0174202,0.00602486,-0.99983,2
5000,0,357,546,3946,41,261,10151,1474,11625,0.000461822,0.0089095,-0.99996,2
3948,0,287,366,2888,61,211,7761,1049,8810,0.0068313,0.00294709,-0.999972,2
3449,0,251,327,2956,36,241,7260,1090,8350,0.00580492,0.0067707,-0.99996,2
4556,0,413,456,3603,36,272,9336,1325,10661,0.00721714,0.0056332,-0.999958,2
5212,0,383,601,3723,36,273,10228,1376,11604,-0.00112902,0.00760777,-0.99997,2
4118,0,363,408,3323,32,245,8489,1219,9708,0.0066888,0.00029763,-0.999978,2
5200,0,449,522,4035,39,309,10554,1528,12082,-0.00226721,0.00861511,-0.999961,2
5080,0,404,501,3982,41,296,10304,1503,11807,0.00201312,0.00903292,-0.999958,2
5121,0,360,506,4001,51,260,10299,1258,11557,-0.00998087,0.00969832,-0.999903,2
3403,0,247,314,2720,32,178,6894,1080,7974,0.00991135,0.00400194,-0.999943,2
5246,0,323,436,3942,45,293,10285,1657,11942,0.00181737,0.0129924,-0.999914,2
5291,0,357,505,4070,45,271,10539,1568,12107,0.00482036,0.00652098,-0.999967,2
5255,0,366,485,4043,60,278,10487,1527,12014,-0.00105004,0.00876108,-0.999961,2
4741,0,323,466,3632,50,241,9453,1333,10786,-0.00178473,0.00943039,-0.999954,2
5068,0,363,519,3819,47,246,10062,1313,11375,-0.000181048,0.00341215,-0.999994,2
4659,0,324,428,3573,53,249,9286,1328,10614,-0.00252596,0.00562471,-0.999981,2
4512,0,325,410,3601,50,298,9196,1593,10789,0.00221023,-0.00465979,-0.999987,2
4702,0,324,406,3732,37,334,9535,1445,10980,0.000477665,0.00691177,-0.999976,2
4863,0,348,458,3690,38,259,9656,1407,11063,0.00440285,0.00949582,-0.999945,2
4644,0,325,424,3597,43,245,9278,1377,10655,0.00279657,-0.0020479,-0.999994,2
5326,0,364,485,3989,52,272,10488,1512,12000,0.00294288,0.00733333,-0.999969,2
5034,0,364,475,3802,41,272,9988,1472,11460,-0.00947252,0.00986259,-0.999906,2
5513,0,366,480,4074,49,278,10760,1551,12311,-0.00162083,0.00665127,-0.999977,2
5092,0,360,474,3966,49,271,10212,1508,11720,-0.00127872,0.0109523,-0.999939,2
3780,0,270,349,2768,41,193,7401,1029,8430,0.00021521,0.00480535,-0.999988,2
5073,0,519,559,3718,48,265,10182,1374,11556,0.00499232,0.00272288,-0.999984,2
4660,0,380,485,3602,35,269,9431,1387,10818,0.0137782,-0.00205503,-0.999903,2
5101,0,425,513,4161,53,309,10562,1520,12082,-0.00495116,0.00701996,-0.999963,2
5173,0,395,498,3909,36,306,10317,1513,11830,-0.000788783,-0.00636877,-0.999979,2
5137,0,391,494,4051,40,269,10382,1604,11986,0.006018,-0.00902725,-0.999941,2
5046,0,360,451,3890,47,268,10062,1522,11584,0.00258168,0.00803562,-0.999964,2
5292,0,365,463,4039,39,273,10471,1439,11910,0.00612301,0.00598871,-0.999964,2
3465,0,251,319,2719,25,181,6960,998,7958,-0.00352489,0.0104018,-0.99994,2
4534,0,324,409,3446,40,236,8989,1435,10424,0.00138973,0.0114498,-0.999934,2
4760,0,365,432,3576,40,238,9411,1354,10765,0.00667767,0.00507753,-0.999965,2
5049,0,376,456,3970,58,261,10170,1513,11683,0.00467872,-0.00146076,-0.999988,2
5685,0,467,557,3952,30,209,10900,1034,11934,0.00432707,-0.00520326,-0.999977,2
2631,0,190,279,2104,21,154,5379,791,6170,-0.00106164,-0.00508418,-0.999986,2
4762,0,362,493,3655,42,237,9551,1391,10942,0.0106787,-0.00142143,-0.999942,2
4435,0,352,442,3729,42,328,9328,1504,10832,0.00825797,0.000196626,-0.999966,2
4743,0,328,412,3580,37,236,9336,1404,10740,0.00411849,0.00543381,-0.999977,2
3359,0,368,486,3581,26,189,8009,1027,9036,0.00583464,-0.000156308,-0.999983,2
4669,0,325,408,3564,35,235,9236,1362,10598,0.00217944,0.00269708,-0.999994,2
5409,0,364,461,4065,34,263,10596,1573,12169,0.00488397,-0.00272595,-0.999984,2
5442,0,423,503,4093,47,273,10781,1577,12358,0.0151119,-0.0121434,-0.999812,2
3758,0,291,347,2742,32,209,7379,1016,8395,0.0070203,-0.000751612,-0.999975,2
4818,0,379,453,3647,39,260,9596,1400,10996,0.00387326,-0.00426839,-0.999984,2
4727,0,466,547,3658,53,272,9723,1778,11501,0.0077962,-0.00267307,-0.999966,2
4587,0,380,454,3723,43,273,9460,1354,10814,-0.00391821,0.00544347,-0.999977,2
4626,0,326,422,3528,37,242,9181,1389,10570,-0.00102328,0.00578345,-0.999982,2
5157,0,362,491,3781,34,234,10059,1364,11423,0.000856954,-0.00552082,-0.999984,2
4676,0,373,447,2773,26,168,8463,1029,9492,0.00561742,-0.00383569,-0.999976,2
2676,0,181,237,1956,22,130,5202,757,5959,0.00440845,-0.00288387,-0.999986,2
4911,0,491,591,3666,37,287,9983,1382,11365,0.00846686,0.000509606,-0.999964,2
4667,0,342,420,3642,53,242,9366,1454,10820,0.0034702,-0.00134563,-0.999993,2
4942,0,390,440,3753,38,251,9814,1602,11416,0.00496002,0.000802847,-0.999987,2
5063,0,394,461,4118,60,265,10361,1493,11854,0.00317199,-0.000135327,-0.999995,2
5406,0,453,510,3971,41,297,10678,1549,12227,0.00631513,-0.0096983,-0.999933,2
5241,0,464,461,3720,35,275,10196,1501,11697,0.0073768,0.000162817,-0.999973,2
3678,0,291,345,2764,27,183,7288,1052,8340,-0.00115091,-0.00237391,-0.999997,2
4516,0,401,437,3600,48,247,9249,1326,10575,0.002051,0.00656916,-0.999976,2
5169,0,365,488,3938,51,305,10316,1486,11802,0.00663275,-0.00613494,-0.99996,2
5393,0,364,462,4074,40,291,10624,1049,11673,-0.000231275,-0.00369773,-0.999993,2
3610,0,309,334,2770,28,199,7250,1151,8401,-0.00240496,0.00114941,-0.999997,2
5687,0,450,523,4056,57,273,11046,1567,12613,0.00692263,-0.00321296,-0.999971,2
4938,0,328,455,3625,41,235,9622,1415,11037,0.00375112,-0.00270883,-0.999989,2
5188,0,326,418,3667,36,241,9876,1565,11441,0.00518941,-0.000706635,-0.999986,2
4097,0,315,388,3239,43,226,8308,1194,9502,-0.00218953,0.00235093,-0.999995,2
5139,0,359,534,3999,54,299,10384,1480,11864,0.00142261,0.00464051,-0.999988,2
5789,0,373,506,3692,23,186,10569,1021,11590,0.0103372,-0.00131269,-0.999946,2
3383,0,234,336,2539,45,179,6716,959,7675,0.0117945,-0.00338353,-0.999925,2
6056,0,325,434,3554,47,263,10679,1357,12036,0.005394,0.0010919,-0.999985,2
4827,0,327,431,3272,30,175,9062,946,10008,-0.000598307,0.00492259,-0.999988,2
2867,0,195,255,2039,24,159,5539,724,6263,0.00222516,0.000344159,-0.999998,2
5208,0,349,480,4281,44,316,10678,1710,12388,-0.00157815,-0.00163065,-0.999997,2
4734,0,353,476,3680,37,259,9539,1388,10927,0.00774265,-0.00856332,-0.999933,2
3305,0,253,318,2693,25,184,6778,983,7761,-0.000750108,0.000541642,-1,2
4825,0,356,500,3595,45,247,9568,1325,10893,0.00231203,0.00462754,-0.999987,2
4561,0,324,495,3830,52,316,9578,1392,10970,0.0126089,-0.00970322,-0.999873,2
4622,0,336,413,3567,50,287,9275,1334,10609,0.000667726,0.00274057,-0.999996,2
5479,0,375,421,3589,35,247,10146,1329,11475,-0.000295628,-0.0037687,-0.999993,2
4630,0,326,410,3661,35,234,9296,1396,10692,0.00106743,0.00853408,-0.999963,2
4611,0,328,434,3551,85,249,9258,1351,10609,-0.0038374,-0.00499578,-0.999981,2
5066,0,366,483,3947,45,276,10183,1496,11679,-0.00583681,0.000335237,-0.999983,2
5332,0,366,485,4016,50,306,10555,1542,12097,-0.00593535,-0.00370785,-0.999976,2
4941,0,326,459,3691,46,247,9710,1352,11062,0.00407057,-0.00920187,-0.999949,2
3449,0,235,350,2607,50,199,6890,979,7869,-0.00312589,-0.00355017,-0.999989,2
6463,0,469,615,4809,58,336,12750,1558,14308,0.0100538,-0.0152427,-0.999834,2
4393,0,335,415,3317,42,243,8745,1238,9983,-0.00268612,0.0040018,-0.999989,2
3927,0,220,325,2562,31,173,7238,895,8133,0.0069672,-0.00384959,-0.999968,2
3057,0,206,218,1950,20,143,5594,713,6307,0.00565506,-0.00365194,-0.999977,2
5206,0,363,457,4122,41,306,10495,1486,11981,-0.000101245,-0.0029441,-0.999996,2
5049,0,426,553,4070,47,313,10458,1554,12012,0.00842784,-0.00671566,-0.999942,2
4647,0,379,451,3774,36,272,9559,1392,10951,0.0106946,-0.0105621,-0.999887,2
4596,0,379,457,3754,36,274,9496,1366,10862,0.012546,-0.00700715,-0.999897,2
5101,0,426,507,3987,36,284,10341,1429,11770,0.00753245,-0.00279442,-0.999968,2
4618,0,328,466,3606,46,245,9309,1333,10642,0.00882997,-0.00405377,-0.999953,2
4851,0,375,574,3947,44,266,10057,1466,11523,0.00913279,-0.00738402,-0.999931,2
5263,0,446,527,3978,61,274,10549,1566,12115,0.00542145,-0.00568526,-0.999969,2
5038,0,363,477,4192,57,356,10483,1591,12074,0.0025023,-0.012991,-0.999913,2
5261,0,377,485,4062,52,283,10520,1537,12057,-0.000312021,0.00184119,-0.999998,2
5344,0,417,512,3859,36,235,10403,1367,11770,-0.0091285,0.00264605,-0.999955,2
4782,0,325,430,2786,34,175,8532,938,9470,0.00300554,-0.00910353,-0.999954,2
3679,0,272,351,3000,34,227,7563,1175,8738,-0.00623096,-0.00316987,-0.999976,2
4665,0,408,472,3601,35,288,9469,1363,10832,0.00146032,-0.00743367,-0.999971,2
4867,0,325,412,3655,36,277,9572,1445,11017,0.00581333,-0.0066777,-0.999961,2
4714,0,402,451,3594,37,271,9469,1069,10538,-0.00128198,-0.00297861,-0.999995,2
4162,0,296,368,3264,34,214,8338,1251,9589,0.00766346,-0.00767355,-0.999941,2
4545,0,378,445,3628,38,276,9310,1465,10775,0.0038658,-0.0174174,-0.999841,2
5160,0,365,469,4058,47,267,10366,1505,11871,0.0128709,-0.0100538,-0.999867,2
4913,0,368,494,3994,39,245,10053,1341,11394,0.00654482,-0.0073774,-0.999951,2
4704,0,328,417,3661,32,234,9376,1365,10741,-0.00664573,-0.00227303,-0.999975,2
5372,0,362,521,4102,45,275,10677,1463,12140,-0.00201269,-0.00481525,-0.999986,2
4521,0,325,414,3532,36,234,9062,1315,10377,0.00371462,-0.00493507,-0.999981,2
5161,0,399,454,4120,59,273,10466,1435,11901,0.00108641,-0.010711,-0.999942,2
4495,0,326,428,3691,45,345,9330,1466,10796,-0.00434064,-0.00299848,-0.999986,2
4538,0,326,409,3560,38,235,9106,1435,10541,0.00325846,-0.00258526,-0.999991,2
5049,0,327,417,3567,44,235,9639,1318,10957,-0.0017745,0.00425178,-0.99999,2
3493,0,235,294,2557,29,169,6777,928,7705,0.00972317,0.00183868,-0.999951,2
4716,0,330,463,3726,35,239,9509,1436,10945,0.00337248,0.000174758,-0.999994,2
4605,0,334,418,3723,35,249,9364,1310,10674,-0.00534343,-0.0050968,-0.999973,2
4612,0,340,427,3732,33,245,9389,1358,10747,0.000108849,-0.0210401,-0.999779,2
4614,0,336,469,3831,50,252,9552,1369,10921,-0.000376585,-0.0183248,-0.999832,2
4663,0,392,532,3729,60,265,9641,1127,10768,0.00982778,-0.0160703,-0.999823,2
3281,0,263,343,3166,38,261,7352,1187,8539,-0.00673787,-0.0084913,-0.999941,2
5107,0,408,484,3795,47,291,10132,1442,11574,-0.00486662,0.00974995,-0.99994,2
3314,0,243,342,2580,35,176,6690,983,7673,0.00849406,0.00501596,-0.999952,2
5269,0,367,592,4273,62,276,10839,1531,12370,-0.00234916,0.0482624,-0.998832,2
5359,0,488,492,3265,41,196,9841,1039,10880,0.00119391,0.0552122,-0.998474,2
2974,0,198,264,2216,23,119,5794,614,6408,-0.0048623,0.0451989,-0.998966,2
4960,0,339,443,3837,73,256,9908,1387,11295,-0.0130533,0.0634941,-0.997897,2
4841,0,332,441,3994,55,241,9904,1508,11412,-0.00542336,0.0513783,-0.998665,2
4998,0,307,403,3480,56,262,9506,1963,11469,0.0117644,0.0405231,-0.999109,2
4699,0,327,401,3339,51,252,9069,1718,10787,0.00115675,0.0663598,-0.997795,2
4411,0,296,363,2954,62,234,8320,1439,9759,0.00596443,0.0589159,-0.998245,2
5226,0,261,349,2990,48,228,9102,1545,10647,0.00284316,0.0429002,-0.999075,2
5038,0,242,359,2719,45,209,8612,1616,10228,-0.00555181,0.143573,-0.989624,2
4970,0,232,309,2498,41,159,8209,1544,9753,-0.00320534,0.167666,-0.985839,2
2610,0,137,165,1222,35,103,4272,768,5040,0.00135061,0.0892558,-0.996008,2
1691,0,89,101,772,14,60,2727,605,3332,0.0017705,0.0809735,-0.996715,2
4448,0,153,204,1631,37,114,6587,1405,7992,-0.00087333,0.0691201,-0.997608,2
5022,0,152,203,1629,43,121,7170,1555,8725,0.00590095,0.0712465,-0.997441,2
5326,0,181,242,1532,41,108,7430,1610,9040,0.0155769,0.0765518,-0.996944,2
3353,0,114,139,916,32,70,4624,1191,5815,0.0207618,0.0568113,-0.998169,2
4951,0,111,166,1132,41,95,6496,1746,8242,0.0210809,0.0638193,-0.997739,2
4689,0,101,191,1349,40,84,6454,1745,8199,0.0207576,0.0847901,-0.996183,2
4502,0,87,130,892,40,76,5727,1570,7297,0.0211839,0.0918059,-0.995552,2
4469,0,76,115,752,37,75,5524,1498,7022,0.0125898,0.0858141,-0.996232,2
4237,0,65,119,613,44,61,5139,1736,6875,-0.00288667,0.0867173,-0.996229,2
4531,0,56,94,509,40,56,5286,1546,6832,-0.0284914,0.0939739,-0.995167,2
4419,0,72,110,522,53,66,5242,1670,6912,0.000315037,0.0694052,-0.997588,2
4177,0,49,81,443,41,47,4838,1557,6395,-0.0177989,0.120848,-0.992512,2
4032,0,47,86,469,34,63,4731,1634,6365,-0.0316829,0.0936507,-0.995101,2
4149,0,52,94,572,60,51,4978,1614,6592,-0.0197305,0.0484506,-0.998631,2
4036,0,61,98,658,44,75,4972,1550,6522,-0.0303382,0.118925,-0.99244,2
4112,0,64,137,698,52,69,5132,1471,6603,-0.0102818,0.0932974,-0.995585,2
4766,0,100,146,840,62,84,5998,1538,7536,0.00498292,0.116362,-0.993195,2
4259,0,111,177,1013,61,96,5717,1453,7170,0.0036502,0.0887479,-0.996048,2
4337,0,132,200,1156,62,117,6004,1499,7503,0.00757998,0.058061,-0.998284,2
4253,0,164,227,1348,52,148,6192,1761,7953,0.0191892,0.079735,-0.996631,2
4626,0,177,239,1956,75,150,7223,1464,8687,0.00925797,0.0680399,-0.99764,2
4751,0,240,312,2610,46,181,8140,1474,9614,-0.000705875,0.0886076,-0.996066,2
4981,0,384,417,3626,42,243,9693,1456,11149,-0.00172838,0.0722158,-0.997387,2
5347,0,404,517,4474,56,335,11133,1526,12659,-0.00414197,0.0820945,-0.996616,2
5728,0,565,682,5116,29,232,12352,1229,13581,-0.00709326,0.126629,-0.991925,2
4289,0,355,449,3795,47,258,9193,1004,10197,-0.0295283,0.127434,-0.991407,2
6180,0,508,647,5492,99,366,13292,1431,14723,-0.0342281,0.161265,-0.986317,2
2710,0,212,293,2412,22,176,5825,626,6451,-0.04376,0.154072,-0.98709,2
6015,0,526,611,5474,47,359,13032,1682,14714,-0.022141,0.127805,-0.991552,2
5974,0,443,553,4797,72,316,12155,1038,13193,-0.00623715,0.108434,-0.994084,2
3962,0,402,430,2881,50,193,7918,1017,8935,-0.0156214,0.0949342,-0.995361,2
3930,0,274,325,2609,44,198,7380,1073,8453,-0.0117091,0.0827246,-0.996504,2
5705,0,318,443,3756,145,298,10665,1589,12254,-0.0247251,0.074781,-0.996893,2
5881,0,355,452,3565,62,226,10541,1344,11885,-0.0306861,0.0730166,-0.996859,2
3052,0,159,209,1706,25,117,5268,849,6117,-0.0217113,0.0710664,-0.997235,2
5317,0,278,385,3094,49,207,9330,2230,11560,-0.0574042,0.0763618,-0.995427,2
5075,0,256,407,2818,47,253,8856,2223,11079,-0.0487815,0.115184,-0.992146,2
4889,0,223,366,2546,44,212,8280,2525,10805,-0.0506056,0.136838,-0.9893,2
4592,0,209,278,2075,41,163,7358,2535,9893,-0.049348,0.162383,-0.985493,2
4242,0,194,246,1879,39,156,6756,1979,8735,-0.0917935,0.167811,-0.981536,2
4295,0,165,261,1739,43,131,6634,1677,8311,-0.108729,0.281071,-0.953508,2
3961,0,207,262,1885,44,164,6523,1784,8307,-0.105257,0.266334,-0.958117,2
3976,0,218,274,1253,28,90,5839,1086,6925,-0.0984679,0.175854,-0.979479,2
3316,0,176,217,1435,28,105,5277,1452,6729,-0.0627272,0.199264,-0.977936,2
3931,0,209,249,1733,70,162,6354,1525,7879,-0.0730395,0.195309,-0.978018,2
4127,0,267,240,1657,41,123,6455,1587,8042,-0.0739347,0.235072,-0.969162,2
4049,0,154,247,1697,37,131,6315,1571,7886,-0.0733655,0.242269,-0.967431,2
4371,0,197,259,1793,44,153,6817,1520,8337,-0.0506775,0.228558,-0.97221,2
3955,0,186,234,2150,45,144,6714,1527,8241,-0.0465623,0.241877,-0.969189,2
4605,0,202,263,2207,40,176,7493,1506,8999,-0.030505,0.23796,-0.970796,2
4305,0,311,372,2888,42,235,8153,1626,9779,-0.0143879,0.25232,-0.967537,2
4628,0,367,469,3871,39,260,9634,1772,11406,-0.00522255,0.257799,-0.966184,2
5037,0,484,543,4333,48,341,10786,1677,12463,-0.0161386,0.248654,-0.968458,2
5036,0,522,563,4651,50,330,11152,1548,12700,-0.0331987,0.255484,-0.966243,2
5578,0,518,592,4935,48,391,12062,1516,13578,-0.0338002,0.257028,-0.965813,2
5941,0,484,645,5012,52,375,12509,1583,14092,-0.0603865,0.260072,-0.963699,2
5330,0,403,472,4534,50,275,11064,1519,12583,-0.0577688,0.239242,-0.96924,2
4190,0,228,293,2685,32,172,7600,1094,8694,-0.0682962,0.214516,-0.97433,2
4857,0,345,402,3328,42,260,9234,1559,10793,-0.0624393,0.189026,-0.979985,2
4742,0,311,366,2906,43,229,8597,1669,10266,-0.0417511,0.175086,-0.983668,2
4601,0,254,297,2195,42,200,7589,1930,9519,-0.0450561,0.165875,-0.985117,2
4494,0,155,220,1690,64,164,6787,2361,9148,-0.0327614,0.187555,-0.981707,2
4673,0,212,228,1357,38,104,6612,2430,9042,-0.0295863,0.165492,-0.985767,2
4540,0,195,218,1293,48,130,6424,5424,11848,-0.0225038,0.146646,-0.988933,2
6571,0,143,212,1296,58,116,8396,6370,14766,0.0579294,0.139121,-0.98858,2
3001,0,85,142,918,31,85,4262,4505,8767,0.0357963,0.136243,-0.990029,2
4814,0,143,206,1562,43,113,6881,5397,12278,-0.00435116,0.17727,-0.984153,2
3979,0,105,178,1039,26,75,5402,1631,7033,-0.112294,0.148329,-0.982542,2
4789,0,133,260,1569,43,133,6927,1821,8748,-0.0823906,0.153411,-0.984722,2
4872,0,127,233,1349,38,138,6757,1663,8420,-0.0340949,0.132394,-0.990611,2
4852,0,169,239,1190,42,135,6627,1820,8447,-0.0766131,0.127455,-0.988881,2
4216,0,144,186,1099,34,105,5784,1509,7293,-0.0585761,0.124233,-0.990522,2
4022,0,140,165,1018,42,146,5533,1446,6979,-0.048408,0.115295,-0.992151,2
4366,0,113,192,1028,45,100,5844,1647,7491,0.0188349,0.0614086,-0.997935,2
4361,0,132,161,1051,36,111,5852,1656,7508,-0.066775,0.117068,-0.990876,2
4585,0,110,176,967,47,109,5994,1707,7701,0.116589,0.128459,-0.984838,2
4541,0,133,200,1258,79,109,6320,2063,8383,0.099254,0.122029,-0.987551,2
4388,0,127,168,891,71,75,5720,1881,7601,0.117004,0.0810362,-0.98982,2
4364,0,86,128,939,50,79,5646,1715,7361,0.122656,0.0729801,-0.989762,2
4303,0,89,132,988,40,76,5628,1699,7327,0.135096,0.09045,-0.986696,2
4414,0,97,165,1057,75,93,5901,1641,7542,0.0867582,0.105055,-0.990675,2
4414,0,142,205,1152,41,127,6081,1636,7717,-0.0242721,0.163866,-0.986184,2
4638,0,129,182,1318,42,144,6453,1493,7946,-0.00974744,0.100956,-0.994843,2
4193,0,151,212,1497,49,121,6223,1367,7590,0.0167634,0.124575,-0.992069,2
5008,0,197,270,2064,55,153,7747,1553,9300,0.00186318,0.141513,-0.989935,2
4886,0,228,313,2368,58,189,8042,1562,9604,0.0165901,0.130064,-0.991367,2
4999,0,304,363,3093,65,211,9035,1511,10546,0.000481327,0.163502,-0.986543,2
4274,0,243,331,2262,48,152,7310,769,8079,-0.00360963,0.116132,-0.993227,2
2705,0,181,234,1974,33,137,5264,764,6028,-0.00255718,0.073912,-0.997262,2
4781,0,341,478,3749,46,252,9647,1356,11003,-0.0056105,0.0802897,-0.996756,2
5130,0,421,546,4163,41,281,10582,1380,11962,-0.0091835,0.0756846,-0.99709,2
5810,0,608,584,4988,44,296,12330,1538,13868,-0.0229056,0.0739094,-0.997002,2
5218,0,531,630,5048,53,372,11852,1002,12854,-0.0345041,0.100386,-0.99435,2
3863,0,367,475,3974,44,265,8988,982,9970,-0.0318515,0.0887336,-0.995546,2
6375,0,560,717,6762,64,354,14832,1542,16374,-0.0351645,0.100969,-0.994268,2
5703,0,513,656,5483,78,368,12801,1238,14039,-0.0315384,0.0929365,-0.995173,2
7456,0,631,791,5701,40,322,14941,1033,15974,-0.0109307,0.0920076,-0.995699,2
3493,0,345,449,3588,35,256,8166,786,8952,-0.00536386,0.0747129,-0.99719,2
4087,0,421,511,4350,49,312,9730,961,10691,-0.01632,0.108366,-0.993977,2
5780,0,585,715,6162,49,432,13723,1325,15048,-0.0342954,0.0658183,-0.997242,2
4065,0,414,503,4337,42,300,9661,974,10635,-0.0176884,0.0291127,-0.99942,2
6670,0,607,888,6507,60,378,15110,1323,16433,-0.0229465,0.0334513,-0.999177,2
4074,0,412,493,4427,86,407,9899,1170,11069,-0.0163609,0.0649416,-0.997755,2
5780,0,521,653,5868,39,369,13230,1120,14350,-0.0320164,0.0732616,-0.996799,2
4030,0,366,473,4599,44,293,9805,995,10800,-0.0207394,0.0734551,-0.997083,2
4005,0,383,447,4187,35,262,9319,954,10273,-0.028366,0.073059,-0.996924,2
6460,0,595,826,6277,56,397,14611,1570,16181,-0.029785,0.0790953,-0.996422,2
4376,0,395,476,4028,32,284,9591,1044,10635,-0.0407873,0.0866463,-0.995404,2
3444,0,261,334,3024,25,200,7288,801,8089,-0.032564,0.0574869,-0.997815,2
5714,0,483,590,5422,45,344,12598,1343,13941,-0.0271247,0.0402507,-0.998822,2
5538,0,476,577,4890,65,340,11886,1379,13265,-0.0255271,0.0207889,-0.999458,2
3857,0,332,437,3575,49,235,8485,995,9480,-0.0242152,-0.000740783,-0.999706,2
6303,0,511,661,5175,36,244,12930,1024,13954,-0.03289,0.00247997,-0.999456,2
4022,0,218,290,2322,39,155,7046,645,7691,-0.0348638,0.0127713,-0.99931,2
1774,0,137,178,1457,17,103,3666,441,4107,-0.0359272,0.00137902,-0.999353,2
6164,0,517,629,5263,60,377,13010,1651,14661,-0.0246512,0.00678499,-0.999673,2
4456,0,361,447,3572,50,263,9149,1132,10281,-0.0340304,0.00576332,-0.999404,2
5967,0,466,591,5242,53,425,12744,1788,14532,-0.0354089,0.0147301,-0.999264,2
3159,0,246,309,2430,29,143,6316,679,6995,-0.0395967,0.0150743,-0.999102,2
6037,0,440,528,3801,34,215,11055,971,12026,-0.030461,0.00142282,-0.999535,2
3334,0,231,303,2627,37,189,6721,756,7477,-0.0349479,0.0062071,-0.99937,2
5814,0,474,571,4785,42,340,12026,1379,13405,-0.0325339,0.00711686,-0.999446,2
5436,0,471,569,4999,44,337,11856,1129,12985,-0.0372737,-0.00302745,-0.999301,2
4958,0,407,522,5089,60,315,11351,1273,12624,-0.0335585,0.00558983,-0.999421,2
4871,0,501,504,4346,76,307,10605,1272,11877,-0.0327689,0.00500839,-0.99945,2
4566,0,391,499,4359,65,334,10214,1212,11426,-0.0305198,0.0060717,-0.999516,2
4853,0,391,495,4159,52,286,10236,1108,11344,-0.0255508,-3.7772e-05,-0.999674,2
6022,0,525,648,5398,50,383,13026,1530,14556,-0.0314681,0.0146526,-0.999397,2
3956,0,274,329,3143,37,216,7955,780,8735,-0.0254912,-6.16165e-05,-0.999675,2
2116,0,186,222,1866,22,115,4527,461,4988,-0.0241801,0.00435908,-0.999698,2
5343,0,517,567,5187,61,415,12090,1081,13171,-0.0249509,-2.06031e-05,-0.999688,2
3783,0,350,426,3488,36,222,8305,956,9261,-0.0301973,0.00235856,-0.999541,2
6713,0,635,681,5365,56,308,13758,1410,15168,-0.0349114,0.00139738,-0.99939,2
4137,0,324,459,3807,36,238,9001,1022,10023,-0.0295157,0.00852321,-0.999528,2
4620,0,324,412,3665,34,242,9297,1051,10348,-0.0301717,0.00726492,-0.999518,2
6923,0,545,705,5336,61,376,13946,1630,15576,-0.0318981,0.0037326,-0.999484,2
6234,0,520,634,5447,72,379,13286,1043,14329,-0.0265894,0.00117433,-0.999646,2
3162,0,277,329,2952,32,208,6960,828,7788,-0.0281855,-0.0064112,-0.999582,2
6105,0,561,681,5130,76,352,12905,1488,14393,-0.025817,-0.00745231,-0.999639,2
4320,0,360,456,3704,47,276,9163,1066,10229,-0.0214398,-0.00861462,-0.999733,2
6204,0,543,605,5434,64,384,13234,1377,14611,-0.035189,-0.00219026,-0.999378,2
4209,0,379,442,3777,33,277,9117,1062,10179,-0.0344248,-0.00180843,-0.999406,2
6287,0,450,640,5050,43,347,12817,1365,14182,-0.033536,-0.00397796,-0.99943,2
6782,0,595,670,5714,72,377,14210,1553,15763,-0.0258137,0.00496023,-0.999655,2
3509,0,295,343,2836,42,220,7245,848,8093,-0.030625,0.0070988,-0.999506,2
2201,0,186,236,1887,24,116,4650,461,5111,-0.0240238,-0.00186117,-0.99971,2
3137,0,232,293,2485,21,167,6335,722,7057,-0.0355292,0.00103206,-0.999368,2
3213,0,271,352,2866,26,184,6912,845,7757,-0.0177799,-0.0213519,-0.999614,2
4526,0,496,571,4642,43,380,10658,1305,11963,-0.0334019,0.000822198,-0.999442,2
5694,0,471,677,5101,48,350,12341,1366,13707,-0.0323139,0.00841055,-0.999443,2
5575,0,512,597,4897,54,360,11995,1262,13257,-0.0349966,0.00745071,-0.99936,2
5708,0,439,614,5783,56,350,12950,1288,14238,-0.0397823,0.00541269,-0.999194,2
3896,0,366,458,3569,46,253,8588,993,9581,-0.0391664,0.00370075,-0.999226,2
5979,0,539,611,4992,59,393,12573,1407,13980,-0.0411711,0.0080314,-0.99912,2
3732,0,242,303,2735,26,171,7209,754,7963,-0.0334637,0.00637396,-0.99942,2
2080,0,168,212,1866,18,128,4472,531,5003,-0.0263338,0.00399374,-0.999645,2
5046,0,459,544,4741,55,394,11239,1375,12614,-0.030876,-0.00198113,-0.999521,2
