Downsample[ns],BuildFilTree[ns],SearchFil[ns],DeleteFil[ns],BuildTreeSub[ns],SearchSub[ns],DeleteSub[ns],PreProcTotal[ns],Plane[ns],Total[ns],nx,ny,nz,planeCount
4907,0,0,0,0,856,244,6007,447,6454,-0.035997,0.113005,-0.992942,0
5469,0,0,0,0,967,216,6652,337,6989,-0.0186249,0.0502946,-0.998561,0
4735,0,0,0,0,890,215,5840,222,6062,-0.0451551,0.0136465,-0.998887,0
5450,0,0,0,0,962,250,6662,906,7568,-0.0126417,0.0191654,-0.999736,0
5464,0,0,0,0,986,251,6701,685,7386,-0.0212527,0.0118682,-0.999704,0
5462,0,0,0,0,984,241,6687,703,7390,-0.0308874,0.0112943,-0.999459,0
5402,0,0,0,0,965,251,6618,665,7283,-0.0309727,0.011623,-0.999453,0
5366,0,0,0,0,985,248,6599,774,7373,-0.0177519,0.0153514,-0.999725,0
5415,0,0,0,0,958,249,6622,782,7404,-0.0145771,0.00929727,-0.99985,0
5385,0,0,0,0,966,250,6601,895,7496,-0.0340012,0.00568018,-0.999406,0
5493,0,0,0,0,968,245,6706,830,7536,-0.0313263,0.0196063,-0.999317,0
5376,0,0,0,0,968,250,6594,696,7290,-0.0214807,0.00979964,-0.999721,0
5633,0,0,0,0,1323,322,7278,778,8056,-0.0132026,0.0105331,-0.999857,0
5290,0,0,0,0,956,250,6496,759,7255,-0.0225669,0.0183435,-0.999577,0
5155,0,0,0,0,957,260,6372,813,7185,-0.0130698,0.0192485,-0.999729,0
5387,0,0,0,0,964,268,6619,489,7108,-0.0334244,0.00859621,-0.999404,0
5488,0,0,0,0,969,251,6708,824,7532,-0.0307643,0.00822649,-0.999493,0
5259,0,0,0,0,987,248,6494,810,7304,-0.0230255,0.0206835,-0.999521,0
5200,0,0,0,0,946,244,6390,767,7157,-0.0417118,0.00795664,-0.999098,0
5318,0,0,0,0,1020,250,6588,785,7373,-0.0328104,0.0104709,-0.999407,0
5426,0,0,0,0,992,245,6663,724,7387,-0.0326163,0.0079641,-0.999436,0
3484,0,0,0,0,637,161,4282,467,4749,-0.0276016,0.0157123,-0.999496,0
5412,0,0,0,0,966,245,6623,742,7365,-0.0344351,0.0178871,-0.999247,0
5486,0,0,0,0,1032,246,6764,731,7495,-0.0285559,0.0113429,-0.999528,0
5417,0,0,0,0,954,241,6612,739,7351,-0.0131799,0.0129166,-0.99983,0
5350,0,0,0,0,962,245,6557,714,7271,-0.0123702,0.0163212,-0.99979,0
5556,0,0,0,0,957,247,6760,749,7509,-0.0209933,0.00973897,-0.999732,0
6205,0,0,0,0,993,272,7470,945,8415,-0.0337642,0.00680386,-0.999407,0
5494,0,0,0,0,986,265,6745,719,7464,-0.0367057,0.011328,-0.999262,0
5489,0,0,0,0,1032,250,6771,745,7516,-0.0161722,0.0178163,-0.99971,0
5458,0,0,0,0,954,246,6658,951,7609,-0.0377841,0.0179428,-0.999125,0
5337,0,0,0,0,961,246,6544,691,7235,-0.0331758,0.0201212,-0.999247,0
5392,0,0,0,0,958,265,6615,839,7454,-0.0250261,0.0224494,-0.999435,0
5564,0,0,0,0,987,250,6801,725,7526,-0.0150627,0.0145484,-0.999781,0
5237,0,0,0,0,961,242,6440,792,7232,-0.0138312,0.0154647,-0.999785,0
5577,0,0,0,0,685,166,6428,522,6950,-0.0222091,0.0183821,-0.999584,0
3543,0,0,0,0,629,161,4333,496,4829,-0.0344011,0.00851002,-0.999372,0
5289,0,0,0,0,978,248,6515,872,7387,-0.0131456,0.0107391,-0.999856,0
5500,0,0,0,0,951,246,6697,760,7457,-0.0336992,0.00889649,-0.999392,0
3440,0,0,0,0,475,123,4038,513,4551,-0.0175756,0.0166837,-0.999706,0
3007,0,0,0,0,547,137,3691,402,4093,-0.0264545,0.00929934,-0.999607,0
5390,0,0,0,0,989,247,6626,767,7393,-0.034594,0.0107666,-0.999343,0
5334,0,0,0,0,1281,299,6914,754,7668,-0.0366466,0.0109525,-0.999268,0
5301,0,0,0,0,973,248,6522,769,7291,-0.0119547,0.0118284,-0.999859,0
5269,0,0,0,0,942,246,6457,782,7239,-0.0357347,0.0100291,-0.999311,0
5541,0,0,0,0,955,251,6747,955,7702,-0.0151813,0.0163082,-0.999752,0
5890,0,0,0,0,1277,278,7445,698,8143,-0.021033,0.00994854,-0.999729,0
3605,0,0,0,0,632,165,4402,526,4928,-0.0357612,0.0106121,-0.999304,0
5347,0,0,0,0,963,250,6560,855,7415,-0.036,0.00940203,-0.999308,0
5353,0,0,0,0,962,249,6564,753,7317,-0.0440926,0.0179016,-0.998867,0
5413,0,0,0,0,949,243,6605,697,7302,-0.0331051,0.0108727,-0.999393,0
4927,0,0,0,0,860,225,6012,599,6611,-0.0140309,0.0133808,-0.999812,0
4980,0,0,0,0,1179,265,6424,610,7034,-0.0336598,0.0150914,-0.999319,0
5305,0,0,0,0,955,245,6505,871,7376,-0.039472,0.0257561,-0.998889,0
5446,0,0,0,0,961,252,6659,719,7378,-0.0291507,0.0217823,-0.999338,0
5286,0,0,0,0,919,213,6418,561,6979,-0.0235598,0.0231534,-0.999454,0
2742,0,0,0,0,480,125,3347,386,3733,-0.0123526,0.013366,-0.999834,0
5216,0,0,0,0,1012,272,6500,704,7204,-0.0216663,0.0104831,-0.99971,0
5318,0,0,0,0,983,250,6551,682,7233,-0.0116644,0.0120426,-0.999859,0
5531,0,0,0,0,965,251,6747,670,7417,-0.0227563,0.0147004,-0.999633,0
5296,0,0,0,0,960,274,6530,729,7259,-0.0348055,0.010677,-0.999337,0
5385,0,0,0,0,953,246,6584,819,7403,-0.0309783,0.00776897,-0.99949,0
5412,0,0,0,0,992,246,6650,865,7515,-0.0366786,0.00840621,-0.999292,0
5366,0,0,0,0,966,249,6581,672,7253,-0.0279048,0.0146118,-0.999504,0
5881,0,0,0,0,967,251,7099,780,7879,-0.0122374,0.0113746,-0.99986,0
5440,0,0,0,0,989,248,6677,771,7448,-0.0159781,0.0168676,-0.99973,0
5539,0,0,0,0,977,255,6771,721,7492,-0.0350571,0.00775291,-0.999355,0
5419,0,0,0,0,1355,328,7102,985,8087,-0.0392211,0.00967827,-0.999184,0
5547,0,0,0,0,1011,249,6807,929,7736,-0.03201,0.0121867,-0.999413,0
5474,0,0,0,0,961,249,6684,826,7510,-0.0364183,0.0105213,-0.999281,0
3497,0,0,0,0,637,165,4299,467,4766,-0.0357303,0.010178,-0.99931,0
5339,0,0,0,0,961,251,6551,760,7311,-0.0345179,0.018792,-0.999227,0
5404,0,0,0,0,999,299,6702,839,7541,-0.0278509,0.0250739,-0.999298,0
5339,0,0,0,0,993,252,6584,807,7391,-0.0112564,0.0156639,-0.999814,0
5282,0,0,0,0,997,292,6571,801,7372,-0.0112887,0.0101825,-0.999884,0
5323,0,0,0,0,982,245,6550,851,7401,-0.0463927,0.0113144,-0.998859,0
5439,0,0,0,0,994,256,6689,715,7404,-0.0296132,0.0115263,-0.999495,0
5508,0,0,0,0,955,290,6753,787,7540,-0.0137166,0.0137724,-0.999811,0
5399,0,0,0,0,971,254,6624,748,7372,-0.0329345,0.0104022,-0.999403,0
3594,0,0,0,0,642,166,4402,517,4919,-0.0330152,0.00782996,-0.999424,0
5426,0,0,0,0,967,253,6646,709,7355,-0.0254758,0.00980782,-0.999627,0
5368,0,0,0,0,984,250,6602,708,7310,-0.0403384,0.0174752,-0.999033,0
5497,0,0,0,0,1365,316,7178,856,8034,-0.0208609,0.0115148,-0.999716,0
5475,0,0,0,0,974,251,6700,723,7423,-0.0414664,0.00808564,-0.999107,0
5947,0,0,0,0,1045,258,7250,788,8038,-0.0184732,0.0127377,-0.999748,0
5415,0,0,0,0,962,285,6662,846,7508,-0.0179467,0.0119893,-0.999767,0
6305,0,0,0,0,1036,274,7615,682,8297,-0.0308097,0.00622735,-0.999506,0
6191,0,0,0,0,1100,250,7541,788,8329,-0.0226511,0.0177333,-0.999586,0
5470,0,0,0,0,994,249,6713,795,7508,-0.0173496,0.0108455,-0.999791,0
5316,0,0,0,0,1142,252,6710,719,7429,-0.0292357,0.0210551,-0.999351,0
5372,0,0,0,0,965,276,6613,731,7344,-0.0296974,0.0208728,-0.999341,0
5494,0,0,0,0,979,276,6749,745,7494,-0.0311599,0.00786801,-0.999483,0
5477,0,0,0,0,1023,255,6755,791,7546,-0.0139214,0.0155739,-0.999782,0
5352,0,0,0,0,1030,272,6654,644,7298,-0.0319796,0.012469,-0.999411,0
5598,0,0,0,0,1215,298,7111,797,7908,-0.0120194,0.00971629,-0.999881,0
5659,0,0,0,0,1036,268,6963,711,7674,-0.0222812,0.0162303,-0.99962,0
5558,0,0,0,0,1032,265,6855,705,7560,-0.0217735,0.0185327,-0.999591,0
5319,0,0,0,0,1078,309,6706,840,7546,-0.0387567,0.0133049,-0.99916,0
5484,0,0,0,0,1043,263,6790,700,7490,-0.0337903,0.0201558,-0.999226,0
5612,0,0,0,0,1013,263,6888,698,7586,-0.0475808,0.0246559,-0.998563,0
5482,0,0,0,0,1019,262,6763,643,7406,-0.032092,0.00920456,-0.999443,0
5508,0,0,0,0,1105,270,6883,690,7573,-0.013561,0.0202061,-0.999704,0
5418,0,0,0,0,1042,283,6743,632,7375,-0.023927,0.0116081,-0.999646,0
5652,0,0,0,0,1023,267,6942,721,7663,-0.0253985,0.0254137,-0.999354,0
5777,0,0,0,0,1400,322,7499,844,8343,-0.0149068,0.0254385,-0.999565,0
5511,0,0,0,0,1017,265,6793,710,7503,-0.0318698,0.00546261,-0.999477,0
5425,0,0,0,0,1420,344,7189,887,8076,-0.0462252,0.00599117,-0.998913,0
5488,0,0,0,0,1027,265,6780,761,7541,-0.0360248,0.00734245,-0.999324,0
5464,0,0,0,0,1384,269,7117,862,7979,-0.0369465,0.0116208,-0.99925,0
5581,0,0,0,0,1016,260,6857,839,7696,-0.0435318,0.0235982,-0.998773,0
5487,0,0,0,0,1108,268,6863,709,7572,-0.0351763,0.00966125,-0.999334,0
5488,0,0,0,0,1031,263,6782,880,7662,-0.0520686,0.0237679,-0.998361,0
5364,0,0,0,0,1035,257,6656,741,7397,-0.0176108,0.0129708,-0.999761,0
5403,0,0,0,0,1012,259,6674,688,7362,-0.0285163,0.0072185,-0.999567,0
5404,0,0,0,0,1035,262,6701,730,7431,-0.03471,0.00569421,-0.999381,0
5414,0,0,0,0,1000,260,6674,752,7426,-0.0348561,0.00537247,-0.999378,0
5474,0,0,0,0,1012,265,6751,808,7559,-0.0325877,0.00609332,-0.99945,0
5495,0,0,0,0,1304,287,7086,784,7870,-0.0110486,0.00845391,-0.999903,0
3645,0,0,0,0,514,130,4289,359,4648,-0.0222593,0.00525494,-0.999738,0
2567,0,0,0,0,473,122,3162,327,3489,-0.0347287,0.0220127,-0.999154,0
5372,0,0,0,0,984,256,6612,828,7440,-0.0133721,0.016014,-0.999782,0
5305,0,0,0,0,960,245,6510,770,7280,-0.0343256,0.00937061,-0.999367,0
5546,0,0,0,0,957,251,6754,777,7531,-0.0366469,0.012617,-0.999249,0
5467,0,0,0,0,931,264,6662,623,7285,-0.0397063,0.0136085,-0.999119,0
5319,0,0,0,0,994,265,6578,858,7436,-0.0246909,0.0167987,-0.999554,0
5517,0,0,0,0,921,260,6698,704,7402,-0.0154942,0.0211316,-0.999657,0
5491,0,0,0,0,886,229,6606,917,7523,-0.0140402,0.0162225,-0.99977,0
5343,0,0,0,0,858,214,6415,1069,7484,-0.013791,0.032604,-0.999373,0
5608,0,0,0,0,827,213,6648,682,7330,-0.0133946,0.0382067,-0.99918,0
5487,0,0,0,0,830,208,6525,807,7332,-0.0287871,0.0539244,-0.99813,0
5457,0,0,0,0,793,203,6453,229,6682,-0.0148233,0.0515815,-0.998559,0
5765,0,0,0,0,819,204,6788,883,7671,-0.0393054,0.0640677,-0.997171,0
5769,0,0,0,0,858,207,6834,281,7115,0.0576316,0.113104,-0.99191,0
5828,0,0,0,0,826,208,6862,386,7248,-0.0274691,0.0723323,-0.997002,0
6029,0,0,0,0,793,204,7026,304,7330,-0.05127,0.107285,-0.992906,0
6027,0,0,0,0,767,215,7009,316,7325,-0.0552715,0.113541,-0.991995,0
6114,0,0,0,0,707,186,7007,331,7338,-0.0552481,0.114715,-0.991861,0
6051,0,0,0,0,668,191,6910,286,7196,-0.0463838,0.0949742,-0.994399,0
5276,0,0,0,0,408,108,5792,233,6025,-0.0468384,0.10794,-0.993053,0
3056,0,0,0,0,422,87,3565,211,3776,-0.0228452,0.0510999,-0.998432,0
5810,0,0,0,0,501,133,6444,274,6718,-0.0398256,0.102014,-0.993985,0
6207,0,0,0,0,466,126,6799,357,7156,-0.0146325,0.0689353,-0.997514,0
5981,0,0,0,0,454,134,6569,328,6897,0.00355906,0.0795856,-0.996822,0
6146,0,0,0,0,396,110,6652,389,7041,0.0231034,0.0817143,-0.996388,0
6137,0,0,0,0,381,108,6626,346,6972,0.0158593,0.103738,-0.994478,0
3863,0,0,0,0,286,68,4217,244,4461,-0.00410897,0.082356,-0.996595,0
5920,0,0,0,0,377,116,6413,378,6791,-0.0256638,0.112913,-0.993273,0
5567,0,0,0,0,290,146,6003,364,6367,-0.0175171,0.0680313,-0.997529,0
5454,0,0,0,0,243,73,5770,344,6114,-0.00976939,0.0430879,-0.999024,0
5479,0,0,0,0,200,63,5742,323,6065,0.0315265,-0.0492485,-0.998289,0
5045,0,0,0,0,181,55,5281,334,5615,0.0096913,0.0145561,-0.999847,0
5033,0,0,0,0,156,50,5239,326,5565,0.0312291,-0.048011,-0.998358,0
4491,0,0,0,0,97,33,4621,229,4850,0.0145472,0.026688,-0.999538,0
4375,0,0,0,0,116,41,4532,256,4788,0.0395936,-0.0187264,-0.99904,0
4941,0,0,0,0,125,43,5109,287,5396,0.0617322,0.0645213,-0.996005,0
4723,0,0,0,0,115,49,4887,295,5182,0.0586726,0.0990307,-0.993353,0
4782,0,0,0,0,101,38,4921,301,5222,0.059628,0.0653929,-0.996076,0
4757,0,0,0,0,86,35,4878,298,5176,0.0391152,-0.0718243,-0.99665,0
4554,0,0,0,0,75,35,4664,293,4957,0.0632669,-0.15642,-0.985662,0
4323,0,0,0,0,69,31,4423,292,4715,0.0813321,-0.267164,-0.960213,0
4371,0,0,0,0,79,35,4485,277,4762,0.0649777,-0.193416,-0.978963,0
4394,0,0,0,0,86,37,4517,280,4797,0.0772169,-0.22895,-0.970371,0
4377,0,0,0,0,97,42,4516,294,4810,0.0804058,-0.233982,-0.96891,0
4277,0,0,0,0,100,41,4418,282,4700,0.0775643,-0.232874,-0.969409,0
4212,0,0,0,0,102,39,4353,288,4641,0.0777729,-0.257067,-0.963259,0
4263,0,0,0,0,101,41,4405,302,4707,0.0644913,-0.216352,-0.974183,0
4280,0,0,0,0,104,41,4425,291,4716,0.0713097,-0.217721,-0.973403,0
4121,0,0,0,0,118,43,4282,334,4616,0.0676948,-0.169772,-0.983155,0
4149,0,0,0,0,154,48,4351,333,4684,0.0619152,-0.134944,-0.988917,0
4120,0,0,0,0,155,53,4328,313,4641,0.0531649,-0.105283,-0.99302,0
4127,0,0,0,0,178,56,4361,388,4749,0.0643648,-0.154405,-0.985909,0
4175,0,0,0,0,212,78,4465,380,4845,0.078841,-0.0261233,-0.996545,0
4245,0,0,0,0,240,72,4557,444,5001,0.0397731,-0.0601479,-0.997397,0
4150,0,0,0,0,264,78,4492,493,4985,0.0755383,-0.133678,-0.988142,0
4243,0,0,0,0,313,87,4643,647,5290,0.0798809,-0.115949,-0.990038,0
4312,0,0,0,0,329,94,4735,682,5417,0.0286438,-0.0342342,-0.999003,0
4548,0,0,0,0,358,102,5008,638,5646,0.0167569,-0.0323249,-0.999337,0
4563,0,0,0,0,515,119,5197,855,6052,0.0114755,-0.0332488,-0.999381,0
4677,0,0,0,0,439,144,5260,916,6176,-0.00644205,-0.0194475,-0.99979,0
4690,0,0,0,0,489,130,5309,961,6270,-0.0396883,0.0816034,-0.995874,0
4675,0,0,0,0,536,144,5355,592,5947,-0.0310212,0.075168,-0.996688,0
4613,0,0,0,0,578,148,5339,615,5954,-0.0537768,0.0925953,-0.994251,0
4767,0,0,0,0,612,161,5540,520,6060,-0.0296537,0.0805372,-0.99631,0
4911,0,0,0,0,657,171,5739,535,6274,-0.0212319,0.087575,-0.995932,0
4882,0,0,0,0,750,210,5842,556,6398,-0.0145821,0.0949952,-0.995371,0
5152,0,0,0,0,757,195,6104,538,6642,-0.0185151,0.0807821,-0.99656,0
5204,0,0,0,0,745,213,6162,583,6745,-0.023033,0.0848556,-0.996127,0
6242,0,0,0,0,817,208,7267,539,7806,-0.0293718,0.0975894,-0.994793,0
5401,0,0,0,0,895,221,6517,538,7055,-0.0445509,0.115164,-0.992347,0
5404,0,0,0,0,1481,305,7190,811,8001,-0.0740171,0.144347,-0.986755,0
5499,0,0,0,0,1097,271,6867,1413,8280,-0.0886725,0.233258,-0.968364,0
5683,0,0,0,0,1197,293,7173,1340,8513,-0.372042,-0.351871,-0.858936,0
5956,0,0,0,0,1372,329,7657,415,8072,0.0381841,0.0552355,-0.997743,0
6306,0,0,0,0,1537,375,8218,593,8811,0.0316311,0.0787088,-0.996396,0
7534,0,0,0,0,1711,413,9658,711,10369,0.00621406,0.0669963,-0.997734,0
5366,0,0,0,0,1191,296,6853,759,7612,0.0194175,0.0858633,-0.996118,0
4617,0,0,0,0,1241,325,6183,698,6881,0.160459,-0.29628,-0.941526,0
7275,0,0,0,0,1932,469,9676,407,10083,0.174986,0.143872,-0.974002,0
5021,0,0,0,0,1326,239,6586,1174,7760,0.100414,0.20439,-0.973726,0
4326,0,0,0,0,1307,309,5942,1520,7462,0.09304,0.194671,-0.976446,0
7748,0,0,0,0,2311,547,10606,2273,12879,-0.0372683,0.214588,-0.975993,0
6297,0,0,0,0,1420,370,8087,1550,9637,-0.0457574,0.195338,-0.979668,0
3570,0,0,0,0,1022,249,4841,1126,5967,-0.0643727,0.172344,-0.982931,0
5528,0,0,0,0,1543,377,7448,1619,9067,-0.0559013,0.147727,-0.987447,0
6172,0,0,0,0,1462,375,8009,1933,9942,-0.0576427,0.128859,-0.989986,0
5283,0,0,0,0,1399,338,7020,1358,8378,-0.0775483,0.136384,-0.987616,0
6673,0,0,0,0,1671,413,8757,2284,11041,-0.0339896,0.134695,-0.990304,0
6604,0,0,0,0,1768,399,8771,2162,10933,-0.0502178,0.114364,-0.992169,0
6518,0,0,0,0,1563,374,8455,1776,10231,-0.0461639,0.0959121,-0.994319,0
7393,0,0,0,0,1521,360,9274,1228,10502,-0.0422883,0.0989283,-0.994196,0
6398,0,0,0,0,1440,350,8188,1531,9719,-0.0502939,0.0802518,-0.995505,0
6401,0,0,0,0,1348,322,8071,1041,9112,-0.0604991,0.0920694,-0.993913,0
7486,0,0,0,0,1790,369,9645,1188,10833,-0.0714588,0.116473,-0.99062,0
4041,0,0,0,0,774,189,5004,779,5783,-0.0672777,0.0909248,-0.993583,0
7229,0,0,0,0,1070,265,8564,1320,9884,-0.0840998,0.069373,-0.994039,0
5939,0,0,0,0,1040,252,7231,1232,8463,-0.174822,0.116975,-0.977627,0
6296,0,0,0,0,952,234,7482,952,8434,-0.18484,0.122122,-0.975152,0
5490,0,0,0,0,887,211,6588,690,7278,-0.140796,0.131137,-0.981315,0
5448,0,0,0,0,825,199,6472,750,7222,-0.140669,0.11341,-0.98354,0
5265,0,0,0,0,692,193,6150,974,7124,-0.159428,0.113963,-0.98061,0
5161,0,0,0,0,626,162,5949,691,6640,-0.150223,0.107986,-0.982737,0
5096,0,0,0,0,582,150,5828,656,6484,-0.143862,0.117581,-0.982588,0
4846,0,0,0,0,546,145,5537,705,6242,-0.133187,0.138247,-0.981402,0
4759,0,0,0,0,508,136,5403,686,6089,-0.119001,0.124419,-0.985068,0
4406,0,0,0,0,627,147,5180,652,5832,-0.124837,0.123359,-0.984479,0
4309,0,0,0,0,465,124,4898,822,5720,-0.162256,0.187254,-0.968818,0
4191,0,0,0,0,504,125,4820,703,5523,-0.130112,0.148877,-0.980258,0
4221,0,0,0,0,434,119,4774,770,5544,-0.113165,0.143642,-0.983138,0
4236,0,0,0,0,448,119,4803,793,5596,-0.0751602,0.121248,-0.989773,0
4175,0,0,0,0,445,116,4736,699,5435,-0.0844757,0.132308,-0.987602,0
4349,0,0,0,0,414,114,4877,614,5491,-0.119211,0.216636,-0.968947,0
4302,0,0,0,0,406,125,4833,602,5435,-0.112485,0.194736,-0.974384,0
4105,0,0,0,0,493,131,4729,606,5335,-0.101298,0.194176,-0.975722,0
4138,0,0,0,0,425,131,4694,557,5251,-0.094497,0.18553,-0.978084,0
4251,0,0,0,0,398,114,4763,544,5307,-0.0881281,0.173409,-0.980899,0
4323,0,0,0,0,408,115,4846,481,5327,-0.082918,0.181384,-0.97991,0
4510,0,0,0,0,403,116,5029,510,5539,-0.0816714,0.152231,-0.984965,0
4354,0,0,0,0,405,113,4872,475,5347,-0.0730797,0.172154,-0.982355,0
6474,0,0,0,0,611,148,7233,473,7706,-0.0817885,0.191073,-0.978162,0
4192,0,0,0,0,445,116,4753,477,5230,-0.0673339,0.14176,-0.987608,0
4207,0,0,0,0,426,115,4748,491,5239,-0.085892,0.189649,-0.978088,0
4254,0,0,0,0,413,112,4779,417,5196,-0.0801984,0.182067,-0.98001,0
4185,0,0,0,0,413,115,4713,420,5133,-0.0800754,0.184744,-0.979519,0
4286,0,0,0,0,439,120,4845,393,5238,-0.0928386,0.211777,-0.972899,0
4472,0,0,0,0,683,156,5311,437,5748,-0.107189,0.249499,-0.962424,0
4746,0,0,0,0,510,139,5395,344,5739,-0.115245,0.280248,-0.952985,0
4494,0,0,0,0,665,193,5352,380,5732,-0.117285,0.21507,-0.96953,0
4543,0,0,0,0,602,154,5299,303,5602,-0.0417329,0.203226,-0.978242,0
4678,0,0,0,0,661,165,5504,319,5823,-0.057176,0.18147,-0.981733,0
4600,0,0,0,0,625,160,5385,302,5687,-0.0562252,0.151463,-0.986863,0
4577,0,0,0,0,612,163,5352,280,5632,-0.0396991,0.0913052,-0.995031,0
4659,0,0,0,0,622,164,5445,288,5733,-0.0472703,0.108297,-0.992994,0
4707,0,0,0,0,660,163,5530,257,5787,-0.0427229,0.10427,-0.993631,0
4620,0,0,0,0,595,166,5381,287,5668,-0.0426979,0.109133,-0.99311,0
4690,0,0,0,0,910,215,5815,343,6158,-0.0576124,0.128355,-0.990053,0
4656,0,0,0,0,602,163,5421,238,5659,-0.080924,0.211575,-0.974006,0
4757,0,0,0,0,856,211,5824,344,6168,-0.0664074,0.137896,-0.988218,0
4686,0,0,0,0,605,185,5476,365,5841,-0.058351,0.141689,-0.98819,0
4375,0,0,0,0,633,184,5192,263,5455,-0.0635804,0.167672,-0.98379,0
4722,0,0,0,0,634,166,5522,231,5753,-0.0792529,0.401236,-0.91254,0
4468,0,0,0,0,617,163,5248,329,5577,-0.0627391,0.155109,-0.985903,0
4678,0,0,0,0,639,164,5481,230,5711,-0.109427,0.213378,-0.970822,0
4511,0,0,0,0,616,179,5306,370,5676,-0.0628445,0.142072,-0.987859,0
4544,0,0,0,0,637,170,5351,369,5720,-0.0598984,0.139671,-0.988385,0
4424,0,0,0,0,631,168,5223,348,5571,-0.0580431,0.140105,-0.988434,0
4527,0,0,0,0,632,168,5327,344,5671,-0.0576363,0.141674,-0.988234,0
4773,0,0,0,0,621,172,5566,368,5934,-0.0564968,0.134856,-0.989253,0
4520,0,0,0,0,650,194,5364,353,5717,-0.0603331,0.14275,-0.987918,0
4611,0,0,0,0,655,166,5432,336,5768,-0.05778,0.137338,-0.988838,0
4670,0,0,0,0,634,168,5472,357,5829,-0.0533636,0.137528,-0.989059,0
4510,0,0,0,0,635,187,5332,250,5582,-0.086999,0.219785,-0.971661,0
4712,0,0,0,0,634,169,5515,297,5812,-0.0981429,0.247663,-0.963862,0
4796,0,0,0,0,964,241,6001,368,6369,-0.103927,0.224591,-0.968895,0
4717,0,0,0,0,641,195,5553,360,5913,-0.0564024,0.138594,-0.988742,0
4586,0,0,0,0,653,173,5412,233,5645,-0.0982196,0.261654,-0.960151,0
4506,0,0,0,0,636,178,5320,306,5626,-0.0915849,0.139619,-0.985961,0
4921,0,0,0,0,678,172,5771,253,6024,-0.0652947,0.122922,-0.990266,0
4809,0,0,0,0,655,172,5636,291,5927,-0.0241503,0.0179822,-0.999547,0
5436,0,0,0,0,421,114,5971,212,6183,-0.0523817,0.125026,-0.99077,0
3108,0,0,0,0,416,114,3638,236,3874,-0.0493012,0.126458,-0.990746,0
5956,0,0,0,0,668,172,6796,376,7172,-0.052194,0.131112,-0.989993,0
4736,0,0,0,0,645,172,5553,424,5977,-0.0614075,0.139339,-0.988339,0
4571,0,0,0,0,648,172,5391,407,5798,-0.056296,0.131233,-0.989752,0
4569,0,0,0,0,714,171,5454,420,5874,-0.0550666,0.136999,-0.989039,0
4696,0,0,0,0,628,168,5492,381,5873,-0.0526106,0.135749,-0.989345,0
4741,0,0,0,0,698,171,5610,244,5854,-0.0537739,0.135335,-0.98934,0
3973,0,0,0,0,569,157,4699,308,5007,-0.0535359,0.136186,-0.989236,0
4106,0,0,0,0,549,147,4802,211,5013,-0.171827,0.52242,-0.835197,0
3990,0,0,0,0,558,145,4693,251,4944,-0.0893873,0.149912,-0.98465,0
4409,0,0,0,0,648,165,5222,343,5565,-0.0607688,0.1425,-0.987928,0
4625,0,0,0,0,627,167,5419,348,5767,-0.061563,0.140436,-0.988174,0
4453,0,0,0,0,873,204,5530,322,5852,-0.137094,0.411494,-0.901043,1
4653,0,0,0,0,639,166,5458,273,5731,-0.0840375,0.150988,-0.984957,1
4461,0,0,0,0,651,209,5321,252,5573,-0.0493637,0.210245,-0.976402,1
4702,0,0,0,0,658,171,5531,272,5803,-0.0599352,0.135496,-0.988963,1
4644,0,0,0,0,626,168,5438,373,5811,-0.0603552,0.142955,-0.987887,1
4630,0,0,0,0,633,167,5430,344,5774,-0.0552112,0.135046,-0.9893,1
4479,0,0,0,0,627,168,5274,346,5620,-0.0557462,0.137174,-0.988977,1
4545,0,0,0,0,628,165,5338,336,5674,-0.057002,0.137479,-0.988863,1
4589,0,0,0,0,631,168,5388,362,5750,-0.0543007,0.134827,-0.98938,1
4574,0,0,0,0,651,170,5395,335,5730,-0.0627327,0.144408,-0.987528,1
4466,0,0,0,0,628,197,5291,371,5662,-0.0577421,0.140298,-0.988424,1
4476,0,0,0,0,627,168,5271,-1000,-1000,-1,-1,-1,1
4629,0,0,0,0,660,169,5458,288,5746,-0.050506,0.116632,-0.99189,1
4492,0,0,0,0,628,170,5290,355,5645,-0.0552503,0.138605,-0.988805,1
4485,0,0,0,0,629,173,5287,244,5531,-0.142969,0.542841,-0.827577,1
4505,0,0,0,0,669,170,5344,295,5639,-0.0578432,0.155024,-0.986216,1
4463,0,0,0,0,639,174,5276,353,5629,-0.0612659,0.145246,-0.987497,1
4465,0,0,0,0,651,167,5283,352,5635,-0.0502893,0.144947,-0.988161,1
4806,0,0,0,0,647,168,5621,233,5854,-0.199929,0.462762,-0.863643,1
4626,0,0,0,0,653,185,5464,266,5730,-0.0539648,0.149709,-0.987256,1
4520,0,0,0,0,883,225,5628,378,6006,-0.0597767,0.144772,-0.987658,1
4683,0,0,0,0,625,167,5475,378,5853,-0.05886,0.139892,-0.988416,1
4538,0,0,0,0,621,165,5324,-1000,-1000,-1,-1,-1,1
4564,0,0,0,0,643,167,5374,301,5675,-0.0525158,0.120502,-0.991323,1
4457,0,0,0,0,644,188,5289,235,5524,-0.0626417,0.14709,-0.987137,1
4497,0,0,0,0,665,169,5331,242,5573,0.111182,-0.397209,-0.910968,1
4690,0,0,0,0,694,172,5556,306,5862,-0.0558659,0.135737,-0.989169,1
4813,0,0,0,0,618,167,5598,256,5854,-0.0118428,-0.018349,-0.999761,1
4681,0,0,0,0,628,163,5472,288,5760,-0.0472145,0.131196,-0.990231,1
4608,0,0,0,0,615,164,5387,247,5634,-0.126787,0.149143,-0.980654,1
4529,0,0,0,0,625,165,5319,290,5609,-0.0147973,0.160661,-0.986899,1
4401,0,0,0,0,682,186,5269,406,5675,-0.0651224,0.137827,-0.988313,1
4459,0,0,0,0,627,170,5256,370,5626,-0.0577103,0.146443,-0.987534,1
4618,0,0,0,0,616,164,5398,269,5667,-0.0825687,0.227756,-0.970211,1
4587,0,0,0,0,610,177,5374,263,5637,-0.0680046,0.196772,-0.978088,1
4428,0,0,0,0,621,162,5211,296,5507,-0.0793503,0.221339,-0.971963,1
4426,0,0,0,0,741,213,5380,339,5719,-0.0505191,0.0845206,-0.99514,1
4448,0,0,0,0,615,164,5227,333,5560,-0.0494584,0.129223,-0.990381,1
4475,0,0,0,0,659,165,5299,253,5552,-0.0836512,0.232112,-0.969085,1
4754,0,0,0,0,866,198,5818,368,6186,-0.0722591,0.113389,-0.99092,1
4487,0,0,0,0,610,164,5261,246,5507,-0.0424817,0.159324,-0.986312,1
4517,0,0,0,0,632,165,5314,281,5595,-0.0735115,0.15102,-0.985794,1
4456,0,0,0,0,659,168,5283,366,5649,-0.0563885,0.137777,-0.988857,1
4581,0,0,0,0,606,163,5350,230,5580,-0.0630217,0.157274,-0.985542,1
5036,0,0,0,0,650,194,5880,228,6108,0.032505,-0.166264,-0.985545,1
4546,0,0,0,0,613,164,5323,274,5597,-0.0544402,0.142715,-0.988265,1
4546,0,0,0,0,615,164,5325,339,5664,-0.0518175,0.137149,-0.989194,1
4442,0,0,0,0,616,164,5222,373,5595,-0.0551946,0.1377,-0.988935,1
4716,0,0,0,0,614,163,5493,258,5751,-0.0570491,0.140073,-0.988496,1
4560,0,0,0,0,618,164,5342,243,5585,-0.0847116,0.210488,-0.973919,1
4438,0,0,0,0,620,162,5220,255,5475,0.0787788,-0.176194,-0.981198,1
4453,0,0,0,0,620,162,5235,305,5540,-0.0506916,0.134217,-0.989655,1
5587,0,0,0,0,741,184,6512,265,6777,0.0208884,-0.181161,-0.983232,1
4498,0,0,0,0,621,166,5285,295,5580,-0.0693171,0.186476,-0.980011,1
4502,0,0,0,0,621,174,5297,267,5564,-0.0883169,0.184466,-0.978863,1
4484,0,0,0,0,632,167,5283,345,5628,-0.0516905,0.134614,-0.989549,1
4538,0,0,0,0,618,175,5331,264,5595,-0.0765138,0.192576,-0.978294,1
4514,0,0,0,0,641,194,5349,250,5599,-0.102462,0.223242,-0.969363,1
5665,0,0,0,0,618,189,6472,271,6743,0.108055,-0.245033,-0.963474,1
5355,0,0,0,0,612,166,6133,304,6437,-0.0439995,0.110701,-0.992879,1
4527,0,0,0,0,661,166,5354,363,5717,-0.0551155,0.130181,-0.989957,1
4621,0,0,0,0,640,167,5428,335,5763,-0.061679,0.134709,-0.988964,1
4861,0,0,0,0,724,169,5754,234,5988,-0.0965011,0.257766,-0.961376,1
4541,0,0,0,0,614,164,5319,279,5598,-0.0887148,0.139005,-0.98631,1
4482,0,0,0,0,650,166,5298,246,5544,-0.0218221,-0.0849541,-0.996146,1
4532,0,0,0,0,614,163,5309,272,5581,-0.0510384,0.140272,-0.988797,1
4456,0,0,0,0,625,192,5273,288,5561,0.0888793,-0.416456,-0.904801,1
4517,0,0,0,0,680,167,5364,282,5646,-0.0563358,0.130679,-0.989823,1
4580,0,0,0,0,624,192,5396,265,5661,-0.0214169,0.010823,-0.999712,1
4481,0,0,0,0,626,163,5270,294,5564,-0.0546795,0.131606,-0.989793,1
4491,0,0,0,0,624,166,5281,248,5529,-0.132622,0.378855,-0.915904,1
4723,0,0,0,0,654,211,5588,350,5938,-0.0832927,0.150205,-0.98514,1
4676,0,0,0,0,616,184,5476,441,5917,-0.0570872,0.149667,-0.987087,1
4682,0,0,0,0,649,184,5515,387,5902,-0.0618287,0.164124,-0.9845,1
4697,0,0,0,0,634,178,5509,376,5885,-0.0696451,0.175615,-0.981992,1
4711,0,0,0,0,710,182,5603,442,6045,-0.0774434,0.187442,-0.979218,1
4675,0,0,0,0,687,182,5544,381,5925,-0.0485162,0.216626,-0.975048,1
4656,0,0,0,0,712,185,5553,250,5803,0.150517,-0.0117797,-0.988537,1
4687,0,0,0,0,722,192,5601,297,5898,-0.0525348,0.17289,-0.983539,1
4952,0,0,0,0,745,218,5915,488,6403,-0.0709806,0.184747,-0.980219,1
4761,0,0,0,0,783,204,5748,360,6108,-0.0598346,0.202314,-0.977491,1
4986,0,0,0,0,867,215,6068,404,6472,-0.0757107,0.199995,-0.976867,1
5136,0,0,0,0,927,260,6323,385,6708,-0.0674382,0.189228,-0.979615,1
5098,0,0,0,0,1049,256,6403,452,6855,-0.0718304,0.190435,-0.979068,1
5267,0,0,0,0,1041,269,6577,410,6987,-0.0555,0.192036,-0.979817,1
5065,0,0,0,0,1094,274,6433,410,6843,-0.0416925,0.18028,-0.982731,1
6192,0,0,0,0,1127,285,7604,445,8049,-0.0219432,0.185682,-0.982365,1
5238,0,0,0,0,1195,289,6722,452,7174,-0.0302063,0.168751,-0.985196,1
5274,0,0,0,0,1095,289,6658,402,7060,-0.0235858,0.177454,-0.983846,1
5299,0,0,0,0,1125,283,6707,235,6942,-0.0364452,0.169684,-0.984824,1
5334,0,0,0,0,1119,327,6780,495,7275,-0.0503168,0.145085,-0.988139,1
5534,0,0,0,0,1189,301,7024,488,7512,-0.0375725,0.150836,-0.987844,1
5378,0,0,0,0,1179,314,6871,466,7337,-0.0110117,0.160114,-0.987037,1
5294,0,0,0,0,1114,315,6723,241,6964,-0.034176,0.123833,-0.991714,1
5725,0,0,0,0,1228,289,7242,400,7642,-0.0327559,0.17592,-0.983859,1
5747,0,0,0,0,1618,366,7731,339,8070,-0.054269,0.180859,-0.982011,1
5387,0,0,0,0,1013,275,6675,469,7144,-0.0341729,0.191444,-0.980909,1
5238,0,0,0,0,885,224,6347,417,6764,-0.000464107,0.165222,-0.986256,1
5046,0,0,0,0,753,199,5998,265,6263,0.0225134,0.0672147,-0.997485,1
5008,0,0,0,0,687,180,5875,266,6141,-0.00050528,0.105526,-0.994416,1
4833,0,0,0,0,619,164,5616,642,6258,-0.0157383,0.144034,-0.989448,1
4868,0,0,0,0,559,152,5579,757,6336,-0.0196772,0.159668,-0.986975,1
5055,0,0,0,0,550,143,5748,1119,6867,-0.0291496,0.19924,-0.979517,1
4885,0,0,0,0,580,168,5633,1599,7232,-0.0280469,0.151634,-0.988039,1
5180,0,0,0,0,525,140,5845,252,6097,0.00729523,0.169665,-0.985475,1
5083,0,0,0,0,476,129,5688,272,5960,-0.0251878,0.125541,-0.991769,1
5323,0,0,0,0,448,121,5892,281,6173,-0.0413704,0.164365,-0.985532,1
5689,0,0,0,0,446,119,6254,308,6562,-0.0256348,0.124923,-0.991835,1
2436,0,0,0,0,195,52,2683,148,2831,-0.0293526,0.166579,-0.985591,1
2502,0,0,0,0,183,49,2734,180,2914,-0.0251499,0.15335,-0.987852,1
4929,0,0,0,0,344,94,5367,337,5704,0.0260485,0.182144,-0.982927,1
4903,0,0,0,0,329,87,5319,264,5583,0.401794,0.172751,-0.899288,1
4884,0,0,0,0,303,89,5276,-1000,-1000,-1,-1,-1,1
3589,0,0,0,0,194,54,3837,243,4080,0.0303153,0.195826,-0.98017,1
5168,0,0,0,0,320,92,5580,317,5897,-0.0239578,0.322378,-0.946308,1
5387,0,0,0,0,251,74,5712,412,6124,-0.0365717,0.364051,-0.930661,1
5378,0,0,0,0,236,67,5681,433,6114,-0.0209359,0.247461,-0.968672,1
5454,0,0,0,0,250,91,5795,441,6236,0.0299358,0.206688,-0.977949,1
5394,0,0,0,0,212,70,5676,484,6160,0.0347283,0.209893,-0.977107,1
5599,0,0,0,0,204,64,5867,601,6468,0.0482063,0.189686,-0.980661,1
5261,0,0,0,0,178,55,5494,519,6013,0.0669361,0.220888,-0.973,1
5293,0,0,0,0,201,60,5554,424,5978,0.0643603,0.209275,-0.975737,1
5010,0,0,0,0,161,49,5220,475,5695,0.0618635,0.222316,-0.97301,1
4893,0,0,0,0,147,51,5091,506,5597,0.0502424,0.195433,-0.979429,1
4727,0,0,0,0,138,45,4910,491,5401,0.0424033,0.214489,-0.975806,1
4736,0,0,0,0,135,46,4917,514,5431,0.0630276,0.228387,-0.971528,1
4812,0,0,0,0,146,49,5007,479,5486,0.0398298,0.218673,-0.974985,1
4584,0,0,0,0,153,52,4789,464,5253,0.0527128,0.239313,-0.969511,1
4551,0,0,0,0,205,62,4818,450,5268,0.0474425,0.2337,-0.971151,1
4540,0,0,0,0,214,67,4821,463,5284,0.0654184,0.221528,-0.972957,1
4435,0,0,0,0,240,73,4748,478,5226,0.0880095,0.241007,-0.966525,1
4499,0,0,0,0,286,84,4869,562,5431,0.0815772,0.20431,-0.975501,1
4456,0,0,0,0,311,90,4857,602,5459,0.0354276,0.207945,-0.977499,1
4496,0,0,0,0,376,104,4976,743,5719,0.0742261,0.20035,-0.976908,1
4766,0,0,0,0,446,117,5329,744,6073,0.0955876,0.225526,-0.969536,1
4713,0,0,0,0,532,142,5387,672,6059,0.0191395,0.186516,-0.982266,1
5034,0,0,0,0,656,212,5902,774,6676,0.0676262,0.18425,-0.98055,1
5201,0,0,0,0,878,213,6292,698,6990,0.0418014,0.175667,-0.983562,1
5502,0,0,0,0,1000,247,6749,795,7544,0.00941044,0.140351,-0.990057,1
5947,0,0,0,0,1216,290,7453,783,8236,-0.00202289,0.15597,-0.98776,1
6161,0,0,0,0,1450,384,7995,534,8529,7.11437e-05,0.217113,-0.976146,1
6592,0,0,0,0,1719,413,8724,814,9538,0.19272,0.167058,-0.966928,1
7027,0,0,0,0,1783,438,9248,1670,10918,-0.00578411,0.141599,-0.989907,1
7131,0,0,0,0,1883,469,9483,723,10206,-0.00502258,0.133566,-0.991027,1
7076,0,0,0,0,2089,528,9693,525,10218,-0.020378,0.132542,-0.990968,1
7083,0,0,0,0,2893,569,10545,539,11084,0.0104837,0.129351,-0.991543,1
5605,0,0,0,0,1413,341,7359,329,7688,-0.0180355,0.167237,-0.985752,1
10445,0,0,0,0,3003,629,14077,651,14728,-0.0338872,0.24588,-0.968708,1
4762,0,0,0,0,1295,314,6371,1142,7513,-0.0607086,0.273203,-0.960039,1
7136,0,0,0,0,1839,446,9421,2761,12182,-0.0432106,0.284791,-0.957615,1
6608,0,0,0,0,1589,384,8581,3104,11685,-0.0838807,0.261655,-0.961509,1
4260,0,0,0,0,946,229,5435,2479,7914,-0.076523,0.260797,-0.962356,1
6099,0,0,0,0,1272,299,7670,4501,12171,-0.0485498,0.282253,-0.958111,1
6006,0,0,0,0,1042,259,7307,3624,10931,0.0510667,0.268191,-0.962011,1
3865,0,0,0,0,669,169,4703,894,5597,0.102763,0.24582,-0.963853,1
5815,0,0,0,0,879,222,6916,982,7898,0.0980886,0.250673,-0.96309,1
5803,0,0,0,0,828,210,6841,932,7773,0.096098,0.24338,-0.965159,1
6699,0,0,0,0,801,212,7712,702,8414,0.100175,0.234056,-0.967048,1
5483,0,0,0,0,728,187,6398,648,7046,0.0708534,0.235088,-0.969388,1
5214,0,0,0,0,764,179,6157,639,6796,0.0655565,0.225786,-0.971969,1
5257,0,0,0,0,743,189,6189,602,6791,0.0988675,0.235322,-0.966876,1
5206,0,0,0,0,621,182,6009,541,6550,0.0548322,0.195893,-0.979091,1
5046,0,0,0,0,590,162,5798,697,6495,0.0478551,0.214606,-0.975528,1
4898,0,0,0,0,573,152,5623,712,6335,0.0627431,0.216997,-0.974154,1
4539,0,0,0,0,578,155,5272,530,5802,0.06063,0.227457,-0.971899,1
4922,0,0,0,0,589,165,5676,708,6384,0.0402291,0.227826,-0.972871,1
4442,0,0,0,0,525,150,5117,576,5693,0.0183709,0.233572,-0.972166,1
4284,0,0,0,0,493,152,4929,624,5553,-0.0562059,0.192807,-0.979626,1
4228,0,0,0,0,478,129,4835,596,5431,-0.0540686,0.206246,-0.977005,1
4216,0,0,0,0,470,126,4812,530,5342,-0.0573903,0.192521,-0.979613,1
4541,0,0,0,0,419,119,5079,483,5562,-0.0655733,0.212268,-0.975009,1
5409,0,0,0,0,399,132,5940,478,6418,-0.0717944,0.211486,-0.974741,1
4250,0,0,0,0,381,106,4737,478,5215,-0.0695742,0.238736,-0.968589,1
4185,0,0,0,0,380,102,4667,402,5069,-0.0834386,0.270403,-0.959125,1
4279,0,0,0,0,382,105,4766,443,5209,-0.0367554,0.289731,-0.956402,1
4139,0,0,0,0,393,107,4639,387,5026,-0.0742149,0.274917,-0.958599,1
5150,0,0,0,0,409,116,5675,399,6074,-0.0867108,0.259517,-0.961838,1
4190,0,0,0,0,421,114,4725,388,5113,-0.04332,0.301885,-0.952359,1
5260,0,0,0,0,437,144,5841,340,6181,-0.0942814,0.313559,-0.944877,1
4278,0,0,0,0,465,125,4868,349,5217,-0.0395733,0.303168,-0.952115,1
4410,0,0,0,0,488,133,5031,282,5313,-0.115881,0.193136,-0.974305,1
4546,0,0,0,0,499,136,5181,320,5501,-0.046704,0.303526,-0.951678,1
4401,0,0,0,0,557,147,5105,292,5397,-0.075838,0.284808,-0.95558,1
5199,0,0,0,0,568,154,5921,298,6219,-0.0808274,0.318162,-0.944584,1
4489,0,0,0,0,741,166,5396,266,5662,-0.031227,0.305382,-0.951718,1
5034,0,0,0,0,642,173,5849,268,6117,-0.124366,0.295066,-0.947348,1
5174,0,0,0,0,733,186,6093,272,6365,-0.02548,0.311162,-0.950015,1
4941,0,0,0,0,822,309,6072,325,6397,-0.117861,0.313308,-0.94231,1
4906,0,0,0,0,815,213,5934,282,6216,-0.0772682,0.32565,-0.942328,1
4907,0,0,0,0,1249,308,6464,400,6864,-0.0660899,0.324714,-0.9435,1
5245,0,0,0,0,1047,269,6561,268,6829,-0.0697388,0.315015,-0.946521,1
5473,0,0,0,0,1193,311,6977,281,7258,-0.0688525,0.416371,-0.906584,1
5328,0,0,0,0,1230,310,6868,329,7197,-0.050382,0.343277,-0.937882,1
7079,0,0,0,0,1287,319,8685,278,8963,-0.0457536,0.310283,-0.949543,1
5792,0,0,0,0,1338,355,7485,314,7799,-0.0776873,0.302752,-0.949898,1
5908,0,0,0,0,1769,333,8010,307,8317,-0.0938835,0.298575,-0.949757,1
5729,0,0,0,0,1430,374,7533,322,7855,-0.06813,0.327214,-0.942491,1
5895,0,0,0,0,1323,333,7551,308,7859,-0.0828214,0.251008,-0.964435,1
3775,0,0,0,0,787,198,4760,159,4919,-0.0722061,0.289291,-0.954514,1
4814,0,0,0,0,884,217,5915,228,6143,-0.00337434,0.309866,-0.950774,1
4891,0,0,0,0,725,184,5800,219,6019,-0.0961378,0.284272,-0.953911,1
6126,0,0,0,0,698,186,7010,275,7285,0.0199621,0.247509,-0.96868,1
5148,0,0,0,0,652,184,5984,248,6232,-0.0860671,0.215308,-0.972746,1
5619,0,0,0,0,725,156,6500,300,6800,0.0445914,0.267141,-0.962625,1
5151,0,0,0,0,460,118,5729,249,5978,-0.0172395,0.300017,-0.953778,1
5186,0,0,0,0,447,106,5739,264,6003,-0.0122248,0.307129,-0.95159,1
2427,0,0,0,0,166,46,2639,133,2772,0.00654705,0.221013,-0.975249,1
5135,0,0,0,0,345,96,5576,295,5871,-0.0205726,0.277403,-0.960533,1
4902,0,0,0,0,385,104,5391,321,5712,-0.0327076,0.294183,-0.955189,1
4918,0,0,0,0,392,99,5409,361,5770,-0.037629,0.295818,-0.954503,1
5009,0,0,0,0,360,98,5467,358,5825,-0.0301848,0.29859,-0.953904,1
5220,0,0,0,0,351,94,5665,413,6078,-0.0207298,0.259626,-0.965487,1
5232,0,0,0,0,316,88,5636,476,6112,-0.0320075,0.298543,-0.953859,1
5651,0,0,0,0,423,108,6182,675,6857,-0.0364609,0.26886,-0.962489,1
5530,0,0,0,0,272,80,5882,536,6418,-0.041077,0.330648,-0.94286,1
5803,0,0,0,0,251,74,6128,655,6783,-0.0394031,0.277524,-0.95991,1
3341,0,0,0,0,154,44,3539,362,3901,0.0347575,0.285927,-0.957621,1
4875,0,0,0,0,215,65,5155,622,5777,0.0462256,0.299251,-0.953054,1
5053,0,0,0,0,201,63,5317,746,6063,0.051459,0.287985,-0.956251,1
4826,0,0,0,0,206,65,5097,603,5700,0.0694148,0.298427,-0.951905,1
4686,0,0,0,0,193,59,4938,557,5495,0.0651635,0.280678,-0.957588,1
4799,0,0,0,0,159,53,5011,666,5677,-0.010144,0.18033,-0.983554,1
4626,0,0,0,0,146,48,4820,707,5527,-0.107041,0.250239,-0.962249,1
4861,0,0,0,0,141,51,5053,462,5515,-0.0517028,0.221385,-0.973815,1
5426,0,0,0,0,127,49,5602,536,6138,-0.0615453,0.222145,-0.973069,1
4571,0,0,0,0,185,48,4804,648,5452,-0.141253,0.282365,-0.948851,1
4539,0,0,0,0,138,46,4723,428,5151,-0.112325,0.29018,-0.950357,1
4446,0,0,0,0,173,56,4675,388,5063,-0.104599,0.246101,-0.963584,1
4454,0,0,0,0,222,68,4744,526,5270,-0.061898,0.251519,-0.965871,1
4447,0,0,0,0,276,81,4804,485,5289,-0.0470693,0.188242,-0.980994,1
4559,0,0,0,0,332,93,4984,536,5520,-0.0497597,0.211021,-0.976214,1
4783,0,0,0,0,463,119,5365,563,5928,-0.0430586,0.197404,-0.979376,1
4710,0,0,0,0,553,140,5403,651,6054,-0.0402561,0.191151,-0.980735,1
4898,0,0,0,0,601,180,5679,678,6357,-0.0392579,0.18482,-0.981988,1
4972,0,0,0,0,740,183,5895,693,6588,-0.0638246,0.192634,-0.979193,1
5108,0,0,0,0,780,195,6083,746,6829,-0.037574,0.144004,-0.988863,1
5212,0,0,0,0,845,207,6264,837,7101,-0.0466174,0.134985,-0.98975,1
5122,0,0,0,0,802,225,6149,993,7142,-0.0636545,0.146882,-0.987104,1
5182,0,0,0,0,822,215,6219,1100,7319,-0.0515739,0.135573,-0.989424,1
5444,0,0,0,0,872,222,6538,962,7500,-0.0679342,0.167929,-0.983455,1
5254,0,0,0,0,914,229,6397,912,7309,-0.0758588,0.205168,-0.975783,1
5854,0,0,0,0,954,235,7043,761,7804,-0.077087,0.208616,-0.974955,1
5425,0,0,0,0,1004,253,6682,704,7386,-0.086826,0.203003,-0.975321,1
5648,0,0,0,0,1112,271,7031,837,7868,-0.0881602,0.197244,-0.976382,1
5954,0,0,0,0,1824,394,8172,755,8927,-0.0749028,0.213498,-0.974068,1
6096,0,0,0,0,1423,349,7868,609,8477,-0.0800326,0.241028,-0.967213,1
6375,0,0,0,0,1532,377,8284,633,8917,-0.0841878,0.253289,-0.96372,1
6591,0,0,0,0,1649,399,8639,856,9495,-0.168419,0.11895,-0.978512,1
6713,0,0,0,0,1784,442,8939,1445,10384,-0.0807747,0.177057,-0.98088,1
7655,0,0,0,0,1950,510,10115,708,10823,-0.0847523,0.214417,-0.973058,1
4693,0,0,0,0,1226,303,6222,394,6616,-0.0620369,0.263649,-0.962622,1
7441,0,0,0,0,1939,511,9891,908,10799,-0.149122,0.300518,-0.942046,1
7292,0,0,0,0,1997,471,9760,2166,11926,-0.0559756,0.332841,-0.94132,1
7271,0,0,0,0,1987,473,9731,1531,11262,-0.0531567,0.340534,-0.938728,1
6447,0,0,0,0,1580,395,8422,2158,10580,-0.0476922,0.330908,-0.942457,1
7123,0,0,0,0,1728,433,9284,2550,11834,-0.0602334,0.312905,-0.947873,1
6827,0,0,0,0,1632,386,8845,2063,10908,-0.0627925,0.274997,-0.959392,1
4404,0,0,0,0,1028,260,5692,1225,6917,-0.0443211,0.262606,-0.963885,1
6725,0,0,0,0,1447,349,8521,1537,10058,-0.0643254,0.252225,-0.965528,1
7141,0,0,0,0,1467,342,8950,1954,10904,-0.0488422,0.227762,-0.972491,1
6460,0,0,0,0,925,226,7611,898,8509,-0.0325421,0.227576,-0.973216,1
3218,0,0,0,0,733,169,4120,661,4781,-0.0616335,0.217034,-0.974216,1
3258,0,0,0,0,695,168,4121,674,4795,-0.0545509,0.204546,-0.977336,1
6640,0,0,0,0,1426,341,8407,988,9395,-0.0562009,0.206431,-0.976846,1
6706,0,0,0,0,1461,343,8510,1040,9550,-0.0531397,0.205779,-0.977155,1
6659,0,0,0,0,1461,348,8468,919,9387,-0.0561699,0.207041,-0.976718,1
6945,0,0,0,0,1452,354,8751,1040,9791,-0.0556361,0.208906,-0.976352,1
7149,0,0,0,0,1129,237,8515,597,9112,-0.0594406,0.212953,-0.975253,1
4522,0,0,0,0,1019,232,5773,688,6461,-0.0531974,0.215554,-0.975042,1
6721,0,0,0,0,1424,384,8529,1115,9644,-0.0608235,0.219335,-0.973752,1
6922,0,0,0,0,1432,371,8725,1240,9965,-0.0483442,0.223452,-0.973515,1
6842,0,0,0,0,1419,350,8611,1195,9806,-0.039209,0.227581,-0.972969,1
6746,0,0,0,0,1424,372,8542,1225,9767,-0.0437364,0.225977,-0.97315,1
7621,0,0,0,0,1514,343,9478,1185,10663,-0.0529843,0.22325,-0.97332,1
6512,0,0,0,0,956,237,7705,849,8554,-0.0458704,0.23183,-0.971674,1
2735,0,0,0,0,565,137,3437,586,4023,-0.055673,0.23252,-0.970997,1
2758,0,0,0,0,513,124,3395,589,3984,-0.0466195,0.217767,-0.974887,1
7965,0,0,0,0,1496,362,9823,1148,10971,-0.0450564,0.215232,-0.975523,1
6886,0,0,0,0,1405,370,8661,982,9643,-0.0584427,0.213517,-0.97519,1
4633,0,0,0,0,1243,290,6166,739,6905,-0.0468849,0.216765,-0.975097,1
6789,0,0,0,0,1466,371,8626,1052,9678,-0.0513237,0.208112,-0.976758,1
6065,0,0,0,0,1357,348,7770,852,8622,-0.047491,0.214953,-0.975469,1
5989,0,0,0,0,1292,355,7636,1083,8719,-0.0437356,0.213241,-0.97602,1
5894,0,0,0,0,1404,317,7615,812,8427,-0.0576724,0.215276,-0.974849,1
6409,0,0,0,0,1262,310,7981,1055,9036,-0.0521403,0.229938,-0.971807,1
5986,0,0,0,0,1280,314,7580,1199,8779,-0.0647247,0.223614,-0.972526,1
6090,0,0,0,0,1279,307,7676,1238,8914,-0.0276089,0.229292,-0.972966,1
5950,0,0,0,0,1758,402,8110,1138,9248,-0.0440435,0.212978,-0.976064,1
5847,0,0,0,0,1292,357,7496,858,8354,-0.0283432,0.217932,-0.975552,1
6000,0,0,0,0,1299,312,7611,919,8530,-0.0415003,0.228644,-0.972625,1
6011,0,0,0,0,1315,317,7643,1151,8794,-0.0362055,0.21845,-0.975176,1
6795,0,0,0,0,1425,349,8569,1052,9621,-0.0499211,0.21536,-0.975258,1
6645,0,0,0,0,1511,409,8565,1213,9778,-0.0636744,0.215875,-0.974343,1
6691,0,0,0,0,1454,345,8490,1177,9667,-0.0659252,0.224483,-0.972246,1
6637,0,0,0,0,1413,342,8392,1410,9802,-0.0447213,0.211704,-0.97631,1
6840,0,0,0,0,1471,352,8663,1025,9688,-0.0590626,0.222243,-0.973201,1
6599,0,0,0,0,1439,344,8382,1265,9647,-0.0620639,0.220175,-0.973484,1
7104,0,0,0,0,1457,353,8914,1155,10069,-0.053411,0.227192,-0.972384,1
6571,0,0,0,0,1310,230,8111,794,8905,-0.0570348,0.218011,-0.974278,1
7426,0,0,0,0,1446,346,9218,1000,10218,-0.0598734,0.220317,-0.973589,1
6578,0,0,0,0,1428,341,8347,1250,9597,-0.0745014,0.217379,-0.97324,1
6620,0,0,0,0,1451,347,8418,1404,9822,-0.0576447,0.216196,-0.974647,1
6991,0,0,0,0,1443,369,8803,1093,9896,-0.056451,0.210332,-0.975999,1
7250,0,0,0,0,1435,351,9036,995,10031,-0.0458232,0.219207,-0.974602,1
6790,0,0,0,0,1471,349,8610,1064,9674,-0.0559592,0.232588,-0.970964,1
4519,0,0,0,0,946,232,5697,1036,6733,-0.0671533,0.221235,-0.972906,1
6609,0,0,0,0,1435,347,8391,1421,9812,-0.0667085,0.233424,-0.970084,1
9742,0,0,0,0,2027,311,12080,1327,13407,-0.0342108,0.218801,-0.97517,1
3279,0,0,0,0,716,170,4165,493,4658,-0.0411553,0.219352,-0.974777,1
6766,0,0,0,0,1553,360,8679,1133,9812,-0.0550595,0.213079,-0.975482,1
6964,0,0,0,0,1514,427,8905,1079,9984,-0.0694337,0.215408,-0.974053,1
6815,0,0,0,0,1428,355,8598,1230,9828,-0.054766,0.232212,-0.971122,1
6650,0,0,0,0,1435,259,8344,939,9283,-0.0545433,0.212685,-0.975597,1
7278,0,0,0,0,1440,353,9071,936,10007,-0.0537058,0.212794,-0.97562,1
5030,0,0,0,0,963,232,6225,580,6805,-0.041477,0.218509,-0.974953,2
2647,0,0,0,0,569,138,3354,399,3753,-0.0605276,0.21297,-0.975182,2
6852,0,0,0,0,1440,349,8641,1091,9732,-0.0631544,0.219975,-0.973459,2
6700,0,0,0,0,1436,374,8510,1308,9818,-0.0680037,0.215135,-0.974214,2
6596,0,0,0,0,1429,340,8365,1402,9767,-0.0695288,0.207636,-0.975732,2
6372,0,0,0,0,949,236,7557,668,8225,-0.0663368,0.220684,-0.973087,2
3266,0,0,0,0,746,185,4197,577,4774,-0.050828,0.238561,-0.969796,2
5186,0,0,0,0,1169,255,6610,1080,7690,-0.0479314,0.222349,-0.973788,2
6833,0,0,0,0,1442,370,8645,1108,9753,-0.0613135,0.218256,-0.973964,2
4515,0,0,0,0,950,227,5692,828,6520,-0.0499679,0.21417,-0.975518,2
3276,0,0,0,0,740,185,4201,524,4725,-0.0580458,0.21632,-0.974595,2
4029,0,0,0,0,875,212,5116,673,5789,-0.0455708,0.222008,-0.973979,2
6984,0,0,0,0,1441,374,8799,1170,9969,-0.070275,0.22169,-0.972582,2
7012,0,0,0,0,1465,249,8726,823,9549,-0.0600138,0.216319,-0.974476,2
3432,0,0,0,0,711,175,4318,537,4855,-0.0579427,0.223003,-0.973094,2
6715,0,0,0,0,1475,345,8535,1432,9967,-0.0475816,0.236665,-0.970426,2
6925,0,0,0,0,1459,371,8755,1623,10378,-0.0499134,0.228366,-0.972295,2
6850,0,0,0,0,1555,350,8755,1123,9878,-0.0575746,0.218664,-0.9741,2
4501,0,0,0,0,1034,235,5770,831,6601,-0.0594443,0.207452,-0.976438,2
6664,0,0,0,0,1463,346,8473,890,9363,-0.0563297,0.218905,-0.974119,2
6710,0,0,0,0,1436,351,8497,1172,9669,-0.0643769,0.223674,-0.972536,2
6706,0,0,0,0,1520,354,8580,1464,10044,-0.0659513,0.21959,-0.973361,2
6496,0,0,0,0,1435,344,8275,1264,9539,-0.0619696,0.212372,-0.975222,2
7074,0,0,0,0,1725,357,9156,1083,10239,-0.0503621,0.213526,-0.975638,2
6743,0,0,0,0,1419,365,8527,1194,9721,-0.0435184,0.228421,-0.972589,2
5977,0,0,0,0,1265,303,7545,1164,8709,-0.0371831,0.23039,-0.972388,2
7961,0,0,0,0,1823,348,10132,1350,11482,-0.0417707,0.218004,-0.975054,2
6815,0,0,0,0,1314,229,8358,679,9037,-0.0530122,0.213626,-0.975476,2
4492,0,0,0,0,959,228,5679,642,6321,-0.0479,0.217064,-0.974981,2
5917,0,0,0,0,1333,307,7557,1061,8618,-0.0615849,0.223481,-0.972761,2
6673,0,0,0,0,1430,345,8448,1510,9958,-0.0539658,0.245391,-0.967921,2
8360,0,0,0,0,1433,357,10150,2090,12240,-0.0464292,0.23583,-0.970685,2
6629,0,0,0,0,1420,361,8410,1643,10053,-0.0432599,0.211036,-0.976521,2
6212,0,0,0,0,1330,342,7884,817,8701,-0.0457193,0.228027,-0.972581,2
3245,0,0,0,0,714,161,4120,596,4716,-0.0599137,0.216675,-0.974404,2
4466,0,0,0,0,960,232,5658,793,6451,-0.0583522,0.230673,-0.97128,2
6721,0,0,0,0,1439,347,8507,1432,9939,-0.0517335,0.221448,-0.973799,2
6848,0,0,0,0,1439,344,8631,1334,9965,-0.0684277,0.227562,-0.971356,2
6657,0,0,0,0,1411,347,8415,1405,9820,-0.055162,0.222149,-0.973451,2
6764,0,0,0,0,1550,345,8659,1199,9858,-0.0568983,0.222047,-0.973374,2
6936,0,0,0,0,1427,344,8707,1327,10034,-0.067186,0.217482,-0.973749,2
7576,0,0,0,0,1482,352,9410,1225,10635,-0.075706,0.22303,-0.971867,2
4348,0,0,0,0,987,225,5560,1071,6631,-0.074103,0.220972,-0.972461,2
7197,0,0,0,0,1507,377,9081,1310,10391,-0.058003,0.246723,-0.967349,2
6609,0,0,0,0,1403,331,8343,1964,10307,-0.0477281,0.245768,-0.968153,2
2585,0,0,0,0,528,127,3240,622,3862,-0.0410977,0.254424,-0.966219,2
6680,0,0,0,0,1323,317,8320,2069,10389,-0.0519065,0.256819,-0.965065,2
6661,0,0,0,0,1248,306,8215,2097,10312,-0.0529201,0.247491,-0.967444,2
4849,0,0,0,0,813,198,5860,1493,7353,-0.025597,0.242712,-0.969761,2
7184,0,0,0,0,1163,285,8632,2174,10806,-0.0364288,0.273036,-0.961314,2
6325,0,0,0,0,1120,269,7714,2580,10294,-0.0611107,0.250228,-0.966256,2
4313,0,0,0,0,723,178,5214,1369,6583,-0.0260375,0.253522,-0.966979,2
6108,0,0,0,0,1071,257,7436,2232,9668,-0.0454454,0.222809,-0.973802,2
6096,0,0,0,0,1059,252,7407,1081,8488,-0.035793,0.217674,-0.975365,2
6837,0,0,0,0,1016,251,8104,911,9015,-0.0392362,0.187534,-0.981474,2
6072,0,0,0,0,1005,241,7318,629,7947,-0.0450396,0.171445,-0.984164,2
6183,0,0,0,0,951,241,7375,638,8013,-0.0444853,0.167734,-0.984828,2
6017,0,0,0,0,991,227,7235,635,7870,-0.0450775,0.146393,-0.988199,2
6177,0,0,0,0,983,228,7388,493,7881,-0.0447375,0.151311,-0.987473,2
6014,0,0,0,0,872,216,7102,594,7696,-0.0483141,0.16141,-0.985704,2
5949,0,0,0,0,838,211,6998,609,7607,-0.0530146,0.162758,-0.985241,2
6183,0,0,0,0,810,202,7195,627,7822,-0.0822754,0.194882,-0.97737,2
5593,0,0,0,0,781,196,6570,724,7294,-0.0811671,0.191151,-0.978199,2
1810,0,0,0,0,260,63,2133,240,2373,-0.0781688,0.203401,-0.97597,2
5500,0,0,0,0,719,178,6397,773,7170,-0.0733246,0.18301,-0.980373,2
5583,0,0,0,0,740,200,6523,642,7165,-0.0839236,0.219034,-0.972101,2
5232,0,0,0,0,645,160,6037,811,6848,-0.0683429,0.202616,-0.976871,2
5169,0,0,0,0,633,155,5957,831,6788,-0.0762328,0.20193,-0.976429,2
4951,0,0,0,0,582,145,5678,966,6644,-0.195508,0.275862,-0.941104,2
7494,0,0,0,0,875,185,8554,753,9307,-0.177604,0.314641,-0.932447,2
4604,0,0,0,0,528,134,5266,597,5863,-0.0739172,0.295633,-0.952438,2
5516,0,0,0,0,499,139,6154,757,6911,0.02649,0.351776,-0.935709,2
4456,0,0,0,0,483,127,5066,635,5701,0.0259306,0.327589,-0.944464,2
4349,0,0,0,0,474,144,4967,692,5659,0.0128842,0.319473,-0.947508,2
4675,0,0,0,0,493,130,5298,818,6116,-0.0035566,0.31477,-0.949161,2
3518,0,0,0,0,414,112,4044,640,4684,-0.0990638,0.290179,-0.951831,2
4371,0,0,0,0,488,127,4986,509,5495,-0.101438,0.288429,-0.952113,2
4731,0,0,0,0,492,126,5349,566,5915,-0.0987638,0.286144,-0.953083,2
4377,0,0,0,0,445,122,4944,501,5445,-0.0941486,0.291723,-0.951858,2
4373,0,0,0,0,476,127,4976,469,5445,-0.0867258,0.329128,-0.940294,2
4470,0,0,0,0,452,120,5042,444,5486,-0.0816832,0.3164,-0.945103,2
4366,0,0,0,0,512,132,5010,438,5448,-0.073763,0.343116,-0.936392,2
4600,0,0,0,0,516,135,5251,458,5709,-0.0710183,0.35811,-0.930975,2
4432,0,0,0,0,533,169,5134,533,5667,-0.0661243,0.373746,-0.925171,2
4388,0,0,0,0,560,149,5097,386,5483,-0.0699527,0.370173,-0.926325,2
4590,0,0,0,0,572,156,5318,363,5681,-0.0611269,0.385977,-0.920481,2
4633,0,0,0,0,574,155,5362,362,5724,-0.0578039,0.384507,-0.92131,2
4671,0,0,0,0,563,151,5385,349,5734,-0.054872,0.385562,-0.921049,2
4613,0,0,0,0,608,159,5380,297,5677,-0.0438198,0.392422,-0.918741,2
4734,0,0,0,0,684,169,5587,281,5868,-0.0548087,0.380131,-0.923307,2
4837,0,0,0,0,785,191,5813,285,6098,-0.0301097,0.374775,-0.926627,2
4861,0,0,0,0,863,213,5937,244,6181,-0.0315538,0.29035,-0.9564,2
4935,0,0,0,0,888,234,6057,422,6479,-0.045803,0.351968,-0.934891,2
5326,0,0,0,0,1314,277,6917,364,7281,-0.0401521,0.384835,-0.922112,2
5201,0,0,0,0,1086,303,6590,242,6832,-0.0421098,0.4451,-0.89449,2
5380,0,0,0,0,1133,293,6806,271,7077,-0.039355,0.36151,-0.931537,2
5471,0,0,0,0,1235,309,7015,430,7445,-0.056401,0.360095,-0.931209,2
5370,0,0,0,0,1221,308,6899,258,7157,-0.0460541,0.351515,-0.935049,2
6203,0,0,0,0,1231,316,7750,268,8018,-0.0519635,0.385326,-0.921316,2
5698,0,0,0,0,1262,317,7277,278,7555,-0.0434376,0.339262,-0.939689,2
5794,0,0,0,0,1329,332,7455,260,7715,-0.0309365,0.334806,-0.941779,2
5757,0,0,0,0,1696,427,7880,259,8139,-0.0164269,0.343125,-0.939146,2
5883,0,0,0,0,1342,350,7575,286,7861,-0.0353374,0.31993,-0.946782,2
6470,0,0,0,0,1391,321,8182,276,8458,-0.0325782,0.327717,-0.944214,2
5504,0,0,0,0,1166,285,6955,262,7217,-0.0460277,0.31025,-0.94954,2
5297,0,0,0,0,952,246,6495,275,6770,-0.026903,0.334463,-0.942025,2
4758,0,0,0,0,875,230,5863,267,6130,-0.0122302,0.299301,-0.95408,2
4810,0,0,0,0,731,188,5729,252,5981,-0.0822382,0.276064,-0.957614,2
4930,0,0,0,0,875,207,6012,387,6399,-0.027659,0.327816,-0.944337,2
4602,0,0,0,0,484,135,5221,288,5509,-0.0593825,0.346053,-0.936334,2
4412,0,0,0,0,392,106,4910,303,5213,-0.0514856,0.319689,-0.946123,2
4474,0,0,0,0,304,88,4866,311,5177,-0.0552366,0.327709,-0.943163,2
4658,0,0,0,0,246,74,4978,297,5275,-0.0110264,0.355983,-0.934427,2
4680,0,0,0,0,227,63,4970,-1000,-1000,-1,-1,-1,2
4828,0,0,0,0,188,59,5075,313,5388,0.0144068,0.345613,-0.938267,2
4931,0,0,0,0,198,62,5191,297,5488,0.0154086,0.438728,-0.898488,2
5057,0,0,0,0,169,52,5278,313,5591,0.0320863,0.457631,-0.888563,2
4508,0,0,0,0,110,33,4651,176,4827,0.0590939,0.486811,-0.871506,2
4764,0,0,0,0,141,52,4957,974,5931,0.0405001,0.38151,-0.923477,2
5509,0,0,0,0,159,52,5720,340,6060,0.0628119,0.393876,-0.917015,2
5378,0,0,0,0,146,48,5572,387,5959,0.0851429,0.409421,-0.908364,2
5252,0,0,0,0,126,46,5424,374,5798,0.0526801,0.390273,-0.919191,2
4983,0,0,0,0,128,42,5153,401,5554,0.0643257,0.372707,-0.925717,2
4752,0,0,0,0,151,51,4954,470,5424,0.0694465,0.376321,-0.923883,2
4646,0,0,0,0,151,48,4845,442,5287,0.0731119,0.356869,-0.931289,2
5877,0,0,0,0,152,51,6080,491,6571,0.0777602,0.364852,-0.927813,2
4599,0,0,0,0,128,43,4770,501,5271,0.0726881,0.327646,-0.942,2
4717,0,0,0,0,125,44,4886,608,5494,0.0748669,0.42894,-0.900225,2
4636,0,0,0,0,123,43,4802,604,5406,0.0711806,0.371151,-0.92584,2
4973,0,0,0,0,136,37,5146,385,5531,0.0868991,0.313537,-0.945591,2
4539,0,0,0,0,167,54,4760,506,5266,0.0683429,0.336644,-0.939149,2
4587,0,0,0,0,203,66,4856,661,5517,0.0739644,0.342382,-0.936645,2
5075,0,0,0,0,261,108,5444,621,6065,0.0539223,0.320234,-0.945803,2
4813,0,0,0,0,320,87,5220,729,5949,0.0760386,0.355385,-0.931622,2
4810,0,0,0,0,391,103,5304,692,5996,0.0595166,0.339371,-0.938768,2
5083,0,0,0,0,486,123,5692,891,6583,0.0565714,0.355863,-0.932824,2
5134,0,0,0,0,611,156,5901,695,6596,0.0772684,0.375096,-0.92376,2
5533,0,0,0,0,831,206,6570,709,7279,0.060721,0.380622,-0.922735,2
5887,0,0,0,0,1070,262,7219,670,7889,0.0226341,0.375051,-0.926728,2
6496,0,0,0,0,1308,326,8130,589,8719,-0.00902843,0.37224,-0.928092,2
7226,0,0,0,0,1507,365,9098,445,9543,-0.0111042,0.291334,-0.956557,2
7328,0,0,0,0,1675,369,9372,436,9808,-0.0637341,0.32154,-0.944749,2
5033,0,0,0,0,1255,299,6587,359,6946,-0.123405,0.354111,-0.927026,2
7670,0,0,0,0,1944,472,10086,1088,11174,-0.138968,0.355327,-0.924354,2
9509,0,0,0,0,1308,313,11130,944,12074,-0.107933,0.338182,-0.934871,2
3636,0,0,0,0,982,234,4852,682,5534,-0.0506637,0.325278,-0.94426,2
7325,0,0,0,0,1922,468,9715,1264,10979,-0.0591479,0.339182,-0.938859,2
7402,0,0,0,0,1820,478,9700,860,10560,-0.0361478,0.339085,-0.940061,2
4535,0,0,0,0,1111,271,5917,953,6870,-0.0408559,0.343778,-0.938162,2
6693,0,0,0,0,1515,363,8571,1592,10163,-0.0521458,0.349571,-0.935457,2
7669,0,0,0,0,1302,336,9307,1841,11148,-0.0658058,0.369525,-0.926888,2
5667,0,0,0,0,732,179,6578,1400,7978,-0.0662732,0.370376,-0.926515,2
6319,0,0,0,0,893,234,7446,3123,10569,-0.165855,0.388604,-0.906355,2
5004,0,0,0,0,653,157,5814,1377,7191,-0.187128,0.371294,-0.909464,2
5041,0,0,0,0,552,136,5729,847,6576,-0.19241,0.373445,-0.907478,2
5129,0,0,0,0,525,131,5785,679,6464,-0.174427,0.371318,-0.911975,2
5545,0,0,0,0,569,144,6258,725,6983,-0.199489,0.422759,-0.884013,2
5496,0,0,0,0,538,136,6170,671,6841,-0.18057,0.395707,-0.90045,2
4986,0,0,0,0,351,89,5426,442,5868,-0.180069,0.354419,-0.917585,2
5338,0,0,0,0,558,180,6076,636,6712,-0.176115,0.347373,-0.921041,2
5168,0,0,0,0,508,132,5808,619,6427,-0.185821,0.388566,-0.902489,2
5019,0,0,0,0,320,90,5429,373,5802,-0.183628,0.339521,-0.9225,2
2472,0,0,0,0,224,58,2754,255,3009,-0.176382,0.312712,-0.933328,2
4816,0,0,0,0,503,117,5436,368,5804,-0.0430805,0.359666,-0.932086,2
5062,0,0,0,0,389,103,5554,713,6267,0.0296024,0.377676,-0.925464,2
4624,0,0,0,0,360,94,5078,477,5555,-0.0853797,0.338709,-0.937009,2
4561,0,0,0,0,347,94,5002,837,5839,0.0124368,0.402455,-0.915355,2
4497,0,0,0,0,500,124,5121,585,5706,-0.0856785,0.373104,-0.923825,2
4342,0,0,0,0,355,100,4797,636,5433,-0.0980033,0.348201,-0.932283,2
4780,0,0,0,0,389,109,5278,532,5810,-0.113029,0.37841,-0.918711,2
4317,0,0,0,0,370,101,4788,437,5225,-0.116577,0.414758,-0.902433,2
3011,0,0,0,0,272,78,3361,206,3567,-0.0969583,0.431501,-0.896887,2
1464,0,0,0,0,136,37,1637,132,1769,-0.0919656,0.416378,-0.904529,2
4682,0,0,0,0,439,117,5238,378,5616,-0.0909461,0.427845,-0.899265,2
4778,0,0,0,0,478,158,5414,366,5780,-0.0956332,0.439872,-0.892954,2
4680,0,0,0,0,548,151,5379,293,5672,-0.112466,0.469686,-0.875641,2
4800,0,0,0,0,611,179,5590,335,5925,-0.120916,0.428765,-0.895288,2
4772,0,0,0,0,730,184,5686,362,6048,-0.057306,0.441612,-0.895374,2
4918,0,0,0,0,773,197,5888,283,6171,-0.113603,0.480397,-0.869663,2
4966,0,0,0,0,838,213,6017,256,6273,-0.126227,0.41666,-0.900256,2
5124,0,0,0,0,926,238,6288,286,6574,-0.0789437,0.437231,-0.895878,2
5318,0,0,0,0,1021,261,6600,405,7005,-0.0816507,0.425189,-0.901414,2
5517,0,0,0,0,1108,277,6902,382,7284,-0.073094,0.434249,-0.897822,2
5472,0,0,0,0,1070,282,6824,423,7247,-0.0731512,0.415274,-0.90675,2
5499,0,0,0,0,1121,278,6898,575,7473,-0.0688119,0.407911,-0.910425,2
5723,0,0,0,0,1162,294,7179,778,7957,-0.0638601,0.395824,-0.916103,2
5751,0,0,0,0,1199,301,7251,660,7911,-0.0792046,0.403745,-0.911436,2
5943,0,0,0,0,1299,311,7553,591,8144,-0.0829198,0.399264,-0.913079,2
5990,0,0,0,0,1256,315,7561,570,8131,-0.0682474,0.412666,-0.908322,2
5778,0,0,0,0,1166,294,7238,250,7488,-0.0651878,0.424639,-0.903013,2
5538,0,0,0,0,1062,265,6865,279,7144,-0.060629,0.404037,-0.912731,2
5104,0,0,0,0,894,232,6230,259,6489,-0.0570403,0.413207,-0.908849,2
4783,0,0,0,0,771,202,5756,267,6023,-0.0753455,0.419932,-0.904422,2
4529,0,0,0,0,667,168,5364,344,5708,-0.0353728,0.373992,-0.926757,2
4997,0,0,0,0,757,188,5942,455,6397,-0.0173285,0.355268,-0.934604,2
4478,0,0,0,0,438,125,5041,337,5378,-0.0229804,0.343959,-0.938703,2
4497,0,0,0,0,354,119,4970,584,5554,-0.0248501,0.363599,-0.931224,2
4323,0,0,0,0,270,82,4675,257,4932,0.0224831,0.38736,-0.921654,2
4658,0,0,0,0,219,66,4943,254,5197,-0.00199494,0.349128,-0.937073,2
4654,0,0,0,0,201,60,4915,-1000,-1000,-1,-1,-1,2
4695,0,0,0,0,189,61,4945,343,5288,-0.0292088,0.375905,-0.926198,2
4706,0,0,0,0,176,55,4937,346,5283,-0.0285227,0.426866,-0.903865,2
4935,0,0,0,0,185,56,5176,278,5454,-0.0271564,0.460126,-0.887438,2
5171,0,0,0,0,257,81,5509,361,5870,-0.0195227,0.480101,-0.876996,2
4779,0,0,0,0,158,52,4989,275,5264,-0.0169753,0.425459,-0.904819,2
4874,0,0,0,0,163,53,5090,281,5371,0.00305893,0.404773,-0.914412,2
5104,0,0,0,0,164,54,5322,307,5629,0.00927766,0.408803,-0.912576,2
5157,0,0,0,0,175,54,5386,303,5689,-0.00268844,0.479613,-0.877476,2
5213,0,0,0,0,165,51,5429,326,5755,0.00311081,0.478867,-0.877882,2
5269,0,0,0,0,155,50,5474,335,5809,0.013181,0.45503,-0.890379,2
5228,0,0,0,0,156,49,5433,369,5802,0.0189149,0.438455,-0.898554,2
3448,0,0,0,0,109,33,3590,268,3858,0.0581848,0.369537,-0.927393,2
5650,0,0,0,0,191,58,5899,457,6356,0.0500218,0.386679,-0.920857,2
5072,0,0,0,0,193,58,5323,517,5840,0.041212,0.393878,-0.918239,2
4843,0,0,0,0,256,64,5163,582,5745,0.0381687,0.406382,-0.912906,2
5191,0,0,0,0,211,63,5465,795,6260,0.0656695,0.383942,-0.921019,2
5088,0,0,0,0,235,66,5389,616,6005,0.0467719,0.443176,-0.895213,2
4883,0,0,0,0,221,65,5169,636,5805,0.0648558,0.428561,-0.901182,2
4922,0,0,0,0,269,80,5271,611,5882,0.0775969,0.438855,-0.895201,2
4884,0,0,0,0,307,79,5270,613,5883,0.0999719,0.417207,-0.903296,2
4817,0,0,0,0,344,114,5275,593,5868,0.120208,0.408804,-0.904671,2
5091,0,0,0,0,492,133,5716,539,6255,0.117501,0.419186,-0.900265,2
5339,0,0,0,0,739,184,6262,626,6888,0.126743,0.411668,-0.902478,2
5834,0,0,0,0,1017,246,7097,746,7843,0.0096253,0.415381,-0.909597,2
6619,0,0,0,0,1255,302,8176,605,8781,-0.0651299,0.438902,-0.896172,2
7751,0,0,0,0,1539,371,9661,764,10425,-0.118849,0.365174,-0.923322,2
6217,0,0,0,0,1039,260,7516,867,8383,-0.140728,0.387587,-0.911028,2
3887,0,0,0,0,1080,203,5170,588,5758,-0.104833,0.342792,-0.933543,2
7356,0,0,0,0,1769,496,9621,1926,11547,-0.0830895,0.34325,-0.935562,2
4748,0,0,0,0,1046,304,6098,1653,7751,-0.0372707,0.307044,-0.950965,2
6434,0,0,0,0,1396,357,8187,3264,11451,-0.0125782,0.334624,-0.942268,2
7601,0,0,0,0,1122,292,9015,2013,11028,-0.0343899,0.35864,-0.932842,2
3921,0,0,0,0,623,150,4694,1745,6439,-0.0614686,0.350751,-0.934449,2
6163,0,0,0,0,737,168,7068,2420,9488,-0.0635604,0.37491,-0.92488,2
4948,0,0,0,0,570,145,5663,1959,7622,-0.0257912,0.359631,-0.932738,2
3435,0,0,0,0,352,115,3902,833,4735,-0.0148985,0.36517,-0.930822,2
5707,0,0,0,0,559,139,6405,1128,7533,-0.00777579,0.397378,-0.917622,2
5632,0,0,0,0,533,140,6305,952,7257,-0.0232956,0.407859,-0.912748,2
5466,0,0,0,0,522,133,6121,1181,7302,-0.0351258,0.378359,-0.924992,2
5297,0,0,0,0,577,142,6016,1289,7305,-0.0992233,0.414903,-0.904439,2
5144,0,0,0,0,489,133,5766,1228,6994,-0.0999771,0.381902,-0.918779,2
4974,0,0,0,0,488,130,5592,1185,6777,-0.132824,0.387376,-0.912303,2
4712,0,0,0,0,507,133,5352,959,6311,-0.119643,0.383438,-0.915784,2
4573,0,0,0,0,531,125,5229,911,6140,-0.080304,0.379426,-0.921731,2
4544,0,0,0,0,450,117,5111,865,5976,-0.0657911,0.42574,-0.90245,2
4358,0,0,0,0,420,114,4892,819,5711,-0.0943467,0.412987,-0.905837,2
4510,0,0,0,0,420,116,5046,605,5651,-0.0741811,0.433237,-0.898222,2
4378,0,0,0,0,445,118,4941,599,5540,-0.0782717,0.448848,-0.890173,2
4585,0,0,0,0,472,147,5204,509,5713,-0.0973237,0.489608,-0.866494,2
4517,0,0,0,0,484,129,5130,425,5555,-0.0939404,0.484305,-0.869841,2
4489,0,0,0,0,524,150,5163,321,5484,-0.0964348,0.400312,-0.911291,2
4475,0,0,0,0,496,129,5100,280,5380,-0.0842981,0.423476,-0.901976,2
4483,0,0,0,0,458,123,5064,244,5308,-0.489811,-0.228995,-0.841217,2
4760,0,0,0,0,499,128,5387,262,5649,-0.114285,0.402748,-0.908148,2
4898,0,0,0,0,552,145,5595,355,5950,-0.0935048,0.367864,-0.925167,2
4754,0,0,0,0,596,189,5539,382,5921,-0.144786,0.26555,-0.953163,2
4876,0,0,0,0,734,182,5792,343,6135,-0.0507156,0.348928,-0.935776,2
5035,0,0,0,0,805,201,6041,375,6416,0.0156439,0.517345,-0.855634,2
5149,0,0,0,0,827,217,6193,410,6603,0.0451468,0.53028,-0.84662,2
6311,0,0,0,0,837,218,7366,462,7828,-0.0896808,0.3577,-0.92952,2
5523,0,0,0,0,1190,243,6956,655,7611,-0.0343515,0.314548,-0.94862,2
5779,0,0,0,0,776,196,6751,435,7186,-0.0338041,0.29978,-0.953409,2
3664,0,0,0,0,484,125,4273,280,4553,-0.010129,0.267284,-0.963565,2
5565,0,0,0,0,725,194,6484,282,6766,-0.0310303,0.325127,-0.945161,2
6788,0,0,0,0,756,198,7742,377,8119,0.0743738,0.387467,-0.918879,2
5536,0,0,0,0,686,181,6403,411,6814,0.14301,0.588023,-0.796101,2
6279,0,0,0,0,533,146,6958,291,7249,-0.0490362,0.463062,-0.884968,2
4920,0,0,0,0,474,127,5521,257,5778,-0.0902109,0.474979,-0.875361,2
4736,0,0,0,0,419,115,5270,276,5546,-0.0433486,0.469157,-0.88205,2
4663,0,0,0,0,402,129,5194,-1000,-1000,-1,-1,-1,2
4764,0,0,0,0,299,89,5152,489,5641,0.181131,0.605659,-0.774835,2
4416,0,0,0,0,248,74,4738,-1000,-1000,-1,-1,-1,2
4463,0,0,0,0,202,62,4727,-1000,-1000,-1,-1,-1,2
4443,0,0,0,0,202,59,4704,-1000,-1000,-1,-1,-1,2
2996,0,0,0,0,108,36,3140,-1000,-1000,-1,-1,-1,2
2982,0,0,0,0,109,34,3125,-1000,-1000,-1,-1,-1,2
3084,0,0,0,0,104,32,3220,152,3372,0.0382825,0.361401,-0.931624,2
4747,0,0,0,0,158,53,4958,1790,6748,0.00130494,0.34807,-0.937468,2
4682,0,0,0,0,166,49,4897,226,5123,-0.241364,0.654643,-0.71637,2
4842,0,0,0,0,154,49,5045,303,5348,-0.0417461,0.379065,-0.924428,2
5147,0,0,0,0,157,49,5353,298,5651,-0.0497373,0.435679,-0.898727,2
5393,0,0,0,0,149,49,5591,298,5889,-0.0798952,0.444319,-0.892299,2
5524,0,0,0,0,149,55,5728,357,6085,-0.0738008,0.46727,-0.881029,2
5453,0,0,0,0,156,49,5658,393,6051,-0.0547502,0.448181,-0.892264,2
3327,0,0,0,0,118,35,3480,225,3705,-0.0196019,0.366373,-0.930262,2
2737,0,0,0,0,93,28,2858,222,3080,-0.0107258,0.358365,-0.93352,2
4879,0,0,0,0,170,55,5104,372,5476,-0.00925529,0.393606,-0.919233,2
5461,0,0,0,0,243,93,5797,480,6277,-0.000414958,0.374256,-0.927325,2
2008,0,0,0,0,62,21,2091,203,2294,0.00875011,0.355693,-0.934562,2
2389,0,0,0,0,82,26,2497,311,2808,0.00273942,0.353619,-0.935385,2
4813,0,0,0,0,170,53,5036,693,5729,-0.0443168,0.31021,-0.949635,2
6562,0,0,0,0,329,90,6981,977,7958,-0.0535265,0.335387,-0.940559,2
5041,0,0,0,0,297,87,5425,839,6264,-0.0534962,0.327799,-0.943232,2
4875,0,0,0,0,488,137,5500,900,6400,-0.0705657,0.354511,-0.932385,2
5198,0,0,0,0,658,149,6005,823,6828,-0.0561445,0.350892,-0.934731,2
6398,0,0,0,0,767,213,7378,736,8114,-0.0266915,0.402215,-0.915156,2
5995,0,0,0,0,792,160,6947,520,7467,-0.035358,0.418101,-0.907712,2
6331,0,0,0,0,1204,291,7826,985,8811,-0.0633962,0.40604,-0.911654,2
7069,0,0,0,0,1342,322,8733,1305,10038,-0.0598165,0.386597,-0.920307,2
7060,0,0,0,0,999,235,8294,1288,9582,-0.0836157,0.425025,-0.901311,2
3644,0,0,0,0,790,183,4617,751,5368,-0.0527916,0.287806,-0.956233,2
8488,0,0,0,0,1721,389,10598,5594,16192,-0.0533942,0.393461,-0.917789,2
3541,0,0,0,0,742,179,4462,617,5079,-0.0231638,0.261401,-0.964952,2
6628,0,0,0,0,1339,323,8290,2975,11265,-0.0364459,0.296574,-0.954314,2
6577,0,0,0,0,1136,273,7986,2452,10438,-0.0464976,0.283224,-0.957926,2
6042,0,0,0,0,943,226,7211,1831,9042,-0.0636901,0.296662,-0.952856,2
6274,0,0,0,0,787,198,7259,1653,8912,-0.0771489,0.306608,-0.948704,2
5895,0,0,0,0,1009,238,7142,1494,8636,-0.0893673,0.305043,-0.948136,2
5787,0,0,0,0,653,164,6604,1255,7859,-0.082314,0.312552,-0.946328,2
6015,0,0,0,0,669,159,6843,1196,8039,-0.0601649,0.328215,-0.942685,2
5451,0,0,0,0,583,145,6179,1127,7306,-0.0462641,0.342459,-0.938393,2
5388,0,0,0,0,591,143,6122,925,7047,-0.0536957,0.333127,-0.941352,2
5406,0,0,0,0,563,135,6104,780,6884,-0.0532386,0.34587,-0.936771,2
4959,0,0,0,0,478,123,5560,729,6289,-0.0559826,0.366674,-0.928664,2
4839,0,0,0,0,481,141,5461,725,6186,-0.0874239,0.465762,-0.880581,2
4621,0,0,0,0,419,111,5151,689,5840,-0.0742121,0.403473,-0.911977,2
3556,0,0,0,0,298,77,3931,389,4320,-0.073972,0.382791,-0.920869,2
4296,0,0,0,0,416,108,4820,537,5357,-0.0798884,0.389344,-0.917621,2
4263,0,0,0,0,382,104,4749,476,5225,-0.0881061,0.368586,-0.925409,2
4289,0,0,0,0,405,110,4804,458,5262,-0.0770484,0.40191,-0.912432,2
4308,0,0,0,0,422,114,4844,400,5244,-0.0847023,0.420207,-0.903467,2
4444,0,0,0,0,448,119,5011,359,5370,-0.0829376,0.411772,-0.907505,2
4519,0,0,0,0,479,128,5126,305,5431,-0.0952296,0.405461,-0.909138,2
4504,0,0,0,0,492,129,5125,272,5397,-0.0763356,0.397703,-0.914333,2
4577,0,0,0,0,511,137,5225,378,5603,-0.0707285,0.380341,-0.922138,2
4575,0,0,0,0,526,143,5244,404,5648,-0.0766888,0.299962,-0.950864,2
4600,0,0,0,0,609,156,5365,374,5739,-0.0744097,0.315394,-0.946039,2
4703,0,0,0,0,664,174,5541,346,5887,-0.045337,0.208896,-0.976886,2
4988,0,0,0,0,757,190,5935,325,6260,-0.00931648,0.24033,-0.970647,2
5446,0,0,0,0,1029,228,6703,538,7241,-0.00905546,0.248017,-0.968713,2
5296,0,0,0,0,659,190,6145,567,6712,-0.00208429,0.292664,-0.956213,2
5844,0,0,0,0,631,179,6654,516,7170,0.00304433,0.308887,-0.951094,2
5678,0,0,0,0,650,170,6498,446,6944,0.066574,0.509419,-0.85794,2
5481,0,0,0,0,557,171,6209,374,6583,-0.0211482,0.501651,-0.864812,2
5617,0,0,0,0,712,145,6474,357,6831,-0.0715482,0.475155,-0.876988,2
5187,0,0,0,0,463,126,5776,-1000,-1000,-1,-1,-1,2
5332,0,0,0,0,328,97,5757,-1000,-1000,-1,-1,-1,2
5093,0,0,0,0,250,76,5419,-1000,-1000,-1,-1,-1,2
4962,0,0,0,0,175,63,5200,-1000,-1000,-1,-1,-1,2
3109,0,0,0,0,86,28,3223,160,3383,-0.0388661,0.283827,-0.958088,2
4804,0,0,0,0,127,43,4974,1012,5986,-0.0611104,0.331627,-0.941429,2
5040,0,0,0,0,130,41,5211,287,5498,-0.0814339,0.439811,-0.894391,2
5097,0,0,0,0,129,40,5266,398,5664,-0.0861019,0.452749,-0.887471,2
5302,0,0,0,0,121,39,5462,405,5867,-0.0633094,0.430997,-0.90013,2
5329,0,0,0,0,111,38,5478,467,5945,-0.0556763,0.420924,-0.905386,2
5263,0,0,0,0,101,37,5401,512,5913,-0.0294445,0.359686,-0.932609,2
6250,0,0,0,0,94,35,6379,444,6823,-0.0229396,0.334879,-0.941982,2
6037,0,0,0,0,83,35,6155,469,6624,-0.0867509,0.467617,-0.879664,2
5412,0,0,0,0,141,46,5599,520,6119,-0.0954357,0.451644,-0.887079,2
4739,0,0,0,0,77,31,4847,498,5345,-0.0574788,0.383785,-0.921632,2
4677,0,0,0,0,66,27,4770,461,5231,-0.0578868,0.372248,-0.926326,2
4722,0,0,0,0,68,29,4819,488,5307,-0.0981874,0.408803,-0.907326,2
4777,0,0,0,0,68,31,4876,490,5366,-0.0706677,0.349424,-0.934296,2
4667,0,0,0,0,96,35,4798,537,5335,-0.0570758,0.302317,-0.951497,2
4743,0,0,0,0,88,34,4865,680,5545,-0.057638,0.315574,-0.947149,2
5198,0,0,0,0,166,57,5421,630,6051,-0.0433402,0.265945,-0.963014,2
4588,0,0,0,0,134,58,4780,536,5316,-0.0332882,0.186902,-0.981814,2
4662,0,0,0,0,223,68,4953,614,5567,-0.0279992,0.331965,-0.942876,2
5115,0,0,0,0,366,101,5582,789,6371,-0.0378115,0.344261,-0.938112,2
5403,0,0,0,0,593,156,6152,521,6673,-0.0410579,0.325681,-0.944588,2
5751,0,0,0,0,809,205,6765,1100,7865,-0.0490325,0.350198,-0.935392,2
6705,0,0,0,0,1432,288,8425,763,9188,0.0150949,0.265117,-0.964098,2
6456,0,0,0,0,886,212,7554,2726,10280,-0.0841467,0.42362,-0.901923,2
6898,0,0,0,0,1508,350,8756,833,9589,-0.0472347,0.279485,-0.958988,2
7069,0,0,0,0,1580,258,8907,2798,11705,-0.0224419,0.179539,-0.983495,2
7128,0,0,0,0,1551,368,9047,3316,12363,-0.0139429,0.186159,-0.982421,2
5126,0,0,0,0,1097,237,6460,1796,8256,-0.00878342,0.158294,-0.987353,2
5976,0,0,0,0,1191,278,7445,2039,9484,-0.0158691,0.151662,-0.988305,2
5770,0,0,0,0,1049,235,7054,1649,8703,-0.0269284,0.157638,-0.98713,2
5340,0,0,0,0,1186,227,6753,1741,8494,-0.0314162,0.167763,-0.985327,2
5159,0,0,0,0,723,169,6051,1680,7731,-0.0320821,0.199405,-0.979392,2
5456,0,0,0,0,687,166,6309,1692,8001,-0.0493551,0.162882,-0.98541,2
5802,0,0,0,0,652,187,6641,1424,8065,-0.0434085,0.2214,-0.974217,2
5578,0,0,0,0,632,176,6386,1539,7925,-0.0408792,0.255774,-0.965872,2
5020,0,0,0,0,498,158,5676,1039,6715,-0.0433818,0.254616,-0.966069,2
4802,0,0,0,0,455,123,5380,974,6354,-0.0234713,0.365269,-0.930606,2
4562,0,0,0,0,677,141,5380,975,6355,-0.0357421,0.350569,-0.935855,2
4368,0,0,0,0,267,72,4707,551,5258,-0.0352361,0.262017,-0.96442,2
3700,0,0,0,0,342,94,4136,719,4855,-0.0353408,0.2639,-0.963902,2
4166,0,0,0,0,384,122,4672,927,5599,-0.0179804,0.287011,-0.957758,2
4342,0,0,0,0,397,129,4868,775,5643,-0.0220914,0.270175,-0.962558,2
4327,0,0,0,0,427,114,4868,697,5565,-0.0282071,0.316793,-0.948075,2
4437,0,0,0,0,467,124,5028,590,5618,-0.0304295,0.362875,-0.931341,2
4409,0,0,0,0,514,136,5059,510,5569,-0.0429653,0.414125,-0.909205,2
4379,0,0,0,0,559,145,5083,488,5571,-0.0543274,0.41058,-0.910205,2
4755,0,0,0,0,638,159,5552,493,6045,-0.060134,0.376014,-0.924661,2
4730,0,0,0,0,709,182,5621,448,6069,-0.0553444,0.367629,-0.928324,2
4879,0,0,0,0,742,180,5801,449,6250,-0.0583902,0.368059,-0.927967,2
4854,0,0,0,0,772,229,5855,489,6344,-0.047742,0.327301,-0.943713,2
4863,0,0,0,0,821,207,5891,329,6220,-0.0623019,0.322646,-0.944467,2
4879,0,0,0,0,834,209,5922,376,6298,-0.0871391,0.31356,-0.945562,2
4975,0,0,0,0,872,219,6066,426,6492,-0.0372661,0.308861,-0.950377,2
5197,0,0,0,0,967,233,6397,353,6750,-0.0969138,0.301608,-0.948494,2
5164,0,0,0,0,986,236,6386,492,6878,-0.0631232,0.266904,-0.961654,2
5081,0,0,0,0,973,236,6290,376,6666,-0.0606047,0.262791,-0.962947,2
5955,0,0,0,0,1047,249,7251,355,7606,-0.0582047,0.255366,-0.965091,2
5066,0,0,0,0,1036,236,6338,304,6642,-0.0503459,0.252059,-0.966401,2
5125,0,0,0,0,948,244,6317,1600,7917,0.016629,0.117597,-0.992922,2
5045,0,0,0,0,1006,239,6290,696,6986,0.0108142,0.125108,-0.992084,2
5562,0,0,0,0,1014,249,6825,653,7478,0.0163509,0.129757,-0.991411,2
6370,0,0,0,0,952,266,7588,673,8261,0.0258608,0.129642,-0.991224,2
5246,0,0,0,0,980,239,6465,649,7114,0.0187879,0.128313,-0.991556,2
5376,0,0,0,0,951,240,6567,668,7235,0.013368,0.125047,-0.992061,2
5469,0,0,0,0,1023,244,6736,655,7391,0.01079,0.123946,-0.99223,2
5439,0,0,0,0,955,246,6640,608,7248,0.010563,0.12158,-0.992525,2
5141,0,0,0,0,983,241,6365,630,6995,0.0135923,0.120721,-0.992593,2
5259,0,0,0,0,1123,245,6627,655,7282,0.0132109,0.117259,-0.993013,2
5132,0,0,0,0,977,269,6378,666,7044,0.0171309,0.118425,-0.992815,2
5195,0,0,0,0,959,242,6396,701,7097,0.0133247,0.123788,-0.992219,2
5063,0,0,0,0,729,161,5953,444,6397,0.011444,0.118174,-0.992927,2
4529,0,0,0,0,860,249,5638,616,6254,0.0121982,0.118602,-0.992867,2
5034,0,0,0,0,1007,243,6284,679,6963,0.0104928,0.121411,-0.992547,2
5169,0,0,0,0,1074,244,6487,647,7134,0.0165767,0.120349,-0.992593,2
5221,0,0,0,0,1011,242,6474,666,7140,0.0108857,0.121624,-0.992516,2
5293,0,0,0,0,962,245,6500,670,7170,0.012215,0.118849,-0.992837,2
5092,0,0,0,0,966,240,6298,664,6962,0.00698354,0.118034,-0.992985,2
5122,0,0,0,0,998,240,6360,657,7017,0.00932927,0.119249,-0.99282,2
5408,0,0,0,0,1009,247,6664,711,7375,0.0128678,0.11756,-0.992982,2
5669,0,0,0,0,982,265,6916,674,7590,0.0141026,0.120745,-0.992583,2
5294,0,0,0,0,1061,246,6601,675,7276,0.0125828,0.118732,-0.992847,2
5398,0,0,0,0,1015,252,6665,748,7413,0.0112798,0.117223,-0.993042,2
5268,0,0,0,0,1357,312,6937,861,7798,0.0114639,0.116311,-0.993147,2
5435,0,0,0,0,1030,266,6731,744,7475,0.0106024,0.116903,-0.993087,2
5198,0,0,0,0,982,242,6422,679,7101,0.0119006,0.116091,-0.993167,2
5447,0,0,0,0,1079,246,6772,703,7475,0.0109101,0.119901,-0.992726,2
5323,0,0,0,0,1083,246,6652,685,7337,0.0115448,0.122628,-0.992386,2
5227,0,0,0,0,959,241,6427,629,7056,0.0146124,0.121375,-0.992499,2
5290,0,0,0,0,976,265,6531,845,7376,0.0126903,0.118172,-0.992912,2
5339,0,0,0,0,1080,246,6665,681,7346,0.0139113,0.117041,-0.99303,2
5143,0,0,0,0,952,236,6331,673,7004,0.0117018,0.119061,-0.992818,2
5319,0,0,0,0,1002,251,6572,755,7327,0.0111077,0.116139,-0.993171,2
5206,0,0,0,0,1065,247,6518,665,7183,0.0119921,0.115978,-0.993179,2
5257,0,0,0,0,968,242,6467,685,7152,0.00817316,0.116976,-0.993101,2
5144,0,0,0,0,1366,328,6838,753,7591,0.0127038,0.115934,-0.993176,2
7785,0,0,0,0,1419,299,9503,896,10399,0.0133697,0.116117,-0.993145,2
5309,0,0,0,0,963,240,6512,681,7193,0.0108894,0.115953,-0.993195,2
5389,0,0,0,0,1032,239,6660,677,7337,0.00893174,0.114475,-0.993386,2
5133,0,0,0,0,976,295,6404,712,7116,0.0105456,0.112811,-0.993561,2
5263,0,0,0,0,1018,260,6541,723,7264,0.0101344,0.11205,-0.993651,2
5166,0,0,0,0,977,236,6379,738,7117,0.0129299,0.114958,-0.993286,2
5212,0,0,0,0,973,238,6423,703,7126,0.0156945,0.116528,-0.993063,2
5206,0,0,0,0,989,237,6432,686,7118,0.0131519,0.114403,-0.993347,2
5277,0,0,0,0,1000,256,6533,726,7259,0.0185498,0.11743,-0.992908,2
5261,0,0,0,0,961,264,6486,671,7157,0.00940827,0.116551,-0.99314,2
5401,0,0,0,0,983,241,6625,633,7258,0.00798399,0.116355,-0.993176,2
5440,0,0,0,0,1066,255,6761,631,7392,0.00765663,0.115689,-0.993256,2
5293,0,0,0,0,966,239,6498,863,7361,0.00854862,0.115687,-0.993249,2
5328,0,0,0,0,1080,241,6649,654,7303,0.011882,0.115961,-0.993183,2
5661,0,0,0,0,1367,244,7272,739,8011,0.0115658,0.113572,-0.993462,2
5329,0,0,0,0,977,238,6544,724,7268,0.00632754,0.114053,-0.993455,2
5970,0,0,0,0,1119,237,7326,637,7963,0.0077483,0.114724,-0.993367,2
5100,0,0,0,0,975,238,6313,635,6948,0.00689037,0.115306,-0.993306,2
5742,0,0,0,0,986,242,6970,675,7645,0.00750742,0.116409,-0.993173,2
5132,0,0,0,0,1086,288,6506,758,7264,0.0151502,0.119404,-0.99273,2
5213,0,0,0,0,1069,235,6517,707,7224,0.00853782,0.118896,-0.99287,2
5896,0,0,0,0,1109,246,7251,620,7871,0.0140314,0.119451,-0.992741,2
5176,0,0,0,0,1009,241,6426,644,7070,0.0117484,0.117341,-0.993022,2
5293,0,0,0,0,977,239,6509,634,7143,0.0126112,0.116253,-0.99314,2
5320,0,0,0,0,995,239,6554,659,7213,0.011971,0.116966,-0.993064,2
5369,0,0,0,0,986,236,6591,627,7218,0.0134764,0.117456,-0.992987,2
5284,0,0,0,0,966,263,6513,633,7146,0.0103642,0.116712,-0.993112,2
5161,0,0,0,0,957,238,6356,613,6969,0.0100884,0.114757,-0.993342,2
5169,0,0,0,0,994,239,6402,660,7062,0.0162449,0.11527,-0.993201,3
5204,0,0,0,0,1024,240,6468,653,7121,0.0098035,0.11067,-0.993809,3
5236,0,0,0,0,990,239,6465,743,7208,0.00569606,0.112385,-0.993648,3
5337,0,0,0,0,1231,254,6822,661,7483,0.00819766,0.114677,-0.993369,3
5332,0,0,0,0,981,239,6552,598,7150,0.0102334,0.118305,-0.992925,3
5335,0,0,0,0,968,244,6547,627,7174,0.0127297,0.120202,-0.992668,3
5263,0,0,0,0,975,239,6477,583,7060,0.0138906,0.124601,-0.99211,3
5279,0,0,0,0,968,239,6486,528,7014,0.00789006,0.126585,-0.991924,3
5298,0,0,0,0,1051,238,6587,419,7006,0.00934748,0.125118,-0.992098,3
5354,0,0,0,0,979,237,6570,403,6973,0.0152366,0.124908,-0.992051,3
5335,0,0,0,0,983,263,6581,520,7101,0.0123151,0.125644,-0.991999,3
5516,0,0,0,0,1039,251,6806,480,7286,0.0152167,0.12962,-0.991447,3
5499,0,0,0,0,1000,257,6756,462,7218,0.0130298,0.128716,-0.991596,3
5495,0,0,0,0,1449,291,7235,600,7835,0.0164981,0.127479,-0.991704,3
5493,0,0,0,0,1013,237,6743,493,7236,0.0161429,0.12481,-0.992049,3
6480,0,0,0,0,969,237,7686,479,8165,0.011116,0.120478,-0.992654,3
5570,0,0,0,0,1110,246,6926,400,7326,0.0112321,0.12174,-0.992498,3
5743,0,0,0,0,1002,246,6991,387,7378,0.0137136,0.120137,-0.992663,3
3632,0,0,0,0,640,158,4430,299,4729,0.0139741,0.118831,-0.992816,3
5389,0,0,0,0,994,235,6618,555,7173,0.0164635,0.117417,-0.992946,3
5578,0,0,0,0,992,251,6821,579,7400,0.0160818,0.118617,-0.99281,3
5393,0,0,0,0,1012,262,6667,512,7179,0.0154391,0.120952,-0.992538,3
5549,0,0,0,0,997,241,6787,482,7269,0.0147853,0.121139,-0.992525,3
6583,0,0,0,0,1003,281,7867,435,8302,0.0182702,0.124568,-0.992043,3
5809,0,0,0,0,1054,246,7109,531,7640,0.0158042,0.129119,-0.991503,3
5460,0,0,0,0,861,224,6545,339,6884,0.0154307,0.128179,-0.991631,3
5402,0,0,0,0,940,228,6570,379,6949,0.0161404,0.124526,-0.992085,3
5415,0,0,0,0,903,219,6537,404,6941,0.0170391,0.12472,-0.992046,3
5504,0,0,0,0,1288,261,7053,461,7514,0.0208992,0.121312,-0.992394,3
5463,0,0,0,0,912,222,6597,447,7044,0.0150159,0.115817,-0.993157,3
5794,0,0,0,0,939,224,6957,423,7380,0.0136812,0.114403,-0.99334,3
5952,0,0,0,0,916,227,7095,429,7524,0.0173532,0.11345,-0.993392,3
5684,0,0,0,0,922,228,6834,567,7401,0.0157223,0.113285,-0.993438,3
6107,0,0,0,0,999,226,7332,467,7799,0.0124392,0.113213,-0.993493,3
5606,0,0,0,0,934,229,6769,386,7155,0.0137723,0.113188,-0.993478,3
5773,0,0,0,0,990,266,7029,437,7466,0.0126664,0.114958,-0.99329,3
5524,0,0,0,0,1035,247,6806,399,7205,0.014752,0.116793,-0.993047,3
5006,0,0,0,0,927,209,6142,345,6487,0.0206039,0.118886,-0.992694,3
5521,0,0,0,0,976,251,6748,445,7193,0.0236614,0.122803,-0.992149,3
5472,0,0,0,0,927,230,6629,451,7080,0.0209994,0.121264,-0.992398,3
5708,0,0,0,0,955,234,6897,399,7296,0.0248537,0.124958,-0.991851,3
5658,0,0,0,0,924,232,6814,444,7258,0.0221889,0.127075,-0.991645,3
5697,0,0,0,0,933,229,6859,364,7223,0.0195713,0.131512,-0.991121,3
5655,0,0,0,0,1022,235,6912,268,7180,0.0172949,0.125506,-0.991942,3
5684,0,0,0,0,992,235,6911,280,7191,0.0160991,0.124996,-0.992027,3
5538,0,0,0,0,955,242,6735,337,7072,0.0147137,0.130522,-0.991336,3
5534,0,0,0,0,943,284,6761,268,7029,0.0197711,0.137857,-0.990255,3
6481,0,0,0,0,982,237,7700,251,7951,0.0221541,0.13934,-0.989997,3
1859,0,0,0,0,310,78,2247,84,2331,0.025829,0.111425,-0.993437,3
3759,0,0,0,0,673,171,4603,294,4897,0.0218915,0.109494,-0.993746,3
6483,0,0,0,0,975,262,7720,491,8211,0.0217673,0.10917,-0.993785,3
5478,0,0,0,0,923,222,6623,455,7078,0.0201708,0.108016,-0.993945,3
6426,0,0,0,0,925,229,7580,493,8073,0.0157861,0.106487,-0.994189,3
4887,0,0,0,0,640,117,5644,223,5867,0.0168808,0.106426,-0.994177,3
3048,0,0,0,0,605,141,3794,252,4046,0.0181763,0.110747,-0.993682,3
5776,0,0,0,0,990,237,7003,371,7374,0.0159754,0.113153,-0.993449,3
5739,0,0,0,0,977,231,6947,367,7314,0.0143414,0.121257,-0.992518,3
5897,0,0,0,0,982,239,7118,256,7374,0.0152138,0.14138,-0.989838,3
3711,0,0,0,0,639,187,4537,190,4727,0.0124697,0.169014,-0.985535,3
5284,0,0,0,0,652,165,6101,1710,7811,-0.014744,0.156417,-0.987581,3
2850,0,0,0,0,508,127,3485,1218,4703,-0.0108547,0.143854,-0.989539,3
6104,0,0,0,0,1454,265,7823,3597,11420,-0.00952743,0.157647,-0.98745,3
3812,0,0,0,0,706,170,4688,1888,6576,-0.00613516,0.157285,-0.987534,3
5876,0,0,0,0,965,246,7087,3406,10493,-0.000680934,0.175359,-0.984504,3
5416,0,0,0,0,911,224,6551,4730,11281,-0.000540882,0.182629,-0.983182,3
6029,0,0,0,0,818,206,7053,4825,11878,-0.0276454,0.234546,-0.971712,3
5228,0,0,0,0,724,179,6131,256,6387,-0.0336826,0.318056,-0.947473,3
5023,0,0,0,0,558,144,5725,367,6092,-0.0368212,0.308313,-0.950572,3
4733,0,0,0,0,442,129,5304,317,5621,-0.0574218,0.46763,-0.882057,3
5314,0,0,0,0,417,122,5853,315,6168,-0.0274671,0.406859,-0.913078,3
4892,0,0,0,0,215,62,5169,237,5406,-0.0194185,0.369612,-0.928983,3
3335,0,0,0,0,189,51,3575,301,3876,-0.00588338,0.292489,-0.956251,3
3596,0,0,0,0,254,66,3916,400,4316,0.0178158,0.270541,-0.962544,3
5351,0,0,0,0,279,75,5705,599,6304,0.0246752,0.277465,-0.960419,3
5364,0,0,0,0,271,72,5707,757,6464,0.0186194,0.223776,-0.974463,3
5273,0,0,0,0,277,81,5631,806,6437,0.00853605,0.210943,-0.977461,3
6047,0,0,0,0,333,76,6456,767,7223,-0.00300119,0.210348,-0.977622,3
5233,0,0,0,0,259,73,5565,889,6454,-0.0201839,0.223264,-0.974549,3
5394,0,0,0,0,261,71,5726,863,6589,-0.0233642,0.214282,-0.976492,3
5099,0,0,0,0,258,71,5428,931,6359,-0.0163503,0.204072,-0.978819,3
5210,0,0,0,0,249,69,5528,846,6374,-0.0136768,0.203266,-0.979028,3
4876,0,0,0,0,338,88,5302,1050,6352,-0.012105,0.203997,-0.978897,3
4783,0,0,0,0,216,60,5059,995,6054,-0.0430003,0.224607,-0.9735,3
4591,0,0,0,0,223,63,4877,921,5798,-0.0752893,0.291314,-0.95366,3
4673,0,0,0,0,217,61,4951,1015,5966,-0.061916,0.250208,-0.96621,3
3535,0,0,0,0,200,50,3785,686,4471,-0.05181,0.214201,-0.975415,3
5217,0,0,0,0,427,118,5762,1021,6783,-0.0744326,0.301524,-0.950549,3
4952,0,0,0,0,577,150,5679,713,6392,-0.0428975,0.215461,-0.97557,3
5873,0,0,0,0,841,210,6924,1466,8390,-0.0437147,0.254269,-0.966145,3
5506,0,0,0,0,1046,259,6811,960,7771,-0.0170048,0.172961,-0.984782,3
6745,0,0,0,0,1248,301,8294,2099,10393,-0.011,0.174997,-0.984507,3
6182,0,0,0,0,1447,345,7974,3189,11163,0.00472648,0.159136,-0.987245,3
4132,0,0,0,0,941,228,5301,1988,7289,0.0140067,0.14024,-0.990018,3
4802,0,0,0,0,1104,235,6141,1910,8051,0.012162,0.142327,-0.989745,3
5881,0,0,0,0,1313,309,7503,2848,10351,-0.012839,0.129052,-0.991555,3
6029,0,0,0,0,1260,311,7600,2132,9732,-0.0316012,0.135187,-0.990316,3
6209,0,0,0,0,1272,305,7786,1962,9748,-0.0378087,0.136724,-0.989887,3
6210,0,0,0,0,1280,313,7803,2040,9843,-0.0411716,0.136006,-0.989852,3
7090,0,0,0,0,1480,354,8924,2094,11018,-0.0382798,0.135959,-0.989975,3
6145,0,0,0,0,1416,319,7880,1854,9734,-0.0335624,0.126269,-0.991428,3
6133,0,0,0,0,1023,222,7378,1345,8723,-0.0224545,0.116218,-0.99297,3
3119,0,0,0,0,657,169,3945,1126,5071,-0.0207831,0.101374,-0.994631,3
6959,0,0,0,0,1281,303,8543,2188,10731,-0.0171955,0.112263,-0.99353,3
4154,0,0,0,0,804,192,5150,1270,6420,-0.00923329,0.111855,-0.993682,3
5553,0,0,0,0,973,231,6757,1569,8326,-0.0100069,0.111706,-0.993691,3
6107,0,0,0,0,964,234,7305,1562,8867,-0.0169822,0.13271,-0.991009,3
6952,0,0,0,0,853,209,8014,1365,9379,-0.0207888,0.142922,-0.989516,3
5560,0,0,0,0,783,188,6531,1240,7771,-0.0287096,0.150808,-0.988146,3
5555,0,0,0,0,647,171,6373,1108,7481,-0.0188207,0.134205,-0.990775,3
5061,0,0,0,0,551,138,5750,988,6738,-0.0204097,0.152886,-0.988033,3
6121,0,0,0,0,542,133,6796,1061,7857,-0.02135,0.176831,-0.98401,3
4877,0,0,0,0,438,117,5432,966,6398,-0.0200321,0.184603,-0.982609,3
4548,0,0,0,0,410,107,5065,856,5921,-0.023676,0.208199,-0.9778,3
4490,0,0,0,0,443,109,5042,876,5918,-0.0267078,0.219471,-0.975253,3
4242,0,0,0,0,381,103,4726,793,5519,-0.0257447,0.233303,-0.972063,3
4223,0,0,0,0,378,104,4705,756,5461,-0.0183717,0.227609,-0.973579,3
4205,0,0,0,0,384,102,4691,715,5406,-0.0269209,0.23201,-0.972341,3
4314,0,0,0,0,412,110,4836,661,5497,-0.0383298,0.247591,-0.968106,3
4314,0,0,0,0,459,136,4909,634,5543,-0.0578227,0.285677,-0.95658,3
4549,0,0,0,0,494,128,5171,508,5679,-0.0620914,0.299075,-0.952207,3
4483,0,0,0,0,551,157,5191,547,5738,-0.0660106,0.332455,-0.940806,3
4745,0,0,0,0,719,178,5642,477,6119,-0.0404828,0.358514,-0.932646,3
4920,0,0,0,0,827,230,5977,441,6418,-0.0126539,0.370149,-0.928886,3
3845,0,0,0,0,636,163,4644,381,5025,-0.00683755,0.30419,-0.952587,3
5331,0,0,0,0,995,238,6564,1029,7593,-0.0201609,0.417498,-0.908454,3
5695,0,0,0,0,1174,250,7119,463,7582,0.00371841,0.322861,-0.946439,3
5594,0,0,0,0,1024,266,6884,1191,8075,-0.00347723,0.368757,-0.929519,3
5398,0,0,0,0,884,221,6503,834,7337,-0.0192539,0.329599,-0.943924,3
5138,0,0,0,0,762,187,6087,572,6659,-0.00168201,0.337932,-0.941169,3
4919,0,0,0,0,610,154,5683,488,6171,-0.00504721,0.347285,-0.937746,3
5016,0,0,0,0,600,134,5750,453,6203,0.00185762,0.284757,-0.958598,3
4848,0,0,0,0,437,117,5402,387,5789,-0.020228,0.335142,-0.94195,3
3931,0,0,0,0,229,61,4221,313,4534,-0.0515597,0.250661,-0.966701,3
3259,0,0,0,0,152,41,3452,338,3790,-0.0571146,0.235472,-0.970201,3
5126,0,0,0,0,230,62,5418,574,5992,-0.0572168,0.221245,-0.973538,3
4102,0,0,0,0,174,48,4324,402,4726,-0.0369866,0.204801,-0.978105,3
5051,0,0,0,0,256,70,5377,610,5987,-0.0156279,0.210562,-0.977456,3
5185,0,0,0,0,271,84,5540,623,6163,0.00409415,0.213791,-0.976871,3
5122,0,0,0,0,272,75,5469,617,6086,0.00403994,0.224522,-0.974461,3
5017,0,0,0,0,282,91,5390,651,6041,-0.0103958,0.243419,-0.969866,3
4971,0,0,0,0,351,97,5419,725,6144,-0.0217873,0.231007,-0.972708,3
4744,0,0,0,0,358,90,5192,744,5936,-0.0377463,0.230795,-0.97227,3
4921,0,0,0,0,303,100,5324,865,6189,-0.0555325,0.233038,-0.970881,3
4745,0,0,0,0,305,82,5132,776,5908,-0.044924,0.211286,-0.976391,3
4892,0,0,0,0,338,90,5320,822,6142,-0.0457463,0.214337,-0.975688,3
5133,0,0,0,0,400,107,5640,790,6430,-0.0331458,0.214073,-0.976255,3
5184,0,0,0,0,513,131,5828,820,6648,-0.0320715,0.229112,-0.972871,3
5457,0,0,0,0,654,163,6274,649,6923,-0.0289731,0.20221,-0.978913,3
5732,0,0,0,0,859,203,6794,622,7416,-0.0262752,0.200587,-0.979324,3
6052,0,0,0,0,1083,266,7401,771,8172,-0.014431,0.168256,-0.985638,3
6879,0,0,0,0,1364,326,8569,949,9518,-0.0252074,0.185835,-0.982258,3
7231,0,0,0,0,1516,359,9106,1106,10212,-0.0165538,0.177513,-0.983979,3
7397,0,0,0,0,1690,384,9471,1415,10886,-0.00673541,0.182692,-0.983147,3
4813,0,0,0,0,1058,256,6127,946,7073,0.00539898,0.171004,-0.985256,3
6712,0,0,0,0,1380,314,8406,1525,9931,0.00913303,0.182672,-0.983132,3
6338,0,0,0,0,1029,245,7612,1773,9385,0.00580329,0.193301,-0.981122,3
5866,0,0,0,0,834,196,6896,2084,8980,-0.000660664,0.185987,-0.982552,3
5631,0,0,0,0,753,181,6565,1374,7939,-0.0163454,0.174234,-0.984569,3
5475,0,0,0,0,660,168,6303,1464,7767,-0.0238625,0.156126,-0.987449,3
5474,0,0,0,0,599,155,6228,1158,7386,-0.0397688,0.180426,-0.982784,3
5299,0,0,0,0,568,161,6028,1161,7189,-0.0418603,0.17612,-0.983478,3
5050,0,0,0,0,502,129,5681,1009,6690,-0.0486295,0.179882,-0.982485,3
5029,0,0,0,0,474,123,5626,885,6511,-0.0514939,0.188568,-0.980709,3
4519,0,0,0,0,507,121,5147,855,6002,-0.0389308,0.212333,-0.976422,3
4433,0,0,0,0,527,122,5082,812,5894,-0.0332812,0.255237,-0.966306,3
4341,0,0,0,0,451,114,4906,746,5652,-0.0401383,0.24336,-0.969105,3
4340,0,0,0,0,472,113,4925,673,5598,-0.0622207,0.259845,-0.963644,3
4423,0,0,0,0,475,119,5017,680,5697,-0.066799,0.234259,-0.969877,3
5024,0,0,0,0,639,137,5800,606,6406,-0.100731,0.266174,-0.958647,3
4390,0,0,0,0,511,130,5031,560,5591,-0.112615,0.270577,-0.956089,3
4539,0,0,0,0,577,151,5267,532,5799,-0.118155,0.295923,-0.947876,3
5063,0,0,0,0,676,175,5914,508,6422,-0.106523,0.29329,-0.950071,3
5131,0,0,0,0,795,205,6131,487,6618,-0.0791623,0.308985,-0.947767,3
5272,0,0,0,0,1019,234,6525,585,7110,-0.0457291,0.37918,-0.924192,3
5579,0,0,0,0,1073,260,6912,610,7522,-0.0302506,0.353587,-0.934913,3
6045,0,0,0,0,1062,264,7371,727,8098,-0.0214759,0.328873,-0.94413,3
3603,0,0,0,0,621,153,4377,521,4898,-0.00827811,0.286116,-0.958159,3
5071,0,0,0,0,775,173,6019,530,6549,-0.0230774,0.298798,-0.954037,3
4759,0,0,0,0,377,103,5239,453,5692,-0.0532636,0.481372,-0.874897,3
4832,0,0,0,0,330,78,5240,412,5652,-0.0544457,0.406767,-0.911908,3
5126,0,0,0,0,315,74,5515,458,5973,-0.0362265,0.309749,-0.950128,3
4550,0,0,0,0,207,57,4814,384,5198,-0.0403965,0.24631,-0.968349,3
5458,0,0,0,0,236,70,5764,540,6304,-0.0385401,0.269521,-0.962223,3
5561,0,0,0,0,245,67,5873,584,6457,-0.0186327,0.236024,-0.971569,3
5336,0,0,0,0,217,61,5614,672,6286,-0.00786516,0.237775,-0.971288,3
6888,0,0,0,0,197,58,7143,689,7832,0.00287167,0.237765,-0.971318,3
4892,0,0,0,0,176,50,5118,697,5815,-0.00640544,0.229625,-0.973258,3
5839,0,0,0,0,149,48,6036,699,6735,0.00326785,0.197513,-0.980295,3
4906,0,0,0,0,116,39,5061,678,5739,0.00260894,0.199334,-0.979928,3
4643,0,0,0,0,89,32,4764,662,5426,0.00888207,0.18645,-0.982424,3
4541,0,0,0,0,85,32,4658,586,5244,0.0205869,0.211898,-0.977075,3
4703,0,0,0,0,120,43,4866,651,5517,0.0231359,0.19885,-0.979757,3
4928,0,0,0,0,188,60,5176,591,5767,0.0207411,0.192106,-0.981155,3
5933,0,0,0,0,282,83,6298,734,7032,0.0152227,0.174412,-0.984555,3
4907,0,0,0,0,394,105,5406,720,6126,-0.0103668,0.20273,-0.97918,3
5115,0,0,0,0,504,131,5750,696,6446,-0.00238563,0.184844,-0.982765,3
5166,0,0,0,0,597,153,5916,669,6585,-0.0105976,0.161362,-0.986838,3
5359,0,0,0,0,754,177,6290,603,6893,0.0415151,0.113018,-0.992725,3
5585,0,0,0,0,891,213,6689,1068,7757,0.0098568,0.15182,-0.988359,3
6226,0,0,0,0,1122,277,7625,671,8296,0.0366179,0.141954,-0.989196,3
6698,0,0,0,0,1399,353,8450,943,9393,0.0391443,0.14598,-0.988513,3
6775,0,0,0,0,1585,369,8729,922,9651,0.0369451,0.143714,-0.988929,3
4648,0,0,0,0,1093,258,5999,924,6923,0.0379891,0.109848,-0.993222,3
7479,0,0,0,0,1591,442,9512,1477,10989,0.0182633,0.127561,-0.991662,3
6836,0,0,0,0,1408,342,8586,1742,10328,-0.0440757,0.196882,-0.979436,3
3915,0,0,0,0,578,139,4632,843,5475,-0.0129009,0.12756,-0.991747,3
2359,0,0,0,0,358,85,2802,617,3419,0.00331221,0.0834969,-0.996503,3
5750,0,0,0,0,741,218,6709,1360,8069,-0.00119961,0.132043,-0.991243,3
5573,0,0,0,0,633,157,6363,1183,7546,-0.009255,0.133246,-0.99104,3
5530,0,0,0,0,585,148,6263,1103,7366,-0.0105087,0.131822,-0.991218,3
5496,0,0,0,0,673,187,6356,1033,7389,-0.0297565,0.321612,-0.946404,3
5200,0,0,0,0,494,127,5821,965,6786,-0.0186285,0.226075,-0.973932,3
3885,0,0,0,0,305,79,4269,630,4899,-0.0288402,0.227156,-0.973431,3
5231,0,0,0,0,651,149,6031,552,6583,-0.0430483,0.270074,-0.961877,3
4146,0,0,0,0,261,76,4483,552,5035,-0.0475918,0.261709,-0.963973,3
4278,0,0,0,0,286,94,4658,586,5244,-0.0492665,0.269431,-0.961759,3
4465,0,0,0,0,336,96,4897,585,5482,-0.0502708,0.303146,-0.951617,3
5106,0,0,0,0,420,112,5638,559,6197,-0.0450199,0.296402,-0.954002,3
4771,0,0,0,0,484,128,5383,559,5942,-0.0399863,0.424164,-0.904702,3
4584,0,0,0,0,539,143,5266,540,5806,-0.0166607,0.419537,-0.907585,3
4736,0,0,0,0,692,178,5606,502,6108,-0.0159419,0.348726,-0.937089,3
5033,0,0,0,0,859,215,6107,556,6663,-0.00141552,0.414696,-0.909959,3
5315,0,0,0,0,1054,161,6530,476,7006,0.00352356,0.326845,-0.945072,3
3556,0,0,0,0,690,168,4414,486,4900,0.0108365,0.284328,-0.958666,3
5453,0,0,0,0,1137,272,6862,672,7534,0.0106256,0.258934,-0.965837,3
5425,0,0,0,0,1154,274,6853,767,7620,0.0125175,0.214414,-0.976663,3
6090,0,0,0,0,1165,329,7584,711,8295,0.00934201,0.206035,-0.9785,3
6651,0,0,0,0,1240,286,8177,696,8873,0.000574077,0.193684,-0.981064,3
5739,0,0,0,0,1222,289,7250,721,7971,-0.00324131,0.179387,-0.983773,3
6018,0,0,0,0,1245,296,7559,698,8257,-0.00419847,0.16455,-0.98636,3
5952,0,0,0,0,1215,291,7458,731,8189,-0.000281549,0.157907,-0.987454,3
5958,0,0,0,0,1219,295,7472,702,8174,-0.00686071,0.153161,-0.988177,3
5917,0,0,0,0,1272,319,7508,686,8194,-0.00117352,0.141805,-0.989894,3
3784,0,0,0,0,633,149,4566,287,4853,0.00903634,0.133753,-0.990973,3
2891,0,0,0,0,634,155,3680,135,3815,0.0141066,0.125971,-0.991934,3
5817,0,0,0,0,1288,321,7426,2088,9514,0.0412404,0.0996195,-0.994171,3
6118,0,0,0,0,1393,325,7836,2261,10097,0.0357972,0.102411,-0.994098,3
6583,0,0,0,0,1434,328,8345,1749,10094,0.0419097,0.0908013,-0.994987,3
2840,0,0,0,0,652,160,3652,1065,4717,0.0406234,0.103779,-0.99377,3
6691,0,0,0,0,1344,323,8358,2170,10528,0.0417773,0.0950645,-0.994594,3
5823,0,0,0,0,1341,346,7510,1763,9273,0.0329993,0.110868,-0.993287,3
3934,0,0,0,0,854,210,4998,1378,6376,0.0373306,0.107361,-0.993519,3
6349,0,0,0,0,1327,349,8025,2209,10234,0.0417533,0.116841,-0.992273,3
5842,0,0,0,0,1278,326,7446,2026,9472,0.0437379,0.107986,-0.99319,3
5843,0,0,0,0,1321,352,7516,2069,9585,0.0367889,0.104048,-0.993892,3
5910,0,0,0,0,1304,335,7549,2089,9638,0.0410995,0.101544,-0.993982,3
5970,0,0,0,0,1335,328,7633,2258,9891,0.0334233,0.119501,-0.992271,3
6084,0,0,0,0,1294,320,7698,2157,9855,0.0349081,0.109866,-0.993333,3
6016,0,0,0,0,1329,330,7675,2013,9688,0.0432507,0.108677,-0.993136,3
4049,0,0,0,0,859,214,5122,1581,6703,0.0419,0.110491,-0.992993,3
7082,0,0,0,0,1311,325,8718,2139,10857,0.0406541,0.108158,-0.993302,3
6070,0,0,0,0,1422,325,7817,2159,9976,0.0408192,0.10525,-0.993608,3
6302,0,0,0,0,1394,336,8032,2258,10290,0.047617,0.0992884,-0.993919,3
6236,0,0,0,0,1428,251,7915,1251,9166,0.0498545,0.112034,-0.992453,3
5272,0,0,0,0,1195,299,6766,1967,8733,0.0488342,0.115592,-0.992096,3
6198,0,0,0,0,1195,322,7715,2048,9763,0.0420798,0.125782,-0.991165,3
5192,0,0,0,0,1149,286,6627,1924,8551,0.044379,0.116335,-0.992218,3
5528,0,0,0,0,1251,304,7083,1893,8976,0.0318929,0.119248,-0.992352,3
4609,0,0,0,0,1012,251,5872,1812,7684,0.0397637,0.110943,-0.993031,3
4698,0,0,0,0,1050,251,5999,1614,7613,0.0394847,0.110928,-0.993044,3
5832,0,0,0,0,1388,360,7580,2217,9797,0.0469817,0.0976569,-0.994111,3
5841,0,0,0,0,1387,318,7546,2166,9712,0.0351451,0.101172,-0.994248,3
6938,0,0,0,0,1277,335,8550,1508,10058,0.0263652,0.112081,-0.993349,3
5164,0,0,0,0,1176,281,6621,1906,8527,0.0366318,0.117855,-0.992355,3
5772,0,0,0,0,1280,319,7371,1884,9255,0.0502857,0.123109,-0.991118,3
6145,0,0,0,0,1305,322,7772,2325,10097,0.0445191,0.121987,-0.991533,3
3620,0,0,0,0,637,158,4415,1144,5559,0.0361894,0.125819,-0.991393,3
2384,0,0,0,0,516,126,3026,905,3931,0.0407992,0.11332,-0.99272,3
5946,0,0,0,0,1387,316,7649,2579,10228,0.0465023,0.0936508,-0.994518,3
5909,0,0,0,0,1263,316,7488,2203,9691,0.0344496,0.107166,-0.993644,3
5803,0,0,0,0,1578,421,7802,2058,9860,0.0324579,0.108463,-0.99357,3
6156,0,0,0,0,1268,343,7767,2346,10113,0.0351373,0.109251,-0.993393,3
7170,0,0,0,0,1289,316,8775,2145,10920,0.0299931,0.120515,-0.992258,3
5250,0,0,0,0,1132,277,6659,1894,8553,0.0385333,0.112464,-0.992908,3
5852,0,0,0,0,1285,311,7448,2018,9466,0.0324032,0.114498,-0.992895,3
5867,0,0,0,0,1280,315,7462,2302,9764,0.0349471,0.120486,-0.9921,3
5984,0,0,0,0,1309,324,7617,2141,9758,0.0354406,0.114464,-0.992795,3
6282,0,0,0,0,1272,317,7871,2358,10229,0.043914,0.108493,-0.993127,3
5841,0,0,0,0,1330,316,7487,2414,9901,0.0455891,0.103782,-0.993555,3
5929,0,0,0,0,1288,319,7536,2272,9808,0.0289679,0.113027,-0.99317,3
5823,0,0,0,0,1275,324,7422,2090,9512,0.0422202,0.11319,-0.992676,3
6049,0,0,0,0,1328,315,7692,2231,9923,0.031111,0.118246,-0.992497,3
6017,0,0,0,0,1285,360,7662,2201,9863,0.0317714,0.119274,-0.992353,3
3938,0,0,0,0,1061,266,5265,1472,6737,0.043092,0.109376,-0.993066,3
5306,0,0,0,0,1209,286,6801,2079,8880,0.0340568,0.123655,-0.991741,3
5825,0,0,0,0,1262,312,7399,2195,9594,0.0311149,0.124101,-0.991782,3
5896,0,0,0,0,1331,334,7561,2455,10016,0.042923,0.112319,-0.992745,3
6812,0,0,0,0,1293,316,8421,2147,10568,0.0381358,0.107185,-0.993507,3
6037,0,0,0,0,1351,339,7727,1573,9300,0.0386134,0.105446,-0.993675,3
3878,0,0,0,0,835,206,4919,1489,6408,0.0423548,0.106215,-0.993441,3
5929,0,0,0,0,1260,312,7501,2159,9660,0.0358576,0.106391,-0.993678,3
5826,0,0,0,0,1403,347,7576,2186,9762,0.0390751,0.11368,-0.992749,3
5966,0,0,0,0,1291,809,8066,2041,10107,0.0405986,0.107582,-0.993367,3
5512,0,0,0,0,894,210,6616,1461,8077,0.0372129,0.112795,-0.992921,3
3494,0,0,0,0,643,169,4306,983,5289,0.0359574,0.111323,-0.993134,3
5863,0,0,0,0,1294,319,7476,2108,9584,0.0356631,0.110119,-0.993278,3
6134,0,0,0,0,1271,307,7712,2295,10007,0.0334813,0.118136,-0.992433,3
6479,0,0,0,0,1314,321,8114,2052,10166,0.0334555,0.112027,-0.993142,3
5883,0,0,0,0,1289,339,7511,2140,9651,0.0347526,0.106449,-0.993711,3
5906,0,0,0,0,1275,336,7517,2083,9600,0.0394424,0.114041,-0.992693,3
5900,0,0,0,0,1258,323,7481,2260,9741,0.0345418,0.10718,-0.993639,3
5892,0,0,0,0,1281,309,7482,2198,9680,0.0414404,0.102837,-0.993835,3
5995,0,0,0,0,1265,318,7578,2036,9614,0.0325263,0.115141,-0.992816,3
5866,0,0,0,0,1250,319,7435,2156,9591,0.0326733,0.113363,-0.993016,3
5977,0,0,0,0,1239,308,7524,2261,9785,0.0305673,0.113479,-0.99307,3
5824,0,0,0,0,1612,395,7831,2420,10251,0.0358048,0.109502,-0.993342,3
5719,0,0,0,0,1205,337,7261,2082,9343,0.0314814,0.114795,-0.99289,3
6439,0,0,0,0,1229,303,7971,2158,10129,0.0322813,0.119691,-0.992286,3
5731,0,0,0,0,1207,297,7235,2093,9328,0.0341919,0.112922,-0.993015,3
5957,0,0,0,0,1314,321,7592,2092,9684,0.0375758,0.10817,-0.993422,3
5759,0,0,0,0,1257,307,7323,2228,9551,0.0362902,0.116101,-0.992574,3
