Downsample[ns],BuildFilTree[ns],SearchFil[ns],DeleteFil[ns],BuildTreeSub[ns],SearchSub[ns],DeleteSub[ns],PreProcTotal[ns],Plane[ns],Total[ns],nx,ny,nz,planeCount
5896,0,0,0,0,660,168,6724,3431,10155,0.0414592,-0.0397355,-0.99835,0
6284,0,0,0,0,646,156,7086,1852,8938,-0.00757291,0.0137231,-0.999877,0
5813,0,0,0,0,646,151,6610,1617,8227,-8.87941e-05,0.0111098,-0.999938,0
6022,0,0,0,0,680,162,6864,1774,8638,-0.0107229,0.0143552,-0.999839,0
6164,0,0,0,0,644,155,6963,1608,8571,-0.000696955,0.0115312,-0.999933,0
6006,0,0,0,0,650,157,6813,1807,8620,-0.00168455,0.00864139,-0.999961,0
6744,0,0,0,0,738,177,7659,1936,9595,-0.000800173,0.0105751,-0.999944,0
5892,0,0,0,0,650,153,6695,2152,8847,-0.00913835,0.014076,-0.999859,0
6788,0,0,0,0,770,176,7734,2046,9780,-0.00105934,0.0103422,-0.999946,0
6043,0,0,0,0,646,151,6840,1816,8656,0.0027601,0.0097305,-0.999949,0
6750,0,0,0,0,736,174,7660,1998,9658,-0.00980447,0.0134487,-0.999862,0
5180,0,0,0,0,452,107,5739,1125,6864,-0.00955403,0.0151915,-0.999839,0
3151,0,0,0,0,342,80,3573,913,4486,-0.00256043,0.00913615,-0.999955,0
2889,0,0,0,0,344,78,3311,1013,4324,-0.0181668,-0.0092879,-0.999792,0
5937,0,0,0,0,654,172,6763,1940,8703,-0.000189611,0.0101491,-0.999949,0
6103,0,0,0,0,655,161,6919,1853,8772,-0.00175844,0.0123703,-0.999922,0
6823,0,0,0,0,738,203,7764,2023,9787,-0.00974221,0.0160496,-0.999824,0
6732,0,0,0,0,772,177,7681,2015,9696,-0.00923221,0.0146223,-0.99985,0
6773,0,0,0,0,734,174,7681,1975,9656,-0.0101789,0.0131848,-0.999861,0
7043,0,0,0,0,766,213,8022,2017,10039,-0.011598,0.019118,-0.99975,0
6821,0,0,0,0,753,176,7750,1716,9466,-0.00169165,0.0103427,-0.999945,0
5926,0,0,0,0,647,152,6725,1836,8561,-0.00865218,0.0121188,-0.999889,0
6009,0,0,0,0,717,159,6885,1750,8635,-0.00946004,0.0139377,-0.999858,0
5935,0,0,0,0,664,154,6753,1592,8345,-0.00924091,0.0140463,-0.999859,0
6768,0,0,0,0,751,177,7696,1861,9557,-6.86479e-05,0.012439,-0.999923,0
6587,0,0,0,0,727,170,7484,2216,9700,-0.00953037,0.0154072,-0.999836,0
6874,0,0,0,0,749,177,7800,1951,9751,-0.00513631,0.0102023,-0.999935,0
6683,0,0,0,0,727,171,7581,1901,9482,-0.00145813,0.0116371,-0.999931,0
6750,0,0,0,0,733,175,7658,2106,9764,-0.000124411,0.00985681,-0.999951,0
6876,0,0,0,0,754,195,7825,2160,9985,-0.0122067,0.0137692,-0.999831,0
4430,0,0,0,0,500,118,5048,1205,6253,-0.000363485,0.0119383,-0.999929,0
6685,0,0,0,0,732,173,7590,2335,9925,-0.00265392,0.0101289,-0.999945,0
6630,0,0,0,0,729,188,7547,2173,9720,-0.011412,0.0169375,-0.999791,0
6701,0,0,0,0,729,170,7600,1714,9314,-0.0128577,0.0163436,-0.999784,0
6974,0,0,0,0,738,177,7889,1905,9794,0.000398606,0.0151443,-0.999885,0
6611,0,0,0,0,736,174,7521,2049,9570,-0.00236226,0.0120165,-0.999925,0
6722,0,0,0,0,731,172,7625,2153,9778,-0.00185924,0.0111307,-0.999936,0
6653,0,0,0,0,749,173,7575,2159,9734,-0.0174033,-0.0107369,-0.999791,0
5892,0,0,0,0,693,156,6741,1592,8333,-0.0183161,-0.0102415,-0.99978,0
6756,0,0,0,0,739,191,7686,2035,9721,-0.00231055,0.0117127,-0.999929,0
6728,0,0,0,0,734,175,7637,1968,9605,0.00054856,0.0143055,-0.999898,0
6737,0,0,0,0,733,172,7642,2063,9705,-0.00805354,0.013695,-0.999874,0
6824,0,0,0,0,759,174,7757,1640,9397,-0.0126857,0.0189407,-0.99974,0
6671,0,0,0,0,727,171,7569,1764,9333,-0.00845661,0.0140896,-0.999865,0
7031,0,0,0,0,728,181,7940,1780,9720,-0.0100145,0.0154078,-0.999831,0
6564,0,0,0,0,733,172,7469,1850,9319,-0.00803157,0.0139118,-0.999871,0
6810,0,0,0,0,740,175,7725,1886,9611,-0.0076933,0.0147308,-0.999862,0
6233,0,0,0,0,644,151,7028,1662,8690,0.000337208,0.0110303,-0.999939,0
6566,0,0,0,0,742,172,7480,2143,9623,-0.0188527,-0.0106086,-0.999766,0
6415,0,0,0,0,653,152,7220,1914,9134,-0.00898323,0.0123682,-0.999883,0
5957,0,0,0,0,651,155,6763,1757,8520,-0.00200923,0.010925,-0.999938,0
6388,0,0,0,0,668,154,7210,1943,9153,0.00205832,0.0106916,-0.99994,0
6669,0,0,0,0,725,175,7569,2067,9636,-0.000254769,0.0148546,-0.999889,0
6669,0,0,0,0,674,156,7499,1907,9406,-0.00848778,0.0147392,-0.999855,0
6924,0,0,0,0,640,155,7719,1678,9397,0.00162002,0.0142807,-0.999897,0
5914,0,0,0,0,655,153,6722,1912,8634,-0.00211648,0.0107829,-0.99994,0
6111,0,0,0,0,647,154,6912,1797,8709,-0.008577,0.0130312,-0.999879,0
6404,0,0,0,0,798,158,7360,1656,9016,-0.00320729,0.011836,-0.999925,0
6556,0,0,0,0,647,156,7359,1620,8979,0.000480679,0.0108476,-0.999941,0
6765,0,0,0,0,728,172,7665,2205,9870,-0.00229554,0.00934783,-0.999954,0
6738,0,0,0,0,732,175,7645,2103,9748,-0.001849,0.0105759,-0.999942,0
6682,0,0,0,0,742,171,7595,2138,9733,-0.00258498,0.0109878,-0.999936,0
6428,0,0,0,0,740,189,7357,2109,9466,-0.00903081,0.0131317,-0.999873,0
5297,0,0,0,0,593,139,6029,1521,7550,-0.00821014,0.0153059,-0.999849,0
7038,0,0,0,0,790,178,8006,1792,9798,-0.00304833,0.00944663,-0.999951,0
6791,0,0,0,0,765,175,7731,2059,9790,-0.00561663,0.0112297,-0.999921,0
6851,0,0,0,0,731,177,7759,2133,9892,-0.0180572,-0.00993625,-0.999788,0
6667,0,0,0,0,733,172,7572,2025,9597,-0.00232335,0.0110098,-0.999937,0
6043,0,0,0,0,716,156,6915,1873,8788,-0.0111341,0.0154473,-0.999819,0
7308,0,0,0,0,732,177,8217,1962,10179,-0.00790484,0.0124489,-0.999891,0
6753,0,0,0,0,731,175,7659,2172,9831,-0.0174086,-0.0126185,-0.999769,0
6923,0,0,0,0,818,178,7919,2036,9955,-0.0206947,-0.0101623,-0.999734,0
6653,0,0,0,0,752,172,7577,1790,9367,-0.0204253,-0.0120369,-0.999719,0
6840,0,0,0,0,813,178,7831,2121,9952,-0.0195689,-0.0124851,-0.99973,0
7857,0,0,0,0,778,174,8809,1827,10636,-0.00402271,0.0092959,-0.999949,0
6727,0,0,0,0,803,175,7705,2179,9884,0.000260793,0.0116593,-0.999932,0
6256,0,0,0,0,648,153,7057,1917,8974,-0.000591288,0.00935238,-0.999956,0
5911,0,0,0,0,646,152,6709,2052,8761,-0.0182491,-0.0103975,-0.999779,0
5957,0,0,0,0,725,157,6839,1700,8539,-0.0124574,0.0133556,-0.999833,0
6135,0,0,0,0,650,154,6939,1506,8445,0.00354774,0.0100497,-0.999944,0
6063,0,0,0,0,650,155,6868,1924,8792,-0.00923937,0.0124534,-0.999879,0
5943,0,0,0,0,655,152,6750,1616,8366,-0.000546043,0.0111788,-0.999937,0
6398,0,0,0,0,677,158,7233,1820,9053,-0.0120913,0.0140574,-0.999828,0
6046,0,0,0,0,647,153,6846,1765,8611,-0.00219923,0.0124264,-0.99992,0
6101,0,0,0,0,681,158,6940,1968,8908,0.00135334,0.0111989,-0.999936,0
5944,0,0,0,0,652,154,6750,1914,8664,-0.00908253,0.0132748,-0.99987,0
7179,0,0,0,0,728,175,8082,1770,9852,-0.00886745,0.0132139,-0.999873,0
6261,0,0,0,0,650,153,7064,1809,8873,-0.00109674,0.0136382,-0.999906,0
5862,0,0,0,0,651,151,6664,2049,8713,-0.00871768,0.0145281,-0.999856,0
7228,0,0,0,0,678,156,8062,1620,9682,-0.0195663,-0.01033,-0.999755,0
6106,0,0,0,0,652,153,6911,1761,8672,-0.0173689,-0.0169423,-0.999705,0
6180,0,0,0,0,672,173,7025,1758,8783,-0.0179909,-0.0109503,-0.999778,0
6897,0,0,0,0,812,177,7886,2017,9903,-0.0186905,-0.0101623,-0.999774,0
6446,0,0,0,0,644,152,7242,1596,8838,-0.0187371,-0.013108,-0.999738,0
6773,0,0,0,0,734,175,7682,1743,9425,-0.0172843,-0.0100297,-0.9998,0
6116,0,0,0,0,680,154,6950,1790,8740,0.00161598,0.00864414,-0.999961,0
5985,0,0,0,0,649,153,6787,1836,8623,-0.00594852,0.0108057,-0.999924,0
6066,0,0,0,0,678,155,6899,1893,8792,-0.0122027,0.0158213,-0.9998,0
6584,0,0,0,0,671,153,7408,1547,8955,-0.00167193,0.0124856,-0.999921,0
6728,0,0,0,0,746,180,7654,1787,9441,-0.00141688,0.0115766,-0.999932,0
6695,0,0,0,0,652,154,7501,1869,9370,-9.18454e-05,0.0110972,-0.999938,0
6790,0,0,0,0,642,154,7586,1980,9566,-0.00874845,0.0136021,-0.999869,0
6786,0,0,0,0,645,154,7585,1608,9193,-0.0089066,0.0140379,-0.999862,0
5862,0,0,0,0,643,170,6675,1523,8198,-0.0201231,-0.0116799,-0.999729,0
7739,0,0,0,0,733,177,8649,2014,10663,-0.00247723,0.0093307,-0.999954,0
6357,0,0,0,0,651,152,7160,1711,8871,-0.00769284,0.0116993,-0.999902,0
5985,0,0,0,0,653,153,6791,1619,8410,-0.0015463,0.00862901,-0.999962,0
5998,0,0,0,0,674,175,6847,1833,8680,0.00108409,0.0125387,-0.999921,0
6500,0,0,0,0,644,151,7295,1946,9241,-0.00970205,0.0149303,-0.999841,0
6733,0,0,0,0,745,174,7652,1811,9463,-0.000227892,0.0129822,-0.999916,0
6746,0,0,0,0,723,170,7639,2050,9689,0.00116411,0.0134275,-0.999909,0
7038,0,0,0,0,726,172,7936,2157,10093,-0.00915382,0.0156423,-0.999836,0
6741,0,0,0,0,733,171,7645,1867,9512,-0.00694837,0.0127321,-0.999895,0
6606,0,0,0,0,745,172,7523,1822,9345,-0.00341397,0.00999916,-0.999944,0
6760,0,0,0,0,747,172,7679,2030,9709,-0.00889479,0.0123178,-0.999885,0
6598,0,0,0,0,728,170,7496,1878,9374,0.0010413,0.010868,-0.99994,0
6805,0,0,0,0,727,171,7703,2129,9832,-0.00673307,0.0141832,-0.999876,0
6732,0,0,0,0,750,170,7652,2053,9705,-0.00902697,0.0138126,-0.999864,0
6839,0,0,0,0,728,190,7757,1812,9569,0.00193913,0.0106216,-0.999942,0
5963,0,0,0,0,670,152,6785,2641,9426,-0.00919462,0.00962567,-0.999912,0
6764,0,0,0,0,725,171,7660,2184,9844,-0.0148304,0.021596,-0.999657,0
6759,0,0,0,0,736,174,7669,1879,9548,-0.000299448,0.0128595,-0.999917,0
7622,0,0,0,0,718,175,8515,2290,10805,-0.0178938,-0.011234,-0.999777,0
6603,0,0,0,0,728,169,7500,1978,9478,-0.00572542,0.010341,-0.99993,0
6953,0,0,0,0,767,207,7927,1923,9850,-0.0109161,0.0148707,-0.99983,0
6711,0,0,0,0,734,171,7616,1894,9510,-0.00894578,0.0132479,-0.999872,0
6603,0,0,0,0,692,171,7466,1855,9321,-0.00139317,0.0103866,-0.999945,0
5868,0,0,0,0,856,229,6953,2003,8956,0.00151929,0.0112909,-0.999935,0
6751,0,0,0,0,737,173,7661,1974,9635,-0.00838706,0.0142481,-0.999863,0
6660,0,0,0,0,897,175,7732,1854,9586,-0.00798891,0.0123195,-0.999892,0
6476,0,0,0,0,482,116,7074,1374,8448,0.000204466,0.0121853,-0.999926,0
3202,0,0,0,0,290,69,3561,846,4407,-0.0185099,-0.0105456,-0.999773,0
2403,0,0,0,0,266,62,2731,646,3377,-0.00332548,0.00963635,-0.999948,0
6762,0,0,0,0,723,179,7664,2000,9664,0.00283851,0.0103614,-0.999942,0
6952,0,0,0,0,752,176,7880,3034,10914,-0.00388806,0.011162,-0.99993,0
6717,0,0,0,0,737,190,7644,2328,9972,0.000361326,0.0102129,-0.999948,0
6786,0,0,0,0,770,175,7731,2211,9942,0.00156142,0.00757654,-0.99997,0
6958,0,0,0,0,736,172,7866,2171,10037,-0.000577411,0.0107346,-0.999942,0
6788,0,0,0,0,728,170,7686,2335,10021,0.00542208,0.00996869,-0.999936,0
6823,0,0,0,0,809,172,7804,2023,9827,-0.00611875,0.009799,-0.999933,0
6827,0,0,0,0,719,173,7719,2104,9823,0.000862679,0.0108569,-0.999941,0
6718,0,0,0,0,730,176,7624,2606,10230,-0.00800916,0.014834,-0.999858,0
6747,0,0,0,0,736,172,7655,1930,9585,-0.00497278,0.00989739,-0.999938,0
4301,0,0,0,0,366,85,4752,978,5730,-0.00965141,0.0127138,-0.999873,0
2671,0,0,0,0,295,69,3035,871,3906,-0.00363827,0.0109107,-0.999934,0
6696,0,0,0,0,719,173,7588,2078,9666,-0.00597806,0.0114138,-0.999917,0
6839,0,0,0,0,728,172,7739,1362,9101,-0.00237398,0.00906355,-0.999956,0
4551,0,0,0,0,494,118,5163,1398,6561,-0.000688764,0.0119201,-0.999929,0
6961,0,0,0,0,754,174,7889,2090,9979,-0.00857372,0.0129191,-0.99988,0
6763,0,0,0,0,728,171,7662,1883,9545,-0.000866806,0.00916746,-0.999958,0
6990,0,0,0,0,799,197,7986,1779,9765,-0.00939827,0.0148366,-0.999846,0
4524,0,0,0,0,517,138,5179,1131,6310,-0.00136485,0.0114383,-0.999933,0
6859,0,0,0,0,719,178,7756,1914,9670,-0.0011073,0.00901005,-0.999959,0
6592,0,0,0,0,730,174,7496,2072,9568,-0.00353779,0.0100765,-0.999943,0
7030,0,0,0,0,774,203,8007,1819,9826,-0.00113063,0.010931,-0.99994,0
4368,0,0,0,0,534,115,5017,1429,6446,-0.00964937,0.011511,-0.999887,0
6713,0,0,0,0,720,172,7605,1791,9396,-0.000634091,0.0131097,-0.999914,0
6804,0,0,0,0,738,170,7712,1505,9217,-0.00102549,0.00880271,-0.999961,0
3077,0,0,0,0,293,67,3437,783,4220,-0.00788929,0.0111531,-0.999907,0
2928,0,0,0,0,322,75,3325,930,4255,-0.0169188,-0.010267,-0.999804,0
7196,0,0,0,0,716,174,8086,2034,10120,-0.000660792,0.00955219,-0.999954,0
6313,0,0,0,0,632,150,7095,2014,9109,-0.0185239,-0.0128195,-0.999746,0
6590,0,0,0,0,673,160,7423,1621,9044,-0.0172879,-0.0125432,-0.999772,0
5810,0,0,0,0,657,153,6620,1695,8315,-0.0185185,-0.0117945,-0.999759,0
6901,0,0,0,0,625,154,7680,1404,9084,-0.0190414,-0.0105572,-0.999763,0
6785,0,0,0,0,632,153,7570,1434,9004,-0.0166946,-0.0110474,-0.9998,0
6566,0,0,0,0,717,171,7454,1747,9201,-0.0178739,-0.0105862,-0.999784,0
6539,0,0,0,0,712,169,7420,1661,9081,-0.0191129,-0.00972725,-0.99977,0
6538,0,0,0,0,628,153,7319,1514,8833,-0.0187272,-0.0115459,-0.999758,0
6739,0,0,0,0,703,170,7612,1719,9331,-0.0194572,-0.0143294,-0.999708,0
6238,0,0,0,0,659,156,7053,1510,8563,-0.0200932,-0.0104665,-0.999743,0
5869,0,0,0,0,649,152,6670,1647,8317,-0.0198605,-0.00784804,-0.999772,0
7051,0,0,0,0,716,171,7938,1811,9749,-0.0159534,-0.0087197,-0.999835,0
7187,0,0,0,0,667,197,8051,1793,9844,-0.0194478,-0.0114245,-0.999745,0
6801,0,0,0,0,616,148,7565,1630,9195,-0.0149859,-0.0130908,-0.999802,0
6657,0,0,0,0,613,162,7432,1685,9117,-0.0181692,-0.011593,-0.999768,0
5957,0,0,0,0,617,149,6723,1550,8273,-0.019707,-0.0085007,-0.99977,0
6684,0,0,0,0,693,166,7543,2092,9635,-0.0162491,-0.0124827,-0.99979,0
6848,0,0,0,0,763,174,7785,1734,9519,-0.0180308,-0.00972992,-0.99979,0
4447,0,0,0,0,478,113,5038,1099,6137,-0.0178205,-0.0120095,-0.999769,0
6837,0,0,0,0,704,191,7732,1774,9506,-0.0175999,-0.0116087,-0.999778,0
6657,0,0,0,0,745,169,7571,1977,9548,-0.0180857,-0.0126354,-0.999757,0
4313,0,0,0,0,421,83,4817,1045,5862,-0.0189148,-0.00862124,-0.999784,0
2598,0,0,0,0,276,65,2939,759,3698,-0.0178719,-0.0167792,-0.9997,0
6415,0,0,0,0,640,164,7219,1750,8969,-0.0166527,-0.011164,-0.999799,0
6715,0,0,0,0,734,169,7618,2247,9865,-0.036671,-0.0061495,-0.999308,0
6053,0,0,0,0,636,150,6839,1493,8332,-0.0199627,-0.0117237,-0.999732,0
6008,0,0,0,0,620,151,6779,1798,8577,-0.018048,-0.0105939,-0.999781,0
6010,0,0,0,0,619,151,6780,1591,8371,-0.0171561,-0.00968907,-0.999806,0
5890,0,0,0,0,622,148,6660,1839,8499,-0.0184763,-0.0100353,-0.999779,0
6636,0,0,0,0,705,189,7530,1706,9236,-0.019108,-0.0119535,-0.999746,0
5882,0,0,0,0,622,149,6653,1635,8288,-0.0198468,-0.00680054,-0.99978,0
3096,0,0,0,0,328,78,3502,760,4262,-0.0186679,-0.0118242,-0.999756,0
2465,0,0,0,0,263,62,2790,594,3384,-0.0169821,-0.0100085,-0.999806,0
5829,0,0,0,0,616,148,6593,1391,7984,-0.0183425,-0.0124544,-0.999754,0
6089,0,0,0,0,618,149,6856,1650,8506,-0.0213392,-0.00717364,-0.999747,0
5842,0,0,0,0,650,151,6643,1473,8116,-0.0194479,-0.0058156,-0.999794,0
5843,0,0,0,0,617,148,6608,1373,7981,-0.0176471,-0.0102672,-0.999792,0
5996,0,0,0,0,622,152,6770,1538,8308,-0.015335,-0.00687818,-0.999859,0
5783,0,0,0,0,625,147,6555,1472,8027,-0.0155436,-0.0120334,-0.999807,0
5892,0,0,0,0,620,150,6662,1394,8056,-0.0181684,-0.00998938,-0.999785,0
5807,0,0,0,0,613,146,6566,1413,7979,-0.0178703,-0.0104316,-0.999786,0
5862,0,0,0,0,616,150,6628,1472,8100,-0.0169414,-0.00944827,-0.999812,0
5944,0,0,0,0,620,149,6713,1966,8679,-0.0166575,-0.0101566,-0.99981,0
5786,0,0,0,0,622,148,6556,1609,8165,-0.018137,-0.00938939,-0.999792,0
5431,0,0,0,0,564,137,6132,1743,7875,-0.0185165,-0.0094226,-0.999784,0
6805,0,0,0,0,622,161,7588,1372,8960,-0.0197246,-0.0101613,-0.999754,0
5823,0,0,0,0,617,146,6586,1393,7979,-0.0179203,-0.0115572,-0.999773,0
6341,0,0,0,0,664,153,7158,1638,8796,-0.0178917,-0.0150841,-0.999726,0
5781,0,0,0,0,615,147,6543,1521,8064,-0.0176341,-0.0111208,-0.999783,0
6072,0,0,0,0,626,150,6848,1500,8348,-0.0174412,-0.0122594,-0.999773,0
6073,0,0,0,0,615,147,6835,1465,8300,-0.0181529,-0.0125431,-0.999757,0
5923,0,0,0,0,626,200,6749,1598,8347,-0.0176119,-0.0129047,-0.999762,0
6073,0,0,0,0,624,171,6868,1450,8318,-0.0186258,-0.0118563,-0.999756,0
6053,0,0,0,0,690,155,6898,1739,8637,-0.019034,-0.0153808,-0.999701,0
6055,0,0,0,0,618,151,6824,1559,8383,-0.0180792,-0.0179243,-0.999676,0
6097,0,0,0,0,622,150,6869,1468,8337,-0.0173671,-0.0113619,-0.999785,0
6069,0,0,0,0,645,153,6867,1626,8493,-0.0189676,-0.0118421,-0.99975,0
4056,0,0,0,0,438,79,4573,762,5335,-0.0170196,-0.0120497,-0.999783,0
3069,0,0,0,0,327,78,3474,888,4362,-0.0188574,-0.0129879,-0.999738,0
5963,0,0,0,0,612,145,6720,1515,8235,-0.0176661,-0.0111962,-0.999781,0
6571,0,0,0,0,676,190,7437,1738,9175,-0.0170814,-0.0112743,-0.999791,0
6544,0,0,0,0,715,167,7426,1814,9240,-0.0195849,-0.0100445,-0.999758,0
6258,0,0,0,0,653,152,7063,1217,8280,-0.0188904,-0.0112891,-0.999757,0
2565,0,0,0,0,263,63,2891,703,3594,-0.0174741,-0.0128418,-0.999765,0
2111,0,0,0,0,221,53,2385,793,3178,-0.0218357,-0.0215362,-0.99953,0
6688,0,0,0,0,616,149,7453,1379,8832,-0.0179274,-0.0106129,-0.999783,0
5960,0,0,0,0,615,148,6723,1497,8220,-0.0180532,-0.0145207,-0.999732,0
6169,0,0,0,0,749,190,7108,1526,8634,-0.0180675,-0.0139157,-0.99974,0
6061,0,0,0,0,620,152,6833,1409,8242,-0.018527,-0.011935,-0.999757,0
6268,0,0,0,0,669,173,7110,1967,9077,-0.0174741,-0.0149548,-0.999735,0
5794,0,0,0,0,636,149,6579,1507,8086,-0.0161037,-0.0119079,-0.9998,0
6449,0,0,0,0,621,152,7222,1691,8913,-0.0185949,-0.00844991,-0.999791,0
5798,0,0,0,0,617,175,6590,1542,8132,-0.0192211,-0.0112303,-0.999752,0
6781,0,0,0,0,724,172,7677,1755,9432,-0.0189067,-0.0099044,-0.999772,0
6481,0,0,0,0,691,175,7347,1613,8960,-0.0189673,-0.0112986,-0.999756,0
5850,0,0,0,0,638,149,6637,1519,8156,-0.0169967,-0.012909,-0.999773,0
5814,0,0,0,0,615,163,6592,2218,8810,-0.0173751,-0.0130531,-0.999764,0
6814,0,0,0,0,686,168,7668,1849,9517,-0.0178201,-0.00901407,-0.999801,0
6616,0,0,0,0,691,166,7473,1814,9287,-0.0180847,-0.0120552,-0.999764,0
5771,0,0,0,0,610,143,6524,1679,8203,-0.0152387,-0.0109372,-0.999824,0
5266,0,0,0,0,544,130,5940,1494,7434,-0.0178467,-0.0101085,-0.99979,0
6750,0,0,0,0,669,164,7583,1846,9429,-0.0174549,-0.0110953,-0.999786,0
6709,0,0,0,0,692,165,7566,1859,9425,-0.0185115,-0.0102446,-0.999776,0
6955,0,0,0,0,693,165,7813,1776,9589,-0.0197586,-0.0118025,-0.999735,0
6524,0,0,0,0,674,161,7359,1764,9123,-0.0178823,-0.00847348,-0.999804,0
6577,0,0,0,0,709,192,7478,1743,9221,-0.0173788,-0.0107048,-0.999792,0
6845,0,0,0,0,730,180,7755,1847,9602,-0.0198077,-0.00751937,-0.999776,0
6818,0,0,0,0,683,167,7668,1701,9369,-0.0190546,-0.00935008,-0.999775,0
6719,0,0,0,0,683,166,7568,1441,9009,-0.016579,-0.0114898,-0.999797,0
6557,0,0,0,0,694,166,7417,1534,8951,-0.0180402,-0.0125887,-0.999758,0
6600,0,0,0,0,677,167,7444,1443,8887,-0.0182474,-0.0109672,-0.999773,0
6997,0,0,0,0,685,170,7852,1515,9367,-0.0160252,-0.0070841,-0.999846,0
6654,0,0,0,0,680,164,7498,1453,8951,-0.0185374,-0.0093409,-0.999785,0
6624,0,0,0,0,736,169,7529,1741,9270,-0.0189755,-0.0146343,-0.999713,0
6606,0,0,0,0,691,165,7462,1655,9117,-0.0175118,-0.0102342,-0.999794,0
6661,0,0,0,0,721,177,7559,1626,9185,-0.0190715,-0.0116269,-0.999751,0
7075,0,0,0,0,690,170,7935,1633,9568,-0.0189742,-0.0111218,-0.999758,0
6666,0,0,0,0,692,167,7525,1645,9170,-0.0184512,-0.0115435,-0.999763,0
6747,0,0,0,0,732,172,7651,1614,9265,-0.0178281,-0.0134545,-0.999751,0
7038,0,0,0,0,708,166,7912,1988,9900,-0.0233085,-0.0200213,-0.999528,0
6589,0,0,0,0,727,167,7483,1339,8822,-0.0181964,-0.0125724,-0.999755,0
6756,0,0,0,0,688,169,7613,1701,9314,-0.0180251,-0.00966452,-0.999791,0
6586,0,0,0,0,688,165,7439,1908,9347,-0.000857013,0.00762958,-0.99997,0
6158,0,0,0,0,647,153,6958,1739,8697,-0.00814233,0.0151292,-0.999852,0
6577,0,0,0,0,697,167,7441,1956,9397,-0.00858154,0.014989,-0.999851,0
6843,0,0,0,0,714,169,7726,1746,9472,-0.00819772,0.0141654,-0.999866,0
6665,0,0,0,0,697,167,7529,1511,9040,-0.0137551,0.0163085,-0.999772,0
6565,0,0,0,0,696,167,7428,1698,9126,-0.0125593,0.0182541,-0.999755,0
6594,0,0,0,0,716,166,7476,1131,8607,-0.0102075,0.0162268,-0.999816,0
3279,0,0,0,0,360,69,3708,721,4429,-0.0151818,0.0145256,-0.999779,0
3085,0,0,0,0,327,79,3491,748,4239,0.00174366,0.0136697,-0.999905,0
6616,0,0,0,0,710,168,7494,2150,9644,0.00201093,0.0124501,-0.99992,0
6595,0,0,0,0,994,233,7822,2272,10094,-0.00975823,0.0140319,-0.999854,0
4382,0,0,0,0,343,83,4808,780,5588,-0.00630677,0.0142513,-0.999879,0
3217,0,0,0,0,342,82,3641,909,4550,-0.00966953,0.0135699,-0.999861,0
6726,0,0,0,0,687,166,7579,1603,9182,0.000845473,0.0128995,-0.999917,0
6637,0,0,0,0,692,166,7495,2091,9586,-0.000198869,0.0145091,-0.999895,0
6618,0,0,0,0,682,166,7466,1885,9351,-0.009678,0.0149941,-0.99984,0
6644,0,0,0,0,695,193,7532,1695,9227,-0.00738241,0.0142955,-0.99987,0
6760,0,0,0,0,717,170,7647,2152,9799,-0.00489271,0.0123467,-0.999912,0
6625,0,0,0,0,683,165,7473,1701,9174,-0.00852791,0.0146086,-0.999857,0
5895,0,0,0,0,631,148,6674,1525,8199,-0.0102593,0.0151349,-0.999833,0
6559,0,0,0,0,683,164,7406,1648,9054,-0.00841713,0.0144212,-0.99986,0
6902,0,0,0,0,762,170,7834,1669,9503,0.00428616,0.0136075,-0.999898,0
7351,0,0,0,0,655,116,8122,1345,9467,-0.000775979,0.0158384,-0.999874,0
4472,0,0,0,0,457,112,5041,1210,6251,0.00563091,0.0171436,-0.999837,0
6545,0,0,0,0,683,225,7453,1526,8979,-0.0022638,0.0207541,-0.999782,0
6435,0,0,0,0,678,162,7275,1397,8672,-0.0199237,0.0222125,-0.999555,0
5878,0,0,0,0,621,145,6644,1189,7833,-0.0075357,0.0170606,-0.999826,0
7103,0,0,0,0,668,165,7936,1289,9225,-0.00493032,0.0140386,-0.999889,0
6476,0,0,0,0,660,162,7298,1470,8768,-0.00986183,0.0135086,-0.99986,0
6845,0,0,0,0,769,167,7781,1575,9356,-0.0084215,0.0127557,-0.999883,0
6594,0,0,0,0,689,165,7448,1758,9206,-0.0212543,0.00841953,-0.999739,0
6848,0,0,0,0,748,175,7771,1991,9762,-0.0226466,-0.00222365,-0.999741,0
6834,0,0,0,0,771,181,7786,2575,10361,-0.0257456,-0.00672678,-0.999646,0
7169,0,0,0,0,790,217,8176,3318,11494,-0.0368059,-0.0115759,-0.999255,0
7112,0,0,0,0,814,190,8116,2922,11038,-0.018959,-0.00650839,-0.999799,0
7064,0,0,0,0,877,197,8138,4227,12365,-0.00969457,0.00456233,-0.999942,0
4735,0,0,0,0,605,132,5472,2808,8280,-0.0203976,0.0111455,-0.99973,0
7637,0,0,0,0,866,203,8706,4558,13264,-0.0251659,0.0220971,-0.999439,0
6965,0,0,0,0,877,212,8054,4364,12418,-0.0196339,0.0258,-0.999475,0
7226,0,0,0,0,911,208,8345,4554,12899,-0.00228414,0.0190082,-0.999817,0
4630,0,0,0,0,634,147,5411,3372,8783,-0.0194849,0.00902802,-0.999769,0
7253,0,0,0,0,894,237,8384,5244,13628,0.00348325,0.0227749,-0.999735,0
4632,0,0,0,0,663,153,5448,3381,8829,-0.00860563,0.0578666,-0.998287,0
6222,0,0,0,0,832,183,7237,4518,11755,-0.0025164,0.0726508,-0.997354,0
4770,0,0,0,0,532,135,5437,3062,8499,0.00697717,0.0486015,-0.998794,0
5167,0,0,0,0,640,146,5953,3792,9745,-0.00147022,0.0177915,-0.999841,0
6901,0,0,0,0,884,203,7988,4995,12983,-0.00514413,-0.0216267,-0.999753,0
6648,0,0,0,0,820,191,7659,4788,12447,-0.0134503,-0.0407552,-0.999079,0
4325,0,0,0,0,558,126,5009,3152,8161,0.00532627,-0.0254385,-0.999662,0
7211,0,0,0,0,905,193,8309,4588,12897,-0.0102354,-0.0120516,-0.999875,0
6395,0,0,0,0,828,189,7412,4266,11678,0.00752609,0.00696047,-0.999948,0
6535,0,0,0,0,869,192,7596,4420,12016,-0.000831856,0.0189481,-0.99982,0
6226,0,0,0,0,844,207,7277,4619,11896,-0.00582187,0.0240392,-0.999694,0
4298,0,0,0,0,585,131,5014,3212,8226,-0.0201311,0.0243916,-0.9995,0
7014,0,0,0,0,893,225,8132,4447,12579,-0.0191357,0.0175213,-0.999663,0
4297,0,0,0,0,569,128,4994,3346,8340,-0.0302857,0.018368,-0.999372,0
7066,0,0,0,0,1049,235,8350,4563,12913,-0.0113189,0.0186429,-0.999762,0
6623,0,0,0,0,839,190,7652,4114,11766,-0.0135342,0.0234943,-0.999632,0
4220,0,0,0,0,554,124,4898,3161,8059,-0.0110345,0.0255815,-0.999612,0
7303,0,0,0,0,898,230,8431,4487,12918,-0.0104003,0.0234628,-0.999671,0
6586,0,0,0,0,765,181,7532,3822,11354,-0.0331128,0.0106718,-0.999395,0
6563,0,0,0,0,766,126,7455,2568,10023,-0.0237924,0.0177049,-0.99956,0
4012,0,0,0,0,530,120,4662,2057,6719,-0.0204728,0.0231481,-0.999522,0
7196,0,0,0,0,953,217,8366,3533,11899,-0.0152429,0.0350283,-0.99927,0
6240,0,0,0,0,742,170,7152,3033,10185,-0.0122618,0.0421816,-0.999035,0
6396,0,0,0,0,779,170,7345,2513,9858,-0.00352982,0.036239,-0.999337,0
6016,0,0,0,0,709,163,6888,2439,9327,-0.0108754,0.0245057,-0.999641,0
6390,0,0,0,0,785,164,7339,2306,9645,-0.0146089,0.0173472,-0.999743,0
5937,0,0,0,0,693,161,6791,1764,8555,-0.0166594,0.0151082,-0.999747,0
6513,0,0,0,0,702,161,7376,1724,9100,-0.0157511,0.0162249,-0.999745,0
5848,0,0,0,0,672,156,6676,1743,8419,-0.0124814,0.0238064,-0.999639,0
5723,0,0,0,0,672,154,6549,1707,8256,-0.013909,0.0342918,-0.999315,0
6034,0,0,0,0,667,152,6853,1706,8559,-0.0154119,0.0471754,-0.998768,0
5759,0,0,0,0,658,154,6571,1553,8124,-0.0216475,0.0522632,-0.998399,0
6610,0,0,0,0,748,172,7530,1669,9199,-0.0191306,0.0496016,-0.998586,0
6768,0,0,0,0,818,175,7761,1808,9569,-0.0331068,0.0552741,-0.997922,0
6793,0,0,0,0,643,154,7590,1614,9204,-0.0452019,0.102535,-0.993702,0
5798,0,0,0,0,643,153,6594,1453,8047,-0.0180671,0.0614338,-0.997948,0
5951,0,0,0,0,686,153,6790,1493,8283,-0.0233705,0.0965593,-0.995053,0
5976,0,0,0,0,875,153,7004,1773,8777,-0.0183331,0.129636,-0.991392,0
6774,0,0,0,0,717,169,7660,2459,10119,0.0208709,0.0829062,-0.996339,0
4237,0,0,0,0,348,80,4665,852,5517,0.030817,0.11335,-0.993077,0
2612,0,0,0,0,279,62,2953,949,3902,0.0493919,0.13765,-0.989249,0
6903,0,0,0,0,688,178,7769,5676,13445,0.0490153,0.138743,-0.989115,0
7873,0,0,0,0,470,97,8440,2544,10984,0.0540937,0.143752,-0.988134,0
6789,0,0,0,0,521,119,7429,1260,8689,0.0644938,0.180105,-0.981531,0
3945,0,0,0,0,336,74,4355,861,5216,0.0908178,0.320023,-0.943047,0
6619,0,0,0,0,523,123,7265,1857,9122,0.0979296,0.430604,-0.897212,0
6317,0,0,0,0,498,133,6948,2867,9815,0.102662,0.501861,-0.858834,0
6456,0,0,0,0,502,131,7089,4105,11194,0.0525351,0.563182,-0.824661,0
6348,0,0,0,0,493,108,6949,3054,10003,-0.0154733,0.652404,-0.757713,0
6449,0,0,0,0,499,116,7064,-1000,-1000,-1,-1,-1,0
3169,0,0,0,0,239,51,3459,771,4230,-0.0164015,0.106415,-0.994187,0
6346,0,0,0,0,475,118,6939,1698,8637,-0.0209668,0.117476,-0.992855,0
5528,0,0,0,0,460,97,6085,1569,7654,-0.0108506,0.14814,-0.988907,0
5661,0,0,0,0,430,94,6185,1224,7409,0.00420018,0.132012,-0.991239,0
5499,0,0,0,0,377,97,5973,1292,7265,0.0221686,0.101895,-0.994548,0
5669,0,0,0,0,369,85,6123,1041,7164,0.0218528,0.12282,-0.992188,0
5352,0,0,0,0,322,77,5751,1000,6751,0.0138791,0.189856,-0.981714,0
5399,0,0,0,0,309,76,5784,953,6737,0.0250354,0.207092,-0.978001,0
5371,0,0,0,0,303,74,5748,1498,7246,0.0189589,0.246431,-0.968975,0
5691,0,0,0,0,296,75,6062,1697,7759,-0.004517,0.26064,-0.965425,0
5313,0,0,0,0,311,74,5698,1505,7203,-0.0159761,0.233517,-0.972222,0
3544,0,0,0,0,164,41,3749,905,4654,-0.0222962,0.197954,-0.979958,0
3512,0,0,0,0,212,52,3776,1127,4903,0.00150016,0.186722,-0.982412,0
6368,0,0,0,0,389,100,6857,1999,8856,0.0221175,0.132016,-0.991001,0
5974,0,0,0,0,359,89,6422,1774,8196,0.0168591,0.155633,-0.987671,0
6356,0,0,0,0,424,106,6886,1913,8799,0.00193628,0.168469,-0.985705,0
7003,0,0,0,0,459,100,7562,1732,9294,0.00747332,0.198359,-0.980101,0
6629,0,0,0,0,480,118,7227,1708,8935,0.00625725,0.212951,-0.977043,0
6511,0,0,0,0,548,131,7190,2643,9833,0.0638506,0.158027,-0.985368,0
7051,0,0,0,0,655,145,7851,2330,10181,0.0710639,0.139493,-0.98767,0
6097,0,0,0,0,660,137,6894,2817,9711,0.0828376,0.127279,-0.988402,0
5995,0,0,0,0,602,140,6737,3629,10366,0.089955,0.217125,-0.97199,0
6122,0,0,0,0,653,151,6926,4030,10956,0.0856753,0.33952,-0.936689,0
6931,0,0,0,0,869,184,7984,2430,10414,0.0514034,0.312744,-0.948446,0
6918,0,0,0,0,869,190,7977,4092,12069,0.069658,0.152854,-0.985791,0
4803,0,0,0,0,581,128,5512,3238,8750,-0.00475394,0.0994306,-0.995033,0
4599,0,0,0,0,551,123,5273,2971,8244,0.02857,0.11991,-0.992374,0
6728,0,0,0,0,686,153,7567,4158,11725,0.00734834,0.165216,-0.98623,0
5912,0,0,0,0,628,141,6681,3453,10134,-0.00100267,0.130508,-0.991447,0
4274,0,0,0,0,396,90,4760,2811,7571,0.00114927,0.0832039,-0.996532,0
6478,0,0,0,0,560,127,7165,3949,11114,-0.0043937,0.113245,-0.993558,0
6505,0,0,0,0,503,116,7124,4072,11196,-0.00960522,0.104068,-0.994524,0
5881,0,0,0,0,391,91,6363,3313,9676,-0.0289403,0.122479,-0.992049,0
5738,0,0,0,0,387,94,6219,3184,9403,-0.073974,0.116275,-0.990459,0
5684,0,0,0,0,394,94,6172,1737,7909,-0.119408,0.145564,-0.982117,0
5610,0,0,0,0,428,99,6137,1254,7391,-0.12872,0.155806,-0.979365,0
5734,0,0,0,0,445,98,6277,1219,7496,-0.0783755,0.139728,-0.987083,0
5584,0,0,0,0,402,96,6082,1553,7635,-0.0308556,0.187148,-0.981847,0
5759,0,0,0,0,411,99,6269,1505,7774,-0.01614,0.228496,-0.973411,0
6149,0,0,0,0,405,100,6654,1508,8162,-0.0115889,0.226402,-0.973965,0
5556,0,0,0,0,468,132,6156,1233,7389,-0.0107569,0.231073,-0.972877,0
5755,0,0,0,0,418,104,6277,1138,7415,-0.00178191,0.256304,-0.966594,0
6301,0,0,0,0,481,116,6898,1291,8189,0.0151333,0.307689,-0.951367,0
5982,0,0,0,0,534,128,6644,1119,7763,0.0201616,0.317506,-0.948042,0
6744,0,0,0,0,458,114,7316,1365,8681,0.0375178,0.330908,-0.942917,0
6174,0,0,0,0,498,122,6794,1221,8015,0.0404925,0.294638,-0.954751,0
5777,0,0,0,0,621,134,6532,1505,8037,0.0357792,0.254327,-0.966456,0
6240,0,0,0,0,866,223,7329,1673,9002,0.00283487,0.292594,-0.956233,0
5935,0,0,0,0,634,150,6719,2726,9445,-0.00566043,0.270107,-0.962814,0
6933,0,0,0,0,627,145,7705,2447,10152,0.00336983,0.271975,-0.962298,0
4137,0,0,0,0,398,98,4633,1711,6344,-0.0192926,0.278055,-0.960372,0
7194,0,0,0,0,628,148,7970,2413,10383,-0.0332961,0.44073,-0.897023,0
4290,0,0,0,0,380,93,4763,907,5670,-0.0656051,0.312045,-0.947799,0
2215,0,0,0,0,185,45,2445,1056,3501,-0.0790497,0.35245,-0.932486,0
2691,0,0,0,0,228,56,2975,745,3720,-0.114587,0.50161,-0.857472,0
6453,0,0,0,0,480,121,7054,984,8038,-0.143977,0.642493,-0.752645,0
6131,0,0,0,0,439,108,6678,-1000,-1000,-1,-1,-1,0
5275,0,0,0,0,250,60,5585,911,6496,-0.0667547,0.324755,-0.94344,0
2339,0,0,0,0,140,33,2512,1392,3904,-0.0752973,0.322755,-0.943483,0
2535,0,0,0,0,142,33,2710,1187,3897,-0.0605664,0.257179,-0.964464,0
5469,0,0,0,0,359,74,5902,2179,8081,-0.0506831,0.269322,-0.961715,0
6568,0,0,0,0,262,59,6889,2464,9353,-0.0675807,0.265602,-0.961711,0
5212,0,0,0,0,219,58,5489,1836,7325,-0.0843156,0.304104,-0.9489,0
5824,0,0,0,0,212,55,6091,1641,7732,-0.119265,0.380046,-0.917246,0
5499,0,0,0,0,210,55,5764,1577,7341,-0.134998,0.23698,-0.96209,0
5504,0,0,0,0,234,70,5808,1422,7230,-0.126477,0.228286,-0.965344,0
5521,0,0,0,0,258,64,5843,1445,7288,-0.112187,0.169792,-0.979073,0
5562,0,0,0,0,276,86,5924,1228,7152,-0.0817128,0.172815,-0.981559,0
5621,0,0,0,0,309,78,6008,1351,7359,-0.0768226,0.134118,-0.987983,0
5581,0,0,0,0,351,84,6016,1463,7479,-0.029948,0.14519,-0.98895,0
5755,0,0,0,0,451,100,6306,1480,7786,-0.0123371,0.138087,-0.990343,0
6056,0,0,0,0,464,111,6631,1464,8095,0.00268236,0.168212,-0.985747,0
5732,0,0,0,0,501,131,6364,2967,9331,0.0192768,0.198445,-0.979923,0
5885,0,0,0,0,544,153,6582,3231,9813,-0.00988521,0.21992,-0.975468,0
6771,0,0,0,0,566,133,7470,1687,9157,0.0553555,0.170327,-0.983831,0
6036,0,0,0,0,627,138,6801,2445,9246,-0.0162708,0.158516,-0.987223,0
5951,0,0,0,0,631,145,6727,3406,10133,0.046456,0.125681,-0.990982,0
4124,0,0,0,0,488,123,4735,1445,6180,0.0435722,0.119984,-0.991819,0
6744,0,0,0,0,733,170,7647,2130,9777,0.0416446,0.130005,-0.990638,0
6948,0,0,0,0,791,185,7924,2452,10376,0.0675443,0.121544,-0.990285,0
6088,0,0,0,0,821,177,7086,3445,10531,-0.00391238,0.081614,-0.996656,0
6885,0,0,0,0,805,197,7887,4010,11897,-0.00106803,0.0749449,-0.997187,0
6706,0,0,0,0,778,177,7661,4369,12030,0.0205438,0.0808098,-0.996518,0
5315,0,0,0,0,525,124,5964,3743,9707,0.0145343,0.0938521,-0.99548,0
5755,0,0,0,0,496,113,6364,3809,10173,-0.00455316,0.0805586,-0.996739,0
6352,0,0,0,0,475,110,6937,3758,10695,-0.0313766,0.120977,-0.992159,0
5879,0,0,0,0,355,91,6325,3418,9743,-0.0736401,0.114859,-0.990649,0
5346,0,0,0,0,303,73,5722,2693,8415,-0.112672,0.135355,-0.98437,0
6124,0,0,0,0,272,66,6462,1846,8308,-0.153928,0.130497,-0.979427,0
5918,0,0,0,0,225,67,6210,1489,7699,-0.141797,0.167279,-0.97566,0
5345,0,0,0,0,233,53,5631,1394,7025,-0.143455,0.175516,-0.973969,0
6335,0,0,0,0,304,72,6711,1302,8013,-0.167896,0.169435,-0.971135,0
5338,0,0,0,0,287,65,5690,1146,6836,-0.188586,0.179205,-0.965568,0
5410,0,0,0,0,305,67,5782,1194,6976,-0.204931,0.207428,-0.956544,0
5355,0,0,0,0,279,66,5700,1058,6758,-0.19196,0.221569,-0.956064,0
6200,0,0,0,0,279,68,6547,1585,8132,-0.198914,0.236692,-0.951005,0
6304,0,0,0,0,296,75,6675,2093,8768,-0.159174,0.509321,-0.845728,0
6312,0,0,0,0,359,88,6759,1711,8470,-0.132488,0.611279,-0.780246,0
5860,0,0,0,0,368,89,6317,2830,9147,-0.0226396,0.20587,-0.978317,0
5935,0,0,0,0,423,104,6462,2190,8652,-0.00656754,0.305378,-0.952209,0
5748,0,0,0,0,495,118,6361,2266,8627,-0.00999064,0.4109,-0.911626,0
6511,0,0,0,0,577,139,7227,1530,8757,-0.0417078,0.406648,-0.912633,0
5899,0,0,0,0,630,152,6681,2975,9656,-0.0598621,0.469883,-0.880696,0
5984,0,0,0,0,571,140,6695,4551,11246,-0.0752765,0.393322,-0.916314,0
5235,0,0,0,0,475,118,5828,1590,7418,-0.0872177,0.314847,-0.945127,0
6358,0,0,0,0,556,137,7051,1301,8352,-0.105552,0.384525,-0.91706,0
6528,0,0,0,0,502,129,7159,1572,8731,-0.104208,0.513054,-0.852007,0
6363,0,0,0,0,473,111,6947,1946,8893,-0.12659,0.654053,-0.745781,0
6385,0,0,0,0,398,104,6887,-1000,-1000,-1,-1,-1,0
5780,0,0,0,0,306,81,6167,1770,7937,-0.0306118,0.207142,-0.977832,0
3734,0,0,0,0,175,42,3951,1446,5397,-0.042314,0.349941,-0.935816,0
6032,0,0,0,0,257,62,6351,3666,10017,-0.0181645,0.284741,-0.958433,0
5232,0,0,0,0,246,51,5529,2364,7893,-0.0299527,0.300868,-0.953195,0
5316,0,0,0,0,201,53,5570,2295,7865,-0.0846538,0.388122,-0.917712,0
5247,0,0,0,0,195,49,5491,1741,7232,-0.156326,0.243214,-0.957292,0
6102,0,0,0,0,209,58,6369,1144,7513,-0.147257,0.275875,-0.949847,0
5265,0,0,0,0,205,54,5524,724,6248,-0.152524,0.251277,-0.955822,0
3637,0,0,0,0,155,40,3832,623,4455,-0.106145,0.179963,-0.97793,0
5378,0,0,0,0,245,64,5687,1122,6809,-0.105405,0.163769,-0.980851,0
5550,0,0,0,0,272,70,5892,1110,7002,-0.0985822,0.17881,-0.978932,0
6041,0,0,0,0,288,74,6403,1174,7577,-0.060815,0.174805,-0.982723,0
5788,0,0,0,0,317,80,6185,1322,7507,-0.0385298,0.136539,-0.989885,0
5720,0,0,0,0,347,87,6154,1338,7492,-0.0424255,0.14102,-0.989097,0
5597,0,0,0,0,377,109,6083,1357,7440,-0.0428344,0.132948,-0.990197,0
5684,0,0,0,0,415,97,6196,1508,7704,-0.0524717,0.129028,-0.990252,0
5830,0,0,0,0,448,110,6388,1373,7761,-0.0276105,0.105583,-0.994027,0
5777,0,0,0,0,555,122,6454,1680,8134,-0.0102237,0.13062,-0.99138,0
6236,0,0,0,0,553,132,6921,2373,9294,0.00110556,0.200022,-0.979791,0
5855,0,0,0,0,563,135,6553,4421,10974,-0.0473676,0.22881,-0.972318,0
6078,0,0,0,0,601,147,6826,3132,9958,0.0101211,0.00283524,-0.999945,0
4233,0,0,0,0,453,109,4795,2126,6921,0.0140825,0.0979617,-0.99509,0
6161,0,0,0,0,689,161,7011,6045,13056,-0.0614715,0.113919,-0.991586,0
6017,0,0,0,0,844,251,7112,2389,9501,-0.01754,0.0945594,-0.995365,0
6009,0,0,0,0,775,173,6957,2379,9336,-0.0020662,0.090505,-0.995893,0
5491,0,0,0,0,654,151,6296,2878,9174,0.00511136,0.081326,-0.996675,0
5982,0,0,0,0,769,165,6916,3346,10262,0.0177099,0.0868288,-0.996066,0
5921,0,0,0,0,642,156,6719,3564,10283,0.0140523,0.0710833,-0.997372,0
5446,0,0,0,0,541,128,6115,3440,9555,0.0169595,0.089581,-0.995835,0
5088,0,0,0,0,479,107,5674,3299,8973,0.0180353,0.078085,-0.996784,0
5595,0,0,0,0,434,102,6131,3548,9679,0.0181338,0.101906,-0.994629,0
5885,0,0,0,0,398,93,6376,4692,11068,0.00616726,0.0786356,-0.996884,0
5501,0,0,0,0,331,77,5909,5188,11097,0.00292228,0.0872178,-0.996185,0
5378,0,0,0,0,302,67,5747,5273,11020,0.00241478,0.0735525,-0.997288,0
5863,0,0,0,0,263,65,6191,3729,9920,-0.0184397,0.0227989,-0.99957,0
5386,0,0,0,0,247,57,5690,2042,7732,-0.0785387,0.100131,-0.99187,0
5638,0,0,0,0,227,54,5919,1488,7407,-0.126625,0.0903027,-0.987832,0
5298,0,0,0,0,221,67,5586,1221,6807,-0.135664,0.101815,-0.98551,0
5640,0,0,0,0,235,55,5930,1175,7105,-0.131502,0.156241,-0.978926,0
5457,0,0,0,0,261,61,5779,1216,6995,-0.121558,0.171785,-0.977606,0
5354,0,0,0,0,265,63,5682,1204,6886,-0.144725,0.16046,-0.976375,0
5451,0,0,0,0,268,64,5783,1414,7197,-0.160072,0.152853,-0.975199,0
5480,0,0,0,0,276,67,5823,1573,7396,-0.136675,0.210751,-0.967938,0
5760,0,0,0,0,278,69,6107,2210,8317,-0.152287,0.253044,-0.955394,0
5419,0,0,0,0,311,73,5803,1521,7324,-0.0276826,0.150602,-0.988207,0
5488,0,0,0,0,312,79,5879,1270,7149,-0.0075504,0.225345,-0.97425,0
5503,0,0,0,0,347,98,5948,2251,8199,0.0134939,0.292179,-0.956268,0
5814,0,0,0,0,389,96,6299,2078,8377,0.0174864,0.292229,-0.956189,0
5705,0,0,0,0,444,108,6257,1545,7802,0.00219205,0.313045,-0.949736,0
5681,0,0,0,0,510,126,6317,1674,7991,0.00850252,0.391806,-0.920008,0
6195,0,0,0,0,588,142,6925,1778,8703,0.00626115,0.336984,-0.941489,0
5937,0,0,0,0,656,153,6746,2445,9191,-0.011889,0.288809,-0.957313,0
5931,0,0,0,0,607,145,6683,3279,9962,-0.0386763,0.301555,-0.952664,0
4061,0,0,0,0,371,86,4518,3785,8303,-0.0518155,0.314876,-0.947718,0
5773,0,0,0,0,485,115,6373,1806,8179,-0.0555582,0.364961,-0.929364,0
5833,0,0,0,0,404,96,6333,-1000,-1000,-1,-1,-1,0
5748,0,0,0,0,400,91,6239,2618,8857,-0.0309801,0.191399,-0.981023,0
5538,0,0,0,0,344,84,5966,4011,9977,-0.0497376,0.217716,-0.974744,0
6361,0,0,0,0,331,81,6773,3154,9927,-0.0621694,0.382098,-0.922028,0
5493,0,0,0,0,295,71,5859,1977,7836,-0.0968399,0.450738,-0.887388,0
5524,0,0,0,0,247,63,5834,-1000,-1000,-1,-1,-1,0
5284,0,0,0,0,243,67,5594,1892,7486,-0.0208686,0.314812,-0.948925,0
5429,0,0,0,0,204,54,5687,1773,7460,-0.0208323,0.291536,-0.956333,0
5209,0,0,0,0,192,61,5462,1739,7201,-0.0141323,0.207031,-0.978233,0
5633,0,0,0,0,190,61,5884,1697,7581,-0.144238,0.177599,-0.973475,0
5339,0,0,0,0,199,52,5590,1315,6905,-0.116982,0.197939,-0.973209,0
5491,0,0,0,0,284,77,5852,1179,7031,-0.113769,0.190903,-0.974994,0
5329,0,0,0,0,222,59,5610,1154,6764,-0.0847676,0.14393,-0.985951,0
5994,0,0,0,0,272,69,6335,1168,7503,-0.0915143,0.151142,-0.984267,0
5513,0,0,0,0,248,63,5824,1147,6971,-0.0585986,0.152039,-0.986636,0
5637,0,0,0,0,260,67,5964,1219,7183,-0.0687978,0.144532,-0.987106,0
6160,0,0,0,0,277,72,6509,1172,7681,-0.0689456,0.14042,-0.987689,0
5730,0,0,0,0,291,76,6097,1275,7372,-0.0453235,0.112515,-0.992616,0
6081,0,0,0,0,351,83,6515,1396,7911,-0.0246809,0.173191,-0.984579,0
5730,0,0,0,0,316,83,6129,1486,7615,-0.0149607,0.134674,-0.990777,0
2932,0,0,0,0,178,44,3154,836,3990,-0.0343696,0.100636,-0.99433,0
2393,0,0,0,0,155,46,2594,654,3248,-0.0173885,0.0720424,-0.99725,0
5641,0,0,0,0,372,93,6106,1573,7679,-0.0298003,0.0805531,-0.996305,0
6509,0,0,0,0,378,96,6983,1473,8456,-0.0186804,0.0952735,-0.995276,0
6298,0,0,0,0,398,102,6798,1605,8403,-0.0260925,0.0788495,-0.996545,0
5777,0,0,0,0,510,108,6395,1697,8092,-0.0343449,0.0911913,-0.995241,0
5994,0,0,0,0,446,110,6550,1644,8194,-0.0370278,0.0949651,-0.994792,0
6168,0,0,0,0,553,126,6847,1726,8573,-0.0408506,0.0926101,-0.994864,0
8881,0,0,0,0,784,183,9848,2053,11901,-0.0457798,0.0780865,-0.995895,0
4052,0,0,0,0,386,90,4528,1182,5710,-0.0340168,0.074631,-0.996631,0
5910,0,0,0,0,583,139,6632,2579,9211,-0.0599185,0.131412,-0.989516,0
6582,0,0,0,0,663,170,7415,3916,11331,-0.0262856,0.0409574,-0.998815,0
5900,0,0,0,0,730,162,6792,3425,10217,-0.025906,0.0562426,-0.998081,0
5954,0,0,0,0,749,173,6876,4438,11314,-0.0431134,0.0651197,-0.996946,0
5876,0,0,0,0,723,164,6763,3209,9972,-0.0113208,0.0766809,-0.996991,0
6039,0,0,0,0,718,161,6918,3261,10179,0.00304794,0.0869465,-0.996208,0
6330,0,0,0,0,691,161,7182,3730,10912,0.0141933,0.0725865,-0.997261,0
6008,0,0,0,0,607,141,6756,3699,10455,0.00895214,0.0944287,-0.995492,0
5885,0,0,0,0,587,130,6602,3903,10505,-0.0024592,0.123192,-0.99238,0
5753,0,0,0,0,467,108,6328,4001,10329,0.00642423,0.118577,-0.992924,0
5059,0,0,0,0,375,86,5520,5091,10611,0.0313448,0.0675662,-0.997222,0
6070,0,0,0,0,359,110,6539,4293,10832,0.0888318,0.0821237,-0.992655,0
5637,0,0,0,0,316,78,6031,2357,8388,0.13826,0.0774605,-0.987362,0
5904,0,0,0,0,268,64,6236,1520,7756,0.161316,0.125753,-0.978858,0
5507,0,0,0,0,241,56,5804,1212,7016,0.140212,0.203112,-0.969065,0
5479,0,0,0,0,241,56,5776,1419,7195,0.16152,0.210227,-0.964218,0
4561,0,0,0,0,165,39,4765,991,5756,0.142698,0.141519,-0.979597,0
2913,0,0,0,0,130,32,3075,1443,4518,-0.0360721,-0.0888161,-0.995394,0
5540,0,0,0,0,247,64,5851,848,6699,-0.0859846,-0.0749191,-0.993476,0
5422,0,0,0,0,253,63,5738,886,6624,-0.0786808,0.0556205,-0.995347,0
5399,0,0,0,0,246,60,5705,864,6569,-0.0418684,0.199949,-0.978911,0
5931,0,0,0,0,256,69,6256,2128,8384,-0.0447442,0.120687,-0.991682,0
5487,0,0,0,0,275,70,5832,1685,7517,-0.0365462,0.155054,-0.98723,0
5593,0,0,0,0,421,82,6096,2294,8390,-0.0285919,0.189202,-0.981522,0
5598,0,0,0,0,395,90,6083,2479,8562,-0.0359704,0.209151,-0.977221,0
5832,0,0,0,0,405,98,6335,2184,8519,-0.0157158,0.258057,-0.966002,0
6358,0,0,0,0,480,114,6952,1932,8884,-0.0054058,0.338897,-0.940808,0
5825,0,0,0,0,520,127,6472,1914,8386,0.0234031,0.395859,-0.918013,0
6218,0,0,0,0,584,140,6942,3163,10105,0.0157109,0.304555,-0.952365,0
6385,0,0,0,0,657,154,7196,3328,10524,0.0420609,0.311615,-0.949277,0
6119,0,0,0,0,615,152,6886,3867,10753,-0.0931549,0.246961,-0.964537,0
6557,0,0,0,0,573,139,7269,1694,8963,-0.0249454,0.318946,-0.947445,0
5680,0,0,0,0,522,124,6326,-1000,-1000,-1,-1,-1,0
5888,0,0,0,0,451,121,6460,3767,10227,0.0198775,0.251759,-0.967586,0
5535,0,0,0,0,406,96,6037,-1000,-1000,-1,-1,-1,0
5716,0,0,0,0,350,85,6151,2502,8653,0.0270494,0.149437,-0.988401,0
5440,0,0,0,0,305,76,5821,2749,8570,0.0694505,0.257461,-0.96379,0
6279,0,0,0,0,298,77,6654,-1000,-1000,-1,-1,-1,0
5462,0,0,0,0,245,61,5768,2155,7923,0.00632406,0.234193,-0.97217,0
5423,0,0,0,0,224,56,5703,2267,7970,0.00757829,0.308001,-0.951356,0
5287,0,0,0,0,211,62,5560,2978,8538,-0.00455921,0.249084,-0.968471,0
5369,0,0,0,0,192,50,5611,1363,6974,-0.0615008,0.440342,-0.895722,0
5208,0,0,0,0,182,48,5438,3017,8455,-0.0372096,0.312597,-0.949157,0
5333,0,0,0,0,177,47,5557,2784,8341,-0.0674862,0.385445,-0.92026,0
5215,0,0,0,0,174,44,5433,1753,7186,-0.0483128,0.384357,-0.92192,0
5438,0,0,0,0,182,49,5669,1165,6834,-0.00126072,0.223283,-0.974753,0
5415,0,0,0,0,242,57,5714,952,6666,-0.00588127,0.261328,-0.965232,0
4307,0,0,0,0,144,38,4489,640,5129,-0.00295623,0.279834,-0.960044,0
3452,0,0,0,0,143,38,3633,645,4278,0.00294037,0.326245,-0.945281,0
5429,0,0,0,0,240,63,5732,1099,6831,0.00239851,0.393278,-0.919417,0
5315,0,0,0,0,254,63,5632,1656,7288,0.00832016,0.395394,-0.918474,0
5614,0,0,0,0,277,79,5970,2106,8076,-0.032605,0.449934,-0.892466,0
5617,0,0,0,0,283,78,5978,2207,8185,-0.041869,0.433884,-0.899996,0
5603,0,0,0,0,283,73,5959,2231,8190,-0.0732768,0.560974,-0.824584,0
5516,0,0,0,0,304,76,5896,1688,7584,-0.122116,0.103036,-0.987153,0
5635,0,0,0,0,314,81,6030,1089,7119,-0.119004,0.0709298,-0.990357,0
5505,0,0,0,0,396,88,5989,1223,7212,-0.0945035,0.0857164,-0.991827,0
5514,0,0,0,0,372,88,5974,1455,7429,-0.0767094,0.0692791,-0.994644,0
5714,0,0,0,0,376,92,6182,1624,7806,-0.0838916,0.0727215,-0.993818,0
6042,0,0,0,0,412,103,6557,1732,8289,-0.0712386,0.0791939,-0.99431,0
5840,0,0,0,0,442,106,6388,1726,8114,-0.0678641,0.0986862,-0.992802,0
5908,0,0,0,0,478,118,6504,1633,8137,-0.0644598,0.105444,-0.992334,0
6178,0,0,0,0,763,172,7113,1915,9028,-0.0563976,0.10965,-0.992369,0
5842,0,0,0,0,569,130,6541,1790,8331,-0.0642976,0.118613,-0.990857,0
5911,0,0,0,0,615,138,6664,2070,8734,-0.0441867,0.112571,-0.992661,0
6053,0,0,0,0,666,152,6871,3821,10692,-0.0519828,0.154707,-0.986592,0
5994,0,0,0,0,700,162,6856,7960,14816,-0.081711,0.170566,-0.981953,0
3140,0,0,0,0,389,86,3615,2256,5871,0.000170183,0.0489642,-0.9988,0
6206,0,0,0,0,773,173,7152,3575,10727,-0.00378648,0.076013,-0.9971,0
6013,0,0,0,0,747,198,6958,4014,10972,-0.00376165,0.104385,-0.99453,0
6000,0,0,0,0,624,140,6764,4039,10803,0.0142148,0.0927992,-0.995583,0
6804,0,0,0,0,644,147,7595,4453,12048,0.02348,0.121855,-0.992271,0
3980,0,0,0,0,343,78,4401,2886,7287,0.0122151,0.133267,-0.991005,0
5870,0,0,0,0,464,107,6441,5240,11681,0.0283152,0.155657,-0.987405,0
5633,0,0,0,0,447,103,6183,5547,11730,-0.04494,0.134505,-0.989893,0
5207,0,0,0,0,325,74,5606,2417,8023,-0.092737,0.127524,-0.987491,0
4977,0,0,0,0,295,64,5336,1809,7145,-0.117201,0.128696,-0.984734,0
5713,0,0,0,0,293,80,6086,1949,8035,-0.140117,0.172986,-0.974907,0
8591,0,0,0,0,421,94,9106,2379,11485,-0.109429,0.0787279,-0.990872,0
6301,0,0,0,0,357,77,6735,2021,8756,-0.112833,0.102859,-0.988276,0
5510,0,0,0,0,327,71,5908,1967,7875,-0.155326,0.0739544,-0.985091,0
6675,0,0,0,0,348,85,7108,1823,8931,-0.146116,0.102504,-0.983943,0
5835,0,0,0,0,332,74,6241,1759,8000,-0.147221,0.114401,-0.982465,0
6236,0,0,0,0,349,86,6671,1395,8066,-0.0381147,0.234886,-0.971276,0
5824,0,0,0,0,326,82,6232,1554,7786,-0.0125815,0.23638,-0.971579,0
3116,0,0,0,0,190,45,3351,766,4117,-0.0616368,0.150413,-0.9867,0
3361,0,0,0,0,239,57,3657,783,4440,-0.0421552,0.0933318,-0.994742,0
6668,0,0,0,0,532,133,7333,1563,8896,0.0453467,0.168426,-0.984671,0
6895,0,0,0,0,597,142,7634,1500,9134,0.0836876,0.189996,-0.978212,0
6721,0,0,0,0,690,162,7573,1258,8831,0.113808,0.205128,-0.972096,0
6846,0,0,0,0,746,178,7770,1311,9081,0.273289,0.311139,-0.910223,0
6986,0,0,0,0,829,189,8004,760,8764,0.213468,0.27346,-0.937897,0
2973,0,0,0,0,338,75,3386,542,3928,0.171299,0.223069,-0.959634,0
3568,0,0,0,0,448,100,4116,988,5104,0.168185,0.202637,-0.964703,0
7163,0,0,0,0,836,181,8180,2525,10705,0.267624,0.345288,-0.899529,0
5392,0,0,0,0,499,113,6004,1855,7859,0.226682,0.295331,-0.928114,0
2550,0,0,0,0,237,53,2840,1151,3991,0.259794,0.307407,-0.915428,0
2373,0,0,0,0,249,65,2687,1223,3910,0.277481,0.346492,-0.896074,0
6510,0,0,0,0,586,132,7228,3622,10850,0.300043,0.444932,-0.843807,0
6718,0,0,0,0,595,126,7439,3384,10823,0.307814,0.543319,-0.78106,0
6314,0,0,0,0,505,125,6944,-1000,-1000,-1,-1,-1,0
5826,0,0,0,0,515,132,6473,5857,12330,0.0913555,0.202958,-0.974917,0
6513,0,0,0,0,364,92,6969,4556,11525,0.0912106,0.191894,-0.977168,0
3910,0,0,0,0,249,70,4229,1316,5545,0.0922237,0.264177,-0.960055,0
6180,0,0,0,0,337,79,6596,3081,9677,0.100888,0.356133,-0.928973,0
6165,0,0,0,0,303,78,6546,3475,10021,0.0905014,0.458283,-0.884187,0
5289,0,0,0,0,242,55,5586,2771,8357,0.108518,0.263365,-0.958573,0
6140,0,0,0,0,260,64,6464,1926,8390,0.00740529,0.290515,-0.956842,0
5915,0,0,0,0,306,66,6287,2133,8420,0.031666,0.114203,-0.992953,0
6130,0,0,0,0,228,57,6415,1165,7580,0.0180869,0.213129,-0.976857,0
5925,0,0,0,0,225,54,6204,1182,7386,0.0085869,0.200002,-0.979758,0
6065,0,0,0,0,222,55,6342,1351,7693,0.0271944,0.147167,-0.988738,0
6094,0,0,0,0,380,84,6558,1652,8210,0.0173871,0.239061,-0.970849,0
6458,0,0,0,0,219,58,6735,1305,8040,0.0304696,0.150243,-0.988179,0
4349,0,0,0,0,152,38,4539,1327,5866,0.0105719,0.210928,-0.977445,0
5161,0,0,0,0,206,49,5416,2056,7472,-0.0451633,0.200152,-0.978723,0
6961,0,0,0,0,240,62,7263,1358,8621,0.0163155,0.243822,-0.969683,0
5323,0,0,0,0,152,38,5513,1135,6648,0.0345149,0.16907,-0.985,0
2361,0,0,0,0,95,23,2479,501,2980,-0.0236772,0.158904,-0.98701,0
5732,0,0,0,0,237,107,6076,1716,7792,0.0185285,0.250635,-0.967905,0
5484,0,0,0,0,275,68,5827,2052,7879,0.0429011,0.22604,-0.973173,0
6319,0,0,0,0,328,82,6729,2359,9088,0.0522411,0.170642,-0.983947,0
5508,0,0,0,0,322,77,5907,2540,8447,0.0279357,0.161851,-0.98642,0
5910,0,0,0,0,353,87,6350,2735,9085,-0.0249217,0.178175,-0.983683,0
5704,0,0,0,0,389,95,6188,1646,7834,-0.0381468,0.202726,-0.978492,0
6086,0,0,0,0,424,104,6614,1490,8104,-0.0482622,0.244529,-0.96844,0
5917,0,0,0,0,472,113,6502,1511,8013,-0.0677942,0.276993,-0.958478,0
6920,0,0,0,0,565,138,7623,1569,9192,-0.0912695,0.329929,-0.939583,0
6280,0,0,0,0,553,130,6963,1580,8543,-0.113827,0.365032,-0.92401,0
6076,0,0,0,0,605,145,6826,1406,8232,-0.138558,0.39843,-0.906673,0
6443,0,0,0,0,648,152,7243,2170,9413,0.0127477,0.108897,-0.993971,0
7058,0,0,0,0,712,168,7938,2033,9971,0.0251064,0.123231,-0.99206,0
6283,0,0,0,0,767,181,7231,2075,9306,-0.00251859,0.106916,-0.994265,0
6756,0,0,0,0,827,189,7772,3600,11372,0.0302005,0.115479,-0.992851,0
4284,0,0,0,0,583,135,5002,1647,6649,0.029826,0.0873293,-0.995733,0
6284,0,0,0,0,844,195,7323,2416,9739,0.00232465,0.072749,-0.997348,0
6312,0,0,0,0,897,200,7409,3226,10635,-0.0399569,0.0709883,-0.996676,0
7144,0,0,0,0,966,222,8332,4208,12540,-0.0375186,0.0672094,-0.997033,0
6502,0,0,0,0,848,188,7538,3766,11304,-0.0344951,0.0857556,-0.995719,0
5664,0,0,0,0,688,159,6511,3559,10070,-0.0351675,0.0825064,-0.99597,0
5965,0,0,0,0,660,154,6779,3720,10499,-0.0254334,0.083183,-0.99621,0
5493,0,0,0,0,635,142,6270,3663,9933,-0.030849,0.0815528,-0.996192,0
5830,0,0,0,0,623,145,6598,4164,10762,-0.0263207,0.0736764,-0.996935,0
5844,0,0,0,0,721,209,6774,3829,10603,-0.0470227,0.0742048,-0.996134,0
3932,0,0,0,0,341,77,4350,3506,7856,-0.0219595,0.0800679,-0.996548,0
6111,0,0,0,0,618,125,6854,4557,11411,0.0284984,0.0917446,-0.995375,0
5728,0,0,0,0,397,89,6214,2899,9113,0.0315971,0.0680646,-0.997181,0
5891,0,0,0,0,354,84,6329,2931,9260,0.0277169,0.0717135,-0.997041,0
5533,0,0,0,0,331,74,5938,2471,8409,0.0219006,0.108525,-0.993853,0
5904,0,0,0,0,320,101,6325,2081,8406,0.0217627,0.0922098,-0.995502,0
5515,0,0,0,0,307,71,5893,2092,7985,0.0345147,0.0651562,-0.997278,0
5526,0,0,0,0,310,71,5907,1659,7566,0.0341841,0.0948406,-0.994905,0
5652,0,0,0,0,320,76,6048,1709,7757,0.0161635,0.105802,-0.994256,0
5625,0,0,0,0,336,85,6046,2063,8109,-0.000368428,0.0840456,-0.996462,0
5777,0,0,0,0,361,90,6228,1937,8165,-0.086334,0.0402854,-0.995452,0
5616,0,0,0,0,410,97,6123,1627,7750,-0.123016,0.0817217,-0.989034,0
5620,0,0,0,0,391,97,6108,1245,7353,-0.0969866,0.0585756,-0.993561,0
5814,0,0,0,0,437,109,6360,1368,7728,-0.186077,0.112496,-0.976074,0
5782,0,0,0,0,493,115,6390,1261,7651,-0.201908,0.065378,-0.97722,0
5805,0,0,0,0,506,125,6436,1161,7597,-0.195261,0.088748,-0.976728,0
6232,0,0,0,0,576,137,6945,1298,8243,-0.227366,0.114373,-0.96707,0
5810,0,0,0,0,599,146,6555,1134,7689,-0.262895,0.131629,-0.955803,0
6598,0,0,0,0,632,152,7382,1160,8542,-0.257645,0.11811,-0.958994,0
6052,0,0,0,0,659,155,6866,1085,7951,-0.244444,0.137183,-0.959911,0
6132,0,0,0,0,741,197,7070,1207,8277,-0.239197,0.157199,-0.958162,0
6022,0,0,0,0,877,183,7082,1639,8721,-0.238268,0.149238,-0.959665,0
6164,0,0,0,0,813,197,7174,1680,8854,-0.219049,0.12906,-0.967141,0
6335,0,0,0,0,809,188,7332,1449,8781,-0.246678,0.104121,-0.963488,0
6009,0,0,0,0,779,181,6969,1417,8386,-0.248662,0.10148,-0.96326,0
6556,0,0,0,0,826,196,7578,1481,9059,-0.280762,0.0786609,-0.956548,0
6565,0,0,0,0,943,268,7776,1446,9222,-0.256015,0.0518259,-0.965283,0
6291,0,0,0,0,910,216,7417,1139,8556,-0.253643,0.0248672,-0.966978,0
6185,0,0,0,0,916,258,7359,1589,8948,-0.226124,0.0225562,-0.973837,0
6219,0,0,0,0,900,219,7338,897,8235,-0.254788,0.00774908,-0.966966,0
6200,0,0,0,0,871,214,7285,745,8030,-0.191807,-0.00232587,-0.98143,0
6119,0,0,0,0,825,209,7153,804,7957,-0.175889,4.96666e-05,-0.98441,0
6101,0,0,0,0,844,200,7145,971,8116,-0.15867,-0.00725855,-0.987305,0
6102,0,0,0,0,744,231,7077,1064,8141,-0.150017,-0.00978964,-0.988635,0
6276,0,0,0,0,740,182,7198,936,8134,-0.174665,-0.0199811,-0.984425,0
5864,0,0,0,0,668,169,6701,878,7579,-0.248001,-0.0676348,-0.966396,0
4000,0,0,0,0,320,92,4412,502,4914,-0.149232,-0.0183958,-0.988631,0
5734,0,0,0,0,540,138,6412,960,7372,-0.216651,-0.0818199,-0.972815,0
5767,0,0,0,0,367,93,6227,706,6933,-0.179864,-0.0673644,-0.981382,0
3972,0,0,0,0,314,82,4368,764,5132,-0.174811,-0.0677563,-0.982268,0
5678,0,0,0,0,434,112,6224,1151,7375,-0.148494,-0.069064,-0.986498,0
6071,0,0,0,0,418,113,6602,1181,7783,-0.118342,-0.0539797,-0.991505,0
5618,0,0,0,0,387,104,6109,1056,7165,-0.101323,-0.0438121,-0.993888,0
5874,0,0,0,0,368,101,6343,1154,7497,-0.0871049,-0.0490711,-0.99499,0
6106,0,0,0,0,463,116,6685,1121,7806,-0.0848268,-0.0414936,-0.995531,0
6317,0,0,0,0,359,92,6768,1273,8041,-0.0999424,-0.0488017,-0.993796,0
5970,0,0,0,0,299,73,6342,907,7249,-0.0695071,-0.0547522,-0.996078,0
6123,0,0,0,0,308,80,6511,995,7506,-0.0793962,-0.062617,-0.994875,0
6090,0,0,0,0,264,65,6419,1236,7655,-0.0751317,-0.0578969,-0.995492,0
6454,0,0,0,0,354,84,6892,1471,8363,-0.0803201,-0.102055,-0.991531,0
5972,0,0,0,0,289,70,6331,1528,7859,-0.0706773,-0.109686,-0.99145,0
6224,0,0,0,0,358,103,6685,2050,8735,-0.0651838,-0.110922,-0.991689,0
6175,0,0,0,0,319,74,6568,2019,8587,-0.0149458,-0.120025,-0.992658,0
5558,0,0,0,0,307,72,5937,1505,7442,-0.0821275,-0.218847,-0.972297,0
5230,0,0,0,0,233,54,5517,1213,6730,-0.0278077,-0.146005,-0.988893,0
2548,0,0,0,0,159,38,2745,767,3512,0.00658361,-0.0607729,-0.99813,0
3389,0,0,0,0,242,59,3690,1231,4921,0.00781286,-0.093056,-0.99563,0
5833,0,0,0,0,501,131,6465,2413,8878,-0.00769883,-0.1039,-0.994558,0
5762,0,0,0,0,476,112,6350,2306,8656,0.00990515,-0.126491,-0.991918,0
6518,0,0,0,0,542,160,7220,2266,9486,0.0312791,-0.114045,-0.992983,0
5859,0,0,0,0,551,128,6538,2330,8868,0.0394476,-0.100938,-0.99411,0
6131,0,0,0,0,588,142,6861,2154,9015,0.0109529,-0.115674,-0.993227,0
5989,0,0,0,0,626,147,6762,2846,9608,0.0216234,-0.0925419,-0.995474,0
6100,0,0,0,0,835,188,7123,3044,10167,0.0358793,-0.0729799,-0.996688,0
5346,0,0,0,0,911,199,6456,2867,9323,-0.024229,-0.0928986,-0.995381,0
6085,0,0,0,0,710,158,6953,3464,10417,-0.0275617,-0.121445,-0.992215,0
6601,0,0,0,0,641,151,7393,3403,10796,-0.0393839,-0.0968877,-0.994516,0
6073,0,0,0,0,577,134,6784,3661,10445,-0.0488637,-0.105241,-0.993246,0
5931,0,0,0,0,510,119,6560,3780,10340,-0.0326661,-0.118234,-0.992448,0
6067,0,0,0,0,508,108,6683,3042,9725,-0.0309694,-0.14379,-0.989123,0
5518,0,0,0,0,400,87,6005,2912,8917,-0.0187328,-0.134764,-0.9907,0
5427,0,0,0,0,318,73,5818,2500,8318,-0.0263908,-0.252836,-0.967149,0
5375,0,0,0,0,261,62,5698,2093,7791,-0.0227996,-0.21695,-0.975917,0
3142,0,0,0,0,133,30,3305,1003,4308,-0.0116524,-0.159487,-0.987131,0
2263,0,0,0,0,97,22,2382,825,3207,-0.0337005,-0.143848,-0.989026,0
5369,0,0,0,0,229,53,5651,1908,7559,-0.00860644,-0.143758,-0.989575,0
5516,0,0,0,0,246,60,5822,2074,7896,0.067167,-0.163922,-0.984184,0
5396,0,0,0,0,254,62,5712,1470,7182,0.0381405,-0.126121,-0.991281,0
5512,0,0,0,0,272,66,5850,2319,8169,0.0538364,-0.165358,-0.984763,0
5459,0,0,0,0,321,72,5852,1633,7485,0.0698422,-0.204155,-0.976444,0
5345,0,0,0,0,285,69,5699,1223,6922,0.04445,-0.34568,-0.937299,0
5701,0,0,0,0,306,75,6082,1166,7248,0.0181278,-0.48451,-0.874598,0
5495,0,0,0,0,334,80,5909,1391,7300,0.00195484,-0.583094,-0.812403,0
6505,0,0,0,0,367,101,6973,1377,8350,-0.0521654,-0.298414,-0.95301,0
6444,0,0,0,0,470,115,7029,2116,9145,-0.0596272,-0.404941,-0.912397,0
5961,0,0,0,0,485,117,6563,1591,8154,-0.0355152,-0.352108,-0.935286,0
6607,0,0,0,0,629,147,7383,6521,13904,-0.0333168,-0.315975,-0.948182,0
3982,0,0,0,0,401,94,4477,2707,7184,-0.0188272,-0.476276,-0.879094,0
5916,0,0,0,0,552,130,6598,4590,11188,-0.0189526,-0.522528,-0.852412,0
6714,0,0,0,0,520,124,7358,-1000,-1000,-1,-1,-1,0
3004,0,0,0,0,262,72,3338,3360,6698,-0.00717246,-0.256215,-0.966593,0
6201,0,0,0,0,604,116,6921,2263,9184,0.00500535,-0.395994,-0.918239,0
6115,0,0,0,0,353,83,6551,1744,8295,0.0357919,-0.507997,-0.860615,0
5406,0,0,0,0,312,72,5790,1467,7257,0.0977401,-0.631074,-0.769541,0
5428,0,0,0,0,288,66,5782,4832,10614,0.142776,-0.67038,-0.728153,0
5442,0,0,0,0,259,58,5759,-1000,-1000,-1,-1,-1,0
6247,0,0,0,0,245,59,6551,2310,8861,-0.0427578,-0.285104,-0.957543,0
6000,0,0,0,0,275,60,6335,1812,8147,-0.00792557,-0.467743,-0.883829,0
6150,0,0,0,0,248,60,6458,1503,7961,-0.0336065,-0.437294,-0.89869,0
6078,0,0,0,0,338,83,6499,1836,8335,-0.0116985,-0.487281,-0.873167,0
5864,0,0,0,0,220,55,6139,1470,7609,0.0173792,-0.226623,-0.973828,0
6037,0,0,0,0,251,65,6353,1676,8029,0.0498859,-0.291206,-0.955359,0
6003,0,0,0,0,246,66,6315,1816,8131,0.0601377,-0.2223,-0.973122,0
3978,0,0,0,0,186,47,4211,1040,5251,0.0272106,-0.16144,-0.986507,0
5579,0,0,0,0,262,69,5910,1674,7584,0.0359385,-0.159044,-0.986617,0
5529,0,0,0,0,295,74,5898,1737,7635,0.0303589,-0.171128,-0.984781,0
5777,0,0,0,0,393,92,6262,1508,7770,0.034488,-0.179013,-0.983242,0
5521,0,0,0,0,375,92,5988,1712,7700,0.0473605,-0.164842,-0.985183,0
5585,0,0,0,0,394,97,6076,1500,7576,0.0316756,-0.159679,-0.98666,0
6539,0,0,0,0,431,114,7084,1306,8390,0.020182,-0.186627,-0.982224,0
5817,0,0,0,0,484,117,6418,1054,7472,-0.00537838,-0.228429,-0.973546,0
6122,0,0,0,0,597,145,6864,1103,7967,-0.0791556,-0.338319,-0.937696,0
6027,0,0,0,0,570,133,6730,1939,8669,-0.0620389,-0.368814,-0.927431,0
6075,0,0,0,0,616,146,6837,1953,8790,-0.0418873,-0.530105,-0.846897,0
5959,0,0,0,0,662,155,6776,1962,8738,0.192967,-0.102656,-0.975821,0
6015,0,0,0,0,712,188,6915,2432,9347,0.0499678,-0.175392,-0.983229,0
5950,0,0,0,0,718,162,6830,3078,9908,0.0242482,-0.158427,-0.987073,0
5912,0,0,0,0,692,158,6762,3422,10184,0.00866527,-0.0846128,-0.996376,0
5907,0,0,0,0,686,154,6747,3763,10510,0.0333972,-0.234246,-0.971604,0
5853,0,0,0,0,615,136,6604,3068,9672,0.0258498,-0.193259,-0.980807,0
2636,0,0,0,0,203,49,2888,1440,4328,0.0197424,-0.124323,-0.992046,0
2593,0,0,0,0,173,40,2806,1336,4142,0.0153397,-0.0762695,-0.996969,0
5432,0,0,0,0,290,69,5791,2492,8283,-0.00267211,-0.111229,-0.993791,0
5284,0,0,0,0,234,56,5574,2123,7697,0.0543008,-0.0248121,-0.998216,0
5459,0,0,0,0,218,54,5731,1732,7463,0.0616577,-0.109547,-0.992067,0
5382,0,0,0,0,223,52,5657,1725,7382,0.0333239,-0.169397,-0.984984,0
5438,0,0,0,0,226,75,5739,1684,7423,0.0997058,-0.166658,-0.980961,0
5355,0,0,0,0,235,57,5647,1395,7042,0.0825267,-0.180211,-0.98016,0
5507,0,0,0,0,241,60,5808,1409,7217,0.070766,-0.192286,-0.978784,0
5434,0,0,0,0,261,62,5757,1582,7339,0.027314,-0.212424,-0.976796,0
5533,0,0,0,0,262,67,5862,1481,7343,-0.00493966,-0.470571,-0.882348,0
5598,0,0,0,0,319,84,6001,1454,7455,-0.0200519,-0.567831,-0.822901,0
3823,0,0,0,0,205,53,4081,827,4908,-0.0188369,-0.261767,-0.964947,0
3535,0,0,0,0,219,54,3808,1154,4962,-0.0609558,-0.101828,-0.992933,0
5540,0,0,0,0,390,95,6025,1957,7982,-0.0387715,-0.0370167,-0.998562,0
5747,0,0,0,0,443,111,6301,1605,7906,-0.0580616,-0.177158,-0.982469,0
5835,0,0,0,0,597,125,6557,1754,8311,-0.0476529,-0.206796,-0.977223,0
6498,0,0,0,0,618,138,7254,2490,9744,-0.045735,-0.276014,-0.960065,0
5959,0,0,0,0,650,145,6754,2245,8999,-0.0332839,-0.26643,-0.963279,0
5970,0,0,0,0,588,142,6700,2554,9254,-0.0341162,-0.247341,-0.968328,0
5742,0,0,0,0,553,132,6427,2505,8932,-0.0289268,-0.234619,-0.971657,0
5983,0,0,0,0,554,135,6672,1579,8251,-0.032567,-0.254959,-0.966403,0
5688,0,0,0,0,496,115,6299,2030,8329,0.0100606,-0.319677,-0.947473,0
5693,0,0,0,0,411,97,6201,1770,7971,0.033997,-0.437679,-0.898488,0
5560,0,0,0,0,371,89,6020,1750,7770,0.0584036,-0.554592,-0.830071,0
5426,0,0,0,0,342,82,5850,1726,7576,0.0800389,-0.690307,-0.719076,0
6211,0,0,0,0,343,79,6633,2849,9482,0.0645573,-0.697462,-0.713708,0
5382,0,0,0,0,347,76,5805,-1000,-1000,-1,-1,-1,0
5439,0,0,0,0,251,63,5753,2877,8630,-0.081299,-0.120448,-0.989385,0
6273,0,0,0,0,252,62,6587,1689,8276,-0.0106693,-0.437947,-0.898938,0
5275,0,0,0,0,240,59,5574,1662,7236,-0.0124319,-0.489809,-0.871741,0
5568,0,0,0,0,228,62,5858,1480,7338,-0.00337576,-0.515435,-0.856922,0
5447,0,0,0,0,218,54,5719,2061,7780,0.00907419,-0.582968,-0.812444,0
5229,0,0,0,0,259,58,5546,2052,7598,0.0311519,-0.604956,-0.795649,0
5177,0,0,0,0,224,54,5455,2287,7742,0.00279923,-0.612512,-0.790456,0
5419,0,0,0,0,200,53,5672,2757,8429,0.012439,-0.579668,-0.814758,0
5341,0,0,0,0,220,56,5617,3019,8636,-0.0088578,-0.484933,-0.874507,0
5388,0,0,0,0,234,62,5684,1950,7634,0.0226275,-0.295583,-0.955049,0
5379,0,0,0,0,256,64,5699,1496,7195,0.0133636,-0.219927,-0.975425,0
5733,0,0,0,0,290,71,6094,1589,7683,0.0293406,-0.215168,-0.976137,0
5619,0,0,0,0,307,75,6001,1859,7860,0.0147508,-0.208405,-0.977932,0
6505,0,0,0,0,362,93,6960,1906,8866,-0.00364348,-0.221965,-0.975048,0
4078,0,0,0,0,244,59,4381,1061,5442,0.00869599,-0.202828,-0.979176,0
3621,0,0,0,0,239,58,3918,1083,5001,0.00854712,-0.180088,-0.983614,0
6393,0,0,0,0,451,108,6952,1882,8834,0.0100309,-0.241582,-0.970329,0
6241,0,0,0,0,535,120,6896,1818,8714,0.0332304,-0.227414,-0.973231,0
6355,0,0,0,0,467,142,6964,1440,8404,0.0289924,-0.286393,-0.957674,0
6576,0,0,0,0,576,138,7290,2459,9749,-0.0094951,-0.387106,-0.921987,0
6418,0,0,0,0,614,145,7177,2330,9507,0.0371147,-0.509412,-0.859722,0
6589,0,0,0,0,702,166,7457,1735,9192,0.109204,0.403375,-0.908495,0
7352,0,0,0,0,662,153,8167,3092,11259,0.0628569,0.249284,-0.966388,0
6830,0,0,0,0,773,188,7791,2526,10317,0.0316836,0.149226,-0.988295,0
7061,0,0,0,0,713,171,7945,2331,10276,-0.00219683,-0.154812,-0.987942,0
7937,0,0,0,0,1014,202,9153,2460,11613,-0.00576006,-0.214969,-0.976604,0
4375,0,0,0,0,413,98,4886,1917,6803,0.00364127,-0.166307,-0.986067,0
3787,0,0,0,0,369,85,4241,2061,6302,0.00148581,-0.11034,-0.993893,0
5930,0,0,0,0,632,150,6712,3985,10697,0.0157061,-0.114682,-0.993278,0
6644,0,0,0,0,672,159,7475,4277,11752,0.0161684,-0.109942,-0.993806,0
5671,0,0,0,0,500,118,6289,3724,10013,-0.00061704,-0.101362,-0.994849,0
6539,0,0,0,0,493,118,7150,3729,10879,-0.00292331,-0.0904944,-0.995893,0
5788,0,0,0,0,375,88,6251,2682,8933,0.0155367,-0.0900146,-0.995819,0
5229,0,0,0,0,296,76,5601,2018,7619,0.0303028,-0.0933349,-0.995174,0
6898,0,0,0,0,269,69,7236,2103,9339,0.0179819,-0.119601,-0.992659,0
5969,0,0,0,0,231,57,6257,1796,8053,0.0108551,-0.129588,-0.991509,0
5781,0,0,0,0,188,47,6016,1705,7721,-0.0137507,-0.116003,-0.993154,0
5626,0,0,0,0,190,46,5862,1469,7331,0.00481451,-0.142404,-0.989797,0
5684,0,0,0,0,205,49,5938,1261,7199,0.0120754,-0.0944411,-0.995457,0
6081,0,0,0,0,215,75,6371,1407,7778,0.0171016,-0.154005,-0.987922,0
5264,0,0,0,0,222,54,5540,1473,7013,0.0428394,-0.183951,-0.982002,0
6091,0,0,0,0,255,64,6410,1845,8255,-0.00569486,-0.110529,-0.993856,0
5313,0,0,0,0,250,60,5623,1233,6856,0.0244363,-0.197341,-0.98003,0
5295,0,0,0,0,253,62,5610,1419,7029,0.0128194,-0.125467,-0.992015,0
5419,0,0,0,0,293,71,5783,1116,6899,-0.00185324,-0.143934,-0.989586,0
5384,0,0,0,0,293,91,5768,1147,6915,-0.0183478,-0.148665,-0.988718,0
6414,0,0,0,0,379,95,6888,1305,8193,-0.0221448,-0.153592,-0.987886,0
6124,0,0,0,0,428,129,6681,1343,8024,-0.00496748,-0.159951,-0.987112,0
6464,0,0,0,0,534,130,7128,1815,8943,-0.0253092,-0.161291,-0.986582,0
6745,0,0,0,0,611,150,7506,2976,10482,-0.0235112,-0.256011,-0.966388,0
5500,0,0,0,0,421,100,6021,1826,7847,-0.0244077,-0.242128,-0.969937,0
4826,0,0,0,0,506,121,5453,1943,7396,-0.00258936,-0.291706,-0.956505,0
5831,0,0,0,0,608,139,6578,2898,9476,-0.00469968,-0.308728,-0.951139,0
6623,0,0,0,0,582,138,7343,4121,11464,-0.0304434,-0.307877,-0.950939,0
6613,0,0,0,0,523,121,7257,3393,10650,-0.0225557,-0.278499,-0.960172,0
5690,0,0,0,0,443,98,6231,3120,9351,0.0255597,-0.335738,-0.941609,0
6492,0,0,0,0,438,99,7029,1735,8764,0.0864285,-0.465903,-0.880605,0
6747,0,0,0,0,413,96,7256,3435,10691,0.113279,-0.513657,-0.850485,0
3816,0,0,0,0,219,51,4086,837,4923,0.137563,-0.54596,-0.82644,0
6184,0,0,0,0,350,83,6617,1373,7990,0.179978,-0.612159,-0.76998,0
5977,0,0,0,0,348,79,6404,-1000,-1000,-1,-1,-1,0
6207,0,0,0,0,350,79,6636,2258,8894,-0.0905541,-0.122437,-0.988337,0
6608,0,0,0,0,317,75,7000,1103,8103,0.0300773,-0.240208,-0.970255,0
5976,0,0,0,0,313,77,6366,1161,7527,0.0876237,-0.177872,-0.980145,0
6187,0,0,0,0,342,77,6606,2200,8806,0.110767,-0.219374,-0.969333,0
5835,0,0,0,0,281,64,6180,1970,8150,0.00993335,-0.112758,-0.993573,0
6127,0,0,0,0,339,74,6540,1535,8075,0.0878703,-0.212314,-0.973243,0
5608,0,0,0,0,357,88,6053,1704,7757,0.0450914,-0.185277,-0.981651,0
6411,0,0,0,0,299,100,6810,2012,8822,0.0647984,-0.224316,-0.97236,0
6260,0,0,0,0,270,69,6599,2203,8802,0.0399883,-0.166182,-0.985284,0
5518,0,0,0,0,227,58,5803,1793,7596,0.0183712,-0.28575,-0.958128,0
5912,0,0,0,0,214,55,6181,2058,8239,-0.034502,-0.175463,-0.983881,0
5299,0,0,0,0,208,54,5561,1252,6813,0.00161325,-0.195766,-0.98065,0
6157,0,0,0,0,256,66,6479,1736,8215,0.00553613,-0.277367,-0.960748,0
5927,0,0,0,0,273,68,6268,1637,7905,-0.0156354,-0.173491,-0.984711,0
5760,0,0,0,0,283,70,6113,1737,7850,0.00905141,-0.170522,-0.985312,0
6372,0,0,0,0,322,84,6778,1707,8485,0.0215628,-0.173302,-0.984633,0
6388,0,0,0,0,344,86,6818,1844,8662,0.0203261,-0.159592,-0.986974,0
6134,0,0,0,0,330,81,6545,1423,7968,0.00814325,-0.159778,-0.98712,0
6323,0,0,0,0,405,102,6830,1791,8621,0.00605149,-0.184081,-0.982892,0
6237,0,0,0,0,454,110,6801,1577,8378,-0.00258376,-0.174666,-0.984624,0
6599,0,0,0,0,515,124,7238,1618,8856,-0.0166473,-0.202235,-0.979195,0
5182,0,0,0,0,389,91,5662,801,6463,-0.0511777,-0.161393,-0.985563,0
3290,0,0,0,0,294,70,3654,646,4300,-0.0666758,-0.146234,-0.987001,0
7082,0,0,0,0,642,208,7932,1476,9408,0.0100831,-0.139168,-0.990218,0
6535,0,0,0,0,691,161,7387,4733,12120,-0.00438688,-0.193453,-0.9811,0
4933,0,0,0,0,483,114,5530,2344,7874,0.00807723,-0.230111,-0.973131,0
6906,0,0,0,0,770,194,7870,-1000,-1000,-1,-1,-1,0
6868,0,0,0,0,823,191,7882,3437,11319,0.00784044,-0.115353,-0.993294,0
6931,0,0,0,0,836,216,7983,4736,12719,0.00850086,-0.125507,-0.992057,0
4504,0,0,0,0,568,131,5203,1993,7196,0.0170757,-0.109784,-0.993809,0
6924,0,0,0,0,840,199,7963,4247,12210,0.00434619,-0.111698,-0.993733,0
6768,0,0,0,0,1070,195,8033,3946,11979,-0.00215989,-0.0962285,-0.995357,0
4361,0,0,0,0,478,110,4949,3055,8004,0.000103082,-0.100386,-0.994949,0
7750,0,0,0,0,666,157,8573,4691,13264,0.0178228,-0.0954888,-0.995271,0
6514,0,0,0,0,593,159,7266,5066,12332,0.0348226,-0.0939588,-0.994967,0
6029,0,0,0,0,470,109,6608,3555,10163,0.0314668,-0.0848209,-0.995899,0
6514,0,0,0,0,514,100,7128,3638,10766,0.0388562,-0.0927015,-0.994935,0
6374,0,0,0,0,440,133,6947,3627,10574,0.0447798,-0.140793,-0.989026,0
3727,0,0,0,0,221,51,3999,1767,5766,0.0350896,-0.081947,-0.996019,0
2802,0,0,0,0,142,33,2977,1422,4399,-0.0137567,-0.0516409,-0.998571,0
5272,0,0,0,0,230,53,5555,1787,7342,-0.0229978,-0.0605187,-0.997902,0
5292,0,0,0,0,206,48,5546,1731,7277,-0.0395268,-0.0530074,-0.997811,0
5471,0,0,0,0,204,50,5725,1379,7104,-0.0115433,-0.0869787,-0.996143,0
5526,0,0,0,0,202,48,5776,1655,7431,-0.0154145,-0.082478,-0.996474,0
5395,0,0,0,0,212,50,5657,1590,7247,-0.00197798,-0.133045,-0.991108,0
5369,0,0,0,0,232,55,5656,1986,7642,-0.00965529,-0.094724,-0.995457,0
6763,0,0,0,0,238,63,7064,1595,8659,-0.0268623,-0.0451339,-0.99862,0
5296,0,0,0,0,269,61,5626,1248,6874,-0.0910438,-0.078345,-0.992761,0
5315,0,0,0,0,263,62,5640,1268,6908,-0.112969,-0.141158,-0.983521,0
5330,0,0,0,0,277,66,5673,1389,7062,-0.147498,-0.155149,-0.976818,0
5834,0,0,0,0,305,76,6215,1330,7545,-0.173732,-0.208274,-0.962517,0
6148,0,0,0,0,339,87,6574,1492,8066,-0.0616123,-0.0838621,-0.994571,0
5568,0,0,0,0,394,94,6056,2085,8141,-0.0552971,-0.195654,-0.979113,0
5683,0,0,0,0,456,119,6258,2288,8546,-0.0433712,-0.204044,-0.978001,0
5986,0,0,0,0,542,129,6657,2039,8696,-0.0401842,-0.370158,-0.9281,0
5928,0,0,0,0,575,149,6652,3533,10185,-0.0221889,-0.340445,-0.940003,0
5997,0,0,0,0,642,152,6791,2503,9294,0.0259806,-0.291381,-0.956254,0
5925,0,0,0,0,591,143,6659,4148,10807,-0.0801702,-0.318913,-0.944387,0
4260,0,0,0,0,554,133,4947,3788,8735,-0.0393681,-0.374487,-0.926396,0
5832,0,0,0,0,531,122,6485,6691,13176,0.00430062,-0.492574,-0.87026,0
3925,0,0,0,0,355,84,4364,3799,8163,-0.0966996,-0.280672,-0.95492,0
5864,0,0,0,0,393,91,6348,1921,8269,-0.0496373,-0.368742,-0.928206,0
5642,0,0,0,0,330,79,6051,1815,7866,-0.00162305,-0.489152,-0.872197,0
5583,0,0,0,0,307,85,5975,1861,7836,0.0909268,-0.564018,-0.820742,0
6308,0,0,0,0,259,64,6631,2143,8774,0.10477,-0.654842,-0.748468,0
5250,0,0,0,0,237,55,5542,-1000,-1000,-1,-1,-1,0
6204,0,0,0,0,251,64,6519,3226,9745,0.0787039,-0.353375,-0.932165,0
5454,0,0,0,0,234,56,5744,6281,12025,-0.00964236,-0.278973,-0.960251,0
5501,0,0,0,0,199,48,5748,3431,9179,-0.0352266,-0.235349,-0.971272,0
5944,0,0,0,0,235,56,6235,3925,10160,-0.0552375,-0.345024,-0.936967,0
5253,0,0,0,0,200,48,5501,2376,7877,-0.048895,-0.324057,-0.944773,0
2778,0,0,0,0,101,25,2904,893,3797,-0.0462086,-0.310114,-0.949576,0
1858,0,0,0,0,69,18,1945,512,2457,-0.079616,-0.142362,-0.986607,0
5928,0,0,0,0,233,60,6221,1720,7941,-0.0745569,-0.238716,-0.968223,0
7225,0,0,0,0,226,63,7514,1607,9121,-0.0627346,-0.199982,-0.977789,0
5548,0,0,0,0,247,63,5858,1662,7520,-0.0659005,-0.289115,-0.955023,0
5065,0,0,0,0,189,47,5301,1100,6401,-0.0478845,-0.205332,-0.97752,0
3839,0,0,0,0,192,51,4082,940,5022,-0.0485078,-0.193119,-0.979976,0
5636,0,0,0,0,305,104,6045,1341,7386,-0.108116,-0.182483,-0.977247,0
5793,0,0,0,0,336,88,6217,1174,7391,-0.106827,-0.179034,-0.978026,0
5507,0,0,0,0,375,93,5975,1078,7053,-0.0976572,-0.1804,-0.978733,0
5642,0,0,0,0,413,106,6161,1136,7297,-0.0843513,-0.173145,-0.981278,0
5689,0,0,0,0,467,114,6270,1268,7538,-0.0982029,-0.167322,-0.980999,0
5877,0,0,0,0,553,129,6559,1303,7862,-0.0846193,-0.151427,-0.98484,0
5799,0,0,0,0,566,133,6498,1385,7883,-0.0790413,-0.152249,-0.985177,0
5841,0,0,0,0,607,143,6591,1807,8398,-0.050415,-0.125985,-0.99075,0
6188,0,0,0,0,655,157,7000,4934,11934,-0.0525691,-0.205378,-0.97727,0
6079,0,0,0,0,713,196,6988,1800,8788,0.0957831,-0.0437718,-0.994439,0
6093,0,0,0,0,713,167,6973,3009,9982,0.0238005,-0.122888,-0.992135,0
6548,0,0,0,0,913,174,7635,2424,10059,0.0215888,-0.132499,-0.990948,0
6138,0,0,0,0,733,163,7034,2912,9946,0.0199808,-0.136733,-0.990406,0
6195,0,0,0,0,706,160,7061,3280,10341,0.00623944,-0.123751,-0.992294,0
5993,0,0,0,0,711,243,6947,4337,11284,0.00705443,-0.109808,-0.993928,0
5904,0,0,0,0,641,146,6691,4119,10810,0.0127721,-0.10763,-0.994109,0
5908,0,0,0,0,577,130,6615,4399,11014,0.00319805,-0.108594,-0.994081,0
5620,0,0,0,0,489,110,6219,4071,10290,0.00907341,-0.102317,-0.994711,0
5860,0,0,0,0,413,111,6384,3772,10156,-0.00976864,-0.0886142,-0.996018,0
5906,0,0,0,0,379,90,6375,3156,9531,-0.0366393,-0.0934439,-0.99495,0
5547,0,0,0,0,348,75,5970,2674,8644,-0.0451483,-0.177501,-0.983084,0
5543,0,0,0,0,265,62,5870,2472,8342,-0.0677855,-0.14372,-0.987294,0
3099,0,0,0,0,124,29,3252,1118,4370,-0.0338166,-0.0752893,-0.996588,0
2245,0,0,0,0,94,21,2360,978,3338,-0.0823602,-0.0354049,-0.995974,0
5253,0,0,0,0,227,50,5530,1612,7142,-0.0306199,-0.0853142,-0.995884,0
5908,0,0,0,0,253,60,6221,2293,8514,-0.00269775,-0.0352738,-0.999374,0
6293,0,0,0,0,266,62,6621,2237,8858,-0.00535968,-0.0641981,-0.997923,0
5624,0,0,0,0,267,63,5954,1922,7876,-0.0175288,-0.0717446,-0.997269,0
6189,0,0,0,0,308,92,6589,2112,8701,-0.032872,-0.154048,-0.987516,0
6109,0,0,0,0,286,74,6469,1621,8090,-0.0280624,-0.12899,-0.991249,0
5469,0,0,0,0,313,78,5860,1237,7097,-0.0193019,-0.0598016,-0.998024,0
5822,0,0,0,0,343,83,6248,1764,8012,-0.0148621,-0.160434,-0.986935,0
5499,0,0,0,0,370,90,5959,2067,8026,-0.0117481,-0.3674,-0.929989,0
5693,0,0,0,0,418,101,6212,1657,7869,-0.0057396,-0.154472,-0.98798,0
5694,0,0,0,0,466,112,6272,1657,7929,-0.00279709,-0.199532,-0.979887,0
5741,0,0,0,0,501,123,6365,1622,7987,-0.0102534,-0.236932,-0.971472,0
6407,0,0,0,0,552,135,7094,1421,8515,-0.0230789,-0.256364,-0.966305,0
5905,0,0,0,0,597,142,6644,1796,8440,-0.0311746,-0.282506,-0.958759,0
5985,0,0,0,0,634,153,6772,1471,8243,-0.0243237,-0.26798,-0.963117,0
6002,0,0,0,0,685,156,6843,1907,8750,-0.00110039,-0.309842,-0.950788,0
5955,0,0,0,0,622,143,6720,2162,8882,-0.00417048,-0.28453,-0.958658,0
5884,0,0,0,0,669,130,6683,2366,9049,0.0418864,-0.254694,-0.966114,0
5792,0,0,0,0,489,112,6393,1687,8080,0.0334574,-0.334683,-0.941737,0
5811,0,0,0,0,439,100,6350,1654,8004,0.0374796,-0.505588,-0.861961,0
6342,0,0,0,0,377,88,6807,1518,8325,0.0606412,-0.623628,-0.779366,0
5570,0,0,0,0,344,81,5995,2695,8690,0.0899774,-0.688821,-0.719326,0
5666,0,0,0,0,335,76,6077,-1000,-1000,-1,-1,-1,0
5463,0,0,0,0,295,70,5828,1381,7209,0.0071543,-0.240658,-0.970584,0
6287,0,0,0,0,381,109,6777,1925,8702,0.0203515,-0.312527,-0.949691,0
5334,0,0,0,0,195,47,5576,1166,6742,0.0296421,-0.302824,-0.952585,0
3816,0,0,0,0,136,32,3984,1185,5169,0.0318765,-0.250045,-0.967709,0
4495,0,0,0,0,191,46,4732,1916,6648,5.35773e-06,-0.224359,-0.974507,0
6388,0,0,0,0,212,56,6656,1773,8429,-0.000137958,-0.187926,-0.982183,0
5591,0,0,0,0,200,52,5843,1780,7623,-0.0304236,-0.14565,-0.988868,0
5878,0,0,0,0,232,61,6171,2419,8590,0.000350604,-0.323291,-0.9463,0
4496,0,0,0,0,166,44,4706,1169,5875,0.00450755,-0.321414,-0.946928,0
2578,0,0,0,0,114,30,2722,678,3400,-0.0692078,-0.191832,-0.978985,0
2270,0,0,0,0,125,31,2426,511,2937,-0.0822556,-0.181234,-0.979994,0
5792,0,0,0,0,350,90,6232,1122,7354,-0.0779583,-0.15212,-0.985283,0
5665,0,0,0,0,400,98,6163,1163,7326,-0.0846527,-0.151569,-0.984815,0
5801,0,0,0,0,512,120,6433,1263,7696,-0.0384988,-0.168677,-0.98492,0
6013,0,0,0,0,521,128,6662,1348,8010,-0.0470824,-0.171165,-0.984117,0
6417,0,0,0,0,562,136,7115,1171,8286,-0.0582402,-0.190332,-0.979991,0
5756,0,0,0,0,589,139,6484,1131,7615,-0.0143982,-0.131002,-0.991278,0
5999,0,0,0,0,647,161,6807,1562,8369,-0.0390129,-0.171086,-0.984483,0
6338,0,0,0,0,757,179,7274,2291,9565,-0.0379372,-0.300223,-0.953114,0
6372,0,0,0,0,504,118,6994,1046,8040,-0.019473,-0.177526,-0.983924,0
4189,0,0,0,0,522,122,4833,3325,8158,-0.0242686,-0.220692,-0.975042,0
5141,0,0,0,0,628,142,5911,2002,7913,-0.0102254,-0.156724,-0.98759,0
6224,0,0,0,0,768,174,7166,2635,9801,0.00126457,-0.137372,-0.990519,0
6296,0,0,0,0,739,167,7202,3471,10673,-0.00454174,-0.124008,-0.992271,0
6198,0,0,0,0,711,159,7068,3911,10979,-0.0105557,-0.11117,-0.993745,0
6230,0,0,0,0,667,152,7049,4153,11202,0.00516391,-0.125359,-0.992098,0
5939,0,0,0,0,606,138,6683,3169,9852,0.00232311,-0.10861,-0.994082,0
5294,0,0,0,0,527,137,5958,3662,9620,-0.00296287,-0.102744,-0.994703,0
5913,0,0,0,0,532,121,6566,4212,10778,-0.0231178,-0.108824,-0.993792,0
5795,0,0,0,0,490,111,6396,4063,10459,-0.0237556,-0.106396,-0.99404,0
5782,0,0,0,0,441,102,6325,3308,9633,-0.00746807,-0.098193,-0.995139,0
5649,0,0,0,0,447,119,6215,2906,9121,-0.000532888,-0.0813938,-0.996682,0
5569,0,0,0,0,421,100,6090,2658,8748,-0.012379,-0.0849596,-0.996307,0
5735,0,0,0,0,571,100,6406,2299,8705,-0.033966,-0.116949,-0.992557,0
5610,0,0,0,0,387,91,6088,2058,8146,-0.0283491,-0.0954661,-0.995029,0
5087,0,0,0,0,349,80,5516,1784,7300,-0.0166118,-0.106835,-0.994138,0
5131,0,0,0,0,369,85,5585,1679,7264,0.0109841,-0.107117,-0.994186,0
5579,0,0,0,0,422,106,6107,1889,7996,0.0206659,-0.143031,-0.989503,0
5694,0,0,0,0,424,126,6244,1904,8148,0.0073031,-0.170992,-0.985245,0
5586,0,0,0,0,419,100,6105,1726,7831,-0.00398475,-0.137543,-0.990488,0
8721,0,0,0,0,622,147,9490,1980,11470,-0.0216736,-0.166785,-0.985755,0
5614,0,0,0,0,390,94,6098,1470,7568,-0.0207547,-0.152668,-0.988059,0
5622,0,0,0,0,384,91,6097,1670,7767,-0.041837,-0.17709,-0.983305,0
6027,0,0,0,0,607,131,6765,1952,8717,-0.0508306,-0.268259,-0.962005,0
5762,0,0,0,0,426,103,6291,1567,7858,0.00340645,-0.222424,-0.974944,0
6299,0,0,0,0,457,131,6887,1346,8233,-0.0108114,-0.223253,-0.974701,0
5895,0,0,0,0,498,117,6510,1310,7820,-0.0200282,-0.209408,-0.977623,0
5862,0,0,0,0,533,130,6525,1312,7837,-0.0200117,-0.145419,-0.989168,0
6319,0,0,0,0,865,191,7375,1352,8727,-0.00390227,-0.119734,-0.992799,0
5849,0,0,0,0,585,134,6568,1463,8031,0.00596064,-0.168632,-0.985661,0
6786,0,0,0,0,604,147,7537,1452,8989,0.00611507,-0.127626,-0.991804,0
5882,0,0,0,0,604,141,6627,1416,8043,0.0110457,-0.222975,-0.974761,0
5879,0,0,0,0,626,145,6650,1543,8193,0.00512044,-0.173294,-0.984857,0
3856,0,0,0,0,340,79,4275,696,4971,0.0108305,-0.147889,-0.988945,0
2905,0,0,0,0,320,75,3300,634,3934,0.00709598,-0.137026,-0.990542,0
6109,0,0,0,0,653,156,6918,1351,8269,0.00251297,-0.146719,-0.989175,0
5834,0,0,0,0,660,151,6645,1565,8210,0.00556953,-0.116245,-0.993205,0
6188,0,0,0,0,661,157,7006,1453,8459,0.0150229,-0.129007,-0.99153,0
5942,0,0,0,0,721,154,6817,1663,8480,0.0206624,-0.147994,-0.988773,0
5817,0,0,0,0,668,148,6633,1595,8228,0.0205343,-0.124542,-0.992002,0
5092,0,0,0,0,452,99,5643,1161,6804,0.0175612,-0.0981772,-0.995014,0
4721,0,0,0,0,512,143,5376,1244,6620,-0.019063,-0.0896514,-0.995791,0
5858,0,0,0,0,604,140,6602,1616,8218,-0.00592,-0.0858991,-0.996286,0
5912,0,0,0,0,596,137,6645,1372,8017,-0.0120558,-0.0776259,-0.99691,0
5832,0,0,0,0,587,169,6588,1343,7931,-0.00884313,-0.0641259,-0.997902,0
5822,0,0,0,0,568,134,6524,1559,8083,-0.00258625,-0.0545283,-0.998509,0
5713,0,0,0,0,567,130,6410,1244,7654,-0.00657385,-0.0555993,-0.998431,0
5734,0,0,0,0,598,133,6465,1268,7733,-0.00111189,-0.0541888,-0.99853,0
5624,0,0,0,0,552,132,6308,1246,7554,-0.00200503,-0.0498654,-0.998754,0
6160,0,0,0,0,562,161,6883,1381,8264,0.00478899,-0.0489128,-0.998792,0
5964,0,0,0,0,559,133,6656,1361,8017,0.00544181,-0.0514832,-0.998659,0
5654,0,0,0,0,544,127,6325,1272,7597,0.00452645,-0.0514081,-0.998668,0
5766,0,0,0,0,556,132,6454,1258,7712,0.00305176,-0.0556097,-0.998448,0
6864,0,0,0,0,550,131,7545,1176,8721,-0.000549666,-0.0595244,-0.998227,0
5715,0,0,0,0,571,127,6413,1281,7694,-0.00366474,-0.0776908,-0.996971,0
5734,0,0,0,0,550,129,6413,1264,7677,-0.00477118,-0.0887295,-0.996044,0
5689,0,0,0,0,639,132,6460,1460,7920,0.0116608,-0.0466842,-0.998842,0
5727,0,0,0,0,546,141,6414,1852,8266,0.0113694,-0.0608798,-0.998081,0
5893,0,0,0,0,545,122,6560,2048,8608,0.0175716,-0.0709343,-0.997326,0
5608,0,0,0,0,526,121,6255,1892,8147,0.0140497,-0.0701015,-0.997441,0
8068,0,0,0,0,582,138,8788,1730,10518,-0.0147155,-0.0971751,-0.995159,0
6509,0,0,0,0,586,143,7238,1449,8687,0.00362876,-0.026839,-0.999633,0
6461,0,0,0,0,637,161,7259,1694,8953,-0.00463333,-0.0260646,-0.999649,0
5526,0,0,0,0,522,119,6167,1459,7626,-0.00541119,-0.0236829,-0.999705,0
5586,0,0,0,0,519,119,6224,1430,7654,-0.00554643,-0.0199396,-0.999786,0
5978,0,0,0,0,526,124,6628,1504,8132,-0.00470671,-0.0193878,-0.999801,0
5528,0,0,0,0,529,121,6178,1494,7672,-0.00530004,-0.0215582,-0.999754,0
5779,0,0,0,0,531,123,6433,1448,7881,-0.00564725,-0.0261521,-0.999642,0
5672,0,0,0,0,590,131,6393,1487,7880,-0.00183011,-0.0376041,-0.999291,0
5580,0,0,0,0,535,123,6238,1217,7455,-0.00270416,-0.0374367,-0.999295,0
5816,0,0,0,0,531,125,6472,1363,7835,-0.000806381,-0.037672,-0.99929,0
6340,0,0,0,0,573,127,7040,1363,8403,-0.00458933,-0.0425166,-0.999085,0
6366,0,0,0,0,530,123,7019,1370,8389,-0.00897113,-0.0374308,-0.999259,0
4162,0,0,0,0,312,68,4542,760,5302,-0.00897099,-0.0364445,-0.999295,0
2933,0,0,0,0,281,65,3279,805,4084,-0.00621923,-0.0366863,-0.999307,0
6296,0,0,0,0,603,139,7038,1565,8603,-0.00271913,-0.0584485,-0.998287,0
6267,0,0,0,0,600,142,7009,1377,8386,-0.00241567,-0.059784,-0.998208,0
6406,0,0,0,0,642,170,7218,1329,8547,-0.00492138,-0.0577857,-0.998317,0
6664,0,0,0,0,591,141,7396,1321,8717,-0.00336724,-0.0599656,-0.998195,0
6280,0,0,0,0,606,141,7027,1524,8551,-0.00254899,-0.0618791,-0.99808,0
6372,0,0,0,0,524,152,7048,1257,8305,-0.00379427,-0.0600104,-0.99819,0
5547,0,0,0,0,527,121,6195,1383,7578,-0.00362366,-0.0609567,-0.998134,0
5901,0,0,0,0,528,121,6550,1250,7800,-0.00347835,-0.060773,-0.998146,0
6029,0,0,0,0,523,126,6678,1286,7964,-0.00444017,-0.0615667,-0.998093,0
5598,0,0,0,0,546,123,6267,1251,7518,-0.00146297,-0.0582304,-0.998302,0
6272,0,0,0,0,546,125,6943,1407,8350,-0.000536906,-0.0551938,-0.998476,0
5560,0,0,0,0,543,124,6227,1168,7395,0.000438853,-0.0558247,-0.998441,0
5676,0,0,0,0,537,122,6335,1164,7499,0.00171551,-0.0562727,-0.998414,0
5627,0,0,0,0,556,125,6308,1256,7564,0.00330763,-0.0590039,-0.998252,0
6381,0,0,0,0,550,142,7073,1169,8242,0.00275405,-0.0632228,-0.997996,0
5684,0,0,0,0,556,126,6366,1277,7643,-4.35807e-05,-0.0613413,-0.998117,0
5929,0,0,0,0,533,124,6586,1223,7809,-0.00157359,-0.0589462,-0.99826,0
5922,0,0,0,0,531,124,6577,1260,7837,-0.00229748,-0.0604935,-0.998166,0
6311,0,0,0,0,631,139,7081,1398,8479,-4.50652e-06,-0.0559861,-0.998432,0
6029,0,0,0,0,531,127,6687,1263,7950,-0.000437794,-0.052947,-0.998597,0
6380,0,0,0,0,532,126,7038,1392,8430,-0.00219425,-0.0486832,-0.998812,0
5722,0,0,0,0,540,124,6386,1243,7629,-0.00256493,-0.0557593,-0.998441,0
6305,0,0,0,0,601,142,7048,1378,8426,-0.0011557,-0.0600415,-0.998195,0
5661,0,0,0,0,528,123,6312,1328,7640,-0.00108062,-0.0618488,-0.998085,0
4110,0,0,0,0,370,86,4566,822,5388,-0.000951937,-0.0597664,-0.998212,0
