Downsample[ns],BuildFilTree[ns],SearchFil[ns],DeleteFil[ns],BuildTreeSub[ns],SearchSub[ns],DeleteSub[ns],PreProcTotal[ns],Plane[ns],Total[ns],nx,ny,nz,planeCount
7049,4332,76,505,0,999,266,13227,584,13811,0.0751259,0.0204943,-0.996964,0
6197,4175,32,524,0,1098,283,12309,1603,13912,0.0125783,0.0368446,-0.999242,0
4199,2799,21,358,0,726,188,8291,1409,9700,0.0123326,0.0352063,-0.999304,0
6029,4058,30,479,0,1017,289,11902,2147,14049,0.00936225,0.033358,-0.9994,0
6033,4138,48,475,0,1005,267,11966,2165,14131,0.00704282,0.0333911,-0.999417,0
4179,2784,21,354,0,679,186,8203,1567,9770,0.00524083,0.0346155,-0.999387,0
6144,4119,31,475,0,1043,270,12082,2056,14138,0.00524428,0.0360807,-0.999335,0
4132,2884,22,324,0,724,185,8271,1325,9596,0.00579692,0.0367049,-0.999309,0
6087,4117,33,480,0,1025,266,12008,1814,13822,0.00617378,0.037971,-0.99926,0
5939,4047,32,488,0,981,275,11762,1930,13692,0.00581211,0.041254,-0.999132,0
4156,2806,22,330,0,696,186,8196,1180,9376,0.00629709,0.0439877,-0.999012,0
5948,3982,32,486,0,995,270,11713,1670,13383,0.00566208,0.0492175,-0.998772,0
6032,4096,31,390,0,676,183,11408,1000,12408,0.00815626,0.0535197,-0.998534,0
5532,4192,37,494,0,882,261,11398,1175,12573,0.0134512,0.0594171,-0.998142,0
4117,2664,21,309,0,637,171,7919,1103,9022,0.0121882,0.0578907,-0.998248,0
6059,5170,46,753,0,1466,405,13899,1953,15852,0.0118248,0.0643074,-0.99786,0
4396,2846,22,337,0,687,186,8474,1200,9674,0.00959333,0.0627317,-0.997984,0
5681,3748,28,436,0,917,247,11057,1522,12579,0.0117059,0.0674061,-0.997657,0
5963,4191,34,530,0,1320,287,12325,1701,14026,0.0153422,0.0660479,-0.997699,0
6102,4324,32,509,0,998,265,12230,2128,14358,0.0182417,0.0690428,-0.997447,0
4092,2715,24,317,0,855,237,8240,1633,9873,0.0173881,0.0653227,-0.997713,0
6016,3948,37,506,0,998,261,11766,2254,14020,0.0182732,0.0806621,-0.996574,0
6697,3985,33,470,0,958,178,12321,1753,14074,0.0116801,0.0851253,-0.996302,0
3944,2592,43,297,0,635,167,7678,1554,9232,0.0141028,0.080139,-0.996684,0
6138,4199,61,475,0,1009,269,12151,2441,14592,0.0231397,0.0850437,-0.996109,0
6148,4102,45,326,0,754,218,11593,2136,13729,0.0170911,0.0795029,-0.996688,0
3415,2249,19,249,0,543,170,6645,1403,8048,0.0206178,0.0780608,-0.996735,0
6321,4141,34,502,0,1201,275,12474,2699,15173,0.0201159,0.0844172,-0.996228,0
5933,4350,34,465,0,1057,183,12022,1588,13610,0.0246676,0.0892082,-0.995708,0
4080,2631,22,304,0,654,177,7868,1759,9627,0.0196604,0.0841182,-0.996261,0
3998,2573,22,295,0,657,170,7715,1448,9163,0.0196863,0.0897915,-0.995766,0
4128,2451,21,363,0,623,168,7754,1290,9044,0.0289762,0.086456,-0.995834,0
5203,3636,30,379,0,773,207,10228,1943,12171,0.0282626,0.0901786,-0.995525,0
5332,3007,28,358,0,779,211,9715,1937,11652,0.0199903,0.0908907,-0.99566,0
5109,2949,28,345,0,757,217,9405,1488,10893,0.0238804,0.098336,-0.994867,0
5032,3280,35,441,0,686,189,9663,1730,11393,0.00735543,0.101823,-0.994775,0
3483,1952,20,248,0,503,126,6332,1204,7536,0.00507359,0.0970926,-0.995263,0
5663,2780,30,341,0,773,192,9779,2057,11836,-0.00144957,0.0965984,-0.995323,0
5452,2788,30,332,0,745,188,9535,1969,11504,-0.0022837,0.108389,-0.994106,0
5415,2637,29,320,0,759,186,9346,2224,11570,0.0124981,0.0917669,-0.995702,0
5261,2488,28,318,0,686,177,8958,2458,11416,0.0166704,0.0886019,-0.995928,0
5478,2504,30,310,0,688,188,9198,2568,11766,0.016286,0.0820966,-0.996491,0
5598,2659,31,319,0,699,181,9487,2389,11876,0.0168635,0.0749598,-0.997044,0
3736,1885,19,280,0,470,126,6516,1842,8358,0.0213094,0.0776329,-0.996754,0
5275,2479,29,327,0,703,207,9020,2222,11242,0.0222572,0.0861223,-0.996036,0
5364,2505,27,341,0,652,179,9068,2271,11339,0.0224297,0.0817725,-0.996399,0
5212,2388,28,331,0,677,179,8815,2115,10930,0.0218606,0.0813164,-0.996449,0
5211,2367,28,298,0,610,163,8677,1838,10515,0.0224624,0.0774882,-0.99674,0
5246,2193,27,286,0,584,160,8496,1876,10372,0.0159935,0.0781701,-0.996812,0
5178,2130,29,271,0,567,152,8327,1684,10011,0.0100241,0.0872837,-0.996133,0
4903,1246,19,194,0,370,97,6829,896,7725,0.0107705,0.0753747,-0.997097,0
3397,1094,17,170,0,342,98,5118,1007,6125,0.013207,0.106041,-0.994274,0
5378,1613,27,223,0,424,117,7782,1557,9339,0.0170169,0.0850748,-0.996229,0
5304,1527,28,207,0,404,112,7582,1172,8754,0.0196869,0.10679,-0.994087,0
6035,1594,27,207,0,395,112,8370,1033,9403,0.0191975,0.101745,-0.994625,0
5433,1680,34,212,0,409,137,7905,1012,8917,0.0237923,0.0781557,-0.996657,0
4927,1269,20,158,0,328,88,6790,644,7434,0.027282,0.0855762,-0.995958,0
3453,1278,17,164,0,354,92,5358,648,6006,0.0229764,0.0900209,-0.995675,0
6212,2607,26,295,0,608,163,9911,675,10586,0.0264744,0.10773,-0.993828,0
5466,2452,28,320,0,626,175,9067,620,9687,0.0200809,0.0680911,-0.997477,0
5640,2775,29,358,0,706,196,9704,565,10269,0.0564527,0.0533198,-0.99698,0
5576,2957,28,369,0,772,205,9907,745,10652,0.0266671,0.0648505,-0.997539,0
5768,3175,29,382,0,786,213,10353,955,11308,0.0314403,0.0360834,-0.998854,0
5813,3262,28,392,0,793,236,10524,1000,11524,0.0298743,0.0684136,-0.997209,0
5972,3294,28,403,0,872,231,10800,1062,11862,0.0161039,0.0515353,-0.998542,0
5424,3004,27,365,0,740,223,9783,1083,10866,0.0131275,0.0576784,-0.998249,0
6010,3323,31,410,0,840,255,10869,1278,12147,0.00737292,0.0563836,-0.998382,0
6305,3503,29,422,0,637,185,11081,915,11996,0.0133553,0.0548476,-0.998406,0
4533,2772,22,303,0,615,193,8438,1080,9518,0.0311709,0.067102,-0.997259,0
6190,3829,32,449,0,931,258,11689,1584,13273,0.0450575,0.153606,-0.987105,0
4550,2429,18,262,0,538,145,7942,773,8715,0.0455539,0.131407,-0.990281,0
2435,1526,11,181,0,374,102,4629,553,5182,0.0258135,0.0896367,-0.99564,0
2690,2069,14,231,0,465,125,5594,606,6200,0.0316222,0.105853,-0.993879,0
6979,4574,31,556,0,1097,328,13565,1501,15066,0.0265858,0.103232,-0.994302,0
7903,5086,32,545,0,1138,304,15008,1411,16419,0.00811598,0.221068,-0.975225,0
3283,2169,11,222,0,470,125,6280,550,6830,0.00284327,0.138767,-0.990321,0
2206,1593,11,181,0,402,106,4499,618,5117,0.00786143,0.107817,-0.99414,0
4232,3000,20,370,0,738,197,8557,1400,9957,0.0111442,0.105317,-0.994376,0
6251,4296,27,491,0,1067,324,12456,2931,15387,-0.000771856,0.111656,-0.993747,0
6203,4198,27,484,0,1056,305,12273,2528,14801,-0.00410485,0.0993952,-0.99504,0
4584,3056,20,357,0,737,194,8948,2270,11218,-0.0049673,0.0872918,-0.99617,0
6208,4136,32,728,0,1301,294,12699,3685,16384,-0.00461717,0.122333,-0.992478,0
4354,2844,19,357,0,746,195,8515,3073,11588,-0.00821436,0.103627,-0.994582,0
6373,4236,28,545,0,1590,351,13123,4720,17843,0.00572216,0.0939603,-0.995559,0
4415,3045,18,365,0,749,199,8791,3524,12315,0.00940524,0.0792137,-0.996813,0
4474,2846,20,336,0,749,210,8635,3526,12161,0.0172559,0.0743073,-0.997086,0
4399,2818,20,328,0,737,195,8497,3506,12003,0.0165383,0.0743236,-0.997097,0
6496,4142,30,489,0,1079,276,12512,4693,17205,0.0150202,0.100326,-0.994841,0
4585,2790,21,354,0,746,201,8697,2714,11411,0.00392674,0.100332,-0.994946,0
5046,3275,25,395,0,884,227,9852,3280,13132,0.00841498,0.0980488,-0.995146,0
5032,3290,40,387,0,815,218,9782,2906,12688,0.0098735,0.116304,-0.993165,0
3710,2421,19,278,0,632,179,7239,2216,9455,0.000102822,0.110111,-0.993919,0
6105,3903,31,462,0,981,306,11788,3291,15079,-0.0104032,0.139972,-0.990101,0
7138,2656,22,327,0,972,276,11391,2018,13409,-0.0116153,0.131542,-0.991243,0
3165,1609,13,201,0,417,112,5517,1314,6831,-0.0147583,0.105989,-0.994258,0
6109,3758,29,470,0,972,268,11606,3135,14741,-0.0224672,0.13847,-0.990112,0
5770,2663,23,507,0,750,180,9893,1757,11650,-0.0222023,0.13343,-0.99081,0
2619,1630,11,228,0,437,116,5041,1167,6208,-0.0192053,0.131404,-0.991143,0
6418,4070,31,730,0,1332,349,12930,2761,15691,-0.013856,0.168641,-0.98558,0
6102,3587,16,350,0,740,199,10994,1697,12691,-0.0021421,0.158031,-0.987432,0
3205,2347,13,282,0,589,155,6591,1472,8063,0.0080671,0.151233,-0.988465,0
6004,4534,26,599,0,1120,312,12595,2298,14893,0.0160171,0.178219,-0.983861,0
6027,4620,18,385,0,781,211,12042,1297,13339,0.0295743,0.219438,-0.975178,0
3126,2470,13,294,0,608,190,6701,1098,7799,0.016806,0.199506,-0.979752,0
5862,4877,27,578,0,1206,377,12927,2177,15104,0.0149,0.234623,-0.971973,0
5908,5053,25,589,0,1217,321,13113,2207,15320,0.0094159,0.246757,-0.969032,0
4075,3494,19,418,0,846,231,9083,1530,10613,0.00355076,0.229451,-0.973314,0
5817,4966,28,579,0,1179,323,12892,2478,15370,-0.0109302,0.272725,-0.96203,0
5951,4780,30,565,0,1153,310,12789,1968,14757,-0.0156175,0.240031,-0.97064,0
3173,2515,16,282,0,599,199,6784,1862,8646,-0.0137581,0.204993,-0.978667,0
6227,4706,37,507,0,1181,319,12977,4263,17240,-0.0181569,0.255844,-0.966548,0
6322,4022,27,359,0,782,213,11725,2448,14173,-0.0108508,0.258865,-0.965852,0
2758,1891,14,212,0,461,119,5455,1189,6644,-0.00230471,0.199784,-0.979837,0
7321,4649,34,616,0,1135,293,14048,2107,16155,-0.00890005,0.205725,-0.978569,0
6337,3609,25,417,0,822,213,11423,1502,12925,-0.00442478,0.192114,-0.981363,0
3320,2897,17,303,0,697,173,7407,1498,8905,0.00543045,0.173116,-0.984886,0
6539,5524,43,864,0,1488,349,14807,2279,17086,0.00229277,0.159044,-0.987269,0
4348,3684,24,422,0,974,240,9692,1761,11453,0.000673024,0.145491,-0.989359,0
6311,5091,32,593,0,1327,337,13691,2196,15887,0.00491332,0.132454,-0.991177,0
4235,3381,22,413,0,861,224,9136,1526,10662,0.00787475,0.11411,-0.993437,0
6326,5119,31,749,0,1286,328,13839,2035,15874,0.00469959,0.107527,-0.994191,0
6060,4914,30,603,0,1244,340,13191,2162,15353,0.00472858,0.10111,-0.994864,0
4159,3421,20,391,0,844,221,9056,1757,10813,0.00532147,0.0754861,-0.997133,0
6032,5220,31,598,0,1268,367,13516,2891,16407,0.00391694,0.0590952,-0.998245,0
4142,3349,21,394,0,814,235,8955,1642,10597,0.00491334,0.0498219,-0.998747,0
3866,3112,19,378,0,759,202,8336,1490,9826,0.00819403,0.0483074,-0.998799,0
6018,4787,27,582,0,1161,323,12898,2742,15640,0.0147215,0.0693875,-0.997481,0
6045,4792,29,554,0,1158,310,12888,2529,15417,0.0148138,0.0991304,-0.994964,0
4081,3266,19,392,0,789,215,8762,1498,10260,0.0179742,0.113647,-0.993359,0
5973,4725,28,564,0,1154,320,12764,2176,14940,0.0071073,0.162192,-0.986734,0
5993,4394,20,379,0,791,213,11790,1311,13101,0.0143994,0.165139,-0.986165,0
3858,2969,19,364,0,736,199,8145,1300,9445,0.026606,0.165433,-0.985862,0
5816,4409,29,530,0,1087,291,12162,1789,13951,0.0229082,0.176645,-0.984008,0
5920,4302,28,533,0,1075,224,12082,1236,13318,0.0128089,0.168815,-0.985565,0
4012,3059,20,397,0,737,202,8427,1290,9717,-0.00336974,0.138498,-0.990357,0
5687,4363,47,530,0,1033,280,11940,2068,14008,-0.00198345,0.134805,-0.99087,0
5933,4055,28,535,0,1066,281,11898,1843,13741,0.00757,0.120626,-0.992669,0
5802,4073,28,471,0,978,263,11615,2160,13775,0.00762654,0.174233,-0.984675,0
5135,2573,19,303,0,571,131,8732,1217,9949,0.00904677,0.159195,-0.987206,0
2486,1259,10,145,0,303,81,4284,783,5067,0.0135811,0.129915,-0.991432,0
5717,2890,26,376,0,745,203,9957,2080,12037,0.0131355,0.132679,-0.991072,0
5703,2505,29,323,0,666,182,9408,2027,11435,0.0106311,0.138018,-0.990373,0
5797,2232,27,291,0,655,188,9190,2297,11487,0.00931631,0.125243,-0.992082,0
5494,1962,26,259,0,540,145,8426,1833,10259,0.0083292,0.119934,-0.992747,0
3903,1321,18,169,0,393,99,5903,1248,7151,0.00970231,0.121769,-0.992511,0
5448,1822,27,239,0,481,144,8161,2057,10218,0.0148512,0.118792,-0.992808,0
5716,1878,26,248,0,503,136,8507,1765,10272,0.00635159,0.13994,-0.99014,0
5661,2119,26,281,0,574,156,8817,2068,10885,0.0142054,0.133547,-0.990941,0
5580,2357,25,307,0,662,177,9108,1806,10914,0.020829,0.126377,-0.991763,0
5782,2649,27,380,0,667,185,9690,1514,11204,0.0206061,0.117807,-0.992823,0
4045,1898,20,238,0,485,133,6819,1021,7840,0.0267504,0.0914993,-0.995446,0
5798,2851,29,365,0,788,210,10041,1603,11644,0.0229749,0.11324,-0.993302,0
5978,2981,29,412,0,785,219,10404,1481,11885,0.0225915,0.0999077,-0.99474,0
6035,3404,31,401,0,834,228,10933,1484,12417,0.0185597,0.102306,-0.99458,0
6870,3274,30,438,0,829,231,11672,1163,12835,0.0175605,0.13992,-0.990007,0
6155,2366,19,292,0,582,160,9574,588,10162,-0.00290943,0.154528,-0.987984,0
2509,1402,11,153,0,312,86,4473,423,4896,0.027177,0.0870863,-0.99583,0
5855,3644,30,440,0,889,299,11157,1366,12523,0.0306185,0.137892,-0.989974,0
4541,2410,16,231,0,470,130,7798,651,8449,0.0266254,0.115663,-0.992932,0
3226,1767,15,211,0,438,120,5777,653,6430,0.0341865,0.113903,-0.992904,0
5829,3726,39,578,0,939,271,11382,1351,12733,0.0252321,0.133236,-0.990763,0
5980,3473,31,412,0,871,229,10996,1053,12049,0.0328504,0.157526,-0.986968,0
6022,3460,29,432,0,864,232,11039,1189,12228,0.0317598,0.17199,-0.984587,0
5909,3413,30,406,0,845,226,10829,1124,11953,0.0208041,0.0976805,-0.995,0
6150,3372,29,402,0,1391,229,11573,1266,12839,0.0308735,0.0952389,-0.994976,0
6070,3420,36,400,0,863,221,11010,1480,12490,0.00779885,0.0990334,-0.995053,0
6116,3362,27,402,0,891,229,11027,1521,12548,0.0424812,0.0691406,-0.996702,0
6211,3431,29,403,0,904,232,11210,2358,13568,0.00140247,-0.0326213,-0.999467,0
6228,3677,26,433,0,1002,255,11621,3427,15048,-0.00497036,0.0890714,-0.996013,0
3277,2033,14,238,0,544,137,6243,1502,7745,0.00849155,-0.0465562,-0.99888,0
6379,4051,28,500,0,1075,281,12314,4533,16847,0.0267316,0.167538,-0.985503,0
4389,2202,14,257,0,593,150,7605,1653,9258,0.025743,0.0258944,-0.999333,0
1992,1292,9,155,0,340,88,3876,1137,5013,0.0267928,-0.0397597,-0.99885,0
2143,1327,11,163,0,353,91,4088,1260,5348,0.0191557,0.00914688,-0.999775,0
6497,4303,29,459,0,1023,309,12620,3959,16579,0.00084393,0.114706,-0.993399,0
6353,3587,28,432,0,678,176,11254,2186,13440,-0.00907932,0.123528,-0.9923,0
3452,1809,16,257,0,537,132,6203,1635,7838,-0.0164785,0.111471,-0.993631,0
6254,3410,30,417,0,899,244,11254,2883,14137,-0.0280912,0.143392,-0.989267,0
6095,3411,32,405,0,863,227,11033,2801,13834,-0.0334986,0.119033,-0.992325,0
6234,3486,29,415,0,974,241,11379,1797,13176,-0.0283554,0.141325,-0.989557,0
3192,1824,16,232,0,467,126,5857,1382,7239,-0.0359765,0.112841,-0.992961,0
6337,3318,31,441,0,956,238,11321,2559,13880,-0.020164,0.159968,-0.986916,0
6041,2984,26,364,0,705,162,10282,1706,11988,-0.0185974,0.145088,-0.989244,0
3368,2062,17,254,0,539,145,6385,1577,7962,-0.018639,0.160446,-0.986869,0
5832,3167,27,408,0,835,226,10495,2216,12711,-0.00553556,0.192314,-0.981318,0
5852,3242,26,420,0,847,229,10616,2112,12728,-0.0041532,0.192735,-0.981242,0
4163,2419,18,295,0,627,171,7693,1428,9121,0.00476618,0.209567,-0.977783,0
5881,3826,27,485,0,990,270,11479,2176,13655,0.0123614,0.228589,-0.973445,0
5891,4270,26,516,0,1041,282,12026,1771,13797,0.00842193,0.24318,-0.969944,0
4097,3039,18,362,0,747,202,8465,1442,9907,0.00139765,0.248495,-0.968632,0
5916,4602,25,577,0,1161,316,12597,2172,14769,-0.00720996,0.251804,-0.967752,0
5909,4507,28,438,0,789,211,11882,1624,13506,-0.0042471,0.220345,-0.975413,0
3023,2318,15,292,0,577,156,6381,1222,7603,-0.00567485,0.191816,-0.981415,0
5796,4327,28,514,0,1101,295,12061,2394,14455,-0.00323129,0.170732,-0.985312,0
5778,4330,28,537,0,959,202,11834,1683,13517,-0.00428323,0.160015,-0.987105,0
5797,4250,26,500,0,880,195,11648,1606,13254,-0.00598911,0.152848,-0.988231,0
3929,2880,19,349,0,720,192,8089,1593,9682,-0.00622209,0.149809,-0.988695,0
5795,4081,27,493,0,1019,273,11688,2337,14025,-0.00992688,0.141903,-0.989831,0
5801,4035,26,471,0,1059,282,11674,2520,14194,-0.00819817,0.137766,-0.990431,0
3940,2726,19,325,0,694,182,7886,1817,9703,-0.00438258,0.130792,-0.9914,0
5722,3914,28,493,0,1023,268,11448,2590,14038,-0.00082201,0.130366,-0.991466,0
5811,3922,28,461,0,1042,265,11529,2351,13880,-0.000905986,0.127304,-0.991863,0
3872,2606,18,312,0,662,175,7645,1661,9306,-0.00317034,0.124949,-0.992158,0
5831,3673,27,444,0,991,253,11219,2503,13722,-0.00680921,0.116481,-0.99317,0
5655,3618,28,449,0,1302,285,11337,1907,13244,-0.0110604,0.109556,-0.993919,0
3888,2470,20,298,0,642,169,7487,1559,9046,-0.0113217,0.0989414,-0.995029,0
5025,3227,25,391,0,840,221,9729,2122,11851,-0.00847129,0.0933276,-0.995599,0
5763,3656,25,398,0,971,226,11039,2410,13449,-0.00628991,0.0924358,-0.995699,0
5727,3661,28,444,0,948,246,11054,2217,13271,-0.00545749,0.0998678,-0.994986,0
5071,3276,24,403,0,878,236,9888,2388,12276,-0.00726807,0.106496,-0.994286,0
5652,3754,29,457,0,959,253,11104,2587,13691,-0.00714845,0.109526,-0.993958,0
6233,3663,39,464,0,1180,261,11840,2413,14253,-0.00427126,0.10836,-0.994103,0
3938,2493,18,332,0,677,177,7635,1766,9401,-0.0034808,0.104273,-0.994543,0
5734,3623,37,447,0,1089,260,11190,2526,13716,-0.0049668,0.101609,-0.994812,0
5726,3752,27,456,0,956,253,11170,2721,13891,-0.00627823,0.102617,-0.994701,0
3887,1888,14,234,0,520,135,6678,1210,7888,-0.00984183,0.101737,-0.994763,0
1791,1156,9,136,0,295,76,3463,751,4214,-0.00551733,0.112265,-0.993663,0
3659,2281,18,278,0,621,161,7018,1668,8686,-0.00537627,0.112231,-0.993667,0
6170,3648,27,465,0,1005,256,11571,2834,14405,-0.00602965,0.109249,-0.993996,0
5199,3228,25,394,0,866,220,9932,2332,12264,-0.00649714,0.109686,-0.993945,0
3711,2289,18,279,0,636,158,7091,1646,8737,-0.00840408,0.105175,-0.994418,0
5245,3277,26,396,0,864,223,10031,2689,12720,-0.00818618,0.106192,-0.994312,0
5823,3724,50,447,0,964,261,11269,2391,13660,-0.00875057,0.105512,-0.99438,0
5243,3222,27,396,0,868,223,9979,2657,12636,-0.0102084,0.107366,-0.994167,0
3626,2231,18,276,0,599,155,6905,1521,8426,-0.00873598,0.107066,-0.994213,0
5374,3190,26,402,0,869,221,10082,2194,12276,-0.0106184,0.112164,-0.993633,0
5514,3594,28,448,0,954,246,10784,2592,13376,-0.00984904,0.115767,-0.993228,0
5880,3254,24,391,0,834,219,10602,1642,12244,-0.0112765,0.11597,-0.993189,0
3935,2261,18,294,0,629,157,7294,1510,8804,-0.0117239,0.112261,-0.99361,0
5806,3452,27,473,0,942,248,10948,2382,13330,-0.0107703,0.116087,-0.993181,0
5132,3110,25,383,0,844,220,9714,2149,11863,-0.00881653,0.12023,-0.992707,0
5692,3446,30,483,0,907,238,10796,2547,13343,-0.00698239,0.122276,-0.992472,0
5672,3452,29,424,0,918,238,10733,2370,13103,-0.00672421,0.121208,-0.992604,0
4001,2315,19,308,0,620,164,7427,1717,9144,-0.00734686,0.1227,-0.992417,0
5688,3489,29,451,0,941,258,10856,2625,13481,-0.0100633,0.119183,-0.992821,0
3920,2349,19,286,0,673,163,7410,1769,9179,-0.00926738,0.113646,-0.993478,0
6711,3343,27,410,0,883,232,11606,2468,14074,-0.00551359,0.109078,-0.994018,0
5237,3028,25,372,0,796,206,9664,1926,11590,-0.00411675,0.11114,-0.993796,0
3752,2149,18,298,0,569,147,6933,1586,8519,-0.00656688,0.106715,-0.994268,0
4668,2898,21,340,0,728,189,8844,2042,10886,-0.00923519,0.105245,-0.994403,0
5821,3316,25,367,0,880,233,10642,2238,12880,-0.0123426,0.0966886,-0.995238,0
5103,3051,26,463,0,1125,267,10035,2291,12326,-0.0113013,0.101,-0.994822,0
5396,3016,25,371,0,817,211,9836,2213,12049,-0.0111372,0.100993,-0.994825,0
5533,3308,27,377,0,800,208,10253,2143,12396,-0.01119,0.100119,-0.994912,0
5806,3507,36,664,0,1112,278,11403,2563,13966,-0.0100105,0.0996928,-0.994968,0
6211,3412,26,383,0,578,152,10762,1600,12362,-0.00855942,0.100605,-0.99489,0
2792,1703,15,209,0,450,117,5286,1260,6546,-0.00950661,0.102205,-0.994718,0
5695,3397,27,417,0,918,236,10690,2414,13104,-0.0109772,0.103088,-0.994612,0
5171,3087,23,381,0,855,272,9789,2701,12490,-0.00948723,0.106777,-0.994238,0
5880,3486,25,385,0,838,217,10831,2167,12998,-0.00933787,0.104425,-0.994489,0
5118,3152,24,379,0,829,211,9713,2323,12036,-0.00864223,0.10855,-0.994053,0
5290,3092,25,381,0,823,239,9850,2284,12134,-0.00745635,0.109358,-0.993975,0
5442,3078,33,385,0,881,221,10040,2242,12282,-0.00794154,0.109715,-0.993932,0
3617,2228,17,269,0,629,159,6919,1534,8453,-0.00967406,0.110703,-0.993806,0
5319,3451,33,441,0,911,243,10398,2341,12739,-0.00915661,0.103903,-0.994545,0
5816,3455,28,426,0,942,243,10910,2606,13516,-0.00839653,0.108498,-0.994061,0
4399,2371,15,238,0,521,128,7672,1309,8981,-0.00664285,0.109587,-0.993955,0
3398,2092,16,253,0,553,144,6456,1595,8051,-0.00839238,0.111291,-0.993753,0
5694,3487,28,452,0,973,244,10878,2442,13320,-0.0116114,0.111953,-0.993646,0
5854,3481,30,424,0,949,246,10984,2606,13590,-0.0111006,0.115225,-0.993277,0
3943,2402,20,292,0,640,167,7464,1772,9236,-0.00997996,0.116393,-0.993153,0
5671,3231,31,602,0,1190,258,10983,2175,13158,-0.0107197,0.112582,-0.993585,0
5202,3086,25,391,0,816,212,9732,2298,12030,-0.0109969,0.112263,-0.993618,0
4694,2895,23,365,0,767,198,8942,1980,10922,-0.00895643,0.11914,-0.992837,0
5795,3509,28,437,0,938,238,10945,2616,13561,-0.0101221,0.116417,-0.993149,0
5794,2688,20,304,0,625,167,9598,1808,11406,-0.0108873,0.115839,-0.993208,0
3066,1846,15,219,0,508,128,5782,1327,7109,-0.0109105,0.114753,-0.993334,0
5778,3428,29,418,0,914,210,10777,2494,13271,-0.0100363,0.115334,-0.993276,0
5711,3436,28,421,0,919,237,10752,2484,13236,-0.0107756,0.113612,-0.993467,0
5793,3434,25,414,0,894,238,10798,2576,13374,-0.0076365,0.111062,-0.993784,0
5628,3382,28,414,0,911,233,10596,2474,13070,-0.00989033,0.115012,-0.993315,0
5725,3390,27,435,0,894,236,10707,2609,13316,-0.00982242,0.115803,-0.993224,1
5690,3385,26,419,0,933,235,10688,2584,13272,-0.00654696,0.116724,-0.993143,1
5690,3373,28,411,0,885,227,10614,2335,12949,-0.00876265,0.114445,-0.993391,1
5716,3420,27,406,0,896,232,10697,2045,12742,-0.0139823,0.11285,-0.993514,1
5706,3336,28,404,0,868,235,10577,1892,12469,-0.0185054,0.102164,-0.994596,1
5669,3298,26,425,0,892,232,10542,1727,12269,-0.0164183,0.106504,-0.994177,1
3372,1752,14,215,0,496,127,5976,891,6867,-0.011172,0.10781,-0.994109,1
2006,1186,11,153,0,310,81,3747,726,4473,-0.00846014,0.109568,-0.993943,1
5729,3246,28,394,0,855,223,10475,2198,12673,-0.00807573,0.115384,-0.993288,1
5991,3291,28,428,0,1029,253,11020,2069,13089,-0.00819141,0.114415,-0.993399,1
3906,2244,19,292,0,591,152,7204,1413,8617,-0.00902086,0.116821,-0.993112,1
5876,3199,27,406,0,891,223,10622,2324,12946,-0.0117152,0.115853,-0.993197,1
5667,3264,27,408,0,850,221,10437,1863,12300,-0.0117085,0.11587,-0.993196,1
5662,3204,27,391,0,847,222,10353,2064,12417,-0.00813791,0.11482,-0.993353,1
5786,3221,28,410,0,845,221,10511,2341,12852,-0.00526962,0.113101,-0.99357,1
5702,3157,28,391,0,857,219,10354,2004,12358,-0.0045312,0.114349,-0.99343,1
5678,3211,28,389,0,841,215,10362,2068,12430,-0.00444098,0.115603,-0.993286,1
5704,3225,28,392,0,871,240,10460,1755,12215,-0.00691003,0.130005,-0.99149,1
5839,3124,26,390,0,852,225,10456,1962,12418,-0.00518539,0.118836,-0.9929,1
5756,3396,20,275,0,607,153,10207,1434,11641,-0.00566337,0.118536,-0.992934,1
2975,1674,15,209,0,440,115,5428,1113,6541,-0.00697543,0.118408,-0.992941,1
5778,3146,28,397,0,865,275,10489,1998,12487,-0.00663076,0.119405,-0.992823,1
5992,3292,28,387,0,831,213,10743,2073,12816,-0.00824913,0.13353,-0.991011,1
4050,2138,19,273,0,567,147,7194,1401,8595,-0.00611116,0.131865,-0.991249,1
5661,3063,27,402,0,910,277,10340,1815,12155,-0.0033,0.147182,-0.989104,1
5909,3137,32,389,0,910,228,10605,1851,12456,0.0029375,0.126208,-0.991999,1
5895,3206,33,411,0,765,229,10539,1317,11856,0.00233313,0.126663,-0.991943,1
4149,2136,19,272,0,610,148,7334,1341,8675,0.000707355,0.123207,-0.992381,1
5761,3117,28,374,0,805,211,10296,2139,12435,0.000625803,0.125457,-0.992099,1
4208,2140,19,257,0,586,147,7357,1499,8856,0.00196762,0.129963,-0.991517,1
5831,3027,30,366,0,842,207,10303,2273,12576,0.00354114,0.133576,-0.991032,1
5821,2975,30,366,0,800,253,10245,2373,12618,0.00731487,0.141713,-0.989881,1
5743,2893,52,400,0,778,225,10091,2473,12564,0.00617469,0.14405,-0.989551,1
3944,1992,20,240,0,530,132,6858,1839,8697,0.00217039,0.134825,-0.990867,1
5864,2886,31,348,0,803,196,10128,2711,12839,0.00350259,0.106749,-0.99428,1
6056,2932,34,423,0,821,198,10464,2318,12782,0.00363963,0.0984689,-0.995133,1
4005,1987,22,243,0,554,137,6948,1002,7950,0.00219871,0.11359,-0.993525,1
5758,2815,29,360,0,833,201,9996,2518,12514,0.00722476,0.128134,-0.991731,1
5918,2383,22,237,0,568,137,9265,2007,11272,0.00914508,0.131806,-0.991233,1
3222,1520,16,182,0,423,103,5466,1745,7211,0.00439651,0.13859,-0.99034,1
5878,2753,33,365,0,784,214,10027,3557,13584,0.00548233,0.162214,-0.98674,1
4022,1856,22,223,0,540,146,6809,2544,9353,0.00747191,0.170114,-0.985396,1
4029,1854,21,223,0,531,129,6787,2551,9338,0.00895691,0.164172,-0.986391,1
5926,2754,32,397,0,762,192,10063,3202,13265,0.0222391,0.214364,-0.976501,1
3101,1399,16,147,0,325,81,5069,1202,6271,0.0176074,0.173372,-0.984699,1
2189,1191,12,137,0,292,75,3896,943,4839,0.00834083,0.143971,-0.989547,1
5450,2906,31,378,0,774,198,9737,2377,12114,-9.56721e-05,0.151889,-0.988397,1
5575,2936,31,362,0,797,201,9902,2395,12297,-0.000877955,0.140572,-0.99007,1
3845,2178,27,260,0,567,161,7038,1647,8685,0.000876493,0.131714,-0.991287,1
5199,2927,28,346,0,828,206,9534,2239,11773,0.0129727,0.13736,-0.990436,1
4956,3112,27,357,0,859,206,9517,2253,11770,0.0215255,0.137057,-0.990329,1
4908,3101,26,369,0,836,210,9450,2057,11507,0.0278778,0.132541,-0.990786,1
5971,4048,30,526,0,1043,273,11891,2166,14057,0.0285311,0.141836,-0.989479,1
6215,4195,29,393,0,725,192,11749,1338,13087,0.028771,0.132135,-0.990814,1
3188,2107,16,252,0,535,145,6243,962,7205,0.0236487,0.115976,-0.99297,1
5995,3977,32,458,0,1007,264,11733,1963,13696,0.0119944,0.150839,-0.988486,1
5926,4618,31,492,0,1055,283,12405,1746,14151,1.59289e-05,0.143422,-0.989662,1
5932,3108,20,305,0,649,173,10187,1127,11314,0.0002744,0.135044,-0.990839,1
3064,1918,24,227,0,505,131,5869,963,6832,0.000504718,0.122298,-0.992493,1
5878,3645,29,451,0,946,249,11198,1443,12641,-0.00997544,0.130455,-0.991404,1
5935,3767,29,431,0,897,172,11231,973,12204,7.95246e-05,0.127979,-0.991777,1
4011,2755,19,307,0,678,172,7942,1033,8975,0.0145177,0.117664,-0.992947,1
4135,2396,19,291,0,636,167,7644,1071,8715,0.0248587,0.118675,-0.992622,1
6972,3565,28,422,0,908,277,12172,1535,13707,0.0183916,0.134829,-0.990698,1
5736,3221,28,402,0,830,220,10437,1252,11689,0.0111525,0.126344,-0.991924,1
4004,2054,20,254,0,530,142,7004,999,8003,0.00678715,0.0958314,-0.995374,1
5796,2373,27,305,0,637,171,9309,1490,10799,0.0175785,0.14498,-0.989278,1
5602,1783,27,270,0,497,132,8311,1439,9750,0.00880659,0.149345,-0.988746,1
5671,1424,28,203,0,422,134,7882,1462,9344,0.0391612,0.18088,-0.982725,1
5444,1391,26,198,0,450,119,7628,1537,9165,0.0366254,0.144849,-0.988776,1
5505,1554,26,214,0,474,139,7912,1337,9249,0.0337948,0.182116,-0.982696,1
5532,1936,30,262,0,531,141,8432,1259,9691,0.0404757,0.150509,-0.98778,1
5857,2385,28,304,0,622,168,9364,1440,10804,0.0377266,0.160334,-0.986342,1
5937,2655,28,337,0,709,187,9853,1549,11402,0.0296853,0.14102,-0.989562,1
5344,2597,41,328,0,711,186,9207,1335,10542,0.0339973,0.152964,-0.987647,1
5895,3055,31,376,0,775,209,10341,1215,11556,0.0487993,0.121695,-0.991367,1
5808,3153,30,379,0,848,216,10434,1207,11641,0.0453373,0.137363,-0.989482,1
5327,2813,28,343,0,711,188,9410,1164,10574,0.0404942,0.16968,-0.984667,1
5910,3108,31,375,0,815,214,10453,1169,11622,0.0441232,0.19275,-0.980255,1
4055,2000,19,248,0,533,143,6998,791,7789,0.0884061,0.0326717,-0.995548,1
6583,3536,39,393,0,816,202,11569,1516,13085,0.0422953,0.070726,-0.996598,1
5832,2608,38,333,0,705,185,9701,884,10585,0.0342312,0.132225,-0.990629,1
5376,2359,33,439,0,879,197,9283,1993,11276,0.0273011,0.390585,-0.920162,1
5948,2398,26,303,0,702,169,9546,1143,10689,0.105264,0.352692,-0.9298,1
6448,2297,26,311,0,667,164,9913,1102,11015,0.0998646,0.192292,-0.976243,1
5420,2026,23,257,0,572,140,8438,1874,10312,0.0715843,0.0844479,-0.993853,1
5941,2247,26,285,0,656,165,9320,2020,11340,-0.00569098,-0.0439199,-0.999019,1
6098,2589,28,350,0,773,183,10021,3979,14000,0.00302031,0.0893316,-0.995997,1
3144,1397,14,170,0,397,98,5220,1113,6333,0.00688879,-0.0584685,-0.998265,1
6564,2927,26,353,0,907,205,10982,5172,16154,0.00174533,-0.0336217,-0.999433,1
4215,2097,19,248,0,571,141,7291,2889,10180,-0.00988607,-0.0429152,-0.99903,1
4089,2106,19,249,0,637,149,7249,2569,9818,-0.0110211,-0.0525163,-0.998559,1
6069,3028,28,377,0,829,212,10543,3285,13828,-0.0232402,-0.0382344,-0.998999,1
5971,2935,30,368,0,805,207,10316,3042,13358,-0.0107887,-0.0458026,-0.998892,1
5374,2572,26,330,0,699,181,9182,2134,11316,-0.0104554,-0.064393,-0.99787,1
5348,2493,46,312,0,675,175,9049,1706,10755,-0.00525395,-0.0153491,-0.999869,1
5258,2319,29,295,0,650,170,8721,1445,10166,-0.00452,-0.0207582,-0.999774,1
6349,2428,30,324,0,666,173,9970,1463,11433,-0.0177372,0.0109945,-0.999782,1
5869,2425,30,319,0,667,175,9485,1368,10853,-0.0346117,0.00724604,-0.999375,1
5875,2610,30,308,0,651,167,9641,1210,10851,-0.0305996,0.0252386,-0.999213,1
5738,2271,26,301,0,625,185,9146,1412,10558,-0.0350334,0.0269103,-0.999024,1
5189,2021,25,269,0,585,152,8241,1243,9484,-0.0241991,0.0596517,-0.997926,1
6216,2451,32,327,0,693,170,9889,1634,11523,-0.0171588,0.0735865,-0.997141,1
5908,2404,24,322,0,682,178,9518,1537,11055,-0.0120093,0.101611,-0.994752,1
4341,1849,18,242,0,505,136,7091,953,8044,-0.00870399,0.082935,-0.996517,1
5827,3006,26,495,0,568,153,10075,1074,11149,-0.0151088,0.106111,-0.994239,1
3301,1634,15,210,0,439,118,5717,766,6483,-0.015659,0.072307,-0.99726,1
5599,3209,30,428,0,839,227,10332,1190,11522,-0.015086,0.0711682,-0.99735,1
5585,3159,23,397,0,859,232,10255,1022,11277,-0.0141971,0.0520005,-0.998546,1
5632,3524,25,444,0,814,229,10668,1103,11771,-0.00971626,0.0513889,-0.998632,1
4910,2821,23,348,0,727,195,9024,1143,10167,-0.0112046,0.0327237,-0.999402,1
5584,3495,26,376,0,800,212,10493,1521,12014,-0.01374,0.0448226,-0.9989,1
5479,2823,26,360,0,862,278,9828,1474,11302,-0.0215911,0.0697208,-0.997333,1
5036,2394,25,307,0,657,195,8614,1474,10088,-0.0354548,0.0608322,-0.997518,1
6162,2787,29,327,0,702,182,10189,2115,12304,-0.0392749,0.0678937,-0.996919,1
5803,2507,30,344,0,737,188,9609,2118,11727,-0.0249097,0.068707,-0.997326,1
4018,1699,22,215,0,486,122,6562,2490,9052,-0.00567203,0.174691,-0.984607,1
5862,2329,31,296,0,667,163,9348,2365,11713,0.00743959,0.0837579,-0.996458,1
5822,2275,32,283,0,713,168,9293,2838,12131,-0.00511335,0.183092,-0.983082,1
6309,2511,33,315,0,728,178,10074,1530,11604,-0.0231334,0.031926,-0.999222,1
4035,1827,22,252,0,535,149,6820,1677,8497,-0.0268056,0.158885,-0.986933,1
5988,2796,30,373,0,808,225,10220,1408,11628,-0.0275315,0.03283,-0.999082,1
6028,3080,27,320,0,670,157,10282,1359,11641,-0.0170741,0.0353432,-0.99923,1
2992,1649,16,197,0,429,111,5394,581,5975,-0.0283955,0.0232202,-0.999327,1
5931,3259,30,381,0,797,205,10603,882,11485,-0.0184223,0.0736487,-0.997114,1
6156,3116,30,365,0,785,230,10682,691,11373,-0.017117,0.200851,-0.979472,1
5412,3203,29,366,0,732,140,9882,501,10383,0.0182718,0.120875,-0.9925,1
2834,1463,11,156,0,327,94,4885,402,5287,-0.016903,0.0587029,-0.998132,1
5469,2934,33,372,0,775,205,9788,899,10687,-0.00475885,0.0419951,-0.999107,1
5461,3552,38,421,0,772,211,10455,1049,11504,-0.0230798,0.080199,-0.996512,1
5629,2954,35,436,0,822,209,10085,1073,11158,-0.0114161,0.0837049,-0.996425,1
5799,2886,29,389,0,783,202,10088,1158,11246,-0.0175601,0.0765062,-0.996915,1
5621,2501,39,364,0,735,183,9443,1304,10747,-0.0255425,0.105885,-0.99405,1
3811,1524,20,202,0,423,113,6093,836,6929,0.0034389,0.0286571,-0.999583,1
5454,1909,29,276,0,577,148,8393,1536,9929,-0.00661573,0.0295669,-0.999541,1
5547,1702,51,233,0,479,129,8141,1438,9579,-0.0660706,0.0665888,-0.995591,1
5669,1530,36,234,0,437,118,8024,1527,9551,-0.0805515,0.0655029,-0.994596,1
5530,1465,28,208,0,460,142,7833,1628,9461,-0.0859107,0.0889991,-0.99232,1
5607,1626,28,260,0,467,131,8119,1556,9675,-0.0841869,0.104826,-0.990921,1
3913,1396,20,189,0,378,114,6010,1024,7034,-0.0760798,0.0732528,-0.994407,1
5191,2015,27,272,0,613,155,8273,1131,9404,-0.0905278,0.0849792,-0.992262,1
5348,2426,35,310,0,604,164,8887,1051,9938,-0.117256,0.065384,-0.990947,1
5331,2509,38,320,0,701,182,9081,1149,10230,-0.125219,0.069517,-0.989691,1
5198,2642,38,377,0,708,196,9159,1056,10215,-0.114623,0.0912437,-0.98921,1
5643,2874,31,371,0,755,216,9890,1286,11176,-0.0727176,0.0255209,-0.997026,1
6025,3110,37,416,0,770,201,10559,1540,12099,-0.0798781,0.0483823,-0.99563,1
5824,2813,32,350,0,785,195,9999,1685,11684,-0.0443117,0.0166552,-0.998879,1
5212,2389,27,297,0,711,166,8802,1924,10726,-0.0459903,0.0378772,-0.998224,1
6355,2471,28,316,0,682,201,10053,2534,12587,-0.0353812,0.117255,-0.992472,1
5913,2390,27,295,0,664,183,9472,2061,11533,0.01636,0.00892828,-0.999826,1
5279,2022,23,257,0,580,142,8303,3943,12246,0.011495,0.108748,-0.994003,1
6655,2172,28,278,0,659,157,9949,3963,13912,0.0522648,0.059122,-0.996882,1
3918,1503,18,211,0,486,105,6241,1261,7502,0.0124146,-0.0281296,-0.999528,1
5975,2294,25,291,0,863,206,9654,3027,12681,0.00871992,-0.0286551,-0.999551,1
5789,2241,27,284,0,685,163,9189,3380,12569,0.0240559,-0.00735345,-0.999683,1
4076,1622,20,206,0,456,133,6513,2554,9067,0.0206902,-0.0158754,-0.99966,1
5804,2270,27,290,0,680,168,9239,3625,12864,0.0259733,-0.0346029,-0.999064,1
5954,2129,25,278,0,626,159,9171,3947,13118,-0.0141435,0.0671788,-0.997641,1
4367,1447,20,204,0,404,84,6526,1653,8179,-0.0180758,0.0389089,-0.999079,1
2179,694,11,91,0,194,50,3219,882,4101,-0.00880168,-0.0311849,-0.999475,1
2559,798,13,107,0,231,60,3768,940,4708,-0.0196035,-0.0342752,-0.99922,1
5630,1634,29,216,0,489,122,8120,1884,10004,-0.0321368,-0.0695286,-0.997062,1
5554,1469,29,195,0,402,105,7754,1718,9472,-0.0322117,-0.0775088,-0.996471,1
5775,1313,29,206,0,377,100,7800,1806,9606,-0.0410045,-0.0431235,-0.998228,1
5616,1366,42,218,0,395,107,7744,1886,9630,-0.0417627,-0.00384929,-0.99912,1
5573,1533,33,211,0,416,113,7879,1885,9764,-0.0357976,-0.0244348,-0.99906,1
5433,1616,25,224,0,515,132,7945,1476,9421,-0.107771,-0.0695274,-0.991742,1
5694,1852,24,252,0,507,150,8479,1012,9491,-0.080239,-0.038246,-0.996042,1
5598,2035,23,287,0,559,152,8654,1123,9777,-0.0418301,0.0408136,-0.998291,1
5767,2358,27,369,0,626,173,9320,999,10319,-0.0580135,0.0598567,-0.99652,1
5630,2601,23,339,0,690,188,9471,891,10362,-0.0416822,0.0564363,-0.997536,1
5719,2710,17,248,0,513,138,9345,646,9991,-0.0778276,0.0646487,-0.994869,1
4864,2617,22,332,0,686,187,8708,847,9555,-0.0377202,0.105762,-0.993676,1
5399,2874,24,365,0,755,202,9619,912,10531,-0.00625949,0.118931,-0.992883,1
5264,3350,26,362,0,774,205,9981,988,10969,-0.00631098,0.113623,-0.993504,1
5330,2736,26,349,0,754,204,9399,1122,10521,-0.0177982,0.102998,-0.994523,1
5875,2858,29,384,0,687,185,10018,1070,11088,-0.0111015,0.108066,-0.994082,1
5502,2375,25,339,0,640,172,9053,1296,10349,-0.0091226,0.0916886,-0.995746,1
5452,2060,27,288,0,598,158,8583,1683,10266,-0.0154009,0.0859959,-0.996176,1
6347,2182,33,299,0,687,170,9718,2626,12344,-0.0397331,0.0911096,-0.995048,1
5757,1945,28,259,0,575,145,8709,2801,11510,-0.0414376,0.0670338,-0.99689,1
6112,2039,51,240,0,574,137,9153,2458,11611,-0.0302753,0.0626522,-0.997576,1
5657,1866,36,260,0,526,133,8478,2062,10540,-0.0292395,0.032325,-0.99905,1
6391,2109,32,287,0,621,102,9542,1410,10952,-0.0444585,0.0736737,-0.996291,1
4223,1448,23,189,0,474,117,6474,1614,8088,-0.0312082,0.0501523,-0.998254,1
4398,1475,22,191,0,426,106,6618,1149,7767,-0.0324443,0.0379182,-0.998754,1
4164,1412,22,189,0,413,103,6303,646,6949,-0.0127605,0.0134604,-0.999828,1
5428,2078,38,409,0,726,175,8854,936,9790,-0.0195868,0.00981099,-0.99976,1
5952,1951,28,254,0,506,131,8822,910,9732,-0.00605215,0.0182667,-0.999815,1
5095,1799,26,239,0,504,130,7793,834,8627,0.00486301,-0.0147434,-0.99988,1
5129,1899,25,250,0,533,137,7973,1000,8973,0.0113631,0.027319,-0.999562,1
4949,2003,25,271,0,569,150,7967,1353,9320,0.00616347,-0.0051221,-0.999968,1
5709,2433,29,330,0,679,181,9361,1370,10731,0.0187254,0.133839,-0.990826,1
5560,1738,20,234,0,485,97,8134,619,8753,0.0118847,0.0478766,-0.998783,1
2294,1131,10,147,0,307,83,3972,532,4504,0.0105052,0.00974238,-0.999897,1
5192,2492,26,332,0,737,191,8970,863,9833,-0.0017247,0.0121542,-0.999925,1
5323,2417,30,315,0,635,173,8893,621,9514,-0.050714,0.0218357,-0.998474,1
5267,2140,28,285,0,598,197,8515,574,9089,-0.0582846,0.0713848,-0.995745,1
5822,1916,32,272,0,540,145,8727,621,9348,-0.0531248,0.00108935,-0.998587,1
5271,1619,28,240,0,414,117,7689,637,8326,-0.0350509,0.000101528,-0.999386,1
5292,1310,26,189,0,372,102,7291,765,8056,-0.0283931,-0.00495749,-0.999585,1
5326,1160,26,173,0,406,106,7197,756,7953,-0.066946,0.0431657,-0.996822,1
6561,1528,31,188,0,380,132,8820,962,9782,-0.0522193,0.0314482,-0.99814,1
6462,1208,31,188,0,361,99,8349,1029,9378,-0.0792825,0.0443851,-0.995863,1
4218,1143,26,129,0,245,67,5828,712,6540,-0.0284997,0.0639625,-0.997545,1
6033,1174,37,180,0,354,98,7876,978,8854,-0.0113351,0.0228284,-0.999675,1
5483,1370,27,201,0,400,109,7590,1008,8598,0.00481162,-0.0102659,-0.999936,1
5546,1647,27,261,0,454,128,8063,1015,9078,0.0104772,0.0226902,-0.999688,1
5030,1701,24,247,0,460,127,7589,832,8421,0.00882108,0.0413532,-0.999105,1
5338,2428,28,264,0,503,142,8703,1007,9710,0.00961612,0.0389159,-0.999196,1
5308,1998,26,296,0,568,152,8348,1073,9421,0.0117825,0.0387554,-0.999179,1
5402,2208,26,291,0,619,164,8710,1004,9714,0.0147293,0.0419683,-0.99901,1
5138,2339,26,322,0,627,172,8624,1157,9781,0.00763569,0.0240941,-0.99968,1
5725,2707,36,383,0,762,203,9816,1244,11060,0.00337609,0.0536028,-0.998556,1
5998,2987,45,374,0,752,218,10374,1826,12200,-0.00635437,0.0514413,-0.998656,1
5946,2854,27,367,0,761,205,10160,1257,11417,-0.0107351,-0.0210953,-0.99972,1
4363,2013,19,248,0,514,138,7295,1291,8586,-0.0369925,-0.0204816,-0.999106,1
4060,1862,20,241,0,528,143,6854,1071,7925,-0.0335616,-0.0425726,-0.99853,1
6821,2998,31,345,0,752,202,11149,2006,13155,-0.0234296,-0.0468822,-0.998626,1
6690,2087,23,228,0,503,130,9661,1283,10944,-0.0214568,-0.0557369,-0.998215,1
2988,1268,15,167,0,361,93,4892,1174,6066,-0.0135279,-0.0714455,-0.997353,1
5926,2378,28,318,0,678,197,9525,3233,12758,-0.0332299,-0.0748518,-0.996641,1
6173,2270,29,306,0,705,167,9650,2647,12297,-0.0312261,-0.0594712,-0.997741,1
5691,2112,20,214,0,442,122,8601,1587,10188,-0.0325774,-0.0737946,-0.996741,1
2645,916,11,123,0,275,69,4039,1416,5455,-0.0215628,-0.116152,-0.992997,1
9018,2337,20,236,0,447,130,12188,2310,14498,-0.0196172,-0.11397,-0.99329,1
5982,2163,26,289,0,917,205,9582,2118,11700,-0.0119554,-0.109957,-0.993864,1
3014,1130,14,163,0,341,86,4748,1788,6536,-0.031623,-0.118706,-0.992426,1
6711,2231,50,304,0,668,163,10127,2854,12981,-0.038685,-0.102574,-0.993973,1
5890,1481,18,192,0,458,111,8150,2089,10239,-0.0401619,-0.100383,-0.994138,1
3857,1405,17,188,0,418,103,5988,2666,8654,-0.0204892,-0.116821,-0.992942,1
4832,1777,21,228,0,525,134,7517,2934,10451,-0.0135142,-0.0890868,-0.995932,1
6511,2091,26,277,0,635,154,9694,2723,12417,0.0230157,-0.075506,-0.99688,1
6886,2166,27,282,0,670,157,10188,2983,13171,0.00729992,-0.0882039,-0.996076,1
4077,1425,18,188,0,444,106,6258,2127,8385,0.0114307,-0.0930103,-0.9956,1
5942,2099,25,285,0,654,155,9160,3260,12420,0.0114462,-0.0942837,-0.995479,1
5752,2064,25,285,0,648,183,8957,3377,12334,0.00766003,-0.0932876,-0.99561,1
5814,2065,26,278,0,677,158,9018,3355,12373,0.00342327,-0.0948906,-0.995482,1
5714,2040,27,279,0,647,153,8860,3564,12424,0.00165586,-0.0994565,-0.995041,1
5738,2047,27,266,0,656,153,8887,3728,12615,5.07335e-05,-0.0994495,-0.995043,1
5124,1886,24,250,0,589,143,8016,3425,11441,-0.00168485,-0.103571,-0.99462,1
5686,2017,26,266,0,658,155,8808,4026,12834,-0.00765035,-0.0942393,-0.995521,1
6143,2047,24,282,0,644,154,9294,3911,13205,-0.00323902,-0.0892342,-0.996006,1
4000,1382,19,181,0,443,106,6131,3045,9176,-0.000980985,-0.094293,-0.995544,1
5650,2008,27,260,0,617,152,8714,4006,12720,0.00658398,-0.0846032,-0.996393,1
5720,2008,27,268,0,593,147,8763,3918,12681,0.0078126,-0.0807041,-0.996708,1
5695,1995,26,264,0,585,148,8713,3796,12509,0.00541388,-0.0848923,-0.996375,1
6059,2158,28,263,0,602,146,9256,3889,13145,3.81239e-05,-0.0850917,-0.996373,1
3910,1274,18,169,0,455,101,5927,2469,8396,-0.00955794,-0.0922647,-0.995689,1
5729,1761,28,239,0,533,134,8424,3578,12002,-0.0142562,-0.0956003,-0.995318,1
6476,1693,45,230,0,508,140,9092,3058,12150,-0.00612443,-0.0947991,-0.995478,1
3994,1138,20,153,0,331,87,5723,2030,7753,-0.00823615,-0.104898,-0.994449,1
6612,1583,30,235,0,460,121,9041,2922,11963,-0.00891761,-0.101914,-0.994753,1
5773,1501,30,214,0,472,121,8111,2827,10938,-0.00936522,-0.0950917,-0.995425,1
5211,1348,27,187,0,394,103,7270,2090,9360,-0.0121091,-0.114131,-0.993392,1
5727,1468,29,217,0,438,114,7993,2208,10201,-0.00973449,-0.11621,-0.993177,1
5565,1516,29,209,0,433,119,7871,1863,9734,-0.00791264,-0.090735,-0.995844,1
6040,1496,32,210,0,434,114,8326,1928,10254,-0.00607627,-0.140341,-0.990084,1
5555,1491,28,210,0,432,113,7829,1770,9599,-0.0124467,-0.0651291,-0.997799,1
3882,1051,19,149,0,300,79,5480,1089,6569,-0.0172357,-0.0756504,-0.996986,1
5649,1563,29,214,0,458,120,8033,1612,9645,-0.0138042,-0.0689723,-0.997523,1
5692,1563,44,222,0,490,127,8138,1491,9629,-0.0161039,-0.042495,-0.998967,1
6015,1774,29,237,0,475,127,8657,1253,9910,-0.00532925,0.00230777,-0.999983,1
3907,1186,18,164,0,338,90,5703,754,6457,-0.00126432,0.00208314,-0.999997,1
5744,1739,27,239,0,490,130,8369,1152,9521,0.0115719,-0.0218634,-0.999694,1
3918,1112,13,130,0,324,74,5571,574,6145,0.0120885,0.0170857,-0.999781,1
6372,2305,29,328,0,637,194,9865,1328,11193,-0.0236542,0.136875,-0.990306,1
4223,1259,14,165,0,355,94,6110,578,6688,-0.0117853,0.0822184,-0.996545,1
2600,1083,12,143,0,299,80,4217,466,4683,-0.015297,0.0442521,-0.998903,1
4572,2678,22,292,0,590,160,8314,882,9196,-0.0277626,0.049908,-0.998368,1
6105,3359,25,363,0,854,238,10944,1079,12023,-0.0337004,0.0964904,-0.994763,1
5643,2892,24,366,0,762,204,9891,1184,11075,-0.0428713,0.0816225,-0.995741,1
5639,2883,26,361,0,756,200,9865,1141,11006,-0.02905,0.111446,-0.993346,1
4819,2415,21,314,0,658,176,8403,967,9370,-0.017558,0.117982,-0.992861,1
6239,2942,28,401,0,890,334,10834,1309,12143,-0.00546923,0.140587,-0.990053,1
6205,2717,24,346,0,657,133,10082,921,11003,0.00483027,0.104637,-0.994499,1
3696,1492,20,218,0,463,118,6007,929,6936,0.0107489,0.0872434,-0.996129,1
6051,2322,46,293,0,655,165,9532,2562,12094,0.00122856,0.0684662,-0.997653,1
6336,2134,34,314,0,651,163,9632,2326,11958,-0.0061464,0.0664444,-0.997771,1
3147,1045,18,128,0,283,69,4690,1471,6161,0.00145352,0.0250284,-0.999686,1
5658,1768,33,239,0,504,124,8326,2258,10584,-0.0100173,0.0388197,-0.999196,1
5629,1859,30,250,0,547,134,8449,1858,10307,-0.00910219,0.0189116,-0.99978,1
4939,1655,27,220,0,492,120,7453,1603,9056,-0.000946812,0.0413133,-0.999146,1
6163,1911,30,257,0,577,163,9101,1603,10704,0.00659648,0.0506246,-0.998696,1
6603,2264,29,272,0,701,167,10036,1511,11547,0.00652842,0.0636152,-0.997953,1
5614,2122,29,300,0,684,152,8901,785,9686,-0.00224329,0.0530676,-0.998588,1
5582,2085,29,302,0,581,150,8729,608,9337,-0.00449281,0.0463844,-0.998913,1
5460,2017,28,267,0,566,178,8516,667,9183,0.0156902,0.0129916,-0.999792,1
3774,1358,19,181,0,429,100,5861,502,6363,-0.0159062,0.0114441,-0.999808,1
5381,1980,28,265,0,624,161,8439,903,9342,0.00242373,0.0236395,-0.999718,1
5305,1928,27,267,0,559,147,8233,828,9061,0.0089976,-0.00562986,-0.999944,1
3629,1452,43,307,0,379,103,5913,663,6576,0.0113131,0.000619269,-0.999936,1
5090,1943,27,266,0,554,148,8028,946,8974,0.0189992,0.00262296,-0.999816,1
5873,2060,27,277,0,570,152,8959,897,9856,0.0144599,-0.0211248,-0.999673,1
5255,2304,36,391,0,577,162,8725,1146,9871,0.00240022,0.0151748,-0.999882,1
5223,2083,39,283,0,578,155,8361,965,9326,0.00275945,-0.0172606,-0.999847,1
5624,2116,29,287,0,583,157,8796,998,9794,-0.00693869,0.0165004,-0.99984,1
5375,2167,29,315,0,626,164,8676,771,9447,-0.00940198,0.0396017,-0.999171,1
6002,2387,29,315,0,654,175,9562,942,10504,-0.0133306,0.0158844,-0.999785,1
5395,2311,29,280,0,601,156,8772,1047,9819,-0.022915,0.0621337,-0.997805,1
4889,1633,25,237,0,468,127,7379,932,8311,-0.00066028,0.0409401,-0.999161,1
6103,1764,32,268,0,512,138,8817,1053,9870,-0.0113888,0.0728549,-0.997278,1
5298,1295,26,189,0,391,103,7302,1262,8564,-0.00793044,0.0867364,-0.9962,1
6477,1315,31,197,0,379,103,8502,1164,9666,-0.00668899,0.0422384,-0.999085,1
5234,1101,31,212,0,491,123,7192,1266,8458,0.00570843,0.0311875,-0.999497,1
5516,1272,32,222,0,379,100,7521,1352,8873,0.018408,0.00616747,-0.999811,1
6368,1441,40,260,0,509,156,8774,1473,10247,0.0160272,-0.0167548,-0.999731,1
4156,1055,21,151,0,296,80,5759,1016,6775,0.00517224,0.053322,-0.998564,1
5386,1497,28,218,0,439,119,7687,1549,9236,0.00462847,0.0463116,-0.998916,1
6075,2132,40,285,0,538,158,9228,1456,10684,0.011341,0.0449739,-0.998924,1
5633,1942,28,280,0,534,146,8563,1360,9923,0.000701116,0.0112088,-0.999937,1
5782,2233,30,294,0,598,159,9096,1537,10633,-0.0117631,0.0150306,-0.999818,1
6047,2370,29,317,0,668,203,9634,1420,11054,-0.0031401,0.0326606,-0.999462,1
5788,2566,29,331,0,702,185,9601,1524,11125,0.0145868,0.0624007,-0.997945,1
3889,1815,20,238,0,489,142,6593,947,7540,0.00994109,0.0439741,-0.998983,1
6192,2840,33,379,0,732,196,10372,1670,12042,0.00995854,0.0594548,-0.998182,1
6727,2863,29,298,0,533,140,10590,1150,11740,0.0504985,0.068921,-0.996343,1
4038,1908,20,237,0,500,133,6836,1143,7979,0.0629944,0.0136636,-0.99792,1
5820,2300,29,326,0,679,172,9326,1445,10771,0.0328072,0.0269202,-0.999099,1
5198,2112,24,311,0,619,188,8452,1822,10274,0.0221629,0.0434443,-0.99881,1
5323,2180,26,281,0,594,153,8557,2015,10572,0.00907733,0.102642,-0.994677,1
3614,1458,18,190,0,420,108,5808,5711,11519,-0.0474272,0.21677,-0.97507,1
6409,2402,25,297,0,742,180,10055,2624,12679,0.025982,0.173299,-0.984526,1
5778,2309,29,300,0,654,163,9233,4077,13310,-0.0371405,0.22778,-0.973004,1
5427,1887,22,251,0,563,163,8313,3906,12219,0.0473445,0.168555,-0.984555,1
5282,1800,24,236,0,604,137,8083,4115,12198,0.0180321,0.22651,-0.973842,1
3687,1291,17,175,0,391,95,5656,3637,9293,-0.0125998,0.286066,-0.958127,1
6846,2356,26,295,0,691,165,10379,4345,14724,0.00577041,0.324774,-0.945774,1
3177,1182,14,151,0,343,97,4964,3430,8394,0.00964747,0.0206315,-0.999741,1
6528,2291,28,315,0,729,173,10064,3319,13383,-0.0413259,0.0756365,-0.996279,1
6401,1533,18,193,0,443,113,8701,2701,11402,-0.032956,0.0453379,-0.998428,1
2578,748,10,107,0,213,54,3710,1396,5106,-0.0152061,-0.0198606,-0.999687,1
2308,715,12,96,0,219,56,3406,1365,4771,-0.00590355,-0.0318464,-0.999475,1
6266,1994,32,267,0,605,152,9316,3267,12583,0.00382691,0.0217049,-0.999757,1
6378,1880,33,258,0,553,145,9247,2546,11793,0.0108578,-0.0126844,-0.999861,1
4653,1250,21,176,0,351,93,6544,1411,7955,0.00213752,-0.0652167,-0.997869,1
5441,1544,28,213,0,446,118,7790,1570,9360,-0.00588081,-0.0314229,-0.999489,1
5662,1484,30,209,0,436,122,7943,1493,9436,-0.0152721,-0.025171,-0.999567,1
6320,1581,31,261,0,435,116,8744,1452,10196,-0.0340531,-0.0367899,-0.998743,1
5858,1515,28,208,0,480,126,8215,1447,9662,-0.0415569,-0.0122674,-0.999061,1
5793,1566,28,210,0,461,118,8176,1265,9441,-0.0583876,-0.0172271,-0.998145,1
5586,1629,26,219,0,454,121,8035,1228,9263,-0.0597507,-0.0250766,-0.997898,1
4145,1286,17,172,0,342,91,6053,773,6826,-0.0687784,-0.0205275,-0.997421,1
3859,1254,17,175,0,377,100,5782,795,6577,-0.049975,-0.0799967,-0.995542,1
5771,1933,24,262,0,543,148,8681,1112,9793,-0.0316861,0.0330524,-0.998951,1
5463,2081,24,298,0,583,157,8606,745,9351,-0.0235821,0.036842,-0.999043,1
4997,2058,21,277,0,566,154,8073,898,8971,-0.0164924,-0.0028982,-0.99986,1
6082,2500,24,325,0,784,232,9947,1028,10975,-0.0274008,0.0514971,-0.998297,1
5505,2662,23,379,0,744,194,9507,987,10494,-0.0151451,-0.0075066,-0.999857,1
5506,2814,23,373,0,760,201,9677,1073,10750,-0.0384704,0.0286481,-0.998849,1
5458,2882,24,364,0,764,208,9700,1121,10821,-0.0271533,0.0113081,-0.999567,1
5355,2768,25,371,0,800,207,9526,960,10486,-0.0223384,0.0322047,-0.999232,1
5382,2731,25,358,0,748,198,9442,880,10322,-0.0193412,0.0387117,-0.999063,1
5670,2631,26,376,0,731,194,9628,889,10517,-0.0711004,0.181523,-0.980813,1
4443,1688,32,219,0,461,122,6965,629,7594,-0.0667323,0.125869,-0.9898,1
2782,1166,17,177,0,323,87,4552,502,5054,-0.0587093,0.0762365,-0.99536,1
4715,1447,19,203,0,419,112,6915,811,7726,-0.0792807,0.111068,-0.990646,1
5601,1881,27,281,0,586,146,8522,1965,10487,-0.041836,0.233176,-0.971534,1
5615,1301,21,192,0,376,109,7614,1579,9193,-0.0313599,0.171363,-0.984709,1
2501,687,13,106,0,223,53,3583,800,4383,-0.0270075,0.0730871,-0.99696,1
2270,635,19,100,0,195,48,3267,596,3863,-0.0369535,0.0336528,-0.99875,1
6574,1761,27,231,0,520,128,9241,1735,10976,-0.0470806,0.0599817,-0.997089,1
5687,1754,30,251,0,524,129,8375,1438,9813,-0.035235,0.0349551,-0.998768,1
5468,1693,35,230,0,611,132,8169,935,9104,-0.00236786,0.0916425,-0.995789,1
5485,1714,27,235,0,507,126,8094,662,8756,0.00413039,0.0791798,-0.996852,1
3192,820,12,104,0,221,56,4405,317,4722,-0.00392134,0.0542881,-0.998518,1
1891,648,10,88,0,190,48,2875,235,3110,-0.00414702,0.00808627,-0.999959,1
6139,2062,29,298,0,621,152,9301,902,10203,-0.00894568,0.0626384,-0.997996,1
5303,2127,26,281,0,592,158,8487,973,9460,-0.0107169,0.0635777,-0.997919,1
5573,2378,25,302,0,637,168,9083,1001,10084,-0.0120646,0.0472829,-0.998809,1
5390,2415,27,311,0,684,176,9003,1151,10154,-0.00948123,0.0550752,-0.998437,1
5454,2344,25,335,0,660,178,8996,1010,10006,0.00186207,0.0387454,-0.999247,1
5372,2214,27,297,0,621,166,8697,818,9515,0.00348452,0.0733139,-0.997303,1
5503,2387,28,286,0,626,163,8993,868,9861,-0.01409,0.0905271,-0.995794,1
4961,1437,21,231,0,391,106,7147,634,7781,-0.00782906,0.0369428,-0.999287,1
2953,1220,13,108,0,242,61,4597,415,5012,0.00655682,0.00885587,-0.999939,1
2352,728,13,99,0,200,54,3446,460,3906,0.00720232,-0.0452574,-0.998949,1
5558,1464,25,203,0,413,112,7775,1135,8910,0.016553,0.00463082,-0.999852,1
5495,1262,25,184,0,489,163,7618,1345,8963,0.0132342,0.00975032,-0.999865,1
5582,1200,26,172,0,348,94,7422,1052,8474,0.00999892,-0.00742269,-0.999922,1
3754,753,19,111,0,222,74,4933,866,5799,0.0203503,0.000827746,-0.999793,1
5343,1005,28,174,0,327,85,6962,1138,8100,0.0130029,0.0198615,-0.999718,1
5360,1218,35,173,0,308,83,7177,1211,8388,0.00398341,0.104185,-0.99455,1
5594,1121,36,118,0,229,61,7159,882,8041,0.00571539,0.0704607,-0.997499,1
3647,919,18,133,0,266,72,5055,821,5876,-0.00149745,-0.000910115,-0.999998,1
5402,1485,26,209,0,419,115,7656,1129,8785,0.00136988,0.00770671,-0.999969,1
5278,1732,26,246,0,491,134,7907,1519,9426,0.0140599,0.00427051,-0.999892,1
5228,2054,27,276,0,558,153,8296,1630,9926,0.0155984,0.00369595,-0.999872,1
5792,2799,32,368,0,684,186,9861,2098,11959,-0.00735379,0.0730477,-0.997302,1
4413,1838,21,206,0,382,107,6967,1105,8072,-0.045636,0.0593783,-0.997192,1
2417,1110,12,129,0,280,74,4022,728,4750,-0.0559242,0.0243754,-0.998137,1
6451,2712,31,376,0,788,201,10559,1949,12508,-0.0340964,0.0199284,-0.99922,1
5832,2570,30,362,0,725,193,9712,2950,12662,-0.0154531,0.131692,-0.99117,1
4486,1708,21,227,0,481,123,7046,2079,9125,0.0644285,0.0244818,-0.997622,1
5720,2306,29,306,0,684,175,9220,3660,12880,0.0436793,-0.0192871,-0.99886,1
5671,2228,28,303,0,679,170,9079,7455,16534,0.0506207,-0.00257437,-0.998715,1
4029,1523,18,200,0,452,112,6334,4376,10710,0.0718741,-0.0410874,-0.996567,1
5180,1884,23,249,0,575,139,8050,3252,11302,0.0115638,-0.0179984,-0.999771,1
5710,2059,27,265,0,622,150,8833,2886,11719,-0.0227422,0.0535069,-0.998308,1
5872,2005,25,260,0,671,106,8939,1983,10922,-0.0119854,0.0436344,-0.998976,1
2860,812,10,108,0,262,61,4113,1439,5552,0.00381945,-0.00864086,-0.999955,1
1930,613,9,78,0,186,44,2860,1192,4052,0.0113718,-0.0419939,-0.999053,1
5106,1754,21,234,0,479,116,7710,3137,10847,0.0129558,-0.0268508,-0.999555,1
6573,1943,25,245,0,644,177,9607,4119,13726,0.0186482,-0.0129592,-0.999742,1
4122,1227,18,162,0,396,93,6018,2741,8759,0.0153892,-0.0339699,-0.999304,1
4038,1219,22,165,0,412,94,5950,2554,8504,0.00056861,-0.0425306,-0.999095,1
6557,1579,34,252,0,502,126,9050,3683,12733,0.0010409,-0.0279718,-0.999608,1
5741,1591,27,222,0,493,125,8199,2711,10910,-0.015483,-0.0438527,-0.998918,1
4602,1196,21,159,0,339,87,6404,1815,8219,-0.0196364,-0.0567772,-0.998194,1
5772,1755,28,268,0,493,130,8446,2207,10653,-0.0175928,-0.0686175,-0.997488,1
5684,1705,29,236,0,506,131,8291,1881,10172,-0.0114743,-0.0829294,-0.99649,1
5469,1727,27,235,0,489,130,8077,1584,9661,-0.01163,-0.0938416,-0.995519,1
5771,1763,29,266,0,500,134,8463,1485,9948,0.00655716,0.0505034,-0.998703,1
4209,1222,24,216,0,430,101,6202,772,6974,0.00395688,0.0135698,-0.9999,1
2840,758,13,102,0,207,55,3975,627,4602,-0.0060168,-0.0565723,-0.99838,1
5887,1888,28,250,0,504,164,8721,1190,9911,-0.00417339,-0.0323878,-0.999467,1
5561,1841,28,250,0,515,137,8332,1187,9519,-0.00149853,-0.0273307,-0.999625,1
5753,1860,27,258,0,604,171,8673,1030,9703,-0.00107011,0.00787824,-0.999968,1
5780,1976,25,273,0,556,166,8776,922,9698,-0.0230313,-0.00383507,-0.999728,1
5570,2063,25,289,0,594,235,8776,1017,9793,-0.0697073,0.100128,-0.99253,1
5206,1616,18,228,0,441,119,7628,689,8317,-0.031052,0.0590933,-0.997769,1
2988,1298,14,171,0,354,95,4920,522,5442,-0.0318338,-0.00147688,-0.999492,1
5977,2704,25,342,0,739,191,9978,950,10928,-0.0324354,0.0191212,-0.999291,1
5593,3335,34,451,0,769,201,10383,935,11318,-0.0166269,0.0792557,-0.996716,1
3755,2055,18,252,0,520,141,6741,692,7433,-0.0167991,0.061887,-0.997942,1
6062,3604,29,506,0,1019,267,11487,1151,12638,-0.0296694,0.0546739,-0.998063,1
3542,1768,16,227,0,544,131,6228,679,6907,-0.0387047,0.0414028,-0.998393,1
5456,2701,31,346,0,753,195,9482,1231,10713,-0.0405361,0.044447,-0.998189,1
5411,2563,40,358,0,743,190,9305,1220,10525,-0.0393699,0.0549146,-0.997715,1
5567,2339,25,362,0,714,176,9183,1365,10548,-0.0326812,0.0533914,-0.998039,1
6084,2336,27,288,0,720,164,9619,1475,11094,-0.0254027,0.0607693,-0.997829,1
3964,1359,18,184,0,430,120,6075,1286,7361,-0.0181872,0.0465812,-0.998749,1
5698,1979,28,343,0,648,150,8846,2360,11206,-0.00874782,0.0662828,-0.997763,1
5672,1902,27,250,0,599,146,8596,2760,11356,-0.00691827,0.0476227,-0.998841,1
3860,1262,21,169,0,380,89,5781,1838,7619,-0.00523731,0.0114186,-0.999921,1
5593,1630,30,233,0,515,129,8130,2423,10553,-0.0303918,0.0333127,-0.998983,1
5758,1698,27,227,0,520,125,8355,2183,10538,-0.0446145,0.0357677,-0.998364,1
5713,1587,27,224,0,525,123,8199,1843,10042,-0.036545,0.0780959,-0.996276,1
4886,1069,19,144,0,338,85,6541,1205,7746,-0.0147484,0.0205984,-0.999679,1
2893,806,15,110,0,254,60,4138,776,4914,-0.0233336,0.00919935,-0.999685,1
5594,1776,29,233,0,478,115,8225,934,9159,0.00448415,0.0129896,-0.999906,1
5246,1584,27,237,0,484,119,7697,678,8375,0.0299776,0.0485245,-0.998372,1
5624,2215,33,252,0,511,128,8763,585,9348,0.0178674,0.0123129,-0.999765,1
5391,1848,25,250,0,535,137,8186,662,8848,0.00664801,-0.0202494,-0.999773,1
5178,2082,25,276,0,581,149,8291,824,9115,-0.00374783,0.062411,-0.998043,1
5171,2222,18,205,0,458,116,8190,608,8798,-0.00910135,0.0226554,-0.999702,1
2773,1283,13,167,0,352,93,4681,527,5208,-0.00773468,-0.00389626,-0.999963,1
5545,2662,35,388,0,704,190,9524,1117,10641,-0.00231563,0.0726504,-0.997355,1
5015,1880,17,241,0,497,134,7784,747,8531,0.00165608,0.012682,-0.999918,1
2864,1433,15,185,0,402,104,5003,521,5524,0.00730517,-0.00671466,-0.999951,1
5600,2619,27,345,0,716,193,9500,933,10433,0.00880266,-0.0113281,-0.999897,1
5494,2555,28,332,0,740,191,9340,893,10233,0.00790048,0.00296803,-0.999964,1
5585,2273,27,308,0,635,171,8999,937,9936,-0.0153026,0.0638136,-0.997845,1
5389,2453,27,300,0,567,158,8894,849,9743,-0.0106601,0.0586228,-0.998223,1
3738,936,14,126,0,271,70,5155,542,5697,0.0148327,0.116184,-0.993117,1
2318,642,11,88,0,183,49,3291,377,3668,-0.00053531,-0.0090014,-0.999959,1
5421,1262,27,180,0,368,97,7355,1011,8366,0.0185189,0.0414802,-0.998968,1
5277,1093,27,164,0,327,87,6975,998,7973,0.0111389,0.0204758,-0.999728,1
5206,1096,29,168,0,323,88,6910,1004,7914,-7.02206e-05,0.0222014,-0.999754,1
5577,1229,28,190,0,369,102,7495,1201,8696,-0.0677884,0.0729352,-0.99503,1
5308,1593,27,235,0,469,126,7758,1267,9025,-0.0356251,0.0405061,-0.998544,1
5448,1973,28,280,0,557,152,8438,1487,9925,-0.0624965,0.0667992,-0.995807,1
5734,2285,29,309,0,621,175,9153,1278,10431,-0.0401309,0.0587686,-0.997465,1
5882,2485,31,335,0,674,184,9591,1127,10718,-0.0373351,0.0406092,-0.998477,1
5877,2641,31,370,0,717,194,9830,1710,11540,-0.00500372,-0.0964375,-0.995327,1
4605,1999,21,254,0,512,140,7531,1528,9059,-0.0223986,0.0105324,-0.999694,1
6099,2932,30,360,0,750,203,10374,1931,12305,-0.0202434,0.105419,-0.994222,1
5320,1875,22,247,0,510,136,8110,1793,9903,-0.0280696,0.058711,-0.99788,1
2434,1068,12,142,0,301,80,4037,952,4989,-0.0176173,-0.0674615,-0.997566,1
5584,2275,29,319,0,657,173,9037,2378,11415,-0.026736,-0.0180548,-0.999479,1
5678,2268,30,302,0,645,169,9092,3277,12369,-0.0345574,0.02992,-0.998955,1
5735,2142,27,285,0,637,158,8984,4634,13618,-0.0755123,0.137555,-0.987612,1
4047,1481,19,194,0,444,109,6294,2161,8455,-0.10074,0.181537,-0.97821,1
5964,2152,27,286,0,643,159,9231,5661,14892,0.039057,-0.00161951,-0.999236,1
4061,1460,18,198,0,440,107,6284,3201,9485,0.0248194,-0.00177789,-0.999691,1
5866,2037,26,266,0,632,151,8978,2696,11674,0.0127109,-0.0398266,-0.999126,1
5797,2016,23,259,0,620,147,8862,3084,11946,0.0125106,-0.0393014,-0.999149,1
5312,1693,43,222,0,545,130,7945,3151,11096,0.0090387,-0.0367496,-0.999283,1
5913,1816,23,240,0,701,145,8838,3632,12470,0.0169111,-0.016408,-0.999722,1
5711,1805,24,259,0,559,134,8492,4160,12652,0.00950647,-0.0331969,-0.999403,1
5757,1752,27,222,0,532,127,8417,3998,12415,0.00442893,-0.0314209,-0.999497,1
5709,1586,28,208,0,495,119,8145,3975,12120,0.0078676,-0.041256,-0.999117,1
5727,1439,24,193,0,552,132,8067,3719,11786,0.0079144,-0.0402089,-0.99916,1
5813,1427,30,204,0,520,119,8113,3116,11229,0.00735949,-0.0522179,-0.998609,1
5624,1389,26,193,0,468,121,7821,3508,11329,-0.0003862,-0.0490652,-0.998795,1
5629,1490,28,201,0,444,113,7905,3288,11193,-0.00418011,-0.0484023,-0.998819,1
5603,1491,28,211,0,461,119,7913,3158,11071,-0.00233389,-0.0489544,-0.998798,1
5995,1609,29,270,0,520,129,8552,2307,10859,-0.00645825,-0.0668614,-0.997741,1
6405,1712,29,255,0,492,132,9025,1981,11006,-0.0314021,-0.0787325,-0.996401,1
5435,1753,31,241,0,487,131,8078,1678,9756,-0.0207615,-0.0193415,-0.999597,1
5558,1787,30,242,0,485,131,8233,1370,9603,-0.0220685,-0.0210941,-0.999534,1
5490,1805,34,307,0,697,180,8513,1404,9917,0.00508245,-0.0118302,-0.999917,1
5709,1740,28,236,0,481,130,8324,1328,9652,-0.00994899,-0.0236593,-0.999671,1
5769,1710,29,235,0,508,132,8383,1326,9709,-0.0142264,0.00866279,-0.999861,1
5548,1706,28,230,0,488,130,8130,1079,9209,-0.00694266,0.00936582,-0.999932,1
5532,1731,27,235,0,484,129,8138,1005,9143,0.00203239,0.0217072,-0.999762,1
5532,1723,26,241,0,498,157,8177,1016,9193,-0.00626956,0.00985919,-0.999932,1
6214,1953,25,252,0,598,145,9187,1070,10257,-0.0135949,0.0348735,-0.999299,1
5677,2032,25,264,0,540,146,8684,1009,9693,0.0037749,0.0327494,-0.999456,1
6316,2341,27,319,0,563,157,9723,927,10650,-0.0331545,0.0444995,-0.998459,1
6299,2668,27,332,0,837,226,10389,1122,11511,-0.0442775,0.0493698,-0.997799,1
5580,2253,25,313,0,483,120,8774,726,9500,-0.0346365,0.0223059,-0.999151,1
5306,2303,22,296,0,623,167,8717,955,9672,-0.0282954,0.0461962,-0.998532,1
4903,2269,22,301,0,630,188,8313,1014,9327,-0.0246468,0.0264482,-0.999346,1
5646,2651,24,343,0,764,223,9651,1073,10724,-0.0257929,0.0069782,-0.999643,1
5532,2857,25,371,0,753,207,9745,1222,10967,-0.019307,0.0717849,-0.997233,1
3647,1902,18,242,0,596,140,6545,851,7396,-0.0245393,0.0398607,-0.998904,1
6021,2958,43,385,0,804,212,10423,1461,11884,-0.0400245,0.0608194,-0.997346,1
5705,2641,24,325,0,725,190,9610,1406,11016,-0.0333436,0.0524229,-0.998068,1
6237,2564,26,315,0,661,177,9980,1511,11491,-0.0439489,0.0585834,-0.997315,1
6097,2103,26,331,0,604,165,9326,1305,10631,-0.0328872,0.0661584,-0.997267,1
5445,1924,26,269,0,564,146,8374,1345,9719,-0.0394316,0.0488367,-0.998028,1
6164,1949,28,297,0,541,142,9121,1699,10820,-0.0390522,0.0559646,-0.997669,1
5505,1791,27,250,0,537,144,8254,2303,10557,-0.0353993,0.0674325,-0.997096,1
6335,1950,33,282,0,593,175,9368,2464,11832,-0.0395811,0.0669905,-0.996968,1
6363,1881,32,256,0,549,87,9168,1563,10731,-0.0290428,0.0628589,-0.9976,1
4021,1113,20,152,0,375,86,5767,1391,7158,-0.0315993,0.0335607,-0.998937,1
5822,1586,27,220,0,500,121,8276,1950,10226,-0.0289307,0.0295295,-0.999145,1
5886,1578,28,211,0,534,118,8355,1763,10118,-0.0138563,0.0160446,-0.999776,1
4132,1036,20,170,0,319,77,5754,1077,6831,-0.00234952,0.00419403,-0.999988,1
5620,1420,28,195,0,436,105,7804,937,8741,0.00186337,-0.00836925,-0.999964,1
5513,1477,35,219,0,464,109,7817,663,8480,0.0171478,0.0207178,-0.999639,1
5886,1761,41,223,0,488,120,8519,766,9285,0.0224881,0.0205668,-0.999536,1
5244,1835,29,250,0,522,136,8016,776,8792,0.0262905,0.0750194,-0.996836,1
5887,2592,29,332,0,699,183,9722,826,10548,0.0173061,0.0769794,-0.996883,1
5950,2842,33,360,0,788,204,10177,910,11087,0.00279332,0.102887,-0.994689,1
3985,2010,20,254,0,549,144,6962,562,7524,-0.000591925,0.110377,-0.99389,1
5412,2484,28,358,0,833,208,9323,733,10056,0.00870241,0.121467,-0.992558,1
5438,2311,26,305,0,655,195,8930,689,9619,-0.0198198,0.125341,-0.991916,1
6421,2040,34,268,0,614,153,9530,749,10279,-0.0260975,0.098358,-0.994809,1
5425,1499,29,215,0,481,133,7782,802,8584,-0.0129576,0.0694497,-0.997502,1
5491,1212,27,175,0,343,94,7342,891,8233,-0.0231449,0.0964277,-0.995071,1
6048,1130,29,179,0,321,90,7797,880,8677,-0.0136684,0.0940864,-0.99547,1
5367,1127,28,168,0,326,89,7105,971,8076,0.0037449,0.0567191,-0.998383,1
5678,1175,25,167,0,361,93,7499,926,8425,0.019946,0.0938916,-0.995383,1
6017,1762,27,257,0,475,128,8666,1086,9752,0.0356813,0.0395868,-0.998579,1
5423,1878,27,265,0,555,151,8299,1095,9394,0.0446052,0.0697881,-0.996564,1
6589,2433,32,330,0,689,182,10255,1425,11680,0.0425511,0.18792,-0.981262,1
5204,1769,23,235,0,377,106,7714,831,8545,0.0287115,0.152731,-0.987851,1
2471,942,12,123,0,254,68,3870,611,4481,0.0235774,0.0863279,-0.995988,1
2284,1054,13,140,0,287,78,3856,701,4557,0.0198514,0.0591762,-0.99805,1
5617,2638,41,353,0,805,205,9659,1631,11290,0.00971216,0.104496,-0.994478,1
5777,2653,46,346,0,714,189,9725,2561,12286,0.010701,0.309253,-0.950919,1
3962,1719,24,240,0,475,127,6547,1617,8164,0.0613554,0.236907,-0.969593,1
6115,2341,48,306,0,655,172,9637,1793,11430,0.0566479,0.200529,-0.978049,1
5605,2159,26,296,0,657,163,8906,2515,11421,0.100304,0.162913,-0.981529,1
5636,2414,28,291,0,589,159,9117,2355,11472,0.0530749,0.296464,-0.953568,1
5697,2026,25,298,0,635,163,8844,1866,10710,0.0332191,0.00141814,-0.999447,1
5933,2049,26,275,0,626,152,9061,3799,12860,0.0750945,0.000340863,-0.997177,1
4045,1461,20,187,0,432,106,6251,1526,7777,0.0483842,-0.00931847,-0.998786,1
5971,2023,26,285,0,628,153,9086,2474,11560,0.0357896,-0.0146139,-0.999252,1
6005,2119,29,308,0,726,158,9345,2650,11995,0.0230731,-0.0123015,-0.999658,1
6089,1998,29,260,0,619,148,9143,3890,13033,-0.0620568,0.0279562,-0.997681,1
3798,1008,14,131,0,315,79,5345,2060,7405,-0.0634698,-0.00269729,-0.99798,1
2511,650,9,85,0,219,50,3524,1307,4831,-0.0263714,-0.0444859,-0.998662,1
5384,1569,22,223,0,549,123,7870,3254,11124,-0.00938501,-0.0321122,-0.99944,1
6113,1710,27,227,0,521,127,8725,3512,12237,-0.00458097,-0.0124953,-0.999911,1
4071,1379,25,201,0,363,90,6129,2470,8599,-0.00660955,-0.0191888,-0.999794,1
5400,1714,27,219,0,484,123,7967,2914,10881,-0.00136645,-0.000151405,-0.999999,1
6449,2219,35,349,0,633,162,9847,3482,13329,-0.00156196,0.0856858,-0.996321,1
5695,1921,29,259,0,587,149,8640,2108,10748,-0.00330153,0.0555635,-0.99845,1
2952,995,17,110,0,227,60,4361,804,5165,0.00597913,-0.010313,-0.999929,1
1956,686,29,109,0,180,49,3009,527,3536,2.70259e-05,-0.0286245,-0.99959,1
5929,1667,30,225,0,461,124,8436,1415,9851,-0.00649918,-0.00881973,-0.99994,1
6020,1538,28,212,0,429,114,8341,1298,9639,-0.00213151,-0.00716464,-0.999972,1
6369,1661,27,224,0,424,114,8819,1170,9989,-0.00796777,0.0118031,-0.999899,1
5812,1573,27,220,0,443,116,8191,1276,9467,-0.000855983,0.00495925,-0.999987,1
5895,1607,19,152,0,316,84,8073,801,8874,-0.0167836,-0.0340184,-0.999281,1
5141,1585,23,218,0,471,122,7560,930,8490,-0.0243076,-0.00354722,-0.999698,1
5906,2052,25,256,0,523,164,8926,1004,9930,-0.0637443,0.12307,-0.990349,1
3823,1161,13,147,0,314,84,5542,471,6013,-0.0556311,0.070476,-0.995961,1
2311,979,11,131,0,284,74,3790,480,4270,-0.043477,-0.00374113,-0.999047,1
3630,1754,16,225,0,472,129,6226,676,6902,-0.0375511,0.0702524,-0.996823,1
5479,2740,24,351,0,710,195,9499,909,10408,-0.0389688,0.114024,-0.992713,1
5308,2735,25,370,0,758,203,9399,880,10279,-0.0404867,0.137394,-0.989689,1
5236,2536,24,345,0,725,194,9060,772,9832,-0.0414564,0.141296,-0.989099,1
5124,2473,24,328,0,697,183,8829,999,9828,-0.0400546,0.123905,-0.991485,1
5090,2207,26,317,0,668,173,8481,1050,9531,-0.0346568,0.131436,-0.990719,1
5186,2126,27,280,0,629,163,8411,1336,9747,-0.0347465,0.0994816,-0.994433,1
5298,1848,35,248,0,640,148,8217,1715,9932,-0.0279321,0.0702057,-0.997141,1
5776,2266,37,338,0,613,147,9177,2362,11539,-0.0199095,0.212089,-0.977048,1
4664,1275,21,167,0,377,92,6596,1415,8011,-0.0230587,0.156807,-0.98736,1
2370,681,13,92,0,177,42,3375,711,4086,-0.018258,0.0634351,-0.997819,1
1813,488,11,85,0,146,37,2580,488,3068,-0.0148446,0.0240817,-0.9996,1
5545,1497,29,197,0,479,113,7860,1580,9440,-0.0152742,0.0705298,-0.997393,1
5355,986,20,131,0,300,72,6864,956,7820,-0.0159272,0.0606958,-0.998029,1
5742,1841,37,232,0,459,110,8421,881,9302,-0.00674736,0.187927,-0.98216,1
5437,1558,27,215,0,457,119,7813,709,8522,0.00108718,0.152336,-0.988328,1
2730,780,11,104,0,221,57,3903,274,4177,-0.0268386,0.0732452,-0.996953,1
2705,1018,13,132,0,274,72,4214,340,4554,-0.00372422,0.0338391,-0.99942,1
5166,2364,26,328,0,640,171,8695,874,9569,-0.0144489,0.049929,-0.998648,1
5207,2557,26,325,0,689,180,8984,972,9956,-0.0200355,0.0317028,-0.999296,1
5191,2586,25,341,0,711,189,9043,1070,10113,-0.0265375,0.0557934,-0.998089,1
5605,2742,28,342,0,712,198,9627,1058,10685,-0.00287528,0.0166955,-0.999857,1
3715,1782,18,229,0,503,131,6378,839,7217,-0.00685496,0.0252568,-0.999658,1
5706,2557,27,358,0,718,187,9553,1106,10659,0.0047913,0.00662722,-0.999967,1
5324,2438,26,317,0,702,181,8988,1163,10151,0.00441536,0.00704761,-0.999966,1
5750,2318,26,333,0,643,171,9241,885,10126,0.0047859,0.000325826,-0.999989,1
3781,1415,19,194,0,438,107,5954,721,6675,0.0178188,-0.0316217,-0.999341,1
5323,1682,45,235,0,485,129,7899,1027,8926,0.00588867,-0.037418,-0.999282,1
5339,1485,27,208,0,425,115,7599,1002,8601,-0.00665323,0.028777,-0.999564,1
5563,1301,28,183,0,391,102,7568,1027,8595,0.0137126,0.000461784,-0.999906,1
5443,1293,53,320,0,512,100,7721,971,8692,0.0126648,-0.000286632,-0.99992,1
5366,1113,33,237,0,348,90,7187,906,8093,0.0101306,0.0260978,-0.999608,1
5339,1045,27,162,0,322,86,6981,1076,8057,0.00473343,0.0521161,-0.99863,1
5454,1120,28,171,0,336,92,7201,1218,8419,4.98732e-05,0.0658514,-0.99783,1
3629,901,19,154,0,260,72,5035,795,5830,0.0124194,-0.00588923,-0.999905,1
5445,1426,29,208,0,416,113,7637,1252,8889,0.00582284,-0.0119538,-0.999912,1
5461,1550,31,221,0,445,120,7828,1273,9101,0.00782246,0.000713076,-0.999969,1
5491,1731,29,249,0,497,133,8130,1515,9645,-0.00342424,0.0169888,-0.99985,1
5683,1934,55,266,0,543,148,8629,1368,9997,0.0117584,-0.0079875,-0.999899,1
5942,2161,29,337,0,595,163,9227,1332,10559,0.0149401,0.0208653,-0.999671,1
5946,3066,47,257,0,433,116,9865,1098,10963,0.0154651,0.0203714,-0.999673,1
4022,1734,72,251,0,530,184,6793,964,7757,0.0231753,0.00948834,-0.999687,1
6176,2817,39,499,0,790,359,10680,1817,12497,0.0345507,-0.00178621,-0.999402,1
3907,1883,22,241,0,537,137,6727,1380,8107,0.0357202,0.00339043,-0.999356,1
5747,2684,30,354,0,831,204,9850,1926,11776,0.00777316,0.0585075,-0.998257,1
5598,2456,30,330,0,696,192,9302,3367,12669,-0.0229305,0.180467,-0.983314,1
5648,2343,29,339,0,659,173,9191,3322,12513,-0.0589964,0.270735,-0.960844,1
5228,1911,29,260,0,604,150,8182,2320,10502,-0.0825528,0.247399,-0.96539,1
5691,2092,29,270,0,597,146,8825,2859,11684,-0.0766091,0.334211,-0.93938,1
5850,2000,27,270,0,608,150,8905,1751,10656,-0.0979692,0.372618,-0.922799,1
4100,1460,18,190,0,431,123,6322,1212,7534,-0.0933999,0.438618,-0.893807,1
5321,1850,25,235,0,553,132,8116,1454,9570,-0.0607174,0.333778,-0.940694,1
5827,2019,28,257,0,613,148,8892,4495,13387,-0.0579554,0.323463,-0.944465,1
4290,1290,19,169,0,408,94,6270,3013,9283,0.0155746,-0.0216096,-0.999645,1
5973,1665,28,221,0,528,126,8541,4095,12636,0.00343248,-0.0215088,-0.999763,1
5876,1375,28,185,0,437,103,8004,3323,11327,-0.00353781,-0.0321497,-0.999477,1
5208,1200,26,153,0,385,87,7059,3332,10391,-0.00264456,-0.0511768,-0.998686,1
5770,1266,29,196,0,430,124,7815,3748,11563,0.00104081,-0.0445865,-0.999005,1
5901,1378,29,175,0,405,98,7986,3464,11450,-0.00640622,-0.0361864,-0.999325,1
5775,1330,30,183,0,414,125,7857,3258,11115,-0.00509304,-0.0568554,-0.998369,1
5152,1174,26,161,0,356,90,6959,2610,9569,-0.0057732,-0.054562,-0.998494,1
5662,1231,32,169,0,357,92,7543,2626,10169,0.0116251,-0.0657262,-0.99777,1
5920,1304,37,161,0,370,96,7888,2423,10311,0.00548612,-0.0410633,-0.999142,1
5436,958,31,164,0,303,78,6970,1525,8495,0.00551647,-0.0528683,-0.998586,1
5554,1040,28,142,0,288,74,7126,1780,8906,0.00563034,-0.0435018,-0.999038,1
5256,967,28,136,0,279,71,6737,1643,8380,-0.00544185,-0.0587221,-0.99826,1
5244,984,27,141,0,287,76,6759,1511,8270,-0.00706849,-0.0478809,-0.998828,1
5379,1025,41,145,0,300,78,6968,1424,8392,-0.00283337,-0.0585831,-0.998279,1
5555,1096,27,156,0,315,82,7231,1261,8492,-0.00964725,-0.0660867,-0.997767,1
5462,1142,28,162,0,329,87,7210,1238,8448,-0.00971823,-0.0813018,-0.996642,1
5434,1199,28,172,0,349,93,7275,1127,8402,-0.0107809,-0.0942473,-0.995491,1
5435,1345,27,185,0,392,110,7494,1088,8582,-0.0294307,-0.0722522,-0.996952,1
5704,1439,26,204,0,485,116,7974,1092,9066,-0.0366583,-0.0567565,-0.997715,1
5613,1686,25,224,0,487,127,8162,994,9156,-0.0244136,-0.106023,-0.994064,1
5499,1812,25,243,0,500,136,8215,1086,9301,-0.0278936,-0.0700288,-0.997155,1
5862,2002,25,263,0,587,150,8889,734,9623,-0.00789528,-0.095647,-0.995384,1
3769,1507,18,196,0,443,109,6042,629,6671,-0.00851357,-0.0792465,-0.996819,1
6047,2397,27,348,0,667,182,9668,977,10645,-0.0212897,-0.0657573,-0.997609,1
5643,2369,26,319,0,684,200,9241,815,10056,-0.029124,-0.0723537,-0.996954,1
3752,1721,18,223,0,466,126,6306,669,6975,-0.032586,-0.0788239,-0.996356,1
5436,2602,23,338,0,722,188,9309,959,10268,-0.0479959,-0.109991,-0.992773,1
5354,2625,25,347,0,705,191,9247,960,10207,-0.0410025,-0.0792023,-0.996015,1
6148,2837,24,348,0,739,198,10294,973,11267,-0.0358367,-0.0848426,-0.99575,1
5438,2834,25,353,0,728,195,9573,984,10557,-0.0305615,-0.08594,-0.995832,1
5304,2787,24,408,0,741,204,9468,1070,10538,-0.0340352,-0.0837895,-0.995902,1
5221,2781,25,362,0,750,204,9343,1088,10431,-0.0289777,-0.0849985,-0.99596,1
5406,3141,30,566,0,998,218,10359,1142,11501,-0.0273871,-0.0664313,-0.997415,1
5330,2882,25,371,0,786,211,9605,1245,10850,-0.0292828,-0.0823779,-0.996171,1
6251,3016,24,423,0,808,246,10768,1323,12091,-0.0174601,-0.0600553,-0.998043,1
3849,2059,17,282,0,593,154,6954,938,7892,-0.00735392,-0.0623228,-0.998029,1
6006,3452,25,391,0,993,225,11092,1425,12517,-0.0194895,-0.0526826,-0.998421,1
5510,2966,25,388,0,858,244,9991,1652,11643,0.00197134,-0.0305681,-0.999531,1
6129,3277,24,391,0,920,224,10965,1767,12732,0.0112453,-0.0279864,-0.999545,1
3759,2057,17,266,0,572,153,6824,1318,8142,0.0122941,-0.0314639,-0.999429,1
5679,3054,24,387,0,889,219,10252,2267,12519,0.0319979,-0.00964028,-0.999442,1
6013,3007,26,373,0,918,246,10583,2150,12733,0.0458457,-0.0168113,-0.998807,1
3783,2065,21,280,0,594,145,6888,1803,8691,0.0454528,-0.0263214,-0.99862,1
5713,2699,26,349,0,799,198,9784,2674,12458,0.0748832,-0.0080537,-0.99716,1
5514,2808,28,384,0,812,188,9734,2892,12626,0.0802698,-0.0137149,-0.996679,1
4090,1812,19,234,0,528,137,6820,2117,8937,0.0877435,-0.0183053,-0.995975,1
5909,2553,29,355,0,730,179,9755,3718,13473,0.104185,-0.023574,-0.994278,1
5814,2287,25,209,0,490,116,8941,2326,11267,0.120211,-0.0391604,-0.991976,1
3081,1193,17,154,0,364,86,4895,1699,6594,0.097582,-0.0572452,-0.99358,1
5877,2258,29,284,0,695,159,9302,2907,12209,0.119385,-0.0733831,-0.990132,1
5956,2104,30,264,0,632,174,9160,2148,11308,0.101126,-0.0777715,-0.99183,1
3967,1321,21,173,0,460,99,6041,1130,7171,0.0973388,-0.0935311,-0.990847,1
5677,1851,40,242,0,558,131,8499,1217,9716,0.113132,-0.103978,-0.988124,1
6004,1722,27,232,0,521,129,8635,1440,10075,0.103472,-0.0930047,-0.990274,1
5624,1719,26,231,0,521,154,8275,1721,9996,0.0901347,-0.0887281,-0.991969,1
5854,1879,29,267,0,564,137,8730,1851,10581,0.0797669,-0.0810591,-0.993512,1
5727,1904,30,259,0,609,143,8672,1962,10634,0.0794471,-0.0859871,-0.993124,1
5703,1946,20,179,0,419,98,8365,1372,9737,0.0684439,-0.102832,-0.992341,1
3924,1476,20,250,0,460,106,6236,1417,7653,0.0594665,-0.11422,-0.991674,1
5218,2028,29,287,0,609,147,8318,1996,10314,0.0606204,-0.137109,-0.9887,1
5653,2347,31,297,0,742,197,9267,2318,11585,0.0775856,-0.14404,-0.986526,1
5470,2400,29,313,0,692,168,9072,1677,10749,0.0690601,-0.152686,-0.985859,1
4943,2122,27,280,0,607,149,8128,1497,9625,0.0686695,-0.148569,-0.986515,1
6099,2507,47,349,0,799,215,10016,1844,11860,0.080937,-0.145316,-0.986069,1
5288,2076,28,281,0,616,154,8443,1398,9841,0.0777356,-0.147515,-0.986001,1
5415,2119,29,285,0,650,156,8654,1407,10061,0.0747784,-0.146495,-0.986381,1
5155,2145,27,281,0,611,155,8374,1675,10049,0.0550633,-0.145604,-0.98781,1
5344,2155,27,288,0,670,167,8651,1599,10250,0.0527235,-0.157126,-0.98617,1
4588,1980,24,256,0,572,145,7565,1692,9257,0.0443445,-0.156776,-0.986638,1
4874,1880,47,283,0,571,142,7797,1682,9479,0.0375109,-0.162765,-0.985952,1
4637,1859,28,260,0,515,148,7447,1404,8851,0.0358792,-0.167842,-0.985161,1
5037,1887,42,258,0,559,143,7926,1608,9534,0.0285736,-0.167802,-0.985407,1
5750,2280,30,321,0,627,162,9170,1823,10993,0.022913,-0.17408,-0.984465,1
4970,1874,27,255,0,543,143,7812,1311,9123,0.0201385,-0.170471,-0.985157,1
5470,1950,27,260,0,548,142,8397,1192,9589,0.0334417,-0.178471,-0.983377,1
5046,2158,33,311,0,544,144,8236,1051,9287,0.0360481,-0.180749,-0.982868,1
4971,1861,27,256,0,659,148,7922,1036,8958,0.0471336,-0.203097,-0.978024,1
5976,1924,29,261,0,532,142,8864,922,9786,0.0517844,-0.208998,-0.976544,1
5691,2144,32,294,0,591,161,8913,1228,10141,0.0452959,-0.198638,-0.979026,1
8045,2116,32,296,0,585,157,11231,933,12164,0.0383055,-0.19261,-0.980528,1
5764,2156,31,305,0,585,157,8998,980,9978,0.0361054,-0.195676,-0.980004,1
5785,2117,31,330,0,589,158,9010,904,9914,0.0449845,-0.204188,-0.977898,1
5258,1790,29,236,0,486,128,7927,777,8704,0.0464631,-0.205704,-0.977511,1
5120,1589,28,222,0,457,131,7547,754,8301,0.0425148,-0.225798,-0.973246,1
6012,1669,31,254,0,480,129,8575,865,9440,0.0742418,-0.237952,-0.968435,1
5862,1669,31,257,0,447,119,8385,892,9277,0.0605399,-0.22234,-0.973088,1
5775,1485,31,238,0,433,118,8080,896,8976,0.026892,-0.216868,-0.975831,1
5838,1270,32,195,0,373,100,7808,729,8537,0.035425,-0.207959,-0.977496,1
5260,1245,28,191,0,360,95,7179,772,7951,0.0230243,-0.220146,-0.975195,1
5895,1340,31,196,0,376,102,7940,846,8786,0.016405,-0.191905,-0.981277,1
5305,1193,28,170,0,331,87,7114,738,7852,0.00942159,-0.200809,-0.979585,1
5413,1136,30,207,0,326,115,7227,762,7989,0.0453437,-0.22125,-0.974163,1
5214,1078,50,182,0,343,88,6955,689,7644,0.0467059,-0.209115,-0.976775,1
5122,1090,27,177,0,308,85,6809,729,7538,0.0440261,-0.201617,-0.978474,1
5148,1137,27,166,0,320,87,6885,797,7682,0.0525484,-0.195551,-0.979285,1
5412,1187,27,178,0,350,95,7249,663,7912,0.0503847,-0.196434,-0.979222,1
5963,1356,29,222,0,402,108,8080,747,8827,0.0658862,-0.203204,-0.976917,1
5230,1600,27,231,0,504,125,7717,703,8420,0.0584174,-0.19987,-0.97808,1
5401,1796,29,265,0,483,135,8109,724,8833,0.0784263,-0.20453,-0.975713,1
5448,1941,35,303,0,766,194,8687,906,9593,0.0843648,-0.208346,-0.97441,1
5427,2223,29,300,0,589,157,8725,719,9444,0.0841,-0.207559,-0.974601,1
5511,2572,28,303,0,605,165,9184,848,10032,0.0846166,-0.199322,-0.976274,1
5515,2456,28,314,0,634,172,9119,876,9995,0.0650844,-0.204188,-0.976766,1
5688,2528,28,333,0,703,188,9468,969,10437,0.0506386,-0.224805,-0.973087,1
5177,1681,16,185,0,389,109,7557,504,8061,0.0882908,-0.229099,-0.969391,1
2398,1218,12,155,0,311,86,4180,493,4673,0.02593,-0.187059,-0.982007,1
5781,2841,29,395,0,780,213,10039,1432,11471,0.0167016,-0.230117,-0.97302,1
5842,2936,29,382,0,765,214,10168,1098,11266,0.0289563,-0.181624,-0.982942,1
5367,2667,26,345,0,754,198,9357,1443,10800,0.0242515,-0.173807,-0.984481,1
5971,3012,30,409,0,834,220,10476,1271,11747,0.010751,-0.187315,-0.982241,1
5917,3070,29,389,0,810,217,10432,1697,12129,-0.0290784,-0.170451,-0.984937,1
4067,2074,19,269,0,608,153,7190,1111,8301,0.0593143,-0.228768,-0.971672,1
6030,3118,29,401,0,781,216,10575,1010,11585,0.0394944,-0.210006,-0.976902,1
5704,3089,28,383,0,776,213,10193,1208,11401,0.0659493,-0.219621,-0.973353,1
3871,2025,20,273,0,568,147,6904,678,7582,0.0573648,-0.220147,-0.973778,1
5694,2790,29,358,0,734,199,9804,1362,11166,0.033257,-0.219693,-0.975002,1
5726,2714,33,388,0,716,193,9770,1369,11139,-0.00260032,-0.226238,-0.974069,1
5804,2437,28,316,0,664,175,9424,1536,10960,0.010295,-0.26007,-0.965535,1
5229,1977,26,260,0,541,143,8176,1460,9636,0.0458417,-0.41253,-0.90979,1
5229,1745,24,234,0,494,129,7855,1144,8999,-0.0622881,-0.267988,-0.961407,1
5105,1637,21,266,0,476,121,7626,1932,9558,-0.104018,-0.196278,-0.975015,1
5792,1804,25,239,0,544,134,8538,2512,11050,-0.0440553,-0.19831,-0.979149,1
5823,1842,24,251,0,556,133,8629,1991,10620,-0.0370394,-0.307151,-0.95094,1
5674,1374,16,173,0,400,97,7734,1892,9626,0.0054648,-0.266512,-0.963816,1
2667,832,11,133,0,262,63,3968,1438,5406,0.000992573,-0.211013,-0.977482,1
2583,926,11,119,0,281,68,3988,1687,5675,0.0115093,-0.21376,-0.976819,1
6330,2398,28,268,0,591,153,9768,3942,13710,0.0306854,-0.255068,-0.966436,1
5619,1831,26,265,0,561,143,8445,2794,11239,0.0295636,-0.259876,-0.96519,1
3961,1149,21,160,0,337,88,5716,2040,7756,0.0394769,-0.239687,-0.970048,1
5407,1334,29,192,0,413,105,7480,2302,9782,0.0372124,-0.263725,-0.96388,1
5452,1137,31,168,0,347,93,7228,1862,9090,0.0402946,-0.257842,-0.965347,1
5356,1024,33,175,0,360,89,7037,1648,8685,0.0397895,-0.202316,-0.978512,1
5561,1020,30,155,0,311,82,7159,1390,8549,0.0328585,-0.228616,-0.972962,1
5757,1218,28,216,0,424,100,7743,1347,9090,0.0237567,-0.194107,-0.980693,1
2347,649,12,88,0,183,48,3327,496,3823,0.0163481,-0.216857,-0.976067,1
5596,1971,26,247,0,509,137,8486,1145,9631,0.0146204,-0.269422,-0.962911,1
5633,2205,26,290,0,583,155,8892,1132,10024,0.00943337,-0.278603,-0.96036,1
5602,2473,25,346,0,680,183,9309,1016,10325,0.0245423,-0.288116,-0.957281,1
5764,2640,24,384,0,801,201,9814,1017,10831,0.024442,-0.267595,-0.963222,1
5895,2909,23,365,0,750,204,10146,824,10970,0.0211274,-0.243295,-0.969722,1
5790,2919,25,371,0,838,216,10159,883,11042,0.0200162,-0.312218,-0.949799,1
5725,3060,25,381,0,819,257,10267,641,10908,0.00010616,-0.330071,-0.943956,1
3869,2126,16,303,0,535,146,6995,466,7461,0.0580698,-0.301459,-0.951709,1
6289,3089,25,409,0,778,216,10806,711,11517,0.0640549,-0.323784,-0.94396,1
5557,3048,30,401,0,815,208,10059,550,10609,0.0273628,-0.325845,-0.945027,1
4232,2099,18,257,0,556,146,7308,596,7904,0.0402153,-0.29333,-0.955165,1
5114,2779,34,348,0,734,198,9207,811,10018,0.00514624,-0.313872,-0.949452,1
5602,2575,25,346,0,684,186,9418,988,10406,-0.0203474,-0.427902,-0.903596,1
5218,2229,26,295,0,614,163,8545,1000,9545,-0.0147192,-0.423464,-0.905794,1
2789,1023,26,134,0,287,75,4334,621,4955,-0.00342548,-0.344276,-0.938862,1
3037,939,17,124,0,272,68,4457,1138,5595,-0.00309544,-0.318413,-0.947947,1
5866,1545,28,213,0,463,114,8229,2438,10667,-0.0101651,-0.447748,-0.894102,1
5816,1267,22,162,0,313,77,7657,1356,9013,-0.0156839,-0.392358,-0.919679,1
2739,633,11,85,0,192,46,3706,799,4505,-0.0125659,-0.333459,-0.942681,1
1911,527,11,72,0,163,40,2724,564,3288,-0.00886639,-0.29785,-0.954572,1
5920,1681,30,293,0,504,126,8554,1513,10067,-0.019322,-0.286401,-0.957915,1
5744,1726,28,247,0,519,153,8417,1351,9768,-0.033454,-0.27823,-0.959932,1
5947,1769,28,244,0,596,114,8698,631,9329,-0.0555341,-0.290087,-0.955388,1
6178,1897,34,265,0,535,137,9046,835,9881,-0.104727,-0.355379,-0.928837,1
5413,1950,27,270,0,799,169,8628,819,9447,-0.115732,-0.348887,-0.929991,1
2730,1137,11,123,0,296,75,4372,331,4703,-0.0548515,-0.292365,-0.954733,1
2328,932,12,127,0,260,69,3728,333,4061,-0.0829133,-0.327121,-0.941338,1
5477,2381,27,315,0,645,195,9040,854,9894,-0.101608,-0.473212,-0.875069,1
4839,1560,20,215,0,453,132,7219,578,7797,-0.0759692,-0.382189,-0.920956,1
2313,930,12,140,0,247,77,3719,306,4025,-0.0380044,-0.271416,-0.961712,1
5282,1775,27,246,0,525,166,8021,697,8718,-0.0349283,-0.330922,-0.943012,1
5164,1288,26,187,0,364,121,7150,696,7846,-0.0490012,-0.307418,-0.950312,1
5312,993,27,155,0,296,84,6867,734,7601,-0.0533829,-0.30797,-0.949898,1
5297,1085,28,201,0,315,89,7015,740,7755,-0.0473895,-0.318304,-0.946804,1
5444,1451,26,245,0,491,135,7792,696,8488,-0.057032,-0.302813,-0.951342,1
5383,1941,28,264,0,583,146,8345,910,9255,-0.0211073,-0.316485,-0.948363,1
5631,2369,28,308,0,602,166,9104,977,10081,-0.022139,-0.293164,-0.955806,1
5170,2270,25,294,0,622,163,8544,920,9464,-0.0433301,-0.272446,-0.961195,1
5756,2760,35,347,0,735,197,9830,1198,11028,0.0089052,-0.300568,-0.953719,1
5715,2850,34,360,0,723,197,9879,1293,11172,-0.00877028,-0.315114,-0.949014,1
5765,2877,29,384,0,737,204,9996,1245,11241,-0.0110179,-0.265967,-0.963919,1
5755,2801,29,374,0,729,200,9888,1352,11240,-0.0123451,-0.253044,-0.967376,1
5683,2690,28,351,0,717,192,9661,1595,11256,0.0224639,-0.258203,-0.96583,1
4994,2459,26,305,0,621,172,8577,1434,10011,0.0475095,-0.238442,-0.969994,1
5764,2698,31,360,0,683,187,9723,1367,11090,0.0102935,-0.219953,-0.975456,1
5843,2417,29,326,0,696,181,9492,1720,11212,0.0108638,-0.216848,-0.976145,1
5905,2470,28,333,0,651,185,9572,1869,11441,0.00516926,-0.214931,-0.976616,1
5074,2034,25,267,0,563,150,8113,1646,9759,0.0320674,-0.22725,-0.973309,1
5779,2079,27,280,0,626,161,8952,1851,10803,0.0238844,-0.249844,-0.967992,1
5740,1950,29,269,0,556,148,8692,1956,10648,0.0433758,-0.244275,-0.968735,1
5263,1507,25,208,0,491,117,7611,2082,9693,0.0368977,-0.295919,-0.9545,1
5824,1671,29,221,0,514,124,8383,3383,11766,-0.285521,-0.129518,-0.94958,1
5784,1690,27,221,0,553,124,8399,1618,10017,-0.0263007,-0.264477,-0.964033,1
6533,2061,27,267,0,584,138,9610,3200,12810,-0.0566654,-0.405077,-0.912525,1
5788,1408,17,170,0,404,100,7887,2264,10151,-0.0482602,-0.367325,-0.92884,1
2438,842,10,111,0,253,63,3717,1368,5085,-0.0253309,-0.270762,-0.962313,1
1745,607,9,83,0,185,46,2675,1006,3681,-0.0224849,-0.245448,-0.969149,1
5664,1908,30,275,0,576,150,8603,3119,11722,-0.0375563,-0.291864,-0.955722,1
5640,1812,30,253,0,529,138,8402,2245,10647,-0.0259993,-0.255082,-0.96657,1
5564,1673,31,251,0,583,185,8287,2139,10426,-0.0351235,-0.240284,-0.970067,1
5524,1455,30,217,0,436,134,7796,1582,9378,-0.0261429,-0.240946,-0.970186,1
5704,1310,30,193,0,387,103,7727,1512,9239,-0.0125462,-0.261057,-0.965242,1
5654,1235,31,180,0,371,97,7568,1672,9240,-0.0162308,-0.274012,-0.961589,1
6486,1592,37,221,0,417,110,8863,1436,10299,0.0276667,-0.246555,-0.968734,1
5596,1825,27,252,0,519,136,8355,1132,9487,0.00738642,-0.292215,-0.956324,1
5846,2273,46,296,0,619,164,9244,1228,10472,-0.0155852,-0.304046,-0.95253,1
6839,2626,24,338,0,750,219,10796,1112,11908,0.0168886,-0.343369,-0.939049,1
5854,2879,22,379,0,750,228,10112,1030,11142,0.0250754,-0.328149,-0.944293,1
4005,1992,15,331,0,527,146,7016,693,7709,0.00429907,-0.333337,-0.942798,1
5422,2878,24,369,0,764,247,9704,1135,10839,0.0123551,-0.380766,-0.924589,1
5554,2941,29,450,0,826,217,10017,1094,11111,0.0071951,-0.37245,-0.928024,1
5820,3445,27,392,0,825,211,10720,1210,11930,0.0122765,-0.353315,-0.935424,1
3607,1941,17,247,0,517,137,6466,929,7395,0.0201162,-0.325518,-0.945322,1
5269,2573,27,334,0,724,185,9112,1567,10679,0.0284965,-0.332757,-0.942582,1
5256,2200,33,295,0,639,165,8588,1674,10262,0.0384604,-0.342321,-0.938796,1
5345,1840,25,270,0,766,216,8462,2178,10640,0.0363584,-0.341458,-0.939193,1
5576,1589,27,217,0,505,135,8049,2743,10792,0.0419235,-0.371691,-0.927409,1
5679,1554,28,220,0,459,113,8053,2300,10353,0.0562516,-0.364071,-0.929671,1
5840,1968,39,215,0,516,118,8696,2164,10860,0.044665,-0.338571,-0.93988,1
3896,1124,20,152,0,357,85,5634,1171,6805,0.0424626,-0.28925,-0.956312,1
5595,1711,36,234,0,517,127,8220,1855,10075,0.0240701,-0.301488,-0.953166,1
5508,1758,35,243,0,532,131,8207,1205,9412,0.0237802,-0.316404,-0.948327,1
5725,2017,31,260,0,590,143,8766,739,9505,0.0230937,-0.329289,-0.943947,1
5453,2070,29,284,0,633,153,8622,483,9105,0.0548658,-0.383415,-0.921945,1
5262,2136,53,293,0,606,160,8510,422,8932,0.0337563,-0.314379,-0.948697,1
5276,2298,29,314,0,652,174,8743,548,9291,0.034983,-0.364041,-0.930726,1
5355,2435,28,326,0,677,178,8999,618,9617,0.0422085,-0.268439,-0.962372,1
5349,2353,30,320,0,659,174,8885,640,9525,0.00248989,-0.273982,-0.961732,1
5381,2343,27,331,0,641,172,8895,957,9852,-0.0267411,-0.303222,-0.952545,1
3853,1465,18,188,0,327,85,5936,501,6437,-0.0301165,-0.239061,-0.970538,1
3363,1389,18,163,0,332,90,5355,601,5956,-0.0345651,-0.245677,-0.968735,1
5556,1505,29,256,0,471,148,7965,1007,8972,0.0015523,-0.269364,-0.963037,1
5188,1406,28,194,0,446,138,7400,986,8386,-0.0029407,-0.24392,-0.969791,1
5431,1139,27,170,0,340,92,7199,999,8198,-0.00864413,-0.239625,-0.970827,1
5333,1151,27,192,0,343,94,7140,925,8065,-0.0208051,-0.246456,-0.968931,1
5483,1404,28,186,0,452,137,7690,958,8648,-0.0178068,-0.232865,-0.972346,1
5358,1477,26,207,0,408,109,7585,915,8500,0.00943335,-0.232495,-0.972552,1
5661,1751,27,239,0,519,137,8334,1058,9392,0.0158719,-0.271305,-0.962363,1
5878,2188,26,288,0,578,158,9116,1139,10255,0.0423981,-0.288981,-0.956396,1
5626,2435,28,316,0,659,200,9264,1158,10422,0.0442057,-0.306221,-0.950934,1
5940,2714,30,347,0,701,191,9923,1166,11089,0.0103943,-0.289852,-0.957015,1
5679,2649,19,245,0,502,139,9233,933,10166,0.02796,-0.269998,-0.962455,1
5259,2415,27,330,0,747,192,8970,1625,10595,0.0291142,-0.304136,-0.952183,1
5707,2506,30,330,0,716,187,9476,2032,11508,0.0235874,-0.318923,-0.947487,1
5677,2377,27,341,0,665,217,9304,2526,11830,0.00146688,-0.476718,-0.879055,1
4030,1360,14,149,0,303,78,5934,1876,7810,0.0484691,-0.00826402,-0.99879,1
2442,779,11,110,0,232,59,3633,1020,4653,-0.0207363,-0.222281,-0.974762,1
5834,1798,26,230,0,522,126,8536,6442,14978,0.0420103,-0.393901,-0.918193,1
5797,1731,25,228,0,532,132,8445,4526,12971,-0.119935,-0.52832,-0.840532,1
4337,1317,34,167,0,387,93,6335,2146,8481,-0.0825284,-0.610371,-0.787805,1
5760,2029,24,292,0,617,147,8869,3797,12666,-0.145864,-0.482727,-0.863538,1
5952,2118,25,280,0,646,154,9175,2006,11181,-0.0083521,-0.246381,-0.969137,1
5796,2217,26,288,0,653,165,9145,3595,12740,-0.0143706,-0.227129,-0.973759,1
5739,2147,28,288,0,689,169,9060,3831,12891,-0.0108626,-0.229212,-0.973316,1
5851,2103,28,281,0,737,168,9168,3413,12581,-0.00145061,-0.220831,-0.975311,1
5721,2081,29,312,0,629,160,8932,2127,11059,0.00568805,-0.242314,-0.970181,1
3973,1355,22,228,0,399,105,6082,1418,7500,0.0218207,-0.233614,-0.972085,1
5770,1754,30,243,0,493,131,8421,1681,10102,0.0242926,-0.271904,-0.962018,1
5642,1571,30,212,0,472,122,8049,1210,9259,0.0272066,-0.286537,-0.957683,1
4419,962,22,135,0,267,71,5876,814,6690,0.0349134,-0.297639,-0.95404,1
5990,1578,35,237,0,396,108,8344,1125,9469,0.0615776,-0.30533,-0.950254,1
5873,1650,28,238,0,480,151,8420,1121,9541,0.0300678,-0.328482,-0.944031,1
3840,1426,18,193,0,397,107,5981,800,6781,0.0341899,-0.331453,-0.942852,1
5712,2349,25,305,0,666,175,9232,1066,10298,0.0187058,-0.332553,-0.942899,1
5818,2704,47,336,0,723,189,9817,1034,10851,0.0114535,-0.352585,-0.93571,1
6041,2843,25,357,0,748,206,10220,1070,11290,0.016016,-0.342941,-0.939221,1
3861,1977,17,290,0,530,169,6844,784,7628,0.0184888,-0.338286,-0.940862,1
5536,2883,25,372,0,779,231,9826,1115,10941,0.00417396,-0.344227,-0.938877,1
5502,2868,26,367,0,839,212,9814,1122,10936,-0.0107446,-0.37073,-0.928678,1
5392,2805,25,358,0,743,198,9521,1247,10768,0.0154678,-0.374492,-0.927101,1
5706,2577,25,342,0,732,190,9572,1255,10827,0.0283825,-0.369968,-0.928611,1
5326,2333,28,304,0,685,198,8874,1326,10200,0.0353426,-0.355527,-0.933998,1
5285,2056,28,313,0,591,154,8427,1553,9980,0.0356404,-0.331648,-0.94273,1
5380,1851,27,251,0,546,139,8194,1835,10029,0.03053,-0.301917,-0.952846,1
5508,1717,28,232,0,510,128,8123,2199,10322,0.0369722,-0.295131,-0.954741,1
5588,1652,27,221,0,540,145,8173,2693,10866,0.0256161,-0.296148,-0.954798,1
5576,1610,36,223,0,501,121,8067,2654,10721,0.027965,-0.275695,-0.960838,1
5716,1640,29,219,0,516,122,8242,2814,11056,0.0333103,-0.274392,-0.961041,1
6096,1649,31,224,0,543,125,8668,2393,11061,0.0448708,-0.27798,-0.959538,1
4058,1179,20,160,0,370,88,5875,1597,7472,0.0400894,-0.253263,-0.966566,1
5151,1627,26,217,0,497,118,7636,1769,9405,0.0423912,-0.280665,-0.95887,1
5463,1803,31,244,0,608,173,8322,2024,10346,0.0283431,-0.298149,-0.954098,1
5616,1892,29,252,0,573,139,8501,1210,9711,0.0326087,-0.286138,-0.957633,1
5654,1960,29,288,0,598,149,8678,842,9520,0.0442414,-0.344348,-0.937799,1
5295,1524,20,200,0,423,106,7568,472,8040,0.0307187,-0.314211,-0.948856,1
2331,949,17,129,0,263,68,3757,317,4074,0.0186905,-0.257492,-0.9661,1
2537,1056,14,141,0,297,77,4122,343,4465,0.0252569,-0.251571,-0.967509,1
5540,2365,27,318,0,666,171,9087,705,9792,0.024937,-0.258708,-0.965634,1
5229,2432,27,327,0,970,286,9271,1054,10325,0.0272784,-0.254093,-0.966795,1
5352,2401,27,328,0,704,185,8997,827,9824,0.0397365,-0.271495,-0.961619,1
5227,2372,26,325,0,671,198,8819,883,9702,0.042817,-0.282514,-0.958307,1
5411,2274,26,315,0,671,182,8879,685,9564,0.0503233,-0.287956,-0.95632,1
5297,2467,34,436,0,847,184,9265,852,10117,0.0361287,-0.284115,-0.958109,1
5369,2258,30,394,0,875,216,9142,901,10043,0.0184206,-0.27213,-0.962084,1
4939,1713,22,239,0,514,135,7562,804,8366,0.00797001,-0.253695,-0.967251,1
6096,1609,27,257,0,470,128,8587,917,9504,0.0199713,-0.262151,-0.96482,1
5427,1384,24,193,0,394,105,7527,907,8434,0.0337089,-0.251564,-0.967254,1
5857,1248,27,178,0,390,99,7799,877,8676,0.053332,-0.283953,-0.957354,1
5278,1255,26,170,0,343,93,7165,899,8064,0.0667951,-0.310393,-0.948259,1
5292,1273,26,189,0,367,99,7246,988,8234,0.0251517,-0.284577,-0.958323,1
5462,1502,26,209,0,414,113,7726,931,8657,0.0135606,-0.273832,-0.961682,1
5408,1777,48,246,0,497,139,8115,1064,9179,0.0137121,-0.276793,-0.960832,1
5419,2263,34,373,0,570,156,8815,1077,9892,0.0221312,-0.262187,-0.964764,1
5113,2194,25,282,0,598,157,8369,1150,9519,0.019329,-0.25356,-0.967127,1
5917,2585,29,342,0,690,188,9751,1255,11006,0.0269359,-0.256608,-0.96614,1
5831,2708,29,353,0,706,194,9821,1097,10918,0.0206292,-0.248242,-0.968479,1
5709,2716,31,387,0,805,201,9849,1195,11044,0.0160227,-0.257898,-0.96604,1
3969,1822,22,235,0,501,134,6683,857,7540,0.0222372,-0.242637,-0.969862,1
3925,1744,32,227,0,466,125,6519,1044,7563,0.0319971,-0.240016,-0.970242,1
5886,2265,29,341,0,642,173,9336,1837,11173,0.0289865,-0.280015,-0.959558,1
5889,1992,30,270,0,575,149,8905,2588,11493,0.078081,-0.40901,-0.909183,1
5067,1275,19,170,0,373,95,6999,2074,9073,0.105336,-0.431844,-0.895776,1
2173,595,10,81,0,182,44,3085,1341,4426,0.118336,-0.342263,-0.932123,1
1940,531,9,73,0,168,40,2761,1266,4027,0.128869,-0.378083,-0.916759,1
5711,1797,25,217,0,508,121,8379,-1000,-1000,-1,-1,-1,1
6551,1790,25,233,0,548,130,9277,2742,12019,0.00746137,-0.221788,-0.975067,1
4053,1298,20,170,0,437,137,6115,2170,8285,-0.00385029,-0.210863,-0.977508,1
6553,2217,30,286,0,682,168,9936,4110,14046,-0.00605452,-0.265318,-0.964142,1
7426,2365,29,307,0,736,176,11039,4602,15641,0.0328728,-0.411282,-0.910915,1
3300,970,12,125,0,281,72,4760,1645,6405,0.0309224,-0.346691,-0.93747,1
1916,672,9,91,0,217,53,2958,982,3940,0.0356074,-0.279767,-0.959407,1
1899,662,9,90,0,192,51,2903,792,3695,0.0326274,-0.229072,-0.972862,1
5776,2294,36,311,0,619,162,9198,2313,11511,0.00746665,-0.239439,-0.970883,1
5612,1926,29,259,0,533,142,8501,1874,10375,0.0197681,-0.24724,-0.968753,1
6425,1924,35,260,0,551,144,9339,1645,10984,0.022203,-0.274925,-0.961209,1
4117,995,22,147,0,295,79,5655,949,6604,0.0652279,-0.245149,-0.967288,1
5559,1162,29,172,0,347,92,7361,1159,8520,0.0303455,-0.275282,-0.960885,1
5793,1595,53,190,0,380,101,8112,1057,9169,0.0419732,-0.274912,-0.960553,1
5561,1614,27,264,0,471,126,8063,1152,9215,0.0615118,-0.28957,-0.955179,1
6337,2071,26,290,0,566,151,9441,944,10385,0.0169962,-0.323165,-0.94619,1
5595,2316,24,329,0,657,176,9097,844,9941,0.0221861,-0.342065,-0.939415,1
3918,1802,16,232,0,542,138,6648,562,7210,0.0114042,-0.357152,-0.933977,1
6472,3212,26,458,0,845,227,11240,911,12151,0.0141135,-0.378258,-0.925592,1
6280,3155,50,408,0,873,229,10995,988,11983,0.0398453,-0.34961,-0.936048,1
6120,3158,26,452,0,919,228,10903,849,11752,0.0313303,-0.343562,-0.938608,1
4074,1992,19,256,0,565,146,7052,801,7853,0.0277045,-0.316468,-0.948198,1
6317,2981,29,372,0,810,272,10781,1339,12120,0.0378558,-0.440768,-0.896822,1
3724,1271,14,166,0,351,91,5617,605,6222,0.0424033,-0.353314,-0.934543,1
2405,882,11,118,0,251,63,3730,548,4278,0.0342166,-0.32946,-0.943549,1
5653,1662,26,232,0,525,131,8229,1755,9984,0.0117838,-0.367732,-0.929857,1
6462,1846,30,280,0,801,137,9556,2653,12209,0.0180476,-0.480311,-0.876912,1
4360,1123,17,123,0,283,66,5972,1429,7401,0.0233838,-0.435931,-0.899676,1
2475,567,11,79,0,182,43,3357,970,4327,0.0159104,-0.349271,-0.936887,1
2322,673,13,92,0,208,49,3357,944,4301,0.0155195,-0.320883,-0.946992,1
6548,1988,30,284,0,597,144,9591,2106,11697,0.023515,-0.326944,-0.944751,1
6101,1360,22,178,0,405,98,8164,1390,9554,0.0212875,-0.29958,-0.953834,1
3110,1051,17,137,0,316,77,4708,914,5622,0.0153073,-0.275651,-0.961136,1
4906,1663,26,231,0,512,143,7481,984,8465,0.0150774,-0.280185,-0.959828,1
5471,1888,30,294,0,578,149,8410,725,9135,0.01773,-0.265673,-0.9639,1
5684,2200,31,286,0,587,151,8939,640,9579,0.0753413,-0.324684,-0.942817,1
5374,2214,27,297,0,675,169,8756,559,9315,0.0766264,-0.359313,-0.930066,1
5478,2399,32,353,0,711,183,9156,488,9644,0.0886364,-0.393874,-0.914881,1
3980,1774,17,290,0,515,133,6709,325,7034,0.064874,-0.310976,-0.948201,1
5664,2510,26,341,0,697,187,9425,458,9883,0.0595277,-0.291133,-0.954829,1
5232,2662,27,360,0,709,235,9225,577,9802,0.046179,-0.293147,-0.954952,1
5683,2285,25,313,0,670,173,9149,682,9831,0.068135,-0.315711,-0.946406,1
6129,2233,25,308,0,644,171,9510,686,10196,0.0741987,-0.319977,-0.944516,1
4796,1898,23,264,0,538,145,7664,576,8240,0.0696833,-0.348172,-0.934837,1
5261,2014,25,275,0,560,153,8288,673,8961,0.0552999,-0.316573,-0.946955,1
5457,1917,28,254,0,515,137,8308,756,9064,0.0570374,-0.304991,-0.950646,1
5517,1567,27,299,0,462,129,8001,685,8686,0.0539081,-0.304926,-0.950849,1
5494,1502,28,206,0,411,111,7752,652,8404,0.062802,-0.296906,-0.952839,1
5316,1262,27,184,0,364,96,7249,676,7925,0.0434564,-0.270706,-0.961681,1
5415,1248,31,183,0,344,92,7313,783,8096,0.107572,-0.322583,-0.940409,1
5138,1130,26,166,0,331,90,6881,703,7584,0.0464278,-0.289095,-0.956174,1
8493,1538,25,159,0,268,70,10553,637,11190,0.0420405,-0.27261,-0.961206,1
4833,1309,24,183,0,366,98,6813,718,7531,0.0244393,-0.268604,-0.962941,1
5306,1753,28,240,0,487,132,7946,857,8803,-0.0114789,-0.272294,-0.962146,1
5368,2096,27,262,0,518,144,8415,866,9281,-0.00609934,-0.272607,-0.962106,1
5625,2383,29,312,0,638,173,9160,1125,10285,0.0311929,-0.269143,-0.962595,1
5849,2527,29,331,0,674,182,9592,986,10578,0.0247867,-0.24163,-0.970052,1
5712,2556,29,341,0,685,186,9509,1121,10630,0.0145211,-0.24707,-0.968889,1
5592,2496,28,332,0,680,184,9312,1260,10572,0.0229972,-0.333229,-0.942565,1
5853,1678,21,214,0,451,119,8336,948,9284,0.0142376,-0.295045,-0.955378,1
3030,1109,16,147,0,289,68,4659,817,5476,-0.000189183,-0.216951,-0.976182,1
5781,1935,27,263,0,572,148,8726,2588,11314,0.0207504,-0.224617,-0.974226,1
5635,1788,29,241,0,534,134,8361,1854,10215,0.019502,-0.261863,-0.964908,1
5282,1531,37,207,0,478,125,7660,2807,10467,0.0529913,-0.21895,-0.974296,1
5072,1485,25,204,0,468,115,7369,2113,9482,0.0242837,-0.21105,-0.977174,1
5658,1694,26,224,0,536,127,8265,7178,15443,0.0117639,-0.232776,-0.972459,1
3901,1253,18,160,0,381,89,5802,3261,9063,-0.0889308,-0.535539,-0.839815,1
5678,1823,25,241,0,563,142,8472,1175,9647,-0.429836,-0.162567,-0.888152,1
5736,1904,32,298,0,581,136,8687,1941,10628,0.00641631,-0.183343,-0.983028,1
5706,1912,24,249,0,608,163,8662,2456,11118,0.000978225,-0.184087,-0.982909,1
5631,1908,25,249,0,593,142,8548,2764,11312,0.00749699,-0.160598,-0.986992,1
5590,1885,25,251,0,594,143,8488,2628,11116,0.00291927,-0.152053,-0.988368,1
5631,1881,24,280,0,589,141,8546,2532,11078,-0.00463744,-0.110152,-0.993904,1
5594,1943,34,250,0,602,144,8567,3803,12370,-0.0196297,-0.0995017,-0.994844,1
2798,812,10,105,0,259,61,4045,1302,5347,-0.00727555,-0.11617,-0.993203,1
2631,904,13,131,0,279,69,4027,1482,5509,-0.00908921,-0.134032,-0.990935,1
5674,1969,26,254,0,644,162,8729,2245,10974,-0.0141578,-0.157377,-0.987437,1
5652,1908,18,172,0,409,98,8257,1942,10199,-0.0149837,-0.157186,-0.987456,1
2780,836,11,108,0,255,61,4051,1056,5107,-0.00228682,-0.159341,-0.987221,1
1975,700,10,91,0,228,53,3057,967,4024,0.00233874,-0.143066,-0.98971,1
5841,2002,25,251,0,614,142,8875,2275,11150,0.00541803,-0.135176,-0.990807,1
6205,2043,27,261,0,598,148,9282,5102,14384,0.00648395,-0.124347,-0.992217,1
3900,1338,18,176,0,408,99,5939,1789,7728,0.00897298,-0.120185,-0.992711,1
6002,1902,26,247,0,575,146,8898,3065,11963,0.0245925,-0.130599,-0.99113,1
5576,1941,24,256,0,576,146,8519,2490,11009,0.0260656,-0.127417,-0.991507,1
5680,1894,24,246,0,567,137,8548,2291,10839,-0.00661114,-0.119913,-0.992762,1
5735,1849,24,263,0,589,166,8626,2460,11086,-0.00151523,-0.113719,-0.993512,1
6166,1953,26,248,0,521,97,9011,2406,11417,0.0113225,-0.140177,-0.990062,1
2820,826,16,114,0,245,60,4081,1337,5418,0.0101733,-0.143009,-0.989669,1
2267,799,11,102,0,236,56,3471,1586,5057,0.00840268,-0.152394,-0.988284,1
6082,2741,33,384,0,895,211,10346,2477,12823,-0.00638927,-0.167118,-0.985916,1
5844,2003,26,252,0,587,142,8854,2345,11199,0.00511869,-0.176366,-0.984311,1
3993,1331,14,134,0,311,75,5858,1272,7130,0.00560159,-0.18148,-0.983379,1
2342,681,8,88,0,212,50,3381,908,4289,0.00220413,-0.169538,-0.985521,1
2199,764,10,100,0,234,57,3364,1077,4441,0.0032849,-0.175356,-0.984499,1
5858,1931,25,256,0,603,147,8820,3089,11909,0.000415693,-0.190352,-0.981716,1
5661,1923,25,275,0,605,146,8635,3234,11869,0.000144788,-0.197905,-0.980221,1
5644,1998,24,263,0,615,150,8694,3508,12202,0.0026832,-0.205368,-0.978681,1
5847,2106,26,267,0,613,152,9011,3811,12822,0.00496055,-0.217758,-0.97599,1
5862,2136,28,264,0,604,150,9044,3968,13012,0.0119853,-0.222724,-0.974808,1
5909,2064,27,273,0,608,181,9062,3721,12783,0.0156891,-0.237058,-0.971369,1
3979,1383,19,183,0,410,112,6086,2263,8349,0.017123,-0.201119,-0.979417,1
5631,1930,27,264,0,583,151,8586,3248,11834,0.0369487,-0.237572,-0.970667,1
5573,1863,29,254,0,529,141,8389,2417,10806,0.0244321,-0.221399,-0.974877,1
5734,1733,31,240,0,497,129,8364,2097,10461,0.0326974,-0.208168,-0.977547,1
6158,1771,43,260,0,442,150,8824,1704,10528,0.0232572,-0.239972,-0.970501,1
5012,1236,27,178,0,370,98,6921,1372,8293,0.0046618,-0.256309,-0.966584,1
5696,1271,28,187,0,430,107,7719,1378,9097,0.0503362,-0.245704,-0.968037,1
5704,1281,28,187,0,419,111,7730,1289,9019,0.0121702,-0.285044,-0.958437,1
5706,1486,32,253,0,433,118,8028,1240,9268,0.00469472,-0.289629,-0.957128,1
5565,1789,27,243,0,518,135,8277,1172,9449,0.0186656,-0.298657,-0.954178,1
5581,2068,46,271,0,564,190,8720,1053,9773,0.0199804,-0.291449,-0.956378,1
6351,2326,24,311,0,635,171,9818,1054,10872,0.0135708,-0.307381,-0.95149,1
5736,2703,26,339,0,696,184,9684,1068,10752,0.0151225,-0.281352,-0.959486,1
6106,2789,25,354,0,762,204,10240,1034,11274,0.0262543,-0.30463,-0.952109,1
4939,2968,27,434,0,735,193,9296,912,10208,0.0176419,-0.334681,-0.942166,1
5625,2971,28,409,0,805,207,10045,1049,11094,0.00141007,-0.348932,-0.937147,1
5507,2952,25,421,0,867,213,9985,1043,11028,0.00330658,-0.387376,-0.921916,1
3887,2018,17,260,0,542,149,6873,858,7731,0.00140057,-0.376557,-0.926392,1
4803,2385,22,297,0,646,165,8318,1230,9548,0.013058,-0.376975,-0.926132,1
5139,2142,24,277,0,592,176,8350,1315,9665,0.0273946,-0.370802,-0.928308,1
5185,2146,26,283,0,635,159,8434,1585,10019,0.0358244,-0.361273,-0.931771,1
5447,1981,27,253,0,561,141,8410,2230,10640,0.0480345,-0.337438,-0.940122,1
5638,1925,27,251,0,560,141,8542,2502,11044,0.0262536,-0.314742,-0.948814,1
5692,1879,28,248,0,562,136,8545,2891,11436,0.0138083,-0.308508,-0.951122,1
4032,1553,45,226,0,471,103,6430,1919,8349,0.0227712,-0.32021,-0.947073,1
5773,1924,28,256,0,575,141,8697,1991,10688,0.0171434,-0.326579,-0.945014,1
5612,1854,30,252,0,573,138,8459,1933,10392,0.0322147,-0.334398,-0.941881,1
5480,1861,29,254,0,576,155,8355,1251,9606,0.0310779,-0.307368,-0.951084,1
5707,2001,28,293,0,614,153,8796,982,9778,0.0162658,-0.296857,-0.954784,1
5653,2085,29,299,0,927,242,9235,856,10091,0.0104396,-0.253659,-0.967238,1
6002,1872,20,204,0,457,110,8665,420,9085,0.00998755,-0.281624,-0.959473,1
5367,2458,28,269,0,587,147,8856,455,9311,0.0228562,-0.248768,-0.968294,1
5017,2076,25,304,0,612,157,8191,413,8604,0.00431672,-0.251709,-0.967793,1
5596,2422,28,330,0,684,180,9240,525,9765,0.023882,-0.255191,-0.966596,1
5465,2544,29,344,0,706,205,9293,447,9740,0.036743,-0.306141,-0.951277,1
5483,2667,44,352,0,720,195,9461,397,9858,0.0172733,-0.263842,-0.964411,1
5485,2590,29,345,0,707,189,9345,587,9932,0.0123554,-0.23524,-0.971859,1
5438,2458,34,354,0,714,187,9185,835,10020,0.0139803,-0.246609,-0.969014,1
5422,2416,29,328,0,662,175,9032,809,9841,0.0209908,-0.266701,-0.963551,1
4795,2026,25,287,0,601,156,7890,686,8576,0.0391319,-0.285259,-0.957651,1
5496,2123,28,288,0,584,161,8680,797,9477,0.0393358,-0.28839,-0.956705,1
5495,1930,48,268,0,567,151,8459,826,9285,0.0299977,-0.27356,-0.961387,1
5321,1683,29,241,0,490,133,7897,838,8735,0.0255858,-0.247133,-0.968644,1
5347,1615,28,241,0,460,126,7817,877,8694,0.0303192,-0.247138,-0.968506,1
5424,1471,27,210,0,422,115,7669,897,8566,0.0469347,-0.243099,-0.968866,1
5583,1319,27,188,0,382,103,7602,972,8574,0.0274141,-0.270732,-0.962264,1
5220,1153,41,191,0,341,93,7039,1033,8072,0.0228088,-0.266562,-0.963548,1
5471,1212,30,174,0,338,92,7317,994,8311,0.0388987,-0.27796,-0.959805,1
5437,1338,27,209,0,379,105,7495,968,8463,0.0651119,-0.278833,-0.95813,1
5598,1705,28,237,0,471,129,8168,1012,9180,0.0649856,-0.296979,-0.95267,1
5584,2196,29,298,0,605,164,8876,1240,10116,0.0736314,-0.279201,-0.957406,1
5670,2624,30,336,0,677,186,9523,1174,10697,0.0623487,-0.25027,-0.966166,1
5865,2732,31,358,0,741,201,9928,1210,11138,0.0568046,-0.25363,-0.965632,1
5687,2673,29,350,0,715,192,9646,1525,11171,0.0789295,-0.271037,-0.959328,1
5725,2518,32,340,0,714,189,9518,1764,11282,0.0218027,-0.306084,-0.951755,1
5730,2912,32,378,0,650,178,9880,3641,13521,0.0236025,-0.338452,-0.940688,1
3036,1199,16,159,0,336,86,4832,2587,7419,0.0447446,-0.324626,-0.944783,1
6135,2238,30,285,0,610,157,9455,5323,14778,0.137186,-0.268824,-0.95337,1
5877,2309,32,293,0,647,161,9319,2110,11429,0.0222634,-0.238009,-0.971008,1
3986,1515,19,235,0,443,115,6313,4007,10320,0.034756,-0.321867,-0.946147,1
4017,1506,18,212,0,433,109,6295,4068,10363,0.0348698,-0.358814,-0.932758,1
5894,2160,25,304,0,649,156,9188,3501,12689,-0.0331368,-0.275514,-0.960726,1
5698,2182,27,305,0,666,159,9037,2490,11527,0.00840895,-0.249276,-0.968396,1
5759,2166,27,285,0,674,159,9070,3265,12335,0.0105039,-0.240109,-0.970689,1
5717,2231,25,284,0,687,172,9116,3807,12923,0.0192505,-0.251255,-0.967729,1
3994,1534,17,207,0,451,112,6315,2716,9031,0.0137406,-0.2557,-0.966659,1
5807,2275,25,299,0,686,172,9264,3553,12817,0.0158628,-0.301469,-0.953344,1
7709,2825,45,306,0,539,122,11546,2126,13672,0.0315376,-0.306972,-0.951196,1
2923,1197,16,162,0,344,93,4735,1191,5926,0.0265645,-0.273191,-0.961593,1
5822,2087,33,291,0,613,160,9006,1671,10677,0.0359472,-0.274296,-0.960973,1
5645,1665,31,234,0,490,129,8194,1471,9665,0.0364314,-0.270097,-0.962143,1
5905,1242,31,182,0,360,97,7817,1315,9132,0.0386243,-0.288578,-0.956677,1
5641,1156,29,172,0,343,92,7433,1164,8597,0.0171094,-0.30008,-0.953761,1
5515,1529,30,211,0,426,113,7824,1157,8981,0.0254925,-0.314115,-0.949043,1
5710,1952,33,288,0,567,149,8699,1051,9750,0.038179,-0.305167,-0.951533,1
5534,2219,24,309,0,604,162,8852,990,9842,0.0336578,-0.294002,-0.955212,1
6468,2352,23,339,0,654,179,10015,915,10930,0.0382678,-0.319863,-0.946691,1
5667,2613,29,429,0,702,195,9635,1016,10651,0.0437792,-0.315735,-0.947837,1
6467,2695,23,377,0,730,200,10492,899,11391,0.0609462,-0.304828,-0.950456,1
5416,2923,24,365,0,740,202,9670,958,10628,0.0460194,-0.315773,-0.947718,1
5362,2773,23,356,0,747,203,9464,929,10393,0.0358006,-0.298336,-0.953789,1
5579,2858,24,363,0,779,206,9809,1087,10896,0.0371393,-0.38971,-0.920188,1
3435,1504,14,190,0,418,114,5675,633,6308,0.0276678,-0.334096,-0.942133,1
2244,1239,11,162,0,315,84,4055,533,4588,0.0283616,-0.283307,-0.95861,1
5266,2737,24,346,0,717,192,9282,1394,10676,0.0444511,-0.355694,-0.933545,1
3530,1466,12,176,0,368,96,5648,761,6409,0.0357409,-0.28659,-0.957386,1
2654,1268,14,157,0,333,89,4515,718,5233,0.0282563,-0.277633,-0.960271,1
5421,2421,27,308,0,657,192,9026,1596,10622,0.0168247,-0.317767,-0.94802,1
5659,2486,26,307,0,653,169,9300,2029,11329,0.00761691,-0.310043,-0.950692,1
5721,2341,28,301,0,653,168,9212,2731,11943,0.0185156,-0.30139,-0.953321,1
6713,2624,33,330,0,758,187,10645,3186,13831,0.01712,-0.404997,-0.914158,1
4391,1311,17,161,0,358,89,6327,1538,7865,0.0258877,-0.404139,-0.914331,1
2336,794,12,105,0,233,58,3538,910,4448,0.0226728,-0.326444,-0.944945,1
1585,564,8,74,0,165,41,2437,526,2963,0.0221197,-0.297185,-0.954563,1
4650,1608,54,212,0,468,132,7124,1459,8583,0.0284207,-0.309042,-0.950623,1
6048,2251,32,260,0,634,148,9373,1645,11018,0.0156182,-0.358457,-0.933416,1
4081,1431,19,181,0,320,82,6114,538,6652,0.010374,-0.308272,-0.951242,1
2073,762,11,102,0,222,66,3236,235,3471,0.00612168,-0.231595,-0.972793,1
2445,934,14,130,0,277,71,3871,317,4188,-0.00075197,-0.240946,-0.970538,1
5465,2248,28,303,0,633,164,8841,693,9534,0.00222636,-0.247936,-0.968774,1
5218,2311,27,317,0,671,172,8716,554,9270,-0.00191784,-0.234358,-0.972148,1
6027,2424,28,380,0,692,185,9736,753,10489,0.00483557,-0.251796,-0.967768,1
5503,2500,27,338,0,702,183,9253,629,9882,0.00710713,-0.230824,-0.97297,1
6158,2846,28,341,0,702,185,10260,846,11106,0.0157622,-0.251857,-0.967636,1
5390,2477,28,341,0,742,191,9169,719,9888,0.0265935,-0.284408,-0.958334,1
5304,2447,26,337,0,694,184,8992,583,9575,0.00455669,-0.273677,-0.961811,1
5929,2293,27,322,0,743,240,9554,960,10514,0.0247353,-0.271304,-0.962176,1
5398,2320,26,317,0,648,203,8912,874,9786,0.0220324,-0.268792,-0.962946,1
5675,2249,25,212,0,432,117,8710,597,9307,0.0326275,-0.290471,-0.956327,1
3683,1415,17,200,0,407,118,5840,563,6403,0.0349671,-0.287398,-0.957173,1
5529,1798,29,251,0,509,137,8253,846,9099,0.0411796,-0.303658,-0.951891,1
5481,1433,25,234,0,456,82,7711,568,8279,0.0366136,-0.301613,-0.952727,1
5542,1072,22,168,0,324,88,7216,754,7970,0.0548419,-0.300179,-0.952305,1
5975,1354,29,202,0,429,112,8101,1068,9169,0.0267543,-0.305739,-0.95174,1
6222,1749,31,241,0,481,133,8857,1123,9980,0.0413668,-0.415814,-0.908508,1
6012,1720,21,209,0,420,114,8496,905,9401,0.0413752,-0.397261,-0.916773,1
2561,1075,11,146,0,294,80,4167,503,4670,0.0276287,-0.326807,-0.944687,1
1998,939,11,126,0,254,69,3397,374,3771,0.0198078,-0.294324,-0.9555,1
6862,2774,28,387,0,751,216,11018,1393,12411,0.0426719,-0.324747,-0.944838,1
5774,2707,31,377,0,721,194,9804,1927,11731,0.0149726,-0.391918,-0.919879,1
4490,1992,21,247,0,512,147,7409,1382,8791,0.0360081,-0.290483,-0.956202,1
5917,2788,38,408,0,764,199,10114,2297,12411,0.0827859,-0.411502,-0.907641,1
5937,2776,27,351,0,716,139,9946,2026,11972,-0.383559,-0.13099,-0.91418,1
2990,1484,14,181,0,398,102,5169,959,6128,-0.00297051,-0.232871,-0.972503,1
7041,3088,30,438,0,934,253,11784,3520,15304,0.0233926,-0.230083,-0.97289,1
3470,1390,12,154,0,352,87,5465,1433,6898,0.0214644,-0.289375,-0.956975,1
1873,788,8,88,0,221,53,3031,1052,4083,0.0177845,-0.223361,-0.974574,1
2041,856,10,108,0,247,60,3322,1393,4715,0.0178309,-0.211992,-0.977109,1
7631,2560,35,355,0,813,192,11586,3799,15385,0.0283836,-0.245199,-0.969057,1
5963,1828,18,202,0,460,115,8586,2787,11373,0.0399963,-0.247323,-0.968107,1
5721,2259,32,299,0,670,169,9150,4223,13373,0.0566333,-0.333391,-0.941086,1
4807,1572,19,207,0,460,118,7183,1924,9107,0.0420844,-0.279276,-0.959288,1
2453,942,12,128,0,275,71,3881,1209,5090,0.0552529,-0.220264,-0.973874,1
5667,2055,30,327,0,632,163,8874,2255,11129,0.0639938,-0.213629,-0.974817,1
5541,1767,32,250,0,549,140,8279,1868,10147,0.0541707,-0.227862,-0.972185,1
5607,1512,31,214,0,438,115,7917,1702,9619,0.0348637,-0.270592,-0.962063,1
5505,1278,30,184,0,381,100,7478,1511,8989,0.0372108,-0.274672,-0.960818,1
6595,1177,29,174,0,381,95,8451,1254,9705,0.0403469,-0.246474,-0.968309,1
5596,1230,31,178,0,360,96,7491,1092,8583,0.0467988,-0.245506,-0.968265,1
5520,1445,27,201,0,423,111,7727,1082,8809,0.0557296,-0.273063,-0.960381,1
5466,1646,25,234,0,480,128,7979,1084,9063,0.0644454,-0.265496,-0.961956,1
6263,2245,27,285,0,554,146,9520,1003,10523,0.0445487,-0.291704,-0.95547,1
6001,2221,25,291,0,620,165,9323,902,10225,0.0643945,-0.265654,-0.961916,1
5618,2545,26,329,0,692,185,9395,844,10239,0.0644476,-0.308001,-0.949201,1
6460,3171,32,396,0,818,242,11119,885,12004,0.0632912,-0.341119,-0.937887,1
3876,2258,17,274,0,590,165,7180,597,7777,0.0623178,-0.335656,-0.939921,1
5762,3598,26,432,0,909,313,11040,917,11957,0.0781826,-0.359514,-0.929859,1
5627,4066,34,644,0,973,276,11620,522,12142,0.0485557,-0.381758,-0.922986,1
3883,2642,18,314,0,661,179,7697,680,8377,0.0295507,-0.39028,-0.920222,1
5658,3950,28,482,0,974,263,11355,1106,12461,0.04977,-0.393471,-0.917989,1
5801,3926,29,485,0,972,261,11474,1083,12557,0.0394072,-0.382442,-0.923139,1
6210,3865,28,459,0,970,285,11817,1657,13474,0.0233131,-0.375028,-0.926721,1
4126,2515,20,300,0,666,170,7797,1729,9526,0.0158789,-0.343275,-0.939101,1
6084,3390,31,415,0,895,227,11042,2343,13385,0.023282,-0.363182,-0.931427,1
6721,3349,31,364,0,973,238,11676,1459,13135,0.025289,-0.34451,-0.938442,1
4387,2023,22,279,0,576,152,7439,1278,8717,0.0217545,-0.323592,-0.945947,1
5725,2456,30,314,0,729,200,9454,1768,11222,0.0208174,-0.308717,-0.950926,1
5618,2392,33,303,0,719,168,9233,1767,11000,0.037226,-0.31736,-0.947575,1
6064,2451,32,309,0,690,172,9718,1299,11017,0.0406793,-0.333282,-0.941949,1
5515,2106,29,283,0,624,183,8740,808,9548,0.0447006,-0.306077,-0.950957,1
5841,2267,28,312,0,654,165,9267,572,9839,0.0411759,-0.293795,-0.954981,1
5859,2496,27,337,0,693,183,9595,556,10151,0.0437646,-0.315055,-0.948064,1
5520,2575,28,356,0,723,192,9394,594,9988,0.0285716,-0.301096,-0.953166,1
5978,2430,27,327,0,677,180,9619,750,10369,0.0405099,-0.316725,-0.947652,1
5445,2267,26,310,0,645,176,8869,722,9591,0.040995,-0.301514,-0.95258,1
5633,2082,28,290,0,586,160,8779,804,9583,0.0384163,-0.303067,-0.952195,1
5395,1763,28,246,0,501,163,8096,808,8904,0.0419099,-0.282839,-0.958251,1
5375,1532,26,219,0,505,126,7783,796,8579,0.011298,-0.274608,-0.96149,1
5830,1474,31,245,0,409,113,8102,797,8899,0.00954359,-0.278013,-0.96053,1
5432,1308,26,190,0,424,104,7484,769,8253,0.0227816,-0.265082,-0.963957,1
5380,1362,48,247,0,395,109,7541,689,8230,0.0302019,-0.253417,-0.966886,1
6038,1597,25,220,0,453,123,8456,741,9197,0.0384611,-0.258479,-0.965251,1
5514,1841,26,247,0,529,139,8296,865,9161,-0.0147336,-0.267152,-0.963542,1
5575,2199,52,290,0,591,160,8867,1038,9905,-0.0128974,-0.271263,-0.962419,1
5587,2559,28,328,0,672,182,9356,1161,10517,0.0202986,-0.239883,-0.970589,1
5664,2920,29,372,0,761,204,9950,1058,11008,0.0331577,-0.225503,-0.973678,1
7027,3255,30,435,0,890,229,11866,917,12783,0.0538052,-0.223998,-0.973103,1
5959,3063,20,301,0,624,169,10136,721,10857,-0.010517,-0.223873,-0.974562,1
5588,3234,25,410,0,856,230,10343,1508,11851,-0.0305945,-0.213599,-0.976442,1
5347,3220,27,408,0,886,227,10115,1741,11856,-0.079161,-0.118086,-0.989843,1
3830,2331,18,286,0,603,165,7233,1125,8358,-0.131811,-0.0941485,-0.986794,1
5860,3572,46,434,0,893,243,11048,1239,12287,-0.186164,0.0997249,-0.977445,1
5804,3499,29,453,0,898,237,10920,1109,12029,0.0490771,-0.238618,-0.969873,1
2677,1525,14,188,0,395,106,4905,609,5514,0.0194656,-0.341663,-0.939621,1
3906,2219,18,266,0,628,170,7207,1380,8587,0.0137657,-0.345651,-0.938262,1
4300,2246,19,263,0,567,148,7543,1186,8729,-0.0682354,-0.202179,-0.976969,1
4358,2462,26,335,0,650,172,8003,1553,9556,-0.0603949,-0.198858,-0.978166,1
6597,3273,28,396,0,873,238,11405,2523,13928,-0.0132485,-0.100159,-0.994883,1
6863,3277,27,399,0,882,180,11628,3522,15150,-0.00412551,-0.22051,-0.975376,1
3297,1618,14,207,0,456,113,5705,1446,7151,-0.00589274,-0.0874359,-0.996153,1
6236,2805,26,337,0,791,197,10392,5294,15686,0.00811301,-0.228599,-0.973487,1
3951,1329,13,162,0,383,94,5932,2371,8303,0.00754684,-0.169297,-0.985536,1
2092,824,10,105,0,243,63,3337,1369,4706,0.00789778,-0.0914594,-0.995777,1
5835,2365,28,297,0,702,174,9401,3491,12892,-0.000852147,-0.0775012,-0.996992,1
5882,3034,32,375,0,695,181,10199,2931,13130,0.0104904,-0.187503,-0.982208,1
4281,1744,17,170,0,371,95,6678,1325,8003,0.00209578,-0.144364,-0.989522,1
2509,1101,12,143,0,305,80,4150,1049,5199,-0.00187024,-0.0906134,-0.995885,1
6190,2480,31,368,0,693,186,9948,2122,12070,0.0275918,-0.139957,-0.989773,1
5806,2263,31,290,0,624,161,9175,1888,11063,0.0108109,-0.173704,-0.984739,1
5753,1529,26,181,0,391,96,7976,1406,9382,0.00556921,-0.185006,-0.982722,1
4060,1134,23,148,0,306,78,5749,1350,7099,-0.00230314,-0.206462,-0.978452,1
5825,1708,31,247,0,534,134,8479,2029,10508,-0.00539226,-0.240209,-0.970706,1
5829,2318,28,296,0,656,165,9292,1541,10833,0.00587319,-0.245063,-0.969489,1
5383,2808,27,349,0,818,202,9587,1634,11221,0.0102722,-0.233624,-0.972273,1
6180,3931,27,474,0,991,264,11867,1649,13516,0.00828474,-0.233526,-0.972315,1
4310,3057,18,366,0,766,202,8719,1286,10005,0.00972762,-0.200969,-0.979549,1
6150,4915,32,759,0,1234,325,13415,2183,15598,0.0261907,-0.208708,-0.977627,1
4496,3401,17,407,0,836,227,9384,1338,10722,0.029658,-0.215689,-0.976012,1
6073,4945,26,578,0,1208,319,13149,2020,15169,0.0169758,-0.199668,-0.979716,1
4922,3375,17,417,0,863,229,9823,1479,11302,0.0113613,-0.177784,-0.984004,1
3847,3331,17,365,0,833,202,8595,1290,9885,0.0168335,-0.157915,-0.987309,1
5919,4687,27,538,0,1140,305,12616,1969,14585,0.039765,-0.277365,-0.959941,1
6011,4496,25,520,0,1184,303,12539,1191,13730,0.035766,-0.264166,-0.963814,1
4042,2867,24,336,0,709,188,8166,1016,9182,0.0405218,-0.282446,-0.958427,1
5577,3750,24,427,0,914,245,10937,1213,12150,0.0606865,-0.28108,-0.957763,1
5508,3664,29,496,0,927,246,10870,1142,12012,0.0526126,-0.291896,-0.955002,1
5991,4019,28,480,0,1011,265,11794,1499,13293,0.0423523,-0.288449,-0.956558,1
6132,4103,30,485,0,1070,281,12101,1843,13944,0.0432522,-0.301224,-0.952572,1
4184,2695,19,321,0,708,198,8125,1708,9833,0.0502942,-0.279365,-0.958867,1
6010,3642,30,439,0,1012,249,11382,2644,14026,0.0383815,-0.282066,-0.958627,1
6078,3522,32,415,0,972,242,11261,2765,14026,0.0327115,-0.270874,-0.962059,1
6286,2355,22,277,0,654,178,9772,1715,11487,0.0315982,-0.255888,-0.96619,1
2848,1383,15,164,0,358,92,4860,1039,5899,0.0288086,-0.245091,-0.969072,1
5881,3567,35,372,0,840,205,10900,2001,12901,0.0312795,-0.248802,-0.968049,1
5923,2879,32,402,0,813,203,10252,1632,11884,0.0264923,-0.258609,-0.965618,1
4065,2172,27,331,0,511,131,7237,1233,8470,0.0238712,-0.252464,-0.967312,1
5794,2469,32,314,0,745,208,9562,1833,11395,0.0258532,-0.258618,-0.965634,1
6734,2594,32,263,0,524,126,10273,1164,11437,0.0159339,-0.265848,-0.963884,1
4019,1857,21,232,0,517,150,6796,918,7714,0.0095625,-0.239556,-0.970836,1
5604,2668,30,340,0,776,191,9609,988,10597,0.0341779,-0.232113,-0.972088,1
5567,2649,29,343,0,771,192,9551,571,10122,0.00658016,-0.201815,-0.979402,1
5869,2724,27,347,0,763,194,9924,961,10885,0.00644931,-0.16468,-0.986326,1
5581,2708,27,342,0,756,195,9609,963,10572,0.00665414,-0.134823,-0.990847,1
5501,2721,28,345,0,756,195,9546,970,10516,0.00611148,-0.132264,-0.991196,1
5558,2735,28,360,0,755,192,9628,945,10573,0.000325181,-0.138656,-0.99034,1
5522,2704,29,348,0,755,191,9549,958,10507,0.00737879,-0.115855,-0.993239,1
5598,2768,29,352,0,764,223,9734,886,10620,0.0122137,-0.123995,-0.992208,1
5540,2784,26,379,0,769,199,9697,910,10607,0.0122478,-0.138031,-0.990352,1
5540,2761,28,379,0,785,203,9696,945,10641,0.00844253,-0.146677,-0.989149,1
5589,2911,29,369,0,786,221,9905,980,10885,0.00291842,-0.129509,-0.991574,1
5940,2843,28,394,0,803,207,10215,949,11164,-4.01763e-05,-0.136315,-0.990666,1
3942,1869,16,200,0,420,113,6560,562,7122,-0.00468608,-0.107816,-0.99416,1
1980,1022,10,148,0,289,76,3525,482,4007,-0.000657013,-0.0941899,-0.995554,1
2127,1156,12,151,0,315,83,3844,581,4425,-0.00204384,-0.0745858,-0.997213,1
5476,2829,27,374,0,826,213,9745,1531,11276,-0.0082984,-0.0444968,-0.998975,1
5547,2775,27,370,0,791,210,9720,1579,11299,-0.00265626,0.00630587,-0.999976,1
3818,2044,20,255,0,579,146,6862,1313,8175,-0.00511665,-0.0137597,-0.999892,1
5459,2911,45,369,0,820,244,9848,1953,11801,-0.00842682,-0.0286453,-0.999554,1
5655,2939,28,400,0,803,211,10036,2059,12095,-0.00886701,-0.0217683,-0.999724,1
5519,2901,28,393,0,823,228,9892,1931,11823,-0.00725611,-0.0119353,-0.999903,1
5419,2803,28,361,0,807,209,9627,1799,11426,-0.00597709,-0.00112228,-0.999982,1
5608,2910,39,390,0,821,236,10004,1796,11800,-0.0052105,-0.00339357,-0.999981,1
3824,2012,19,253,0,573,147,6828,1320,8148,-0.00573032,-0.00424965,-0.999975,1
5624,2895,27,396,0,797,208,9947,1963,11910,-0.00744728,-0.00957188,-0.999926,1
5659,2950,27,370,0,793,205,10004,1882,11886,-0.00878299,0.00185982,-0.99996,1
5467,2865,27,364,0,794,209,9726,1917,11643,-0.00969239,-0.0122567,-0.999878,1
4314,1966,19,265,0,595,143,7302,1307,8609,-0.0106603,-0.00988566,-0.999894,1
5423,2785,28,368,0,824,210,9638,1901,11539,-0.0153115,-0.013147,-0.999796,1
5513,2931,28,383,0,817,212,9884,2023,11907,-0.0110577,-0.00426884,-0.99993,1
4125,1942,26,194,0,417,120,6824,1006,7830,-0.0110783,-0.00431541,-0.999929,1
2327,1214,12,165,0,441,110,4269,824,5093,-0.014539,-0.0204775,-0.999685,1
5529,2800,29,422,0,807,207,9794,1806,11600,-0.0156249,-0.0230188,-0.999613,1
5466,2869,30,377,0,795,212,9749,1861,11610,-0.0134382,-0.0108545,-0.999851,1
4995,2586,25,333,0,718,189,8846,1840,10686,-0.0152902,-0.0212202,-0.999658,1
5423,2852,27,366,0,798,208,9674,1998,11672,-0.0111177,0.000523524,-0.999938,1
5509,2837,29,422,0,828,211,9836,1923,11759,-0.011915,-0.00887247,-0.99989,1
5600,2828,27,419,0,809,211,9894,1956,11850,-0.0143629,-0.0178732,-0.999737,1
6017,4188,36,576,0,899,216,11932,1863,13795,-0.012403,-0.0332512,-0.99937,1
5647,2819,27,393,0,796,209,9891,1891,11782,-0.0107134,-0.0115283,-0.999876,1
5894,3312,20,259,0,578,146,10209,1227,11436,-0.0104214,0.00341902,-0.99994,1
3540,1513,15,197,0,419,108,5792,1006,6798,-0.0149136,-0.0198587,-0.999692,1
6431,2749,24,343,0,717,190,10454,1754,12208,-0.0142879,-0.00858844,-0.999861,1
4890,2639,25,330,0,721,189,8794,1773,10567,-0.0137208,-0.0127158,-0.999825,1
5927,2874,27,367,0,805,207,10207,2007,12214,-0.0111158,0.0013374,-0.999937,1
5483,2891,27,373,0,805,238,9817,1979,11796,-0.0120677,-0.0144294,-0.999823,1
5450,2900,27,378,0,800,257,9812,1860,11672,-0.00974484,-0.0116457,-0.999885,1
5467,3310,30,377,0,830,215,10229,1788,12017,-0.00953809,-0.00537935,-0.99994,1
5510,2897,27,372,0,800,208,9814,1881,11695,-0.00972529,-0.025327,-0.999632,1
5541,2873,27,366,0,825,212,9844,1785,11629,-0.00850419,-0.000962661,-0.999964,1
5506,2872,28,367,0,814,216,9803,1860,11663,-0.0145031,-0.00866722,-0.999857,1
5505,2901,27,380,0,798,207,9818,1934,11752,-0.0179794,-0.00273872,-0.999835,1
5460,2902,28,374,0,821,208,9793,1914,11707,-0.0152449,0.000106059,-0.999884,1
5471,2943,28,385,0,812,211,9850,1928,11778,-0.0111005,-0.0219721,-0.999697,1
5580,2950,28,396,0,828,219,10001,1451,11452,-0.00778202,-0.00975345,-0.999922,1
3918,1702,14,190,0,414,106,6344,1096,7440,-0.011861,-0.020205,-0.999726,1
2372,1226,12,157,0,354,91,4212,802,5014,-0.0121508,-0.0173575,-0.999775,1
4111,2210,21,279,0,622,160,7403,1096,8499,-0.0233902,-0.037218,-0.999033,1
5605,3203,36,403,0,915,230,10392,1597,11989,-0.0193715,-0.0567375,-0.998201,1
5676,3379,32,475,0,879,233,10674,1717,12391,-0.0153562,-0.09212,-0.995629,1
5669,3287,28,414,0,920,239,10557,934,11491,-0.0284549,-0.108968,-0.993638,1
4038,2382,33,312,0,616,165,7546,991,8537,-0.0207734,-0.120347,-0.992515,1
5617,3201,38,403,0,863,231,10353,1289,11642,-0.0168947,-0.140362,-0.989956,1
5694,3187,27,390,0,856,225,10379,1179,11558,-0.0238689,-0.129227,-0.991328,1
5655,2826,27,374,0,753,205,9840,1169,11009,-0.0215838,-0.126813,-0.991692,1
5582,2499,27,333,0,701,187,9329,1076,10405,-0.0113708,-0.179381,-0.983714,1
5647,2387,24,336,0,676,179,9249,1132,10381,0.00814132,-0.208436,-0.978002,1
5588,2421,27,313,0,700,179,9228,1450,10678,0.00872533,-0.218323,-0.975838,1
5683,2375,26,296,0,625,164,9169,1390,10559,-0.00084876,-0.22396,-0.974598,1
5787,2237,29,294,0,608,160,9115,1576,10691,-0.00808216,-0.177009,-0.984176,1
5632,2250,26,286,0,607,162,8963,1347,10310,-0.00640562,-0.150493,-0.988591,1
5672,2413,29,305,0,663,170,9252,1809,11061,-0.0009744,-0.12827,-0.991739,1
5791,2527,29,327,0,682,182,9538,2003,11541,0.00192444,-0.135766,-0.990739,1
5878,2668,28,385,0,728,201,9888,2138,12026,-0.00254697,-0.114399,-0.993432,1
5954,3019,32,393,0,792,212,10402,2299,12701,-0.00965561,-0.109441,-0.993947,1
5473,2920,25,361,0,766,200,9745,2034,11779,-0.0161361,-0.111481,-0.993636,1
6039,3339,29,423,0,897,238,10965,2365,13330,-0.0196749,-0.120535,-0.992514,1
6192,3796,30,462,0,975,281,11736,2260,13996,-0.0152717,-0.118577,-0.992828,1
4285,2492,25,328,0,639,172,7941,1714,9655,-0.0120824,-0.113366,-0.99348,1
5303,3073,30,403,0,898,232,9939,2076,12015,-0.00319293,-0.129936,-0.991517,1
6029,3412,29,503,0,913,257,11143,2033,13176,-0.00333431,-0.131527,-0.991307,1
6101,3427,29,437,0,975,254,11223,1692,12915,0.0164533,-0.224025,-0.974445,1
4214,1839,16,229,0,491,129,6918,714,7632,0.0105877,-0.204101,-0.978893,1
2551,1561,14,188,0,395,106,4815,866,5681,0.0144925,-0.191622,-0.981362,1
6028,3710,29,447,0,925,252,11391,3065,14456,0.124072,-0.357513,-0.92563,1
6090,3906,34,456,0,952,255,11693,1519,13212,0.175825,-0.471737,-0.864031,1
4343,2853,20,358,0,729,194,8497,735,9232,-0.0206381,-0.0822658,-0.996397,2
6215,4277,44,504,0,1078,287,12405,2493,14898,-0.00155271,-0.193636,-0.981072,2
4270,3011,21,382,0,787,204,8675,1053,9728,0.00519076,-0.0745311,-0.997205,2
6263,4414,28,514,0,1122,293,12634,4678,17312,0.00464992,-0.202064,-0.979361,2
4440,3058,20,342,0,765,196,8821,1427,10248,0.00281689,-0.0639481,-0.997949,2
6266,4112,29,470,0,1082,277,12236,4813,17049,-0.00428477,-0.0670199,-0.997742,2
6375,3942,35,502,0,1039,267,12160,4662,16822,-0.0228271,-0.149093,-0.98856,2
2839,1547,12,208,0,417,106,5129,2096,7225,-0.0114576,-0.101308,-0.994789,2
1756,904,8,106,0,251,62,3087,1747,4834,-0.00744052,-0.0594116,-0.998206,2
1967,1020,10,123,0,283,72,3475,1874,5349,-0.00246724,-0.0502697,-0.998733,2
6140,3150,30,376,0,869,218,10783,5531,16314,0.00839878,-0.0710179,-0.99744,2
4282,2078,18,293,0,557,142,7370,3608,10978,0.0115032,-0.0616378,-0.998032,2
7003,3428,32,460,0,926,235,12084,4313,16397,0.0218188,-0.0950852,-0.99523,2
3334,1698,17,201,0,444,113,5807,2502,8309,0.017794,-0.0705219,-0.997352,2
7100,3021,33,363,0,791,231,11539,4494,16033,0.0368731,-0.122978,-0.991724,2
3187,1500,12,158,0,340,90,5287,1602,6889,0.0267981,-0.0645876,-0.997552,2
2135,1061,12,133,0,286,74,3701,1325,5026,0.019838,-0.0461418,-0.998738,2
5853,2904,32,367,0,771,201,10128,3263,13391,0.0219345,-0.100124,-0.994733,2
6135,2740,32,349,0,740,194,10190,2944,13134,0.0203959,-0.112566,-0.993435,2
5307,2185,29,283,0,603,159,8566,3002,11568,0.0112276,-0.114451,-0.993365,2
6031,2241,29,288,0,679,165,9433,3078,12511,0.016319,-0.104901,-0.994349,2
5444,1947,27,257,0,544,141,8360,2705,11065,0.0424655,-0.126721,-0.991029,2
5282,2055,26,263,0,561,147,8334,2669,11003,0.0431782,-0.117995,-0.992075,2
5964,2645,27,376,0,724,190,9926,2734,12660,0.0585344,-0.254622,-0.965268,2
5137,2063,18,258,0,555,144,8175,1374,9549,0.0594705,-0.213788,-0.975068,2
3191,1795,14,235,0,441,106,5782,1080,6862,0.0498477,-0.183127,-0.981825,2
2593,1599,11,195,0,419,110,4927,993,5920,0.0485134,-0.131227,-0.990165,2
6179,4038,28,498,0,1139,430,12312,2761,15073,0.0509651,-0.169773,-0.984165,2
5272,3902,24,466,0,1003,264,10931,2415,13346,0.0512143,-0.214938,-0.975284,2
5316,3932,23,488,0,1007,294,11060,2384,13444,0.0518018,-0.229676,-0.971888,2
3887,2895,16,389,0,757,201,8145,1943,10088,0.0462856,-0.226051,-0.973015,2
5844,4608,25,564,0,1205,318,12564,2791,15355,0.0338281,-0.262359,-0.964377,2
5836,4763,26,484,0,843,225,12177,1465,13642,0.0241674,-0.277626,-0.960385,2
4876,3723,21,457,0,941,255,10273,1207,11480,0.0212127,-0.285605,-0.958113,2
5831,4430,27,523,0,1114,298,12223,1754,13977,0.0204541,-0.280968,-0.959499,2
4244,2317,15,271,0,570,154,7571,1205,8776,0.0175219,-0.265202,-0.964034,2
2291,1943,13,220,0,462,123,5052,1223,6275,0.020307,-0.234755,-0.971842,2
6123,4242,34,518,0,1155,291,12363,3024,15387,0.0350372,-0.40019,-0.915762,2
6019,3839,30,465,0,1034,260,11647,1498,13145,0.022796,-0.243016,-0.969755,2
5990,3497,33,429,0,949,254,11152,2973,14125,0.0231287,-0.239479,-0.970626,2
5855,3344,32,399,0,900,227,10757,2045,12802,0.031878,-0.232193,-0.972147,2
5262,3170,37,379,0,824,227,9899,1398,11297,0.0188481,-0.218621,-0.975628,2
5643,3665,29,463,0,941,248,10989,1602,12591,0.0252965,-0.239863,-0.970477,2
5754,4096,30,481,0,1019,270,11650,1366,13016,0.0175258,-0.206065,-0.978381,2
3833,2941,19,338,0,719,198,8048,1139,9187,0.018337,-0.168795,-0.985481,2
5643,4042,28,477,0,1035,271,11496,1956,13452,0.0447448,-0.206842,-0.977351,2
5769,3901,27,502,0,978,264,11441,2178,13619,0.0569954,-0.208773,-0.976302,2
5912,3750,27,443,0,906,176,11214,1528,12742,0.0508224,-0.182375,-0.981915,2
4102,2514,19,279,0,709,164,7787,1611,9398,0.0319857,-0.148157,-0.988446,2
5179,2853,24,341,0,763,199,9359,1750,11109,0.0396413,-0.174342,-0.983887,2
5777,3031,28,422,0,792,216,10266,1857,12123,0.0267481,-0.143339,-0.989312,2
5646,2948,27,363,0,861,202,10047,1344,11391,0.0330215,-0.134471,-0.990367,2
5534,2629,25,350,0,702,182,9422,1683,11105,0.0414927,-0.132468,-0.990319,2
5310,2617,27,369,0,695,177,9195,1593,10788,0.0454971,-0.122363,-0.991442,2
4891,2208,23,268,0,605,151,8146,1078,9224,0.0483119,-0.123266,-0.991197,2
4826,2277,23,280,0,607,157,8170,1214,9384,0.0489145,-0.112468,-0.992451,2
4923,2528,23,305,0,629,171,8579,1255,9834,0.0469335,-0.114546,-0.992309,2
5058,2689,23,358,0,697,185,9010,1281,10291,0.0325789,-0.110101,-0.993386,2
5227,2785,23,340,0,821,214,9410,1384,10794,0.0261359,-0.118174,-0.992649,2
4914,2847,23,382,0,724,199,9089,1566,10655,0.0118872,-0.105241,-0.994376,2
6039,3522,29,428,0,920,245,11183,1469,12652,0.0161398,-0.112642,-0.993505,2
4168,2427,22,298,0,717,173,7805,982,8787,0.0145315,-0.0959532,-0.99528,2
6144,3662,29,478,0,931,224,11468,1320,12788,0.0276673,-0.13085,-0.991016,2
6202,3415,25,408,0,890,246,11186,1409,12595,0.0165864,-0.135589,-0.990626,2
4977,3234,22,375,0,788,212,9608,1150,10758,0.0161754,-0.145493,-0.989227,2
6040,4044,30,490,0,993,270,11867,1584,13451,0.0160994,-0.100946,-0.994762,2
6186,3949,20,334,0,690,209,11388,1300,12688,0.0410763,-0.120814,-0.991825,2
6260,4121,29,488,0,1018,271,12187,1883,14070,0.100752,-0.23447,-0.966888,2
5403,2839,19,281,0,552,147,9241,856,10097,0.0414864,-0.11982,-0.991929,2
2617,1669,9,179,0,384,101,4959,611,5570,0.049293,-0.131716,-0.990061,2
2216,1713,10,180,0,381,98,4598,422,5020,0.0194019,-0.056773,-0.998198,2
5614,4131,26,474,0,1172,396,11813,1539,13352,0.0302185,-0.0770547,-0.996569,2
6174,4367,28,524,0,1120,288,12501,2638,15139,0.0283756,-0.104353,-0.994136,2
4367,3416,22,348,0,754,194,9101,2914,12015,0.0137308,-0.100854,-0.994807,2
6061,3432,23,409,0,917,239,11081,4714,15795,-0.000217129,-0.108249,-0.994124,2
6322,3638,31,434,0,965,248,11638,4687,16325,0.0230931,-0.228142,-0.973354,2
2926,1437,11,168,0,378,97,5017,2266,7283,0.0172381,-0.186392,-0.982324,2
1861,979,9,115,0,258,67,3289,1554,4843,0.0144279,-0.114564,-0.993311,2
2220,1146,13,139,0,316,90,3924,1804,5728,0.0116396,-0.0838872,-0.996407,2
5347,2881,29,338,0,731,196,9522,3874,13396,0.00103695,-0.130738,-0.991416,2
5849,3019,50,373,0,779,214,10284,3672,13956,0.00930176,-0.155817,-0.987742,2
5542,2867,33,355,0,971,308,10076,3618,13694,0.00164289,-0.146538,-0.989204,2
5737,2582,32,426,0,691,189,9657,3113,12770,0.000928592,-0.130836,-0.991403,2
5396,2111,29,272,0,578,155,8541,2924,11465,0.00808784,-0.129939,-0.991489,2
5999,2238,31,292,0,614,166,9340,2486,11826,0.0340196,-0.131984,-0.990668,2
4048,1565,20,196,0,409,106,6344,1719,8063,0.0400156,-0.116998,-0.992326,2
5752,2187,44,288,0,624,160,9055,2417,11472,0.0478566,-0.108318,-0.992964,2
5746,2348,29,312,0,643,178,9256,2488,11744,0.0656914,-0.131992,-0.989072,2
6427,2582,28,343,0,752,197,10329,2056,12385,0.0676805,-0.153158,-0.985881,2
5855,2806,26,361,0,745,199,9992,970,10962,0.0653413,-0.174961,-0.982405,2
4045,2051,17,261,0,596,152,7122,748,7870,0.0692796,-0.175728,-0.981998,2
5782,3599,27,471,0,917,251,11047,1239,12286,0.0670815,-0.202987,-0.976881,2
5919,4306,25,506,0,1084,199,12039,837,12876,0.0630958,-0.221997,-0.973004,2
5315,4210,22,505,0,1021,306,11379,890,12269,0.0723989,-0.18942,-0.979223,2
3892,3042,16,370,0,743,204,8267,725,8992,0.0671812,-0.180869,-0.98121,2
5872,4824,26,576,0,1173,360,12831,1124,13955,0.0613481,-0.190224,-0.979822,2
5710,4755,25,572,0,925,232,12219,795,13014,0.0428985,-0.202857,-0.978268,2
3971,3231,17,389,0,792,218,8618,894,9512,0.0359866,-0.186522,-0.981792,2
5940,5040,26,594,0,1143,312,13055,1311,14366,0.0329624,-0.224724,-0.973865,2
4271,3360,19,406,0,868,241,9165,764,9929,0.0337339,-0.224456,-0.9739,2
6263,5045,28,595,0,948,225,13104,856,13960,0.013438,-0.231085,-0.972841,2
6305,5098,31,602,0,1256,335,13627,2678,16305,0.0249881,-0.286942,-0.957622,2
3661,2782,15,311,0,544,144,7457,1301,8758,0.0163973,-0.21816,-0.975775,2
2267,1808,12,211,0,453,118,4869,1068,5937,0.0274085,-0.182307,-0.98286,2
5512,4360,28,527,0,1090,282,11799,2440,14239,0.0254744,-0.175503,-0.984149,2
5487,4207,29,507,0,1046,283,11559,2290,13849,0.009202,-0.163125,-0.986563,2
6124,4517,32,538,0,1151,305,12667,2821,15488,0.0124096,-0.145723,-0.989248,2
6182,4673,61,557,0,1164,227,12864,2053,14917,0.00953452,-0.137063,-0.990516,2
4075,3098,23,351,0,760,203,8510,2101,10611,-0.00309377,-0.102756,-0.994701,2
3939,2732,22,317,0,704,180,7894,2082,9976,-0.00651641,-0.0914386,-0.995789,2
6719,3680,32,423,0,990,239,12083,2746,14829,-0.00632485,-0.0811114,-0.996685,2
5871,3589,34,418,0,1017,169,11098,1603,12701,-0.00944186,-0.068465,-0.997609,2
3337,1975,18,224,0,482,127,6163,1602,7765,-0.0104727,-0.0577035,-0.998279,2
5808,3897,39,469,0,923,241,11377,3329,14706,-0.0113308,-0.0556566,-0.998386,2
5443,2507,21,307,0,738,231,9247,2256,11503,-0.0298684,-0.0565836,-0.997951,2
1843,1091,16,129,0,280,73,3432,1113,4545,-0.0253402,-0.0425696,-0.998772,2
1697,978,13,117,0,251,64,3120,899,4019,-0.0121579,-0.0356928,-0.999289,2
3591,2035,18,247,0,533,155,6579,1909,8488,-0.0170557,-0.0292931,-0.999425,2
5736,3458,31,497,0,1160,243,11125,3573,14698,-0.00591145,-0.020501,-0.999772,2
5792,3570,31,416,0,903,237,10949,3895,14844,-0.0040396,-0.014118,-0.999892,2
5786,3570,31,423,0,916,240,10966,3660,14626,-0.00219419,-0.010524,-0.999942,2
5825,3798,31,436,0,964,263,11317,3682,14999,0.00128098,-0.0121063,-0.999926,2
5879,3276,21,320,0,651,170,10317,2350,12667,-0.00193783,-0.0183161,-0.99983,2
2448,1520,11,157,0,343,89,4568,1362,5930,-0.00231443,-0.0233182,-0.999725,2
5892,3767,30,470,0,962,253,11374,3413,14787,-0.00481883,-0.0294915,-0.999553,2
4067,2679,21,303,0,659,173,7902,2480,10382,-0.00458913,-0.0342281,-0.999404,2
4072,2669,42,306,0,660,170,7919,2295,10214,-0.00610288,-0.0389793,-0.999221,2
5776,3805,30,444,0,999,251,11305,2983,14288,-0.015211,-0.045314,-0.998857,2
5818,3775,30,437,0,947,192,11199,2251,13450,-0.0141075,-0.0511671,-0.99859,2
3693,2369,19,278,0,608,159,7126,2000,9126,-0.0207537,-0.0413706,-0.998929,2
5947,3709,29,486,0,1323,325,11819,3398,15217,-0.0153745,-0.0234513,-0.999607,2
6002,3668,29,454,0,950,245,11348,3144,14492,-0.0232222,-0.0142328,-0.999629,2
7168,3681,30,444,0,953,249,12525,3388,15913,-0.0189725,-0.000499312,-0.99982,2
3367,1969,17,231,0,507,106,6197,1691,7888,-0.0143942,-0.0122684,-0.999821,2
2269,1440,12,160,0,342,92,4315,1460,5775,-0.0155134,-0.0121117,-0.999806,2
5404,3421,29,402,0,1007,362,10625,3641,14266,-0.0155339,-0.0117983,-0.99981,2
5836,3810,30,448,0,965,254,11343,4044,15387,-0.0183628,-0.00911503,-0.99979,2
4192,2589,22,329,0,699,178,8009,3326,11335,-0.0153064,-0.0123001,-0.999807,2
5904,3751,29,462,0,966,264,11376,3746,15122,-0.0220997,-0.0229964,-0.999492,2
5931,3754,31,440,0,965,251,11372,4002,15374,-0.0185338,-0.0252667,-0.999509,2
4099,2674,25,309,0,679,175,7961,2422,10383,-0.0206635,-0.0260881,-0.999446,2
4784,3162,24,362,0,790,204,9326,3124,12450,-0.0138333,-0.0297725,-0.999461,2
4793,3103,26,374,0,787,205,9288,3333,12621,-0.0143021,-0.0267224,-0.999541,2
5934,3751,30,454,0,948,248,11365,3670,15035,-0.0104622,-0.0284577,-0.99954,2
4585,2554,21,307,0,659,170,8296,2812,11108,-0.00953598,-0.0244479,-0.999656,2
5846,3590,29,430,0,1169,381,11445,4396,15841,-0.00882803,-0.0242842,-0.999666,2
4015,2533,26,293,0,649,171,7687,2795,10482,-0.00932709,-0.0263671,-0.999609,2
5302,3355,28,394,0,849,223,10151,3983,14134,-0.0218062,-0.0281681,-0.999365,2
4790,3058,25,350,0,840,206,9269,3117,12386,-0.0196115,-0.0259989,-0.99947,2
5243,2936,24,422,0,779,202,9606,2973,12579,-0.014879,-0.0260982,-0.999549,2
4775,2897,24,358,0,757,198,9009,3193,12202,-0.00896163,-0.027662,-0.999577,2
5883,3617,30,428,0,931,260,11149,4401,15550,-0.00440575,-0.0248701,-0.999681,2
6059,3945,35,650,0,1209,258,12156,3771,15927,-0.00239166,-0.0221176,-0.999752,2
3045,1524,13,180,0,394,102,5258,1518,6776,0.00129524,-0.0236324,-0.99972,2
5900,4288,31,434,0,953,245,11851,3592,15443,-0.000700761,-0.0281175,-0.999604,2
3877,1868,15,222,0,489,127,6598,1925,8523,-0.000667166,-0.0280585,-0.999606,2
2108,1520,14,168,0,339,88,4237,1346,5583,-0.00138979,-0.0277586,-0.999613,2
5215,3121,29,375,0,824,212,9776,3664,13440,-0.00201916,-0.0268628,-0.999637,2
5926,3501,30,427,0,923,240,11047,3551,14598,-0.00302306,-0.027075,-0.999629,2
5935,3513,30,423,0,918,249,11068,3704,14772,-0.00406799,-0.026662,-0.999636,2
5937,3492,31,464,0,952,244,11120,3692,14812,-0.0024563,-0.0266716,-0.999641,2
