Downsample[ns],BuildFilTree[ns],SearchFil[ns],DeleteFil[ns],BuildTreeSub[ns],SearchSub[ns],DeleteSub[ns],PreProcTotal[ns],Plane[ns],Total[ns],nx,ny,nz,planeCount
5195,3795,77,457,0,873,242,10639,1385,12024,0.0366265,-0.0100325,-0.999279,0
5914,3728,34,429,0,846,240,11191,2511,13702,0.037607,-0.000793196,-0.999292,0
3535,2437,28,295,0,588,174,7057,1852,8909,0.0171833,-0.0113144,-0.999788,0
5255,3732,32,463,0,878,267,10627,2592,13219,0.03887,-0.00226975,-0.999242,0
5315,3643,33,422,0,896,233,10542,3008,13550,0.0248934,-0.0114284,-0.999625,0
5162,3624,32,492,0,879,266,10455,2684,13139,0.0375861,-0.00303174,-0.999289,0
5229,3544,32,481,0,829,263,10378,1934,12312,0.0322333,-0.000612998,-0.99948,0
3704,2594,24,280,0,563,157,7322,1884,9206,0.0203854,-0.0115298,-0.999726,0
5365,3649,63,522,0,875,267,10741,2946,13687,0.0307518,-0.0162572,-0.999395,0
5610,3584,70,451,0,854,237,10806,2003,12809,0.030633,-0.00158173,-0.999529,0
5171,3705,33,519,0,906,286,10620,2034,12654,0.0324095,-0.00349311,-0.999469,0
2761,1928,18,268,0,470,140,5585,1476,7061,0.0284406,-0.0122374,-0.999521,0
5320,3690,36,490,0,873,230,10639,2745,13384,0.0179819,-0.0157624,-0.999714,0
5371,3562,34,469,0,848,235,10519,2707,13226,0.033034,-0.00344536,-0.999448,0
5486,3697,35,516,0,843,254,10831,2786,13617,0.0260071,0.00248053,-0.999659,0
4749,3198,31,404,0,761,210,9353,2565,11918,0.0264045,-0.00981049,-0.999603,0
5636,4957,44,621,0,1231,336,12825,3000,15825,0.0275608,-0.0115185,-0.999554,0
2732,1868,18,224,0,428,121,5391,1486,6877,0.0378893,-0.00166852,-0.999281,0
5425,3617,36,467,0,833,266,10644,2755,13399,0.0385388,-0.00301018,-0.999253,0
3802,2043,18,242,0,457,134,6696,1543,8239,0.0334359,-0.00343929,-0.999435,0
1925,1255,13,165,0,289,80,3727,823,4550,0.027485,-0.0132879,-0.999534,0
2026,1320,13,180,0,307,97,3943,1038,4981,0.0419226,0.000506946,-0.999121,0
5513,3182,30,385,0,744,210,10064,2530,12594,0.0264001,-0.0148691,-0.999541,0
4805,3195,44,376,0,730,219,9369,2420,11789,0.0370149,0.00131282,-0.999314,0
5438,3671,44,557,0,1026,235,10971,2762,13733,0.0351761,-0.0050214,-0.999369,0
5608,3537,34,409,0,827,238,10653,2714,13367,0.0332088,-0.00210143,-0.999446,0
3834,1861,18,215,0,441,123,6492,1303,7795,0.0380469,-0.00545341,-0.999261,0
1893,1238,12,144,0,301,82,3670,949,4619,0.0385817,-0.00569302,-0.999239,0
4705,3131,37,372,0,727,231,9203,2465,11668,0.0406735,-0.00435955,-0.999163,0
5013,3167,38,450,0,992,236,9896,2563,12459,0.0406362,-0.00449947,-0.999164,0
4912,3265,31,405,0,731,286,9630,2996,12626,0.0407565,-0.000386336,-0.999169,0
5427,3586,33,464,0,834,284,10628,2140,12768,0.0339262,-0.00719495,-0.999398,0
3604,2518,23,307,0,565,185,7202,2055,9257,0.0280527,-0.0118003,-0.999537,0
5017,3237,30,406,0,714,165,9569,1835,11404,0.0204751,-0.0158183,-0.999665,0
5720,3225,31,478,0,915,269,10638,1819,12457,0.0350569,-0.00610248,-0.999367,0
3430,2374,22,299,0,518,166,6809,1713,8522,0.0323018,-0.00027252,-0.999478,0
5447,3781,56,630,0,1201,299,11414,3251,14665,0.0332016,0.000692166,-0.999448,0
3148,1788,18,209,0,455,121,5739,1288,7027,0.0305432,-0.0108751,-0.999474,0
2266,1238,13,161,0,302,82,4062,899,4961,0.0212935,-0.0159942,-0.999645,0
5441,3612,36,438,0,953,339,10819,3087,13906,0.0277666,-0.00838687,-0.999579,0
2871,1858,18,216,0,422,96,5481,1159,6640,0.0238725,-0.0128797,-0.999632,0
1918,1248,17,142,0,316,81,3722,957,4679,0.0226859,-0.0135885,-0.99965,0
4810,3149,37,391,0,789,231,9407,2508,11915,0.0258795,-0.0139731,-0.999567,0
5601,3100,31,416,0,710,203,10061,2358,12419,0.0291377,-0.011899,-0.999505,0
3392,2153,22,262,0,509,143,6481,1666,8147,0.0354451,-0.0068475,-0.999348,0
5931,3371,34,399,0,790,225,10750,2819,13569,0.0338111,-0.00320982,-0.999423,0
5217,3454,35,415,0,789,225,10135,2875,13010,0.0340052,-0.00977491,-0.999374,0
3838,2490,23,300,0,554,178,7383,1905,9288,0.0331056,-0.0102608,-0.999399,0
6255,3333,39,409,0,794,232,11062,2539,13601,0.0281356,-0.0148379,-0.999494,0
4899,3078,32,321,0,534,164,9028,1731,10759,0.0293402,-0.0127564,-0.999488,0
2461,1452,15,199,0,421,107,4655,1164,5819,0.0125251,-0.00565905,-0.999906,0
4872,3576,39,564,0,1036,290,10377,2682,13059,0.0386458,-0.00160019,-0.999252,0
5032,3165,52,396,0,728,232,9605,2691,12296,0.0370874,0.000161567,-0.999312,0
4965,4346,42,551,0,882,260,11046,1803,12849,0.0293474,-0.0120423,-0.999497,0
2630,1748,23,311,0,550,151,5413,1436,6849,0.0322484,-0.00938206,-0.999436,0
4691,2264,25,301,0,457,109,7847,1549,9396,0.0337294,-0.00580375,-0.999414,0
2313,1549,16,182,0,360,101,4521,1201,5722,0.0329632,-0.0128889,-0.999374,0
4483,3046,37,372,0,741,199,8878,2263,11141,0.0365174,-0.00176889,-0.999331,0
4256,2907,37,344,0,688,198,8430,2405,10835,0.0194867,-0.00144163,-0.999809,0
5616,3539,44,445,0,837,272,10753,2708,13461,0.0145538,-0.0100258,-0.999843,0
3694,2347,29,339,0,548,166,7123,1850,8973,0.038327,-0.00233902,-0.999262,0
5737,3719,34,501,0,818,280,11089,2728,13817,0.0348315,0.000438449,-0.999393,0
3609,2396,27,283,0,548,156,7019,1905,8924,0.0294591,-0.00287456,-0.999562,0
5085,3350,31,369,0,728,205,9768,2448,12216,0.0287037,-0.00716684,-0.999562,0
5021,3074,35,371,0,771,207,9479,2602,12081,0.0347507,-0.00887785,-0.999356,0
4740,3148,30,388,0,757,211,9274,2495,11769,0.0352479,-0.0021093,-0.999376,0
5483,3574,34,492,0,854,263,10700,2778,13478,0.0342272,-0.00314045,-0.999409,0
5366,3439,31,466,0,877,232,10411,2765,13176,0.0223085,-0.0028089,-0.999747,0
4814,3215,30,404,0,770,208,9441,2461,11902,0.0386771,-0.00496896,-0.999239,0
5253,3560,37,516,0,885,265,10516,2699,13215,0.0301106,-0.00734328,-0.99952,0
3688,2480,23,355,0,601,183,7330,1897,9227,0.0293376,-0.0136108,-0.999477,0
5674,3581,35,473,0,866,267,10896,2790,13686,0.0403905,-0.00371792,-0.999177,0
5308,3509,22,299,0,542,196,9876,2208,12084,0.0288317,-0.000247294,-0.999584,0
2365,1469,16,185,0,351,105,4491,1176,5667,0.0327587,-0.00107231,-0.999463,0
5247,3314,37,418,0,749,223,9988,2456,12444,0.0370395,-0.00533902,-0.9993,0
5444,3595,39,472,0,878,252,10680,2692,13372,0.0359134,-0.00443566,-0.999345,0
4960,3507,37,456,0,845,247,10052,1926,11978,0.0400396,-0.00914503,-0.999156,0
3818,2510,25,316,0,575,183,7427,1876,9303,0.0273962,-0.0130276,-0.99954,0
4753,3245,32,482,0,775,258,9545,2457,12002,0.0371956,-0.00741916,-0.99928,0
5416,3455,38,492,0,847,247,10495,2796,13291,0.0202186,-0.00445498,-0.999786,0
5476,3592,42,477,0,871,295,10753,2735,13488,0.0273207,-0.0150433,-0.999514,0
3614,2616,24,368,0,606,192,7420,1945,9365,0.026078,-0.0150828,-0.999546,0
5316,3596,34,437,0,894,235,10512,2754,13266,0.0394384,-0.00847634,-0.999186,0
5324,3440,33,399,0,860,235,10291,2162,12453,0.0301602,-0.0146243,-0.999438,0
3454,2294,20,314,0,551,152,6785,1694,8479,0.026006,-0.0155512,-0.999541,0
5397,3608,34,461,0,874,234,10608,2787,13395,0.0347686,-0.00657996,-0.999374,0
4734,3130,29,362,0,720,205,9180,2400,11580,0.0281196,-0.0131431,-0.999518,0
4975,3083,31,361,0,707,200,9357,2410,11767,0.0350104,-0.0104703,-0.999332,0
5344,3132,31,353,0,709,201,9770,2414,12184,0.0314107,-0.00408012,-0.999499,0
5479,3485,35,464,0,941,229,10633,2510,13143,0.02758,-0.0155475,-0.999499,0
4626,3048,31,354,0,713,202,8974,2484,11458,0.0328298,-0.0124609,-0.999384,0
5464,3461,30,498,0,917,271,10641,2681,13322,0.0367812,-0.0114383,-0.999258,0
4885,3390,31,472,0,836,267,9881,2508,12389,0.0228245,-0.0197221,-0.999545,0
5421,3572,34,430,0,824,268,10549,2611,13160,0.0356733,-0.00950474,-0.999318,0
4404,2942,29,225,0,417,119,8136,1469,9605,0.0313533,-0.0123559,-0.999432,0
1952,1197,13,143,0,282,83,3670,935,4605,0.0315811,-0.0118633,-0.999431,0
2303,1532,15,182,0,351,100,4483,1189,5672,0.0226338,-0.0180777,-0.99958,0
4766,3083,30,405,0,734,201,9219,2361,11580,0.028426,-0.0169305,-0.999452,0
4842,3146,31,397,0,730,199,9345,2472,11817,0.0218413,-0.0104879,-0.999706,0
4706,3074,55,396,0,765,197,9193,2431,11624,0.0241426,-0.018012,-0.999546,0
5054,2941,32,334,0,723,197,9281,2470,11751,0.0297445,-0.0174246,-0.999406,0
5145,2877,32,338,0,660,214,9266,2314,11580,0.0259462,-0.014633,-0.999556,0
5241,2781,29,352,0,682,184,9269,2232,11501,0.0362886,-0.00424812,-0.999332,0
5054,2693,31,323,0,677,195,8973,2404,11377,0.0255672,-0.0106751,-0.999616,0
4421,2379,28,285,0,562,161,7836,2120,9956,0.0225462,-0.0178511,-0.999586,0
4862,2575,32,359,0,607,190,8625,2300,10925,0.0234742,-0.0186601,-0.99955,0
4847,2601,30,352,0,631,174,8635,2390,11025,0.0233261,-0.00143187,-0.999727,0
5157,2802,30,339,0,701,191,9220,2548,11768,0.0202294,-0.0130933,-0.99971,0
4755,2523,30,346,0,627,171,8452,2387,10839,0.0292837,0.00524072,-0.999557,0
4748,2558,30,371,0,618,198,8523,2357,10880,0.0371072,0.0222206,-0.999064,0
4929,2570,34,340,0,628,201,8702,2628,11330,0.0469922,0.0414335,-0.998036,0
4813,2622,32,353,0,619,203,8642,2546,11188,0.0243177,0.0503902,-0.998433,0
5260,2550,44,360,0,651,179,9044,2585,11629,0.0363541,0.0524933,-0.997959,0
5306,2507,37,347,0,603,183,8983,441,9424,-0.0404217,0.132819,-0.990316,0
5262,2507,31,289,0,580,160,8829,849,9678,0.0170384,0.0782171,-0.996791,0
6016,2499,28,330,0,609,175,9657,3188,12845,0.0263382,0.0754973,-0.996798,0
5585,2485,34,429,0,809,253,9595,2704,12299,0.0438685,0.086592,-0.995278,0
4111,1600,20,234,0,415,120,6500,425,6925,0.0594022,0.131729,-0.989504,0
4689,1967,26,255,0,440,161,7538,917,8455,0.0647153,0.11881,-0.990806,0
5398,2139,29,263,0,500,144,8473,904,9377,0.0681513,0.114315,-0.991104,0
4905,1882,27,229,0,433,123,7599,937,8536,0.0669529,0.106673,-0.992038,0
5238,1812,28,218,0,466,151,7913,1065,8978,0.0661249,0.121886,-0.990339,0
4780,1887,27,271,0,464,143,7572,1125,8697,0.054138,0.125044,-0.990673,0
5199,2058,32,236,0,476,151,8152,1208,9360,0.051702,0.125663,-0.990725,0
4857,1824,33,233,0,426,136,7509,1293,8802,0.0622,0.114623,-0.99146,0
4671,1795,30,256,0,430,138,7320,1218,8538,0.0750501,0.132009,-0.988404,0
4579,1785,31,227,0,451,138,7211,1371,8582,0.0643669,0.128579,-0.989608,0
4391,1699,33,225,0,416,152,6916,1351,8267,0.0742703,0.136177,-0.987897,0
4756,1666,26,209,0,402,114,7173,1172,8345,0.0674212,0.142104,-0.987553,0
4244,1679,26,212,0,419,119,6699,1335,8034,0.0635171,0.150299,-0.986598,0
4320,1543,32,217,0,385,122,6619,1346,7965,0.0688236,0.141691,-0.987516,0
4329,1912,39,224,0,405,171,7080,1538,8618,0.054105,0.141016,-0.988528,0
4452,1444,32,199,0,365,122,6614,1718,8332,0.0601777,0.143667,-0.987795,0
4490,1363,32,189,0,343,113,6530,1704,8234,0.0609566,0.134544,-0.989031,0
4324,1175,33,186,0,413,97,6228,1730,7958,0.0353641,0.128046,-0.991137,0
4888,1078,29,152,0,344,93,6584,1995,8579,0.0383172,0.108551,-0.993352,0
4270,1103,35,161,0,334,110,6013,2036,8049,0.0405892,0.136386,-0.989824,0
3907,1052,25,180,0,301,91,5556,2094,7650,0.0383322,0.128167,-0.991012,0
3878,1071,29,163,0,350,83,5574,2117,7691,0.0515028,0.125321,-0.990779,0
4503,1318,26,186,0,318,93,6444,2186,8630,0.0422385,0.135927,-0.989818,0
4581,1455,27,205,0,438,119,6825,2287,9112,0.0306576,0.12786,-0.991318,0
4700,1663,26,290,0,430,122,7231,2175,9406,0.00542132,0.141549,-0.989916,0
5209,1923,27,263,0,453,135,8010,1900,9910,0.00422963,0.132447,-0.991181,0
4788,2281,25,265,0,608,184,8151,1850,10001,-0.00445607,0.222949,-0.97482,0
2605,1382,15,160,0,346,91,4599,1137,5736,0.00982514,0.213692,-0.976852,0
4540,2657,25,325,0,876,261,8684,1891,10575,0.0310039,0.191209,-0.981059,0
5356,2832,32,331,0,666,188,9405,1541,10946,0.0395641,0.180178,-0.982838,0
4541,3255,27,380,0,719,145,9067,1154,10221,0.0345434,0.20781,-0.977559,0
3366,3099,18,281,0,568,158,7490,1110,8600,0.0221315,0.149379,-0.988532,0
5685,4704,24,509,0,972,277,12171,2120,14291,0.0443047,0.161926,-0.985808,0
4813,4520,30,474,0,981,274,11092,2552,13644,0.052334,0.143515,-0.988263,0
4428,4384,21,452,0,934,252,10471,2672,13143,0.0502803,0.160124,-0.985816,0
5771,6022,49,677,0,1279,341,14139,3828,17967,0.0310907,0.222628,-0.974408,0
3620,3093,13,269,0,570,153,7718,1843,9561,0.0272631,0.164504,-0.986,0
1955,1881,9,202,0,365,126,4538,1741,6279,0.0316365,0.110301,-0.993395,0
2020,1809,9,209,0,417,120,4584,1824,6408,0.0238089,0.122881,-0.992136,0
6459,5594,27,563,0,1315,377,14335,5468,19803,0.0112613,0.141826,-0.989828,0
6370,5337,40,855,0,1368,374,14344,5429,19773,-0.0041239,0.232292,-0.972637,0
3255,2379,12,239,0,524,138,6547,2534,9081,0.0020144,0.18858,-0.982056,0
2373,1655,11,205,0,385,108,4737,1760,6497,0.0102606,0.119173,-0.99282,0
1589,1221,9,143,0,290,89,3341,1476,4817,-6.42148e-06,0.121818,-0.992553,0
3375,2296,20,275,0,566,158,6690,3416,10106,-0.010369,0.137219,-0.990486,0
5882,3947,38,490,0,958,269,11584,5868,17452,-0.0166167,0.209796,-0.977604,0
5549,2687,25,303,0,649,180,9393,2745,12138,-0.0209349,0.180836,-0.983291,0
2507,1420,12,157,0,329,93,4518,1651,6169,-0.0135531,0.106224,-0.99425,0
1555,1027,10,118,0,246,71,3027,1172,4199,-0.0172293,0.106891,-0.994121,0
5654,3906,33,446,0,928,249,11216,3651,14867,-0.0214862,0.126333,-0.991755,0
5066,3369,31,420,0,809,232,9927,3117,13044,-0.0231242,0.134492,-0.990645,0
5053,3203,30,403,0,768,225,9682,2741,12423,-0.0107941,0.145997,-0.989226,0
4897,3170,28,377,0,764,221,9457,2507,11964,-0.00308114,0.104362,-0.994535,0
4795,3129,29,362,0,725,213,9253,2424,11677,-0.00738576,0.117812,-0.993009,0
4677,2930,30,367,0,714,207,8925,2333,11258,-0.0110274,0.104327,-0.994482,0
4424,2719,28,331,0,647,195,8344,2299,10643,-0.0212111,0.117719,-0.99282,0
4274,2568,27,315,0,657,192,8033,2219,10252,-0.0252415,0.0872702,-0.995865,0
4180,2480,27,314,0,590,179,7770,2149,9919,-0.0295781,0.111747,-0.993297,0
4668,2691,31,330,0,666,184,8570,2262,10832,-0.0194872,0.108895,-0.993862,0
4163,2835,30,333,0,651,197,8209,2011,10220,0.0124184,0.107616,-0.994115,0
4391,2605,23,332,0,617,170,8138,1565,9703,0.01138,0.151261,-0.988429,0
3996,2640,24,375,0,621,172,7828,1451,9279,0.0457385,0.144997,-0.988375,0
4470,3006,21,443,0,790,233,8963,1609,10572,0.0371352,0.166729,-0.985303,0
4760,3218,23,404,0,754,206,9365,1554,10919,0.0106101,0.198525,-0.980038,0
4123,3067,22,379,0,693,191,8475,1095,9570,0.0251086,0.193783,-0.980723,0
4735,3561,25,440,0,874,222,9857,1484,11341,0.0199689,0.213594,-0.976718,0
4713,3395,22,414,0,761,237,9542,1048,10590,0.0231443,0.195254,-0.98048,0
4411,3422,24,415,0,836,213,9321,953,10274,0.0282723,0.167855,-0.985406,0
5029,3943,26,468,0,962,243,10671,1147,11818,0.0112924,0.140492,-0.990017,0
4915,3731,35,382,0,838,269,10170,576,10746,0.0149713,0.114131,-0.993353,0
4602,3569,23,426,0,795,219,9634,522,10156,0.0121105,0.135056,-0.990764,0
4776,3522,22,441,0,787,221,9769,480,10249,0.0257684,0.157072,-0.987251,0
5120,4009,26,479,0,957,242,10833,834,11667,0.0353922,0.154604,-0.987343,0
5043,3996,26,488,0,919,252,10724,678,11402,0.0202489,0.181909,-0.983107,0
5197,4040,26,495,0,925,279,10962,543,11505,-0.00771712,0.236533,-0.971593,0
5148,3949,26,440,0,861,247,10671,1024,11695,-0.0860291,0.155557,-0.984074,0
5110,3826,24,389,0,863,221,10433,666,11099,-0.0900209,0.24934,-0.964223,0
4648,3792,26,397,0,771,216,9850,752,10602,-0.0837384,0.228905,-0.96984,0
4660,3503,46,376,0,728,210,9523,708,10231,-0.0681861,0.224147,-0.972167,0
4566,3577,28,422,0,758,211,9562,648,10210,-0.0618564,0.237591,-0.969394,0
5300,3895,42,631,0,1184,294,11346,1034,12380,-0.0477694,0.262811,-0.963664,0
5340,3363,32,396,0,768,213,10112,892,11004,-0.0456127,0.253206,-0.966336,0
3573,2362,22,336,0,544,143,6980,812,7792,-0.0416947,0.255458,-0.965921,0
5254,2949,32,424,0,714,221,9594,1248,10842,-0.0388104,0.271062,-0.961779,0
6150,2888,31,425,0,691,218,10403,1024,11427,-0.0676981,0.302977,-0.95059,0
3473,1881,20,265,0,493,150,6282,1098,7380,-0.0583752,0.273705,-0.960041,0
5114,3023,30,353,0,669,192,9381,1361,10742,-0.0976678,0.257754,-0.961262,0
5215,3463,35,402,0,808,227,10150,1056,11206,-0.0933207,0.286752,-0.953449,0
5198,3539,25,455,0,805,284,10306,791,11097,-0.0743423,0.23683,-0.968703,0
5153,3583,35,426,0,757,218,10172,644,10816,-0.07973,0.210128,-0.974417,0
5201,3542,28,445,0,762,259,10237,663,10900,-0.0154988,0.0718571,-0.997295,0
5029,3323,29,433,0,778,246,9838,1795,11633,0.0145225,0.178112,-0.983903,0
5105,2155,20,261,0,466,153,8160,340,8500,0.0175864,0.212421,-0.97702,0
2486,1803,19,179,0,320,103,4910,234,5144,0.0161347,0.292006,-0.956281,0
3811,1772,21,222,0,478,145,6449,462,6911,-0.00634108,0.23386,-0.97225,0
4892,2303,28,283,0,547,156,8209,1034,9243,0.0125306,0.210961,-0.977414,0
5689,2648,36,419,0,622,207,9621,1117,10738,0.0463442,0.248637,-0.967487,0
3287,1710,15,186,0,312,105,5615,696,6311,0.0801202,0.147177,-0.98586,0
1702,845,10,122,0,209,67,2955,552,3507,0.0681814,0.117749,-0.9907,0
5026,2091,29,268,0,515,145,8074,1556,9630,0.0816067,0.146541,-0.985833,0
4959,2069,33,253,0,517,164,7995,988,8983,0.061783,0.167313,-0.983966,0
3583,1279,24,167,0,356,98,5507,995,6502,0.0672673,0.177499,-0.981819,0
5157,1675,35,227,0,450,122,7666,1495,9161,0.0498156,0.190908,-0.980343,0
5241,1982,34,232,0,418,125,8032,1571,9603,0.0440486,0.193515,-0.980108,0
4924,1407,36,196,0,356,115,7034,2031,9065,0.0247297,0.168194,-0.985444,0
4770,1359,36,196,0,345,116,6822,2070,8892,0.0320004,0.168814,-0.985128,0
5021,1296,34,225,0,340,115,7031,1751,8782,0.0317066,0.163552,-0.986025,0
3332,948,31,165,0,250,72,4798,1434,6232,0.0321674,0.131743,-0.990762,0
4600,1374,36,220,0,354,113,6697,1922,8619,0.0242113,0.163687,-0.986215,0
4637,1401,28,196,0,357,141,6760,1764,8524,0.0279069,0.148966,-0.988449,0
4745,1700,36,228,0,442,156,7307,1887,9194,0.0630957,0.150217,-0.986638,0
4863,2016,29,297,0,550,160,7915,1626,9541,0.0384199,0.183707,-0.98223,0
5003,2224,36,277,0,668,166,8374,1742,10116,0.0540631,0.166007,-0.984641,0
5089,2481,33,299,0,563,173,8638,1683,10321,0.00195978,0.248658,-0.968589,0
3683,1536,20,181,0,350,103,5873,882,6755,0.00985505,0.189715,-0.98179,0
2251,1363,15,160,0,303,91,4183,737,4920,-0.00243954,0.173777,-0.984782,0
5755,3514,34,412,0,777,217,10709,1382,12091,0.00132141,0.125102,-0.992143,0
5179,3895,29,484,0,917,298,10802,2341,13143,-0.0219851,0.204295,-0.978663,0
6180,4803,29,498,0,1037,278,12825,1289,14114,0.00907761,0.149458,-0.988727,0
4012,3596,20,425,0,827,234,9114,1311,10425,0.012722,0.130608,-0.991352,0
6158,5657,40,585,0,1252,371,14063,2271,16334,0.0283012,0.129883,-0.991125,0
4316,3950,26,575,0,919,255,10041,1925,11966,0.0125411,0.125942,-0.991959,0
4020,3400,18,404,0,823,232,8897,2682,11579,0.000869684,0.113423,-0.993546,0
6211,5152,27,587,0,1219,322,13518,3563,17081,-0.016335,0.110385,-0.993755,0
4156,3584,19,413,0,845,250,9267,3243,12510,-0.0226957,0.116409,-0.992942,0
3865,3048,17,357,0,738,207,8232,3094,11326,-0.0237688,0.0875811,-0.995874,0
4670,3536,27,434,0,999,324,9990,4331,14321,-0.0206364,0.119764,-0.992588,0
3463,2304,17,255,0,579,151,6769,3174,9943,-0.0238245,0.101981,-0.994501,0
5449,3718,33,464,0,959,329,10952,5190,16142,-0.0122089,0.129325,-0.991527,0
3795,2535,20,345,0,648,184,7527,2826,10353,-0.0141927,0.125646,-0.991974,0
4560,2917,28,340,0,702,200,8747,3565,12312,-0.0103427,0.140084,-0.990086,0
4617,3183,31,343,0,740,198,9112,3372,12484,-0.0176109,0.136418,-0.990495,0
5610,4105,34,458,0,965,281,11453,3513,14966,-0.0118038,0.134266,-0.990875,0
3815,2842,21,318,0,649,204,7849,2525,10374,-0.0136731,0.123825,-0.99221,0
5585,3997,30,477,0,930,256,11275,3527,14802,-0.0124558,0.140567,-0.989993,0
5578,3958,29,502,0,983,296,11346,3433,14779,0.00711675,0.225266,-0.974271,0
3760,2038,16,224,0,455,118,6611,1291,7902,0.00258445,0.181806,-0.983331,0
1862,1374,10,199,0,416,105,3966,1120,5086,-0.00210272,0.146959,-0.989141,0
5047,3547,25,403,0,850,267,10139,2636,12775,0.00996968,0.210455,-0.977553,0
4154,2577,17,315,0,582,181,7826,1781,9607,0.00181805,0.243557,-0.969885,0
3303,2530,17,326,0,583,184,6943,1608,8551,-0.00497535,0.240237,-0.970702,0
4504,3293,21,394,0,754,209,9175,1761,10936,-0.0141791,0.315531,-0.948809,0
5019,3885,26,489,0,875,275,10569,1756,12325,-0.0285933,0.337954,-0.940728,0
4090,2775,18,332,0,609,189,8013,1024,9037,-0.0333137,0.319137,-0.947123,0
6126,3971,27,478,0,937,273,11812,1183,12995,-0.0304426,0.37758,-0.925477,0
5070,3938,26,417,0,832,234,10517,929,11446,-0.0262954,0.348362,-0.936991,0
5177,4131,30,438,0,948,249,10973,1135,12108,0.0489914,0.310799,-0.949212,0
5040,3932,30,436,0,921,245,10604,1473,12077,0.0532867,0.274582,-0.960086,0
5159,3800,32,508,0,897,241,10637,1042,11679,0.0545649,0.306838,-0.950197,0
6486,3449,35,426,0,812,223,11431,1393,12824,0.0222472,0.430686,-0.902227,0
3826,2144,18,215,0,432,120,6755,762,7517,0.00333445,0.357285,-0.93399,0
2232,1520,14,181,0,353,102,4402,626,5028,0.00164161,0.30857,-0.951201,0
5248,3525,30,396,0,772,218,10189,782,10971,-0.0545018,0.34682,-0.936347,0
5173,3224,30,405,0,725,205,9762,878,10640,-0.0848992,0.371643,-0.924485,0
5056,3102,46,353,0,686,198,9441,862,10303,-0.0598393,0.338264,-0.939147,0
5024,2771,29,321,0,627,222,8994,816,9810,-0.00794181,0.296738,-0.954926,0
4981,2441,27,289,0,543,158,8439,528,8967,0.0332126,0.233339,-0.971828,0
4977,2142,52,259,0,497,147,8074,1534,9608,0.0290668,0.252616,-0.96713,0
4234,1443,18,181,0,352,98,6326,502,6828,0.0212732,0.236321,-0.971443,0
5100,1719,21,180,0,368,99,7487,483,7970,0.00888168,0.20254,-0.979234,0
5275,1983,26,271,0,485,161,8201,1006,9207,0.00599969,0.146343,-0.989216,0
5097,1901,29,239,0,464,131,7861,1498,9359,0.0164472,0.20869,-0.977844,0
5007,1694,38,219,0,475,124,7557,2001,9558,0.024361,0.20861,-0.977696,0
4824,1492,27,211,0,387,114,7055,2215,9270,0.021417,0.191843,-0.981192,0
4874,1632,27,245,0,450,126,7354,2238,9592,0.0222369,0.179915,-0.983431,0
4823,1681,26,259,0,432,129,7350,2397,9747,0.0143749,0.165997,-0.986021,0
4726,1697,29,217,0,417,119,7205,2325,9530,0.0180943,0.140118,-0.98997,0
4860,1849,29,278,0,452,168,7636,2315,9951,0.0234792,0.156345,-0.987423,0
4886,2039,30,247,0,496,137,7835,2241,10076,0.0323567,0.154373,-0.987483,0
5022,2174,29,274,0,513,147,8159,2052,10211,0.0350128,0.175987,-0.98377,0
4943,2411,31,378,0,593,198,8554,1936,10490,0.0245916,0.194208,-0.980652,0
5053,2609,35,302,0,585,171,8755,1678,10433,0.0397468,0.179888,-0.982884,0
5149,2987,26,396,0,673,213,9444,1735,11179,0.0177907,0.191169,-0.981396,0
5084,3255,28,461,0,704,233,9765,1693,11458,0.0068967,0.218041,-0.975915,0
5622,3393,29,398,0,743,217,10402,1441,11843,0.013346,0.143232,-0.989599,0
3579,2391,21,350,0,565,153,7059,1535,8594,0.0128922,0.128756,-0.991593,0
5364,3680,27,482,0,826,228,10607,2242,12849,0.0213989,0.128453,-0.991485,0
5446,4095,40,500,0,1223,241,11545,2256,13801,0.0563302,0.1595,-0.98559,0
5485,4165,37,504,0,968,271,11430,2378,13808,0.0678412,0.119569,-0.990506,0
2977,2204,15,232,0,457,124,6009,1689,7698,-0.00756331,0.123485,-0.992318,0
2137,1768,14,191,0,401,112,4623,736,5359,0.0807552,0.058285,-0.995028,0
5459,4412,30,492,0,1060,280,11733,3090,14823,0.037136,0.0938592,-0.994893,0
5459,4081,33,506,0,1046,291,11416,3059,14475,-0.00646605,0.0548675,-0.998473,0
3751,2636,19,289,0,638,167,7500,3846,11346,-0.0255616,0.0158162,-0.999548,0
6018,3843,32,428,0,948,259,11528,5019,16547,-0.0192007,0.0287142,-0.999403,0
3835,2471,20,297,0,571,165,7359,3043,10402,-0.0312513,0.00847656,-0.999476,0
5894,3181,30,393,0,878,181,10557,2516,13073,-0.00324182,0.0681945,-0.997667,0
2844,1775,15,226,0,409,140,5409,1945,7354,-0.00323691,0.00799904,-0.999963,0
5476,3308,31,341,0,758,226,10140,3550,13690,0.0127429,0.1075,-0.994123,0
4971,3030,31,349,0,682,148,9211,2214,11425,-0.0125256,0.0371181,-0.999232,0
3331,2023,22,232,0,492,138,6238,2075,8313,-0.00477337,0.0841637,-0.996441,0
5717,3701,36,397,0,834,222,10907,3253,14160,-0.0238668,0.0836936,-0.996206,0
3377,1883,16,252,0,446,133,6107,1427,7534,-0.0177216,0.057817,-0.99817,0
2185,1634,15,231,0,430,92,4587,1160,5747,-0.0183857,0.0450469,-0.998816,0
3830,2478,19,297,0,587,177,7388,2114,9502,-0.0116542,0.0488652,-0.998737,0
5242,3265,24,409,0,770,262,9972,2682,12654,-0.0134738,0.042755,-0.998995,0
4769,3289,25,407,0,814,255,9559,2092,11651,-0.0122636,0.0438224,-0.998964,0
3466,2202,17,258,0,535,145,6623,1677,8300,-0.00842203,0.0646782,-0.997871,0
4911,3292,24,410,0,748,262,9647,2413,12060,-0.0105309,0.074377,-0.997175,0
5549,4128,30,528,0,945,264,11444,2835,14279,-0.010525,0.179165,-0.983763,0
6915,2638,22,333,0,624,186,10718,1421,12139,-0.0134663,0.175834,-0.984328,0
2180,1552,9,166,0,324,97,4328,940,5268,-0.0112552,0.0908133,-0.995804,0
1962,1522,12,207,0,334,104,4141,1041,5182,-0.0115159,0.111355,-0.993714,0
4992,3859,24,481,0,894,274,10524,2315,12839,-0.00698835,0.159541,-0.987167,0
4950,3721,29,511,0,1192,299,10702,2164,12866,0.00228754,0.339865,-0.940472,0
5085,4207,25,400,0,913,230,10860,1293,12153,0.00916499,0.317761,-0.948127,0
2572,1594,10,166,0,345,95,4782,751,5533,0.00098481,0.264034,-0.964513,0
1825,1533,10,147,0,285,85,3885,578,4463,0.00136809,0.258425,-0.966031,0
4965,3469,27,423,0,794,240,9918,1497,11415,-0.0119654,0.245586,-0.969301,0
4942,3418,33,384,0,801,221,9799,1522,11321,0.0186892,0.251914,-0.967569,0
4830,3459,25,463,0,799,254,9830,1405,11235,0.0332341,0.283796,-0.958308,0
4176,2572,20,296,0,563,154,7781,1013,8794,0.0288827,0.268394,-0.962876,0
4687,4498,40,561,0,879,236,10901,1508,12409,0.0344291,0.260919,-0.964746,0
4737,3226,40,433,0,794,231,9461,1365,10826,0.0522028,0.228218,-0.97221,0
5167,3237,30,403,0,784,221,9842,1937,11779,0.036519,0.193114,-0.980497,0
4576,3041,31,382,0,730,219,8979,1349,10328,0.013481,0.164424,-0.986297,0
2526,1688,16,206,0,397,120,4953,1035,5988,0.00021444,0.176303,-0.984336,0
4562,2953,31,348,0,1037,269,9200,2247,11447,-0.0118561,0.17533,-0.984438,0
4627,3005,30,362,0,748,203,8975,2301,11276,0.00893261,0.174361,-0.984641,0
4524,3645,32,383,0,752,208,9544,2182,11726,0.0360362,0.155542,-0.987172,0
4608,3170,29,423,0,796,209,9235,1693,10928,0.0467352,0.163883,-0.985372,0
5234,3229,29,440,0,788,267,9987,1997,11984,0.0359831,0.149089,-0.988169,0
4632,3101,28,365,0,758,208,9092,1773,10865,0.0280696,0.142381,-0.989414,0
4606,3073,30,376,0,883,240,9208,2069,11277,0.0243795,0.131555,-0.991009,0
3190,2174,21,299,0,563,167,6414,1337,7751,0.0226604,0.125696,-0.99181,0
4972,3629,32,467,0,879,277,10256,1697,11953,0.030684,0.115762,-0.992803,0
4555,3477,31,412,0,741,201,9417,789,10206,0.0299837,0.11953,-0.992378,0
4546,3133,54,428,0,798,232,9191,883,10074,0.0302243,0.127411,-0.991389,0
5378,3780,35,488,0,870,261,10812,1474,12286,0.0266833,0.132644,-0.990804,0
5150,3423,34,398,0,872,250,10127,2080,12207,0.0351085,0.131746,-0.990662,0
5208,3400,35,455,0,823,263,10184,2001,12185,0.047517,0.128876,-0.990522,0
5096,3204,29,441,0,803,257,9830,1661,11491,0.0529993,0.126418,-0.99056,0
5363,3502,34,498,0,890,257,10544,1679,12223,0.0471572,0.13188,-0.990143,0
5194,3383,36,463,0,856,224,10156,1814,11970,0.051391,0.127246,-0.990539,0
5146,3307,37,532,0,846,260,10128,1604,11732,0.0520734,0.108531,-0.992728,0
5131,3301,33,444,0,835,245,9989,1222,11211,0.060219,0.0966006,-0.9935,0
5227,3379,33,428,0,557,169,9793,727,10520,0.0579232,0.0907354,-0.994189,0
3539,2165,23,266,0,536,142,6671,576,7247,0.0400842,0.0630029,-0.997208,0
5160,3234,34,435,0,810,288,9961,4011,13972,0.0264298,0.0932149,-0.995295,0
5346,3237,34,437,0,778,240,10072,656,10728,0.0162995,0.0777082,-0.996843,0
5069,3359,38,479,0,794,222,9961,470,10431,0.0286676,0.0202642,-0.999384,0
5179,3225,41,386,0,787,258,9876,3069,12945,0.0279961,0.123239,-0.991982,0
3585,2237,28,270,0,528,153,6801,1129,7930,0.0212217,0.122536,-0.992237,0
5219,3272,35,430,0,803,213,9972,1933,11905,0.0214574,0.129795,-0.991308,0
5701,3231,33,459,0,799,247,10470,2108,12578,0.015302,0.133325,-0.990954,0
3686,2184,23,273,0,548,145,6859,1527,8386,0.0202035,0.126823,-0.99172,0
5104,3266,33,423,0,833,247,9906,2018,11924,0.0244352,0.120481,-0.992415,0
5098,2986,31,382,0,809,244,9550,2040,11590,0.0188526,0.116438,-0.993019,0
3835,2245,24,307,0,568,168,7147,1294,8441,0.0175722,0.115857,-0.993111,0
4521,2847,39,403,0,742,227,8779,1808,10587,0.0222129,0.112497,-0.993404,0
4607,2925,32,409,0,720,156,8849,951,9800,0.0209902,0.108565,-0.993868,0
3179,2296,22,246,0,532,134,6409,690,7099,0.0186606,0.1096,-0.993801,0
5014,3117,37,382,0,813,258,9621,1303,10924,0.0172378,0.110438,-0.993734,0
5398,3276,33,444,0,826,247,10224,1545,11769,0.0156367,0.110552,-0.993747,0
5157,3239,34,415,0,814,213,9872,1508,11380,0.0195984,0.110378,-0.993697,0
5258,3395,40,468,0,869,249,10279,1432,11711,0.0241045,0.110695,-0.993562,0
3565,2324,24,280,0,530,166,6889,746,7635,0.0253277,0.107047,-0.993931,0
5438,3242,40,390,0,749,218,10077,804,10881,0.0198984,0.108874,-0.993856,0
4020,2310,29,304,0,420,122,7205,490,7695,0.0215335,0.10647,-0.994083,0
2130,1380,17,184,0,337,98,4146,392,4538,0.0235889,0.104871,-0.994206,0
4931,3530,35,473,0,690,193,9852,664,10516,0.0244069,0.103682,-0.994312,0
4619,2980,38,404,0,738,218,8997,538,9535,0.0248632,0.1002,-0.994657,0
5112,3319,42,475,0,788,246,9982,559,10541,0.024668,0.101273,-0.994553,0
5511,3402,36,452,0,797,231,10429,566,10995,0.0267298,0.0944139,-0.995174,0
3631,2291,23,260,0,522,145,6872,2924,9796,0.0251498,0.11804,-0.992691,0
4592,2888,31,387,0,710,189,8797,1388,10185,0.0235065,0.114944,-0.993094,0
4857,2917,41,351,0,710,199,9075,1313,10388,0.0216082,0.113614,-0.99329,0
4680,2800,29,345,0,706,246,8806,1336,10142,0.0222471,0.113943,-0.993238,0
4899,3131,32,365,0,531,156,9114,924,10038,0.0209563,0.113915,-0.993269,0
2557,1716,17,211,0,386,119,5006,711,5717,0.0238518,0.107314,-0.993939,0
4657,3640,37,471,0,1064,267,10136,949,11085,0.0227741,0.103782,-0.994339,0
4592,2946,29,393,0,751,216,8927,690,9617,0.0233043,0.100968,-0.994617,0
3267,2596,26,386,0,746,208,7229,400,7629,0.0239548,0.100535,-0.994645,0
4818,2979,30,354,0,740,219,9140,468,9608,0.024576,0.102241,-0.994456,0
4763,3013,30,372,0,723,217,9118,519,9637,0.0264522,0.0998862,-0.994647,0
4592,3202,40,539,0,999,253,9625,578,10203,0.0264593,0.100655,-0.994569,0
4841,2942,33,375,0,698,213,9102,479,9581,0.0271504,0.100898,-0.994526,0
4599,3528,38,565,0,971,276,9977,575,10552,0.0263371,0.102176,-0.994418,0
4282,2917,31,342,0,622,199,8393,425,8818,0.0268741,0.0971305,-0.994909,0
5072,3293,36,419,0,801,262,9883,4157,14040,0.0334359,0.127091,-0.991327,0
5051,3324,40,401,0,771,215,9802,1871,11673,0.0319469,0.112867,-0.993096,0
4603,2946,28,340,0,685,186,8788,818,9606,0.0233119,0.115431,-0.993042,0
4873,2971,28,409,0,723,228,9232,1371,10603,0.025476,0.113888,-0.993167,0
5335,3751,36,410,0,784,242,10558,1422,11980,0.0222686,0.114661,-0.993155,0
4586,2870,31,397,0,730,191,8805,1361,10166,0.0215862,0.113688,-0.993282,0
5101,3223,34,425,0,837,282,9902,1541,11443,0.0206248,0.110233,-0.993692,0
3640,2149,18,213,0,420,112,6552,698,7250,0.0213376,0.109804,-0.993724,0
2200,1419,14,200,0,355,100,4288,535,4823,0.0212603,0.109546,-0.993754,0
4859,2870,35,354,0,858,242,9218,1113,10331,0.0231372,0.109294,-0.99374,0
4517,2924,29,336,0,700,213,8719,992,9711,0.022412,0.109899,-0.99369,0
4630,2860,30,349,0,681,185,8735,1150,9885,0.0225629,0.109261,-0.993757,0
4506,2907,31,337,0,686,208,8675,1030,9705,0.0212651,0.10716,-0.994014,0
4762,2946,30,388,0,741,218,9085,998,10083,0.0212132,0.104738,-0.994274,0
4605,3686,38,428,0,731,204,9692,899,10591,0.0215169,0.103328,-0.994415,0
4822,2926,39,391,0,703,215,9096,725,9821,0.0224548,0.100616,-0.994672,0
5018,2806,29,336,0,681,184,9054,590,9644,0.0245305,0.0948293,-0.995191,0
5065,3266,35,446,0,775,218,9805,4219,14024,0.014538,0.118806,-0.992811,0
5408,2933,32,394,0,713,221,9701,1668,11369,0.0192268,0.112909,-0.993419,0
3304,2004,21,287,0,523,189,6328,1082,7410,0.0195254,0.113939,-0.993296,0
5091,3204,35,411,0,766,211,9718,1638,11356,0.0180233,0.115754,-0.993114,0
4525,2926,29,410,0,714,223,8827,1701,10528,0.0173373,0.115034,-0.99321,0
4662,2840,31,336,0,749,193,8811,1569,10380,0.0155757,0.110619,-0.993741,0
3317,2036,24,276,0,494,138,6285,1145,7430,0.0164294,0.111154,-0.993667,0
5186,3347,31,354,0,793,260,9971,1689,11660,0.0187839,0.115342,-0.993148,0
5501,2982,36,423,0,863,209,10014,1616,11630,0.0203591,0.115067,-0.993149,0
4525,2896,29,341,0,712,189,8692,1572,10264,0.0213577,0.115189,-0.993114,0
5003,2999,36,354,0,707,202,9301,1501,10802,0.0218415,0.111441,-0.993531,0
4774,2996,30,442,0,1050,301,9593,1490,11083,0.023639,0.105513,-0.994137,0
5461,3300,36,415,0,934,233,10379,925,11304,0.0238685,0.10402,-0.994289,0
4485,2903,30,396,0,745,215,8774,680,9454,0.0230545,0.102986,-0.994415,0
4984,3337,34,378,0,762,207,9702,727,10429,0.0233244,0.0996571,-0.994748,0
5063,3279,34,443,0,780,217,9816,518,10334,0.0233152,0.0979548,-0.994918,0
5248,3888,43,350,0,683,186,10398,533,10931,0.0232875,0.0969863,-0.995013,0
5067,3137,36,385,0,759,205,9589,511,10100,0.0245913,0.0948479,-0.995188,0
5019,3172,35,382,0,776,257,9641,452,10093,0.0250461,0.0919043,-0.995453,0
5109,3365,34,398,0,528,176,9610,2659,12269,0.0360137,0.103626,-0.993964,0
2609,1650,17,197,0,416,110,4999,286,5285,0.0349841,0.101806,-0.994189,0
5044,3194,31,424,0,860,218,9771,591,10362,0.0369738,0.101985,-0.994099,0
5154,3429,35,399,0,1084,259,10360,700,11060,0.0332238,0.103763,-0.994047,0
5186,3334,33,510,0,1140,325,10528,766,11294,0.0350068,0.10347,-0.994017,0
5096,2330,28,291,0,529,165,8439,431,8870,0.0305277,0.105864,-0.993912,0
3488,2216,23,257,0,526,145,6655,483,7138,0.027961,0.103056,-0.994283,0
5095,3251,33,381,0,754,204,9718,628,10346,0.0255974,0.103587,-0.994291,0
4499,2867,32,396,0,713,188,8695,749,9444,0.0242971,0.102157,-0.994471,0
4525,2876,31,366,0,697,223,8718,675,9393,0.0238722,0.100161,-0.994685,0
4891,2844,31,340,0,679,185,8970,605,9575,0.0249084,0.0981782,-0.994857,0
4494,2861,29,367,0,782,189,8722,547,9269,0.0248475,0.0972114,-0.994954,0
5227,3193,36,385,0,758,205,9804,590,10394,0.0256397,0.0918867,-0.995439,0
5139,3202,34,450,0,859,274,9958,4069,14027,0.0361775,0.100843,-0.994244,0
3785,2314,29,321,0,551,188,7188,436,7624,0.0353191,0.0999724,-0.994363,0
5067,3283,37,487,0,830,243,9947,585,10532,0.031229,0.102773,-0.994214,0
5026,3221,35,402,0,769,210,9663,670,10333,0.0294146,0.100588,-0.994494,0
3515,2270,24,333,0,552,167,6861,421,7282,0.0288114,0.0979329,-0.994776,0
5160,3156,40,423,0,897,247,9923,542,10465,0.0301798,0.0970125,-0.994826,0
5945,3160,35,432,0,762,211,10545,444,10989,0.0302439,0.0960958,-0.994912,0
5105,3248,33,443,0,879,211,9919,478,10397,0.0292287,0.0967485,-0.994879,1
5074,3334,34,514,0,838,244,10038,498,10536,0.0253207,0.0974283,-0.99492,1
5005,3054,30,441,0,763,237,9530,435,9965,0.024755,0.0965098,-0.995024,1
5064,3241,35,437,0,868,243,9888,535,10423,0.0265043,0.0921661,-0.995391,1
5122,3622,36,380,0,771,272,10203,4357,14560,0.031493,0.123838,-0.991803,1
3630,2251,22,291,0,555,147,6896,1327,8223,0.03282,0.108201,-0.993587,1
3502,2608,25,270,0,530,142,7077,654,7731,0.0240779,0.107238,-0.993942,1
3512,2281,30,286,0,584,162,6855,784,7639,0.0215092,0.107383,-0.993985,1
4599,2892,32,371,0,720,219,8833,1163,9996,0.0207276,0.106561,-0.99409,1
4668,2837,36,353,0,685,201,8780,1107,9887,0.020259,0.105576,-0.994205,1
5016,3134,39,466,0,752,223,9630,1152,10782,0.0192897,0.10549,-0.994233,1
4945,3549,42,447,0,794,223,10000,1123,11123,0.0203367,0.106761,-0.994077,1
4497,2878,36,352,0,776,213,8752,1169,9921,0.0205757,0.105828,-0.994171,1
5048,3064,37,394,0,706,211,9460,1043,10503,0.0203688,0.106257,-0.99413,1
4511,2913,31,379,0,713,200,8747,1019,9766,0.0198911,0.108787,-0.993866,1
4644,2840,31,386,0,720,194,8815,1310,10125,0.0202353,0.107221,-0.994029,1
4613,2914,31,378,0,713,200,8849,1211,10060,0.0209849,0.104966,-0.994254,1
5090,3284,34,440,0,793,212,9853,1186,11039,0.021386,0.102812,-0.994471,1
4997,3247,34,424,0,815,209,9726,1181,10907,0.0208291,0.102714,-0.994493,1
5018,3344,34,449,0,824,255,9924,1024,10948,0.0205881,0.101533,-0.994619,1
5036,2865,45,336,0,679,184,9145,879,10024,0.0212067,0.101078,-0.994653,1
3298,2079,22,270,0,512,142,6323,616,6939,0.0213856,0.100424,-0.994715,1
4633,2949,32,385,0,795,197,8991,800,9791,0.0214706,0.0996985,-0.994786,1
4543,2916,32,423,0,739,239,8892,735,9627,0.0214817,0.0986938,-0.994886,1
4639,2931,30,387,0,711,214,8912,715,9627,0.0212125,0.098956,-0.994866,1
4599,2997,49,543,0,1035,308,9531,866,10397,0.021072,0.0986773,-0.994896,1
4726,2972,30,359,0,686,214,8987,774,9761,0.0235025,0.0963344,-0.995071,1
4545,3996,48,538,0,945,218,10290,473,10763,0.0261674,0.0915404,-0.995457,1
4188,2716,26,343,0,694,202,8169,3290,11459,0.0320247,0.123364,-0.991845,1
4557,2953,30,398,0,708,222,8868,1654,10522,0.0333738,0.102932,-0.994129,1
4870,3148,30,401,0,703,253,9405,626,10031,0.033811,0.101164,-0.994295,1
5308,3127,38,344,0,774,208,9799,587,10386,0.0278531,0.102843,-0.994308,1
4510,2825,33,361,0,700,188,8617,675,9292,0.0239376,0.1009,-0.994608,1
5094,3169,33,411,0,883,256,9846,698,10544,0.0242397,0.0978227,-0.994908,1
5012,2963,29,335,0,685,184,9208,505,9713,0.0281708,0.0932993,-0.99524,1
5079,3196,56,469,0,770,212,9782,406,10188,0.028752,0.105233,-0.994032,1
5041,2865,31,344,0,688,204,9173,796,9969,0.0207551,0.104153,-0.994345,1
5086,3122,30,373,0,794,213,9618,1114,10732,0.020196,0.101203,-0.994661,1
4800,2942,30,338,0,719,189,9018,932,9950,0.0194544,0.100924,-0.994704,1
4526,2823,30,340,0,758,136,8613,793,9406,0.0169111,0.09876,-0.994968,1
4671,2637,28,312,0,626,169,8443,829,9272,0.0175285,0.0960816,-0.995219,1
4901,2839,28,362,0,718,208,9056,752,9808,0.0182119,0.0943479,-0.995373,1
4496,2926,31,342,0,682,184,8661,580,9241,0.020859,0.0917449,-0.995564,1
4532,2900,30,397,0,708,198,8765,461,9226,0.0219311,0.0930658,-0.995418,1
4540,2864,30,373,0,716,198,8721,481,9202,0.022976,0.0929649,-0.995404,1
4755,3216,31,345,0,877,190,9414,488,9902,0.0238983,0.0897918,-0.995674,1
4716,2941,35,367,0,679,205,8943,3643,12586,0.0312178,0.116069,-0.99275,1
5172,3315,37,374,0,882,225,10005,1484,11489,0.016297,0.107422,-0.99408,1
4998,3181,39,460,0,900,231,9809,1725,11534,0.0124068,0.109548,-0.993904,1
5346,3168,35,424,0,786,212,9971,1329,11300,0.0170197,0.107809,-0.994026,1
3472,2285,27,294,0,565,169,6812,1198,8010,0.0137296,0.113494,-0.993444,1
4556,2862,29,385,0,726,199,8757,1758,10515,0.0153466,0.121143,-0.992516,1
4550,2952,30,383,0,727,222,8864,1911,10775,0.0138978,0.112453,-0.99356,1
5156,3238,32,383,0,874,253,9936,1901,11837,0.0203112,0.112713,-0.99342,1
5093,3356,33,438,0,826,253,9999,2059,12058,0.0234426,0.100324,-0.994679,1
4656,3091,30,401,0,738,225,9141,1070,10211,0.0189925,0.0948049,-0.995315,1
5137,3604,33,451,0,800,252,10277,934,11211,0.0156394,0.0901545,-0.995805,1
5149,3414,23,315,0,572,173,9646,442,10088,0.0160646,0.0928429,-0.995551,1
2813,1807,22,237,0,370,106,5355,356,5711,0.0180488,0.0955146,-0.995265,1
3072,2103,20,270,0,484,152,6101,537,6638,0.0238359,0.096268,-0.99507,1
5263,3610,31,459,0,835,251,10449,643,11092,0.0253181,0.0973478,-0.994928,1
4117,2530,30,294,0,558,187,7716,431,8147,0.0272928,0.100133,-0.994599,1
3467,2279,23,296,0,561,151,6777,504,7281,0.0246885,0.102552,-0.994421,1
5218,3326,34,453,0,821,229,10081,1069,11150,0.0247826,0.108101,-0.993831,1
5047,3440,33,453,0,845,267,10085,1349,11434,0.0254111,0.114427,-0.993107,1
5382,3620,35,451,0,895,229,10612,1794,12406,0.0245884,0.124072,-0.991969,1
3491,2359,22,278,0,571,155,6876,1506,8382,0.0158508,0.131402,-0.991202,1
5262,3549,34,424,0,855,240,10364,2329,12693,0.0173097,0.159264,-0.987084,1
5201,3451,40,426,0,875,247,10240,2264,12504,0.0222731,0.175022,-0.984313,1
5244,3653,33,483,0,863,267,10543,1913,12456,0.0258296,0.188364,-0.98176,1
4879,3294,31,430,0,799,249,9682,2541,12223,0.0353269,0.193275,-0.980509,1
5282,3676,30,475,0,870,284,10617,2852,13469,0.0480826,0.197649,-0.979093,1
3783,2733,23,346,0,643,199,7727,1387,9114,0.064231,0.193844,-0.978927,1
5307,3860,35,442,0,907,281,10832,1406,12238,0.0681879,0.188376,-0.979727,1
5244,3884,33,469,0,845,245,10720,1172,11892,0.0417456,0.181938,-0.982424,1
4735,3412,33,390,0,771,222,9563,1111,10674,0.0367586,0.166276,-0.985394,1
4754,3392,32,391,0,751,239,9559,1280,10839,0.0371785,0.106153,-0.993655,1
4967,3518,30,408,0,765,228,9916,1282,11198,0.0488061,0.108727,-0.992873,1
5264,3765,35,479,0,892,274,10709,1522,12231,0.0528295,0.0779948,-0.995553,1
5281,3938,35,488,0,895,254,10891,1463,12354,0.0506441,0.0387004,-0.997967,1
5004,3693,34,429,0,785,224,10169,1441,11610,0.0404788,0.0449292,-0.99817,1
4651,3338,26,450,0,806,210,9481,1589,11070,0.031009,0.0609926,-0.997656,1
5026,3649,28,423,0,848,262,10236,1800,12036,0.0239363,0.0908103,-0.995581,1
4999,3160,33,362,0,704,210,9468,1781,11249,0.0336786,0.0804171,-0.996192,1
4673,3023,26,386,0,708,219,9035,2122,11157,0.0347664,0.0738346,-0.996664,1
7061,3034,27,385,0,681,209,11397,2055,13452,0.0450227,0.0915576,-0.994781,1
4825,2771,26,395,0,675,203,8895,2174,11069,0.0497541,0.120806,-0.991429,1
5149,2615,31,378,0,893,206,9272,2152,11424,0.0439519,0.126504,-0.990992,1
5464,2635,29,310,0,625,174,9237,2416,11653,0.045921,0.116006,-0.992186,1
3824,1773,45,208,0,404,112,6366,1683,8049,0.0461786,0.0901601,-0.994856,1
5143,2290,28,296,0,574,156,8487,2488,10975,0.0296852,0.157545,-0.987065,1
4996,2255,29,329,0,571,180,8360,2452,10812,0.0217852,0.147895,-0.988763,1
4990,2374,29,286,0,626,193,8498,2632,11130,0.0331381,0.161879,-0.986254,1
4966,2674,28,357,0,630,208,8863,2238,11101,0.0258029,0.179548,-0.983411,1
5088,2793,29,373,0,761,190,9234,1586,10820,0.0293912,0.138455,-0.989933,1
4273,2320,29,264,0,523,146,7555,1342,8897,0.0273371,0.104075,-0.994194,1
5166,3061,29,350,0,772,230,9608,2180,11788,0.0234997,0.115719,-0.993004,1
5327,3356,27,430,0,731,207,10078,1369,11447,0.0346239,0.0872465,-0.995585,1
4766,3181,25,411,0,733,215,9331,999,10330,0.0393331,0.0522145,-0.997861,1
5425,3622,27,399,0,868,228,10569,1668,12237,0.0398709,0.0507851,-0.997913,1
3744,2608,21,288,0,571,159,7391,1080,8471,0.0374479,0.0509089,-0.998001,1
5400,3756,47,443,0,851,232,10729,1533,12262,0.0128617,0.0429851,-0.998993,1
5448,3794,27,404,0,843,230,10746,1241,11987,0.0123136,0.0480266,-0.99877,1
5337,4337,33,564,0,1197,378,11846,818,12664,0.0297961,0.0682284,-0.997225,1
5324,4086,27,461,0,848,321,11067,1218,12285,0.128912,0.0475281,-0.990516,1
3619,2211,14,281,0,466,145,6736,806,7542,0.0305875,0.106556,-0.993836,1
2702,1734,10,159,0,322,90,5017,363,5380,0.108391,-0.0115359,-0.994041,1
2975,2936,19,410,0,750,166,7256,1238,8494,0.0169783,0.102813,-0.994556,1
4914,4022,25,430,0,1038,242,10671,1111,11782,0.12905,-0.0627812,-0.989649,1
3439,2473,13,268,0,516,153,6862,1878,8740,0.0169427,0.105461,-0.994279,1
3467,2977,16,362,0,671,201,7694,826,8520,0.119469,-0.0828483,-0.989375,1
6039,5197,28,621,0,1208,313,13406,6108,19514,-0.00615969,0.11477,-0.993373,1
4282,3520,20,451,0,833,240,9346,1808,11154,-0.00372926,-0.0858104,-0.996304,1
6364,4917,27,610,0,1140,255,13313,3951,17264,-0.0434994,-0.0378147,-0.998338,1
3383,2554,14,327,0,637,163,7078,2672,9750,-0.0381145,-0.061164,-0.9974,1
6146,4824,28,624,0,1192,322,13136,4878,18014,-0.0327144,-0.0510124,-0.998162,1
3935,3058,16,365,0,778,202,8354,3030,11384,-0.0200085,-0.0730533,-0.997127,1
6105,4715,26,616,0,1142,296,12900,3438,16338,-0.0105732,-0.0771231,-0.996965,1
3830,2833,21,338,0,704,206,7932,3052,10984,-0.0166668,-0.0934337,-0.995486,1
4377,2925,16,327,0,654,195,8494,2904,11398,-0.0337003,-0.0956629,-0.994843,1
3744,2707,20,317,0,657,206,7651,2475,10126,-0.0432865,-0.0848936,-0.995449,1
3708,2487,16,310,0,596,174,7291,2073,9364,-0.0402272,-0.0745629,-0.996405,1
5944,3912,33,566,0,986,310,11751,3006,14757,-0.0596168,-0.0567464,-0.996607,1
4138,2556,22,286,0,657,165,7824,1764,9588,-0.0686381,-0.0502702,-0.996374,1
3885,2459,21,285,0,581,157,7388,1621,9009,-0.0626244,-0.0662715,-0.995835,1
5519,3517,30,400,0,577,163,10206,1413,11619,-0.03901,-0.029991,-0.998789,1
3023,1947,17,248,0,467,142,5844,1203,7047,-0.0352048,-0.0358771,-0.998736,1
5540,3792,29,488,0,889,274,11012,1987,12999,-0.0166471,-0.033187,-0.999311,1
5617,3913,27,422,0,876,241,11096,1948,13044,-0.0373695,-0.014096,-0.999202,1
5218,3891,27,448,0,902,270,10756,1754,12510,-0.0368525,-0.0204617,-0.999111,1
3584,2618,18,330,0,636,167,7353,1287,8640,-0.0286411,-0.0580787,-0.997901,1
4523,3564,22,439,0,1008,332,9888,1925,11813,-0.0324976,-0.0305144,-0.999006,1
4635,3687,23,448,0,816,250,9859,1806,11665,-0.0262028,0.00677354,-0.999634,1
5480,3577,24,406,0,819,256,10562,1198,11760,-0.00403065,0.0459077,-0.998938,1
5012,4029,26,438,0,613,168,10286,1239,11525,-0.0101727,0.0313111,-0.999458,1
5484,3974,25,485,0,896,190,11054,1281,12335,-0.0042335,0.0667669,-0.99776,1
5120,3760,24,493,0,847,267,10511,1828,12339,-0.0235149,0.208508,-0.977738,1
5245,2659,16,325,0,586,187,9018,1012,10030,-0.0232491,0.119859,-0.992519,1
2253,1570,11,179,0,363,116,4492,816,5308,-0.0120833,0.073156,-0.997247,1
2840,2143,14,240,0,498,137,5872,995,6867,-0.0057452,0.103372,-0.994626,1
5201,4101,27,529,0,924,286,11068,1883,12951,0.00259082,0.113298,-0.993558,1
5216,4270,28,512,0,925,293,11244,1998,13242,0.0261365,0.0971203,-0.99493,1
4899,3850,37,465,0,864,268,10383,1808,12191,0.0238108,0.0828271,-0.996279,1
5192,4307,29,482,0,1391,353,11754,2408,14162,0.0160481,0.0568546,-0.998254,1
5276,3860,20,328,0,708,184,10376,1572,11948,0.00653313,0.0514048,-0.998657,1
5257,4268,32,537,0,966,303,11363,2262,13625,-0.000823018,0.0299671,-0.999551,1
3588,3031,22,329,0,683,188,7841,1785,9626,0.00438122,0.00924302,-0.999948,1
5099,4515,32,486,0,1030,272,11434,2189,13623,0.00784665,0.0269426,-0.999606,1
5340,4571,31,529,0,1035,298,11804,2184,13988,0.0136989,0.0562628,-0.998322,1
3554,2631,23,335,0,552,162,7257,1790,9047,0.00738461,0.0611179,-0.998103,1
3496,2796,20,382,0,656,195,7545,2182,9727,-0.000705584,0.132204,-0.991222,1
4308,3679,26,424,0,875,250,9562,2664,12226,-0.00785289,0.127393,-0.991821,1
4214,4477,35,594,0,846,250,10416,2544,12960,0.0159752,0.0798811,-0.996676,1
3088,2481,20,291,0,601,161,6642,1784,8426,0.0191843,0.0429149,-0.998895,1
5445,4396,32,510,0,1147,282,11812,3242,15054,0.0250616,0.0754722,-0.996833,1
4022,3077,22,342,0,785,201,8449,1707,10156,0.0130238,0.0690576,-0.997528,1
3635,2857,20,327,0,713,205,7757,1658,9415,0.00778532,0.153027,-0.988192,1
5559,4963,34,571,0,1031,283,12441,1528,13969,-0.0153768,0.00368707,-0.999875,1
5349,4547,30,547,0,982,275,11730,1449,13179,-0.00258447,-0.0146632,-0.999889,1
3612,2921,21,363,0,625,199,7741,912,8653,-0.0157432,0.0330846,-0.999329,1
5126,3682,28,467,0,831,264,10398,1020,11418,-0.00538108,0.103363,-0.994629,1
5185,3419,29,443,0,766,274,10116,1150,11266,0.000722818,0.0694011,-0.997589,1
5388,3167,43,570,0,713,198,10079,1512,11591,-0.00539012,0.103248,-0.994641,1
5565,2760,37,336,0,452,123,9273,1160,10433,-0.00373361,0.0635787,-0.99797,1
2803,1220,16,147,0,333,98,4617,1003,5620,0.00246873,0.0419233,-0.999118,1
5239,2058,29,301,0,518,162,8307,1927,10234,0.009295,0.0862817,-0.996227,1
5106,1449,21,144,0,368,94,7182,1057,8239,0.0212878,0.0477236,-0.998634,1
2579,829,33,93,0,172,50,3756,807,4563,0.0292826,0.00743888,-0.999543,1
4723,1381,33,187,0,308,92,6724,1272,7996,0.0613552,0.0284337,-0.997711,1
4732,1610,28,208,0,397,110,7085,1246,8331,0.0632997,0.00134319,-0.997994,1
4751,1731,29,233,0,417,119,7280,1068,8348,0.0614817,-0.163707,-0.984591,1
4880,1848,29,268,0,459,159,7643,1312,8955,0.0201636,0.00338576,-0.999791,1
4802,2202,29,269,0,472,143,7917,1031,8948,0.0259225,0.0418051,-0.99879,1
4885,2672,36,284,0,512,163,8552,915,9467,0.0329264,0.0485985,-0.998275,1
4688,2578,31,301,0,587,199,8384,848,9232,0.0256933,0.0352385,-0.999049,1
4761,2842,27,360,0,638,179,8807,899,9706,0.0271998,0.0854027,-0.995975,1
4932,3100,28,345,0,735,194,9334,721,10055,0.158446,-0.155585,-0.975032,1
5349,3338,26,413,0,835,209,10170,1769,11939,0.0408599,0.0201849,-0.998961,1
5073,3578,33,390,0,789,235,10098,1066,11164,-0.00403462,0.0639755,-0.997943,1
5594,3683,41,409,0,862,237,10826,1097,11923,-0.076272,0.00639332,-0.997067,1
3515,2577,22,339,0,590,169,7212,1244,8456,-0.0652463,-0.0497652,-0.996627,1
5165,3907,32,482,0,875,253,10714,2376,13090,-0.0136348,-0.0287911,-0.999492,1
5345,3894,31,472,0,878,274,10894,1046,11940,-0.0410778,-0.0738235,-0.996425,1
3706,2787,17,332,0,619,190,7651,1846,9497,0.00266426,-0.0120232,-0.999924,1
5517,5088,34,647,0,1009,267,12562,1341,13903,0.109905,0.0267456,-0.993582,1
4990,3215,17,339,0,591,168,9320,2681,12001,0.0426403,0.0480722,-0.997933,1
2417,1711,10,210,0,413,107,4868,1145,6013,-0.0165382,-0.0102259,-0.999811,1
2100,1634,11,201,0,389,116,4451,1209,5660,-0.0328848,-0.00129932,-0.999458,1
6401,4720,31,622,0,1264,318,13356,3777,17133,-0.034625,0.0498609,-0.998156,1
6275,3868,17,351,0,767,203,11481,2400,13881,-0.0365019,0.032869,-0.998793,1
6043,2937,19,318,0,726,199,10242,2444,12686,-0.0226805,-0.030964,-0.999263,1
3110,2075,14,233,0,506,152,6090,2021,8111,-0.0217128,-0.0536434,-0.998324,1
6008,3908,28,440,0,958,254,11596,3190,14786,-0.0377405,-0.035936,-0.998641,1
5749,3258,18,298,0,644,176,10143,1952,12095,-0.0341262,-0.0491727,-0.998207,1
3655,2509,19,315,0,603,184,7285,1750,9035,-0.0234563,-0.0558167,-0.998166,1
5779,3705,52,482,0,910,244,11172,2380,13552,-0.0213785,-0.0216584,-0.999537,1
3818,2611,50,321,0,613,197,7610,1551,9161,-0.0252306,-0.0460793,-0.998619,1
5648,4798,35,658,0,1303,300,12742,2111,14853,0.0033994,0.0244262,-0.999696,1
5539,4118,28,488,0,920,283,11376,1996,13372,-0.00231926,0.0122606,-0.999922,1
5586,2867,20,360,0,643,215,9691,1224,10915,0.00072471,-0.0251803,-0.999683,1
5375,4072,27,453,0,793,177,10897,1190,12087,-0.00370003,-0.0213497,-0.999765,1
5401,3906,26,509,0,904,250,10996,1750,12746,-0.0398255,0.0791364,-0.996068,1
5328,2803,23,383,0,673,146,9356,928,10284,-0.0416783,0.0582413,-0.997432,1
2257,1465,13,227,0,429,98,4489,564,5053,-0.0391645,-0.00736531,-0.999206,1
5253,3825,25,428,0,869,236,10636,1775,12411,-0.0417827,0.0163569,-0.998993,1
3468,2573,18,295,0,600,183,7137,1109,8246,-0.0460757,-0.0159313,-0.998811,1
5017,3696,28,508,0,834,256,10339,1560,11899,-0.0476802,0.0966442,-0.994176,1
5554,2979,22,283,0,559,175,9572,1017,10589,-0.0434099,0.0636106,-0.99703,1
2103,1289,9,170,0,295,92,3958,536,4494,-0.034563,0.0114731,-0.999337,1
4991,3574,24,430,0,793,226,10038,1479,11517,-0.0333595,0.0171125,-0.999297,1
5036,3648,26,416,0,813,233,10172,1646,11818,-0.0231705,0.00307258,-0.999727,1
3448,2600,18,334,0,575,164,7139,986,8125,-0.00689294,0.00935355,-0.999933,1
5031,3830,26,501,0,860,270,10518,1246,11764,0.011781,0.0273907,-0.999556,1
5092,4076,27,436,0,845,240,10716,996,11712,0.0114486,0.0251601,-0.999618,1
3599,2817,18,326,0,604,168,7532,855,8387,0.00530756,0.0330026,-0.999441,1
3440,2718,18,333,0,616,167,7292,762,8054,0.00355877,0.0347027,-0.999392,1
4962,3765,24,421,0,767,211,10150,826,10976,-0.008635,0.0437665,-0.999004,1
4572,3338,27,416,0,762,256,9371,685,10056,-0.032489,0.0437957,-0.998512,1
4593,3289,27,403,0,787,238,9337,475,9812,-0.0447612,0.0321159,-0.998481,1
4663,3227,26,377,0,781,286,9360,609,9969,-0.0608843,0.0144108,-0.998041,1
3207,2300,20,276,0,553,162,6518,449,6967,-0.0368387,-0.000883242,-0.999321,1
5213,3631,40,445,0,823,262,10414,766,11180,-0.0206314,0.00617891,-0.999768,1
4951,4047,24,378,0,831,220,10451,700,11151,-0.0163609,0.0314778,-0.999371,1
4141,3005,38,380,0,721,219,8504,780,9284,-0.00521722,0.017445,-0.999834,1
5210,4034,34,619,0,938,325,11160,1249,12409,-0.00256645,0.0231025,-0.99973,1
5336,4095,34,512,0,969,261,11207,1652,12859,-0.0165032,0.00745974,-0.999836,1
5503,4391,36,525,0,885,271,11611,1388,12999,-0.0190836,0.0165188,-0.999682,1
5026,4127,27,509,0,966,274,10929,853,11782,-0.0255805,0.0715113,-0.997112,1
4810,3897,32,533,0,868,284,10424,644,11068,-0.0362559,0.114278,-0.992787,1
4371,3555,24,354,0,702,217,9223,612,9835,-0.0289273,0.0889202,-0.995619,1
4253,3206,37,378,0,700,226,8800,681,9481,-0.0372714,0.100682,-0.99422,1
4304,2986,41,313,0,647,187,8478,835,9313,-0.0255034,0.0700547,-0.997217,1
4136,2830,26,311,0,593,180,8076,845,8921,-0.0105549,0.0423516,-0.999047,1
5164,3134,32,353,0,723,200,9606,1292,10898,0.00359847,0.0305556,-0.999526,1
5422,2691,24,360,0,615,170,9282,1322,10604,0.0185993,0.0451843,-0.998806,1
4884,2412,25,307,0,505,148,8281,1321,9602,0.0106848,0.0556192,-0.998395,1
5355,2367,27,328,0,579,171,8827,1686,10513,-0.00260772,0.0616712,-0.998093,1
5284,1985,27,285,0,494,138,8213,1635,9848,-0.00253083,0.0430581,-0.99907,1
4973,1542,26,240,0,377,108,7266,1472,8738,-0.00474564,0.040102,-0.999184,1
5021,1394,35,198,0,356,108,7112,1405,8517,0.0133319,0.0415684,-0.999047,1
4261,1277,26,198,0,286,90,6138,1233,7371,0.0167176,0.0112995,-0.999796,1
4303,1403,27,182,0,368,101,6384,1235,7619,0.0134793,0.0155324,-0.999789,1
4845,1773,28,245,0,435,144,7470,1344,8814,-0.0114951,0.081466,-0.99661,1
4857,2069,29,284,0,525,141,7905,1324,9229,-0.0142722,0.056428,-0.998304,1
4701,2247,27,286,0,521,153,7935,962,8897,-0.032257,0.0694495,-0.997064,1
4925,2790,31,380,0,685,193,9004,899,9903,-0.0242141,0.0349183,-0.999097,1
5323,3032,30,408,0,675,223,9691,899,10590,-0.00395258,0.0537442,-0.998547,1
5144,3361,30,369,0,796,228,9928,977,10905,0.0741424,-0.0469848,-0.99614,1
4747,3319,32,363,0,716,212,9389,1320,10709,0.0871831,-0.0230875,-0.995925,1
5877,4429,28,516,0,930,244,12024,1518,13542,0.0938843,0.00547408,-0.995568,1
5099,4398,25,542,0,1321,345,11730,1551,13281,0.0888172,0.00498944,-0.996036,1
3927,3694,19,378,0,825,218,9061,2186,11247,-0.0534362,-0.0243681,-0.998274,1
5269,4607,22,523,0,1111,280,11812,2843,14655,-0.0485817,0.0383587,-0.998082,1
4024,3237,17,375,0,754,205,8612,1906,10518,-0.0416239,-0.00873902,-0.999095,1
4851,4294,19,463,0,1000,268,10895,2937,13832,-0.035883,-0.0307437,-0.998883,1
4648,3901,20,446,0,911,270,10196,3315,13511,-0.0527044,-0.034728,-0.998006,1
3409,2833,15,306,0,623,166,7352,2322,9674,-0.0555214,-0.0392275,-0.997686,1
5638,4869,28,600,0,972,261,12368,3196,15564,-0.0643333,-0.0253645,-0.997606,1
3765,2881,18,374,0,667,177,7882,1967,9849,-0.071065,-0.0178561,-0.997312,1
3900,3331,60,372,0,727,196,8586,1658,10244,-0.078181,-0.0195212,-0.996748,1
4738,3605,25,422,0,833,220,9843,1881,11724,-0.0816202,0.00179714,-0.996662,1
6668,4316,29,505,0,989,264,12771,1844,14615,-0.0568828,0.00467498,-0.99837,1
3896,2981,21,356,0,669,180,8103,1452,9555,-0.0548513,-0.0321724,-0.997976,1
5927,4392,30,470,0,924,255,11998,2053,14051,-0.0393046,-0.0295973,-0.998789,1
3912,2830,19,305,0,631,174,7871,1307,9178,-0.0422442,-0.0261114,-0.998766,1
5590,3918,25,442,0,907,329,11211,1902,13113,-0.0183967,0.113615,-0.993355,1
3535,2160,20,254,0,497,146,6612,950,7562,-0.0232692,0.0489241,-0.998532,1
1733,1203,8,146,0,274,83,3447,507,3954,-0.0350655,-0.0114823,-0.999319,1
6050,3877,26,478,0,853,271,11555,1623,13178,-0.0166355,0.035031,-0.999248,1
5286,3727,31,496,0,819,262,10621,1504,12125,-0.0292204,0.0766661,-0.996629,1
3402,2684,23,358,0,616,156,7239,1085,8324,-0.0353167,0.0426656,-0.998465,1
4393,3042,25,347,0,689,232,8728,1455,10183,-0.0277789,0.0896012,-0.99559,1
4871,3321,25,376,0,747,239,9579,1338,10917,-0.0190447,0.0973046,-0.995073,1
5186,3007,30,411,0,661,206,9501,1071,10572,-0.00590215,0.0732867,-0.997294,1
4946,3367,25,372,0,723,208,9641,972,10613,-0.0083125,0.10409,-0.994533,1
4370,3672,25,340,0,660,199,9266,638,9904,-0.0222536,0.0941507,-0.995309,1
4875,3314,32,384,0,716,220,9541,571,10112,-0.0329517,0.148802,-0.988318,1
4793,3142,30,451,0,683,233,9332,500,9832,0.0444192,-0.0368501,-0.998333,1
4567,2727,24,305,0,607,174,8404,710,9114,-0.0122889,0.0931724,-0.995574,1
4966,3162,33,412,0,718,201,9492,591,10083,-0.0349031,0.106099,-0.993743,1
4769,3180,29,390,0,733,194,9295,890,10185,-0.0314396,0.0989076,-0.9946,1
4362,3080,37,386,0,742,199,8806,809,9615,-0.0143884,0.0581126,-0.998206,1
4625,3045,33,359,0,725,204,8991,857,9848,0.00175138,0.044888,-0.99899,1
4550,3364,33,385,0,685,220,9237,1010,10247,0.0101881,0.0513951,-0.998626,1
4694,3528,33,366,0,683,195,9499,927,10426,0.0110425,0.0589023,-0.998203,1
4773,3262,28,430,0,753,256,9502,1004,10506,0.00482331,0.0541187,-0.998523,1
6234,4050,38,462,0,851,276,11911,1222,13133,-0.0121476,0.0901606,-0.995853,1
5482,4090,38,391,0,632,190,10823,598,11421,-0.0353036,0.0997624,-0.994385,1
3378,2680,22,364,0,838,218,7500,452,7952,-0.0312593,0.104466,-0.994037,1
5236,4030,30,517,0,914,276,11003,690,11693,-0.0251617,0.0965305,-0.995012,1
5025,3597,29,432,0,789,253,10125,691,10816,-0.0224138,0.0443613,-0.998764,1
4629,3119,28,386,0,662,213,9037,638,9675,-0.0138704,0.0218238,-0.999665,1
4902,3087,26,413,0,743,227,9398,695,10093,-0.00250875,-0.00366794,-0.99999,1
4891,3010,26,413,0,765,221,9326,729,10055,0.014291,-0.0459894,-0.99884,1
4864,2947,27,381,0,675,216,9110,990,10100,0.0153883,-0.0491884,-0.998671,1
5265,2530,24,294,0,567,165,8845,913,9758,0.017573,-0.0435371,-0.998897,1
4426,2423,24,345,0,599,188,8005,978,8983,0.0207771,-0.0524894,-0.998405,1
6016,2814,28,367,0,705,211,10141,1047,11188,0.00138383,-0.0333233,-0.999444,1
4829,2825,28,371,0,676,213,8942,889,9831,0.0142554,-0.0210316,-0.999677,1
3597,1822,18,212,0,446,121,6216,823,7039,0.0203526,-0.0217153,-0.999557,1
5399,2658,52,311,0,611,174,9205,1173,10378,0.0393446,-0.00876066,-0.999187,1
5219,2586,28,296,0,606,177,8912,1250,10162,0.023223,-0.000898717,-0.99973,1
5810,2666,27,343,0,619,207,9672,1388,11060,0.0220505,-0.00139747,-0.999756,1
5308,2502,28,312,0,570,167,8887,1356,10243,0.016535,0.0110936,-0.999802,1
5516,2318,26,281,0,532,154,8827,1442,10269,0.00601275,0.0135735,-0.99989,1
5407,2293,31,331,0,526,160,8748,1933,10681,-0.0106421,0.0125669,-0.999864,1
5249,2135,27,258,0,489,138,8296,1569,9865,-0.00509475,-0.0134435,-0.999897,1
5147,2054,28,231,0,501,132,8093,1329,9422,0.00279272,-0.0273563,-0.999622,1
5076,1741,26,220,0,416,121,7600,1340,8940,-0.00233502,-0.0443438,-0.999014,1
4767,1508,23,199,0,360,120,6977,1151,8128,-0.00366641,-0.0479479,-0.998843,1
4852,1679,35,220,0,388,129,7303,1278,8581,-0.000428094,-0.0434187,-0.999057,1
4974,1754,52,278,0,429,120,7607,1418,9025,-0.00680351,-0.0547559,-0.998477,1
4858,1815,28,298,0,462,128,7589,1343,8932,-0.00108896,-0.0420321,-0.999116,1
4880,1664,28,222,0,423,118,7335,1141,8476,0.0102743,-0.112479,-0.993601,1
5016,2027,36,227,0,365,111,7782,975,8757,0.000984482,-0.120442,-0.99272,1
5664,1524,28,233,0,347,110,7906,919,8825,0.000235082,-0.156325,-0.987706,1
5291,1689,29,248,0,413,120,7790,965,8755,0.00953072,-0.0679491,-0.997643,1
4727,2096,30,255,0,492,138,7738,1037,8775,-0.00581307,0.0119551,-0.999912,1
4897,2313,28,265,0,493,145,8141,1071,9212,0.00518716,-0.0154541,-0.999867,1
5076,2433,28,276,0,576,156,8545,1130,9675,-0.0340283,-0.00725861,-0.999395,1
4861,2504,30,300,0,575,166,8436,1229,9665,-0.0311538,-0.0218638,-0.999275,1
5145,2818,29,362,0,686,199,9239,1363,10602,-0.0346897,-0.0198752,-0.999201,1
4869,2851,28,414,0,707,215,9084,1372,10456,-0.0440917,-0.0050326,-0.999015,1
5263,3424,32,447,0,706,219,10091,1440,11531,-0.0402539,-0.008437,-0.999154,1
3239,2197,19,297,0,506,157,6415,1017,7432,-0.0329566,-0.00899027,-0.999416,1
4928,3296,27,414,0,774,207,9646,1068,10714,-0.00788144,0.0347947,-0.999363,1
5019,3639,31,456,0,850,241,10236,1041,11277,0.114751,-0.0603622,-0.991559,1
5544,3824,33,309,0,642,176,10528,1148,11676,0.127219,-0.0592807,-0.990102,1
2947,2421,16,258,0,568,150,6360,941,7301,0.116448,-0.0774282,-0.990174,1
6063,4910,27,568,0,1141,373,13082,2940,16022,0.00757335,-0.0634663,-0.997955,1
6000,4384,26,529,0,795,220,11954,2033,13987,-0.0297669,-0.0831121,-0.996096,1
6101,4952,29,569,0,1228,321,13200,3251,16451,-0.0556015,-0.0855331,-0.994783,1
3375,2661,16,331,0,692,175,7250,1973,9223,-0.0624289,-0.0980915,-0.993217,1
5125,4245,23,485,0,1016,302,11196,3096,14292,-0.068406,-0.081236,-0.994345,1
6328,5384,33,607,0,1300,354,14006,3339,17345,-0.0400348,-0.0675982,-0.996909,1
3224,2799,18,314,0,687,184,7226,2362,9588,-0.0295427,-0.0849867,-0.995944,1
6150,4834,32,669,0,1172,327,13184,3527,16711,-0.0340107,-0.0869504,-0.995632,1
2990,2703,17,288,0,528,162,6688,1948,8636,-0.0349621,-0.0732118,-0.996703,1
5544,3995,28,440,0,908,265,11180,3280,14460,-0.0626181,-0.00637918,-0.998017,1
4407,2822,22,317,0,653,166,8387,1724,10111,-0.0703999,-0.0199639,-0.997319,1
5487,4465,38,553,0,1231,345,12119,2351,14470,-0.0815666,-0.00411401,-0.99666,1
3914,2496,22,305,0,576,159,7472,1476,8948,-0.0758553,-0.00685473,-0.997095,1
4923,4597,35,560,0,789,245,11149,1778,12927,-0.0512717,0.0163514,-0.998551,1
5851,3715,31,464,0,897,275,11233,1980,13213,-0.0501606,0.00570639,-0.998725,1
5515,3864,28,414,0,598,184,10603,1195,11798,-0.045299,0.00457356,-0.998963,1
6363,3563,25,280,0,564,158,10953,1110,12063,-0.0440825,0.0122417,-0.998953,1
5618,3299,22,359,0,723,215,10236,1559,11795,-0.041288,0.0266683,-0.998791,1
4584,3189,22,353,0,711,202,9061,1382,10443,-0.0440228,0.0816734,-0.995686,1
5518,3198,35,383,0,695,253,10082,1232,11314,-0.0410678,0.0737386,-0.996432,1
4423,3203,24,345,0,720,199,8914,854,9768,-0.0359426,0.109624,-0.993323,1
4845,2718,21,317,0,614,197,8712,1156,9868,-0.0427659,0.112679,-0.992711,1
4017,3190,27,399,0,855,265,8753,1215,9968,-0.048993,0.0779393,-0.995754,1
5251,3164,24,412,0,732,247,9830,973,10803,-0.0486871,0.0868992,-0.995027,1
5597,2939,24,349,0,681,194,9784,751,10535,-0.0593171,0.102143,-0.993,1
4644,2844,25,376,0,682,190,8761,552,9313,-0.0768115,0.18176,-0.980338,1
3645,2045,18,261,0,443,124,6536,380,6916,-0.0904375,0.245135,-0.965262,1
4579,2703,29,310,0,613,204,8438,561,8999,-0.0735514,0.0862043,-0.993559,1
4757,2666,53,315,0,594,170,8555,465,9020,-0.0940958,0.154007,-0.983579,1
4761,2605,30,315,0,642,174,8527,511,9038,-0.0662111,0.0888956,-0.993838,1
4989,3006,29,351,0,773,192,9340,580,9920,-0.0418674,0.0673878,-0.996848,1
5197,3185,33,391,0,799,213,9818,621,10439,-0.0360833,0.0402416,-0.998538,1
5320,3360,31,398,0,853,240,10202,746,10948,-0.0310508,0.0184744,-0.999347,1
5509,3696,28,436,0,810,161,10640,548,11188,-0.036321,0.00578706,-0.999323,1
5424,3100,21,304,0,603,186,9638,329,9967,-0.0205274,-0.00920853,-0.999747,1
2932,2112,16,262,0,453,161,5936,465,6401,-0.0204358,0.0309406,-0.999312,1
3360,2553,19,413,0,801,240,7386,623,8009,-0.0201341,-0.0364634,-0.999132,1
5333,3076,23,353,0,655,210,9650,883,10533,-0.0197334,-0.00701193,-0.999781,1
2999,1996,18,233,0,451,140,5837,263,6100,0.0441728,0.123437,-0.991369,1
5086,3013,26,344,0,664,190,9323,743,10066,-0.0235921,0.117089,-0.992841,1
5210,2898,32,341,0,752,174,9407,660,10067,-0.0571994,0.0116389,-0.998295,1
4924,2236,25,266,0,525,131,8107,349,8456,-0.0896712,-0.0691746,-0.993566,1
4364,1894,28,233,0,428,134,7081,455,7536,-0.0730097,-0.0862448,-0.993595,1
5264,2146,27,306,0,510,157,8410,604,9014,-0.0614874,-0.106045,-0.992459,1
5311,2013,35,266,0,504,163,8292,856,9148,-0.0370478,-0.0620725,-0.997384,1
5653,1908,29,215,0,394,134,8333,1119,9452,-0.0357274,-0.0635005,-0.997342,1
5135,1274,26,171,0,404,96,7106,969,8075,-0.0467788,-0.108277,-0.99302,1
4862,1229,27,208,0,324,89,6739,1076,7815,-0.0503895,-0.023332,-0.998457,1
4807,1050,28,167,0,325,85,6462,1081,7543,-0.0456024,-0.0117266,-0.998891,1
4853,1036,27,145,0,340,83,6484,1183,7667,-0.0412517,-0.0230528,-0.998883,1
4689,1179,27,158,0,359,94,6506,1300,7806,-0.0374408,-0.0416711,-0.99843,1
4659,1375,26,182,0,371,98,6711,1093,7804,-0.0243625,-0.0127955,-0.999621,1
4629,1485,29,216,0,366,105,6830,1239,8069,-0.0506713,-0.00937286,-0.998671,1
4688,1605,28,219,0,372,114,7026,1325,8351,-0.0572211,-0.0270049,-0.997996,1
4712,1931,28,253,0,458,133,7515,1444,8959,-0.0624196,-0.0171545,-0.997903,1
4649,2090,27,258,0,514,144,7682,1241,8923,-0.0588207,-0.00558831,-0.998253,1
4679,2264,29,286,0,548,152,7958,1181,9139,-0.0533441,-0.0119483,-0.998505,1
4545,2177,28,273,0,537,152,7712,1170,8882,-0.0560878,-0.018122,-0.998261,1
4590,2255,29,280,0,557,173,7884,1290,9174,-0.0601071,-0.0242354,-0.997898,1
4329,2087,26,270,0,483,150,7345,1325,8670,-0.0619403,0.0139304,-0.997983,1
4643,2503,31,286,0,593,161,8217,1103,9320,-0.0598695,0.0259642,-0.997869,1
4759,2665,48,304,0,652,199,8627,1178,9805,0.0070333,0.0210508,-0.999754,1
4797,3030,58,340,0,691,188,9104,977,10081,0.0733135,-0.0842828,-0.993741,1
5134,3309,27,381,0,901,219,9971,1869,11840,0.0282933,-0.0459862,-0.998541,1
5313,4023,26,464,0,936,251,11013,1542,12555,0.0793686,-0.0330325,-0.996298,1
5921,4841,39,694,0,1290,297,13082,2212,15294,-0.0591184,-0.0228929,-0.997989,1
4414,3461,19,374,0,796,211,9275,2598,11873,-0.0737778,-0.0546965,-0.995774,1
5580,4644,25,548,0,1113,296,12206,3157,15363,-0.0494853,-0.0413969,-0.997917,1
4036,3237,17,410,0,784,209,8693,2696,11389,-0.0423225,-0.0715368,-0.996539,1
6175,4948,27,609,0,1107,257,13123,2867,15990,-0.0408741,-0.0548532,-0.997658,1
3145,2450,15,310,0,587,170,6677,2464,9141,-0.0536921,-0.0570952,-0.996924,1
5753,4368,37,689,0,1058,229,12134,2630,14764,-0.0706331,-0.0705486,-0.995005,1
3006,1964,15,263,0,476,142,5866,1606,7472,-0.068037,-0.0869914,-0.993883,1
3626,2334,21,338,0,564,151,7034,1752,8786,-0.0768899,-0.090749,-0.992901,1
5793,3894,31,448,0,846,250,11262,2082,13344,-0.0755637,-0.0686598,-0.994774,1
3746,2537,22,309,0,594,159,7367,1909,9276,-0.0707376,-0.0602697,-0.995673,1
3952,2663,21,326,0,585,189,7736,1519,9255,-0.058283,-0.0504048,-0.997027,1
3795,2613,25,283,0,576,165,7457,1460,8917,-0.0624907,-0.070505,-0.995552,1
5651,3815,36,419,0,853,317,11091,2635,13726,-0.0409365,-0.0626315,-0.997197,1
5718,3627,19,303,0,573,181,10421,1260,11681,-0.0398557,-0.0648876,-0.997096,1
2849,2063,15,239,0,445,141,5752,946,6698,-0.0500191,-0.0783598,-0.99567,1
5485,3768,26,424,0,839,252,10794,1792,12586,-0.039915,0.09683,-0.9945,1
5379,2742,19,285,0,789,167,9381,1161,10542,-0.0549987,0.081439,-0.99516,1
2249,1489,10,170,0,330,93,4341,649,4990,-0.0596084,-0.0107974,-0.998163,1
1905,1273,11,149,0,288,82,3708,594,4302,-0.0691798,-0.0233452,-0.997331,1
4831,3141,24,359,0,734,200,9289,1511,10800,-0.0715459,0.0346294,-0.996836,1
4774,2981,24,374,0,677,190,9020,1359,10379,-0.0817135,0.0387276,-0.995903,1
4759,2841,25,326,0,616,177,8744,1351,10095,-0.0669099,0.0442945,-0.996775,1
4948,2802,38,385,0,640,181,8994,1042,10036,-0.0577123,0.029299,-0.997904,1
3018,1772,17,213,0,408,118,5546,742,6288,-0.0497376,0.0422635,-0.997868,1
4570,2534,29,308,0,603,181,8225,886,9111,-0.0468973,0.0516062,-0.997566,1
4415,2379,24,353,0,535,189,7895,528,8423,-0.067135,0.057129,-0.996107,1
4952,2329,25,319,0,561,179,8365,680,9045,-0.0547641,0.0250251,-0.998186,1
4418,2144,28,317,0,492,161,7560,551,8111,-0.067739,0.0272249,-0.997332,1
4722,1935,24,236,0,425,186,7528,434,7962,0.0895443,0.217023,-0.972051,1
3365,1117,16,142,0,205,62,4907,250,5157,0.0509785,0.196643,-0.979149,1
2534,955,12,123,0,260,106,3990,355,4345,0.013829,0.283239,-0.95895,1
5276,2212,23,292,0,535,168,8506,736,9242,0.138769,0.450495,-0.881928,1
5304,2408,23,337,0,562,197,8831,1620,10451,0.265888,0.649307,-0.712534,1
3461,1910,15,268,0,458,146,6258,-1000,-1000,-1,-1,-1,1
5245,3258,25,436,0,776,244,9984,494,10478,0.159026,0.0185921,-0.987099,1
5198,3650,25,473,0,804,263,10413,416,10829,-0.123231,-0.0986636,-0.987461,1
5211,3552,25,451,0,808,256,10303,-1000,-1000,-1,-1,-1,1
3515,2358,20,290,0,515,166,6864,350,7214,-0.0560364,0.011774,-0.998359,1
5058,3090,27,400,0,738,230,9543,423,9966,-0.175883,-0.0585512,-0.982668,1
5019,2895,29,381,0,648,207,9179,551,9730,-0.0266931,0.0156539,-0.999521,1
5100,2609,36,307,0,579,173,8804,642,9446,-0.0341067,-0.0485669,-0.998238,1
5133,2360,35,288,0,529,168,8513,763,9276,-0.00671207,-0.0800039,-0.996772,1
5348,2268,36,294,0,537,164,8647,1153,9800,-0.0154588,-0.0127623,-0.999799,1
5404,2238,33,275,0,506,162,8618,1001,9619,-0.0187312,-0.00439958,-0.999815,1
6085,2165,51,316,0,525,161,9303,1185,10488,-0.0313304,-0.0350789,-0.998893,1
3551,1396,19,172,0,350,97,5585,927,6512,-0.0259454,-0.0698314,-0.997221,1
5707,2209,29,264,0,544,177,8930,1403,10333,-0.0158757,-0.0766657,-0.99693,1
5019,2252,29,258,0,527,148,8233,1319,9552,0.000687227,-0.101222,-0.994864,1
5388,2122,29,259,0,487,158,8443,1329,9772,0.00883633,-0.0923392,-0.995688,1
4485,1820,24,238,0,494,126,7187,1220,8407,-0.0192208,-0.0822424,-0.996427,1
5416,2098,31,285,0,546,135,8511,1322,9833,-0.0316959,-0.0499148,-0.99825,1
4368,1632,24,253,0,409,118,6804,1175,7979,-0.034915,-0.0434272,-0.998446,1
4308,1582,25,253,0,398,122,6688,1189,7877,-0.0507909,-0.00759389,-0.99868,1
4179,1542,24,231,0,396,108,6480,1235,7715,-0.0492372,-0.0078336,-0.998756,1
4125,1440,27,228,0,380,107,6307,1239,7546,-0.0454623,0.0223524,-0.998716,1
3874,1283,28,209,0,326,96,5816,1387,7203,-0.0430426,0.0222308,-0.998826,1
4325,1467,30,248,0,399,117,6586,1493,8079,-0.0190095,-0.00822026,-0.999786,1
4215,1434,29,193,0,431,144,6446,1489,7935,-0.00936439,0.00946841,-0.999911,1
4440,1890,29,289,0,486,144,7278,1291,8569,-0.0542623,0.133462,-0.989567,1
4353,1473,25,201,0,366,100,6518,694,7212,-0.0429498,0.0296187,-0.998638,1
2363,1374,15,184,0,349,90,4375,675,5050,-0.0725735,-0.048849,-0.996167,1
4921,3116,26,409,0,808,214,9494,1815,11309,-0.0536822,-0.0293194,-0.998127,1
5119,3707,29,415,0,915,247,10432,1399,11831,-0.0737398,-0.074213,-0.994512,1
4662,3896,31,471,0,986,281,10327,2257,12584,-0.0452124,-0.0787464,-0.995869,1
5053,4749,25,517,0,1187,337,11868,1928,13796,-0.0553176,-0.0691164,-0.996074,1
4852,4753,23,566,0,1116,312,11622,2554,14176,-0.0472384,-0.0639718,-0.996833,1
3840,3881,33,426,0,825,241,9246,2027,11273,-0.0468598,-0.0902541,-0.994816,1
3810,3758,17,432,0,850,245,9112,2227,11339,-0.0432787,-0.0975871,-0.994286,1
6462,5723,25,678,0,1338,379,14605,2600,17205,-0.0383479,-0.0925209,-0.994972,1
3254,3052,14,381,0,680,204,7585,2106,9691,-0.0389499,-0.135281,-0.990041,1
5638,4804,27,561,0,1091,341,12462,3285,15747,-0.0446746,-0.0963924,-0.99434,1
3731,3123,20,361,0,719,212,8166,1878,10044,-0.0731437,-0.0973776,-0.992556,1
5150,3951,27,508,0,892,275,10803,2269,13072,-0.0638636,-0.0764745,-0.995024,1
5187,3714,27,467,0,921,253,10569,2203,12772,-0.067595,-0.0515004,-0.996383,1
5554,3714,26,404,0,818,250,10766,1983,12749,-0.0508245,-0.0508842,-0.99741,1
3733,2547,24,299,0,574,168,7345,1375,8720,-0.0497218,-0.0587333,-0.997035,1
5037,3696,30,553,0,1180,230,10726,1851,12577,-0.0531958,-0.0679,-0.996273,1
5699,3958,42,434,0,886,246,11265,1673,12938,-0.068688,-0.0618285,-0.99572,1
3508,2600,21,359,0,826,178,7492,1192,8684,-0.0601914,-0.0517448,-0.996845,1
5660,3905,33,368,0,822,231,11019,1526,12545,-0.0674778,-0.00550347,-0.997706,1
5707,3153,28,363,0,690,208,10149,1355,11504,-0.0595608,0.00379178,-0.998217,1
4616,2995,27,365,0,622,209,8834,1383,10217,-0.0681891,0.0269633,-0.997308,1
4397,2723,21,331,0,639,164,8275,1283,9558,-0.0516041,0.0458696,-0.997614,1
3842,2280,22,276,0,542,153,7115,1102,8217,-0.0462352,0.0484145,-0.997757,1
4231,2491,23,347,0,588,191,7871,969,8840,-0.0304703,0.113238,-0.993101,1
3807,2090,22,309,0,489,162,6879,649,7528,-0.0325253,0.107245,-0.9937,1
4194,2155,25,266,0,548,150,7338,707,8045,-0.0318294,0.128628,-0.991182,1
4495,2159,33,263,0,480,141,7571,547,8118,-0.0418268,0.198939,-0.979119,1
4256,2148,27,256,0,471,140,7298,387,7685,-0.00313567,0.129987,-0.991511,1
4713,2324,31,309,0,530,149,8056,399,8455,0.0736228,-0.272595,-0.959308,1
3964,2186,27,257,0,489,140,7063,818,7881,-0.0448606,0.0580251,-0.997307,1
6876,3265,46,408,0,698,173,11466,964,12430,-0.0512226,0.116485,-0.991871,1
4825,3348,29,433,0,738,212,9585,539,10124,-0.0162862,0.1956,-0.980549,1
3430,2521,21,297,0,607,163,7039,479,7518,-0.0421067,0.0551609,-0.997589,1
4872,3900,28,445,0,897,243,10385,599,10984,-0.00100832,0.0990512,-0.995082,1
5059,4084,27,458,0,910,258,10796,656,11452,0.000769088,0.0597536,-0.998213,1
3545,2964,18,395,0,729,190,7841,366,8207,0.0245133,0.00968157,-0.999653,1
5498,4334,37,548,0,964,271,11652,668,12320,0.0681889,0.0368232,-0.996992,1
3598,2384,20,237,0,470,137,6846,321,7167,0.0413994,-0.0185104,-0.998971,1
2198,1656,15,185,0,355,106,4515,285,4800,0.00957943,-0.0675102,-0.997673,1
4767,3480,54,387,0,820,222,9730,520,10250,-0.00731373,-0.0165948,-0.999836,1
5358,3768,27,404,0,834,244,10635,646,11281,-0.00972494,0.0239247,-0.999667,1
4871,3336,25,440,0,785,231,9688,674,10362,-0.0292303,0.0303987,-0.99911,1
5026,3198,25,420,0,733,269,9671,643,10314,-0.0367167,0.0208207,-0.999109,1
5074,3156,34,412,0,688,224,9588,741,10329,-0.0401528,-0.0249672,-0.998882,1
4717,2988,26,364,0,666,216,8977,865,9842,-0.0295764,-0.0332833,-0.999009,1
4366,2471,53,345,0,583,208,8026,1121,9147,-0.0198483,-0.0549603,-0.998291,1
5505,2965,47,353,0,647,200,9717,1270,10987,-0.0118909,-0.0470565,-0.998821,1
5017,2586,33,367,0,660,209,8872,1148,10020,-0.00918983,-0.0326755,-0.999424,1
4795,1943,33,242,0,445,142,7600,1218,8818,-0.0100747,-0.0334261,-0.99939,1
4902,1626,32,217,0,406,127,7310,1221,8531,-0.00258946,0.0561284,-0.99842,1
5385,1305,33,179,0,234,100,7236,1192,8428,-0.0142765,0.0530185,-0.998491,1
2625,455,18,88,0,126,37,3349,647,3996,-0.0130068,-0.0456557,-0.998873,1
1985,529,14,82,0,145,40,2795,547,3342,-0.0155972,-0.0795064,-0.996712,1
4181,1120,36,191,0,302,97,5927,1161,7088,-0.0257809,-0.0285813,-0.999259,1
4630,1007,27,150,0,243,92,6149,1207,7356,-0.0230421,-0.0507885,-0.998444,1
4209,1178,29,158,0,295,85,5954,1238,7192,-0.0226592,-0.039351,-0.998969,1
4123,1375,27,196,0,327,97,6145,1369,7514,-0.0220756,-0.0318178,-0.99925,1
4201,1350,28,193,0,398,139,6309,1259,7568,-0.0446396,0.00875789,-0.998965,1
4246,1459,25,246,0,357,107,6440,1338,7778,-0.0563183,0.0147512,-0.998304,1
3930,1461,23,210,0,379,105,6108,972,7080,-0.0511647,-0.0439471,-0.997723,1
4319,1888,27,232,0,432,122,7020,1103,8123,-0.035726,-0.000771865,-0.999361,1
3898,1945,25,290,0,468,125,6751,1047,7798,0.0465721,0.0240031,-0.998627,1
4497,2573,25,325,0,622,172,8214,863,9077,0.189111,-0.0765254,-0.978969,1
4910,3366,27,406,0,982,320,10011,1869,11880,0.00240704,-0.0433877,-0.999055,1
4957,3736,25,427,0,863,236,10244,1154,11398,-0.0759102,-0.0433397,-0.996173,1
3586,3155,19,419,0,773,227,8179,1569,9748,-0.0632342,-0.0534216,-0.996568,1
5880,5302,28,555,0,1159,332,13256,2737,15993,-0.0584778,-0.028921,-0.99787,1
5739,5452,30,612,0,1240,348,13421,3213,16634,-0.058932,-0.0284382,-0.997857,1
5878,5507,28,621,0,1244,337,13615,2824,16439,-0.0707249,-0.00662932,-0.997474,1
3915,3843,22,432,0,870,243,9325,2429,11754,-0.0555555,-0.0214704,-0.998225,1
5088,4631,27,531,0,1027,286,11590,3066,14656,-0.0511217,-0.0239267,-0.998406,1
5058,4355,28,678,0,1061,246,11426,2205,13631,-0.0362163,-0.0350192,-0.99873,1
5404,4115,34,378,0,718,210,10859,1698,12557,-0.0418874,-0.0627704,-0.997149,1
2873,2338,15,253,0,537,145,6161,1217,7378,-0.0632003,-0.0757524,-0.995122,1
5279,4180,25,490,0,961,257,11192,1963,13155,-0.0570314,-0.06447,-0.996289,1
5392,4287,25,490,0,957,252,11403,1367,12770,-0.0712794,-0.0733744,-0.994754,1
3625,3039,19,343,0,673,177,7876,1280,9156,-0.0700538,-0.09546,-0.992965,1
5045,4259,31,472,0,924,276,11007,1723,12730,-0.0647842,-0.0879182,-0.994019,1
5064,3879,25,468,0,853,264,10553,1592,12145,-0.0655502,-0.0902291,-0.993762,1
4970,3947,30,433,0,812,228,10420,1495,11915,-0.0606577,-0.0871404,-0.994348,1
4937,4056,34,442,0,815,233,10517,1413,11930,-0.04939,-0.0771305,-0.995797,1
4969,3694,24,385,0,777,208,10057,1133,11190,-0.0566217,-0.0798867,-0.995195,1
3274,2157,16,241,0,478,136,6302,865,7167,-0.0616075,-0.054914,-0.996589,1
5166,3122,23,401,0,768,201,9681,1362,11043,-0.062735,-0.0131606,-0.997944,1
5597,2750,28,386,0,605,192,9558,1242,10800,-0.0752818,-0.0220335,-0.996919,1
2836,1622,15,215,0,370,126,5184,781,5965,-0.0604756,-0.0265181,-0.997817,1
4205,2375,30,341,0,550,171,7672,1266,8938,-0.0470624,-0.0128319,-0.998809,1
4109,2293,25,311,0,528,172,7438,1211,8649,-0.0278437,0.0274722,-0.999235,1
4063,2304,24,319,0,511,179,7400,1169,8569,-0.0228982,0.0457507,-0.99869,1
3952,1905,24,278,0,469,143,6771,849,7620,-0.0207416,0.0603555,-0.997962,1
4281,2080,24,327,0,487,170,7369,751,8120,-0.00628831,0.160906,-0.98695,1
4209,2057,24,296,0,467,168,7221,662,7883,-0.00887331,0.151361,-0.988439,1
3131,1417,17,204,0,326,101,5196,430,5626,-0.0198372,0.0588215,-0.998072,1
3539,1648,30,239,0,387,119,5962,452,6414,-0.00461642,0.112785,-0.993609,1
4220,2328,28,319,0,514,173,7582,545,8127,0.00194153,0.102563,-0.994724,1
4496,2654,26,286,0,568,163,8193,544,8737,0.00260231,0.134747,-0.990877,1
4190,2767,34,384,0,634,203,8212,548,8760,-0.0327653,0.0930856,-0.995119,1
4974,3494,41,421,0,814,231,9975,583,10558,-0.0136282,0.0437954,-0.998948,1
5422,3978,33,490,0,905,258,11086,616,11702,-0.0236955,0.048664,-0.998534,1
5523,4535,35,525,0,990,285,11893,700,12593,-0.0136094,0.107201,-0.994144,1
3844,3114,20,350,0,679,191,8198,423,8621,-0.0191267,0.0779149,-0.996777,1
5457,4505,30,579,0,976,295,11842,531,12373,-0.000688022,0.0665503,-0.997783,1
5556,4101,32,491,0,927,260,11367,564,11931,-0.00695579,0.0883042,-0.99607,1
5613,3418,30,437,0,770,214,10482,777,11259,-0.0140177,0.0584921,-0.99819,1
5434,2750,29,365,0,654,204,9436,801,10237,0.000837273,0.0441966,-0.999022,1
4633,1940,31,283,0,468,141,7496,961,8457,0.00232472,0.0271291,-0.999629,1
4773,1785,31,278,0,405,127,7399,1196,8595,0.00732134,0.00585884,-0.999956,1
4829,1551,35,262,0,446,155,7278,1243,8521,0.00913197,0.00744746,-0.999931,1
4555,1644,27,255,0,459,137,7077,1246,8323,-0.00214075,-0.0201035,-0.999796,1
4497,1672,27,252,0,374,159,6981,1238,8219,-0.0099994,-0.0527329,-0.998558,1
4505,1574,28,251,0,383,120,6861,1231,8092,-0.0144623,-0.0484509,-0.998721,1
4514,1807,26,263,0,408,139,7157,1204,8361,-0.00946293,-0.0593749,-0.998191,1
4373,1579,28,228,0,322,103,6633,1224,7857,-0.00162204,-0.0598145,-0.998208,1
4471,1557,31,212,0,357,98,6726,1144,7870,-0.00750663,-0.0670771,-0.99772,1
4183,1248,26,179,0,344,96,6076,924,7000,-0.0110346,-0.0539143,-0.998485,1
4146,1219,24,208,0,270,103,5970,894,6864,-0.0142949,-0.0669032,-0.997657,1
4056,1025,27,170,0,248,75,5601,738,6339,-0.00594543,-0.105235,-0.99443,1
4276,1092,25,174,0,280,88,5935,746,6681,0.0186787,-0.181362,-0.983239,1
4127,867,46,139,0,286,94,5559,670,6229,0.0121289,-0.120705,-0.992614,1
3975,883,61,139,0,192,80,5330,694,6024,0.0408789,-0.26283,-0.963976,1
3918,834,28,120,0,219,66,5185,672,5857,0.112408,-0.14507,-0.983016,1
3830,970,27,147,0,240,74,5288,681,5969,0.0367079,-0.281455,-0.958872,1
3947,1144,27,212,0,288,84,5702,635,6337,0.149698,-0.115702,-0.981938,1
3788,1363,28,217,0,334,104,5834,841,6675,0.0777175,-0.199027,-0.976907,1
3826,1404,27,199,0,336,121,5913,736,6649,0.0536919,-0.218807,-0.97429,1
3990,1506,29,212,0,415,109,6261,925,7186,0.0697161,-0.229019,-0.970923,1
3947,1521,30,254,0,386,114,6252,939,7191,0.0728473,-0.242174,-0.967494,1
4038,1562,29,249,0,389,135,6402,935,7337,0.0483653,-0.176476,-0.983116,1
3901,1559,29,196,0,431,113,6229,1099,7328,0.00840146,-0.0963781,-0.995309,1
4009,1728,26,217,0,545,166,6691,1171,7862,-0.0209368,-0.0457161,-0.998735,1
4185,2088,29,263,0,526,138,7229,1031,8260,-0.0154671,-0.0187105,-0.999705,1
4489,2529,27,287,0,633,189,8154,884,9038,-0.007695,0.0473121,-0.998851,1
4771,2849,26,320,0,766,181,8913,1259,10172,0.300591,-0.174267,-0.937697,1
4466,2152,22,270,0,715,184,7809,1072,8881,-0.0338864,-0.0896769,-0.995395,1
2254,1679,13,191,0,399,108,4644,589,5233,-0.0251844,-0.0395839,-0.998899,1
4859,4098,27,418,0,866,233,10501,1105,11606,0.0949998,-0.0332626,-0.994921,1
5164,4554,24,570,0,1055,300,11667,1300,12967,0.23291,-0.0227363,-0.972233,1
3540,3506,19,379,0,767,238,8449,1456,9905,0.247871,-0.0270899,-0.968414,1
5733,5545,33,902,0,1757,510,14480,2562,17042,-0.000205723,0.0623216,-0.998056,1
4053,3855,19,453,0,975,261,9616,1536,11152,-0.010397,0.0403973,-0.99913,1
6648,5783,20,540,0,957,280,14228,1925,16153,-0.0227563,0.0186695,-0.999567,1
3142,3161,18,383,0,742,220,7666,1560,9226,-0.0339713,-0.00664741,-0.999401,1
6256,5827,33,731,0,1413,411,14671,3010,17681,-0.0505868,-0.0155126,-0.998599,1
4264,4058,24,503,0,986,285,10120,2063,12183,-0.0430662,-0.0226254,-0.998816,1
5089,4751,26,583,0,1157,382,11988,2583,14571,-0.0411433,-0.0139994,-0.999055,1
5168,4694,28,601,0,1122,329,11942,2735,14677,-0.0575326,-0.0233464,-0.998071,1
6438,5529,26,638,0,1406,347,14384,3822,18206,-0.0590989,-0.0184829,-0.998081,1
6259,5347,26,635,0,1247,351,13865,3669,17534,-0.0463385,-0.0437647,-0.997967,1
4299,3317,18,405,0,804,225,9068,2380,11448,-0.0565272,-0.00615028,-0.998382,1
4956,3706,22,398,0,849,231,10162,2662,12824,-0.0620859,-0.0631807,-0.996069,1
5881,4400,31,573,0,955,209,12049,1723,13772,-0.062911,-0.0557872,-0.996459,1
4021,2725,17,373,0,659,199,7994,1503,9497,-0.0579736,-0.0664562,-0.996104,1
5699,4142,34,478,0,949,261,11563,2014,13577,-0.0467055,-0.0471427,-0.997796,1
3890,2877,21,331,0,650,181,7950,1173,9123,-0.0537746,-0.0419145,-0.997673,1
4920,3676,24,424,0,833,234,10111,1386,11497,-0.0559162,-0.0149516,-0.998324,1
4980,3755,26,456,0,865,227,10309,1230,11539,-0.0647201,-0.0385399,-0.997159,1
4872,3340,22,404,0,776,209,9623,1258,10881,-0.067426,-0.017671,-0.997568,1
4540,3186,23,392,0,713,196,9050,1142,10192,-0.0654819,-0.00563149,-0.997838,1
4831,3156,24,404,0,724,199,9338,1150,10488,-0.0683841,-0.00542179,-0.997644,1
4699,3009,24,437,0,693,219,9081,1137,10218,-0.049525,-0.0203759,-0.998565,1
4694,2754,24,392,0,651,197,8712,1086,9798,-0.0459226,-0.0134248,-0.998855,1
4413,2556,24,358,0,606,184,8141,1218,9359,-0.0444511,-0.0292166,-0.998585,1
4239,2412,24,324,0,555,177,7731,1065,8796,-0.0479755,-0.0263651,-0.9985,1
4575,2278,31,313,0,525,175,7897,1076,8973,-0.0518357,-0.0449031,-0.997646,1
4400,2275,27,320,0,567,160,7749,1089,8838,-0.0559052,-0.0290307,-0.998014,1
4673,2601,27,298,0,483,172,8254,1192,9446,-0.0355113,-0.031791,-0.998864,1
4267,1961,24,264,0,464,166,7146,1170,8316,-0.0504905,-0.0228519,-0.998463,1
4560,2154,25,310,0,482,137,7668,1225,8893,-0.0591228,-0.00355034,-0.998245,1
4160,1803,24,231,0,482,163,6863,1104,7967,-0.0554754,-0.00132141,-0.998459,1
4137,1854,46,289,0,503,151,6980,980,7960,-0.0489814,0.0107865,-0.998742,1
4175,1858,24,281,0,448,129,6915,1137,8052,-0.0413507,0.0264889,-0.998793,1
4137,1984,37,228,0,464,128,6978,925,7903,-0.0387835,0.0351951,-0.998628,1
4996,1943,25,252,0,437,125,7778,577,8355,-0.0275856,0.057882,-0.997943,1
4196,1831,31,218,0,389,133,6798,388,7186,-0.0138568,0.071589,-0.997338,1
4177,1999,38,245,0,422,141,7022,637,7659,-0.0138518,0.111318,-0.993688,1
4311,2381,32,301,0,529,167,7721,531,8252,0.0897341,0.170109,-0.981331,1
4730,2682,34,326,0,583,186,8541,555,9096,-0.00737047,0.273099,-0.961958,1
4722,3233,34,528,0,975,256,9748,1006,10754,0.0606621,0.154132,-0.986186,1
5351,3489,28,433,0,615,172,10088,441,10529,0.154529,0.1253,-0.980011,1
3761,2736,19,384,0,645,192,7737,391,8128,0.0412989,0.130854,-0.990541,1
4891,3838,26,420,0,835,235,10245,558,10803,-0.0713655,0.10484,-0.991925,1
5073,4095,25,434,0,912,248,10787,4251,15038,-0.417477,0.537456,-0.732703,1
3561,2855,17,334,0,622,190,7579,1057,8636,0.00449505,0.437747,-0.899087,1
5870,4471,29,524,0,941,293,12128,643,12771,-0.0312468,0.00751974,-0.999483,1
3771,2965,19,326,0,661,179,7921,956,8877,-0.0282635,-0.00806214,-0.999568,1
6534,4113,26,451,0,901,256,12281,494,12775,-0.0371806,0.157722,-0.986783,1
5332,4202,49,460,0,925,256,11224,571,11795,0.00826585,-0.0499054,-0.99872,1
5509,4324,33,476,0,793,192,11327,617,11944,0.0133929,-0.0052796,-0.999896,1
3757,2753,40,301,0,637,171,7659,662,8321,0.019299,-0.0046555,-0.999803,1
4764,3330,30,363,0,694,211,9392,955,10347,0.0151373,0.0265665,-0.999532,1
4700,2893,28,340,0,681,216,8858,966,9824,8.54835e-05,0.0462766,-0.998929,1
4753,2629,30,304,0,575,177,8468,876,9344,-0.0149662,0.0451802,-0.998867,1
5042,2284,37,280,0,573,165,8381,1009,9390,-0.00840121,0.108564,-0.994054,1
4878,1713,26,212,0,432,146,7407,1212,8619,0.00144198,0.0546084,-0.998507,1
4037,1064,18,163,0,237,82,5601,720,6321,-0.0046913,0.00128192,-0.999988,1
2920,641,17,114,0,166,51,3909,694,4603,-0.00330818,-0.00224488,-0.999992,1
4435,633,28,113,0,152,64,5425,1024,6449,-0.00342436,0.0081773,-0.999961,1
4298,594,30,110,0,165,63,5260,1421,6681,0.00676121,-0.0110992,-0.999916,1
4194,514,26,87,0,125,46,4992,1078,6070,0.00201734,-0.0148571,-0.999887,1
4141,439,26,93,0,165,56,4920,1181,6101,0.0171786,-0.0324415,-0.999326,1
4051,466,27,88,0,131,54,4817,1218,6035,-0.000948916,-0.0238322,-0.999716,1
4294,428,28,93,0,142,45,5030,1417,6447,0.000980557,-0.0213858,-0.999771,1
4068,472,26,94,0,125,46,4831,1226,6057,0.004024,-0.0266098,-0.999638,1
3921,629,38,139,0,189,61,4977,1242,6219,-0.00305473,-0.0273112,-0.999622,1
4884,680,36,134,0,158,75,5967,1404,7371,-0.0104016,-0.0248512,-0.999637,1
4222,1001,36,154,0,237,76,5726,1513,7239,-0.0222911,-0.0396496,-0.998965,1
4568,1250,35,183,0,342,88,6466,1674,8140,-0.0480205,-0.0115705,-0.998779,1
4295,1569,26,229,0,399,133,6651,1841,8492,-0.0532874,-0.0110721,-0.998518,1
4702,2044,26,300,0,577,194,7843,1693,9536,-0.0461805,0.0170473,-0.998788,1
4597,2671,27,345,0,521,143,8304,830,9134,-0.0392328,0.049039,-0.998026,1
2643,1946,16,251,0,448,143,5447,830,6277,0.241839,-0.478704,-0.844012,1
4705,4709,34,481,0,964,272,11165,847,12012,-0.042228,0.00385426,-0.9991,1
5570,5337,30,556,0,1045,222,12760,588,13348,-0.0354421,0.100548,-0.9943,1
4295,3831,24,440,0,874,237,9701,1163,10864,0.00377092,0.109968,-0.993928,1
5692,5290,24,608,0,1277,340,13231,2154,15385,0.00426979,0.103949,-0.994574,1
3851,3801,23,440,0,928,253,9296,1959,11255,-0.00442124,0.0880709,-0.996104,1
6318,5141,56,641,0,1235,347,13738,2489,16227,-0.0173715,0.106599,-0.99415,1
3887,3669,22,423,0,863,241,9105,2085,11190,-0.0382523,0.0628707,-0.997288,1
5933,5158,36,585,0,1136,320,13168,3217,16385,-0.0645857,0.0575616,-0.996251,1
5626,4600,29,517,0,1101,291,12164,2331,14495,-0.0723936,0.0587229,-0.995646,1
2929,2307,14,298,0,543,163,6254,1685,7939,-0.0707741,0.0298629,-0.997045,1
5880,4296,34,505,0,994,285,11994,2817,14811,-0.0827863,0.0483288,-0.995395,1
5735,3431,55,459,0,857,230,10767,2161,12928,-0.0908604,0.0432763,-0.994923,1
4625,2979,28,347,0,697,201,8877,1556,10433,-0.0828418,0.0635518,-0.994534,1
5583,3490,38,446,0,830,223,10610,2155,12765,-0.0698606,0.0577391,-0.995884,1
5941,2356,21,349,0,547,152,9366,1093,10459,-0.0756901,0.0774753,-0.994117,1
2783,1645,19,217,0,397,118,5179,831,6010,-0.0648989,0.0611949,-0.996014,1
5263,2983,29,393,0,695,223,9586,1437,11023,-0.0526786,0.0993184,-0.99366,1
4813,2670,28,324,0,634,174,8643,1251,9894,-0.0461504,0.0790697,-0.9958,1
4673,2481,47,344,0,581,194,8320,1238,9558,-0.0386262,0.116365,-0.992455,1
4367,2146,24,314,0,542,159,7552,1141,8693,-0.0325457,0.0896851,-0.995438,1
4637,2203,24,300,0,562,185,7911,1105,9016,-0.0180901,0.126617,-0.991787,1
4113,1969,24,291,0,493,141,7031,1066,8097,-0.0221901,0.162084,-0.986528,1
4231,2175,24,248,0,446,141,7265,1146,8411,-0.0111612,0.168599,-0.985621,1
4661,2009,30,274,0,477,134,7585,907,8492,-0.0153336,0.154369,-0.987894,1
4281,1930,25,246,0,481,113,7076,586,7662,-0.00542871,0.195538,-0.980681,1
3002,1449,17,173,0,336,107,5084,621,5705,0.00533542,0.20366,-0.979027,1
4104,2098,24,249,0,521,140,7136,712,7848,0.0155581,0.224677,-0.974309,1
4664,2261,27,268,0,525,148,7893,613,8506,0.0351785,0.208595,-0.977369,1
4276,2426,24,326,0,556,157,7765,614,8379,0.0296008,0.24918,-0.968005,1
4693,2505,26,382,0,611,170,8387,597,8984,0.00700894,0.164937,-0.986279,1
4340,2800,35,405,0,602,170,8352,552,8904,0.060461,0.143944,-0.987737,1
4570,2627,29,350,0,616,170,8362,524,8886,0.0296116,-0.0245797,-0.999259,1
5192,2584,28,309,0,732,198,9043,516,9559,-0.00856062,0.101194,-0.99483,1
4745,2724,29,372,0,607,197,8674,547,9221,0.00165045,0.0813298,-0.996686,1
4704,2596,36,328,0,572,170,8406,788,9194,0.0146566,0.0667148,-0.997665,1
4459,2578,28,312,0,570,169,8116,853,8969,0.0225053,0.086058,-0.996036,1
4778,2608,34,329,0,609,183,8541,814,9355,0.0457077,0.107908,-0.993109,1
4421,2689,35,314,0,572,168,8199,524,8723,-0.00761572,0.206351,-0.978448,1
4903,2628,24,219,0,422,141,8337,416,8753,0.085726,0.132684,-0.987444,1
3332,1949,26,251,0,407,128,6093,381,6474,0.0528434,0.0390946,-0.997837,1
5221,2975,37,370,0,629,185,9417,408,9825,0.0190199,0.175706,-0.984259,1
5078,3229,29,377,0,688,230,9631,717,10348,0.032785,0.178179,-0.983452,1
4645,3502,30,433,0,784,223,9617,765,10382,0.0590559,0.151882,-0.986633,1
4928,3898,32,441,0,899,255,10453,674,11127,0.0769949,0.162082,-0.983769,1
4784,4053,31,533,0,970,291,10662,812,11474,0.0531721,0.101317,-0.993433,1
4953,4235,32,562,0,927,261,10970,527,11497,0.0609222,0.0994071,-0.99318,1
4912,3997,56,474,0,981,317,10737,643,11380,0.0627966,0.0985287,-0.993151,1
5009,4115,37,515,0,931,294,10901,789,11690,0.0507016,0.0925854,-0.994413,1
4960,4150,38,526,0,926,292,10892,554,11446,0.021695,0.062685,-0.997797,1
3330,2923,23,374,0,645,201,7496,309,7805,0.0442027,0.103113,-0.993687,1
5011,4140,34,527,0,955,315,10982,803,11785,-0.00871946,0.0222829,-0.999714,1
5128,4114,37,528,0,928,293,11028,-1000,-1000,-1,-1,-1,1
5083,4057,34,525,0,935,295,10929,675,11604,0.0163437,-0.000128226,-0.999867,1
5138,4115,34,476,0,905,284,10952,1360,12312,0.0116681,0.0175352,-0.999778,1
5189,3576,25,337,0,635,202,9964,968,10932,0.00988122,0.0117471,-0.999882,1
2638,2114,18,264,0,480,152,5666,844,6510,0.0141163,0.010019,-0.99985,1
4543,3185,27,375,0,733,209,9072,1075,10147,0.0170419,0.00897803,-0.999814,1
4639,3270,38,379,0,754,210,9290,1072,10362,0.00845855,0.0198275,-0.999768,1
4408,3326,29,407,0,751,235,9156,1109,10265,0.00650869,0.0178539,-0.99982,1
3627,2480,17,273,0,423,122,6942,657,7599,0.00586362,0.0165112,-0.999847,1
4847,3953,36,457,0,942,258,10493,1343,11836,0.0184183,0.0126858,-0.99975,1
5049,4028,33,459,0,926,295,10790,1320,12110,0.00497596,0.02537,-0.999666,1
5260,4563,35,504,0,928,203,11493,887,12380,0.00870767,0.0156419,-0.99984,1
3758,2945,23,340,0,613,177,7856,870,8726,0.001281,0.0262784,-0.999654,1
4897,3827,24,319,0,617,176,9860,912,10772,0.00190077,0.0231218,-0.999731,1
3970,3317,27,392,0,729,209,8644,1054,9698,0.00226868,0.0276123,-0.999616,1
4954,3993,32,468,0,925,257,10629,1363,11992,0.00104157,0.019835,-0.999803,1
4896,3899,34,457,0,889,253,10428,1367,11795,0.00229663,0.0188297,-0.99982,1
5348,4050,33,514,0,946,302,11193,1368,12561,0.00399888,0.021343,-0.999764,1
3400,3261,45,461,0,924,229,8320,920,9240,0.000641721,0.0185178,-0.999828,1
4632,3577,31,482,0,805,259,9786,1216,11002,-0.00193076,0.0182112,-0.999832,1
5990,4128,51,511,0,928,294,11902,1253,13155,0.000313734,0.0189972,-0.999819,1
3368,2847,23,338,0,618,210,7404,279,7683,0.0478514,-0.000534483,-0.998855,1
5221,3869,32,548,0,930,253,10853,501,11354,0.0376723,-0.0101685,-0.999238,1
4967,3857,32,457,0,937,258,10508,1335,11843,0.00648544,0.00942054,-0.999935,1
4959,4023,43,459,0,918,247,10649,871,11520,0.00789034,0.0143144,-0.999867,1
3311,2815,23,317,0,623,177,7266,920,8186,0.00373819,0.0233543,-0.99972,1
4955,3938,33,459,0,974,261,10620,1420,12040,0.00492747,0.0187212,-0.999813,1
5020,3958,34,475,0,936,294,10717,1346,12063,0.00949664,0.0174472,-0.999803,1
3792,2698,27,325,0,622,188,7652,917,8569,0.0103848,0.0190489,-0.999765,1
5292,4078,36,513,0,1065,287,11271,1340,12611,-0.000636653,0.0169209,-0.999857,1
4854,3885,35,509,0,966,298,10547,1352,11899,0.00797676,0.0206794,-0.999754,1
5374,4094,32,594,0,965,285,11344,1346,12690,0.00242937,0.0212777,-0.99977,1
5114,4144,36,488,0,941,292,11015,1354,12369,0.00254279,0.0165586,-0.99986,1
4960,4068,33,526,0,989,307,10883,992,11875,0.0134935,0.0181281,-0.999745,1
4398,3626,30,464,0,875,235,9628,1216,10844,0.0101137,0.0158288,-0.999824,1
5007,4098,33,571,0,946,291,10946,1439,12385,0.00258367,0.0178667,-0.999837,1
4947,4140,34,507,0,1014,290,10932,1365,12297,0.0013692,0.0136555,-0.999906,1
3419,2858,23,315,0,671,200,7486,934,8420,0.00172675,0.0214245,-0.999769,1
5030,4037,33,572,0,925,258,10855,1362,12217,0.0104654,0.0181451,-0.999781,1
4871,3978,32,473,0,931,256,10541,1363,11904,0.00717484,0.00906587,-0.999933,1
4861,3983,33,515,0,1003,309,10704,1319,12023,-0.00764096,0.0210992,-0.999748,1
4885,4029,33,458,0,896,255,10556,1418,11974,0.00107177,0.0223321,-0.99975,1
3493,2767,22,366,0,627,197,7472,980,8452,0.00539479,0.0201224,-0.999783,1
4967,4005,35,518,0,1046,306,10877,1410,12287,0.0016366,0.0260069,-0.99966,1
4959,3969,33,541,0,917,292,10711,1434,12145,0.0117664,0.0207949,-0.999715,1
5052,3860,34,535,0,1015,292,10788,1264,12052,0.0127031,0.0196626,-0.999726,1
3302,2653,58,310,0,613,174,7110,915,8025,0.00456537,0.0214135,-0.99976,1
5086,3991,31,581,0,974,312,10975,1355,12330,0.0145035,0.017254,-0.999746,1
4749,3688,30,435,0,894,255,10051,1310,11361,0.00824829,0.0155637,-0.999845,1
3374,2722,24,354,0,620,198,7292,962,8254,0.00907508,0.0112351,-0.999896,1
3345,2755,22,355,0,936,269,7682,1191,8873,-0.00244341,0.0302414,-0.99954,1
3430,2780,28,339,0,631,195,7403,938,8341,0.0130306,0.0152104,-0.999799,1
3300,2760,24,316,0,648,201,7249,997,8246,0.00263544,0.0161545,-0.999866,1
3553,2859,22,333,0,621,208,7596,928,8524,0.00398149,0.0202867,-0.999786,1
4386,3556,29,416,0,841,292,9520,1227,10747,0.00438104,0.0146535,-0.999883,1
4331,3626,31,459,0,847,261,9555,1329,10884,0.010358,0.0129099,-0.999863,1
5130,3972,30,539,0,919,341,10931,1469,12400,0.0012162,0.018031,-0.999837,1
4602,3974,34,466,0,895,253,10224,1380,11604,0.00874931,0.0186707,-0.999788,1
4358,3627,29,456,0,841,232,9543,1279,10822,-0.000333266,0.0244699,-0.9997,1
4376,3611,31,490,0,1127,309,9944,1227,11171,7.48532e-05,0.0188107,-0.999823,1
4386,3548,29,471,0,832,232,9498,1166,10664,0.00593752,0.0159872,-0.999854,1
4593,3619,31,410,0,848,245,9746,1210,10956,0.0151485,0.0116917,-0.999817,1
4954,3914,32,455,0,909,269,10533,1337,11870,0.00636687,0.0139533,-0.999882,1
5110,3939,33,451,0,881,254,10668,1455,12123,0.0019434,0.0282674,-0.999599,1
5325,4091,34,459,0,911,256,11076,1373,12449,0.00883987,0.0226037,-0.999706,1
5093,4066,40,478,0,919,286,10882,1338,12220,0.0142882,0.0132371,-0.999811,1
4980,4073,38,514,0,1060,276,10941,1461,12402,0.00336239,0.0197426,-0.9998,1
4969,4051,33,532,0,916,298,10799,1390,12189,-0.000362537,0.0153385,-0.999882,1
4953,3988,45,503,0,937,302,10728,1357,12085,-0.00238088,0.0234196,-0.999723,1
5114,3785,30,421,0,836,232,10418,1236,11654,-0.00160804,0.0234396,-0.999724,1
4450,3584,29,421,0,890,253,9627,1237,10864,0.00460081,0.016638,-0.999851,1
4385,3554,29,410,0,951,317,9646,1367,11013,0.0111604,0.01692,-0.999795,1
5109,3905,33,460,0,899,292,10698,1394,12092,0.00409154,0.0185879,-0.999819,1
4395,3458,30,417,0,815,238,9353,1225,10578,0.0151751,0.0115936,-0.999818,1
4916,3933,34,490,0,978,255,10606,1386,11992,0.00241891,0.0242865,-0.999702,1
4411,3564,30,414,0,796,235,9450,1195,10645,0.0056092,0.0188553,-0.999807,1
4938,3939,38,501,0,905,272,10593,1345,11938,0.012042,0.0133059,-0.999839,1
4482,3585,37,433,0,912,298,9747,1302,11049,0.00549825,0.0165531,-0.999848,1
4880,4036,33,476,0,912,259,10596,1356,11952,0.00685237,0.0129365,-0.999893,1
4723,3536,30,415,0,817,237,9758,1201,10959,0.00836251,0.0131184,-0.999879,1
4360,3623,30,411,0,805,232,9461,1216,10677,0.00433492,0.0176566,-0.999835,2
5138,3915,35,530,0,888,294,10800,1452,12252,0.00609716,0.0165629,-0.999845,2
4433,3758,30,419,0,844,241,9725,1328,11053,0.0163694,0.011846,-0.999796,2
4448,3579,29,537,0,853,234,9680,1296,10976,0.00566849,0.0153826,-0.999866,2
4495,3589,30,412,0,820,267,9613,1242,10855,0.00797962,0.0128105,-0.999886,2
4575,3869,29,451,0,870,234,10028,1269,11297,0.0136878,0.0117639,-0.999837,2
4376,3678,30,520,0,890,293,9787,1445,11232,0.00846167,0.0131012,-0.999878,2
4522,3206,21,312,0,708,188,8957,1019,9976,0.00504375,0.0158842,-0.999861,2
4856,4038,43,495,0,691,199,10322,916,11238,0.0109812,0.0107795,-0.999882,2
3348,2741,23,325,0,614,185,7236,957,8193,0.00788459,0.0152886,-0.999852,2
4885,4031,37,523,0,957,259,10692,1465,12157,0.00514515,0.0179412,-0.999826,2
4880,4070,35,515,0,953,278,10731,1039,11770,0.0121078,0.011842,-0.999856,2
2554,1903,15,213,0,396,128,5209,600,5809,0.00793051,0.0138877,-0.999872,2
1662,1418,12,191,0,321,103,3707,468,4175,0.00498811,0.0111037,-0.999926,2
4351,3657,29,515,0,837,275,9664,1227,10891,0.00855606,0.00836839,-0.999928,2
5155,4083,37,515,0,950,274,11014,1383,12397,0.00945343,0.0147975,-0.999846,2
4380,3558,29,408,0,820,230,9425,1303,10728,0.00316589,0.0168432,-0.999853,2
4852,4148,34,530,0,934,279,10777,1308,12085,0.0100775,0.011356,-0.999885,2
4963,3901,32,461,0,1152,385,10894,1628,12522,0.00587792,0.022258,-0.999735,2
4374,3513,31,508,0,811,234,9471,1212,10683,0.00903925,0.0128564,-0.999876,2
4966,4089,42,703,0,1199,310,11309,1361,12670,0.0018994,0.0105381,-0.999943,2
4822,4052,32,464,0,905,230,10505,1224,11729,-0.00451767,0.0141695,-0.999889,2
4320,3574,30,471,0,845,263,9503,1268,10771,-0.000910206,0.00901092,-0.999959,2
4403,3629,34,464,0,841,244,9615,1268,10883,0.00186275,0.00854186,-0.999962,2
4882,4036,42,512,0,889,296,10657,1400,12057,0.0108553,0.0144281,-0.999837,2
4924,3859,30,413,0,803,229,10258,1340,11598,0.00601308,0.0107318,-0.999924,2
4437,3641,30,460,0,819,260,9647,1272,10919,0.0074833,0.0098,-0.999924,2
4436,3538,42,431,0,828,234,9509,1311,10820,0.0016309,0.0180313,-0.999836,2
4434,3671,29,455,0,838,269,9696,1259,10955,0.00672593,0.0130593,-0.999892,2
4479,3555,30,408,0,809,230,9511,1329,10840,0.00319703,0.0171918,-0.999847,2
4608,3580,29,410,0,807,231,9665,1256,10921,-0.00109179,0.00544418,-0.999985,2
4660,3539,30,410,0,812,227,9678,346,10024,0.0376344,-0.00344448,-0.999286,2
4404,3509,32,412,0,810,229,9396,399,9795,0.00205879,0.00710485,-0.999973,2
4971,3985,38,477,0,946,273,10690,1394,12084,0.00304568,0.0163286,-0.999862,2
4872,3881,40,476,0,1028,271,10568,1354,11922,-0.0039279,0.0136843,-0.999899,2
5014,3867,40,372,0,617,203,10113,982,11095,0.0115715,0.0133272,-0.999845,2
2327,1654,13,192,0,381,108,4675,573,5248,0.001173,0.0160924,-0.99987,2
2728,2270,25,265,0,525,152,5965,810,6775,0.0038417,0.0114878,-0.999927,2
4924,3935,41,504,0,901,273,10578,1433,12011,0.0150918,0.00503164,-0.999873,2
4965,4010,38,532,0,893,269,10707,1408,12115,0.00590596,0.00734526,-0.999955,2
4911,3878,51,513,0,896,272,10521,1408,11929,-0.00258013,0.00492341,-0.999984,2
5008,3951,40,472,0,932,272,10675,1343,12018,0.00551962,0.00896392,-0.999945,2
4965,4134,41,475,0,899,274,10788,1415,12203,0.0121232,0.00965267,-0.99988,2
4564,3747,32,447,0,895,235,9920,1302,11222,0.011158,0.0130996,-0.999852,2
4476,3674,32,460,0,847,239,9728,1343,11071,0.00256567,0.00668059,-0.999975,2
4743,4027,41,585,0,957,296,10649,1505,12154,0.00439158,0.0087394,-0.999952,2
5071,3944,29,460,0,849,249,10602,1279,11881,0.00362235,0.0115177,-0.999927,2
3237,2568,26,367,0,598,198,6994,909,7903,0.00785826,0.00797629,-0.999938,2
3182,2652,26,335,0,633,190,7018,945,7963,0.000249814,0.00935244,-0.999956,2
3135,2538,42,363,0,616,189,6883,921,7804,0.00125198,0.0102713,-0.999946,2
4431,3906,36,507,0,855,273,10008,1276,11284,-0.000191219,0.00584737,-0.999983,2
4556,3591,37,471,0,838,275,9768,1167,10935,0.000787802,0.00750812,-0.999972,2
5026,4633,36,599,0,984,262,11540,1421,12961,0.000641031,0.0114248,-0.999934,2
5081,4015,39,367,0,626,230,10358,1248,11606,0.000700924,0.0086601,-0.999962,2
4511,3782,44,487,0,849,266,9939,1289,11228,-0.00418786,0.0184076,-0.999822,2
3153,2650,21,310,0,599,185,6918,973,7891,0.000734097,0.0109191,-0.99994,2
5199,4076,29,490,0,904,306,11004,1555,12559,0.00719458,0.00278718,-0.99997,2
5254,3472,22,320,0,688,207,9963,968,10931,0.00808773,0.00522231,-0.999954,2
4541,3767,37,492,0,862,270,9969,1314,11283,0.00198667,0.00826137,-0.999964,2
3181,2583,22,336,0,590,187,6899,915,7814,0.00693748,0.00669029,-0.999954,2
4589,3599,36,474,0,856,267,9821,1287,11108,0.00272596,0.0140992,-0.999897,2
4983,4155,45,574,0,945,291,10993,1397,12390,0.00723766,0.00394432,-0.999966,2
4552,3594,35,475,0,837,267,9760,1262,11022,0.00337549,0.00568339,-0.999978,2
4437,3560,38,430,0,813,247,9525,1295,10820,8.92951e-05,0.00731799,-0.999974,2
5087,4062,51,529,0,934,284,10947,1507,12454,0.0122079,0.00586326,-0.999908,2
4947,4135,33,527,0,919,276,10837,1428,12265,0.0040595,0.00299697,-0.999987,2
4744,3289,33,412,0,608,153,9239,846,10085,-0.00131763,0.00764558,-0.99997,2
2631,2114,24,268,0,491,156,5684,807,6491,0.0078187,0.0120356,-0.999897,2
2190,1476,14,195,0,370,101,4346,502,4848,0.0062151,0.0069786,-0.999956,2
1281,1004,9,117,0,231,66,2708,371,3079,0.00175456,0.00727199,-0.999972,2
4173,3198,28,377,0,765,212,8753,1176,9929,0.00223084,0.00845479,-0.999962,2
4605,3585,33,416,0,806,229,9674,1222,10896,0.00371888,0.0125114,-0.999915,2
4984,4009,32,462,0,1013,317,10817,1547,12364,0.0059616,0.00409787,-0.999974,2
4937,3624,32,419,0,828,273,10113,1229,11342,-0.0025859,0.010923,-0.999937,2
4583,3664,30,424,0,809,230,9740,1231,10971,0.0104714,0.00416783,-0.999936,2
4507,3291,28,428,0,794,221,9269,1168,10437,0.00533275,0.00934636,-0.999942,2
4995,3987,35,519,0,942,280,10758,1415,12173,0.00673916,0.0096618,-0.999931,2
5064,4042,34,564,0,1101,282,11087,1497,12584,0.00236727,0.00852678,-0.999961,2
4595,3726,28,472,0,863,273,9957,1312,11269,-0.000683868,0.013539,-0.999908,2
5005,4112,60,542,0,943,262,10924,1372,12296,-0.00448955,0.0118886,-0.999919,2
4544,3717,32,489,0,885,269,9936,1301,11237,0.000191998,0.00956733,-0.999954,2
5084,4149,31,564,0,992,295,11115,1454,12569,0.00574904,-0.000206851,-0.999983,2
4451,3703,33,539,0,889,276,9891,1465,11356,-0.00695046,0.00936546,-0.999932,2
4592,3813,29,510,0,850,262,10056,418,10474,0.35371,-0.0673229,-0.932929,2
4624,3864,37,477,0,808,246,10056,585,10641,0.000331303,-0.0199422,-0.999801,2
4584,3771,35,416,0,814,233,9853,1253,11106,-0.0026464,0.00722446,-0.999971,2
4646,3581,30,433,0,854,239,9783,1267,11050,0.0035464,0.00478712,-0.999983,2
4607,3598,30,559,0,1201,238,10233,1440,11673,-0.00179944,0.00480633,-0.999987,2
4598,3785,31,412,0,821,233,9880,1271,11151,0.00920138,0.00156961,-0.999956,2
4544,3806,36,471,0,845,260,9962,1574,11536,-0.00987433,0.0112141,-0.999888,2
4653,3680,31,456,0,842,245,9907,1245,11152,-0.000217831,0.00938907,-0.999956,2
5081,4315,37,465,0,904,257,11059,1516,12575,-0.0112523,0.0140448,-0.999838,2
5128,3941,40,483,0,936,282,10810,-1000,-1000,-1,-1,-1,2
5169,4113,38,580,0,941,275,11116,398,11514,0.0286088,-0.0279443,-0.9992,2
3406,2914,23,358,0,672,181,7554,1025,8579,-0.0110311,0.00255352,-0.999936,2
5085,4025,36,515,0,953,273,10887,-1000,-1000,-1,-1,-1,2
4615,3751,32,460,0,993,276,10127,707,10834,-0.0119371,0.026222,-0.999585,2
4806,3641,28,453,0,846,250,10024,387,10411,-0.136568,0.0284556,-0.990222,2
4862,3736,33,575,0,856,234,10296,607,10903,-0.04114,0.00344797,-0.999147,2
4562,3696,31,429,0,827,231,9776,469,10245,-0.023812,0.048381,-0.998545,2
4912,4013,40,539,0,949,286,10739,553,11292,-0.0217126,0.0458972,-0.99871,2
4701,3762,29,490,0,849,264,10095,479,10574,-0.000780103,0.0185765,-0.999827,2
4625,3788,34,437,0,814,247,9945,1248,11193,-0.000808137,0.00565924,-0.999983,2
4558,3609,43,523,0,906,267,9906,1429,11335,0.00830192,-0.000177159,-0.999965,2
5084,4132,35,530,0,913,296,10990,1455,12445,-0.00777576,0.00169929,-0.999968,2
4544,3815,30,540,0,860,265,10054,-1000,-1000,-1,-1,-1,2
4558,3542,30,471,0,850,234,9685,1173,10858,-0.00549558,0.0233594,-0.999712,2
5060,4107,34,523,0,967,262,10953,1373,12326,-0.00432021,0.00380602,-0.999983,2
4493,3628,29,470,0,866,235,9721,1265,10986,0.0113521,-0.0044254,-0.999926,2
5003,4207,45,522,0,943,293,11013,1429,12442,-0.00377468,-0.00512182,-0.99998,2
4787,3610,29,452,0,866,236,9980,1382,11362,0.0065414,0.000545136,-0.999978,2
4687,3860,31,440,0,830,259,10107,1293,11400,0.00108727,0.00777852,-0.999969,2
4685,3640,30,498,0,845,236,9934,1310,11244,0.0102717,-0.00634323,-0.999927,2
4810,3732,29,473,0,851,237,10132,953,11085,-0.00114542,0.000679994,-0.999999,2
4249,3560,26,423,0,787,218,9263,1199,10462,0.00588696,-0.00106698,-0.999982,2
4685,3778,29,517,0,904,289,10202,1403,11605,-0.000346107,0.00341057,-0.999994,2
4583,3792,31,475,0,866,277,10024,1297,11321,-0.00394014,-0.00265741,-0.999989,2
4515,3734,32,532,0,854,272,9939,428,10367,0.41446,-0.169516,-0.89414,2
4640,3651,33,478,0,852,246,9900,618,10518,-0.00761657,-0.00584274,-0.999954,2
4988,4151,35,588,0,1018,275,11055,429,11484,-0.0366521,-0.0333058,-0.998773,2
5031,3936,29,530,0,870,263,10659,517,11176,-0.0295866,-0.0227002,-0.999305,2
4533,3659,47,481,0,862,301,9883,414,10297,0.000560882,0.0268671,-0.999639,2
4572,3724,30,424,0,913,236,9899,1301,11200,-0.0111672,-0.00124725,-0.999937,2
4726,3864,52,442,0,853,296,10233,1336,11569,0.00432909,0.000918084,-0.99999,2
4727,3721,50,442,0,885,281,10106,1294,11400,-0.00498384,0.000218293,-0.999988,2
4569,3545,36,491,0,816,258,9715,1261,10976,0.00590357,-0.00771167,-0.999953,2
3243,2634,26,336,0,614,177,7030,923,7953,0.00530324,-0.00888289,-0.999947,2
5096,3966,29,586,0,1001,292,10970,1162,12132,0.00530452,-0.00793603,-0.999955,2
5419,3783,36,478,0,849,248,10813,1328,12141,0.0121062,-0.00138191,-0.999926,2
3217,2608,23,307,0,848,229,7232,1073,8305,0.00495771,-0.0114479,-0.999922,2
4552,4154,35,459,0,820,234,10254,1391,11645,-0.00277686,-0.00204037,-0.999994,2
4724,3689,22,322,0,588,216,9561,1196,10757,0.00476633,-0.00053034,-0.999989,2
2489,2081,16,251,0,459,145,5441,683,6124,0.00173331,0.00246219,-0.999996,2
3729,3018,24,345,0,687,194,7997,1114,9111,-0.000198317,-0.00335649,-0.999994,2
4794,3641,31,466,0,861,238,10031,1290,11321,0.0103414,-0.00189176,-0.999945,2
4656,4203,36,488,0,849,235,10467,1315,11782,-0.00248452,0.000824104,-0.999996,2
4183,3292,26,417,0,768,215,8901,1165,10066,-0.00188384,0.00340575,-0.999992,2
5485,4084,34,522,0,943,264,11332,1517,12849,0.00202278,-0.0057893,-0.999981,2
4921,3957,31,487,0,849,241,10486,1410,11896,0.00527367,-0.00211178,-0.999984,2
4597,3785,36,516,0,856,237,10027,1283,11310,0.00662255,-0.00535641,-0.999964,2
4653,3574,46,419,0,863,306,9861,1313,11174,0.0136574,-0.00732415,-0.99988,2
4564,3239,21,292,0,577,164,8857,913,9770,-0.00227291,0.00230669,-0.999995,2
3685,3005,27,352,0,692,196,7957,1116,9073,0.0017165,0.00344654,-0.999992,2
4588,3824,52,456,0,846,264,10030,1352,11382,0.00706553,-0.00102397,-0.999974,2
4702,3827,38,445,0,814,289,10115,1103,11218,0.00597346,-0.0035411,-0.999976,2
3321,2640,25,307,0,584,176,7053,895,7948,-0.00103881,-0.000177873,-1,2
5179,4276,41,532,0,911,280,11219,1443,12662,0.00334768,0.00332821,-0.999989,2
6230,4135,40,487,0,665,209,11766,945,12711,-0.0022015,4.96454e-05,-0.999997,2
2763,2152,18,281,0,497,153,5864,745,6609,-0.00359001,-0.00735262,-0.999967,2
4882,3798,31,433,0,865,261,10270,1348,11618,0.00565718,0.00139247,-0.999983,2
4694,3703,31,451,0,815,263,9957,1264,11221,0.0102856,-0.0054654,-0.999932,2
4038,2633,28,333,0,596,182,7810,987,8797,0.00103195,-0.0112759,-0.999936,2
4238,3375,36,415,0,744,225,9033,1241,10274,-0.000865464,0.00723872,-0.999973,2
4114,3461,34,398,0,746,226,8979,1164,10143,0.00864748,-0.0113108,-0.999899,2
4598,3726,36,433,0,818,264,9875,1297,11172,0.0102657,-0.00328415,-0.999942,2
4835,3606,40,450,0,844,260,10035,1304,11339,0.00230911,-0.00756013,-0.999969,2
3941,3023,29,351,0,595,222,8161,920,9081,0.00107927,-0.00382526,-0.999992,2
3331,2714,22,341,0,610,187,7205,900,8105,0.00471444,0.00433557,-0.99998,2
4718,3490,31,380,0,743,211,9573,1109,10682,0.00332459,-0.00565293,-0.999978,2
4238,3285,28,434,0,780,244,9009,1173,10182,0.00239887,-0.0121261,-0.999923,2
4324,3411,28,380,0,767,223,9133,1122,10255,-0.00324032,0.000651903,-0.999995,2
4688,3875,35,439,0,868,266,10171,1299,11470,-0.00562476,-0.00702837,-0.99996,2
4663,3686,47,509,0,846,267,10018,1218,11236,-0.00462647,0.00200502,-0.999987,2
4656,3695,33,489,0,847,239,9959,1326,11285,0.000725246,0.00542792,-0.999985,2
4947,3717,32,479,0,844,236,10255,1288,11543,-0.000785073,-0.00331629,-0.999994,2
4628,3754,32,463,0,881,237,9995,1312,11307,-0.00893362,0.00287624,-0.999956,2
4654,3711,31,541,0,1207,263,10407,1287,11694,-0.0057972,-0.0060552,-0.999965,2
4585,3800,38,536,0,850,248,10057,-1000,-1000,-1,-1,-1,2
4529,3623,37,469,0,931,245,9834,512,10346,-0.00104327,-0.00734648,-0.999972,2
4723,3696,38,472,0,836,266,10031,1268,11299,0.00965468,-0.00824252,-0.999919,2
5155,4082,37,477,0,843,265,10859,1337,12196,0.00374841,-0.00448989,-0.999983,2
4668,3698,38,497,0,849,267,10017,1347,11364,0.00369864,-0.00367036,-0.999986,2
5244,4063,40,480,0,907,272,11006,1465,12471,-0.000150139,-0.00257767,-0.999997,2
5054,3959,55,480,0,892,285,10725,1252,11977,0.00963864,-0.0122641,-0.999878,2
3352,2768,34,435,0,612,181,7382,887,8269,-0.00183485,0.0001075,-0.999999,2
4569,3699,38,494,0,844,246,9890,1321,11211,0.0079662,-0.0100031,-0.999918,2
4755,3649,30,468,0,853,236,9991,1305,11296,0.00663494,-0.00752815,-0.999949,2
5333,4037,37,542,0,966,283,11198,1409,12607,-0.000984622,0.000833189,-0.999999,2
4812,3714,38,476,0,851,261,10152,1245,11397,-0.00338403,-0.00927573,-0.999951,2
4210,3385,41,548,0,835,222,9241,1125,10366,-0.000907434,-0.00430479,-0.99999,2
4945,3615,37,478,0,902,272,10249,1382,11631,-0.0023047,-0.00258148,-0.999994,2
5155,4176,42,543,0,960,314,11190,1251,12441,0.0140556,-0.00918445,-0.999859,2
4563,3749,40,493,0,838,268,9951,1367,11318,0.00690534,-0.000671807,-0.999976,2
5104,4001,35,514,0,948,322,10924,1276,12200,0.00424824,-0.00647376,-0.99997,2
5283,4067,35,494,0,932,297,11108,1356,12464,0.00825381,-0.0131024,-0.99988,2
4531,3692,35,476,0,828,267,9829,1282,11111,0.0107233,-0.0118486,-0.999872,2
4533,3795,31,466,0,863,251,9939,1237,11176,0.00554519,-0.0136439,-0.999892,2
4548,3619,35,486,0,828,264,9780,1216,10996,0.00399621,-0.0133314,-0.999903,2
5058,4080,41,474,0,849,266,10768,1223,11991,-0.00122362,0.00392869,-0.999991,2
5134,4058,36,499,0,926,259,10912,1493,12405,0.00499165,-0.00747715,-0.99996,2
5198,4014,31,437,0,893,266,10839,1251,12090,-0.000173382,0.00460625,-0.999989,2
4902,3788,28,425,0,825,236,10204,1228,11432,0.00494677,0.00507664,-0.999975,2
3389,2597,22,303,0,590,168,7069,915,7984,0.00270493,0.00125942,-0.999996,2
5399,4476,44,571,0,933,301,11724,1473,13197,-8.25791e-05,-0.0133321,-0.999911,2
3577,2879,24,389,0,676,210,7755,976,8731,0.0119539,-0.0192133,-0.999744,2
4836,3736,32,484,0,868,272,10228,1243,11471,0.00699187,-0.0124023,-0.999899,2
5358,4096,31,494,0,924,265,11168,1294,12462,0.00265836,-0.0151546,-0.999882,2
5096,3597,23,364,0,653,205,9938,902,10840,0.000821885,0.00595991,-0.999981,2
3334,2638,24,320,0,622,168,7106,819,7925,-0.00646222,0.00652812,-0.999958,2
4619,3620,31,420,0,822,234,9746,1177,10923,-0.00652001,0.0167908,-0.999838,2
5152,4070,37,440,0,937,276,10912,1420,12332,-0.00571851,0.0497588,-0.998745,2
5126,3994,31,438,0,704,179,10472,897,11369,-0.00880888,0.0608875,-0.998106,2
2217,1701,17,220,0,406,118,4679,233,4912,-0.014161,0.0651117,-0.997778,2
2363,1884,19,219,0,426,125,5036,294,5330,-0.0180742,0.0944103,-0.99537,2
4698,3790,33,446,0,833,248,10048,551,10599,-0.00999421,0.0653162,-0.997815,2
5565,3773,33,411,0,782,231,10795,459,11254,-0.0218629,0.16512,-0.986031,2
4666,3348,32,375,0,714,214,9349,576,9925,-0.00957261,0.0905107,-0.99585,2
4829,3030,38,341,0,638,193,9069,577,9646,-0.00906211,0.107259,-0.99419,2
4515,2742,26,324,0,616,169,8392,682,9074,-0.00429847,0.0662043,-0.997797,2
5034,2864,30,389,0,708,213,9238,814,10052,-0.0153013,0.198051,-0.980073,2
5287,2637,27,366,0,600,232,9149,789,9938,-0.0119365,0.199212,-0.979884,2
2470,1212,13,151,0,308,83,4237,461,4698,-0.00122024,0.0878339,-0.996134,2
1704,775,11,107,0,184,51,2832,462,3294,0.00623582,0.067918,-0.997672,2
4411,1786,26,292,0,603,195,7313,1367,8680,-0.00261176,0.0761934,-0.997089,2
4543,1550,26,208,0,355,127,6809,1106,7915,0.00767235,0.0641073,-0.997914,2
4380,1417,26,233,0,485,145,6686,1452,8138,0.015727,0.0648327,-0.997772,2
4747,1288,29,176,0,315,95,6650,1244,7894,0.0279127,0.0728858,-0.99695,2
4790,1177,28,164,0,290,87,6536,1305,7841,0.0178099,0.0753216,-0.997,2
3361,816,22,117,0,191,58,4565,858,5423,0.0161943,0.0506014,-0.998588,2
4021,970,34,160,0,299,69,5553,1127,6680,0.0114124,0.0789553,-0.996813,2
4447,805,27,150,0,224,69,5722,1292,7014,0.0130574,0.0811194,-0.996619,2
5438,674,35,113,0,213,65,6538,1294,7832,-0.0144936,0.106197,-0.99424,2
4274,565,27,96,0,199,54,5215,1280,6495,-0.02666,0.0962258,-0.995003,2
5152,540,35,111,0,149,62,6049,1269,7318,-0.000373953,0.0702388,-0.99753,2
3735,422,25,77,0,117,44,4420,1123,5543,-0.0502129,0.121673,-0.991299,2
5152,552,34,96,0,132,51,6017,1213,7230,-0.0303947,0.106833,-0.993812,2
3948,523,29,100,0,167,51,4818,1322,6140,-0.024624,0.0968613,-0.994993,2
4135,683,34,123,0,187,71,5233,1261,6494,-0.0260747,0.109301,-0.993667,2
4119,805,35,131,0,232,78,5400,1276,6676,-0.00904386,0.121705,-0.992525,2
4018,829,33,137,0,204,77,5298,1037,6335,0.00953477,0.130104,-0.991454,2
4362,1071,29,170,0,354,82,6068,949,7017,0.00751702,0.108464,-0.994072,2
4173,1204,35,171,0,299,101,5983,978,6961,0.0147822,0.0785148,-0.996803,2
4501,1358,27,201,0,359,117,6563,929,7492,0.0188842,0.11936,-0.992672,2
4656,1915,33,254,0,510,148,7516,1257,8773,0.0100189,0.237346,-0.971374,2
4915,2653,33,391,0,706,191,8889,944,9833,-0.0155271,0.324955,-0.945602,2
4629,3277,44,390,0,826,230,9396,997,10393,-0.138547,0.0869175,-0.986534,2
5589,4532,28,576,0,1193,249,12167,910,13077,-0.118672,0.0987468,-0.988011,2
4671,3766,22,420,0,883,262,10024,1440,11464,-0.0951077,0.16655,-0.981435,2
5951,5001,43,604,0,1554,314,13467,1533,15000,-0.0629345,0.162459,-0.984706,2
6401,5138,33,611,0,919,255,13357,2059,15416,-0.0580961,0.187078,-0.980625,2
3038,2865,14,353,0,704,194,7168,1883,9051,-0.0459354,0.155827,-0.986716,2
3794,3323,18,398,0,770,222,8525,2105,10630,-0.0593593,0.166751,-0.98421,2
3857,3351,29,420,0,717,207,8581,2243,10824,-0.0317367,0.131557,-0.990801,2
3393,2515,16,283,0,608,164,6979,1901,8880,-0.0317808,0.117149,-0.992606,2
5684,3761,50,535,0,915,265,11210,2534,13744,-0.0374238,0.121869,-0.99184,2
5600,3437,31,449,0,805,229,10551,1989,12540,-0.092148,0.114178,-0.989177,2
3776,2168,23,286,0,533,162,6948,1218,8166,-0.105762,0.0993976,-0.989411,2
4916,3246,33,396,0,711,222,9524,1467,10991,-0.10168,0.10144,-0.989632,2
5017,2846,32,395,0,694,198,9182,1553,10735,-0.117825,0.117509,-0.986057,2
3302,1844,22,222,0,433,128,5951,983,6934,-0.122302,0.103181,-0.987115,2
3252,1710,23,229,0,398,115,5727,900,6627,-0.106601,0.1256,-0.986337,2
5304,2064,33,298,0,496,157,8352,1273,9625,-0.101866,0.177681,-0.978802,2
4239,1883,30,255,0,454,143,7004,1149,8153,-0.100592,0.168296,-0.980591,2
4167,1822,51,257,0,463,141,6901,1120,8021,-0.114095,0.269494,-0.956219,2
3671,1649,26,245,0,398,124,6113,922,7035,-0.110909,0.262842,-0.958443,2
3554,1530,43,197,0,430,108,5862,1057,6919,-0.0864171,0.175882,-0.980611,2
3715,1574,21,260,0,388,123,6081,1061,7142,-0.0637484,0.148708,-0.986824,2
3554,1515,28,217,0,355,122,5791,1112,6903,-0.0654997,0.139197,-0.988096,2
3957,1710,39,227,0,403,135,6471,1163,7634,-0.0770268,0.240508,-0.967586,2
3974,1648,24,209,0,392,118,6365,1160,7525,-0.0710766,0.195378,-0.978149,2
4667,2018,31,247,0,403,123,7489,1158,8647,-0.0537225,0.238306,-0.969703,2
4007,1883,31,246,0,434,145,6746,1237,7983,-0.0420296,0.245401,-0.96851,2
4128,2256,31,346,0,636,153,7550,1060,8610,-0.0257082,0.258355,-0.965708,2
4387,2859,29,332,0,641,185,8433,1167,9600,-0.012949,0.259379,-0.965689,2
4665,4019,32,495,0,851,297,10359,1145,11504,-0.00115768,0.264632,-0.964349,2
4536,3810,52,495,0,838,278,10009,975,10984,-0.0124623,0.254984,-0.966865,2
4983,4948,31,575,0,1043,348,11928,1141,13069,-0.0206496,0.257707,-0.966003,2
5477,5421,38,659,0,1105,339,13039,1301,14340,-0.0312735,0.240921,-0.970041,2
5484,4717,27,565,0,874,206,11873,576,12449,-0.0502747,0.272934,-0.960718,2
3793,3072,20,375,0,666,207,8133,548,8681,-0.0474332,0.228296,-0.972436,2
4665,3380,26,369,0,733,210,9383,691,10074,-0.0748255,0.231054,-0.970059,2
4990,3320,31,370,0,826,241,9778,783,10561,-0.0560338,0.186673,-0.980823,2
4698,2823,34,366,0,631,195,8747,865,9612,-0.0473298,0.177923,-0.982906,2
4633,2244,33,287,0,503,162,7862,923,8785,-0.0348728,0.169163,-0.984971,2
4543,1675,59,263,0,454,167,7161,953,8114,-0.030736,0.182526,-0.98272,2
4705,1431,26,201,0,367,107,6837,857,7694,-0.0230336,0.138865,-0.990044,2
4705,1405,26,217,0,369,120,6842,765,7607,-0.0256603,0.125162,-0.991805,2
4818,1529,36,287,0,500,145,7315,848,8163,-0.0475117,0.164147,-0.985291,2
4979,1159,19,146,0,236,80,6619,453,7072,-0.0382111,0.0932276,-0.994912,2
3305,1427,23,211,0,361,99,5426,764,6190,0.00508755,0.144283,-0.989523,2
4647,1476,26,214,0,320,104,6787,1027,7814,-0.0610399,0.164619,-0.984467,2
4320,1269,26,196,0,320,101,6232,1062,7294,-0.08843,0.152751,-0.9843,2
4080,1158,23,171,0,292,89,5813,1146,6959,-0.0351212,0.139719,-0.989568,2
4289,1346,26,159,0,336,111,6267,1232,7499,-0.0781239,0.130195,-0.988406,2
4202,1103,26,159,0,299,83,5872,1195,7067,0.000723913,0.0752811,-0.997162,2
4117,981,25,147,0,251,77,5598,1305,6903,-0.0541246,0.112748,-0.992148,2
4063,969,40,133,0,236,73,5514,1149,6663,-0.0647814,0.120257,-0.990627,2
4336,964,25,145,0,268,80,5818,1286,7104,-0.0702881,0.130358,-0.988972,2
4685,914,28,143,0,240,105,6115,1321,7436,-0.097326,0.130317,-0.986684,2
4440,993,27,176,0,256,93,5985,1204,7189,-0.101844,0.109161,-0.988793,2
4488,935,26,182,0,272,75,5978,1178,7156,-0.099918,0.113442,-0.988508,2
4429,923,26,179,0,274,75,5906,1255,7161,-0.0905167,0.0838841,-0.992356,2
4192,921,25,159,0,257,80,5634,1053,6687,-0.105258,0.11539,-0.987728,2
4037,900,24,147,0,238,72,5418,1313,6731,-0.0911062,0.0915645,-0.991623,2
3962,1024,24,145,0,339,81,5575,1140,6715,-0.0941191,0.0901483,-0.991471,2
4071,1261,29,187,0,342,122,6012,1387,7399,-0.0774441,0.0810206,-0.993699,2
4238,1474,23,226,0,386,111,6458,1449,7907,-0.0173997,0.110167,-0.993761,2
4444,1950,43,227,0,504,127,7295,705,8000,0.00211486,0.148319,-0.988937,2
4462,2165,25,268,0,537,145,7602,733,8335,0.0317956,0.183292,-0.982544,2
5180,3311,28,368,0,780,194,9861,671,10532,0.212941,0.123633,-0.969212,2
3281,1802,14,232,0,443,135,5907,1111,7018,0.0677585,0.0741827,-0.99494,2
1908,1495,10,181,0,340,101,4035,490,4525,0.0627704,0.0538167,-0.996576,2
5456,3978,29,457,0,862,195,10977,816,11793,0.0840389,0.0609734,-0.994595,2
5488,3500,16,376,0,751,213,10344,862,11206,0.0644421,0.0545047,-0.996432,2
2748,2804,25,422,0,659,179,6837,574,7411,0.0467504,0.0541831,-0.997436,2
5256,5043,25,633,0,1210,353,12520,752,13272,0.070016,0.0564232,-0.995949,2
5610,5678,23,637,0,1302,401,13651,1060,14711,0.0432219,0.0455194,-0.998028,2
3818,3891,18,514,0,939,271,9451,591,10042,0.0492283,0.0518992,-0.997438,2
4134,4056,17,461,0,995,258,9921,514,10435,0.0439141,0.0904563,-0.994932,2
6224,6189,23,763,0,1585,378,15162,1112,16274,-0.00442653,0.171513,-0.985172,2
4081,4217,18,485,0,1050,311,10162,2166,12328,-0.0266136,0.144123,-0.989202,2
4207,4361,16,508,0,1039,315,10446,1927,12373,-0.0188062,0.120123,-0.992581,2
4002,4303,28,481,0,1008,272,10094,1796,11890,-0.0275759,0.108725,-0.99369,2
6516,6465,23,729,0,1525,411,15669,2601,18270,-0.0134394,0.0769643,-0.996943,2
4067,3777,14,372,0,764,208,9202,1062,10264,-0.0148873,0.0803329,-0.996657,2
2981,3193,13,381,0,725,211,7504,1111,8615,0.00381215,0.0954895,-0.995423,2
5757,5979,38,673,0,1710,374,14531,2299,16830,-0.0159544,0.117704,-0.992921,2
4019,4221,18,460,0,969,260,9947,1824,11771,-0.0208431,0.119241,-0.992647,2
6337,5294,19,511,0,1042,310,13513,1610,15123,-0.0224543,0.130799,-0.991155,2
3272,3296,14,397,0,806,236,8021,1591,9612,-0.0281582,0.116408,-0.992802,2
6227,5944,26,729,0,1360,429,14715,3234,17949,-0.0270196,0.111867,-0.993356,2
4241,4036,18,476,0,906,274,9951,2033,11984,-0.0197779,0.0940263,-0.995373,2
3900,3608,16,398,0,876,246,9044,1880,10924,-0.0303742,0.0629735,-0.997553,2
6017,5428,36,637,0,1207,241,13566,1690,15256,-0.0317976,0.0525088,-0.998114,2
4163,3751,22,421,0,890,242,9489,1650,11139,-0.037588,0.0411514,-0.998446,2
6239,5669,31,641,0,1286,348,14214,2186,16400,-0.0428886,0.0280125,-0.998687,2
6100,5734,30,695,0,1388,381,14328,2140,16468,-0.0414043,0.0373375,-0.998445,2
3220,2519,13,272,0,531,148,6703,919,7622,-0.0359238,0.0406903,-0.998526,2
6151,4528,22,464,0,883,263,12311,1383,13694,-0.0444839,0.0336369,-0.998444,2
3173,2805,18,355,0,653,197,7201,1158,8359,-0.0367026,0.0429822,-0.998401,2
6073,5320,30,631,0,1572,371,13997,2278,16275,-0.0427418,0.0405816,-0.998262,2
3593,2795,16,297,0,542,151,7394,1005,8399,-0.0450006,0.0406354,-0.99816,2
2231,1908,12,217,0,456,134,4958,842,5800,-0.05428,0.0375591,-0.997819,2
5413,4701,45,529,0,1106,299,12093,2161,14254,-0.030445,0.0479224,-0.998387,2
5613,4932,23,567,0,932,236,12303,1530,13833,-0.0274692,0.048354,-0.998452,2
5681,4020,18,382,0,821,218,11140,1415,12555,-0.0321943,0.0506209,-0.998199,2
3483,3292,16,359,0,755,204,8109,1504,9613,-0.0427855,0.0256997,-0.998754,2
6091,5453,27,654,0,1283,382,13890,2096,15986,-0.0354641,0.0381569,-0.998642,2
5999,6081,26,692,0,885,258,13941,1489,15430,-0.0404224,0.0396531,-0.998396,2
3211,2836,14,346,0,686,196,7289,1172,8461,-0.0446486,0.0531624,-0.997587,2
6146,5359,26,635,0,1254,492,13912,2689,16601,-0.0638188,0.0434237,-0.997017,2
3174,2563,11,272,0,537,145,6702,1089,7791,-0.0314118,0.0523073,-0.998137,2
1926,1633,9,184,0,388,104,4244,749,4993,-0.0498602,0.0506673,-0.99747,2
1785,1583,8,181,0,378,99,4034,741,4775,-0.0581866,0.0519878,-0.996951,2
5496,4831,23,537,0,1142,304,12333,2453,14786,-0.0531962,0.0361954,-0.997928,2
6069,5358,26,608,0,1273,338,13672,2331,16003,-0.0431172,0.0325121,-0.998541,2
4147,3748,17,451,0,937,234,9534,1466,11000,-0.0524075,0.0301144,-0.998172,2
3896,3480,16,398,0,803,214,8807,1394,10201,-0.0316833,0.0430286,-0.998572,2
6133,5444,29,716,0,1315,346,13983,2108,16091,-0.0427142,0.0398067,-0.998294,2
4181,3777,22,474,0,909,238,9601,1576,11177,-0.0377315,0.0376965,-0.998577,2
6133,5417,30,672,0,1262,339,13853,1792,15645,-0.0529733,0.0328663,-0.998055,2
4248,3746,18,458,0,871,250,9591,1566,11157,-0.0572444,0.0430183,-0.997433,2
6314,5529,26,673,0,1275,353,14170,2502,16672,-0.0594929,0.0345998,-0.997629,2
6146,5375,20,437,0,877,236,13091,1607,14698,-0.0369602,0.0367129,-0.998642,2
3189,2842,14,335,0,672,186,7238,1221,8459,-0.0372256,0.0434084,-0.998364,2
6007,5408,29,655,0,1278,343,13720,2429,16149,-0.0386895,0.0320212,-0.998738,2
6054,5489,26,633,0,1273,350,13825,2175,16000,-0.0304545,0.0333705,-0.998979,2
3186,2569,11,257,0,548,146,6717,908,7625,-0.0346483,0.0302101,-0.998943,2
2178,1951,10,217,0,478,125,4959,767,5726,-0.0337907,0.0401679,-0.998622,2
4280,3691,18,486,0,940,240,9655,1483,11138,-0.0237639,0.0359402,-0.999071,2
6307,7143,33,744,0,1295,383,15905,2026,17931,-0.0398711,0.0472555,-0.998087,2
4431,3945,21,449,0,941,282,10069,1591,11660,-0.0306451,0.0351963,-0.998911,2
5046,4708,23,535,0,1054,339,11705,1797,13502,-0.0386819,0.0340951,-0.99867,2
5066,4500,16,397,0,771,246,10996,1290,12286,-0.0317403,0.0435862,-0.998545,2
2842,2548,13,315,0,625,165,6508,1085,7593,-0.0195055,0.052191,-0.998447,2
6349,5708,26,695,0,922,254,13954,1685,15639,-0.0308795,0.0380236,-0.9988,2
6263,5929,31,743,0,1353,332,14651,1854,16505,-0.0357105,0.0306057,-0.998893,2
2722,2321,11,277,0,498,143,5972,778,6750,-0.0369067,0.0366498,-0.998647,2
1948,1695,8,194,0,401,108,4354,657,5011,-0.0455544,0.0430503,-0.998034,2
3901,3638,17,467,0,836,247,9106,1507,10613,-0.0300531,0.0389299,-0.99879,2
