Downsample[ns],BuildFilTree[ns],SearchFil[ns],DeleteFil[ns],BuildTreeSub[ns],SearchSub[ns],DeleteSub[ns],PreProcTotal[ns],Plane[ns],Total[ns],nx,ny,nz,planeCount
1769,632,23,81,0,172,45,2722,1016,3738,0.0414131,-0.0396972,-0.998354,0
5860,2114,30,266,0,593,146,9009,1871,10880,-0.00757291,0.0137231,-0.999877,0
6038,2025,27,262,0,583,146,9081,1585,10666,-8.87941e-05,0.0111098,-0.999938,0
5825,2017,28,259,0,581,146,8856,1699,10555,-0.0107229,0.0143552,-0.999839,0
5900,2032,30,263,0,581,145,8951,1560,10511,-0.000696955,0.0115312,-0.999933,0
5839,2000,30,263,0,634,152,8918,1826,10744,-0.00168455,0.00864139,-0.999961,0
6006,2078,28,269,0,593,151,9125,1851,10976,-0.000800173,0.0105751,-0.999944,0
5796,2049,30,261,0,615,149,8900,2124,11024,-0.00913835,0.014076,-0.999859,0
5377,1836,27,244,0,536,136,8156,1621,9777,-0.00105934,0.0103422,-0.999946,0
5903,2015,29,262,0,580,145,8934,1792,10726,0.0027601,0.0097305,-0.999949,0
5964,2068,30,266,0,590,147,9065,1741,10806,-0.00980447,0.0134487,-0.999862,0
6033,2031,49,268,0,612,148,9141,1346,10487,-0.00955403,0.0151915,-0.999839,0
2992,874,13,112,0,266,64,4321,725,5046,-0.00256043,0.00913615,-0.999955,0
2388,846,12,107,0,240,60,3653,851,4504,-0.0181668,-0.0092879,-0.999792,0
5846,2537,37,384,0,881,215,9900,2325,12225,-0.000189611,0.0101491,-0.999949,0
6503,1433,20,183,0,409,102,8650,1228,9878,-0.00173801,0.0123339,-0.999922,0
3092,1109,19,188,0,447,82,4937,934,5871,-0.00970882,0.0160566,-0.999824,0
5951,2108,30,264,0,589,146,9088,1758,10846,-0.00923221,0.0146223,-0.99985,0
5909,2031,30,279,0,587,148,8984,1836,10820,-0.0101789,0.0131848,-0.999861,0
5827,2325,30,267,0,580,145,9174,1850,11024,-0.011598,0.019118,-0.99975,0
5868,2078,29,264,0,583,146,8968,1543,10511,-0.00169165,0.0103427,-0.999945,0
5962,2093,31,272,0,583,153,9094,1823,10917,-0.00865218,0.0121188,-0.999889,0
5843,2045,29,261,0,583,145,8906,1744,10650,-0.00946004,0.0139377,-0.999858,0
5880,2088,31,262,0,586,145,8992,1639,10631,-0.00924091,0.0140463,-0.999859,0
6259,2044,28,269,0,589,147,9336,1613,10949,-6.86479e-05,0.012439,-0.999923,0
5846,2005,30,261,0,589,145,8876,2016,10892,-0.00953037,0.0154072,-0.999836,0
5941,2077,29,263,0,583,146,9039,1718,10757,-0.00513631,0.0102023,-0.999935,0
5877,2024,29,263,0,582,145,8920,1844,10764,-0.00145813,0.0116371,-0.999931,0
5323,1816,29,246,0,526,131,8071,1680,9751,-0.000124411,0.00985681,-0.999951,0
6434,2006,29,264,0,607,154,9494,1951,11445,-0.0122067,0.0137692,-0.999831,0
5878,2084,50,262,0,591,148,9013,1549,10562,-0.000363485,0.0119383,-0.999929,0
5930,2035,30,262,0,586,159,9002,2092,11094,-0.00265392,0.0101289,-0.999945,0
5879,2052,29,274,0,596,149,8979,1834,10813,-0.011412,0.0169375,-0.999791,0
5472,1852,26,234,0,523,132,8239,1405,9644,-0.0128577,0.0163436,-0.999784,0
6097,2099,31,266,0,590,147,9230,1693,10923,0.000398606,0.0151443,-0.999885,0
5880,2045,28,263,0,586,147,8949,1896,10845,-0.00236226,0.0120165,-0.999925,0
6012,2032,30,264,0,587,146,9071,1906,10977,-0.00185924,0.0111307,-0.999936,0
5943,2094,33,263,0,588,147,9068,1901,10969,-0.0174033,-0.0107369,-0.999791,0
5895,2035,28,263,0,581,145,8947,1606,10553,-0.0183161,-0.0102415,-0.99978,0
5943,2096,29,267,0,592,149,9076,1802,10878,-0.00231055,0.0117127,-0.999929,0
5884,2074,29,264,0,587,147,8985,1746,10731,0.00054856,0.0143055,-0.999898,0
5922,2036,28,262,0,615,150,9013,1837,10850,-0.00805354,0.013695,-0.999874,0
5968,2034,31,289,0,582,149,9053,1749,10802,-0.0126857,0.0189407,-0.99974,0
5977,2015,29,262,0,629,149,9061,1565,10626,-0.00845661,0.0140896,-0.999865,0
5928,2061,29,262,0,579,146,9005,1570,10575,-0.0100145,0.0154078,-0.999831,0
5887,2030,29,262,0,585,147,8940,1664,10604,-0.00803157,0.0139118,-0.999871,0
5973,2097,29,265,0,598,147,9109,1675,10784,-0.0076933,0.0147308,-0.999862,0
5923,2008,29,261,0,591,146,8958,1638,10596,0.000337208,0.0110303,-0.999939,0
5933,2020,29,283,0,584,147,8996,1951,10947,-0.0188527,-0.0106086,-0.999766,0
5891,2056,30,262,0,578,146,8963,1954,10917,-0.00898323,0.0123682,-0.999883,0
5970,2058,29,264,0,619,149,9089,1736,10825,-0.00200923,0.010925,-0.999938,0
5857,2031,29,263,0,584,148,8912,1795,10707,0.00205832,0.0106916,-0.99994,0
6376,2003,30,267,0,579,146,9401,2030,11431,-0.000254769,0.0148546,-0.999889,0
6092,2042,30,263,0,587,190,9204,1972,11176,-0.00848778,0.0147392,-0.999855,0
5966,2021,29,286,0,582,147,9031,1688,10719,0.00162002,0.0142807,-0.999897,0
5870,2068,43,263,0,618,147,9009,1758,10767,-0.00211648,0.0107829,-0.99994,0
4312,1421,20,180,0,404,100,6437,1211,7648,-0.008577,0.0130312,-0.999879,0
6001,2023,42,264,0,606,148,9084,1651,10735,-0.00320729,0.011836,-0.999925,0
5909,2028,30,263,0,588,148,8966,1594,10560,0.000480679,0.0108476,-0.999941,0
5892,2033,29,262,0,580,145,8941,2035,10976,-0.00229554,0.00934783,-0.999954,0
6705,2245,30,275,0,839,226,10320,1990,12310,-0.001849,0.0105759,-0.999942,0
4313,1390,21,179,0,403,100,6406,1288,7694,-0.00258498,0.0109878,-0.999936,0
5910,2013,28,320,0,584,149,9004,1972,10976,-0.00903081,0.0131317,-0.999873,0
5800,2082,29,267,0,592,148,8918,1663,10581,-0.00821014,0.0153059,-0.999849,0
5889,2172,44,268,0,608,148,9129,1545,10674,-0.00304833,0.00944663,-0.999951,0
5866,2103,30,282,0,583,145,9009,1819,10828,-0.00561663,0.0112297,-0.999921,0
5861,2120,39,268,0,584,147,9019,1827,10846,-0.0180572,-0.00993625,-0.999788,0
6789,2026,30,265,0,666,153,9929,1774,11703,-0.00232335,0.0110098,-0.999937,0
5782,1998,27,259,0,602,147,8815,1852,10667,-0.0111341,0.0154473,-0.999819,0
5910,2035,27,260,0,584,145,8961,1714,10675,-0.00790484,0.0124489,-0.999891,0
5892,2051,29,262,0,592,147,8973,1935,10908,-0.0174086,-0.0126185,-0.999769,0
5860,2054,27,262,0,595,148,8946,1765,10711,-0.0206947,-0.0101623,-0.999734,0
5917,2083,28,264,0,588,148,9028,1566,10594,-0.0204253,-0.0120369,-0.999719,0
5926,2086,29,263,0,597,147,9048,1870,10918,-0.0195689,-0.0124851,-0.99973,0
6016,2044,30,263,0,588,146,9087,1771,10858,-0.00400207,0.00929915,-0.999949,0
5927,2013,28,262,0,609,149,8988,1912,10900,0.000260793,0.0116593,-0.999932,0
5951,2080,29,263,0,584,146,9053,1924,10977,-0.000591288,0.00935238,-0.999956,0
6028,2076,29,300,0,584,146,9163,2038,11201,-0.0182491,-0.0103975,-0.999779,0
4124,1481,19,181,0,420,121,6346,1203,7549,-0.0124467,0.0133786,-0.999833,0
5977,2028,29,264,0,583,146,9027,1529,10556,0.00354774,0.0100497,-0.999944,0
6115,2097,29,263,0,585,164,9253,1980,11233,-0.0092034,0.0124255,-0.99988,0
5946,2044,35,266,0,588,147,9026,1594,10620,-0.000546043,0.0111788,-0.999937,0
5503,1898,26,237,0,560,136,8360,1604,9964,-0.0120913,0.0140574,-0.999828,0
5898,2061,30,264,0,582,146,8981,1830,10811,-0.00219923,0.0124264,-0.99992,0
6080,2136,28,265,0,621,150,9280,1931,11211,0.00135334,0.0111989,-0.999936,0
5907,2095,29,264,0,588,151,9034,1893,10927,-0.00908253,0.0132748,-0.99987,0
5954,2015,39,278,0,626,151,9063,1534,10597,-0.00886745,0.0132139,-0.999873,0
5864,2070,28,261,0,615,158,8996,1803,10799,-0.00109674,0.0136382,-0.999906,0
5995,2077,30,284,0,589,150,9125,2035,11160,-0.00871768,0.0145281,-0.999856,0
5918,2077,29,264,0,590,147,9025,1661,10686,-0.0195663,-0.01033,-0.999755,0
5944,2071,28,264,0,586,157,9050,1740,10790,-0.0173689,-0.0169423,-0.999705,0
5869,2030,31,263,0,585,145,8923,1780,10703,-0.0179909,-0.0109503,-0.999778,0
6334,2068,28,266,0,586,146,9428,1757,11185,-0.0186905,-0.0101623,-0.999774,0
5969,2056,30,265,0,582,144,9046,1594,10640,-0.0187371,-0.013108,-0.999738,0
6040,2105,28,266,0,588,148,9175,1540,10715,-0.0172843,-0.0100297,-0.9998,0
4082,1420,20,182,0,406,118,6228,1249,7477,0.00161598,0.00864414,-0.999961,0
5807,1980,30,262,0,583,145,8807,1838,10645,-0.00594852,0.0108057,-0.999924,0
6038,2085,55,266,0,584,145,9173,1913,11086,-0.0122027,0.0158213,-0.9998,0
5874,2116,29,264,0,586,146,9015,1544,10559,-0.00167193,0.0124856,-0.999921,0
5886,2003,33,285,0,593,148,8948,1587,10535,-0.00141688,0.0115766,-0.999932,0
5923,2062,28,261,0,585,146,9005,1807,10812,-9.18454e-05,0.0110972,-0.999938,0
5938,2069,28,261,0,582,145,9023,1965,10988,-0.00874845,0.0136021,-0.999869,0
6028,2174,30,263,0,581,144,9220,1474,10694,-0.0089066,0.0140379,-0.999862,0
4054,1382,20,177,0,399,100,6132,1039,7171,-0.0201231,-0.0116799,-0.999729,0
6058,2071,30,267,0,586,147,9159,1761,10920,-0.00247723,0.0093307,-0.999954,0
5920,2076,29,265,0,614,150,9054,1688,10742,-0.00769284,0.0116993,-0.999902,0
6044,2099,28,265,0,587,146,9169,1618,10787,-0.0015463,0.00862901,-0.999962,0
6010,1731,20,181,0,403,100,8445,1262,9707,0.00108409,0.0125387,-0.999921,0
5373,1884,27,237,0,570,134,8225,1788,10013,-0.00970205,0.0149303,-0.999841,0
5889,2090,29,267,0,604,147,9026,1605,10631,-0.000227892,0.0129822,-0.999916,0
5982,1995,30,258,0,626,173,9064,1556,10620,0.00116411,0.0134275,-0.999909,0
4043,1400,20,178,0,416,101,6158,1263,7421,-0.00915382,0.0156423,-0.999836,0
6008,2121,30,262,0,576,143,9140,1720,10860,-0.00694837,0.0127321,-0.999895,0
5894,2037,28,264,0,584,161,8968,1586,10554,-0.00341397,0.00999916,-0.999944,0
6082,2057,29,263,0,584,145,9160,1774,10934,-0.00889479,0.0123178,-0.999885,0
5877,2032,29,262,0,583,145,8928,1673,10601,0.0010413,0.010868,-0.99994,0
5992,2030,29,264,0,600,150,9065,1874,10939,-0.00673307,0.0141832,-0.999876,0
6015,2048,29,265,0,589,145,9091,1798,10889,-0.00902697,0.0138126,-0.999864,0
6062,2008,29,269,0,589,144,9101,1606,10707,0.00193913,0.0106216,-0.999942,0
5887,2033,29,262,0,587,146,8944,2567,11511,-0.00919462,0.00962567,-0.999912,0
5976,2012,29,260,0,578,144,8999,1898,10897,-0.0148304,0.021596,-0.999657,0
5911,2063,27,288,0,617,148,9054,1622,10676,-0.000299448,0.0128595,-0.999917,0
5858,2041,36,290,0,606,145,8976,1991,10967,-0.0178938,-0.011234,-0.999777,0
5939,2044,28,261,0,583,145,9000,1725,10725,-0.00572542,0.010341,-0.99993,0
5898,2133,28,262,0,581,145,9047,1710,10757,-0.0109161,0.0148707,-0.99983,0
5915,2132,28,266,0,586,146,9073,1648,10721,-0.00894578,0.0132479,-0.999872,0
5988,2088,29,324,0,859,201,9489,1730,11219,-0.00139317,0.0103866,-0.999945,0
5867,2039,28,260,0,611,148,8953,1797,10750,0.00146213,0.0113438,-0.999935,0
5991,2066,29,264,0,590,146,9086,1760,10846,-0.00838706,0.0142481,-0.999863,0
5980,2015,28,260,0,591,145,9019,1561,10580,-0.00798891,0.0123195,-0.999892,0
5769,1438,21,181,0,428,102,7939,1227,9166,0.000204466,0.0121853,-0.999926,0
2541,885,11,94,0,208,52,3791,729,4520,-0.0185099,-0.0105456,-0.999773,0
2691,927,14,120,0,263,65,4080,709,4789,-0.00332548,0.00963635,-0.999948,0
6180,1987,28,281,0,694,152,9322,1760,11082,0.00283851,0.0103614,-0.999942,0
6191,2086,28,288,0,581,148,9322,2634,11956,-0.00388806,0.011162,-0.99993,0
4771,1468,22,209,0,405,100,6975,1371,8346,0.000398824,0.0102452,-0.999948,0
5994,2085,28,265,0,587,148,9107,2274,11381,0.00156142,0.00757654,-0.99997,0
6018,2042,28,260,0,618,159,9125,1879,11004,-0.000577411,0.0107346,-0.999942,0
6110,2065,29,266,0,583,145,9198,2041,11239,0.00542208,0.00996869,-0.999936,0
6100,2120,36,368,0,883,199,9706,1828,11534,-0.00611875,0.009799,-0.999933,0
4174,1419,20,180,0,413,100,6306,1270,7576,0.000815574,0.0108257,-0.999941,0
6070,2019,29,264,0,592,145,9119,2337,11456,-0.00800916,0.014834,-0.999858,0
6001,2038,37,262,0,590,147,9075,1663,10738,-0.00497278,0.00989739,-0.999938,0
4568,1427,21,181,0,339,77,6613,931,7544,-0.00965141,0.0127138,-0.999873,0
2501,885,12,113,0,252,62,3825,811,4636,-0.00363827,0.0109107,-0.999934,0
5907,2092,29,262,0,580,145,9015,1855,10870,-0.00597806,0.0114138,-0.999917,0
6047,2047,30,271,0,819,226,9440,1959,11399,-0.00242387,0.00909084,-0.999956,0
5929,2150,29,266,0,589,147,9110,1831,10941,-0.000688764,0.0119201,-0.999929,0
6038,2070,29,261,0,581,145,9124,1780,10904,-0.00858825,0.0129313,-0.99988,0
5964,2032,28,264,0,580,145,9013,1669,10682,-0.000866806,0.00916746,-0.999958,0
5977,2044,44,264,0,589,146,9064,2249,11313,-0.00939605,0.014755,-0.999847,0
6036,2049,28,263,0,585,146,9107,1501,10608,-0.00136485,0.0114383,-0.999933,0
4172,1419,19,197,0,420,107,6334,1146,7480,-0.0011073,0.00901005,-0.999959,0
5955,2013,29,304,0,584,146,9031,1828,10859,-0.00353779,0.0100765,-0.999943,0
6259,2179,30,268,0,629,151,9516,1728,11244,-0.00113063,0.010931,-0.99994,0
4060,1436,19,183,0,410,101,6209,1322,7531,-0.00964937,0.011511,-0.999887,0
5933,2018,30,302,0,630,151,9064,1573,10637,-0.000634091,0.0131097,-0.999914,0
4625,1433,31,182,0,404,98,6773,988,7761,-0.00102549,0.00880271,-0.999961,0
2244,728,11,96,0,209,52,3340,631,3971,-0.00792253,0.0111312,-0.999907,0
6352,2033,29,264,0,632,150,9460,1906,11366,-0.0169188,-0.010267,-0.999804,0
6279,2002,28,264,0,431,99,9103,1219,10322,-0.000660792,0.00955219,-0.999954,0
4059,1376,22,179,0,393,99,6128,1397,7525,-0.0185239,-0.0128195,-0.999746,0
5893,2179,37,371,0,632,154,9266,1707,10973,-0.0172879,-0.0125432,-0.999772,0
5798,2058,29,262,0,564,144,8855,1727,10582,-0.0185185,-0.0117945,-0.999759,0
6179,1975,28,259,0,589,146,9176,1468,10644,-0.0190414,-0.0105572,-0.999763,0
5815,2079,29,263,0,571,144,8901,1428,10329,-0.0166946,-0.0110474,-0.9998,0
6096,2148,29,263,0,574,146,9256,1557,10813,-0.0178739,-0.0105862,-0.999784,0
5853,2481,35,290,0,610,149,9418,1463,10881,-0.0191129,-0.00972725,-0.99977,0
4091,1409,19,188,0,413,101,6221,1060,7281,-0.0186953,-0.0115785,-0.999758,0
6674,1990,28,267,0,561,143,9663,1517,11180,-0.0194572,-0.0143294,-0.999708,0
6070,2108,29,261,0,602,147,9217,1472,10689,-0.0200932,-0.0104665,-0.999743,0
4137,1405,20,179,0,409,101,6251,1149,7400,-0.0198605,-0.00784804,-0.999772,0
6015,1987,31,320,0,561,145,9059,1481,10540,-0.0159534,-0.0087197,-0.999835,0
5885,1976,28,256,0,596,142,8883,1699,10582,-0.0194478,-0.0114245,-0.999745,0
5951,2056,29,267,0,576,168,9047,1568,10615,-0.0149859,-0.0130908,-0.999802,0
5883,1978,29,255,0,552,140,8837,1660,10497,-0.0181692,-0.011593,-0.999768,0
6039,2033,26,285,0,554,144,9081,1514,10595,-0.019707,-0.0085007,-0.99977,0
5935,1976,27,255,0,555,170,8918,2169,11087,-0.0162491,-0.0124827,-0.99979,0
4019,1356,24,175,0,431,99,6104,1096,7200,-0.0179725,-0.00967755,-0.999792,0
5739,1959,28,251,0,548,140,8665,1367,10032,-0.0178205,-0.0120095,-0.999769,0
5976,1934,29,254,0,551,141,8885,1559,10444,-0.0175999,-0.0116087,-0.999778,0
5763,2028,27,254,0,556,141,8769,1690,10459,-0.0180857,-0.0126354,-0.999757,0
5226,1355,20,176,0,398,98,7273,1249,8522,-0.0189148,-0.00862124,-0.999784,0
3049,1050,15,135,0,292,74,4615,885,5500,-0.0178912,-0.0167745,-0.999699,0
5988,1955,27,273,0,549,140,8932,1628,10560,-0.0166527,-0.011164,-0.999799,0
5851,1956,28,277,0,560,144,8816,1938,10754,-0.036671,-0.0061495,-0.999308,0
5989,1989,28,287,0,607,166,9066,1443,10509,-0.0199627,-0.0117237,-0.999732,0
5906,2222,35,382,0,769,182,9496,1793,11289,-0.0180736,-0.0106209,-0.99978,0
4144,1353,20,177,0,410,100,6204,1106,7310,-0.0171183,-0.00973857,-0.999806,0
6827,1965,27,258,0,564,143,9784,1830,11614,-0.0184763,-0.0100353,-0.999779,0
5850,2051,29,293,0,584,177,8984,1439,10423,-0.019108,-0.0119535,-0.999746,0
5847,1373,20,177,0,400,112,7929,1095,9024,-0.0198468,-0.00680054,-0.99978,0
2593,872,32,116,0,227,51,3891,535,4426,-0.0186679,-0.0118242,-0.999756,0
1862,603,10,79,0,171,54,2779,421,3200,-0.0169821,-0.0100085,-0.999806,0
6173,1993,28,256,0,591,144,9185,1395,10580,-0.0183425,-0.0124544,-0.999754,0
5890,1950,28,292,0,555,161,8876,1609,10485,-0.0213392,-0.00717364,-0.999747,0
5297,1823,24,230,0,607,138,8119,1293,9412,-0.0194479,-0.0058156,-0.999794,0
5834,2354,38,365,0,554,148,9293,1385,10678,-0.0176471,-0.0102672,-0.999792,0
5860,2041,28,257,0,569,142,8897,1556,10453,-0.015335,-0.00687818,-0.999859,0
6403,1987,29,261,0,606,147,9433,1526,10959,-0.0155436,-0.0120334,-0.999807,0
5942,2071,28,261,0,558,148,9008,1385,10393,-0.0181684,-0.00998938,-0.999785,0
4031,1396,19,175,0,398,97,6116,978,7094,-0.0178703,-0.0104316,-0.999786,0
6063,1960,29,257,0,556,141,9006,1484,10490,-0.0169414,-0.00944827,-0.999812,0
6141,1999,29,259,0,577,144,9149,1934,11083,-0.0166575,-0.0101566,-0.99981,0
5295,1831,26,232,0,502,133,8019,1475,9494,-0.018137,-0.00938939,-0.999792,0
5764,2020,27,257,0,586,146,8800,1922,10722,-0.0185165,-0.0094226,-0.999784,0
5935,2030,27,256,0,557,142,8947,1335,10282,-0.0197246,-0.0101613,-0.999754,0
6083,1965,28,266,0,573,141,9056,1374,10430,-0.0179203,-0.0115572,-0.999773,0
6782,2217,30,287,0,648,166,10130,1817,11947,-0.0178917,-0.0150841,-0.999726,0
4385,1509,21,195,0,433,105,6648,1133,7781,-0.0176341,-0.0111208,-0.999783,0
6089,2035,30,258,0,645,149,9206,1463,10669,-0.0174711,-0.0122396,-0.999773,0
5790,1965,27,251,0,556,140,8729,1465,10194,-0.0181529,-0.0125431,-0.999757,0
6247,2010,30,264,0,561,142,9254,1592,10846,-0.0176119,-0.0129047,-0.999762,0
5283,1772,25,233,0,550,128,7991,1297,9288,-0.0186258,-0.0118563,-0.999756,0
5925,2101,33,311,0,587,145,9102,1661,10763,-0.019034,-0.0153808,-0.999701,0
5788,1966,29,250,0,556,140,8729,1564,10293,-0.0180792,-0.0179243,-0.999676,0
5943,1997,28,256,0,578,143,8945,1125,10070,-0.0173671,-0.0113619,-0.999785,0
5777,1981,28,257,0,682,216,8941,1733,10674,-0.0189676,-0.0118421,-0.99975,0
3814,1042,13,134,0,296,74,5373,734,6107,-0.0170196,-0.0120497,-0.999783,0
2492,836,26,108,0,238,60,3760,736,4496,-0.0188574,-0.0129879,-0.999738,0
5980,1977,35,256,0,549,139,8936,1480,10416,-0.0176661,-0.0111962,-0.999781,0
5952,1934,28,251,0,578,143,8886,1174,10060,-0.0170814,-0.0112743,-0.999791,0
6228,1994,29,253,0,608,147,9259,1612,10871,-0.0195849,-0.0100445,-0.999758,0
5885,1581,20,178,0,383,98,8145,1019,9164,-0.0188904,-0.0112891,-0.999757,0
4004,1392,19,174,0,391,102,6082,1124,7206,-0.0174462,-0.0128359,-0.999766,0
5213,1764,25,229,0,498,139,7868,1935,9803,-0.0218047,-0.0214931,-0.999532,0
6136,1967,28,255,0,577,143,9106,1411,10517,-0.0179274,-0.0106129,-0.999783,0
5846,1923,29,263,0,567,142,8770,1558,10328,-0.0180532,-0.0145207,-0.999732,0
5833,1985,29,257,0,594,147,8845,1487,10332,-0.0180675,-0.0139157,-0.99974,0
5879,2024,29,256,0,559,142,8889,1394,10283,-0.018527,-0.011935,-0.999757,0
5921,1981,43,266,0,559,143,8913,1926,10839,-0.0174741,-0.0149548,-0.999735,0
5862,1943,29,254,0,553,163,8804,1464,10268,-0.0161037,-0.0119079,-0.9998,0
6003,1988,30,262,0,558,142,8983,1680,10663,-0.0185949,-0.00844991,-0.999791,0
5951,2328,37,382,0,598,150,9446,1607,11053,-0.0192211,-0.0112303,-0.999752,0
6252,2032,28,255,0,592,144,9303,1583,10886,-0.0189067,-0.0099044,-0.999772,0
5786,1995,28,258,0,552,140,8759,1444,10203,-0.0189673,-0.0112986,-0.999756,0
6107,2074,28,253,0,563,139,9164,1291,10455,-0.0169967,-0.012909,-0.999773,0
4060,1360,19,175,0,424,96,6134,1417,7551,-0.0173751,-0.0130531,-0.999764,0
6081,2031,29,274,0,548,153,9116,1637,10753,-0.0178201,-0.00901407,-0.999801,0
5672,1385,20,175,0,380,96,7728,1046,8774,-0.0180847,-0.0120552,-0.999764,0
3715,1249,18,184,0,353,89,5608,1051,6659,-0.0152387,-0.0109372,-0.999824,0
5897,1928,28,264,0,547,141,8805,1695,10500,-0.0178467,-0.0101085,-0.99979,0
6528,1917,29,282,0,538,141,9435,1589,11024,-0.0174549,-0.0110953,-0.999786,0
5800,1942,30,246,0,540,137,8695,1647,10342,-0.0185115,-0.0102446,-0.999776,0
5918,1856,28,246,0,534,148,8730,1600,10330,-0.0197586,-0.0118025,-0.999735,0
5776,1897,27,257,0,540,139,8636,1556,10192,-0.0178823,-0.00847348,-0.999804,0
5893,1955,28,250,0,552,146,8824,1502,10326,-0.0173788,-0.0107048,-0.999792,0
5858,1909,30,251,0,533,138,8719,1570,10289,-0.0198077,-0.00751937,-0.999776,0
6186,2131,29,258,0,573,143,9320,1503,10823,-0.0190546,-0.00935008,-0.999775,0
5805,1949,28,254,0,543,140,8719,1301,10020,-0.016579,-0.0114898,-0.999797,0
5754,2038,29,254,0,587,145,8807,1338,10145,-0.0180402,-0.0125887,-0.999758,0
5910,1920,28,251,0,549,139,8797,1240,10037,-0.0182474,-0.0109672,-0.999773,0
5762,2007,29,259,0,572,140,8769,1461,10230,-0.0160252,-0.0070841,-0.999846,0
5777,1953,27,253,0,543,164,8717,1483,10200,-0.0185374,-0.0093409,-0.999785,0
5911,1983,27,257,0,563,142,8883,1505,10388,-0.0189755,-0.0146343,-0.999713,0
6197,2797,35,371,0,844,207,10451,1776,12227,-0.0175118,-0.0102342,-0.999794,0
3109,1040,14,135,0,293,75,4666,760,5426,-0.0189833,-0.0116132,-0.999753,0
5914,1988,28,254,0,552,141,8877,1406,10283,-0.0189742,-0.0111218,-0.999758,0
6524,1990,28,260,0,551,144,9497,1420,10917,-0.0184512,-0.0115435,-0.999763,0
5885,1959,27,253,0,574,143,8841,1391,10232,-0.0178281,-0.0134545,-0.999751,0
6201,2244,29,259,0,549,141,9423,1754,11177,-0.0233085,-0.0200213,-0.999528,0
5800,2031,29,257,0,585,143,8845,1186,10031,-0.0181964,-0.0125724,-0.999755,0
5917,1945,28,253,0,547,140,8830,1525,10355,-0.0180251,-0.00966452,-0.999791,0
5841,2065,28,265,0,686,220,9105,1892,10997,-0.000857013,0.00762958,-0.99997,0
5944,1981,28,258,0,555,142,8908,1737,10645,-0.00814233,0.0151292,-0.999852,0
5768,2259,36,356,0,741,152,9312,1778,11090,-0.00858154,0.014989,-0.999851,0
5996,2021,29,257,0,556,143,9002,1582,10584,-0.00819772,0.0141654,-0.999866,0
5899,1965,27,255,0,555,143,8844,1597,10441,-0.0137551,0.0163085,-0.999772,0
5786,2010,27,254,0,555,149,8781,1520,10301,-0.0125593,0.0182541,-0.999755,0
5664,1366,18,174,0,381,97,7700,1035,8735,-0.0102075,0.0162268,-0.999816,0
2822,841,12,109,0,239,59,4082,674,4756,-0.0151818,0.0145256,-0.999779,0
2080,728,10,90,0,198,51,3157,505,3662,0.00161245,0.0136057,-0.999906,0
5947,1991,28,256,0,550,141,8913,1885,10798,0.00201093,0.0124501,-0.99992,0
5840,2021,27,255,0,554,142,8839,1893,10732,-0.00975823,0.0140319,-0.999854,0
5238,1373,20,177,0,338,73,7219,725,7944,-0.00630677,0.0142513,-0.999879,0
2453,951,13,110,0,251,61,3839,698,4537,-0.00966953,0.0135699,-0.999861,0
5760,2066,34,381,0,721,149,9111,1510,10621,0.000845473,0.0128995,-0.999917,0
5906,1955,27,252,0,550,141,8831,1834,10665,-0.000198869,0.0145091,-0.999895,0
5884,2043,28,259,0,549,142,8905,1678,10583,-0.009678,0.0149941,-0.99984,0
5846,1977,26,253,0,554,142,8798,1496,10294,-0.00738241,0.0142955,-0.99987,0
5901,2024,28,256,0,558,140,8907,1894,10801,-0.00489271,0.0123467,-0.999912,0
5785,1975,28,252,0,548,139,8727,1605,10332,-0.00852791,0.0146086,-0.999857,0
5872,2025,27,255,0,546,139,8864,1540,10404,-0.0102593,0.0151349,-0.999833,0
5764,1955,28,249,0,544,139,8679,1430,10109,-0.00841713,0.0144212,-0.99986,0
5819,2010,27,286,0,544,142,8828,1466,10294,0.00428616,0.0136075,-0.999898,0
5784,1969,27,256,0,550,141,8727,1816,10543,-0.000775979,0.0158384,-0.999874,0
5873,1985,27,255,0,568,166,8874,1562,10436,0.00444524,0.0199992,-0.99979,0
5725,1923,26,247,0,546,138,8605,1371,9976,-0.0022638,0.0207541,-0.999782,0
5827,2006,27,252,0,544,138,8794,1335,10129,-0.0199237,0.0222125,-0.999555,0
5865,1877,27,248,0,529,136,8682,1172,9854,-0.0075357,0.0170606,-0.999826,0
5901,1920,27,249,0,532,138,8767,1120,9887,-0.00493032,0.0140386,-0.999889,0
5657,1913,27,250,0,531,136,8514,1271,9785,-0.00986183,0.0135086,-0.99986,0
5938,1921,28,297,0,540,139,8863,1370,10233,-0.0084215,0.0127557,-0.999883,0
5896,2052,27,264,0,551,140,8930,1585,10515,-0.0212543,0.00841953,-0.999739,0
6038,2046,29,265,0,624,151,9153,1781,10934,-0.0226466,-0.00222365,-0.999741,0
6195,2090,30,291,0,605,153,9364,2257,11621,-0.0257456,-0.00672678,-0.999646,0
7149,2412,25,213,0,456,129,10384,2073,12457,-0.0368059,-0.0115759,-0.999255,0
3218,1216,15,152,0,346,86,5033,1693,6726,-0.018959,-0.00650839,-0.999799,0
6353,2290,31,293,0,724,167,9858,3715,13573,-0.00969457,0.00456233,-0.999942,0
5675,2080,27,297,0,621,151,8851,3373,12224,-0.020557,0.0116549,-0.99972,0
5009,2053,24,248,0,586,144,8064,3180,11244,-0.0251659,0.0220971,-0.999439,0
6248,2425,31,319,0,760,191,9974,3317,13291,-0.0196339,0.0258,-0.999475,0
4299,1729,22,219,0,493,123,6885,2829,9714,-0.00228414,0.0190082,-0.999817,0
6206,2515,42,311,0,717,179,9970,4457,14427,-0.0197417,0.00839313,-0.99977,0
3998,1601,19,196,0,464,112,6390,2941,9331,0.00449917,0.0154586,-0.999871,0
6256,2458,31,307,0,745,178,9975,4012,13987,-0.00992239,0.0627407,-0.99798,0
4532,1677,21,211,0,497,120,7058,3103,10161,-0.0025164,0.0726508,-0.997354,0
6266,2357,30,297,0,726,171,9847,4589,14436,0.00697717,0.0486015,-0.998794,0
6302,2346,31,319,0,495,119,9612,3188,12800,-0.000617994,0.0117979,-0.99993,0
3247,1244,15,157,0,384,91,5138,2550,7688,-0.00514413,-0.0216267,-0.999753,0
6335,2382,31,303,0,723,173,9947,4752,14699,-0.0125638,-0.0452446,-0.998897,0
6325,2546,32,317,0,757,180,10157,3732,13889,0.00532627,-0.0254385,-0.999662,0
3329,1326,16,162,0,392,94,5319,2442,7761,-0.0139932,-0.00443282,-0.999892,0
6383,2621,30,313,0,780,182,10309,4264,14573,0.00752609,0.00696047,-0.999948,0
6876,2787,29,322,0,765,183,10962,3300,14262,-0.000216247,0.019007,-0.999819,0
3252,1373,15,167,0,414,97,5318,2485,7803,-0.00582187,0.0240392,-0.999694,0
6415,2795,30,321,0,764,210,10535,4652,15187,-0.0201311,0.0243916,-0.9995,0
6282,2610,26,310,0,635,141,10004,3054,13058,-0.0191357,0.0175213,-0.999663,0
3997,1638,19,228,0,552,120,6554,2871,9425,-0.0302857,0.018368,-0.999372,0
6319,2788,40,349,0,768,187,10451,4328,14779,-0.0113189,0.0186429,-0.999762,0
4305,1815,21,216,0,572,138,7067,2809,9876,-0.0135342,0.0234943,-0.999632,0
6219,2489,31,307,0,717,191,9954,4563,14517,-0.0110345,0.0255815,-0.999612,0
6196,2450,23,253,0,488,121,9531,2874,12405,-0.0104003,0.0234628,-0.999671,0
3273,1287,21,158,0,366,90,5195,2053,7248,-0.0331128,0.0106718,-0.999395,0
6676,2412,30,302,0,732,175,10327,3733,14060,-0.0237924,0.0177049,-0.99956,0
4193,1618,21,201,0,489,115,6637,2228,8865,-0.0211644,0.0239876,-0.999488,0
6235,2342,29,305,0,670,165,9746,3349,13095,-0.0152429,0.0350283,-0.99927,0
6132,2381,30,293,0,713,167,9716,3028,12744,-0.0122618,0.0421816,-0.999035,0
6459,2295,49,330,0,721,190,10044,2506,12550,-0.00352982,0.036239,-0.999337,0
4167,1603,20,194,0,443,107,6534,1678,8212,-0.0108754,0.0245057,-0.999641,0
5398,2014,27,250,0,620,143,8452,2077,10529,-0.0146089,0.0173472,-0.999743,0
5439,1968,27,249,0,562,138,8383,1604,9987,-0.0166594,0.0151082,-0.999747,0
5724,2126,30,270,0,606,149,8905,1742,10647,-0.0157511,0.0162249,-0.999745,0
5893,2210,47,266,0,630,150,9196,1706,10902,-0.0124814,0.0238064,-0.999639,0
4680,1465,21,184,0,418,102,6870,1218,8088,-0.0151484,0.0292743,-0.999457,0
5812,2145,29,265,0,601,147,8999,1717,10716,-0.0154119,0.0471754,-0.998768,0
4061,1488,21,182,0,412,101,6265,1096,7361,-0.0209148,0.0488869,-0.998585,0
5733,2242,39,364,0,682,154,9214,1618,10832,-0.0191306,0.0496016,-0.998586,0
5834,2010,29,260,0,610,143,8886,1544,10430,-0.0331068,0.0552741,-0.997922,0
5846,2088,30,258,0,605,149,8976,1509,10485,-0.0452019,0.102535,-0.993702,0
6022,2033,31,258,0,584,216,9144,1737,10881,-0.0180671,0.0614338,-0.997948,0
6105,1974,33,279,0,578,144,9113,1448,10561,-0.0233705,0.0965593,-0.995053,0
6028,2024,31,257,0,574,139,9053,1747,10800,-0.0183331,0.129636,-0.991392,0
6369,1943,32,302,0,687,145,9478,2158,11636,0.0245506,0.0905627,-0.995588,0
3927,1004,17,128,0,295,70,5441,804,6245,0.030817,0.11335,-0.993077,0
2469,824,22,101,0,240,56,3712,897,4609,0.0493919,0.13765,-0.989249,0
5848,1822,30,229,0,548,125,8602,4982,13584,0.0490153,0.138743,-0.989115,0
6149,1633,32,217,0,555,123,8709,3538,12247,0.0540937,0.143752,-0.988134,0
5948,1447,31,201,0,480,109,8216,1696,9912,0.0644938,0.180105,-0.981531,0
5648,1487,33,223,0,449,125,7965,1303,9268,0.0908178,0.320023,-0.943047,0
5652,1672,31,195,0,504,106,8160,1678,9838,0.0979296,0.430604,-0.897212,0
5729,1234,28,177,0,402,94,7664,2541,10205,0.102662,0.501861,-0.858834,0
6259,1216,31,195,0,393,103,8197,3707,11904,0.0525351,0.563182,-0.824661,0
5807,1191,28,168,0,400,90,7684,2760,10444,-0.0154733,0.652404,-0.757713,0
5670,1188,28,161,0,388,88,7523,-1000,-1000,-1,-1,-1,0
2351,483,12,67,0,165,52,3130,577,3707,-0.0164015,0.106415,-0.994187,0
5756,1140,26,162,0,397,89,7570,1520,9090,-0.0209668,0.117476,-0.992855,0
5639,1188,26,169,0,411,92,7525,1605,9130,-0.0108506,0.14814,-0.988907,0
5648,1157,29,158,0,365,88,7445,1207,8652,0.00420018,0.132012,-0.991239,0
5434,1028,28,145,0,341,78,7054,1238,8292,0.0221686,0.101895,-0.994548,0
5473,978,28,146,0,315,76,7016,1068,8084,0.0218528,0.12282,-0.992188,0
5436,901,26,128,0,291,69,6851,993,7844,0.0138791,0.189856,-0.981714,0
5593,893,26,147,0,311,94,7064,952,8016,0.0250354,0.207092,-0.978001,0
5481,883,26,127,0,271,68,6856,1462,8318,0.0189589,0.246431,-0.968975,0
6085,943,29,157,0,300,75,7589,1902,9491,-0.004517,0.26064,-0.965425,0
5376,879,25,128,0,273,68,6749,1645,8394,-0.0159761,0.233517,-0.972222,0
3050,467,13,67,0,147,37,3781,895,4676,-0.0222962,0.197954,-0.979958,0
2798,476,14,70,0,149,38,3545,868,4413,-0.000687167,0.173738,-0.984792,0
5591,995,29,148,0,311,85,7159,1828,8987,0.0221175,0.132016,-0.991001,0
5501,1074,27,151,0,322,83,7158,1749,8907,0.0168591,0.155633,-0.987671,0
5891,1098,49,161,0,337,85,7621,1700,9321,0.00193628,0.168469,-0.985705,0
5767,1194,26,167,0,359,91,7604,1656,9260,0.00747332,0.198359,-0.980101,0
5942,1240,30,173,0,386,96,7867,1476,9343,0.00625725,0.212951,-0.977043,0
5811,1409,46,190,0,423,105,7984,2112,10096,0.0638506,0.158027,-0.985368,0
4065,1111,19,143,0,321,80,5739,1398,7137,0.0710639,0.139493,-0.98767,0
6074,2234,32,282,0,513,129,9264,2808,12072,0.0828376,0.127279,-0.988402,0
6022,1791,28,236,0,546,133,8756,2761,11517,0.089955,0.217125,-0.97199,0
3887,1275,16,161,0,390,92,5821,2628,8449,0.0856753,0.33952,-0.936689,0
6285,2202,27,335,0,634,223,9706,2234,11940,0.0514034,0.312744,-0.948446,0
6150,2310,28,313,0,667,159,9627,4135,13762,0.0681265,0.164203,-0.984072,0
6225,2282,27,284,0,712,164,9694,4204,13898,0.000702451,0.125267,-0.992123,0
4246,1563,19,188,0,465,108,6589,2724,9313,0.02857,0.11991,-0.992374,0
6225,2030,29,257,0,628,147,9316,4159,13475,0.00734834,0.165216,-0.98623,0
5894,1773,37,163,0,397,93,8357,2896,11253,-0.00100267,0.130508,-0.991447,0
3191,823,14,112,0,286,67,4493,2207,6700,0.00114927,0.0832039,-0.996532,0
5691,1317,27,186,0,472,106,7799,3541,11340,-0.0043937,0.113245,-0.993558,0
5671,1199,28,167,0,399,93,7557,3527,11084,-0.00960522,0.104068,-0.994524,0
5496,986,30,145,0,342,80,7079,3307,10386,-0.0289403,0.122479,-0.992049,0
5967,1039,29,157,0,354,89,7635,3135,10770,-0.073974,0.116275,-0.990459,0
5632,1133,28,160,0,356,85,7394,1741,9135,-0.119408,0.145564,-0.982117,0
5740,1131,30,157,0,352,83,7493,1245,8738,-0.12872,0.155806,-0.979365,0
5650,1129,26,163,0,358,88,7414,1203,8617,-0.0783755,0.139728,-0.987083,0
5969,1174,26,166,0,431,96,7862,1515,9377,-0.0308556,0.187148,-0.981847,0
5642,1201,27,212,0,395,101,7578,1548,9126,-0.01614,0.228496,-0.973411,0
5946,1238,31,170,0,367,92,7844,1458,9302,-0.0115889,0.226402,-0.973965,0
5505,1184,22,182,0,369,92,7354,1232,8586,-0.0107569,0.231073,-0.972877,0
5660,1270,25,174,0,428,101,7658,1137,8795,-0.00178191,0.256304,-0.966594,0
4025,853,19,160,0,261,68,5386,854,6240,0.0151333,0.307689,-0.951367,0
5691,1314,23,200,0,440,105,7773,1125,8898,0.0201616,0.317506,-0.948042,0
5849,1407,26,193,0,414,105,7994,1288,9282,0.0375178,0.330908,-0.942917,0
6167,1917,28,211,0,448,156,8927,773,9700,0.0404925,0.294638,-0.954751,0
3997,1170,19,189,0,350,86,5811,1039,6850,0.0357792,0.254327,-0.966456,0
5924,1904,31,243,0,536,137,8775,1591,10366,0.00283487,0.292594,-0.956233,0
6632,2028,28,259,0,594,146,9687,2698,12385,-0.00566043,0.270107,-0.962814,0
6036,1861,32,260,0,540,136,8865,2708,11573,0.00336983,0.271975,-0.962298,0
4025,1228,20,159,0,357,88,5877,1754,7631,-0.0192926,0.278055,-0.960372,0
6056,1684,29,217,0,489,121,8596,2034,10630,-0.0332961,0.44073,-0.897023,0
5476,1143,24,148,0,315,80,7186,1090,8276,-0.0687932,0.326237,-0.942781,0
2392,678,13,89,0,198,48,3418,1195,4613,-0.0790497,0.35245,-0.932486,0
2959,799,19,130,0,226,60,4193,820,5013,-0.119114,0.51601,-0.848261,0
5693,1303,28,186,0,381,98,7689,789,8478,-0.143977,0.642493,-0.752645,0
6322,1200,49,198,0,391,90,8250,-1000,-1000,-1,-1,-1,0
4792,697,19,106,0,229,57,5900,901,6801,-0.0667547,0.324755,-0.94344,0
2752,413,12,58,0,126,30,3391,1420,4811,-0.0752973,0.322755,-0.943483,0
2990,442,22,74,0,154,37,3719,1448,5167,-0.0670543,0.280563,-0.957491,0
7588,737,29,125,0,275,65,8819,2474,11293,-0.0506831,0.269322,-0.961715,0
5392,590,25,106,0,215,50,6378,2387,8765,-0.0675807,0.265602,-0.961711,0
5385,518,24,89,0,197,46,6259,1638,7897,-0.0843156,0.304104,-0.9489,0
7031,586,28,101,0,228,52,8026,1757,9783,-0.119265,0.380046,-0.917246,0
5583,494,24,85,0,185,44,6415,1572,7987,-0.135656,0.251657,-0.958262,0
5856,647,29,126,0,229,56,6943,1538,8481,-0.126477,0.228286,-0.965344,0
5444,907,33,163,0,299,81,6927,1509,8436,-0.112187,0.169792,-0.979073,0
6191,810,57,131,0,278,68,7535,1368,8903,-0.0817128,0.172815,-0.981559,0
6636,785,27,127,0,287,70,7932,1380,9312,-0.0768226,0.134118,-0.987983,0
5588,926,27,150,0,323,81,7095,1453,8548,-0.029948,0.14519,-0.98895,0
5585,1092,27,163,0,367,89,7323,1467,8790,-0.0123371,0.138087,-0.990343,0
5772,1298,27,207,0,412,103,7819,1433,9252,0.00268236,0.168212,-0.985747,0
5654,1462,26,200,0,453,110,7905,2742,10647,0.0192768,0.198445,-0.979923,0
6078,1527,28,217,0,491,119,8460,3241,11701,-0.0178743,0.232076,-0.972534,0
5888,1640,26,223,0,510,124,8411,1924,10335,0.0553555,0.170327,-0.983831,0
5400,1552,24,210,0,481,117,7784,2175,9959,-0.0162708,0.158516,-0.987223,0
5252,1988,34,228,0,555,129,8186,3151,11337,0.046456,0.125681,-0.990982,0
5957,2064,27,261,0,610,136,9055,1404,10459,0.0392649,0.131575,-0.990528,0
5441,2007,24,255,0,585,143,8455,1913,10368,0.0416446,0.130005,-0.990638,0
5995,2435,27,300,0,691,169,9617,2448,12065,0.0675443,0.121544,-0.990285,0
6054,2308,29,291,0,692,167,9541,3456,12997,-0.00391238,0.081614,-0.996656,0
5524,2053,26,265,0,613,151,8632,3486,12118,-0.00106803,0.0749449,-0.997187,0
5460,1821,24,234,0,550,143,8232,3599,11831,0.0205438,0.0808098,-0.996518,0
4837,1525,24,185,0,470,106,7147,3421,10568,0.0145343,0.0938521,-0.99548,0
4797,1135,24,155,0,367,86,6564,3086,9650,-0.00455316,0.0805586,-0.996739,0
5747,1123,29,163,0,383,90,7535,3652,11187,-0.0313766,0.120977,-0.992159,0
5533,926,29,137,0,402,81,7108,3400,10508,-0.0736401,0.114859,-0.990649,0
5379,717,28,112,0,265,59,6560,2669,9229,-0.112672,0.135355,-0.98437,0
5454,552,28,93,0,256,52,6435,1617,8052,-0.153928,0.130497,-0.979427,0
5722,497,29,86,0,195,41,6570,1428,7998,-0.141797,0.167279,-0.97566,0
5473,548,26,92,0,211,48,6398,1332,7730,-0.143455,0.175516,-0.973969,0
5647,699,27,113,0,248,59,6793,1170,7963,-0.167896,0.169435,-0.971135,0
5386,707,23,108,0,247,57,6528,1140,7668,-0.188586,0.179205,-0.965568,0
5603,684,23,110,0,250,60,6730,1203,7933,-0.204931,0.207428,-0.956544,0
5344,750,22,123,0,275,64,6578,1076,7654,-0.19196,0.221569,-0.956064,0
5453,758,39,112,0,253,62,6677,1388,8065,-0.198914,0.236692,-0.951005,0
5494,832,22,142,0,310,71,6871,1853,8724,-0.163608,0.485851,-0.858593,0
5690,915,23,133,0,289,71,7121,1850,8971,-0.132488,0.611279,-0.780246,0
5626,1037,28,165,0,371,87,7314,2838,10152,-0.0226396,0.20587,-0.978317,0
5771,1303,25,182,0,382,97,7760,2161,9921,-0.00656754,0.305378,-0.952209,0
4956,1060,18,141,0,308,78,6561,1580,8141,-0.00999064,0.4109,-0.911626,0
3392,991,15,125,0,291,70,4884,819,5703,-0.0396324,0.380714,-0.923843,0
5897,2085,30,258,0,564,145,8979,2962,11941,-0.0598621,0.469883,-0.880696,0
5984,1870,31,251,0,511,132,8779,4475,13254,-0.0752765,0.393322,-0.916314,0
3914,1150,20,155,0,341,128,5708,1228,6936,-0.0872177,0.314847,-0.945127,0
5882,1560,33,209,0,490,147,8321,1115,9436,-0.105552,0.384525,-0.91706,0
5899,1302,30,197,0,399,99,7926,1404,9330,-0.103922,0.535585,-0.838063,0
5834,1554,39,265,0,540,100,8332,1741,10073,-0.12659,0.654053,-0.745781,0
5450,1016,27,147,0,322,100,7062,-1000,-1000,-1,-1,-1,0
5680,791,26,127,0,310,70,7004,1654,8658,-0.0306118,0.207142,-0.977832,0
5385,646,24,104,0,228,54,6441,2061,8502,-0.042314,0.349941,-0.935816,0
5657,545,25,94,0,231,64,6616,3261,9877,-0.0181645,0.284741,-0.958433,0
5201,493,25,83,0,190,44,6036,2393,8429,-0.0299527,0.300868,-0.953195,0
5328,489,24,84,0,182,44,6151,2291,8442,-0.0846538,0.388122,-0.917712,0
5306,460,23,82,0,177,42,6090,1758,7848,-0.156326,0.243214,-0.957292,0
5352,459,33,79,0,167,41,6131,1141,7272,-0.147257,0.275875,-0.949847,0
5065,354,16,61,0,127,32,5655,641,6296,-0.152524,0.251277,-0.955822,0
3664,406,17,68,0,150,37,4342,624,4966,-0.106145,0.179963,-0.97793,0
5437,680,25,129,0,222,58,6551,1100,7651,-0.109514,0.178638,-0.977801,0
6298,735,26,121,0,243,62,7485,1201,8686,-0.0985822,0.17881,-0.978932,0
3812,603,18,88,0,179,45,4745,843,5588,-0.0615997,0.163017,-0.984698,0
6081,852,27,136,0,284,72,7452,1406,8858,-0.0385298,0.136539,-0.989885,0
6316,954,28,152,0,309,78,7837,1399,9236,-0.0424255,0.14102,-0.989097,0
5684,1005,26,157,0,338,86,7296,1346,8642,-0.0428344,0.132948,-0.990197,0
5765,1144,27,169,0,366,91,7562,1505,9067,-0.0524717,0.129028,-0.990252,0
5726,1299,48,184,0,405,101,7763,1396,9159,-0.0276105,0.105583,-0.994027,0
5778,1409,44,216,0,446,112,8005,1700,9705,-0.0102237,0.13062,-0.99138,0
6746,1582,27,218,0,475,134,9182,2275,11457,0.00110556,0.200022,-0.979791,0
5910,1737,26,265,0,510,128,8576,4405,12981,-0.0473676,0.22881,-0.972318,0
4307,1321,18,167,0,387,106,6306,2168,8474,0.0167395,-0.0211907,-0.999636,0
5942,2106,32,397,0,869,233,9579,3111,12690,0.0140825,0.0979617,-0.99509,0
6300,2148,26,272,0,685,159,9590,4283,13873,-0.0614715,0.113919,-0.991586,0
3161,1178,14,150,0,343,85,4931,1154,6085,-0.01754,0.0945594,-0.995365,0
6262,2231,27,287,0,703,166,9676,2649,12325,-0.0020662,0.090505,-0.995893,0
6045,2190,27,282,0,660,160,9364,2934,12298,0.00511136,0.081326,-0.996675,0
4241,1455,18,187,0,481,114,6496,2328,8824,0.0123679,0.0636382,-0.997896,0
5894,1863,25,247,0,583,143,8755,3576,12331,0.0140523,0.0710833,-0.997372,0
6244,2032,26,234,0,540,132,9208,3756,12964,0.0169595,0.089581,-0.995835,0
5694,1391,26,202,0,459,111,7883,2904,10787,0.0180353,0.078085,-0.996784,0
3010,600,14,89,0,209,49,3971,1913,5884,0.0163176,0.0687029,-0.997504,0
5888,1547,37,254,0,586,137,8449,5486,13935,0.00616726,0.0786356,-0.996884,0
2925,461,15,69,0,183,39,3692,2752,6444,0.000164491,0.0483092,-0.998833,0
6463,758,28,116,0,262,61,7688,5254,12942,0.00241478,0.0735525,-0.997288,0
5710,612,27,104,0,267,58,6778,3183,9961,-0.0184397,0.0227989,-0.99957,0
5419,562,25,117,0,219,51,6393,2045,8438,-0.0785387,0.100131,-0.99187,0
5358,543,26,91,0,208,46,6272,1448,7720,-0.126625,0.0903027,-0.987832,0
5342,511,26,87,0,200,45,6211,1228,7439,-0.135664,0.101815,-0.98551,0
5544,561,27,96,0,213,48,6489,1151,7640,-0.131502,0.156241,-0.978926,0
5459,607,25,100,0,229,53,6473,1205,7678,-0.121558,0.171785,-0.977606,0
5423,652,23,109,0,242,61,6510,1263,7773,-0.144725,0.16046,-0.976375,0
5505,694,22,110,0,243,58,6632,1428,8060,-0.160072,0.152853,-0.975199,0
5710,719,22,114,0,251,60,6876,1567,8443,-0.136675,0.210751,-0.967938,0
5526,740,21,113,0,250,60,6710,2206,8916,-0.152287,0.253044,-0.955394,0
5464,792,22,122,0,273,63,6736,1539,8275,-0.0276826,0.150602,-0.988207,0
3802,588,15,89,0,197,48,4739,940,5679,-0.0075504,0.225345,-0.97425,0
5600,970,29,159,0,315,79,7152,2239,9391,0.0134939,0.292179,-0.956268,0
5617,1085,24,161,0,391,95,7373,2028,9401,0.0174864,0.292229,-0.956189,0
5752,1276,25,185,0,398,99,7735,1517,9252,0.00219205,0.313045,-0.949736,0
5724,1521,25,204,0,451,113,8038,1666,9704,0.00850252,0.391806,-0.920008,0
5973,1877,28,237,0,520,130,8765,1783,10548,0.00626115,0.336984,-0.941489,0
5909,2095,28,254,0,577,144,9007,2386,11393,-0.011889,0.288809,-0.957313,0
5836,1909,29,245,0,545,135,8699,3075,11774,-0.0386763,0.301555,-0.952664,0
4022,1120,22,185,0,350,84,5783,3777,9560,-0.0518155,0.314876,-0.947718,0
5681,1471,31,198,0,437,106,7924,1734,9658,-0.0555582,0.364961,-0.929364,0
5673,1136,28,165,0,362,89,7453,-1000,-1000,-1,-1,-1,0
6563,1046,27,156,0,367,105,8264,2741,11005,-0.0309801,0.191399,-0.981023,0
5506,967,24,138,0,312,76,7023,4026,11049,-0.0497376,0.217716,-0.974744,0
5642,932,23,136,0,292,71,7096,3095,10191,-0.0621694,0.382098,-0.922028,0
5429,808,25,122,0,267,65,6716,1935,8651,-0.0968399,0.450738,-0.887388,0
5513,674,25,105,0,223,53,6593,-1000,-1000,-1,-1,-1,0
5307,514,26,95,0,225,50,6217,2394,8611,-0.0208686,0.314812,-0.948925,0
5274,522,26,86,0,208,47,6163,1771,7934,-0.0208323,0.291536,-0.956333,0
5228,463,25,79,0,173,42,6010,1743,7753,-0.0141323,0.207031,-0.978233,0
5308,476,25,80,0,171,41,6101,1667,7768,-0.144238,0.177599,-0.973475,0
5248,509,25,84,0,179,45,6090,1312,7402,-0.116982,0.197939,-0.973209,0
6131,620,28,107,0,217,54,7157,1301,8458,-0.113769,0.190903,-0.974994,0
5709,659,48,108,0,223,85,6832,1147,7979,-0.0847676,0.14393,-0.985951,0
6157,671,28,116,0,232,60,7264,1291,8555,-0.0915143,0.151142,-0.984267,0
5501,921,35,151,0,222,62,6892,1142,8034,-0.0585986,0.152039,-0.986636,0
6006,779,29,129,0,296,71,7310,1373,8683,-0.0687978,0.144532,-0.987106,0
6961,832,31,136,0,307,94,8361,1315,9676,-0.0689456,0.14042,-0.987689,0
6428,889,28,139,0,292,75,7851,1437,9288,-0.0453235,0.112515,-0.992616,0
6459,917,28,149,0,309,79,7941,1596,9537,-0.0246809,0.173191,-0.984579,0
7041,852,17,92,0,209,56,8267,1051,9318,-0.0102193,0.140187,-0.990072,0
2404,400,11,59,0,130,33,3037,682,3719,-0.0343696,0.100636,-0.99433,0
2298,396,11,59,0,129,32,2925,608,3533,-0.0173885,0.0720424,-0.99725,0
5519,1028,25,155,0,336,85,7148,1581,8729,-0.0298003,0.0805531,-0.996305,0
6185,1076,25,161,0,338,87,7872,1450,9322,-0.0186804,0.0952735,-0.995276,0
5575,1132,26,189,0,360,91,7373,1602,8975,-0.0260925,0.0788495,-0.996545,0
5810,1163,26,176,0,379,95,7649,1590,9239,-0.0343449,0.0911913,-0.995241,0
6463,1260,26,183,0,410,100,8442,1615,10057,-0.0370278,0.0949651,-0.994792,0
5914,1366,25,195,0,469,112,8081,1709,9790,-0.0408506,0.0926101,-0.994864,0
6549,1511,27,225,0,473,119,8904,1622,10526,-0.0457798,0.0780865,-0.995895,0
7683,1825,29,252,0,574,140,10503,1851,12354,-0.0402809,0.0846855,-0.995593,0
4403,1308,19,173,0,397,97,6397,1922,8319,-0.0593952,0.12158,-0.990803,0
7185,2185,28,247,0,570,138,10353,3786,14139,-0.0267835,0.0515274,-0.998312,0
6455,1456,16,182,0,429,104,8642,2371,11013,-0.025906,0.0562426,-0.998081,0
3799,1461,16,181,0,416,101,5974,2786,8760,-0.0431134,0.0651197,-0.996946,0
6763,2520,29,317,0,774,179,10582,3291,13873,-0.0113208,0.0766809,-0.996991,0
4112,1446,34,184,0,451,108,6335,2268,8603,-0.00170602,0.0588005,-0.998268,0
6080,2018,25,260,0,626,151,9160,3570,12730,0.0141933,0.0725865,-0.997261,0
4098,1257,23,160,0,382,92,6012,2532,8544,0.00895214,0.0944287,-0.995492,0
5780,1596,26,207,0,493,120,8222,3762,11984,-0.0024592,0.123192,-0.99238,0
6603,1247,27,182,0,425,101,8585,3707,12292,0.00642423,0.118577,-0.992924,0
5565,1059,29,156,0,380,89,7278,4966,12244,0.0313448,0.0675662,-0.997222,0
5181,833,26,143,0,290,68,6541,3801,10342,0.0888318,0.0821237,-0.992655,0
5825,840,28,128,0,306,90,7217,2425,9642,0.13826,0.0774605,-0.987362,0
5468,650,34,104,0,242,54,6552,1475,8027,0.161316,0.125753,-0.978858,0
6102,579,26,95,0,221,72,7095,1360,8455,0.140684,0.218406,-0.965664,0
5508,556,28,95,0,231,51,6469,1445,7914,0.16152,0.210227,-0.964218,0
3946,399,18,67,0,157,35,4622,937,5559,0.142698,0.141519,-0.979597,0
2877,315,42,53,0,118,27,3432,1440,4872,-0.0360721,-0.0888161,-0.995394,0
5383,617,23,123,0,241,71,6458,827,7285,-0.0859846,-0.0749191,-0.993476,0
6239,643,33,106,0,230,55,7306,893,8199,-0.0786808,0.0556205,-0.995347,0
5337,665,24,103,0,223,54,6406,832,7238,-0.0418684,0.199949,-0.978911,0
5797,672,22,109,0,257,61,6918,2116,9034,-0.0447442,0.120687,-0.991682,0
5393,808,24,156,0,380,96,6857,1956,8813,-0.0365462,0.155054,-0.98723,0
5455,821,24,128,0,280,70,6778,2310,9088,-0.0285919,0.189202,-0.981522,0
6961,951,25,146,0,316,79,8478,2454,10932,-0.0359704,0.209151,-0.977221,0
5735,1129,23,165,0,350,92,7494,2326,9820,-0.0157158,0.258057,-0.966002,0
6774,1317,24,188,0,423,103,8829,1832,10661,-0.0054058,0.338897,-0.940808,0
9049,2408,35,330,0,702,175,12699,1835,14534,0.0239272,0.42146,-0.906532,0
2093,675,10,85,0,189,49,3101,1114,4215,0.017942,0.255974,-0.966517,0
5362,1905,25,235,0,504,128,8159,2633,10792,0.0420609,0.311615,-0.949277,0
5841,1935,32,248,0,558,139,8753,3872,12625,-0.0931549,0.246961,-0.964537,0
5708,1805,28,235,0,516,131,8423,1701,10124,-0.0249454,0.318946,-0.947445,0
5654,1638,30,227,0,466,117,8132,-1000,-1000,-1,-1,-1,0
5661,1300,35,184,0,426,102,7708,3655,11363,0.0198775,0.251759,-0.967586,0
5580,1183,27,165,0,367,90,7412,-1000,-1000,-1,-1,-1,0
5488,965,26,154,0,314,77,7024,2303,9327,0.0270494,0.149437,-0.988401,0
3726,556,18,86,0,191,46,4623,1810,6433,0.0694505,0.257461,-0.96379,0
6096,668,26,119,0,239,59,7207,-1000,-1000,-1,-1,-1,0
5386,617,24,102,0,222,54,6405,2102,8507,0.00632406,0.234193,-0.97217,0
5590,549,25,96,0,203,49,6512,2263,8775,0.00757829,0.308001,-0.951356,0
5317,515,26,88,0,200,45,6191,2967,9158,-0.00455921,0.249084,-0.968471,0
5318,500,25,82,0,177,43,6145,1317,7462,-0.0615008,0.440342,-0.895722,0
5217,475,25,79,0,163,41,6000,3031,9031,-0.0372096,0.312597,-0.949157,0
5335,442,24,80,0,159,40,6080,2774,8854,-0.0674862,0.385445,-0.92026,0
5480,436,25,92,0,157,40,6230,1754,7984,-0.0483128,0.384357,-0.92192,0
5248,468,23,80,0,163,41,6023,1159,7182,-0.00126072,0.223283,-0.974753,0
5292,578,24,91,0,189,31,6205,658,6863,-0.00588127,0.261328,-0.965232,0
3662,377,16,63,0,144,49,4311,618,4929,-0.00295623,0.279834,-0.960044,0
5262,594,24,96,0,202,51,6229,996,7225,0.00294037,0.326245,-0.945281,0
5504,631,24,107,0,218,54,6538,1088,7626,0.00239851,0.393278,-0.919417,0
5395,724,26,111,0,226,57,6539,1637,8176,0.00832016,0.395394,-0.918474,0
5993,739,26,117,0,236,60,7171,2103,9274,-0.032605,0.449934,-0.892466,0
5487,824,25,121,0,269,66,6792,2193,8985,-0.041869,0.433884,-0.899996,0
4158,582,36,87,0,175,45,5083,1609,6692,-0.0707933,0.548088,-0.833419,0
5476,831,25,128,0,272,69,6801,1667,8468,-0.122116,0.103036,-0.987153,0
5633,874,25,136,0,283,77,7028,1179,8207,-0.119004,0.0709298,-0.990357,0
5441,925,41,141,0,298,75,6921,1163,8084,-0.0945035,0.0857164,-0.991827,0
6385,1131,28,168,0,353,114,8179,1598,9777,-0.0767094,0.0692791,-0.994644,0
6168,978,35,107,0,233,58,7579,1136,8715,-0.0838916,0.0727215,-0.993818,0
5219,1111,24,179,0,364,87,6984,1566,8550,-0.0712386,0.0791939,-0.99431,0
5772,1230,26,179,0,399,100,7706,1744,9450,-0.0678641,0.0986862,-0.992802,0
6497,1555,30,218,0,535,133,8968,1868,10836,-0.0618354,0.117112,-0.991192,0
6696,1668,32,266,0,535,144,9341,2186,11527,-0.0563976,0.10965,-0.992369,0
4452,1217,21,164,0,513,133,6500,1520,8020,-0.0642976,0.118613,-0.990857,0
6906,1940,31,264,0,680,211,10032,2231,12263,-0.0441867,0.112571,-0.992661,0
7205,2316,28,334,0,656,163,10702,3633,14335,-0.0519828,0.154707,-0.986592,0
4509,1634,20,208,0,505,122,6998,5977,12975,-0.081711,0.170566,-0.981953,0
2690,987,12,128,0,301,71,4189,1912,6101,0.000170183,0.0489642,-0.9988,0
6483,2308,25,284,0,689,164,9953,3575,13528,-0.00378648,0.076013,-0.9971,0
6430,2018,25,258,0,667,155,9553,3791,13344,-0.00376165,0.104385,-0.99453,0
4092,1237,17,160,0,396,92,5994,2802,8796,0.0142148,0.0927992,-0.995583,0
6770,1616,26,214,0,523,121,9270,4225,13495,0.0267202,0.140737,-0.989687,0
4576,932,20,129,0,316,81,6054,2851,8905,0.0122151,0.133267,-0.991005,0
7075,1652,36,219,0,475,144,9601,5306,14907,0.0340209,0.171791,-0.984546,0
4180,816,27,149,0,311,69,5552,4623,10175,-0.04494,0.134505,-0.989893,0
5045,843,49,125,0,340,72,6474,2397,8871,-0.092737,0.127524,-0.987491,0
5538,778,31,118,0,290,63,6818,1926,8744,-0.117201,0.128696,-0.984734,0
5732,659,28,107,0,259,55,6840,1910,8750,-0.140117,0.172986,-0.974907,0
5466,648,27,104,0,269,57,6571,2276,8847,-0.109429,0.0787279,-0.990872,0
5775,710,26,116,0,271,59,6957,1984,8941,-0.112833,0.102859,-0.988276,0
7369,763,26,118,0,297,64,8637,1948,10585,-0.155326,0.0739544,-0.985091,0
5473,828,23,123,0,282,66,6795,1613,8408,-0.146116,0.102504,-0.983943,0
6987,835,22,125,0,284,68,8321,1734,10055,-0.147221,0.114401,-0.982465,0
6261,944,24,142,0,317,77,7765,1453,9218,-0.0381147,0.234886,-0.971276,0
5726,632,16,95,0,204,51,6724,1037,7761,-0.0125815,0.23638,-0.971579,0
2386,429,10,63,0,140,34,3062,693,3755,-0.0616368,0.150413,-0.9867,0
2716,533,11,77,0,170,42,3549,636,4185,-0.0421552,0.0933318,-0.994742,0
5939,1317,23,195,0,413,105,7992,1322,9314,0.0453467,0.168426,-0.984671,0
5851,1592,24,212,0,654,181,8514,1549,10063,0.0836876,0.189996,-0.978212,0
5869,1984,25,287,0,544,137,8846,1059,9905,0.113808,0.205128,-0.972096,0
5850,2171,26,276,0,606,150,9079,1164,10243,0.287162,0.32535,-0.900936,0
5625,1646,19,198,0,446,111,8045,695,8740,0.213468,0.27346,-0.937897,0
2615,1004,13,124,0,297,71,4124,523,4647,0.171299,0.223069,-0.959634,0
2305,904,11,115,0,260,62,3657,640,4297,0.168185,0.202637,-0.964703,0
7000,2195,30,270,0,638,151,10284,2231,12515,0.267624,0.345288,-0.899529,0
5749,1458,21,179,0,415,109,7931,1376,9307,0.226682,0.295331,-0.928114,0
2310,682,10,87,0,205,48,3342,1092,4434,0.259794,0.307407,-0.915428,0
2646,723,12,91,0,227,51,3750,1158,4908,0.277481,0.346492,-0.896074,0
5720,1439,29,202,0,472,109,7971,3783,11754,0.300043,0.444932,-0.843807,0
6515,1315,51,186,0,453,100,8620,2364,10984,0.307814,0.543319,-0.78106,0
5637,1131,26,162,0,366,85,7407,-1000,-1000,-1,-1,-1,0
5915,1100,27,188,0,390,90,7710,5951,13661,0.0913555,0.202958,-0.974917,0
4960,867,26,127,0,297,69,6346,4193,10539,0.0912106,0.191894,-0.977168,0
4884,756,40,113,0,267,62,6122,1690,7812,0.0946498,0.289606,-0.952455,0
5665,751,28,121,0,271,62,6898,2665,9563,0.100888,0.356133,-0.928973,0
6750,704,59,114,0,244,56,7927,3197,11124,0.0905014,0.458283,-0.884187,0
8247,575,22,101,0,240,53,9238,2093,11331,0.108518,0.263365,-0.958573,0
3280,300,13,49,0,110,25,3777,892,4669,0.0153389,0.267628,-0.9634,0
5339,496,24,85,0,199,44,6187,1908,8095,0.031666,0.114203,-0.992953,0
5584,461,23,97,0,185,43,6393,951,7344,0.0183217,0.193457,-0.980938,0
5462,558,26,83,0,203,46,6378,1122,7500,0.0085869,0.200002,-0.979758,0
5233,438,23,78,0,181,41,5994,1169,7163,0.0271944,0.147167,-0.988738,0
5307,453,24,79,0,188,45,6096,1415,7511,0.0173871,0.239061,-0.970849,0
5276,455,42,80,0,177,41,6071,1386,7457,0.0298263,0.140524,-0.989628,0
5537,466,25,83,0,183,43,6337,1672,8009,0.0105719,0.210928,-0.977445,0
5525,525,25,86,0,192,44,6397,2040,8437,-0.0451633,0.200152,-0.978723,0
5399,536,26,90,0,193,45,6289,1204,7493,0.0163155,0.243822,-0.969683,0
5605,601,25,120,0,198,51,6600,1568,8168,0.0345149,0.16907,-0.985,0
2776,240,10,39,0,84,20,3169,496,3665,-0.0236772,0.158904,-0.98701,0
4077,454,44,77,0,157,38,4847,1269,6116,0.012039,0.237804,-0.971239,0
5469,706,27,113,0,264,61,6640,2044,8684,0.0429011,0.22604,-0.973173,0
5377,800,26,122,0,262,64,6651,2128,8779,0.0522411,0.170642,-0.983947,0
5711,859,26,133,0,291,71,7091,2575,9666,0.0279357,0.161851,-0.98642,0
5609,986,32,158,0,318,80,7183,2756,9939,-0.0249217,0.178175,-0.983683,0
5956,1076,27,172,0,351,88,7670,1653,9323,-0.0381468,0.202726,-0.978492,0
6140,1215,26,176,0,379,96,8032,1553,9585,-0.0482622,0.244529,-0.96844,0
5784,1390,29,194,0,442,105,7944,1514,9458,-0.0677942,0.276993,-0.958478,0
5919,1485,30,207,0,453,115,8209,1420,9629,-0.0912695,0.329929,-0.939583,0
5981,1665,29,227,0,499,124,8525,1568,10093,-0.113827,0.365032,-0.92401,0
5882,1840,20,169,0,376,94,8381,913,9294,-0.138558,0.39843,-0.906673,0
6202,1860,31,251,0,522,130,8996,1902,10898,0.0127477,0.108897,-0.993971,0
5474,2068,24,255,0,578,142,8541,1875,10416,0.0251064,0.123231,-0.99206,0
6407,2428,26,302,0,693,172,10028,2049,12077,-0.00251859,0.106916,-0.994265,0
6390,2814,29,358,0,768,201,10560,3575,14135,0.0302005,0.115479,-0.992851,0
4260,1944,18,228,0,529,128,7107,1613,8720,0.029826,0.0873293,-0.995733,0
6128,2895,27,333,0,821,192,10396,2444,12840,-0.00667371,0.0807633,-0.996711,0
6246,2693,27,337,0,799,193,10295,3015,13310,-0.0399569,0.0709883,-0.996676,0
4263,1848,19,227,0,569,132,7058,2533,9591,-0.0375186,0.0672094,-0.997033,0
6166,2477,28,312,0,748,180,9911,3784,13695,-0.0344951,0.0857556,-0.995719,0
4074,1622,19,199,0,480,115,6509,2684,9193,-0.0351675,0.0825064,-0.99597,0
5963,2174,26,276,0,691,162,9292,4066,13358,-0.0254334,0.083183,-0.99621,0
6707,2269,27,256,0,611,163,10033,4147,14180,-0.0363876,0.0896549,-0.995308,0
4122,1304,19,162,0,391,93,6091,2849,8940,-0.0263207,0.0736764,-0.996935,0
5831,1563,27,209,0,564,123,8317,4041,12358,-0.0545502,0.0842661,-0.994949,0
5690,1328,27,183,0,448,104,7780,4850,12630,-0.0219595,0.0800679,-0.996548,0
5196,1014,25,157,0,370,85,6847,3987,10834,0.0284984,0.0917446,-0.995375,0
5598,968,38,188,0,386,87,7265,2867,10132,0.0315971,0.0680646,-0.997181,0
5845,878,28,136,0,331,85,7303,2928,10231,0.0277169,0.0717135,-0.997041,0
6015,880,29,131,0,301,69,7425,2473,9898,0.0219006,0.108525,-0.993853,0
5614,810,30,124,0,287,65,6930,2134,9064,0.0217627,0.0922098,-0.995502,0
5500,815,29,123,0,292,64,6823,1886,8709,0.0345147,0.0651562,-0.997278,0
5699,811,29,126,0,279,65,7009,1643,8652,0.0341841,0.0948406,-0.994905,0
5564,826,29,128,0,286,68,6901,1670,8571,0.0161635,0.105802,-0.994256,0
7177,886,26,137,0,317,103,8646,2065,10711,-0.000368428,0.0840456,-0.996462,0
5652,1022,30,145,0,324,79,7252,1940,9192,-0.086334,0.0402854,-0.995452,0
5603,1104,26,157,0,347,85,7322,1564,8886,-0.123016,0.0817217,-0.989034,0
3891,800,16,120,0,248,62,5137,890,6027,-0.0822712,0.0481474,-0.995446,0
6027,1299,24,179,0,394,100,8023,1376,9399,-0.186077,0.112496,-0.976074,0
5811,1409,24,195,0,423,109,7971,1258,9229,-0.201908,0.065378,-0.97722,0
5746,1521,24,218,0,478,118,8105,1031,9136,-0.195261,0.088748,-0.976728,0
6054,1625,25,219,0,489,123,8535,1259,9794,-0.227366,0.114373,-0.96707,0
6379,1815,25,233,0,525,132,9109,1154,10263,-0.262895,0.131629,-0.955803,0
5913,1957,25,251,0,568,140,8854,1096,9950,-0.257645,0.11811,-0.958994,0
5722,1930,24,239,0,560,135,8610,980,9590,-0.244444,0.137183,-0.959911,0
5949,2361,27,283,0,634,156,9410,1157,10567,-0.239197,0.157199,-0.958162,0
6203,2572,27,307,0,764,178,10051,1579,11630,-0.238268,0.149238,-0.959665,0
5998,2768,30,327,0,736,181,10040,1741,11781,-0.219049,0.12906,-0.967141,0
6054,2630,31,318,0,724,199,9956,1430,11386,-0.246678,0.104121,-0.963488,0
6127,2632,30,316,0,702,174,9981,1073,11054,-0.248662,0.10148,-0.96326,0
5544,2495,28,298,0,667,180,9212,1393,10605,-0.280762,0.0786609,-0.956548,0
6386,3115,30,357,0,809,210,10907,1358,12265,-0.256015,0.0518259,-0.965283,0
4274,2237,21,295,0,581,149,7557,845,8402,-0.253643,0.0248672,-0.966978,0
6308,3295,28,380,0,833,214,11058,1502,12560,-0.226124,0.0225562,-0.973837,0
6484,3299,29,377,0,870,218,11277,918,12195,-0.266326,0.00485142,-0.963871,0
4376,2163,20,256,0,537,143,7495,509,8004,-0.191807,-0.00232587,-0.98143,0
6308,2926,28,357,0,737,211,10567,780,11347,-0.175889,4.96666e-05,-0.98441,0
6120,2767,28,341,0,702,194,10152,957,11109,-0.15867,-0.00725855,-0.987305,0
6040,2663,27,326,0,675,182,9913,956,10869,-0.150017,-0.00978964,-0.988635,0
6080,2557,28,312,0,636,173,9786,942,10728,-0.185509,-0.0216254,-0.982405,0
5944,2367,28,292,0,601,163,9395,862,10257,-0.248001,-0.0676348,-0.966396,0
3543,1083,15,139,0,285,78,5143,479,5622,-0.149232,-0.0183958,-0.988631,0
6223,1879,47,307,0,506,138,9100,951,10051,-0.216651,-0.0818199,-0.972815,0
5883,1109,19,150,0,306,85,7552,722,8274,-0.187678,-0.0733346,-0.979489,0
3053,888,15,108,0,214,59,4337,545,4882,-0.174811,-0.0677563,-0.982268,0
5630,1477,35,270,0,573,152,8137,1159,9296,-0.148494,-0.069064,-0.986498,0
5933,1387,26,191,0,392,128,8057,1181,9238,-0.118342,-0.0539797,-0.991505,0
5588,1214,26,171,0,346,95,7440,1056,8496,-0.101323,-0.0438121,-0.993888,0
5753,1139,27,167,0,341,89,7516,1150,8666,-0.0871049,-0.0490711,-0.99499,0
6379,1136,31,169,0,342,92,8149,1282,9431,-0.0848268,-0.0414936,-0.995531,0
6426,1058,29,158,0,319,83,8073,1271,9344,-0.0999424,-0.0488017,-0.993796,0
5600,824,54,124,0,266,67,6935,904,7839,-0.0695071,-0.0547522,-0.996078,0
4880,663,22,108,0,220,56,5949,834,6783,-0.0723347,-0.0590103,-0.995633,0
5380,669,26,109,0,252,59,6495,1240,7735,-0.0751317,-0.0578969,-0.995492,0
5950,781,39,127,0,257,62,7216,1494,8710,-0.0803201,-0.102055,-0.991531,0
6127,720,30,119,0,258,62,7316,1551,8867,-0.0706773,-0.109686,-0.99145,0
5856,780,28,122,0,270,64,7120,1944,9064,-0.0651838,-0.110922,-0.991689,0
6360,699,26,115,0,256,59,7515,1832,9347,-0.0149458,-0.120025,-0.992658,0
5937,774,26,125,0,276,65,7203,1473,8676,-0.0821275,-0.218847,-0.972297,0
5586,776,19,92,0,209,50,6732,1152,7884,-0.0278077,-0.146005,-0.988893,0
3069,533,14,80,0,176,43,3915,965,4880,-0.00147155,-0.0919084,-0.995766,0
3351,657,16,97,0,217,54,4392,1222,5614,0.00781286,-0.093056,-0.99563,0
5724,1309,26,183,0,397,100,7739,2443,10182,-0.00769883,-0.1039,-0.994558,0
5669,1358,26,191,0,430,108,7782,2277,10059,0.00990515,-0.126491,-0.991918,0
5780,1504,27,209,0,502,118,8140,2176,10316,0.0312791,-0.114045,-0.992983,0
6214,2001,30,227,0,499,122,9093,2285,11378,0.0394476,-0.100938,-0.99411,0
5892,1694,26,231,0,531,129,8503,2236,10739,0.0109529,-0.115674,-0.993227,0
4198,1324,18,193,0,393,97,6223,1952,8175,0.0216234,-0.0925419,-0.995474,0
5891,2090,27,265,0,610,151,9034,3050,12084,0.0358793,-0.0729799,-0.996688,0
6092,2057,26,265,0,661,159,9260,2985,12245,-0.024229,-0.0928986,-0.995381,0
4189,1346,18,181,0,428,102,6264,2415,8679,-0.0201717,-0.0616212,-0.997896,0
6086,1827,26,242,0,597,141,8919,3324,12243,-0.0393839,-0.0968877,-0.994516,0
6157,1617,35,224,0,540,150,8723,3413,12136,-0.0488637,-0.105241,-0.993246,0
5743,1401,28,194,0,462,110,7938,3761,11699,-0.0326661,-0.118234,-0.992448,0
5721,1136,27,174,0,397,92,7547,3416,10963,-0.0309694,-0.14379,-0.989123,0
5511,995,28,146,0,334,79,7093,2910,10003,-0.0187328,-0.134764,-0.9907,0
5513,786,27,125,0,287,68,6806,2480,9286,-0.0263908,-0.252836,-0.967149,0
4962,442,34,69,0,163,38,5708,1470,7178,-0.0227996,-0.21695,-0.975917,0
2294,227,12,43,0,87,20,2683,785,3468,0.00157161,-0.10725,-0.994231,0
2947,296,16,49,0,115,26,3449,1081,4530,-0.0342214,-0.161792,-0.986231,0
5358,542,25,90,0,208,48,6271,1884,8155,-0.00860644,-0.143758,-0.989575,0
5356,593,24,96,0,222,51,6342,2060,8402,0.067167,-0.163922,-0.984184,0
5436,625,22,101,0,234,55,6473,1494,7967,0.0378818,-0.175558,-0.98374,0
5459,710,22,110,0,248,59,6608,2290,8898,0.0538364,-0.165358,-0.984763,0
5534,735,40,115,0,256,62,6742,1645,8387,0.0698422,-0.204155,-0.976444,0
5767,769,23,123,0,263,64,7009,1204,8213,0.04445,-0.34568,-0.937299,0
5450,799,22,125,0,275,69,6740,1133,7873,0.0181278,-0.48451,-0.874598,0
5534,902,23,136,0,302,75,6972,1239,8211,0.00195484,-0.583094,-0.812403,0
4843,958,16,111,0,230,57,6215,714,6929,-0.0521654,-0.298414,-0.95301,0
2773,606,12,86,0,224,63,3764,932,4696,-0.0596272,-0.404941,-0.912397,0
5902,1463,25,203,0,478,165,8236,1618,9854,-0.0355152,-0.352108,-0.935286,0
5726,1625,26,248,0,731,160,8516,5742,14258,-0.0333168,-0.315975,-0.948182,0
3134,928,17,131,0,275,69,4554,2078,6632,-0.0215203,-0.421476,-0.906584,0
5718,1659,45,223,0,495,123,8263,4616,12879,-0.0189526,-0.522528,-0.852412,0
5723,1483,29,208,0,467,115,8025,-1000,-1000,-1,-1,-1,0
3071,706,16,104,0,223,53,4173,3304,7477,-0.00717246,-0.256215,-0.966593,0
5578,1053,29,169,0,382,90,7301,2114,9415,0.00500535,-0.395994,-0.918239,0
5519,954,27,140,0,318,75,7033,1720,8753,0.0357919,-0.507997,-0.860615,0
5537,798,25,125,0,282,65,6832,1494,8326,0.0977401,-0.631074,-0.769541,0
5412,702,27,110,0,260,59,6570,4770,11340,0.142776,-0.67038,-0.728153,0
5560,669,25,104,0,235,53,6646,-1000,-1000,-1,-1,-1,0
5368,609,23,97,0,224,51,6372,2160,8532,-0.0427578,-0.285104,-0.957543,0
5619,547,25,93,0,206,47,6537,1668,8205,-0.00792557,-0.467743,-0.883829,0
5438,533,26,91,0,197,47,6332,1366,7698,-0.0336065,-0.437294,-0.89869,0
5248,529,25,89,0,192,48,6131,1602,7733,-0.0116985,-0.487281,-0.873167,0
5269,514,25,85,0,177,43,6113,1293,7406,0.0173792,-0.226623,-0.973828,0
5353,529,25,90,0,181,46,6224,1477,7701,0.0498859,-0.291206,-0.955359,0
5285,565,25,97,0,194,51,6217,1633,7850,0.0601377,-0.2223,-0.973122,0
5468,656,26,109,0,224,58,6541,1378,7919,0.0351939,-0.186501,-0.981824,0
5476,728,27,115,0,234,61,6641,1704,8345,0.0359385,-0.159044,-0.986617,0
5614,810,27,127,0,263,67,6908,1745,8653,0.0303589,-0.171128,-0.984781,0
5547,888,26,135,0,289,74,6959,1509,8468,0.034488,-0.179013,-0.983242,0
5566,982,27,147,0,316,80,7118,1694,8812,0.0473605,-0.164842,-0.985183,0
5680,1113,27,166,0,351,104,7441,1499,8940,0.0316756,-0.159679,-0.98666,0
5854,1257,28,181,0,405,98,7823,1343,9166,0.020182,-0.186627,-0.982224,0
5822,1433,29,199,0,435,110,8028,1061,9089,-0.00537838,-0.228429,-0.973546,0
5907,1561,29,240,0,469,118,8324,1094,9418,-0.0791556,-0.338319,-0.937696,0
5793,1694,25,230,0,535,130,8407,1932,10339,-0.0620389,-0.368814,-0.927431,0
6337,1942,26,251,0,579,140,9275,1918,11193,-0.0418873,-0.530105,-0.846897,0
6049,2111,27,266,0,603,150,9206,1955,11161,0.192967,-0.102656,-0.975821,0
4165,1572,19,203,0,445,109,6513,1704,8217,0.0413149,-0.143999,-0.988715,0
6000,2072,27,316,0,653,176,9244,3064,12308,0.0242482,-0.158427,-0.987073,0
6154,2031,26,289,0,637,152,9289,3681,12970,0.00460249,-0.112476,-0.993644,0
6109,1966,28,253,0,617,148,9121,3729,12850,0.0333972,-0.234246,-0.971604,0
5370,1296,20,155,0,430,91,7362,2382,9744,0.0258498,-0.193259,-0.980807,0
2409,468,10,65,0,154,36,3142,1219,4361,0.0197424,-0.124323,-0.992046,0
1716,290,10,43,0,102,24,2185,887,3072,0.0153397,-0.0762695,-0.996969,0
5505,739,28,116,0,263,63,6714,2462,9176,-0.00267211,-0.111229,-0.993791,0
2091,225,11,39,0,83,19,2468,836,3304,0.0543008,-0.0248121,-0.998216,0
5489,608,34,141,0,257,49,6578,1777,8355,0.0593114,-0.133436,-0.989281,0
5574,545,34,119,0,192,47,6511,1688,8199,0.0333239,-0.169397,-0.984984,0
5444,552,26,96,0,205,49,6372,1749,8121,0.0997058,-0.166658,-0.980961,0
5460,576,21,99,0,216,51,6423,1455,7878,0.0825267,-0.180211,-0.98016,0
5446,640,23,108,0,220,53,6490,1417,7907,0.070766,-0.192286,-0.978784,0
5804,660,24,133,0,229,58,6908,1519,8427,0.027314,-0.212424,-0.976796,0
5915,670,22,109,0,238,59,7013,1400,8413,-0.00886734,-0.492676,-0.870168,0
5497,751,22,120,0,250,63,6703,1433,8136,-0.0200519,-0.567831,-0.822901,0
3893,543,16,86,0,189,48,4775,777,5552,-0.0188369,-0.261767,-0.964947,0
6054,957,23,144,0,310,78,7566,1788,9354,-0.073428,-0.165468,-0.983478,0
5676,1130,23,164,0,354,89,7436,1918,9354,-0.0387715,-0.0370167,-0.998562,0
5626,1308,24,182,0,429,119,7688,1645,9333,-0.0580616,-0.177158,-0.982469,0
5821,1474,25,203,0,438,113,8074,1748,9822,-0.0476529,-0.206796,-0.977223,0
5781,1642,28,225,0,515,129,8320,2445,10765,-0.045735,-0.276014,-0.960065,0
6126,1891,33,259,0,568,138,9015,2243,11258,-0.0332839,-0.26643,-0.963279,0
5851,1904,29,246,0,433,91,8554,1789,10343,-0.0328725,-0.264501,-0.963825,0
4182,1168,20,153,0,356,86,5965,1753,7718,-0.0289268,-0.234619,-0.971657,0
6561,1634,31,217,0,475,129,9047,1605,10652,-0.0308892,-0.272146,-0.96176,0
5767,1490,30,197,0,440,107,8031,1947,9978,0.0124917,-0.336584,-0.941571,0
5413,1086,28,186,0,332,103,7148,1592,8740,0.033997,-0.437679,-0.898488,0
5791,960,26,140,0,299,73,7289,1590,8879,0.0584036,-0.554592,-0.830071,0
6233,1129,55,162,0,345,86,8010,1845,9855,0.0800389,-0.690307,-0.719076,0
4279,567,19,87,0,211,49,5212,1886,7098,0.0645573,-0.697462,-0.713708,0
6651,991,34,126,0,271,63,8136,-1000,-1000,-1,-1,-1,0
5287,638,25,103,0,227,53,6333,2763,9096,-0.081299,-0.120448,-0.989385,0
3682,416,17,67,0,177,39,4398,1166,5564,-0.0142722,-0.413174,-0.91054,0
5916,708,27,113,0,245,57,7066,1795,8861,-0.0124319,-0.489809,-0.871741,0
5355,581,24,94,0,229,50,6333,1461,7794,-0.00337576,-0.515435,-0.856922,0
5220,542,25,91,0,199,47,6124,2330,8454,0.00907419,-0.582968,-0.812444,0
5434,520,24,91,0,213,50,6332,1956,8288,0.0311519,-0.604956,-0.795649,0
5576,492,23,93,0,181,41,6406,2045,8451,0.00279923,-0.612512,-0.790456,0
5400,478,24,84,0,180,43,6209,2783,8992,0.012439,-0.579668,-0.814758,0
5249,539,25,92,0,198,50,6153,3087,9240,-0.0088578,-0.484933,-0.874507,0
5334,660,32,131,0,250,67,6474,1941,8415,0.0226275,-0.295583,-0.955049,0
5552,677,26,110,0,229,57,6651,1544,8195,0.0133636,-0.219927,-0.975425,0
5621,778,27,124,0,262,68,6880,1558,8438,0.0293406,-0.215168,-0.976137,0
5749,824,31,180,0,278,74,7136,1855,8991,0.0147508,-0.208405,-0.977932,0
5897,874,40,139,0,320,79,7349,1681,9030,-0.00364348,-0.221965,-0.975048,0
4034,773,25,158,0,296,49,5335,887,6222,0.00869599,-0.202828,-0.979176,0
2527,476,13,71,0,143,35,3265,708,3973,0.00854712,-0.180088,-0.983614,0
5947,1148,27,171,0,360,90,7743,1674,9417,0.0100309,-0.241582,-0.970329,0
5905,1212,26,177,0,435,101,7856,1643,9499,0.0332304,-0.227414,-0.973231,0
5680,1395,34,217,0,505,112,7943,1309,9252,0.0289924,-0.286393,-0.957674,0
5688,1509,28,294,0,462,121,8102,2074,10176,-0.0094951,-0.387106,-0.921987,0
5697,1619,27,222,0,493,122,8180,2131,10311,0.0371147,-0.509412,-0.859722,0
5979,1742,27,237,0,519,130,8634,1546,10180,0.109204,0.403375,-0.908495,0
5824,2014,28,272,0,675,203,9016,3225,12241,0.0628569,0.249284,-0.966388,0
5966,2242,28,278,0,619,155,9288,2399,11687,0.0316836,0.149226,-0.988295,0
4102,1561,40,207,0,451,114,6475,1548,8023,-0.00219683,-0.154812,-0.987942,0
6802,2574,26,293,0,667,180,10542,2465,13007,-0.00576006,-0.214969,-0.976604,0
5603,1542,18,195,0,510,117,7985,2205,10190,0.00364127,-0.166307,-0.986067,0
2497,865,10,115,0,270,66,3823,1496,5319,-0.00708201,-0.0875451,-0.996135,0
1992,658,9,85,0,261,76,3081,1447,4528,0.00449115,-0.077185,-0.997007,0
5907,1705,27,230,0,518,130,8517,4354,12871,0.0161684,-0.109942,-0.993806,0
5670,1422,28,198,0,477,114,7909,3770,11679,-0.00061704,-0.101362,-0.994849,0
5598,1276,28,183,0,397,98,7580,3258,10838,-0.00292331,-0.0904944,-0.995893,0
5498,996,27,146,0,355,83,7105,2556,9661,0.0155367,-0.0900146,-0.995819,0
5538,762,26,119,0,362,83,6890,2303,9193,0.0303028,-0.0933349,-0.995174,0
6222,628,27,110,0,243,58,7288,2041,9329,0.0179819,-0.119601,-0.992659,0
5486,481,27,84,0,185,44,6307,1648,7955,0.0108551,-0.129588,-0.991509,0
5428,416,26,75,0,167,38,6150,1568,7718,-0.0137507,-0.116003,-0.993154,0
5405,502,26,108,0,174,42,6257,1431,7688,0.00481451,-0.142404,-0.989797,0
5960,469,25,81,0,185,43,6763,1255,8018,0.0120754,-0.0944411,-0.995457,0
5451,511,24,90,0,194,46,6316,1419,7735,0.0171016,-0.154005,-0.987922,0
5438,543,23,90,0,204,49,6347,1450,7797,0.0428394,-0.183951,-0.982002,0
6172,743,26,123,0,302,69,7435,2033,9468,-0.00569486,-0.110529,-0.993856,0
6111,616,22,115,0,272,59,7195,1176,8371,0.0244363,-0.197341,-0.98003,0
3741,445,15,74,0,159,39,4473,950,5423,0.0128194,-0.125467,-0.992015,0
6132,838,24,128,0,271,68,7461,1234,8695,-0.00185324,-0.143934,-0.989586,0
6085,887,25,141,0,297,75,7510,1278,8788,-0.0183478,-0.148665,-0.988718,0
6154,1120,27,160,0,344,86,7891,1312,9203,-0.0221448,-0.153592,-0.987886,0
6597,1282,27,188,0,443,104,8641,1277,9918,-0.00496748,-0.159951,-0.987112,0
4219,1096,18,146,0,333,83,5895,1177,7072,-0.0253092,-0.161291,-0.986582,0
6600,1859,30,252,0,574,143,9458,2836,12294,-0.0235112,-0.256011,-0.966388,0
5758,1909,28,251,0,546,139,8631,2727,11358,-0.0244077,-0.242128,-0.969937,0
5193,1752,47,239,0,498,127,7856,2119,9975,-0.00258936,-0.291706,-0.956505,0
5305,1808,45,215,0,463,114,7950,2615,10565,-0.00469968,-0.308728,-0.951139,0
5826,1552,29,206,0,467,114,8194,3682,11876,-0.0304434,-0.307877,-0.950939,0
5738,1330,28,184,0,420,101,7801,3693,11494,-0.0225557,-0.278499,-0.960172,0
2954,601,16,85,0,195,46,3897,1641,5538,0.00241163,-0.290426,-0.956895,0
5556,953,28,140,0,332,77,7086,1558,8644,0.0864285,-0.465903,-0.880605,0
5522,885,34,135,0,358,80,7014,3060,10074,0.113279,-0.513657,-0.850485,0
5324,842,27,125,0,286,67,6671,1208,7879,0.137563,-0.54596,-0.82644,0
5776,819,26,122,0,280,66,7089,1217,8306,0.179978,-0.612159,-0.76998,0
5340,767,27,124,0,267,62,6587,-1000,-1000,-1,-1,-1,0
5454,728,34,116,0,258,60,6650,2097,8747,-0.0905541,-0.122437,-0.988337,0
5294,714,29,110,0,255,58,6460,1002,7462,0.0300773,-0.240208,-0.970255,0
5405,702,25,112,0,293,65,6602,1048,7650,0.0876237,-0.177872,-0.980145,0
5385,710,25,110,0,253,58,6541,1868,8409,0.110767,-0.219374,-0.969333,0
5386,722,30,138,0,269,60,6605,1963,8568,0.00993335,-0.112758,-0.993573,0
5378,726,26,112,0,250,58,6550,1332,7882,0.0878703,-0.212314,-0.973243,0
5466,686,24,108,0,299,80,6663,1676,8339,0.0450914,-0.185277,-0.981651,0
5370,638,23,105,0,236,56,6428,1747,8175,0.0594217,-0.212343,-0.975387,0
5648,609,24,101,0,232,53,6667,1937,8604,0.0399883,-0.166182,-0.985284,0
5325,624,31,101,0,204,50,6335,1781,8116,0.0183712,-0.28575,-0.958128,0
5313,550,23,104,0,193,47,6230,2014,8244,-0.034502,-0.175463,-0.983881,0
5320,527,23,92,0,189,47,6198,1252,7450,0.00161325,-0.195766,-0.98065,0
5349,574,24,97,0,211,53,6308,1484,7792,0.00449421,-0.242358,-0.970177,0
5280,645,24,105,0,266,61,6381,1376,7757,-0.0156354,-0.173491,-0.984711,0
5471,703,24,116,0,232,59,6605,1713,8318,0.00905141,-0.170522,-0.985312,0
5508,772,25,121,0,257,69,6752,1539,8291,0.0215628,-0.173302,-0.984633,0
5736,878,25,132,0,273,70,7114,1629,8743,0.0203261,-0.159592,-0.986974,0
5448,893,23,135,0,305,75,6879,1424,8303,0.00814325,-0.159778,-0.98712,0
5561,1058,27,156,0,324,126,7252,1590,8842,0.00605149,-0.184081,-0.982892,0
5617,1158,25,171,0,362,97,7430,1420,8850,-0.00258376,-0.174666,-0.984624,0
5816,1313,27,191,0,404,101,7852,1405,9257,-0.0166473,-0.202235,-0.979195,0
5631,1448,26,215,0,448,113,7881,1068,8949,-0.0511777,-0.161393,-0.985563,0
5874,1571,32,216,0,471,119,8283,1157,9440,-0.0589172,-0.182929,-0.981359,0
5916,1699,25,280,0,515,132,8567,1382,9949,0.00779753,-0.130562,-0.99141,0
5829,1843,27,248,0,554,137,8638,3926,12564,-0.00438688,-0.193453,-0.9811,0
5920,1997,27,283,0,581,145,8953,3104,12057,0.0143723,-0.240858,-0.970454,0
6062,2140,49,272,0,656,166,9345,-1000,-1000,-1,-1,-1,0
6027,2330,44,284,0,663,166,9514,2897,12411,0.00784044,-0.115353,-0.993294,0
6177,2414,32,294,0,666,165,9748,4304,14052,0.00850086,-0.125507,-0.992057,0
6138,2326,27,308,0,684,191,9674,2259,11933,0.0170757,-0.109784,-0.993809,0
4172,1605,19,209,0,470,114,6589,2529,9118,0.00546973,-0.0994555,-0.995027,0
5918,2018,26,271,0,630,153,9016,3883,12899,-0.00215989,-0.0962285,-0.995357,0
5878,1879,26,247,0,578,141,8749,3997,12746,0.00321339,-0.111028,-0.993812,0
4052,1165,19,157,0,396,127,5916,2820,8736,0.0104113,-0.0860797,-0.996234,0
5838,1557,26,205,0,478,116,8220,5146,13366,0.0348226,-0.0939588,-0.994967,0
3192,678,15,98,0,226,54,4263,2093,6356,0.0314668,-0.0848209,-0.995899,0
5711,1209,29,166,0,430,100,7645,3694,11339,0.0344578,-0.0826784,-0.99598,0
5572,948,27,142,0,343,80,7112,3413,10525,0.0447798,-0.140793,-0.989026,0
5504,565,23,90,0,201,47,6430,2090,8520,0.0350896,-0.081947,-0.996019,0
2779,338,14,53,0,146,31,3361,1418,4779,-0.0137567,-0.0516409,-0.998571,0
5265,561,27,91,0,209,47,6200,1812,8012,-0.0229978,-0.0605187,-0.997902,0
5310,507,30,109,0,187,71,6214,1711,7925,-0.0395268,-0.0530074,-0.997811,0
5391,521,27,83,0,183,41,6246,1365,7611,-0.0115433,-0.0869787,-0.996143,0
5370,512,26,83,0,229,49,6269,1645,7914,-0.0154145,-0.082478,-0.996474,0
6137,486,26,87,0,256,51,7043,1590,8633,-0.00197798,-0.133045,-0.991108,0
5453,615,25,95,0,224,72,6484,1962,8446,-0.00965529,-0.094724,-0.995457,0
5431,610,23,101,0,262,56,6483,1598,8081,-0.0268623,-0.0451339,-0.99862,0
5384,662,23,104,0,230,55,6458,1524,7982,-0.0954339,-0.103111,-0.990081,0
5467,694,23,140,0,242,60,6626,1208,7834,-0.112969,-0.141158,-0.983521,0
5892,645,20,105,0,227,55,6944,1242,8186,-0.147498,-0.155149,-0.976818,0
5558,895,22,128,0,323,71,6997,1359,8356,-0.173732,-0.208274,-0.962517,0
5679,928,25,138,0,306,75,7151,1497,8648,-0.0616123,-0.0838621,-0.994571,0
5615,1125,28,164,0,357,90,7379,2076,9455,-0.0552971,-0.195654,-0.979113,0
5694,1356,25,187,0,411,107,7780,2295,10075,-0.0433712,-0.204044,-0.978001,0
5869,1577,26,215,0,458,118,8263,2051,10314,-0.0401842,-0.370158,-0.9281,0
5812,1836,26,240,0,517,133,8564,3517,12081,-0.0221889,-0.340445,-0.940003,0
5904,1920,28,255,0,576,142,8825,2496,11321,0.0259806,-0.291381,-0.956254,0
5231,1714,26,220,0,502,125,7818,3655,11473,-0.0801702,-0.318913,-0.944387,0
5289,1467,28,213,0,462,111,7570,4958,12528,-0.0285616,-0.419726,-0.907201,0
4637,1293,24,168,0,379,92,6593,5458,12051,0.00430062,-0.492574,-0.87026,0
5721,1381,31,193,0,450,105,7881,5331,13212,-0.0949469,-0.299732,-0.949287,0
5589,1083,29,158,0,377,87,7323,1940,9263,-0.0496373,-0.368742,-0.928206,0
5596,898,28,136,0,296,70,7024,1773,8797,-0.00162305,-0.489152,-0.872197,0
5421,714,28,112,0,256,59,6590,1857,8447,0.0909268,-0.564018,-0.820742,0
5401,628,27,105,0,261,56,6478,2103,8581,0.10477,-0.654842,-0.748468,0
5262,556,25,94,0,214,49,6200,-1000,-1000,-1,-1,-1,0
5640,591,25,100,0,236,53,6645,3025,9670,0.0787039,-0.353375,-0.932165,0
5356,549,26,118,0,212,49,6310,6393,12703,-0.00964236,-0.278973,-0.960251,0
5383,505,24,89,0,225,48,6274,3850,10124,-0.0352266,-0.235349,-0.971272,0
5568,492,33,90,0,190,44,6417,3718,10135,-0.0552375,-0.345024,-0.936967,0
5271,488,25,81,0,235,61,6161,2647,8808,-0.048895,-0.324057,-0.944773,0
2919,241,13,43,0,90,22,3328,971,4299,-0.0462086,-0.310114,-0.949576,0
2213,206,10,34,0,75,18,2556,617,3173,-0.079616,-0.142362,-0.986607,0
5303,535,24,91,0,186,48,6187,1523,7710,-0.0745569,-0.238716,-0.968223,0
5408,630,25,104,0,203,53,6423,1433,7856,-0.0627346,-0.199982,-0.977789,0
5470,690,24,109,0,220,58,6571,1517,8088,-0.0659005,-0.289115,-0.955023,0
4887,688,22,104,0,223,57,5981,1430,7411,-0.0478845,-0.205332,-0.97752,0
3523,535,17,87,0,159,42,4363,867,5230,-0.0485078,-0.193119,-0.979976,0
5568,882,25,134,0,293,83,6985,1343,8328,-0.108116,-0.182483,-0.977247,0
6335,985,32,147,0,340,84,7923,1147,9070,-0.106827,-0.179034,-0.978026,0
5212,1072,23,148,0,300,79,6834,1008,7842,-0.0976572,-0.1804,-0.978733,0
5642,1278,25,179,0,373,100,7597,1132,8729,-0.0843513,-0.173145,-0.981278,0
6475,1454,27,200,0,456,113,8725,1270,9995,-0.0982029,-0.167322,-0.980999,0
5816,1624,27,243,0,504,124,8338,1305,9643,-0.0862086,-0.162886,-0.982871,0
5878,1713,26,242,0,520,162,8541,1378,9919,-0.0790413,-0.152249,-0.985177,0
5870,1875,43,244,0,548,148,8728,1787,10515,-0.050415,-0.125985,-0.99075,0
6069,1989,25,270,0,591,148,9092,4876,13968,-0.0525691,-0.205378,-0.97727,0
4174,1470,18,193,0,427,106,6388,1135,7523,0.0914198,-0.0292725,-0.995382,0
6110,2271,25,281,0,658,160,9505,2928,12433,0.0238005,-0.122888,-0.992135,0
6081,2281,26,286,0,588,143,9405,2323,11728,0.0215888,-0.132499,-0.990948,0
5619,1970,22,242,0,601,142,8596,2548,11144,0.0199808,-0.136733,-0.990406,0
5992,2113,29,264,0,663,155,9216,3279,12495,0.00623944,-0.123751,-0.992294,0
5955,1998,27,262,0,627,160,9029,3844,12873,0.00705443,-0.109808,-0.993928,0
5849,1842,28,240,0,582,138,8679,4001,12680,0.0127721,-0.10763,-0.994109,0
5833,1679,26,218,0,557,128,8441,4348,12789,0.00319805,-0.108594,-0.994081,0
5501,1168,23,164,0,400,93,7349,3721,11070,0.00907341,-0.102317,-0.994711,0
5034,967,24,138,0,344,80,6587,3426,10013,-0.00976864,-0.0886142,-0.996018,0
5560,854,35,132,0,323,73,6977,3107,10084,-0.0366393,-0.0934439,-0.99495,0
5313,707,26,123,0,281,64,6514,2648,9162,-0.0451483,-0.177501,-0.983084,0
4782,539,24,88,0,218,48,5699,2022,7721,-0.0677855,-0.14372,-0.987294,0
3566,262,14,45,0,107,23,4017,1033,5050,-0.0338166,-0.0752893,-0.996588,0
2610,243,14,40,0,99,21,3027,1148,4175,-0.0835654,-0.0564354,-0.994903,0
5316,498,26,108,0,208,46,6202,1598,7800,-0.0306199,-0.0853142,-0.995884,0
5463,595,26,98,0,240,52,6474,2547,9021,-0.00269775,-0.0352738,-0.999374,0
5625,670,24,107,0,242,55,6723,2201,8924,-0.00535968,-0.0641981,-0.997923,0
5983,769,31,164,0,375,80,7402,2007,9409,-0.0175288,-0.0717446,-0.997269,0
5489,723,23,113,0,252,59,6659,1890,8549,-0.032872,-0.154048,-0.987516,0
5432,779,22,115,0,261,62,6671,1526,8197,-0.0280624,-0.12899,-0.991249,0
5396,869,22,127,0,284,69,6767,1232,7999,-0.0193019,-0.0598016,-0.998024,0
5490,993,22,145,0,309,78,7037,1758,8795,-0.0148621,-0.160434,-0.986935,0
5729,1089,36,158,0,345,88,7445,2252,9697,-0.0117481,-0.3674,-0.929989,0
6123,1180,23,172,0,366,93,7957,1641,9598,-0.0057396,-0.154472,-0.98798,0
5807,1377,24,191,0,432,108,7939,1623,9562,-0.00279709,-0.199532,-0.979887,0
5739,1581,24,206,0,453,147,8150,1891,10041,-0.0102534,-0.236932,-0.971472,0
5788,1737,25,226,0,514,129,8419,1346,9765,-0.0230789,-0.256364,-0.966305,0
4063,1338,18,169,0,372,94,6054,1241,7295,-0.0277343,-0.255898,-0.966306,0
6038,2072,29,257,0,589,144,9129,1448,10577,-0.0243237,-0.26798,-0.963117,0
5930,2083,28,266,0,598,148,9053,1526,10579,-0.00110039,-0.309842,-0.950788,0
5314,1746,28,221,0,516,122,7947,2053,10000,-0.00417048,-0.28453,-0.958658,0
5900,1656,29,216,0,504,119,8424,2360,10784,0.0418864,-0.254694,-0.966114,0
5989,1376,30,192,0,444,106,8137,1842,9979,0.0334574,-0.334683,-0.941737,0
5172,1147,25,164,0,359,108,6975,1518,8493,0.0374796,-0.505588,-0.861961,0
5659,1039,28,151,0,340,80,7297,1512,8809,0.0606412,-0.623628,-0.779366,0
5681,1278,32,187,0,443,86,7707,2719,10426,0.0899774,-0.688821,-0.719326,0
5468,833,25,126,0,283,67,6802,-1000,-1000,-1,-1,-1,0
5515,763,26,118,0,293,79,6794,1334,8128,0.0071543,-0.240658,-0.970584,0
5579,715,24,114,0,270,61,6763,1848,8611,0.0203515,-0.312527,-0.949691,0
5387,680,24,108,0,257,59,6515,1648,8163,0.0296421,-0.302824,-0.952585,0
5326,436,18,70,0,162,36,6048,1498,7546,0.0361016,-0.269603,-0.962295,0
3429,351,15,59,0,135,31,4020,1577,5597,5.35773e-06,-0.224359,-0.974507,0
5283,512,24,88,0,195,52,6154,1756,7910,-0.000137958,-0.187926,-0.982183,0
5437,488,24,82,0,180,44,6255,1790,8045,-0.0304236,-0.14565,-0.988868,0
5895,543,25,90,0,207,52,6812,2101,8913,0.000350604,-0.323291,-0.9463,0
5268,678,24,105,0,242,71,6388,1711,8099,0.00450755,-0.321414,-0.946928,0
3684,407,13,61,0,126,36,4327,851,5178,-0.0659622,-0.20656,-0.976208,0
2339,366,11,55,0,114,29,2914,538,3452,-0.0813296,-0.193925,-0.977639,0
5599,981,27,147,0,329,82,7165,1151,8316,-0.0779583,-0.15212,-0.985283,0
6135,1149,26,167,0,359,91,7927,1113,9040,-0.0846527,-0.151569,-0.984815,0
5635,1437,26,197,0,476,113,7884,1185,9069,-0.0384988,-0.168677,-0.98492,0
5921,1548,28,214,0,469,132,8312,1314,9626,-0.0470824,-0.171165,-0.984117,0
5933,1811,29,232,0,693,197,8895,1398,10293,-0.0582402,-0.190332,-0.979991,0
3979,1297,18,166,0,366,92,5918,796,6714,-0.0158667,-0.113931,-0.993362,0
6019,2042,27,258,0,622,149,9117,1587,10704,-0.0390129,-0.171086,-0.984483,0
6196,2211,26,280,0,635,155,9503,2132,11635,-0.0379372,-0.300223,-0.953114,0
4782,1543,18,197,0,439,84,7063,792,7855,-0.019473,-0.177526,-0.983924,0
2644,998,12,126,0,294,70,4144,2073,6217,-0.0242686,-0.220692,-0.975042,0
6392,2559,48,310,0,697,169,10175,2433,12608,-0.0102254,-0.156724,-0.98759,0
6321,2425,26,293,0,698,168,9931,2176,12107,0.00126457,-0.137372,-0.990519,0
5657,2068,24,253,0,636,145,8783,3111,11894,-0.00454174,-0.124008,-0.992271,0
6260,2105,27,261,0,648,154,9455,3935,13390,-0.0105557,-0.11117,-0.993745,0
5637,1825,22,226,0,560,130,8400,3734,12134,0.00516391,-0.125359,-0.992098,0
5380,1676,23,202,0,497,119,7897,3876,11773,0.00232311,-0.10861,-0.994082,0
6278,1667,25,212,0,513,121,8816,4068,12884,-0.00638965,-0.127755,-0.991785,0
5888,1552,27,207,0,484,113,8271,4283,12554,-0.0231178,-0.108824,-0.993792,0
5410,939,23,123,0,308,70,6873,2734,9607,-0.0237556,-0.106396,-0.99404,0
2820,590,14,82,0,202,46,3754,1632,5386,-0.00746807,-0.098193,-0.995139,0
7610,1332,31,211,0,410,103,9697,3516,13213,-0.0120315,-0.113178,-0.993502,0
5622,1159,27,162,0,381,89,7440,2611,10051,-0.012379,-0.0849596,-0.996307,0
6626,1216,31,181,0,431,96,8581,2563,11144,-0.0382382,-0.131511,-0.990577,0
6462,1182,33,169,0,394,92,8332,2391,10723,-0.0283491,-0.0954661,-0.995029,0
5601,1136,27,154,0,351,82,7351,2010,9361,-0.0181322,-0.141448,-0.98978,0
5964,1093,28,174,0,380,86,7725,1848,9573,0.00615378,-0.12581,-0.992035,0
5205,1047,25,154,0,341,82,6854,1624,8478,0.0206659,-0.143031,-0.989503,0
5821,1202,25,193,0,385,96,7722,1690,9412,0.0073031,-0.170992,-0.985245,0
5530,1254,24,171,0,380,107,7466,1886,9352,-0.00398475,-0.137543,-0.990488,0
5677,1236,21,169,0,383,124,7610,1747,9357,-0.0216736,-0.166785,-0.985755,0
5686,1172,23,163,0,354,88,7486,1497,8983,-0.0207547,-0.152668,-0.988059,0
6252,1160,22,155,0,350,86,8025,1629,9654,-0.041837,-0.17709,-0.983305,0
6300,1345,25,249,0,465,109,8493,1577,10070,-0.049848,-0.284453,-0.957393,0
4213,976,16,132,0,290,84,5711,1168,6879,0.00558736,-0.207339,-0.978253,0
6135,1342,22,185,0,451,106,8241,1289,9530,-0.0108114,-0.223253,-0.974701,0
5752,1539,49,211,0,650,167,8368,1274,9642,-0.0230784,-0.220017,-0.975223,0
6391,1599,24,213,0,484,118,8829,1265,10094,-0.0200117,-0.145419,-0.989168,0
5954,1710,24,225,0,569,127,8609,1312,9921,-0.00390227,-0.119734,-0.992799,0
5955,1818,27,235,0,531,130,8696,1378,10074,0.00671645,-0.177887,-0.984028,0
6068,1844,25,245,0,546,135,8863,1361,10224,0.00611507,-0.127626,-0.991804,0
5841,1859,26,240,0,545,133,8644,1435,10079,0.0110457,-0.222975,-0.974761,0
6047,1924,27,245,0,557,170,8970,1237,10207,0.00512044,-0.173294,-0.984857,0
2811,837,12,107,0,243,64,4074,562,4636,0.0108305,-0.147889,-0.988945,0
2381,815,11,104,0,235,58,3604,526,4130,0.00709598,-0.137026,-0.990542,0
5993,2052,27,309,0,588,148,9117,1393,10510,0.00251297,-0.146719,-0.989175,0
6723,2024,27,261,0,594,147,9776,1601,11377,0.00592779,-0.125697,-0.992051,0
6025,2054,34,261,0,693,155,9222,1495,10717,0.0150229,-0.129007,-0.99153,0
5929,2003,28,255,0,584,142,8941,1579,10520,0.0206624,-0.147994,-0.988773,0
5929,1694,20,170,0,393,96,8302,1249,9551,0.0205343,-0.124542,-0.992002,0
2869,849,13,103,0,240,57,4131,711,4842,0.0180386,-0.0932448,-0.99548,0
3690,1100,16,137,0,338,77,5358,816,6174,-0.0164948,-0.0852015,-0.996227,0
5788,1938,30,241,0,583,162,8742,1612,10354,-0.00966285,-0.0903984,-0.995859,0
5977,1907,29,272,0,538,132,8855,1408,10263,-0.0120558,-0.0776259,-0.99691,0
6459,1869,29,262,0,530,130,9279,1193,10472,-0.00884313,-0.0641259,-0.997902,0
5251,1654,44,235,0,503,119,7806,1400,9206,-0.00258625,-0.0545283,-0.998509,0
5698,1775,29,229,0,508,124,8363,1268,9631,-0.00590905,-0.0560557,-0.99841,0
5837,1774,31,225,0,543,127,8537,1250,9787,-0.00111189,-0.0541888,-0.99853,0
5729,1726,31,239,0,502,127,8354,1237,9591,-0.00181282,-0.0503996,-0.998728,0
5684,1716,31,223,0,523,124,8301,1357,9658,0.00478899,-0.0489128,-0.998792,0
5735,1787,28,224,0,513,132,8419,1343,9762,0.00636908,-0.0521265,-0.99862,0
5686,1719,28,218,0,513,121,8285,1270,9555,0.00452645,-0.0514081,-0.998668,0
5593,1755,30,237,0,502,123,8240,1221,9461,0.00357466,-0.0570135,-0.998367,0
5723,1743,29,220,0,496,142,8353,1202,9555,-0.000549666,-0.0595244,-0.998227,0
5744,1708,30,220,0,496,147,8345,1276,9621,-0.00366474,-0.0776908,-0.996971,0
5678,1763,31,256,0,497,123,8348,1280,9628,-0.00477118,-0.0887295,-0.996044,0
6676,1683,29,259,0,525,124,9296,1517,10813,0.0115627,-0.0488857,-0.998737,0
3938,1094,20,146,0,352,82,5632,1295,6927,0.0110962,-0.0586307,-0.998218,0
5784,1610,40,213,0,506,131,8284,2018,10302,0.0175716,-0.0709343,-0.997326,0
5587,2117,39,291,0,469,120,8623,1900,10523,0.0140497,-0.0701015,-0.997441,0
5511,1589,30,209,0,464,113,7916,1526,9442,-0.0147155,-0.0971751,-0.995159,0
5619,1569,30,211,0,495,117,8041,1326,9367,0.00362876,-0.026839,-0.999633,0
5595,1580,29,209,0,465,113,7991,1496,9487,-0.00463333,-0.0260646,-0.999649,0
5609,1578,29,209,0,493,119,8037,1465,9502,-0.00541119,-0.0236829,-0.999705,0
5672,1830,40,320,0,670,122,8654,1483,10137,-0.00554643,-0.0199396,-0.999786,0
3830,1108,20,144,0,343,81,5526,1081,6607,-0.00470671,-0.0193878,-0.999801,0
7596,2012,31,216,0,483,121,10459,1551,12010,-0.00530004,-0.0215582,-0.999754,0
5767,1636,37,216,0,481,120,8257,1407,9664,-0.00564725,-0.0261521,-0.999642,0
5773,1671,30,216,0,511,143,8344,1459,9803,-0.00183011,-0.0376041,-0.999291,0
5750,1795,37,308,0,706,180,8776,1303,10079,-0.00270416,-0.0374367,-0.999295,0
3899,1111,19,146,0,332,80,5587,941,6528,-0.000806381,-0.037672,-0.99929,0
6583,1673,30,219,0,480,117,9102,1418,10520,-0.00458933,-0.0425166,-0.999085,0
5583,1612,29,210,0,501,129,8064,1334,9398,-0.00897113,-0.0374308,-0.999259,0
5792,1988,38,299,0,554,126,8797,1390,10187,-0.00897099,-0.0364445,-0.999295,0
5183,1560,27,193,0,432,105,7500,1360,8860,-0.00624219,-0.0364035,-0.999317,0
5736,1595,30,214,0,482,131,8188,1356,9544,-0.00271913,-0.0584485,-0.998287,0
5163,1488,34,207,0,435,105,7432,1059,8491,-0.00237514,-0.059706,-0.998213,0
5602,1805,32,222,0,482,117,8260,1197,9457,-0.00492138,-0.0577857,-0.998317,0
5622,1607,37,231,0,478,117,8092,1266,9358,-0.00336724,-0.0599656,-0.998195,0
5625,1635,32,217,0,481,146,8136,1261,9397,-0.00254899,-0.0618791,-0.99808,0
5554,1624,30,212,0,477,115,8012,1261,9273,-0.00379427,-0.0600104,-0.99819,0
5925,2023,33,216,0,473,136,8806,1183,9989,-0.00362366,-0.0609567,-0.998134,0
5543,1699,31,216,0,475,115,8079,1310,9389,-0.00347835,-0.060773,-0.998146,0
5732,1646,31,213,0,474,114,8210,1284,9494,-0.00444017,-0.0615667,-0.998093,0
5596,1618,30,212,0,477,115,8048,1289,9337,-0.00126346,-0.0580063,-0.998315,0
5640,1653,29,216,0,531,121,8190,1357,9547,-0.000536906,-0.0551938,-0.998476,0
5764,1624,30,220,0,589,164,8391,1528,9919,0.000623362,-0.0555791,-0.998454,0
5592,1611,30,216,0,479,141,8069,1161,9230,0.00171551,-0.0562727,-0.998414,0
5660,1621,31,214,0,482,118,8126,1267,9393,0.00330763,-0.0590039,-0.998252,0
5581,1620,21,149,0,334,81,7786,795,8581,0.00275405,-0.0632228,-0.997996,0
3625,1063,28,136,0,310,75,5237,817,6054,-4.35807e-05,-0.0613413,-0.998117,0
5665,1626,31,215,0,480,117,8134,1226,9360,-0.00157359,-0.0589462,-0.99826,0
5573,1638,30,214,0,479,116,8050,1255,9305,-0.00229748,-0.0604935,-0.998166,0
5574,1614,29,225,0,502,120,8064,1237,9301,-4.50652e-06,-0.0559861,-0.998432,0
5606,1649,31,213,0,478,133,8110,1245,9355,-0.000437794,-0.052947,-0.998597,0
5604,1614,30,240,0,482,118,8088,1199,9287,-0.00219425,-0.0486832,-0.998812,0
5558,1634,40,215,0,495,119,8061,1217,9278,-0.00256493,-0.0557593,-0.998441,0
5699,1654,30,216,0,532,122,8253,1287,9540,-0.0011557,-0.0600415,-0.998195,0
5686,1587,31,216,0,491,116,8127,1108,9235,-0.00109389,-0.0617401,-0.998091,0
3751,1020,20,135,0,308,75,5309,685,5994,-0.000827475,-0.0595962,-0.998222,0
