Downsample[ns],BuildFilTree[ns],SearchFil[ns],DeleteFil[ns],BuildTreeSub[ns],SearchSub[ns],DeleteSub[ns],PreProcTotal[ns],Plane[ns],Total[ns],nx,ny,nz,planeCount
7395,4414,113,540,0,1076,283,13821,1422,15243,-0.00539845,0.0340052,-0.999407,0
4577,2704,24,325,0,705,204,8539,2882,11421,-0.00526674,0.0307374,-0.999514,0
3470,2054,26,240,0,564,135,6489,2330,8819,-0.00453928,0.0297206,-0.999548,0
4184,2457,22,296,0,676,171,7806,2881,10687,-0.00557969,0.029038,-0.999563,0
6641,3825,31,530,0,970,247,12244,3419,15663,-0.00595056,0.0278417,-0.999594,0
4109,2487,23,310,0,644,167,7740,3008,10748,-0.00635375,0.0267378,-0.999622,0
6318,3733,32,433,0,945,243,11704,4267,15971,-0.00620907,0.0275521,-0.999601,0
4164,2547,20,365,0,669,173,7938,2995,10933,-0.00661367,0.0269431,-0.999615,0
5318,3273,29,383,0,843,250,10096,4133,14229,-0.00671332,0.0279196,-0.999588,0
4061,2360,20,308,0,609,158,7516,2547,10063,-0.00830745,0.0323175,-0.999443,0
6393,3968,32,439,0,945,243,12020,4232,16252,-0.00356584,0.032314,-0.999471,0
4061,2518,21,290,0,644,165,7699,2896,10595,-0.00385414,0.0324801,-0.999465,0
5595,3266,37,407,0,848,218,10371,3752,14123,-0.00381541,0.0287759,-0.999579,0
6645,3860,32,431,0,847,165,11980,2852,14832,-0.00429344,0.0266436,-0.999636,0
4086,2564,42,305,0,667,171,7835,2834,10669,-0.00459681,0.02538,-0.999667,0
6974,3880,31,433,0,735,169,12222,2978,15200,-0.00539605,0.0249933,-0.999673,0
3128,1925,16,225,0,502,128,5924,2260,8184,-0.00624128,0.0261299,-0.999639,0
6708,4120,36,527,0,1087,279,12757,4472,17229,-0.00491392,0.0241141,-0.999697,0
4099,2549,21,295,0,671,170,7805,2966,10771,-0.00619374,0.0241339,-0.99969,0
6713,3966,33,442,0,1076,251,12481,4313,16794,-0.00340335,0.0240653,-0.999705,0
4411,2525,22,300,0,661,169,8088,2652,10740,-0.00280523,0.0266673,-0.999641,0
4916,3268,50,399,0,793,204,9630,3815,13445,-0.00391607,0.0255365,-0.999666,0
6342,3641,50,457,0,971,247,11708,4195,15903,-0.00197964,0.0241649,-0.999706,0
4328,2709,21,300,0,661,170,8189,3151,11340,-0.00582845,0.0269552,-0.999619,0
3795,2361,20,324,0,615,157,7272,2739,10011,-0.00825242,0.0267337,-0.999609,0
6058,3731,32,478,0,1000,249,11548,4124,15672,-0.00591819,0.0282863,-0.999582,0
4122,2621,22,298,0,660,170,7893,3239,11132,-0.00688069,0.0286919,-0.999565,0
6161,3575,64,309,0,658,170,10937,3214,14151,-0.00816241,0.027828,-0.999579,0
3318,1974,17,228,0,505,129,6171,2474,8645,-0.00765636,0.0276386,-0.999589,0
6250,3697,33,438,0,952,246,11616,4439,16055,-0.00802893,0.0283502,-0.999566,0
3169,1967,18,227,0,505,129,6015,2323,8338,-0.00855188,0.0310004,-0.999483,0
6147,3764,33,434,0,956,246,11580,4476,16056,-0.00835926,0.0305309,-0.999499,0
5983,3020,21,297,0,664,170,10155,2750,12905,-0.00505262,0.0310431,-0.999505,0
2604,1567,13,186,0,410,105,4885,1961,6846,-0.00812254,0.0314625,-0.999472,0
6183,3719,30,461,0,955,248,11596,4106,15702,-0.00354818,0.0306933,-0.999523,0
4244,2588,22,300,0,665,170,7989,3200,11189,-0.00657173,0.0310639,-0.999496,0
5974,3346,28,390,0,862,221,10821,4267,15088,-0.0057818,0.0304639,-0.999519,0
5395,3345,27,389,0,874,223,10253,3678,13931,-0.00489676,0.0284387,-0.999583,0
4017,2432,19,280,0,621,160,7529,3143,10672,-0.00659282,0.0283328,-0.999577,0
6082,3755,31,437,0,1022,252,11579,4435,16014,-0.00928523,0.0298136,-0.999512,0
4211,2602,22,300,0,661,169,7965,3212,11177,-0.00986454,0.0317625,-0.999447,0
6035,3845,31,439,0,980,248,11578,4454,16032,-0.0079898,0.0324746,-0.999441,0
4157,2594,21,299,0,665,170,7906,3207,11113,-0.00848033,0.033175,-0.999414,0
6081,3684,30,443,0,974,247,11459,4506,15965,-0.00803206,0.0302804,-0.999509,0
6092,3719,31,439,0,970,244,11495,4271,15766,-0.00896733,0.0274858,-0.999582,0
4314,2599,21,302,0,667,171,8074,3270,11344,-0.00903241,0.02654,-0.999607,0
6121,3754,31,439,0,984,248,11577,4620,16197,-0.00380621,0.0257318,-0.999661,0
6037,4112,32,470,0,1050,258,11959,4310,16269,0.00556443,0.0263366,-0.999638,0
4377,2658,20,306,0,686,175,8222,3049,11271,0.0038074,0.027573,-0.999613,0
5779,3407,27,397,0,887,227,10724,4085,14809,-0.0032909,0.0274073,-0.999619,0
3848,2483,18,286,0,641,164,7440,3191,10631,-0.00681215,0.0294607,-0.999543,0
5960,3923,31,468,0,994,256,11632,4896,16528,-0.00738756,0.0282999,-0.999572,0
4107,2722,20,307,0,682,190,8028,3481,11509,-0.00467357,0.0304317,-0.999526,0
5911,3969,29,455,0,998,283,11645,4533,16178,-0.00509444,0.0342643,-0.9994,0
4593,2746,20,346,0,708,186,8599,2932,11531,-0.00654672,0.0347333,-0.999375,0
5338,3493,27,397,0,893,228,10376,4727,15103,-0.00689198,0.03468,-0.999375,0
6067,3963,30,449,0,1083,262,11854,4648,16502,-0.00940783,0.035808,-0.999315,0
6027,4017,31,451,0,1037,260,11823,4915,16738,-0.00696795,0.0384335,-0.999237,0
6314,3814,33,445,0,1092,324,12022,3941,15963,-0.00692483,0.0425261,-0.999072,0
3390,2021,17,233,0,521,132,6314,2451,8765,-0.00787158,0.0430207,-0.999043,0
5991,3853,31,446,0,975,285,11581,4907,16488,-0.00777023,0.0451833,-0.998948,0
6046,3799,31,441,0,672,171,11160,3000,14160,-0.00735802,0.0465047,-0.998891,0
3154,2325,20,349,0,641,137,6626,2220,8846,-0.00788784,0.0432841,-0.999032,0
5964,3681,29,442,0,966,247,11329,4403,15732,-0.00902532,0.0389683,-0.999199,0
6117,3764,32,436,0,968,250,11567,3778,15345,-0.00931249,0.0362042,-0.999301,0
4260,2527,22,301,0,679,172,7961,3201,11162,-0.0082942,0.0347097,-0.999363,0
4102,2626,21,331,0,685,175,7940,2948,10888,-0.00858972,0.0336079,-0.999398,0
9010,3824,33,471,0,964,231,14533,3095,17628,-0.00701247,0.0326708,-0.999442,0
3615,1990,17,234,0,512,131,6499,2505,9004,-0.00584127,0.032331,-0.99946,0
6058,3742,31,469,0,968,249,11517,4668,16185,-0.00676169,0.0329256,-0.999435,0
5908,2971,24,303,0,670,170,10046,2569,12615,-0.0104923,0.033017,-0.9994,0
3843,2409,19,279,0,624,159,7333,2739,10072,-0.00801814,0.0342313,-0.999382,0
6064,3687,31,433,0,966,259,11440,5026,16466,-0.00738937,0.0344177,-0.99938,0
4131,2564,21,300,0,685,173,7874,3096,10970,-0.0043269,0.0337181,-0.999422,0
5993,3859,29,437,0,1003,250,11571,4457,16028,-0.00439158,0.0333531,-0.999434,0
4103,2545,23,300,0,668,189,7828,2975,10803,-0.00648339,0.0346248,-0.999379,0
6009,3713,30,437,0,998,250,11437,4757,16194,-0.00595315,0.0325245,-0.999453,0
6850,3690,32,507,0,667,173,11919,2962,14881,-0.00516158,0.0315653,-0.999488,0
3154,1960,16,229,0,509,130,5998,2385,8383,-0.00661245,0.0327854,-0.999441,0
5982,3763,32,443,0,967,249,11436,4259,15695,-0.00591779,0.0340747,-0.999402,0
6066,3600,29,432,0,961,282,11370,4121,15491,-0.00693414,0.0348513,-0.999368,0
5345,3389,26,387,0,870,221,10238,4133,14371,-0.00679591,0.0379959,-0.999255,0
3802,2357,19,277,0,644,158,7257,2699,9956,-0.0069761,0.0421191,-0.999088,0
4873,3046,26,351,0,1082,303,9681,3432,13113,-0.00873022,0.0494967,-0.998736,0
5974,3712,31,435,0,937,240,11329,3194,14523,-0.00727192,0.0545839,-0.998483,0
6583,4033,33,499,0,940,240,12328,2440,14768,-0.00989287,0.0669242,-0.997709,0
5871,3529,30,417,0,789,165,10801,1919,12720,-0.00522591,0.0805771,-0.996735,0
3730,2184,20,260,0,612,148,6954,1109,8063,-0.00580828,0.0855487,-0.996317,0
6019,3888,37,419,0,887,231,11481,1333,12814,-0.00351969,0.101472,-0.994832,0
5841,3319,30,416,0,949,228,10783,1710,12493,-0.0110835,0.117571,-0.993003,0
4640,2258,22,266,0,600,152,7938,1575,9513,-0.0016012,0.121656,-0.992571,0
5414,2746,26,333,0,756,189,9464,2099,11563,-0.0110137,0.112915,-0.993544,0
5746,2734,30,343,0,800,195,9848,2155,12003,-0.0246956,0.115474,-0.993003,0
5829,2611,40,482,0,914,186,10062,2110,12172,-0.0456013,0.136857,-0.989541,0
5708,2254,29,294,0,652,165,9102,2007,11109,-0.0219713,0.120624,-0.992455,0
5600,2172,30,282,0,616,157,8857,2238,11095,-0.014042,0.157903,-0.987355,0
5738,2011,28,281,0,718,159,8935,2351,11286,-0.00274909,0.154696,-0.987959,0
5675,1923,33,257,0,552,140,8580,2120,10700,-0.00712064,0.166329,-0.986045,0
5853,2163,29,241,0,522,135,8943,2292,11235,-0.0238832,0.19295,-0.980918,0
6185,1883,29,240,0,509,130,8976,2203,11179,-0.0120015,0.174636,-0.98456,0
5626,1626,27,215,0,482,121,8097,1643,9740,-0.0189904,0.166343,-0.985885,0
6143,1409,27,199,0,422,132,8332,2122,10454,-0.0213259,0.172606,-0.98476,0
5574,1218,26,171,0,373,94,7456,2154,9610,-0.0140475,0.174997,-0.984469,0
5742,1501,34,163,0,402,92,7934,2108,10042,0.00566164,0.168135,-0.985748,0
5355,991,26,146,0,302,80,6900,2428,9328,0.016867,0.131674,-0.99115,0
4375,798,23,169,0,252,62,5679,1574,7253,0.0199183,0.149371,-0.988581,0
4334,806,22,122,0,224,61,5569,1521,7090,0.00864559,0.134071,-0.990934,0
5483,1263,33,202,0,348,101,7430,1878,9308,-0.0138912,0.178864,-0.983776,0
6244,1108,39,150,0,278,77,7896,1743,9639,-0.0161839,0.156081,-0.987612,0
4115,746,16,111,0,227,58,5273,1231,6504,-0.00754325,0.134535,-0.99088,0
5858,1194,27,172,0,329,91,7671,1709,9380,-0.0157093,0.144781,-0.989339,0
5702,1347,27,189,0,368,102,7735,1650,9385,-0.0182306,0.148032,-0.988814,0
5682,1480,26,201,0,400,126,7915,1650,9565,-0.0234193,0.143307,-0.989401,0
5688,1592,31,231,0,466,123,8131,1428,9559,-0.0129719,0.142343,-0.989733,0
5863,1749,26,244,0,496,134,8512,1292,9804,-0.00511,0.130159,-0.99148,0
5877,2006,27,270,0,601,181,8962,1255,10217,-0.00510199,0.192227,-0.981337,0
5965,2285,27,300,0,623,164,9364,690,10054,0.0268016,-0.000817744,-0.99964,0
6100,2462,26,369,0,699,189,9845,2730,12575,-0.00321822,0.10648,-0.99431,0
6104,2880,28,364,0,855,204,10435,1370,11805,-0.0173053,0.173352,-0.984708,0
6092,3448,28,398,0,889,225,11080,1400,12480,0.000484877,0.222319,-0.974974,0
6332,3883,27,464,0,743,180,11629,845,12474,-0.0144139,0.140091,-0.990034,0
4414,2836,20,320,0,717,182,8489,1429,9918,-0.00869948,0.129013,-0.991605,0
6542,3925,29,453,0,1050,262,12261,3701,15962,-0.00904443,0.155509,-0.987793,0
4349,2383,19,281,0,644,163,7839,3284,11123,0.00176085,0.122273,-0.992495,0
6201,3255,29,373,0,843,217,10918,4804,15722,0.017889,0.155223,-0.987718,0
6037,2663,25,329,0,735,185,9974,5602,15576,-0.0036092,0.190199,-0.981739,0
5828,2011,25,253,0,616,149,8882,3926,12808,-0.00201795,0.135728,-0.990744,0
3688,1068,16,139,0,330,80,5321,3023,8344,-0.00398479,0.11286,-0.993603,0
5705,1490,26,200,0,465,112,7998,3964,11962,-0.0137328,0.154687,-0.987868,0
6120,1586,32,194,0,436,107,8475,3192,11667,-0.017041,0.195735,-0.980509,0
3823,984,20,129,0,293,72,5321,2071,7392,-0.0246103,0.182441,-0.982909,0
5976,1390,27,191,0,440,108,8132,2631,10763,-0.0301773,0.257926,-0.965694,0
6015,1639,28,253,0,538,120,8593,2453,11046,-0.0340136,0.244971,-0.968934,0
5760,1479,25,197,0,505,138,8104,1663,9767,-0.0277006,0.260318,-0.965126,0
6013,1479,24,208,0,434,110,8268,2053,10321,-0.0039175,0.293344,-0.955999,0
5735,1562,22,205,0,551,121,8196,2074,10270,-0.0136025,0.257679,-0.966135,0
5694,1660,24,221,0,471,122,8192,2003,10195,-0.0144306,0.287884,-0.957557,0
5811,1904,22,245,0,539,140,8661,1946,10607,-0.026167,0.319711,-0.947154,0
6075,2150,40,292,0,606,160,9323,1972,11295,-0.0204688,0.374074,-0.927173,0
5928,2554,22,324,0,683,180,9691,1419,11110,-0.0102079,0.37757,-0.925925,0
5996,3046,26,379,0,795,209,10451,1977,12428,-0.00298785,0.427176,-0.904164,0
6122,3539,27,414,0,893,233,11228,2149,13377,0.00818067,0.382389,-0.923965,0
4269,2758,19,308,0,685,176,8215,2019,10234,0.00322528,0.361037,-0.932546,0
5652,3240,29,374,0,829,210,10334,2036,12370,0.0137983,0.310595,-0.950442,0
5976,3045,30,367,0,815,203,10436,2435,12871,0.0264228,0.332227,-0.942829,0
5958,2682,33,331,0,765,186,9955,2571,12526,0.0147589,0.349473,-0.93683,0
5955,2121,29,276,0,655,159,9195,2141,11336,0.029084,0.290793,-0.956344,0
3947,1333,19,173,0,392,98,5962,1230,7192,0.0368729,0.26173,-0.964436,0
5854,1902,26,245,0,623,145,8795,1826,10621,0.029844,0.228408,-0.973108,0
6015,1778,26,237,0,545,130,8731,1864,10595,0.0203984,0.243821,-0.969606,0
5704,1574,28,212,0,455,116,8089,1864,9953,0.0176254,0.202516,-0.97912,0
5622,1315,27,190,0,395,102,7651,2075,9726,0.0085029,0.222527,-0.97489,0
5536,1079,27,153,0,329,82,7206,2144,9350,0.0120903,0.183871,-0.982876,0
5472,901,27,136,0,290,73,6899,2172,9071,0.00962824,0.216456,-0.976245,0
5495,931,26,138,0,269,71,6930,1853,8783,0.00994192,0.168418,-0.985666,0
5465,851,26,130,0,265,70,6807,1875,8682,0.0108307,0.219694,-0.975509,0
5403,1020,27,186,0,283,78,6997,2003,9000,0.0152118,0.186153,-0.982403,0
5543,1071,24,156,0,309,85,7188,1954,9142,0.00343066,0.225128,-0.974323,0
5794,1189,25,179,0,341,94,7622,1784,9406,0.0227842,0.13389,-0.990734,0
5657,1353,25,193,0,381,106,7715,1823,9538,-0.00196405,0.205792,-0.978594,0
6467,1537,26,217,0,430,117,8794,1528,10322,0.0139151,0.137431,-0.990414,0
5733,1742,26,235,0,482,133,8351,1625,9976,0.0115858,0.156705,-0.987577,0
3996,1362,19,175,0,383,105,6040,1066,7106,0.0160826,0.156862,-0.98749,0
5831,2325,26,284,0,572,156,9194,1195,10389,0.0312054,0.170097,-0.984933,0
6200,2432,27,304,0,629,179,9771,698,10469,0.0194186,0.21283,-0.976896,0
5522,2489,24,315,0,624,165,9139,665,9804,0.0214814,0.0226743,-0.999512,0
5606,2600,24,330,0,689,186,9435,3039,12474,0.0125834,0.122116,-0.992436,0
5298,2684,20,326,0,721,187,9236,899,10135,0.0183561,0.161606,-0.986685,0
6536,3933,28,449,0,979,277,12202,837,13039,0.0553189,0.103754,-0.993064,0
4475,3003,20,337,0,729,191,8755,1090,9845,0.0257629,0.122865,-0.992089,0
6572,4682,30,533,0,1173,325,13315,1433,14748,0.0529732,0.132707,-0.989739,0
4562,3292,20,375,0,823,209,9281,1790,11071,0.0362679,0.110112,-0.993257,0
6662,4505,28,512,0,1166,295,13168,4030,17198,0.0440675,0.171282,-0.984236,0
4381,2861,19,328,0,650,145,8384,2706,11090,0.0427201,0.133653,-0.990107,0
3123,1880,14,220,0,508,127,5872,2997,8869,0.0480579,0.125817,-0.990889,0
6265,3261,29,391,0,915,256,11117,6214,17331,0.0335914,0.174259,-0.984127,0
5983,2513,28,312,0,743,182,9761,4927,14688,0.0182998,0.146849,-0.98899,0
3137,1060,15,145,0,337,81,4775,2598,7373,0.00549234,0.13536,-0.990781,0
5948,1828,30,260,0,623,144,8833,4016,12849,-0.0329219,0.178834,-0.983328,0
5776,1637,29,217,0,514,125,8298,2942,11240,-0.0365903,0.195163,-0.980088,0
3892,1065,26,187,0,471,109,5750,2156,7906,-0.0397942,0.150799,-0.987763,0
5936,1582,31,265,0,704,168,8686,2840,11526,-0.060823,0.20688,-0.976474,0
5885,1665,26,217,0,488,121,8402,2429,10831,-0.0602231,0.167112,-0.984097,0
6520,1870,26,225,0,493,131,9265,1844,11109,-0.0570291,0.217131,-0.974475,0
3933,1212,16,151,0,349,88,5749,1350,7099,-0.0621355,0.211906,-0.975313,0
6433,1820,26,233,0,537,126,9175,1802,10977,-0.0777278,0.262815,-0.96171,0
5906,1843,24,236,0,530,136,8675,1326,10001,-0.0696664,0.251445,-0.965361,0
4007,1368,17,174,0,388,105,6059,1299,7358,-0.0746335,0.243964,-0.966908,0
6492,2581,26,395,0,670,177,10341,2090,12431,-0.0822959,0.247763,-0.965319,0
4167,1724,17,210,0,449,118,6685,1418,8103,-0.0860814,0.23374,-0.968481,0
7114,3319,29,385,0,835,214,11896,1944,13840,-0.101466,0.23332,-0.967092,0
4625,2256,20,273,0,610,156,7940,1636,9576,-0.109246,0.243799,-0.963654,0
6976,4028,31,472,0,899,257,12663,2002,14665,-0.118776,0.288779,-0.949999,0
4392,2982,20,328,0,727,188,8637,2193,10830,-0.0971467,0.27354,-0.956942,0
6774,4918,30,541,0,1211,305,13779,2471,16250,-0.106705,0.305361,-0.946239,0
3432,2302,19,256,0,563,143,6715,1199,7914,-0.0984877,0.261526,-0.960159,0
7179,4076,36,478,0,1135,308,13212,2752,15964,-0.128656,0.339681,-0.9317,0
4703,2473,40,284,0,654,160,8314,2112,10426,-0.0959371,0.280917,-0.954925,0
7007,2836,36,352,0,797,193,11221,1881,13102,-0.110338,0.302066,-0.94688,0
4598,1627,22,211,0,512,120,7090,1378,8468,-0.0989517,0.267467,-0.958473,0
6576,2156,33,300,0,626,159,9850,1850,11700,-0.116335,0.28725,-0.950765,0
6165,1828,29,265,0,528,134,8949,1790,10739,-0.104888,0.263192,-0.959025,0
5831,1565,19,150,0,351,85,8001,1306,9307,-0.120917,0.23708,-0.963936,0
3128,767,19,101,0,211,53,4279,991,5270,-0.100886,0.20037,-0.974512,0
5835,1527,56,248,0,389,97,8152,1941,10093,-0.0738956,0.174246,-0.981926,0
5497,1102,28,155,0,328,83,7193,1870,9063,-0.0719729,0.181618,-0.980732,0
5443,1091,30,185,0,315,82,7146,2154,9300,-0.0447127,0.143818,-0.988593,0
5715,1112,28,160,0,331,112,7458,1854,9312,-0.0764827,0.160024,-0.984146,0
5656,1334,28,175,0,423,99,7715,1702,9417,-0.0764012,0.143267,-0.986731,0
5331,1296,25,178,0,361,97,7288,1729,9017,-0.0966791,0.175241,-0.979767,0
5246,1528,26,232,0,408,114,7554,1690,9244,-0.0496646,0.125627,-0.990834,0
6836,2151,32,307,0,424,106,9856,1241,11097,-0.0657584,0.179094,-0.981632,0
4263,1620,40,210,0,461,121,6715,999,7714,-0.042873,0.151235,-0.987568,0
6014,2507,28,319,0,645,177,9690,1155,10845,-0.0684831,0.191991,-0.979004,0
6486,3200,29,397,0,864,267,11243,974,12217,-0.0611094,0.168508,-0.983804,0
4252,2364,22,307,0,595,194,7734,822,8556,-0.108153,0.216661,-0.970238,0
5637,3302,24,432,0,839,222,10456,927,11383,-0.172482,0.218177,-0.960547,0
6773,4449,27,519,0,1067,280,13115,667,13782,-0.0588426,0.112189,-0.991943,0
6029,4479,41,507,0,1118,288,12462,1310,13772,-0.105856,0.147278,-0.983414,0
5645,4240,23,504,0,1056,269,11737,1898,13635,-0.115223,0.14999,-0.98195,0
4072,2933,17,329,0,746,188,8285,2136,10421,-0.0859596,0.122941,-0.988684,0
7477,4492,18,340,0,769,203,13299,3155,16454,-0.0777919,0.137113,-0.987496,0
3429,2046,15,236,0,532,136,6394,2821,9215,-0.080804,0.129372,-0.988298,0
6326,3234,26,387,0,930,231,11134,5662,16796,-0.0990251,0.167758,-0.980843,0
4235,1824,19,225,0,518,130,6951,4141,11092,-0.0570978,0.105196,-0.992811,0
6399,2264,31,297,0,674,168,9833,5797,15630,-0.0924366,0.140541,-0.985751,0
4057,1329,19,192,0,444,103,6144,3259,9403,-0.081172,0.104665,-0.99119,0
4066,1280,19,167,0,384,95,6011,2936,8947,-0.0992802,0.119147,-0.987901,0
5956,1823,29,238,0,540,136,8722,3983,12705,-0.106922,0.13638,-0.98487,0
6508,2039,29,245,0,542,149,9512,3722,13234,-0.146089,0.166999,-0.975074,0
5951,1790,20,174,0,378,98,8411,2255,10666,-0.143946,0.162493,-0.976154,0
4797,1656,48,224,0,489,120,7334,2358,9692,-0.155319,0.203585,-0.966659,0
5833,2042,24,256,0,549,146,8850,2645,11495,-0.144192,0.203681,-0.968361,0
5827,2070,23,262,0,571,150,8903,2418,11321,-0.145881,0.223377,-0.963754,0
5866,2147,24,272,0,566,153,9028,2596,11624,-0.153095,0.234885,-0.959891,0
5956,2296,21,286,0,642,168,9369,2617,11986,-0.14283,0.219259,-0.965155,0
5345,2281,23,280,0,587,158,8674,2463,11137,-0.153337,0.232658,-0.960395,0
6224,2891,25,346,0,727,196,10409,2647,13056,-0.160821,0.237673,-0.95794,0
4228,2209,16,274,0,636,156,7519,1945,9464,-0.164901,0.248973,-0.954369,0
6328,3583,31,420,0,901,246,11509,2460,13969,-0.190194,0.307325,-0.932404,0
4625,3040,21,326,0,684,197,8893,1761,10654,-0.157419,0.246209,-0.956347,0
6471,5076,32,533,0,1132,297,13541,2432,15973,-0.149316,0.279201,-0.948552,0
4877,3498,16,308,0,772,170,9641,1804,11445,-0.114928,0.227974,-0.966861,0
5127,3549,25,410,0,1202,233,10546,1844,12390,-0.130554,0.288676,-0.948484,0
6557,4529,39,550,0,1090,280,13045,2130,15175,-0.114431,0.266364,-0.957056,0
4329,2585,21,316,0,743,172,8166,1906,10072,-0.0958845,0.229965,-0.968464,0
6278,3257,56,530,0,952,221,11294,2468,13762,-0.101339,0.245442,-0.9641,0
4146,1830,20,227,0,525,130,6878,1451,8329,-0.114564,0.240778,-0.963795,0
5362,2132,25,275,0,599,152,8545,1684,10229,-0.121517,0.226865,-0.966315,0
6141,2294,26,285,0,609,158,9513,2164,11677,-0.112509,0.218442,-0.969342,0
6006,2200,46,302,0,583,157,9294,2347,11641,-0.102182,0.215787,-0.971079,0
5265,1898,26,227,0,480,126,8022,2416,10438,-0.0836786,0.195518,-0.977124,0
5824,1601,28,216,0,458,120,8247,2775,11022,-0.0765117,0.185763,-0.979611,0
6078,1324,29,187,0,392,102,8112,2807,10919,-0.0739122,0.192519,-0.978506,0
5480,1148,27,166,0,335,90,7246,2639,9885,-0.0636043,0.188584,-0.979995,0
5445,1072,27,154,0,307,83,7088,2587,9675,-0.0654744,0.193893,-0.978835,0
5489,1122,27,165,0,321,89,7213,2075,9288,-0.0685483,0.174069,-0.982345,0
5711,1426,27,194,0,394,122,7874,2008,9882,-0.109669,0.207551,-0.972057,0
3983,1203,19,156,0,309,87,5757,1183,6940,-0.0939018,0.180416,-0.979098,0
5793,2041,27,262,0,532,148,8803,1611,10414,-0.0858311,0.182605,-0.979432,0
5881,2399,30,302,0,606,167,9385,1401,10786,-0.0852981,0.197118,-0.976662,0
6836,3150,29,349,0,698,197,11259,873,12132,-0.104143,0.248751,-0.962952,0
4717,2248,20,281,0,570,153,7989,379,8368,-0.176176,0.376364,-0.909567,0
7547,4110,28,457,0,935,270,13347,443,13790,-0.144241,0.295309,-0.944451,0
5134,2626,15,261,0,554,147,8737,481,9218,-0.0784034,0.137032,-0.987459,0
6987,5051,30,597,0,871,216,13752,1179,14931,-0.0727671,0.144076,-0.986887,0
7880,5501,28,641,0,1397,241,15688,1974,17662,-0.0774868,0.176577,-0.981232,0
5242,3595,19,356,0,684,175,10071,2164,12235,-0.0683855,0.136275,-0.988308,0
2983,1959,12,223,0,497,127,5801,2182,7983,-0.0669968,0.115635,-0.99103,0
5410,3237,23,379,0,826,214,10089,4376,14465,-0.0789094,0.157022,-0.984438,0
6325,3384,26,417,0,943,231,11326,4757,16083,-0.0906668,0.17946,-0.979578,0
4203,1878,17,228,0,516,132,6974,3377,10351,-0.080872,0.141066,-0.986692,0
5996,2405,30,304,0,673,172,9580,4831,14411,-0.0773604,0.170587,-0.982301,0
6343,2333,31,287,0,624,166,9784,4298,14082,-0.0774661,0.176172,-0.981307,0
4065,1468,22,184,0,408,105,6252,2786,9038,-0.0648494,0.129463,-0.989462,0
5240,1953,26,240,0,514,135,8108,3192,11300,-0.0849705,0.1656,-0.982526,0
5364,1901,26,246,0,523,138,8198,2910,11108,-0.0864127,0.140767,-0.986264,0
6096,2138,28,271,0,572,153,9258,2894,12152,-0.10434,0.203997,-0.973395,0
4126,1469,17,192,0,395,107,6306,1912,8218,-0.11788,0.238472,-0.963969,0
5951,2099,30,269,0,581,153,9083,2547,11630,-0.113297,0.257406,-0.959638,0
6026,2191,24,276,0,604,154,9275,2466,11741,-0.10279,0.239656,-0.965401,0
5997,2351,23,295,0,607,166,9439,2687,12126,-0.105564,0.380233,-0.918846,0
6152,2680,24,330,0,659,229,10074,2033,12107,-0.0857259,0.371441,-0.92449,0
4032,1516,13,186,0,386,105,6238,1468,7706,-0.0689911,0.267174,-0.961176,0
3131,1600,12,190,0,403,109,5445,1412,6857,-0.0615049,0.266894,-0.961761,0
6498,3810,27,425,0,895,243,11898,3071,14969,-0.0565894,0.323834,-0.94442,0
6550,4507,30,464,0,719,194,12464,2725,15189,-0.0408242,0.294054,-0.954916,0
3538,2685,15,292,0,630,179,7339,2061,9400,-0.045348,0.287859,-0.956598,0
6568,4421,33,509,0,1147,290,12968,1995,14963,-0.0606401,0.306902,-0.949807,0
4312,2717,32,335,0,669,177,8242,1501,9743,-0.0484118,0.22633,-0.972846,0
6277,3575,29,421,0,916,235,11453,3025,14478,-0.0592981,0.265688,-0.962234,0
6185,2858,30,355,0,802,207,10437,2491,12928,-0.0630693,0.294935,-0.953434,0
4153,1790,19,224,0,493,135,6814,1410,8224,-0.0558885,0.270886,-0.960988,0
5989,2467,27,300,0,629,166,9578,2063,11641,-0.0594201,0.26341,-0.962852,0
5874,2187,28,276,0,576,153,9094,2161,11255,-0.0488351,0.262383,-0.963727,0
5772,1794,28,236,0,497,132,8459,2598,11057,-0.0421394,0.250863,-0.967105,0
5728,1372,27,190,0,421,108,7846,2860,10706,-0.0306489,0.214767,-0.976185,0
5624,1201,26,174,0,360,94,7479,3015,10494,-0.033233,0.235883,-0.971213,0
4951,895,47,137,0,270,73,6373,2327,8700,-0.0184068,0.186916,-0.982204,0
5540,1097,26,159,0,306,84,7212,2311,9523,-0.0279278,0.195957,-0.980215,0
5814,1197,28,176,0,347,96,7658,2226,9884,-0.0279189,0.204071,-0.978558,0
5843,1407,26,209,0,393,110,7988,2051,10039,-0.0266517,0.186655,-0.982064,0
5754,1664,28,224,0,445,125,8240,1816,10056,-0.0137288,0.191486,-0.981399,0
5947,1914,26,252,0,509,140,8788,1533,10321,-0.0127299,0.195073,-0.980706,0
5965,2284,29,299,0,591,163,9331,1478,10809,-0.0208244,0.217912,-0.975746,0
6204,2587,24,326,0,676,181,9998,637,10635,-0.0139307,0.171776,-0.985038,0
6438,3243,29,454,0,821,232,11217,394,11611,-0.0166635,0.289919,-0.956906,0
4561,2595,23,315,0,684,169,8347,411,8758,0.000967685,0.116723,-0.993164,0
3538,2332,14,271,0,555,148,6858,632,7490,-0.000102814,0.145327,-0.989384,0
7082,4807,27,557,0,1166,260,13899,1542,15441,-0.00952752,0.179614,-0.983691,0
4812,3162,22,368,0,768,200,9332,2543,11875,-0.0242486,0.175214,-0.984232,0
6677,4005,26,477,0,1044,269,12498,4603,17101,-0.0272905,0.285075,-0.958117,0
5554,2562,18,270,0,499,134,9037,2922,11959,-0.0365735,0.272985,-0.961323,0
2531,1159,10,134,0,324,78,4236,2150,6386,-0.0305012,0.194552,-0.980418,0
6994,2491,27,309,0,727,239,10787,5329,16116,-0.0312873,0.19491,-0.980322,0
3123,1163,15,146,0,340,84,4871,2923,7794,-0.023981,0.15851,-0.987066,0
5959,2046,34,282,0,603,151,9075,4588,13663,-0.0164209,0.168885,-0.985499,0
5278,1787,27,218,0,476,123,7909,3610,11519,-0.014773,0.176003,-0.984279,0
5879,1872,31,237,0,517,135,8671,3722,12393,-0.0245686,0.161894,-0.986502,0
5923,1904,27,244,0,514,135,8747,3561,12308,-0.0465624,0.22219,-0.973891,0
4145,1374,19,170,0,360,103,6171,2074,8245,-0.0440215,0.189871,-0.980822,0
6043,1921,25,246,0,521,140,8896,2855,11751,-0.0511039,0.263189,-0.96339,0
6085,1808,25,254,0,500,136,8808,2568,11376,-0.0447281,0.27604,-0.960105,0
6141,1936,33,290,0,526,149,9075,2205,11280,-0.0385301,0.320032,-0.946623,0
6117,1954,27,257,0,524,143,9022,2208,11230,-0.0328081,0.274321,-0.961078,0
4253,1459,16,225,0,389,106,6448,1752,8200,-0.0508356,0.297115,-0.953488,0
6206,2320,24,298,0,687,177,9712,2735,12447,-0.0526621,0.269481,-0.961565,0
6372,2690,24,339,0,701,165,10291,2008,12299,-0.0739869,0.343757,-0.93614,0
4341,2111,17,250,0,552,145,7416,1983,9399,-0.0635755,0.285515,-0.956264,0
5972,3309,27,381,0,872,222,10783,2664,13447,-0.0317806,0.320488,-0.946719,0
5913,3821,30,426,0,954,243,11387,3759,15146,-0.0136879,0.326865,-0.944972,0
4162,2989,19,328,0,720,184,8402,2222,10624,-0.00752672,0.297887,-0.954571,0
6490,4287,34,508,0,1126,278,12723,2457,15180,0.00201933,0.317605,-0.948221,0
4517,2722,22,309,0,678,174,8422,1728,10150,0.00410455,0.310453,-0.95058,0
6447,3623,33,413,0,930,246,11692,2537,14229,-0.0172376,0.308924,-0.95093,0
4267,1955,19,258,0,531,137,7167,1648,8815,-0.0283049,0.26344,-0.964261,0
6003,2609,29,319,0,687,179,9826,2152,11978,-0.0284603,0.234767,-0.971635,0
5990,2318,26,293,0,664,168,9459,2185,11644,-0.021174,0.253974,-0.96698,0
5867,2209,28,274,0,574,152,9104,2316,11420,-0.00819975,0.242231,-0.970184,0
5904,1950,29,246,0,518,137,8784,2468,11252,-0.00623027,0.242203,-0.970206,0
6379,1572,29,209,0,549,158,8896,3008,11904,-0.000266416,0.22796,-0.97367,0
4966,1096,24,152,0,339,112,6689,2337,9026,0.00869172,0.215038,-0.976567,0
5441,1360,30,197,0,430,91,7549,2676,10225,0.0194605,0.190856,-0.981425,0
5325,975,27,143,0,286,79,6835,2710,9545,0.0144177,0.248204,-0.968601,0
5912,1124,27,168,0,328,91,7650,2053,9703,0.00694475,0.243989,-0.969753,0
5784,1401,26,195,0,370,104,7880,2460,10340,-0.000253743,0.26308,-0.964774,0
5785,1730,27,223,0,440,122,8327,1744,10071,0.00669149,0.22117,-0.975213,0
7404,1448,18,172,0,348,95,9485,1068,10553,-0.000146371,0.200373,-0.97972,0
4137,1475,18,195,0,421,111,6357,858,7215,-0.0144857,0.238143,-0.971122,0
6170,2506,28,360,0,662,177,9903,678,10581,-0.00947962,0.175558,-0.984423,0
6878,3243,26,368,0,769,205,11489,816,12305,0.000565631,0.175065,-0.984557,0
4450,2391,18,302,0,609,162,7932,557,8489,0.0103951,0.147347,-0.98903,0
7146,4044,28,460,0,994,276,12948,719,13667,0.0149446,0.158599,-0.98723,0
4641,3120,20,349,0,796,201,9127,1064,10191,0.0228042,0.156088,-0.98748,0
6802,4705,27,541,0,1166,302,13543,2087,15630,0.00926664,0.152255,-0.988298,0
4668,3141,19,353,0,783,201,9165,2316,11481,0.00296555,0.0948965,-0.995483,0
6672,4278,29,489,0,1088,284,12840,2770,15610,0.00571574,0.0576573,-0.99832,0
4552,2851,18,328,0,748,189,8686,2605,11291,0.0181294,0.0218911,-0.999596,0
6777,4067,28,477,0,1060,270,12679,2833,15512,0.0232687,-0.00287395,-0.999725,0
4616,2867,19,328,0,732,191,8753,1140,9893,0.0360266,-0.0418851,-0.998473,0
7565,4728,26,481,0,792,192,13784,2308,16092,0.0181541,-0.0287064,-0.999423,0
3499,2213,14,255,0,589,178,6748,1449,8197,0.0140824,-0.0171043,-0.999754,0
6595,4204,27,502,0,1100,319,12747,2676,15423,0.00412127,-0.0100421,-0.999941,0
6587,3215,19,329,0,724,210,11084,1445,12529,-0.00545026,0.00836432,-0.99995,0
3508,2181,14,248,0,625,143,6719,996,7715,0.00164059,0.0246434,-0.999695,0
6604,3994,29,461,0,1085,267,12440,3111,15551,0.01576,0.0442828,-0.998895,0
6654,3795,26,442,0,1029,257,12203,3572,15775,-0.00307707,0.0515493,-0.998666,0
4463,2571,23,296,0,686,170,8209,2931,11140,-0.0166014,0.0483028,-0.998695,0
4501,2464,18,281,0,640,162,8066,3186,11252,-0.0106422,0.0634391,-0.997929,0
5814,3109,47,393,0,805,206,10374,4029,14403,-0.00504356,0.0853872,-0.996335,0
4058,2036,17,238,0,536,137,7022,3618,10640,0.00235988,0.0814618,-0.996674,0
6200,2811,25,344,0,774,196,10350,5440,15790,0.0103908,0.118359,-0.992917,0
4303,1638,17,201,0,474,119,6752,4071,10823,0.0155465,0.102905,-0.99457,0
6197,2126,27,284,0,642,161,9437,5651,15088,0.0188837,0.114985,-0.993188,0
4149,1323,18,204,0,389,97,6180,3244,9424,0.0080542,0.107058,-0.99422,0
5459,1543,25,208,0,493,120,7848,3738,11586,-0.0127157,0.144596,-0.989409,0
5850,1614,27,220,0,556,131,8398,3520,11918,-0.0257591,0.14473,-0.989136,0
4145,1148,18,153,0,341,109,5914,2379,8293,-0.0367507,0.163061,-0.985931,0
6443,1791,29,234,0,553,156,9206,3202,12408,-0.0469563,0.320511,-0.94608,0
4124,1093,14,127,0,278,72,5708,1602,7310,-0.0418827,0.244406,-0.968768,0
2645,764,10,109,0,226,58,3812,1229,5041,-0.0412452,0.194766,-0.979982,0
4452,1177,15,164,0,390,95,6293,1863,8156,-0.0315088,0.219819,-0.975032,0
6157,1858,23,254,0,545,177,9014,2721,11735,-0.0318424,0.213656,-0.97639,0
6340,2154,23,282,0,688,162,9649,2081,11730,-0.0201383,0.275769,-0.961013,0
4363,1593,15,225,0,458,119,6773,1947,8720,-0.010064,0.294742,-0.955524,0
6501,2612,22,319,0,730,206,10390,3151,13541,0.00847742,0.335677,-0.941939,0
7248,2421,17,249,0,545,141,10621,2203,12824,0.0151745,0.304813,-0.952292,0
3379,1961,18,290,0,464,120,6232,1772,8004,0.0191841,0.299487,-0.953907,0
4763,2615,23,304,0,645,166,8516,2388,10904,0.0160332,0.339111,-0.94061,0
10329,6326,26,551,0,1190,291,18713,3470,22183,0.0191782,0.342449,-0.939341,0
1892,1214,10,144,0,304,77,3641,841,4482,0.0165228,0.287972,-0.957496,0
3280,2090,16,241,0,526,136,6289,1276,7565,0.0119634,0.279302,-0.960129,0
6412,3812,29,446,0,996,251,11946,2832,14778,-0.000802978,0.294318,-0.955707,0
6275,3866,33,429,0,900,226,11729,2635,14364,-0.0124321,0.301113,-0.953508,0
4205,1985,20,242,0,538,145,7135,1570,8705,-0.00744565,0.250216,-0.968161,0
6131,2549,30,317,0,691,177,9895,2018,11913,-0.00754886,0.240319,-0.970664,0
6037,2191,38,294,0,684,166,9410,2202,11612,-0.00151705,0.209971,-0.977707,0
6169,2015,27,262,0,608,152,9233,2500,11733,0.00404582,0.214932,-0.976621,0
5335,1726,23,224,0,497,125,7930,2355,10285,0.0108275,0.198099,-0.980122,0
5966,1804,31,236,0,535,134,8706,2840,11546,0.0178525,0.222304,-0.974814,0
5925,1588,25,209,0,481,121,8349,2736,11085,0.0261078,0.188894,-0.98165,0
5868,1359,27,190,0,402,104,7950,2943,10893,0.0209117,0.220689,-0.97512,0
5590,1135,25,200,0,355,94,7399,2619,10018,0.0151988,0.175574,-0.984349,0
5688,1069,26,161,0,330,87,7361,2390,9751,0.0059049,0.229764,-0.973229,0
5594,1129,25,171,0,406,98,7423,2528,9951,0.00640983,0.207039,-0.978312,0
4217,903,17,135,0,316,75,5663,1867,7530,0.00930798,0.209684,-0.977725,0
5919,1547,25,221,0,451,122,8285,2558,10843,0.0179402,0.171794,-0.984969,0
4368,1358,18,172,0,383,98,6397,1376,7773,0.0226412,0.184099,-0.982647,0
6010,2144,28,283,0,579,189,9233,1414,10647,0.0264596,0.143683,-0.98927,0
6279,2566,33,361,0,730,181,10150,1036,11186,0.0124618,0.264247,-0.964375,0
6305,2993,27,408,0,760,207,10700,648,11348,-0.0272208,0.31428,-0.94894,0
5758,3190,23,377,0,800,208,10356,589,10945,0.0120403,0.133388,-0.990991,0
6556,4131,26,476,0,1077,269,12535,1069,13604,0.0129282,0.173193,-0.984803,0
6736,4627,24,527,0,1114,205,13233,1191,14424,0.0213235,0.210771,-0.977303,0
6775,4613,26,529,0,1259,319,13521,3713,17234,0.00401634,0.285323,-0.958423,0
3550,2116,11,208,0,478,133,6496,2071,8567,0.00141602,0.191581,-0.981476,0
2348,1430,10,164,0,378,100,4430,2006,6436,0.00939001,0.140609,-0.990021,0
5728,3096,25,371,0,860,214,10294,5236,15530,0.0259081,0.170383,-0.985037,0
6238,2715,27,340,0,806,199,10325,5299,15624,0.0109248,0.138525,-0.990299,0
3202,1207,18,164,0,388,92,5071,2721,7792,0.00837552,0.144052,-0.989535,0
6040,2012,28,261,0,641,152,9134,4466,13600,0.0179642,0.160435,-0.986883,0
6024,1833,35,241,0,564,138,8835,3738,12573,0.00523553,0.180636,-0.983536,0
6089,1772,29,237,0,552,133,8812,3416,12228,-0.000713242,0.145867,-0.989304,0
6057,1852,27,244,0,560,138,8878,3136,12014,0.0306327,0.218117,-0.975442,0
5143,1576,22,207,0,468,118,7534,2750,10284,0.0206003,0.18458,-0.982602,0
6213,1941,25,261,0,600,158,9198,2886,12084,0.0266841,0.245594,-0.969005,0
6293,1944,24,256,0,581,147,9245,2839,12084,0.0252838,0.213076,-0.976709,0
6139,1952,25,257,0,564,145,9082,2589,11671,0.0247774,0.268016,-0.963096,0
4289,1451,16,183,0,406,105,6450,1883,8333,0.0116435,0.249389,-0.968333,0
6307,2212,23,286,0,615,160,9603,2520,12123,0.0108513,0.29694,-0.954835,0
6264,2419,24,382,0,725,215,10029,2971,13000,0.0101569,0.249473,-0.968329,0
6505,2605,23,368,0,776,195,10472,3196,13668,0.0260597,0.305569,-0.951813,0
7173,2976,26,371,0,889,218,11653,2545,14198,0.0239504,0.254201,-0.966855,0
4498,2425,19,302,0,606,160,8010,2322,10332,0.038658,0.287671,-0.956949,0
6595,3995,32,448,0,992,255,12317,3106,15423,0.0378238,0.276254,-0.96034,0
6818,4831,31,567,0,1299,296,13842,3499,17341,0.0416437,0.372151,-0.927238,0
3624,2323,18,263,0,621,149,6998,1796,8794,0.0304046,0.320145,-0.94688,0
7270,4028,31,495,0,1031,263,13118,2258,15376,0.0222725,0.355938,-0.934244,0
6477,3926,30,462,0,1361,352,12608,2215,14823,0.0174382,0.27581,-0.961054,0
3374,1832,16,216,0,492,139,6069,1377,7446,0.0220608,0.265619,-0.963826,0
6288,3492,41,474,0,855,213,11363,2326,13689,0.024135,0.232596,-0.972274,0
6286,2642,30,329,0,728,184,10199,2136,12335,0.0329365,0.245679,-0.968792,0
4368,1658,20,227,0,459,120,6852,1685,8537,0.0287914,0.191368,-0.981096,0
6441,2335,27,312,0,620,164,9899,2849,12748,0.0517488,0.22213,-0.973643,0
4173,1392,20,173,0,385,98,6241,2070,8311,0.0460115,0.179149,-0.982745,0
5474,1499,33,198,0,422,142,7768,2668,10436,0.0466953,0.215358,-0.975418,0
6609,1667,30,211,0,460,120,9097,3238,12335,0.0263828,0.367649,-0.92959,0
3885,859,18,114,0,239,61,5176,1925,7101,0.0219142,0.315231,-0.948762,0
3826,715,17,108,0,219,57,4942,1750,6692,0.0173016,0.228716,-0.973339,0
2910,563,15,86,0,200,50,3824,1231,5055,0.0207621,0.177,-0.983992,0
5919,1212,24,183,0,378,102,7818,2556,10374,0.0369359,0.213036,-0.976346,0
6453,1368,27,203,0,437,113,8601,1886,10487,0.0426482,0.192866,-0.980298,0
6661,1705,33,232,0,461,124,9216,2134,11350,0.0510146,0.298153,-0.953154,0
3407,955,14,129,0,292,73,4870,967,5837,0.0430066,0.198666,-0.979123,0
2182,709,10,98,0,205,54,3258,449,3707,0.0460528,0.189827,-0.980737,0
4272,1676,18,216,0,519,155,6856,498,7354,0.0138192,0.0669698,-0.997659,0
6342,2837,27,350,0,756,197,10509,2565,13074,0.0122991,0.177535,-0.984038,0
6876,3386,31,410,0,879,224,11806,913,12719,0.0324609,0.1734,-0.984316,0
6526,4061,27,462,0,1029,263,12368,1209,13577,0.0175079,0.127869,-0.991636,0
4705,2992,18,347,0,756,207,9025,1567,10592,-0.000225829,0.15501,-0.987913,0
6833,4341,26,486,0,1164,284,13134,3997,17131,0.0183568,0.139876,-0.989999,0
4501,2760,19,374,0,715,184,8553,3370,11923,0.041755,0.144916,-0.988563,0
7008,3572,28,423,0,972,245,12248,4228,16476,0.0504076,0.121589,-0.9913,0
4289,2018,19,264,0,562,142,7294,3973,11267,0.0444751,0.135447,-0.989786,0
7357,2725,33,350,0,827,202,11494,5919,17413,0.0429215,0.226222,-0.97313,0
3360,933,13,120,0,277,68,4771,2172,6943,0.0264681,0.166154,-0.985745,0
2981,908,14,123,0,305,72,4403,1928,6331,0.0169667,0.15699,-0.987455,0
10149,2638,37,376,0,539,138,13877,3139,17016,0.0110483,0.230944,-0.972904,0
4215,1331,20,172,0,401,99,6238,2455,8693,0.0204093,0.2107,-0.977338,0
5677,1805,24,238,0,519,135,8398,2958,11356,0.0299267,0.249631,-0.967879,0
5530,1943,28,331,0,525,142,8499,2934,11433,0.0419318,0.274776,-0.960594,0
5583,1803,21,243,0,536,139,8325,2753,11078,0.0440232,0.262904,-0.963817,0
6346,2134,24,277,0,604,161,9546,2851,12397,0.0670851,0.391406,-0.917769,0
3907,1169,13,152,0,328,90,5659,1523,7182,0.0632304,0.348381,-0.935218,0
2715,985,11,130,0,287,74,4202,1342,5544,0.0584953,0.305898,-0.950266,0
6324,2753,24,321,0,697,212,10331,3151,13482,0.0515787,0.39096,-0.918961,0
6602,3090,26,355,0,849,232,11154,3240,14394,0.0364243,0.349079,-0.936385,0
4427,2329,19,273,0,633,159,7840,2384,10224,0.0354521,0.357369,-0.93329,0
6496,3933,29,455,0,1019,263,12195,4099,16294,0.0614535,0.373687,-0.925517,0
6591,4099,33,476,0,1065,283,12547,2490,15037,0.0643449,0.340283,-0.938119,0
6452,3766,29,454,0,976,252,11929,2134,14063,0.0609158,0.296531,-0.953079,0
5937,3434,31,413,0,946,237,10998,2436,13434,0.0734718,0.304595,-0.949644,0
6408,3547,31,418,0,934,238,11576,2355,13931,0.0773636,0.262347,-0.961867,0
4373,2139,20,289,0,575,151,7547,1412,8959,0.0996359,0.267689,-0.95834,0
5712,2567,26,320,0,726,183,9534,2131,11665,0.0948026,0.237479,-0.966756,0
7184,3076,31,375,0,582,137,11385,1842,13227,0.0971953,0.270759,-0.957728,0
3394,1271,15,161,0,346,90,5277,1484,6761,0.0792597,0.211639,-0.974129,0
5895,1829,29,242,0,536,138,8669,2762,11431,0.0957823,0.235436,-0.967159,0
5922,1494,26,209,0,435,113,8199,2734,10933,0.0861245,0.195364,-0.976942,0
5466,1207,26,170,0,361,98,7328,2920,10248,0.0900852,0.199055,-0.975839,0
5555,1031,27,152,0,313,82,7160,2497,9657,0.0785806,0.17471,-0.98148,0
6481,949,25,146,0,295,79,7975,2368,10343,0.0930436,0.174176,-0.980309,0
3918,746,22,115,0,216,58,5075,1516,6591,0.0913419,0.161066,-0.982708,0
6466,1145,27,212,0,347,95,8292,2072,10364,0.0904434,0.162189,-0.982606,0
6162,1343,26,191,0,382,105,8209,1786,9995,0.078836,0.134943,-0.987712,0
5793,1459,27,212,0,492,123,8106,1097,9203,0.0886893,0.161295,-0.982913,0
4138,1207,18,166,0,456,139,6124,1044,7168,0.0885789,0.191358,-0.977515,0
6460,2035,27,273,0,599,153,9547,753,10300,0.0665694,0.144396,-0.987278,0
6109,2499,27,362,0,673,178,9848,859,10707,0.081162,0.154506,-0.984653,0
6193,3013,28,364,0,853,203,10654,951,11605,0.0964456,0.133505,-0.986344,0
6298,3582,27,419,0,922,234,11482,1238,12720,0.0841872,0.150599,-0.985004,0
5521,3768,26,426,0,960,246,10947,1558,12505,0.0704488,0.149085,-0.986312,0
7933,4140,27,479,0,1076,361,14016,2758,16774,0.078091,0.274015,-0.95855,0
4801,2406,14,249,0,565,155,8190,2189,10379,0.0557193,0.224271,-0.972933,0
2399,1310,9,142,0,318,79,4257,1423,5680,0.0298245,0.131833,-0.990823,0
6479,3404,27,424,0,930,240,11504,5098,16602,0.0858516,0.223764,-0.970855,0
3539,1421,11,154,0,345,87,5557,2381,7938,0.0651968,0.153231,-0.986038,0
2189,856,23,106,0,243,61,3478,1999,5477,0.0479693,0.0961145,-0.994214,0
6451,2477,32,263,0,590,152,9965,3867,13832,0.0469139,0.114524,-0.992312,0
5866,1746,28,225,0,517,128,8510,3521,12031,0.0851376,0.302436,-0.94936,0
5441,1063,24,143,0,329,80,7080,2221,9301,0.0726247,0.262127,-0.962297,0
2449,531,11,72,0,164,40,3267,974,4241,0.0434852,0.184741,-0.981825,0
2313,573,11,79,0,179,44,3199,934,4133,0.0338966,0.172826,-0.984369,0
6342,1471,26,200,0,485,116,8640,2142,10782,0.0758092,0.365032,-0.927903,0
4067,782,12,107,0,245,60,5273,1092,6365,0.0531982,0.285196,-0.956992,0
2496,643,10,89,0,211,53,3502,843,4345,0.0417059,0.226415,-0.973138,0
5999,1779,27,254,0,553,140,8752,2002,10754,0.061922,0.282805,-0.957177,0
6078,2013,23,276,0,651,161,9202,1981,11183,0.0840684,0.337226,-0.937663,0
6085,2341,24,371,0,662,174,9657,2050,11707,0.0735313,0.297049,-0.952027,0
6251,2412,18,238,0,539,137,9595,1699,11294,0.105115,0.37484,-0.921111,0
3257,1790,13,212,0,480,123,5875,1459,7334,0.0831542,0.308111,-0.947709,0
6473,4008,27,454,0,1007,261,12230,3344,15574,0.0991011,0.344408,-0.933576,0
6439,4368,31,497,0,1120,284,12739,2671,15410,0.0723144,0.285387,-0.95568,0
4453,2668,23,313,0,680,179,8316,1650,9966,0.0856008,0.297693,-0.950816,0
6962,3656,30,454,0,1010,269,12381,1846,14227,0.0809049,0.331942,-0.939824,0
6343,3537,32,429,0,911,231,11483,2439,13922,0.072355,0.338524,-0.938172,0
4256,2021,32,375,0,745,176,7605,1457,9062,0.0535192,0.271443,-0.960966,0
6610,2657,42,312,0,669,171,10461,1625,12086,0.0489498,0.32303,-0.945122,0
6290,2060,43,265,0,607,151,9416,1402,10818,0.0434796,0.252341,-0.966661,0
6867,1881,26,234,0,509,129,9646,1805,11451,0.0441199,0.274046,-0.960704,0
6976,1729,18,133,0,289,73,9218,1257,10475,0.0359572,0.190721,-0.980986,0
4129,735,28,107,0,259,59,5317,1296,6613,0.0377328,0.211154,-0.976724,0
5455,873,27,149,0,311,75,6890,1967,8857,0.046444,0.209841,-0.976632,0
5234,745,26,117,0,232,62,6416,1633,8049,0.0552497,0.212157,-0.975672,0
5818,843,25,132,0,259,70,7147,1546,8693,0.0579905,0.171833,-0.983418,0
5506,993,25,150,0,306,83,7063,1555,8618,0.0505172,0.169849,-0.984174,0
5784,1140,28,174,0,336,94,7556,1696,9252,0.0318563,0.172097,-0.984565,0
5776,1622,34,307,0,531,156,8426,1792,10218,0.0138731,0.203536,-0.978969,0
5884,1658,27,231,0,461,129,8390,1507,9897,0.00840308,0.183287,-0.983023,0
6750,1998,27,277,0,529,148,9729,1115,10844,-0.00251682,0.230214,-0.973137,0
5978,2403,27,307,0,626,168,9509,520,10029,0.0108751,0.0335878,-0.999377,0
4236,2158,20,253,0,530,143,7340,2554,9894,-0.026021,0.180627,-0.983207,0
7044,3592,28,422,0,906,239,12231,833,13064,-0.0441633,0.282085,-0.958372,0
6506,4255,26,485,0,792,191,12255,572,12827,-0.000282746,0.166041,-0.986119,0
4766,3484,28,422,0,777,206,9683,1485,11168,0.0070858,0.168335,-0.985704,0
6746,4266,28,494,0,1067,275,12876,3193,16069,0.00443482,0.178638,-0.983905,0
3408,1959,15,227,0,511,129,6249,2401,8650,-0.00985031,0.156428,-0.98764,0
8200,4535,36,581,0,1006,217,14575,4129,18704,-0.0126253,0.151995,-0.988301,0
3212,1333,15,165,0,375,94,5194,3042,8236,-0.0163767,0.134822,-0.990734,0
5907,2065,28,259,0,585,145,8989,5488,14477,-0.0352701,0.155816,-0.987156,0
5726,1576,28,211,0,495,129,8165,4747,12912,-0.0339552,0.110029,-0.993348,0
3983,938,19,128,0,293,72,5433,2851,8284,-0.0397588,0.154984,-0.987116,0
6566,1416,31,193,0,455,107,8768,3570,12338,-0.0330007,0.174258,-0.984147,0
4007,912,20,124,0,300,75,5438,1968,7406,-0.0446372,0.221915,-0.974044,0
6216,1420,26,198,0,432,108,8400,2611,11011,-0.0504275,0.21911,-0.974396,0
6447,1675,24,222,0,471,122,8961,2070,11031,-0.0565772,0.282607,-0.957566,0
5967,1595,22,223,0,492,133,8432,2108,10540,-0.0615469,0.302695,-0.951098,0
6175,1735,23,250,0,494,135,8812,2152,10964,-0.0592723,0.344001,-0.937097,0
6004,1920,45,254,0,553,148,8924,2165,11089,-0.0493142,0.360383,-0.9315,0
6005,2271,23,289,0,596,163,9347,2268,11615,-0.0363613,0.366156,-0.929843,0
6124,2665,24,332,0,666,131,9942,1795,11737,-0.0328519,0.376218,-0.925949,0
5664,2897,22,371,0,728,200,9882,2453,12335,-0.0288162,0.37738,-0.92561,0
5613,3580,26,402,0,849,228,10698,2600,13298,-0.0234516,0.359567,-0.932825,0
6789,4383,31,496,0,1110,284,13093,3100,16193,-0.0250401,0.391986,-0.91963,0
4442,2860,22,330,0,732,187,8573,2017,10590,-0.0140273,0.32442,-0.94581,0
7276,4082,23,325,0,759,199,12664,1669,14333,-0.0132884,0.342466,-0.939436,0
4717,2572,23,334,0,678,175,8499,1476,9975,-0.00578793,0.274178,-0.961661,0
5731,2482,26,311,0,693,208,9451,1996,11447,-0.0181556,0.30815,-0.951165,0
6613,2608,29,287,0,692,177,10406,1841,12247,-0.0165215,0.258012,-0.966001,0
4485,1443,20,181,0,405,101,6635,1264,7899,-0.0325045,0.265719,-0.963503,0
6740,1955,30,254,0,554,139,9672,2065,11737,-0.0330221,0.228798,-0.972914,0
6626,1778,28,210,0,464,137,9243,2453,11696,-0.051007,0.259071,-0.964511,0
6489,1448,31,198,0,474,111,8751,2339,11090,-0.0446155,0.217248,-0.975096,0
4213,805,20,109,0,263,61,5471,1785,7256,-0.062157,0.22441,-0.97251,0
6087,923,29,143,0,303,76,7561,2484,10045,-0.0524679,0.196794,-0.97904,0
5708,864,26,134,0,267,70,7069,2107,9176,-0.0665187,0.203458,-0.976822,0
5630,1035,25,158,0,307,84,7239,1661,8900,-0.0534057,0.184939,-0.981298,0
3951,945,17,131,0,254,70,5368,1120,6488,-0.0525216,0.165393,-0.984828,0
6748,1822,31,252,0,483,136,9472,1492,10964,-0.0762391,0.182421,-0.98026,0
6577,2161,29,298,0,580,161,9806,1319,11125,-0.0749242,0.176327,-0.981476,0
4620,1909,42,240,0,476,131,7418,854,8272,-0.0652921,0.214499,-0.97454,0
6562,3112,26,441,0,785,217,11143,759,11902,-0.0391271,0.212361,-0.976408,0
6521,3796,26,459,0,703,173,11678,582,12260,-0.0366863,0.210812,-0.976838,0
6596,3715,18,343,0,754,196,11622,684,12306,-0.0299047,0.196289,-0.98009,0
4686,3465,19,392,0,861,223,9646,942,10588,-0.0574361,0.183047,-0.981425,0
7787,5089,27,580,0,909,219,14611,1639,16250,-0.0812324,0.181928,-0.97995,0
3477,2357,17,272,0,600,155,6878,2205,9083,-0.0503152,0.136565,-0.989352,0
6687,4062,27,479,0,1081,275,12611,5049,17660,-0.0758097,0.167481,-0.982956,0
4502,2853,24,363,0,650,172,8564,2954,11518,-0.0579513,0.12092,-0.990969,0
3997,1636,16,201,0,513,118,6481,3280,9761,-0.0683741,0.131112,-0.989007,0
6955,2197,26,288,0,700,167,10333,5452,15785,-0.0878064,0.186462,-0.978531,0
5968,2269,31,269,0,617,131,9285,3059,12344,-0.0891658,0.176321,-0.980286,0
3111,952,17,145,0,278,70,4573,1948,6521,-0.0948162,0.155303,-0.983306,0
6182,1805,30,253,0,515,133,8918,3449,12367,-0.128675,0.215947,-0.967889,0
6053,1984,27,248,0,554,143,9009,3290,12299,-0.13531,0.240411,-0.961194,0
4244,1456,17,218,0,398,104,6437,2132,8569,-0.132854,0.228307,-0.964482,0
6871,2100,23,268,0,562,152,9976,2694,12670,-0.133146,0.223463,-0.965576,0
6151,2106,36,263,0,548,148,9252,2417,11669,-0.152781,0.281192,-0.947412,0
6310,2126,42,272,0,568,155,9473,2131,11604,-0.140412,0.233301,-0.962214,0
4272,1603,15,203,0,443,116,6652,1794,8446,-0.15374,0.277876,-0.948235,0
6212,2566,24,328,0,732,181,10043,2717,12760,-0.154518,0.316306,-0.935989,0
4342,2395,17,252,0,618,147,7771,1894,9665,-0.143126,0.31422,-0.938499,0
6372,3594,25,415,0,892,238,11536,2654,14190,-0.144688,0.352464,-0.924573,0
6506,4313,27,486,0,1066,281,12679,3605,16284,-0.202082,0.470508,-0.858944,0
3504,2356,12,236,0,514,134,6756,1675,8431,-0.164791,0.370134,-0.914245,0
2366,1759,12,217,0,439,112,4905,1106,6011,-0.141668,0.324499,-0.935217,0
4394,2937,24,343,0,743,192,8633,1841,10474,-0.126401,0.271039,-0.954233,0
6524,3817,31,506,0,1016,261,12155,2560,14715,-0.142005,0.291306,-0.946032,0
6327,3211,30,384,0,923,241,11116,2494,13610,-0.112825,0.224193,-0.967992,0
5580,2410,26,296,0,671,167,9150,2129,11279,-0.128152,0.243568,-0.96138,0
6119,2432,29,301,0,700,170,9751,2155,11906,-0.112915,0.219097,-0.969147,0
6804,2280,27,289,0,667,163,10230,1968,12198,-0.10497,0.212474,-0.971512,0
4216,1527,19,193,0,433,108,6496,1546,8042,-0.0997322,0.191889,-0.976336,0
6517,1921,27,247,0,578,143,9433,2404,11837,-0.118609,0.204591,-0.971635,0
6186,1654,26,219,0,512,128,8725,2659,11384,-0.0845884,0.162991,-0.982995,0
5682,1405,25,190,0,415,106,7823,2652,10475,-0.0761014,0.176827,-0.981295,0
5773,1313,24,155,0,323,84,7672,2413,10085,-0.0553861,0.142455,-0.98825,0
5741,1038,27,162,0,361,91,7420,2592,10012,-0.0988127,0.185067,-0.977745,0
5231,1042,30,155,0,304,82,6844,2020,8864,-0.077938,0.163181,-0.983513,0
5608,1594,34,231,0,378,106,7951,2120,10071,-0.0804068,0.15116,-0.985234,0
5760,1504,29,257,0,457,124,8131,1980,10111,-0.108457,0.165886,-0.980163,0
4232,1342,19,176,0,349,137,6255,1241,7496,-0.0939651,0.160274,-0.98259,0
5892,2209,26,285,0,581,160,9153,1445,10598,-0.0620033,0.132458,-0.989248,0
6361,2585,26,357,0,659,184,10172,1142,11314,-0.0823968,0.188388,-0.978632,0
6179,3049,27,369,0,829,213,10666,1039,11705,-0.0793287,0.180578,-0.980356,0
5719,3086,31,392,0,756,202,10186,680,10866,-0.0617108,0.158563,-0.985419,0
5821,3433,23,433,0,838,221,10769,828,11597,-0.0579982,0.128873,-0.989964,0
5795,3573,23,418,0,912,238,10959,932,11891,-0.00212839,0.135111,-0.990828,0
6350,4110,23,523,0,1008,258,12272,1656,13928,-0.0654584,0.113824,-0.991342,0
4405,3170,18,349,0,783,216,8941,829,9770,-0.0484774,0.105485,-0.993238,0
6719,4873,27,566,0,1196,312,13693,1742,15435,-0.0369429,0.0760859,-0.996417,0
7447,4737,32,592,0,1169,315,14292,3647,17939,-0.0934416,0.182165,-0.978818,0
3452,1954,16,220,0,475,120,6237,2035,8272,-0.0322997,0.0931345,-0.99513,0
2023,1181,8,142,0,318,81,3753,1738,5491,-0.0299694,0.0826793,-0.996126,0
7342,3759,29,447,0,1041,252,12870,5873,18743,-0.0530867,0.10288,-0.993276,0
7199,3143,28,384,0,875,222,11851,6998,18849,-0.148394,0.19865,-0.968771,0
3440,1080,11,138,0,315,80,5064,2565,7629,-0.0924532,0.131649,-0.986976,0
1938,718,8,91,0,207,53,3015,1610,4625,-0.0579654,0.0802228,-0.99509,0
6412,2181,28,283,0,627,184,9715,4584,14299,-0.163032,0.184645,-0.969189,0
3798,1131,15,148,0,328,84,5504,2173,7677,-0.121048,0.12879,-0.984257,0
2145,808,10,103,0,235,60,3361,1396,4757,-0.101879,0.0937394,-0.99037,0
5699,2160,26,276,0,602,155,8918,3278,12196,-0.111417,0.110571,-0.987603,0
6261,2529,28,316,0,679,178,9991,3165,13156,-0.112898,0.123099,-0.985952,0
6307,2391,27,345,0,660,176,9906,3111,13017,-0.124626,0.157658,-0.979598,0
5867,2078,22,275,0,605,165,9012,2716,11728,-0.127062,0.178204,-0.975756,0
5568,2050,21,267,0,571,153,8630,2736,11366,-0.110273,0.181681,-0.977155,0
6884,2292,21,298,0,652,171,10318,2847,13165,-0.0995569,0.168853,-0.9806,0
6228,2462,24,312,0,679,181,9886,2900,12786,-0.132309,0.237767,-0.962269,0
4371,1855,16,225,0,473,130,7070,2001,9071,-0.134003,0.221238,-0.96597,0
6356,2940,23,354,0,740,203,10616,3000,13616,-0.157223,0.236422,-0.958846,0
6408,3273,41,406,0,955,278,11361,3118,14479,-0.141936,0.217155,-0.965763,0
4484,2721,17,310,0,672,179,8383,2272,10655,-0.176492,0.244873,-0.953356,0
6620,4563,41,562,0,1123,308,13217,2998,16215,-0.184712,0.256864,-0.948632,0
4656,3592,20,394,0,904,226,9792,2909,12701,-0.198775,0.275331,-0.940575,0
5113,3718,21,415,0,897,255,10419,2322,12741,-0.170933,0.236118,-0.956572,0
4544,3346,22,397,0,844,216,9369,1672,11041,-0.176255,0.243756,-0.953686,0
6696,4592,31,577,0,1180,305,13381,2030,15411,-0.154746,0.235328,-0.959518,0
4581,3377,23,396,0,740,194,9311,1787,11098,-0.145321,0.250215,-0.957223,0
6427,3655,31,434,0,951,255,11753,1768,13521,-0.132244,0.218,-0.966948,0
6453,3299,31,514,0,1237,306,11840,1747,13587,-0.207415,0.362626,-0.90856,0
4155,1598,15,189,0,396,109,6462,1060,7522,-0.164757,0.313673,-0.935128,0
2687,1061,12,135,0,284,75,4254,1029,5283,-0.0904691,0.194053,-0.976811,0
3338,1410,16,150,0,314,84,5312,1642,6954,-0.114136,0.213315,-0.970294,0
5908,1689,29,221,0,463,123,8433,2917,11350,-0.14779,0.240867,-0.95924,0
5782,1383,27,225,0,399,109,7925,2879,10804,-0.120524,0.214103,-0.969347,0
5539,1213,27,179,0,360,99,7417,2389,9806,-0.129869,0.239498,-0.962172,0
5548,1418,25,193,0,386,106,7676,2246,9922,-0.095683,0.188125,-0.977473,0
6171,1690,29,236,0,457,127,8710,2167,10877,-0.105426,0.19543,-0.975035,0
6010,2279,27,311,0,554,156,9337,1868,11205,-0.0818741,0.163386,-0.983159,0
4268,1876,19,232,0,459,144,6998,1084,8082,-0.0794916,0.1485,-0.985712,0
6253,3230,27,376,0,805,215,10906,1088,11994,-0.0591503,0.12215,-0.990748,0
4391,2489,19,295,0,626,177,7997,586,8583,-0.0145368,0.147265,-0.98899,0
7108,4179,27,447,0,945,279,12985,1771,14756,-0.0710045,0.177761,-0.981509,0
4726,2942,18,349,0,697,187,8919,820,9739,-0.0655569,0.175578,-0.98228,0
6777,4744,26,508,0,1422,294,13771,1558,15329,-0.0716617,0.174172,-0.982104,0
4696,3391,41,401,0,801,214,9544,1404,10948,-0.0828655,0.154072,-0.984579,0
6139,4129,22,480,0,1075,305,12150,2745,14895,-0.0957436,0.142241,-0.985191,0
4350,2919,18,329,0,750,191,8557,2950,11507,-0.106689,0.134281,-0.985183,0
5472,3338,22,413,0,880,230,10355,4282,14637,-0.0950082,0.10403,-0.990026,0
4018,2321,16,281,0,602,158,7396,3272,10668,-0.0814086,0.0875691,-0.992827,0
6401,3497,26,413,0,1023,275,11635,5418,17053,-0.0703135,0.0877926,-0.993654,0
4540,2022,18,280,0,607,148,7615,4487,12102,-0.0572731,0.0956769,-0.993763,0
5471,2323,24,325,0,649,171,8963,5246,14209,-0.0537641,0.0728838,-0.995891,0
4078,1441,18,188,0,413,108,6246,3120,9366,-0.0767144,0.0832978,-0.993567,0
5999,2069,29,267,0,647,209,9220,4468,13688,-0.072633,0.0940138,-0.992918,0
4417,1441,22,190,0,398,104,6572,2954,9526,-0.075407,0.11667,-0.990304,0
6371,1974,29,263,0,588,151,9376,4006,13382,-0.0703226,0.0958877,-0.992905,0
4406,1464,19,187,0,438,110,6624,2437,9061,-0.0964134,0.125556,-0.987391,0
6808,2483,30,338,0,580,171,10410,2938,13348,-0.0999761,0.138412,-0.985316,0
4459,1453,18,188,0,390,106,6614,2074,8688,-0.129756,0.174095,-0.976143,0
6527,2071,24,274,0,602,163,9661,3114,12775,-0.123135,0.159954,-0.979414,0
6235,2146,25,281,0,657,163,9507,2196,11703,-0.145976,0.236067,-0.96071,0
4228,1680,16,223,0,421,118,6686,1863,8549,-0.122614,0.200891,-0.97191,0
6663,2542,24,312,0,649,177,10367,2628,12995,-0.135357,0.241672,-0.960871,0
4376,2019,16,237,0,489,134,7271,2003,9274,-0.119219,0.197886,-0.972948,0
6307,3133,26,374,0,779,214,10833,3145,13978,-0.141463,0.234832,-0.961687,0
6357,3396,45,397,0,950,259,11404,3249,14653,-0.124069,0.199038,-0.972106,0
4543,2500,16,292,0,630,179,8160,2053,10213,-0.104334,0.198326,-0.974567,0
5802,3528,24,397,0,865,285,10901,2169,13070,-0.0912297,0.179524,-0.979515,0
6102,3413,23,409,0,832,252,11031,2455,13486,-0.0832625,0.187822,-0.978668,0
5222,3208,20,369,0,767,209,9795,2355,12150,-0.077727,0.168638,-0.982609,0
5608,3539,23,383,0,798,217,10568,2085,12653,-0.0858617,0.168477,-0.981959,0
3864,2554,17,330,0,608,165,7538,2067,9605,-0.0798561,0.147477,-0.985837,0
6517,4333,28,490,0,1040,281,12689,2906,15595,-0.079182,0.162726,-0.983489,0
6784,4700,29,534,0,1097,292,13436,4450,17886,-0.0772528,0.215084,-0.973535,0
3643,2277,13,228,0,484,128,6773,2034,8807,-0.0659232,0.146668,-0.986987,0
2163,1429,10,164,0,355,93,4214,1496,5710,-0.0649422,0.11159,-0.99163,0
2629,1772,15,216,0,432,113,5177,1760,6937,-0.0560108,0.085849,-0.994733,0
6603,4526,33,558,0,1189,329,13238,3586,16824,-0.0605724,0.106936,-0.992419,0
4753,3159,23,355,0,817,224,9331,2418,11749,-0.0549249,0.103332,-0.993129,0
3402,2308,17,302,0,574,151,6754,1708,8462,-0.0522426,0.0914607,-0.994437,0
5602,3738,27,440,0,885,239,10931,2530,13461,-0.0452256,0.0853227,-0.995326,0
5367,3601,26,416,0,987,237,10634,3153,13787,-0.0361141,0.0687751,-0.996978,0
3930,2895,30,326,0,676,177,8034,1900,9934,-0.0321681,0.0620709,-0.997553,0
6530,4602,32,536,0,1111,297,13108,3365,16473,-0.0259437,0.057012,-0.998036,0
4506,3182,22,360,0,786,204,9060,2162,11222,-0.0170321,0.0517755,-0.998513,0
5879,4027,28,482,0,1058,313,11787,2552,14339,-0.013646,0.0493499,-0.998688,0
4427,2977,21,373,0,747,193,8738,2092,10830,-0.0121475,0.0538342,-0.998476,0
6519,4544,33,559,0,1186,301,13142,3124,16266,-0.0129395,0.0594875,-0.998145,0
4986,3251,28,372,0,778,226,9641,2221,11862,-0.01624,0.066182,-0.997675,0
4472,3101,22,364,0,799,207,8965,2339,11304,-0.0196913,0.0706532,-0.997306,0
4430,3389,23,407,0,818,208,9275,2508,11783,-0.0205481,0.0748473,-0.996983,0
6999,4450,23,387,0,791,207,12857,2414,15271,-0.0210209,0.0759798,-0.996888,0
5862,2899,24,344,0,724,190,10043,1840,11883,-0.019073,0.0765671,-0.996882,0
3792,2700,19,334,0,944,233,8022,1967,9989,-0.0191271,0.0738028,-0.99709,0
6407,4472,30,528,0,1143,297,12877,2517,15394,-0.0140302,0.077465,-0.996896,0
5229,3647,25,430,0,1035,246,10612,2488,13100,-0.0131015,0.0728697,-0.997255,0
5316,3687,26,452,0,929,218,10628,1855,12483,-0.0104881,0.0715067,-0.997385,0
4877,3691,26,401,0,852,223,10070,2492,12562,-0.0121376,0.0672695,-0.997661,0
6643,4620,32,540,0,1154,309,13298,2337,15635,-0.00930719,0.0685201,-0.997606,0
6488,4529,32,573,0,1156,310,13088,3288,16376,-0.0072009,0.0646017,-0.997885,0
4478,2452,31,283,0,608,159,8011,1637,9648,-0.00896125,0.0575937,-0.9983,0
2752,1958,16,229,0,492,128,5575,1393,6968,-0.00995116,0.0522154,-0.998586,0
6458,4567,35,572,0,1159,302,13093,2953,16046,-0.00912045,0.0483509,-0.998789,0
4474,3202,25,372,0,800,207,9080,1697,10777,-0.0106956,0.0464779,-0.998862,0
4435,2969,26,387,0,744,197,8758,2349,11107,-0.00974238,0.0442183,-0.998975,0
6497,4576,33,537,0,1158,302,13103,3217,16320,-0.0101512,0.0439803,-0.998981,0
