Downsample[ns],BuildFilTree[ns],SearchFil[ns],DeleteFil[ns],BuildTreeSub[ns],SearchSub[ns],DeleteSub[ns],PreProcTotal[ns],Plane[ns],Total[ns],nx,ny,nz,planeCount
6202,3446,55,316,2472,46,218,12755,1089,13844,-0.00838127,0.0351865,-0.999345,0
3412,1873,17,224,1826,33,125,7510,926,8436,-0.00947211,0.0347044,-0.999353,0
3432,2033,17,227,1949,27,129,7814,904,8718,-0.00801961,0.0337028,-0.9994,0
6340,3666,32,464,3547,56,260,14365,1250,15615,-0.0118597,0.03549,-0.9993,0
4363,2508,23,296,2459,35,167,9851,1149,11000,-0.00771723,0.032658,-0.999437,0
5467,3278,30,387,3192,51,217,12622,1497,14119,-0.00922319,0.0334761,-0.999397,0
4914,3057,26,374,2956,44,200,11571,1292,12863,-0.0115755,0.0265705,-0.99958,0
4866,2968,26,343,2936,49,221,11409,1284,12693,-0.0137611,0.0331689,-0.999355,0
6165,3658,31,447,3654,48,270,14273,1471,15744,-0.016413,0.0426195,-0.998956,0
4678,2574,22,293,2491,36,165,10259,1109,11368,-0.010719,0.0376956,-0.999232,0
6208,3885,39,578,3609,55,245,14619,1683,16302,-0.00652004,0.0352542,-0.999357,0
6978,3565,23,293,2448,34,166,13507,1147,14654,-0.00696427,0.0324223,-0.99945,0
3204,1902,17,224,1846,26,125,7344,834,8178,-0.00780886,0.0254513,-0.999646,0
6079,3822,35,427,3890,60,247,14560,1844,16404,-0.00680025,0.0287893,-0.999562,0
5404,3306,29,430,3231,45,221,12666,1240,13906,-0.00701759,0.0297365,-0.999533,0
3851,2389,20,275,2394,40,157,9126,1046,10172,-0.0106997,0.0302013,-0.999487,0
3808,2415,25,418,2649,42,159,9516,1002,10518,-0.0102275,0.0265002,-0.999596,0
5898,4187,32,462,3562,62,266,14469,1424,15893,-0.0133873,0.0271163,-0.999543,0
6099,3560,33,423,3659,58,267,14099,1243,15342,-0.00687997,0.0287601,-0.999563,0
4140,2624,24,310,2523,39,193,9853,1083,10936,-0.00962218,0.0268315,-0.999593,0
6431,3641,32,430,3606,56,241,14437,1385,15822,-0.00765042,0.0305993,-0.999502,0
4205,2541,22,298,2494,34,167,9761,1154,10915,-0.00899175,0.0331207,-0.999411,0
5559,4073,33,410,3419,52,222,13768,1071,14839,-0.014545,0.0276557,-0.999512,0
3913,2415,21,278,2308,35,156,9126,1053,10179,-0.012713,0.0325928,-0.999388,0
6771,3636,32,443,3593,76,250,14801,1200,16001,-0.0156057,0.029388,-0.999446,0
4132,2570,23,295,2535,48,170,9773,1112,10885,-0.00985456,0.0331074,-0.999403,0
5939,3686,32,433,3615,69,243,14017,1597,15614,-0.0106452,0.0332826,-0.999389,0
6260,4012,33,436,3922,104,374,15141,1199,16340,-0.00981389,0.0319307,-0.999442,0
4228,2594,22,297,2497,40,168,9846,1143,10989,-0.0113364,0.0343694,-0.999345,0
4273,2636,22,299,2520,55,204,10009,1218,11227,-0.0109917,0.0334638,-0.999379,0
6271,3709,33,492,3396,49,172,14122,1112,15234,-0.00907538,0.0310381,-0.999477,0
4135,2602,21,308,2531,37,174,9808,1097,10905,-0.0152583,0.0342402,-0.999297,0
6150,3740,30,432,3670,48,250,14320,1642,15962,-0.0132499,0.0345648,-0.999315,0
6246,3729,31,433,2842,52,170,13503,1114,14617,-0.0125712,0.0371922,-0.999229,0
3301,2289,18,231,1987,35,129,7990,855,8845,-0.0106836,0.037242,-0.999249,0
6739,3729,69,438,3800,55,254,15084,1595,16679,-0.0100002,0.0363309,-0.99929,0
5996,3470,21,298,2538,46,169,12538,1150,13688,-0.00983366,0.0324332,-0.999426,0
3142,1988,16,228,1979,24,135,7512,928,8440,-0.0112281,0.0329509,-0.999394,0
6002,3710,30,432,3690,54,249,14167,1608,15775,-0.0157667,0.0309709,-0.999396,0
6007,3741,30,431,3416,46,168,13839,1128,14967,-0.0147878,0.0361833,-0.999236,0
5415,3358,29,391,3243,48,241,12725,1352,14077,-0.012999,0.0388098,-0.999162,0
6301,3818,30,434,3482,38,173,14276,1096,15372,-0.0103059,0.033597,-0.999382,0
3176,2121,20,232,1972,30,147,7698,871,8569,-0.0121815,0.0357956,-0.999285,0
6140,3833,31,432,3977,56,248,14717,1672,16389,-0.0125938,0.0312755,-0.999432,0
4408,2713,23,333,2502,36,171,10186,1054,11240,-0.0101102,0.0303544,-0.999488,0
5654,3497,29,435,3425,48,226,13314,1524,14838,-0.00684096,0.0296969,-0.999536,0
5629,3449,27,439,3362,39,163,13108,1097,14205,0.00220754,0.0299274,-0.999549,0
3885,2536,20,285,2429,56,164,9375,1052,10427,-0.00265171,0.0325749,-0.999466,0
5980,3805,31,447,3753,55,267,14338,1159,15497,-0.00798831,0.0324872,-0.99944,0
4129,2663,21,306,2651,41,177,9988,1138,11126,-0.00925791,0.0326562,-0.999424,0
6139,4019,32,448,3894,50,283,14865,1324,16189,-0.00936597,0.0309019,-0.999479,0
4142,2709,21,308,2725,34,195,10134,1153,11287,-0.00769154,0.035076,-0.999355,0
5813,3561,29,403,3488,46,231,13571,1292,14863,-0.0110668,0.0388844,-0.999182,0
3839,2572,19,286,2499,31,166,9412,1066,10478,-0.00858607,0.0371391,-0.999273,0
6039,3966,39,471,3943,51,257,14766,1709,16475,-0.00925941,0.0389094,-0.9992,0
4224,2750,21,308,2626,33,174,10136,1157,11293,-0.0104935,0.0403402,-0.999131,0
5968,3831,30,444,3790,52,252,14367,1484,15851,-0.0122314,0.0445692,-0.998931,0
5982,3801,31,456,3772,70,271,14383,1578,15961,-0.0123328,0.0487295,-0.998736,0
6101,3876,31,440,3208,45,213,13914,1119,15033,-0.0144119,0.0516344,-0.998562,0
4163,2601,22,302,2597,46,174,9905,1115,11020,-0.0140988,0.0482425,-0.998736,0
5485,3395,27,392,3315,48,222,12884,1590,14474,-0.0111116,0.0492009,-0.998727,0
5444,3365,27,413,3324,57,226,12856,1512,14368,-0.00946878,0.0468254,-0.998858,0
3880,2411,23,279,2366,50,180,9189,1059,10248,-0.012012,0.0416521,-0.99906,0
6678,3819,33,437,4268,86,252,15573,1367,16940,-0.00805449,0.0436534,-0.999015,0
4192,2548,22,300,2510,47,171,9790,1071,10861,-0.0138483,0.0374898,-0.999201,0
4139,2709,22,302,2539,42,172,9925,1109,11034,-0.0121945,0.0383931,-0.999189,0
6123,3398,29,390,3342,70,230,13582,1477,15059,-0.00926108,0.0369392,-0.999275,0
3824,2407,20,276,2364,39,158,9088,1099,10187,-0.00849585,0.0359938,-0.999316,0
6009,3780,32,438,3651,72,246,14228,1535,15763,-0.0120131,0.0385945,-0.999183,0
5975,2627,21,299,2681,28,133,11764,893,12657,-0.0100305,0.037144,-0.99926,0
2991,1874,15,216,1823,32,128,7079,794,7873,-0.011851,0.038832,-0.999176,0
6102,3867,34,445,3678,68,248,14442,1744,16186,-0.00998631,0.0405172,-0.999129,0
6023,3746,30,445,3436,51,178,13909,1158,15067,-0.00680587,0.0381913,-0.999247,0
5393,3366,27,390,3320,60,223,12779,1429,14208,-0.0088566,0.0294105,-0.999528,0
5371,3335,29,391,3299,67,223,12715,1416,14131,-0.00317551,0.0348052,-0.999389,0
6040,3751,38,434,3719,57,250,14289,1375,15664,-0.00815713,0.0358051,-0.999325,0
4121,2659,24,350,2595,45,173,9967,853,10820,-0.0154088,0.037076,-0.999193,0
5987,3782,31,450,3658,84,249,14241,1720,15961,-0.0107435,0.0378143,-0.999227,0
6089,3721,31,438,3510,48,172,14009,988,14997,-0.0147359,0.043488,-0.998945,0
3167,1900,17,229,1868,26,129,7336,826,8162,-0.00913789,0.0359193,-0.999313,0
5935,3754,41,432,3636,52,243,14093,1671,15764,-0.00872585,0.0408335,-0.999128,0
6118,3617,29,459,3507,54,172,13956,1088,15044,-0.0141231,0.0487512,-0.998711,0
4156,2596,22,295,2509,42,170,9790,1092,10882,-0.0141197,0.0532694,-0.998481,0
6055,3723,29,455,3582,48,267,14159,1686,15845,-0.0129934,0.0599224,-0.998119,0
5988,3591,32,422,3549,71,241,13894,1595,15489,-0.0150049,0.0712111,-0.997348,0
4038,2507,20,289,2446,35,168,9503,1125,10628,-0.00798243,0.0827759,-0.996536,0
5964,3433,32,407,3370,43,234,13483,1511,14994,-0.00844474,0.106563,-0.994271,0
5944,3417,30,411,3352,55,235,13444,1258,14702,-0.00768028,0.106972,-0.994233,0
5176,2968,27,351,2952,53,207,11734,1410,13144,-0.0136375,0.125199,-0.992038,0
5237,2918,27,365,2847,58,201,11653,1383,13036,-0.00614031,0.126501,-0.991948,0
4798,2484,25,310,2523,51,175,10366,1343,11709,-0.0147735,0.117612,-0.99295,0
5866,2731,31,341,2704,68,196,11937,1612,13549,-0.029119,0.117558,-0.992639,0
5800,2413,41,316,2361,78,177,11186,1636,12822,-0.0466874,0.136328,-0.989563,0
5130,2058,28,267,1971,47,147,9648,1459,11107,-0.0316153,0.142665,-0.989266,0
5745,2166,30,313,2137,60,161,10612,1433,12045,-0.0120161,0.167585,-0.985784,0
5774,2001,27,307,1996,48,157,10310,1475,11785,-0.00741477,0.163653,-0.98649,0
5576,1907,41,253,1876,58,144,9855,1459,11314,-0.0136532,0.166571,-0.985935,0
5724,1782,29,237,1805,67,139,9783,1419,11202,-0.0168611,0.182612,-0.983041,0
5586,1727,27,240,1686,56,129,9451,1406,10857,-0.0106888,0.176252,-0.984287,0
5698,1631,26,222,1592,67,152,9388,1523,10911,-0.0201372,0.16841,-0.985511,0
5590,1477,26,197,1385,55,110,8840,1441,10281,-0.029691,0.197173,-0.979919,0
5524,1221,26,172,1193,79,120,8335,1489,9824,-0.0170016,0.181409,-0.983261,0
3958,920,19,111,750,37,58,5853,1052,6905,-0.0022444,0.156799,-0.987628,0
5333,1057,26,145,927,59,78,7625,1540,9165,0.00203072,0.164144,-0.986435,0
5402,881,27,131,858,49,74,7422,1480,8902,0.00691942,0.187186,-0.9823,0
5361,955,28,139,1007,67,109,7666,1484,9150,0.0086531,0.136371,-0.99062,0
5339,933,26,151,821,38,72,7380,1375,8755,-0.0143959,0.180221,-0.983521,0
5406,968,25,140,898,37,76,7550,1376,8926,-0.0204996,0.158816,-0.987095,0
5386,1038,25,153,1003,35,84,7724,1396,9120,-0.0138733,0.139299,-0.990153,0
5611,1224,27,168,1146,36,92,8304,1460,9764,-0.0164369,0.145943,-0.989157,0
6332,1436,27,208,1315,36,106,9460,1434,10894,-0.0244164,0.154296,-0.987723,0
5659,1428,26,220,1374,37,113,8857,1484,10341,-0.0223392,0.140476,-0.989832,0
6264,1570,27,221,1550,56,129,9817,1439,11256,0.00566834,0.0913113,-0.995806,0
4031,1214,18,183,1152,38,120,6756,991,7747,-0.00201389,0.120454,-0.992717,0
5862,2043,26,272,1947,56,153,10359,1438,11797,-0.00371355,0.163241,-0.986579,0
5899,2277,26,295,2226,55,168,10946,1478,12424,0.000545212,0.134891,-0.99086,0
5499,2201,22,293,2192,47,168,10422,1337,11759,-0.000645126,0.125851,-0.992049,0
6182,2864,26,375,2817,74,207,12545,1503,14048,-0.00177845,0.136875,-0.990587,0
6129,3388,28,398,3331,72,238,13584,1467,15051,-0.0224899,0.173796,-0.984525,0
4361,2739,19,310,2653,41,185,10308,963,11271,-0.0250376,0.138905,-0.989989,0
5778,3618,25,433,3571,48,239,13712,1147,14859,-0.0149023,0.160028,-0.987,0
5285,3254,23,398,3155,61,212,12388,1144,13532,-0.0177413,0.144806,-0.989301,0
5468,2806,33,336,2811,81,208,11743,898,12641,0.00488298,0.145745,-0.98931,0
4617,2406,20,275,2404,72,160,9954,1298,11252,0.0186457,0.145242,-0.989221,0
6079,2663,28,320,2592,56,179,11917,1703,13620,0.00181406,0.159689,-0.987166,0
5885,1539,17,173,1344,44,98,9100,1133,10233,0.000665209,0.126296,-0.991992,0
4614,1384,21,174,1282,54,98,7627,1288,8915,0.0010696,0.0912246,-0.99583,0
5607,1470,26,196,1550,71,143,9063,1568,10631,-0.0130451,0.113641,-0.993436,0
5800,1537,26,193,1337,49,105,9047,1438,10485,-0.0163247,0.149429,-0.988638,0
5525,1421,28,187,1402,44,110,8717,1400,10117,-0.0293746,0.131431,-0.99089,0
5717,1399,49,190,1369,48,107,8879,1423,10302,-0.0352838,0.211019,-0.976845,0
5727,1457,27,209,1735,65,117,9337,1420,10757,-0.03314,0.215499,-0.975942,0
6001,1459,49,195,1438,49,114,9305,1392,10697,-0.0253059,0.234395,-0.971812,0
5944,1509,25,199,1599,55,117,9448,1452,10900,-0.00273481,0.257305,-0.966326,0
5910,1565,22,200,1546,66,119,9428,1034,10462,-0.0106801,0.286539,-0.958009,0
5838,1621,23,216,1626,63,128,9515,1388,10903,-0.0115773,0.281876,-0.959381,0
5807,1884,23,244,1835,61,140,9994,1426,11420,-0.0149141,0.345861,-0.938168,0
5938,2273,26,284,2131,60,158,10870,1539,12409,-0.0200133,0.374758,-0.926907,0
4080,1726,16,215,1827,44,165,8073,1096,9169,-0.0149916,0.306089,-0.951885,0
5941,3362,29,455,3050,64,213,13114,1461,14575,-0.00224487,0.42519,-0.905101,0
4206,2448,19,279,2460,31,163,9606,1122,10728,0.00143107,0.379519,-0.925183,0
4244,2718,20,307,2679,37,176,10181,1115,11296,0.00317674,0.352003,-0.935993,0
5875,3191,27,374,3124,58,212,12861,1406,14267,0.00621776,0.326622,-0.945134,0
6418,3015,30,376,2988,59,208,13094,1598,14692,0.0198838,0.322318,-0.946423,0
4053,1817,22,225,1778,51,126,8072,1025,9097,0.00911447,0.334928,-0.9422,0
5999,2144,30,280,2067,53,161,10734,1556,12290,0.0244245,0.279501,-0.959835,0
5722,1940,30,323,2206,32,102,10355,1058,11413,0.0263199,0.296706,-0.954606,0
4164,1261,19,170,1221,34,94,6963,1005,7968,0.0205937,0.225359,-0.974058,0
5649,1738,26,232,1715,47,129,9536,1361,10897,0.0240657,0.235429,-0.971594,0
5611,1582,27,212,1494,47,114,9087,1500,10587,0.0132133,0.192896,-0.98113,0
5629,1318,27,184,1267,48,99,8572,1475,10047,-0.00286985,0.246933,-0.969028,0
5537,1049,27,152,991,45,81,7882,1421,9303,0.00957625,0.181559,-0.983334,0
5484,890,28,136,850,40,73,7501,1436,8937,0.00515021,0.208994,-0.977903,0
5470,854,26,130,799,40,69,7388,1409,8797,0.00408267,0.166265,-0.986073,0
5364,879,26,127,816,41,69,7322,1385,8707,0.00565425,0.230516,-0.973052,0
5396,993,27,143,982,45,89,7675,1440,9115,0.0207125,0.172034,-0.984873,0
5476,1072,24,155,1030,38,84,7879,1479,9358,-0.0039648,0.238595,-0.971111,0
5599,1214,32,223,1160,40,99,8367,1403,9770,0.0107699,0.174093,-0.98467,0
5693,1332,25,191,1293,62,105,8701,1383,10084,0.00383455,0.194855,-0.980824,0
5856,1527,32,267,1476,47,120,9325,1402,10727,0.0171771,0.127759,-0.991657,0
5736,1709,26,239,1693,32,134,9569,1415,10984,0.0138341,0.149805,-0.988619,0
5827,2053,27,256,1873,34,143,10213,1220,11433,0.0174637,0.142824,-0.989594,0
4053,1538,18,193,1507,32,111,7452,1048,8500,0.019276,0.121908,-0.992354,0
5973,2600,27,310,2414,47,176,11547,1665,13212,0.00717541,0.160979,-0.986932,0
6071,2694,27,393,2724,49,194,12152,1582,13734,-0.000178204,0.168569,-0.98569,0
6310,2884,29,411,2680,26,144,12484,1096,13580,0.00663463,0.143746,-0.989592,0
4368,2300,18,278,2218,27,156,9365,1031,10396,0.0115134,0.136856,-0.990524,0
6497,3887,28,450,3789,45,256,14952,1323,16275,0.0144349,0.13266,-0.991057,0
4461,2951,19,344,2554,51,145,10525,748,11273,0.0129458,0.132493,-0.9911,0
5968,4203,27,510,4118,45,271,15142,1321,16463,0.0333342,0.144884,-0.988887,0
4301,3058,17,369,2964,56,196,10961,950,11911,0.0310667,0.118066,-0.99252,0
6496,4488,25,459,4377,64,208,16117,924,17041,0.04184,0.158824,-0.98642,0
4135,2633,17,325,2615,47,177,9949,926,10875,0.0444498,0.134404,-0.989929,0
6339,3825,25,444,3360,65,229,14287,1482,15769,0.0519148,0.183685,-0.981613,0
3958,2057,57,247,2073,36,142,8570,1056,9626,0.0491206,0.134346,-0.989717,0
5933,2540,25,285,2468,67,210,11528,1576,13104,0.021219,0.131038,-0.991151,0
5922,1994,26,263,2035,53,154,10447,1180,11627,0.004505,0.132404,-0.991186,0
5163,1650,25,234,1570,54,141,8837,1331,10168,-0.0190309,0.129806,-0.991357,0
5761,1630,29,219,1663,49,129,9480,1406,10886,-0.0289102,0.14984,-0.988288,0
5684,1481,29,220,1469,48,111,9042,1394,10436,-0.0317228,0.131729,-0.990778,0
5250,1401,25,207,1356,50,106,8395,1297,9692,-0.0493919,0.164683,-0.985109,0
5800,1659,27,217,1578,61,120,9462,1401,10863,-0.0503735,0.134663,-0.98961,0
5897,1701,24,220,1661,64,125,9692,1129,10821,-0.0509892,0.199349,-0.978601,0
5681,1803,24,224,1857,59,130,9778,1411,11189,-0.054225,0.175976,-0.9829,0
5773,1727,22,231,1703,63,125,9644,1367,11011,-0.0762856,0.258687,-0.962944,0
5794,1635,20,210,1620,57,121,9457,1288,10745,-0.0862851,0.266424,-0.959986,0
5827,2002,23,250,1901,64,127,10194,1432,11626,-0.104361,0.285784,-0.952595,0
5487,1968,20,250,1945,64,145,9879,1013,10892,-0.0838259,0.243447,-0.966285,0
3767,1650,16,224,1516,38,109,7320,1067,8387,-0.0884015,0.237153,-0.967442,0
6089,2756,23,337,2761,53,194,12213,1623,13836,-0.106311,0.250497,-0.962263,0
5970,3088,23,330,2454,31,137,12033,1143,13176,-0.120362,0.269896,-0.955337,0
3716,2120,16,245,2086,31,141,8355,1062,9417,-0.109715,0.264995,-0.957988,0
6515,3889,27,422,3802,51,243,14949,1680,16629,-0.100843,0.288392,-0.952188,0
5956,4301,25,475,4405,49,348,15559,1607,17166,-0.107316,0.299582,-0.948016,0
5987,3848,30,507,2908,40,178,13498,1091,14589,-0.122562,0.312194,-0.942079,0
3035,1769,15,208,1779,24,118,6948,795,7743,-0.116332,0.287123,-0.950804,0
5962,2847,29,370,2800,48,197,12253,1337,13590,-0.112633,0.296668,-0.948315,0
5437,2242,26,280,2134,45,155,10319,1447,11766,-0.105815,0.285456,-0.952533,0
5937,2140,30,281,2137,38,173,10736,1480,12216,-0.120272,0.289559,-0.949574,0
6048,1949,29,254,1870,54,140,10344,1512,11856,-0.122612,0.284907,-0.950681,0
5867,1831,28,240,1737,50,133,9886,1421,11307,-0.1063,0.262649,-0.959018,0
5736,1555,26,212,1545,41,148,9263,980,10243,-0.114468,0.239505,-0.964123,0
4413,944,22,146,914,31,73,6543,1004,7547,-0.0961508,0.201863,-0.974683,0
6352,1191,28,175,1190,40,130,9106,1548,10654,-0.0822471,0.185812,-0.979137,0
5575,1109,30,156,1005,55,83,8013,1391,9404,-0.0844609,0.192204,-0.977714,0
5513,1038,26,148,803,43,55,7626,974,8600,-0.0328249,0.131275,-0.990802,0
5537,1104,27,159,1037,55,86,8005,1392,9397,-0.0660553,0.151295,-0.986279,0
5537,1244,29,223,1203,46,99,8381,1429,9810,-0.0289163,0.100403,-0.994527,0
5794,1359,27,196,1381,53,108,8918,1402,10320,-0.0909096,0.170222,-0.981203,0
5729,1718,27,204,1477,42,114,9311,1322,10633,-0.0529559,0.129503,-0.990164,0
5898,1937,28,251,1875,45,142,10176,1528,11704,-0.0547814,0.168624,-0.984157,0
5678,2204,27,286,2207,46,163,10611,1539,12150,-0.0281913,0.130839,-0.991003,0
5969,2523,28,319,2381,31,161,11412,1518,12930,-0.0410905,0.154347,-0.987162,0
5382,2495,25,315,2602,34,198,11051,1402,12453,-0.039697,0.1373,-0.989734,0
5565,3013,24,356,2894,56,170,12078,1011,13089,-0.0957478,0.170192,-0.980748,0
3998,2367,17,277,2312,24,169,9164,970,10134,-0.0748281,0.134592,-0.988072,0
6700,4487,28,578,4920,59,260,17032,1503,18535,-0.101515,0.167057,-0.980707,0
4677,3545,19,425,3441,59,222,12388,957,13345,-0.102224,0.153061,-0.982916,0
4701,3897,24,416,3563,75,243,12919,965,13884,-0.118236,0.155334,-0.980761,0
4672,3408,18,377,3290,39,215,12019,1005,13024,-0.086099,0.125143,-0.988396,0
4539,2955,19,342,2947,41,195,11038,1045,12083,-0.0678556,0.115041,-0.991041,0
6039,3487,23,425,3398,62,231,13665,1400,15065,-0.090339,0.149276,-0.98466,0
5346,2639,20,318,2736,51,184,11294,1366,12660,-0.0850341,0.151763,-0.984752,0
5056,2116,21,264,2108,49,154,9768,1414,11182,-0.0464882,0.0968643,-0.994212,0
6114,2323,26,284,2095,48,148,11038,1374,12412,-0.0756691,0.124857,-0.989285,0
5334,1773,24,234,1727,41,134,9267,1329,10596,-0.0611175,0.0813374,-0.994811,0
6011,1839,26,241,1825,44,161,10147,1403,11550,-0.105231,0.130234,-0.985883,0
6000,1800,28,249,1739,44,136,9996,1431,11427,-0.0693529,0.075154,-0.994757,0
5983,1844,38,244,1866,43,143,10161,1377,11538,-0.123964,0.12758,-0.984051,0
5918,1952,28,253,1908,37,127,10223,1361,11584,-0.1234,0.126752,-0.984229,0
5573,1955,25,232,1793,46,130,9754,1246,11000,-0.142679,0.182973,-0.972709,0
5164,1870,21,231,1780,53,130,9249,1328,10577,-0.142324,0.204479,-0.968469,0
4774,1806,20,216,1658,60,122,8656,1281,9937,-0.144068,0.222911,-0.964134,0
5361,1948,56,352,2402,65,146,10330,1552,11882,-0.153457,0.235696,-0.959634,0
5351,2093,20,280,2058,102,153,10057,1579,11636,-0.141915,0.219281,-0.965286,0
6091,2471,25,313,2428,52,176,11556,1639,13195,-0.163333,0.254101,-0.953286,0
6056,3368,33,394,2858,51,203,12963,1241,14204,-0.172946,0.262415,-0.94933,0
4200,2196,17,261,2126,26,149,8975,1219,10194,-0.166753,0.254454,-0.9526,0
6137,3571,27,411,3460,44,238,13888,1754,15642,-0.191421,0.3129,-0.930297,0
6468,4453,33,469,3373,37,183,15016,1189,16205,-0.186627,0.319803,-0.928922,0
3501,2470,15,266,2467,31,153,8903,967,9870,-0.151855,0.283493,-0.946875,0
6661,5080,31,576,4269,35,218,16870,1144,18014,-0.138195,0.279845,-0.950047,0
3476,2547,17,284,2542,32,161,9059,933,9992,-0.13521,0.285485,-0.948797,0
6502,4217,33,483,4178,62,286,15761,1705,17466,-0.126242,0.26604,-0.95566,0
4300,2615,22,321,2553,39,172,10022,1064,11086,-0.104299,0.230151,-0.96755,0
4280,2202,23,262,2116,33,147,9063,1070,10133,-0.0968975,0.227643,-0.968911,0
6688,2620,30,334,2536,61,185,12454,1591,14045,-0.123141,0.248493,-0.960775,0
4230,1644,19,209,1656,27,117,7902,1067,8969,-0.1255,0.224025,-0.966469,0
6350,2255,26,288,2277,54,163,11413,1470,12883,-0.117678,0.220806,-0.968192,0
5904,2205,28,275,2128,48,154,10742,1405,12147,-0.104754,0.211427,-0.971764,0
4630,1328,19,173,1313,42,96,7601,975,8576,-0.0864959,0.18727,-0.978493,0
5693,1624,27,215,1777,73,166,9575,1456,11031,-0.0852595,0.192124,-0.97766,0
5567,1330,26,185,1279,41,102,8530,1431,9961,-0.0842167,0.201201,-0.975923,0
5764,1104,27,167,1092,40,93,8287,1431,9718,-0.0664681,0.190132,-0.979506,0
5434,1090,26,152,1028,46,84,7860,1398,9258,-0.0711903,0.200087,-0.977188,0
5420,1093,26,160,1102,36,92,7929,1429,9358,-0.0677268,0.17099,-0.982942,0
5542,1411,26,190,1391,49,148,8757,1677,10434,-0.112276,0.209019,-0.971445,0
5726,1736,27,227,1659,58,136,9569,1643,11212,-0.0982119,0.186908,-0.977456,0
3962,1440,19,203,1681,48,107,7460,1187,8647,-0.0802349,0.172076,-0.981811,0
5815,2398,28,301,2307,33,168,11050,1585,12635,-0.0787373,0.177402,-0.980984,0
5968,2840,27,343,2861,45,215,12299,1471,13770,-0.0752374,0.203327,-0.976216,0
4288,2255,19,271,2249,33,155,9270,1152,10422,-0.0590239,0.168199,-0.983984,0
6453,3854,27,447,3866,51,257,14955,1690,16645,-0.0881298,0.187342,-0.978334,0
6760,3175,18,338,2789,30,152,13262,838,14100,-0.104073,0.182554,-0.977672,0
2916,2081,12,234,2104,50,133,7530,621,8151,-0.0673146,0.134493,-0.988626,0
6850,5142,27,569,5110,65,324,18087,1365,19452,-0.0784411,0.184432,-0.97971,0
7002,3380,18,374,2983,30,185,13972,765,14737,-0.0677079,0.136633,-0.988305,0
2928,1857,12,210,1846,26,120,6999,575,7574,-0.0687004,0.115261,-0.990957,0
6586,3929,27,448,3982,64,261,15297,1365,16662,-0.0762083,0.153039,-0.985277,0
4427,2286,28,294,2214,39,156,9444,1207,10651,-0.0735451,0.151344,-0.985741,0
6216,2661,26,405,2713,49,212,12282,1634,13916,-0.07267,0.141745,-0.987233,0
6059,2522,35,309,2334,64,224,11547,1091,12638,-0.0611638,0.143324,-0.987784,0
5514,2047,27,256,2074,57,147,10122,1298,11420,-0.0584544,0.137608,-0.98876,0
5333,1905,27,239,1884,47,139,9574,1285,10859,-0.0470772,0.0923181,-0.994616,0
3767,1334,18,178,1357,29,95,6778,883,7661,-0.0623339,0.104003,-0.992621,0
5956,2117,28,270,2102,40,157,10670,1455,12125,-0.0734783,0.105958,-0.991652,0
6003,2151,27,302,2049,30,108,10670,966,11636,-0.0987195,0.184286,-0.977903,0
6126,2128,17,201,1434,37,106,10049,1032,11081,-0.112279,0.223942,-0.968113,0
3789,1315,15,168,1292,28,97,6704,955,7659,-0.103692,0.215707,-0.970937,0
5923,2142,23,276,2174,86,158,10782,1779,12561,-0.101565,0.238787,-0.965746,0
6073,2385,24,299,2232,63,165,11241,1746,12987,-0.103945,0.37642,-0.920599,0
6129,2599,23,333,2266,40,127,11517,1255,12772,-0.0840416,0.36872,-0.925733,0
3216,1499,19,150,1190,27,84,6185,815,7000,-0.068041,0.26943,-0.960613,0
3739,1943,17,238,1880,40,130,7987,1109,9096,-0.0593672,0.2626,-0.963077,0
6513,3698,28,429,3705,44,255,14672,1798,16470,-0.0541384,0.316952,-0.946895,0
6743,3679,21,405,3041,67,148,14104,919,15023,-0.0397226,0.288677,-0.956602,0
2829,2178,13,235,2233,27,141,7656,739,8395,-0.0452799,0.28368,-0.95785,0
6540,4391,34,507,4342,53,284,16151,1773,17924,-0.0634838,0.300414,-0.951694,0
4308,2750,21,327,2626,33,175,10240,1050,11290,-0.0523315,0.217558,-0.974643,0
6301,3527,29,426,3589,37,166,14075,1153,15228,-0.0663976,0.26495,-0.961973,0
4492,2064,21,246,1988,41,160,9012,1131,10143,-0.0580907,0.26702,-0.961939,0
6161,2639,28,327,2705,47,188,12095,1503,13598,-0.0552506,0.263544,-0.963064,0
4339,1627,19,208,1547,36,115,7891,1032,8923,-0.0627678,0.264127,-0.962444,0
6148,2214,27,278,2215,47,160,11089,1480,12569,-0.0534307,0.269716,-0.961456,0
6716,1835,28,240,1839,40,130,10828,949,11777,-0.0486163,0.262692,-0.963654,0
3981,951,18,134,946,26,73,6129,968,7097,-0.0359297,0.223122,-0.974128,0
5535,1198,25,166,1154,47,92,8217,1389,9606,-0.0394262,0.24984,-0.967484,0
5465,997,26,150,967,42,83,7730,1291,9021,-0.0202535,0.190597,-0.98146,0
3868,744,18,107,715,31,61,5544,1058,6602,-0.0303142,0.199149,-0.9795,0
5595,1287,27,178,1252,48,101,8488,1501,9989,-0.0356486,0.219767,-0.974901,0
5823,1474,27,200,1351,75,136,9086,1516,10602,-0.0306055,0.196789,-0.979968,0
4089,1153,18,169,1129,26,110,6694,1074,7768,-0.0178515,0.174687,-0.984462,0
5838,2030,25,233,1683,31,130,9970,1457,11427,-0.0124556,0.190956,-0.981519,0
5569,1991,24,281,2000,32,150,10047,1576,11623,-0.0179782,0.187464,-0.982107,0
3916,2211,30,213,1652,22,119,8163,1062,9225,-0.0237473,0.185254,-0.982404,0
5842,2772,24,340,2739,34,197,11948,1500,13448,-0.0179862,0.192102,-0.98121,0
5925,3432,24,391,3302,42,224,13340,1219,14559,-0.00697311,0.173892,-0.98474,0
6424,3946,24,441,3894,39,261,15029,1282,16311,-0.00119546,0.138707,-0.990333,0
4406,2987,16,342,2975,28,194,10948,913,11861,-0.00705042,0.16183,-0.986794,0
6849,4281,26,452,4166,45,266,16085,1293,17378,-0.0220138,0.197099,-0.980136,0
6968,4037,27,468,3924,75,239,15738,1399,17137,-0.0263763,0.282894,-0.958788,0
4460,2573,17,292,1985,28,127,9482,899,10381,-0.0329544,0.24786,-0.968235,0
2251,1142,10,133,1052,13,66,4667,538,5205,-0.0239884,0.163935,-0.98618,0
2341,915,10,113,880,23,63,4345,616,4961,-0.0230745,0.14428,-0.989268,0
6335,2141,27,278,2214,54,159,11208,1537,12745,-0.0167973,0.148484,-0.988772,0
5857,2050,28,254,2000,46,148,10383,1481,11864,-0.00977171,0.131926,-0.991212,0
5929,2004,47,243,1877,66,136,10302,1451,11753,-0.0117312,0.120068,-0.992697,0
6258,1867,30,240,1811,40,132,10378,1303,11681,-0.0216293,0.114303,-0.993211,0
5879,1877,27,243,1818,40,135,10019,1652,11671,-0.0368157,0.156362,-0.987013,0
4220,1355,19,170,1276,24,96,7160,949,8109,-0.0412473,0.160263,-0.986212,0
6061,1938,25,245,2318,54,148,10789,1392,12181,-0.0475471,0.234877,-0.970862,0
6061,1785,24,240,1747,58,173,10088,1466,11554,-0.0438182,0.271472,-0.961448,0
6252,2016,24,270,1923,51,149,10685,1552,12237,-0.0374941,0.313842,-0.948735,0
6109,1905,22,294,1866,54,147,10397,1643,12040,-0.0328676,0.271344,-0.961921,0
6248,2129,26,277,2030,40,161,10911,1723,12634,-0.0479261,0.322001,-0.945525,0
4392,1553,17,209,1556,23,119,7869,1217,9086,-0.052319,0.275357,-0.959917,0
6352,2588,25,330,2620,37,207,12159,1861,14020,-0.0732976,0.346595,-0.935147,0
4323,2036,19,260,2019,27,143,8827,1175,10002,-0.0618747,0.293992,-0.953803,0
6499,3651,36,440,3607,65,259,14557,1846,16403,-0.0318962,0.324701,-0.945279,0
4700,2922,20,336,2855,38,217,11088,1150,12238,-0.0126611,0.332285,-0.943094,0
5851,4085,26,456,4341,31,188,14978,1157,16135,-0.00976006,0.316561,-0.948522,0
4333,2683,21,317,2694,34,176,10258,1006,11264,-0.00190593,0.317459,-0.94827,0
5758,3268,26,380,3050,64,206,12752,1228,13980,-0.00570082,0.336133,-0.941797,0
6345,3606,31,415,3772,64,165,14398,1159,15557,-0.0183657,0.305163,-0.952123,0
4524,2031,21,244,1927,36,136,8919,1126,10045,-0.0299671,0.260761,-0.964938,0
6376,2602,45,334,2544,45,197,12143,1574,13717,-0.0285656,0.2308,-0.972582,0
5913,2311,27,302,2290,50,168,11061,1458,12519,-0.0237023,0.253135,-0.96714,0
5336,1955,24,245,1955,36,139,9690,1275,10965,-0.0115396,0.245759,-0.969262,0
5771,1935,28,244,1852,53,136,10019,1361,11380,-0.00984944,0.238612,-0.971065,0
5750,1529,34,218,1479,39,116,9165,1390,10555,-0.0055785,0.234428,-0.972117,0
6009,1214,27,202,1158,38,94,8742,1377,10119,0.00167172,0.22481,-0.974401,0
5429,1038,25,146,984,45,83,7750,1400,9150,0.0142416,0.198135,-0.980071,0
5540,980,25,168,1020,56,86,7875,1506,9381,0.0092027,0.27371,-0.961768,0
5528,1095,26,166,1053,45,93,8006,1492,9498,0.0051981,0.244259,-0.969696,0
5725,1308,27,190,1228,55,104,8637,1669,10306,-0.00154674,0.265707,-0.964053,0
6545,1650,37,222,1547,58,127,10186,1770,11956,0.00464939,0.232668,-0.972545,0
5380,1646,23,223,1617,36,126,9051,1451,10502,0.00105561,0.199528,-0.979892,0
5991,2158,25,315,2115,56,161,10821,1634,12455,-0.0114764,0.208917,-0.977866,0
6056,2515,28,321,2479,37,184,11620,1662,13282,-0.0144726,0.207189,-0.978194,0
6248,2870,25,363,2821,36,209,12572,1124,13696,-0.0107665,0.190311,-0.981665,0
4420,2474,19,283,2340,45,172,9753,1084,10837,-0.00587537,0.169213,-0.985562,0
6479,4011,28,454,4323,112,329,15736,1243,16979,0.00322648,0.167676,-0.985837,0
4977,3284,20,354,3084,52,200,11971,1044,13015,0.0140897,0.163456,-0.98645,0
3529,2473,14,282,2515,51,162,9026,772,9798,0.00908307,0.137613,-0.990444,0
6846,4677,28,513,4441,56,294,16855,1197,18052,-0.000592298,0.0987618,-0.995111,0
3894,2237,15,256,2204,27,145,8778,815,9593,0.00952909,0.053595,-0.998517,0
5411,3332,23,383,3736,47,225,13157,1192,14349,0.0242051,0.0192169,-0.999522,0
5570,3370,21,385,3283,64,245,12938,966,13904,0.0247577,-0.0064241,-0.999673,0
4010,2644,22,369,2451,31,164,9691,899,10590,0.016087,-0.0236413,-0.999591,0
4986,3154,20,356,3080,39,228,11863,1130,12993,0.0150673,-0.0218297,-0.999648,0
6673,4192,28,484,3916,31,190,15514,1047,16561,0.0131247,-0.00589762,-0.999896,0
4415,2843,20,329,2791,32,188,10618,1059,11677,0.00443406,0.00402991,-0.999982,0
6573,4012,27,472,3716,31,186,15017,1059,16076,-0.0034852,0.0160473,-0.999865,0
4407,2873,20,351,2903,56,188,10798,1065,11863,0.00926529,0.0288977,-0.99954,0
6471,3864,27,453,3853,72,261,15001,1405,16406,0.0171429,0.0442279,-0.998875,0
4433,2644,20,308,2683,51,181,10320,1101,11421,0.00478034,0.0452908,-0.998963,0
5780,3703,32,432,3321,72,220,13560,1501,15061,-0.0205415,0.0547798,-0.998287,0
4289,2246,18,286,2232,36,152,9259,1156,10415,-0.0100168,0.0616743,-0.998046,0
6832,3444,25,319,2260,35,158,13073,1296,14369,-0.00420999,0.0845448,-0.996411,0
3329,1635,14,195,1662,35,113,6983,952,7935,0.00460171,0.0660597,-0.997805,0
6221,2932,28,344,2784,52,195,12556,1757,14313,0.0113069,0.112126,-0.99363,0
6060,2277,27,292,2275,95,167,11193,1611,12804,0.019822,0.0918404,-0.995577,0
6103,2076,27,266,2063,54,153,10742,1205,11947,0.0252837,0.0964311,-0.995018,0
5413,1710,24,217,1686,40,126,9216,1353,10569,0.0173895,0.068835,-0.997476,0
5899,1715,28,228,1649,40,128,9687,1437,11124,-0.00440594,0.0971855,-0.995257,0
5858,1630,29,216,1546,38,125,9442,1457,10899,-0.0212157,0.127746,-0.99158,0
5930,1649,27,221,1625,40,126,9618,1389,11007,-0.0354543,0.151744,-0.987784,0
6015,1767,28,233,1670,47,128,9888,1403,11291,-0.0441274,0.291405,-0.955581,0
5060,1273,17,164,1242,25,94,7875,741,8616,-0.0385259,0.228746,-0.972723,0
3174,938,13,133,912,25,73,5268,747,6015,-0.0374907,0.183225,-0.982356,0
6039,1716,23,254,1658,48,140,9878,1428,11306,-0.0263643,0.236414,-0.971295,0
6113,1834,24,254,1821,54,145,10245,1607,11852,-0.029822,0.207493,-0.977782,0
6177,2085,23,275,1988,67,156,10771,1684,12455,-0.0126391,0.297735,-0.954565,0
6337,2243,23,310,2155,53,187,11308,1708,13016,-0.00830152,0.284656,-0.958594,0
6213,2470,24,315,2501,54,185,11762,1460,13222,0.0115139,0.333898,-0.942539,0
4455,2059,17,246,1937,34,142,8890,1248,10138,0.0164776,0.310192,-0.950531,0
6509,3348,27,424,3317,42,231,13898,1886,15784,0.0201144,0.35913,-0.933071,0
4496,2724,21,332,2677,34,179,10463,1309,11772,0.0166675,0.3413,-0.939807,0
6078,4113,28,489,4029,35,188,14960,1197,16157,0.0196716,0.343464,-0.93896,0
4224,2900,23,322,2800,45,183,10497,1112,11609,0.015053,0.289511,-0.957056,0
6448,3934,33,457,3936,60,263,15131,1750,16881,0.00848765,0.332169,-0.943182,0
6384,3843,43,528,3056,38,195,14087,1152,15239,-0.00298882,0.298537,-0.954393,0
3285,1766,17,207,1755,32,120,7182,856,8038,-0.0173134,0.278823,-0.960187,0
6149,2920,32,354,2832,65,203,12555,1599,14154,-0.0104335,0.267159,-0.963596,0
6061,2573,30,324,2525,45,180,11738,1619,13357,-0.00966577,0.256127,-0.966595,0
6012,2194,28,291,2199,60,168,10952,1535,12487,-0.00223696,0.212281,-0.977206,0
6197,2111,28,270,1936,34,105,10681,1066,11747,0.00319471,0.211078,-0.977464,0
4056,1322,17,171,1303,38,105,7012,976,7988,0.00958408,0.185132,-0.982667,0
6049,1812,29,281,1738,40,138,10087,1388,11475,0.0154506,0.206446,-0.978336,0
6514,1597,27,213,1262,32,83,9728,986,10714,0.022082,0.197153,-0.980124,0
4045,937,19,129,931,34,83,6178,981,7159,0.0195118,0.206852,-0.978178,0
5709,1142,25,180,1088,44,99,8287,1455,9742,0.00991597,0.190306,-0.981675,0
5511,1041,42,158,990,46,85,7873,1475,9348,0.00472456,0.212307,-0.977192,0
5572,1134,26,177,1068,48,94,8119,1390,9509,0.0030986,0.22688,-0.973918,0
5666,1300,26,194,1254,49,109,8598,1470,10068,0.00647741,0.226214,-0.974056,0
6119,1536,26,250,1473,48,122,9574,1558,11132,0.0159714,0.182726,-0.983034,0
7300,1851,26,249,1760,68,140,11394,1578,12972,0.0217241,0.198641,-0.979832,0
5966,1998,19,194,1459,54,111,9801,1262,11063,0.0241861,0.183339,-0.982753,0
3962,1695,18,207,1597,24,119,7622,1063,8685,0.020226,0.188567,-0.981852,0
6391,3003,26,417,3216,35,188,13276,1151,14427,0.00312576,0.225083,-0.974335,0
4426,2430,19,312,2401,30,179,9797,1106,10903,-0.000419758,0.176022,-0.984386,0
6618,4217,26,546,3794,38,188,15427,1073,16500,-9.95649e-05,0.193698,-0.981061,0
3566,2572,14,295,2412,28,160,9047,751,9798,0.00787521,0.1968,-0.980412,0
6764,4485,26,524,4446,75,296,16616,1545,18161,0.00356424,0.285056,-0.958504,0
3653,1907,11,208,1836,24,120,7759,620,8379,0.00332261,0.192675,-0.981257,0
2137,1320,11,141,1194,25,79,4907,511,5418,0.00960327,0.140547,-0.990027,0
4596,2271,19,261,2229,31,150,9557,1065,10622,0.0207098,0.145682,-0.989115,0
6336,2687,35,443,3328,49,199,13077,1615,14692,0.0100672,0.123744,-0.992263,0
6105,2273,28,350,1808,40,118,10722,1013,11735,0.0104079,0.132822,-0.991085,0
5540,1786,26,234,1749,42,134,9511,1373,10884,0.0154253,0.118653,-0.992816,0
5429,1610,24,215,1584,39,127,9028,1230,10258,0.00389944,0.107629,-0.994183,0
5934,1752,28,232,1727,41,136,9850,1438,11288,-0.00439964,0.115817,-0.993261,0
8094,1988,28,251,1867,43,145,12416,1484,13900,0.0278131,0.181623,-0.982975,0
4282,1335,18,173,1279,26,97,7210,957,8167,0.0167763,0.153688,-0.987977,0
6579,1930,26,258,1948,42,150,10933,1524,12457,0.0274653,0.235041,-0.971597,0
6114,1892,24,253,1873,45,145,10346,1456,11802,0.0260178,0.203512,-0.978727,0
6235,1977,25,306,1902,47,150,10642,1396,12038,0.0293469,0.294608,-0.955168,0
6357,2268,25,271,2004,49,156,11130,1744,12874,0.0138603,0.254207,-0.967051,0
6292,2153,24,296,2107,44,130,11046,1075,12121,0.0165893,0.302566,-0.952984,0
4883,1708,17,212,1625,31,119,8595,1265,9860,0.0119313,0.241875,-0.970234,0
6220,2608,23,327,2560,44,188,11970,1765,13735,0.0276292,0.298052,-0.95415,0
6503,2933,28,400,2958,50,208,13080,1549,14629,0.0249764,0.253865,-0.966917,0
4432,2317,18,312,2303,44,157,9583,1199,10782,0.039422,0.284996,-0.957718,0
6545,4042,28,450,3171,36,176,14448,1310,15758,0.0392327,0.275434,-0.960519,0
3610,2517,16,268,2408,29,175,9023,977,10000,0.0418326,0.314902,-0.948202,0
5443,3546,28,407,3618,49,234,13325,1465,14790,0.029457,0.316767,-0.948046,0
5344,3266,28,375,3260,46,245,12564,1271,13835,0.0203466,0.353319,-0.935281,0
4180,2360,19,275,2287,44,176,9341,1000,10341,0.0152164,0.273604,-0.961722,0
6308,3221,28,410,3213,49,212,13441,1406,14847,0.0237719,0.293437,-0.955683,0
6335,2970,34,375,2870,49,209,12842,1564,14406,0.0230362,0.227427,-0.973523,0
4247,1914,27,325,1955,37,132,8637,1027,9664,0.0266295,0.221158,-0.974874,0
5486,2184,47,272,2212,53,157,10411,1300,11711,0.0262298,0.185036,-0.982382,0
5664,1976,24,253,1923,46,141,10027,1342,11369,0.0457411,0.208747,-0.9769,0
3797,1231,17,159,1221,27,89,6541,879,7420,0.0434497,0.18178,-0.982379,0
5907,1654,28,214,1529,44,120,9496,1426,10922,0.0414023,0.240402,-0.96979,0
5736,1201,19,128,851,29,69,8033,1016,9049,0.0236493,0.371496,-0.928134,0
2922,574,14,84,551,20,46,4211,760,4971,0.0180194,0.338706,-0.94072,0
2852,533,14,79,498,30,43,4049,748,4797,0.0187293,0.204063,-0.978779,0
4503,857,21,131,819,36,72,6439,1206,7645,0.0228868,0.208622,-0.977729,0
5698,1331,26,185,1172,49,101,8562,1526,10088,0.0353842,0.212954,-0.976421,0
6262,1403,26,206,1321,47,112,9377,1584,10961,0.0404108,0.187649,-0.981405,0
5915,1644,29,283,1533,50,127,9581,1535,11116,0.0493779,0.297415,-0.953471,0
5705,1258,19,187,1223,35,98,8525,1109,9634,0.0490921,0.244738,-0.968346,0
2432,721,10,112,692,16,54,4037,562,4599,0.0452959,0.150643,-0.98755,0
2817,1063,12,140,1054,18,78,5182,705,5887,0.0298819,0.126402,-0.991529,0
6245,2807,27,371,2793,39,199,12481,1619,14100,0.0182656,0.182427,-0.98305,0
6271,3411,31,402,3302,45,228,13690,1520,15210,0.0186011,0.207725,-0.978011,0
4697,2784,18,313,2749,51,183,10795,1050,11845,0.0115981,0.153002,-0.988158,0
6778,4320,28,499,4694,70,287,16676,1500,18176,0.00243067,0.195303,-0.98074,0
6632,4276,26,487,3731,45,190,15387,964,16351,0.0207556,0.14218,-0.989623,0
4466,2749,48,325,2643,45,178,10454,1098,11552,0.0418529,0.145302,-0.988502,0
6418,3556,27,417,3499,84,244,14245,1640,15885,0.0520517,0.121488,-0.991227,0
6567,2974,28,358,2556,53,140,12676,1148,13824,0.0460039,0.160923,-0.985894,0
6129,2433,29,307,2369,57,176,11500,1524,13024,0.0399926,0.210902,-0.976689,0
5962,1915,37,185,1387,32,105,9623,1067,10690,0.0262142,0.167503,-0.985523,0
3132,970,16,128,937,23,72,5278,731,6009,0.00561509,0.108403,-0.994091,0
5930,1788,28,242,1582,37,119,9726,1402,11128,-0.00218973,0.161735,-0.986832,0
6078,1897,28,246,1853,41,143,10286,1417,11703,0.0154483,0.180136,-0.98352,0
6243,1975,28,262,2028,38,153,10727,1391,12118,0.0256274,0.228141,-0.973291,0
6160,2012,30,266,1956,38,169,10631,1381,12012,0.0387719,0.256173,-0.965853,0
4235,1388,30,183,1381,27,104,7348,980,8328,0.0440914,0.248353,-0.967666,0
6262,2186,24,282,2256,75,164,11249,1837,13086,0.0671837,0.386918,-0.919663,0
3516,1165,13,154,1147,20,72,6087,737,6824,0.0637882,0.352085,-0.933792,0
2291,838,8,108,839,15,63,4162,642,4804,0.0593405,0.307852,-0.949582,0
4449,1776,16,257,1729,32,127,8386,1284,9670,0.048718,0.338624,-0.93966,0
6339,2980,36,347,2925,42,182,12851,1413,14264,0.0353332,0.343589,-0.938455,0
4484,2585,25,374,2372,32,163,10035,1208,11243,0.0353528,0.356958,-0.933451,0
6401,3527,26,405,3450,44,230,14083,1585,15668,0.0530878,0.351073,-0.934842,0
5827,3672,29,429,3581,62,241,13841,1488,15329,0.0625754,0.342924,-0.937277,0
5174,3094,32,363,3030,45,206,11944,1230,13174,0.0527245,0.298902,-0.952826,0
6471,3704,28,434,3607,59,233,14536,1379,15915,0.0731338,0.306327,-0.949113,0
5726,3153,27,414,3163,65,215,12763,1263,14026,0.0695923,0.247011,-0.966511,0
5702,2819,25,341,2760,39,194,11880,1286,13166,0.106239,0.296369,-0.949146,0
5694,2596,25,321,2485,35,131,11287,893,12180,0.0916402,0.242535,-0.965805,0
6138,2611,26,324,2576,49,185,11909,1386,13295,0.0961038,0.278302,-0.955674,0
6113,2243,28,287,2160,77,162,11070,1435,12505,0.0799944,0.225382,-0.970981,0
6870,1875,28,246,1882,46,142,11089,1435,12524,0.100359,0.273973,-0.956487,0
3970,1051,18,138,976,27,91,6271,1041,7312,0.0932439,0.233762,-0.967812,0
5613,1198,27,184,1189,40,98,8349,1388,9737,0.0983749,0.2367,-0.96659,0
5021,934,25,135,882,42,75,7114,1296,8410,0.0798528,0.186523,-0.9792,0
5393,1036,34,144,886,51,78,7622,1424,9046,0.0935905,0.185271,-0.978221,0
5595,1004,24,153,974,61,84,7895,1538,9433,0.0922277,0.18723,-0.977977,0
5689,1208,28,174,1076,42,93,8310,1409,9719,0.0914481,0.170417,-0.98112,0
5735,1317,27,190,1257,39,108,8673,1215,9888,0.0793466,0.14673,-0.985989,0
3947,1055,18,146,1022,30,83,6301,1247,7548,0.0800154,0.154269,-0.984783,0
5957,1719,28,238,1601,50,161,9754,1493,11247,0.0834356,0.182365,-0.979684,0
6689,2110,28,281,1996,46,180,11330,1459,12789,0.0775087,0.195696,-0.977597,0
4095,1746,19,217,1675,26,123,7901,1089,8990,0.0795669,0.156225,-0.984512,0
5665,2750,24,355,2684,43,188,11709,1368,13077,0.0977563,0.16597,-0.981273,0
6056,3632,26,382,2616,41,156,12909,953,13862,0.0781441,0.164425,-0.98329,0
4135,2646,21,327,2599,33,171,9932,930,10862,0.0649925,0.163297,-0.984434,0
6672,5977,36,535,4203,81,281,17785,1391,19176,0.0777813,0.280982,-0.956556,0
3296,1727,11,217,1712,33,117,7113,516,7629,0.0529302,0.207386,-0.976826,0
2051,1183,10,137,1151,24,82,4638,436,5074,0.0353872,0.134994,-0.990214,0
6497,3450,28,413,3911,62,244,14605,1507,16112,0.0873276,0.222756,-0.970955,0
4008,1551,12,186,1515,41,106,7419,798,8217,0.0655696,0.14705,-0.986953,0
2165,847,9,105,828,19,59,4032,523,4555,0.0257215,0.0528924,-0.998269,0
5800,1918,25,224,1847,51,128,9993,1387,11380,0.0384364,0.0979161,-0.994452,0
5923,1712,29,229,1668,44,129,9734,1533,11267,0.0718101,0.259045,-0.963192,0
5804,1121,21,152,1042,29,98,8267,967,9234,0.0590917,0.2199,-0.973731,0
2444,647,11,87,607,20,47,3863,573,4436,0.0345035,0.150879,-0.98795,0
2640,595,11,83,569,17,45,3960,837,4797,0.0240501,0.141283,-0.989677,0
6140,1465,26,205,1412,39,113,9400,1592,10992,0.0637672,0.338074,-0.938957,0
5246,1002,16,139,983,28,78,7492,1321,8813,0.0512986,0.287709,-0.956343,0
3107,812,12,110,783,23,64,4911,848,5759,0.0382616,0.234765,-0.971299,0
5778,1720,23,255,1716,45,141,9678,1394,11072,0.0532226,0.266476,-0.962371,0
6100,2014,23,287,2012,48,159,10643,1369,12012,0.0789403,0.328888,-0.941064,0
6144,2326,25,307,2267,53,172,11294,1423,12717,0.0669831,0.293531,-0.9536,0
4289,1948,18,237,1991,34,137,8654,1014,9668,0.0872374,0.326291,-0.941235,0
6276,3553,26,429,3676,57,234,14251,1593,15844,0.0907301,0.33357,-0.938349,0
6455,4500,31,400,2742,34,180,14342,1132,15474,0.102407,0.336023,-0.93627,0
3434,2297,16,259,2231,25,150,8412,844,9256,0.0747578,0.280411,-0.956965,0
6551,4212,57,646,3774,46,184,15470,1069,16539,0.0957249,0.323906,-0.941234,0
3656,1929,17,231,1902,25,130,7890,848,8738,0.0811746,0.326252,-0.941791,0
6444,3413,32,442,3349,63,232,13975,1420,15395,0.0715592,0.331792,-0.940635,0
6186,2776,30,374,2692,39,136,12233,1029,13262,0.0483797,0.256314,-0.965382,0
3211,1283,15,159,1272,22,90,6052,744,6796,0.0418029,0.255666,-0.965861,0
5015,1695,23,217,1639,32,126,8747,1160,9907,0.0380678,0.242744,-0.969343,0
5877,1745,25,231,1710,46,131,9765,1715,11480,0.0342845,0.266061,-0.963346,0
5802,1420,28,193,1323,50,105,8921,1641,10562,0.0348338,0.222154,-0.974389,0
5787,1053,28,157,1003,63,83,8174,1941,10115,0.0310936,0.228584,-0.973027,0
5041,790,24,116,765,45,65,6846,1805,8651,0.031944,0.257729,-0.965689,0
4707,671,23,103,625,55,56,6240,1618,7858,0.0507278,0.235572,-0.970532,0
5497,906,29,136,829,59,75,7531,1547,9078,0.0550317,0.17497,-0.983035,0
5559,1011,26,161,948,59,85,7849,1460,9309,0.0434763,0.207723,-0.977221,0
5850,1115,28,173,1434,39,123,8762,1511,10273,0.0277854,0.192959,-0.980813,0
5789,1380,27,199,1304,84,113,8896,1447,10343,0.0147796,0.198443,-0.980001,0
5959,1652,27,241,1663,37,135,9714,1516,11230,0.00748408,0.177833,-0.984032,0
5359,2136,29,332,1806,35,137,9834,1344,11178,-0.0104686,0.222042,-0.974981,0
5414,2247,26,291,2179,35,157,10349,1504,11853,-0.0104699,0.193944,-0.980957,0
5616,2711,25,328,2926,43,227,11876,1488,13364,-0.0270225,0.22384,-0.974251,0
5152,2961,23,350,2871,39,195,11591,1312,12903,-0.0174508,0.202819,-0.979061,0
6816,4305,32,620,4324,46,281,16424,1563,17987,-0.00239551,0.203108,-0.979153,0
4719,3318,17,381,3212,40,284,11971,1185,13156,0.0100155,0.167393,-0.985839,0
4322,2798,19,309,2710,31,180,10369,932,11301,0.00242564,0.163595,-0.986524,0
7310,3755,29,432,3634,83,247,15490,1526,17016,-0.0213333,0.195609,-0.98045,0
4425,2172,19,258,2184,31,148,9237,1077,10314,-0.00681795,0.129477,-0.991559,0
6158,2510,26,313,2447,46,205,11705,1664,13369,-0.00866342,0.121778,-0.99252,0
5885,1968,27,251,2247,53,150,10581,1668,12249,-0.0197456,0.126352,-0.991789,0
5782,1556,27,236,1509,49,127,9286,1519,10805,-0.0207302,0.0721513,-0.997179,0
5300,981,20,130,947,33,74,7485,985,8470,-0.0343453,0.149201,-0.98821,0
2997,645,15,88,616,26,49,4436,739,5175,-0.0245887,0.139854,-0.989867,0
5843,1329,28,180,1287,44,102,8813,1418,10231,-0.0394544,0.211087,-0.976671,0
6194,1554,26,202,1553,49,115,9693,1386,11079,-0.0455515,0.19059,-0.980612,0
5867,1644,24,216,1542,65,122,9480,1393,10873,-0.052552,0.270923,-0.961166,0
5944,1588,23,237,1565,51,128,9536,1380,10916,-0.061682,0.294768,-0.953576,0
5921,1732,23,236,1667,99,134,9812,1422,11234,-0.0603014,0.339752,-0.93858,0
6147,1930,22,258,1860,53,146,10416,1593,12009,-0.0484167,0.346833,-0.936677,0
6349,2287,49,296,2435,43,171,11630,1427,13057,-0.0383536,0.359773,-0.932251,0
4233,1868,18,246,1791,25,130,8311,1259,9570,-0.0334909,0.376173,-0.925944,0
6224,3248,24,387,3191,43,221,13338,1770,15108,-0.0241722,0.409718,-0.911892,0
4336,2680,21,327,2635,40,176,10215,1184,11399,-0.0248803,0.35076,-0.936135,0
6531,4445,31,521,4279,49,281,16137,1275,17412,-0.0254243,0.389291,-0.920764,0
4410,2859,48,335,2803,53,195,10703,1202,11905,-0.0156442,0.321913,-0.94664,0
6366,3646,32,435,3723,51,248,14501,1572,16073,-0.0189043,0.338537,-0.940764,0
6611,3205,24,289,2312,51,166,12658,1139,13797,-0.00810727,0.265485,-0.964081,0
3305,1453,16,180,1433,27,101,6515,819,7334,-0.0143358,0.273561,-0.961748,0
6067,2242,29,332,2197,61,159,11087,1591,12678,-0.0177383,0.252371,-0.967468,0
6874,1932,29,251,1980,56,142,11264,1480,12744,-0.043007,0.280753,-0.958817,0
5830,1732,27,221,1683,54,128,9675,1485,11160,-0.0376325,0.230266,-0.9724,0
5859,1583,28,209,1504,50,128,9361,1372,10733,-0.059592,0.264275,-0.962605,0
5601,1237,28,175,1209,65,96,8411,1445,9856,-0.0539587,0.228422,-0.972066,0
5581,1128,29,148,995,65,83,8029,1420,9449,-0.0737924,0.236763,-0.968761,0
5378,852,27,127,799,51,67,7301,1398,8699,-0.0565366,0.194687,-0.979235,0
5373,853,28,136,898,47,87,7422,1477,8899,-0.0955936,0.245533,-0.964664,0
5554,1116,28,158,984,43,84,7967,1732,9699,-0.0590328,0.187282,-0.980531,0
5887,1288,26,188,1324,79,141,8933,1289,10222,-0.0759642,0.185297,-0.979742,0
5937,1605,27,220,1593,36,128,9546,1380,10926,-0.0614845,0.146188,-0.987344,0
5994,1977,27,269,2010,66,124,10467,971,11438,-0.0809399,0.183764,-0.979633,0
3879,1629,17,201,1576,27,112,7441,1034,8475,-0.0592288,0.191503,-0.979703,0
6273,3181,27,380,3099,41,216,13217,1727,14944,-0.0647987,0.227829,-0.971543,0
6461,4228,30,438,3362,25,172,14716,1104,15820,-0.0526346,0.235085,-0.970549,0
3441,2285,15,261,2248,24,153,8427,792,9219,-0.0359512,0.1937,-0.980402,0
6462,5156,32,548,4496,26,207,16927,945,17872,-0.0778258,0.202303,-0.976226,0
4292,3182,17,361,3199,75,207,11333,823,12156,-0.0713298,0.169632,-0.982922,0
1824,1206,8,138,1174,26,77,4453,391,4844,-0.0494653,0.13687,-0.989353,0
6509,4058,27,477,3753,53,247,15124,1370,16494,-0.0753187,0.166504,-0.98316,0
5697,3170,25,374,3059,61,216,12602,1302,13904,-0.0552603,0.117523,-0.991532,0
4117,1739,17,228,1702,58,123,7984,1031,9015,-0.060486,0.122062,-0.990678,0
5494,1959,25,287,1956,52,147,9920,1404,11324,-0.0648221,0.142553,-0.987662,0
6065,1900,29,248,1831,56,139,10268,1495,11763,-0.0648328,0.132572,-0.989051,0
5990,1776,30,231,1722,56,132,9937,1412,11349,-0.0789411,0.114292,-0.990306,0
6018,1800,29,230,1836,53,133,10099,1420,11519,-0.112396,0.167164,-0.979501,0
6090,2016,26,250,1952,54,144,10532,1415,11947,-0.118552,0.20068,-0.972457,0
4265,1459,17,181,1452,42,104,7520,959,8479,-0.119032,0.19716,-0.973118,0
6060,2141,23,265,2093,47,156,10785,1453,12238,-0.128863,0.21638,-0.967768,0
6075,2086,22,266,2035,42,151,10677,1596,12273,-0.151719,0.279558,-0.948065,0
5447,1923,20,256,1906,47,142,9741,1437,11178,-0.140802,0.23625,-0.961437,0
6112,2344,24,295,2328,66,187,11356,1404,12760,-0.161502,0.295457,-0.941606,0
6222,2558,25,330,2540,46,184,11905,1466,13371,-0.155553,0.321795,-0.933944,0
4328,2093,17,261,2054,31,143,8927,1125,10052,-0.144988,0.318556,-0.93675,0
6402,3648,27,421,3674,51,244,14467,1793,16260,-0.143993,0.353367,-0.924337,0
6844,4310,27,498,4263,48,322,16312,1867,18179,-0.200917,0.469032,-0.860025,0
3530,2398,11,238,2154,24,137,8492,817,9309,-0.177437,0.376884,-0.909106,0
2042,1486,10,171,1461,18,99,5287,465,5752,-0.147552,0.320937,-0.935536,0
3459,2204,16,257,2135,31,146,8248,847,9095,-0.125267,0.267933,-0.955259,0
6521,3939,36,504,3856,53,257,15166,1514,16680,-0.147438,0.284473,-0.947279,0
5672,2880,28,346,2884,54,203,12067,1468,13535,-0.113868,0.220077,-0.968814,0
5026,2219,23,266,2139,68,151,9892,1331,11223,-0.122665,0.231589,-0.965049,0
6169,2486,29,311,2376,58,168,11597,1506,13103,-0.113717,0.214712,-0.970034,0
6108,2290,27,293,2192,28,114,11052,999,12051,-0.104032,0.205109,-0.973195,0
5441,2022,26,253,2046,44,144,9976,1337,11313,-0.0996574,0.180465,-0.97852,0
5980,1956,26,256,1896,42,140,10296,1536,11832,-0.135431,0.219267,-0.96622,0
5898,1742,26,220,1615,39,124,9664,1442,11106,-0.0953671,0.168021,-0.98116,0
6075,1366,25,202,1342,46,110,9166,1418,10584,-0.0999752,0.20532,-0.973575,0
5550,1172,31,279,1289,51,98,8470,1482,9952,-0.0647321,0.148552,-0.986784,0
5719,1085,25,161,1019,51,92,8152,1249,9401,-0.102062,0.186276,-0.977182,0
3841,751,18,114,717,33,62,5536,999,6535,-0.0741719,0.155615,-0.985029,0
5772,1282,26,190,1243,49,109,8671,1585,10256,-0.0824149,0.150481,-0.985172,0
6087,1500,29,249,1601,59,127,9652,1530,11182,-0.105758,0.16046,-0.98136,0
4362,1365,19,174,1318,24,100,7362,1121,8483,-0.0936019,0.156312,-0.983263,0
6046,2267,27,290,2259,44,167,11100,1533,12633,-0.0688413,0.139446,-0.987834,0
4227,1850,19,256,1758,27,128,8265,1146,9411,-0.0674715,0.150188,-0.986352,0
4255,2086,22,291,2049,36,145,8884,1149,10033,-0.0748665,0.14767,-0.986199,0
6508,3393,28,404,3389,39,232,13993,1701,15694,-0.0813288,0.162419,-0.983365,0
4398,2597,19,295,2529,28,184,10050,1324,11374,-0.0539795,0.129036,-0.99017,0
4111,2789,18,327,2549,36,175,10005,1014,11019,-0.0736482,0.134055,-0.988233,0
7405,4648,27,496,3663,30,206,16475,1053,17528,-0.0881025,0.132347,-0.98728,0
3486,2535,14,284,2529,33,163,9044,822,9866,-0.0610074,0.105231,-0.992575,0
5517,3938,40,530,3944,52,261,14282,1285,15567,-0.0392532,0.0808495,-0.995953,0
6819,5043,29,575,3896,40,216,16618,1122,17740,-0.0941793,0.183867,-0.978429,0
3094,1755,10,230,1688,22,101,6900,560,7460,-0.0326825,0.0944318,-0.994995,0
2036,1199,9,142,1162,21,81,4650,544,5194,-0.0300648,0.0846166,-0.99596,0
6437,3282,28,403,3286,61,235,13732,1661,15393,-0.0502201,0.10243,-0.993472,0
6414,2758,26,341,2837,54,201,12631,1515,14146,-0.141585,0.193602,-0.97081,0
3204,1023,11,133,1028,20,75,5494,795,6289,-0.0680282,0.0944365,-0.993204,0
2313,805,10,103,779,18,57,4085,628,4713,-0.0372601,0.0558098,-0.997746,0
6178,2183,27,284,2160,44,164,11040,1457,12497,-0.142432,0.159335,-0.976896,0
3309,1131,15,146,1073,16,67,5757,605,6362,-0.0774189,0.0804308,-0.993749,0
2433,908,12,125,920,21,68,4487,577,5064,-0.0773063,0.0577555,-0.995333,0
6168,2415,28,308,2388,49,177,11533,1372,12905,-0.0981525,0.0866251,-0.991394,0
6314,2465,27,368,2473,44,181,11872,1170,13042,-0.0923661,0.0953637,-0.991148,0
4396,1694,17,216,1634,27,123,8107,945,9052,-0.0984125,0.111976,-0.988826,0
6198,2404,41,309,2542,53,181,11728,1420,13148,-0.110728,0.154393,-0.981785,0
6225,2258,24,297,2244,48,166,11262,1349,12611,-0.109964,0.192958,-0.975026,0
4244,1572,15,204,1679,39,119,7872,1211,9083,-0.0957466,0.165343,-0.981578,0
6354,2420,23,313,2412,61,178,11761,1532,13293,-0.129718,0.236749,-0.962872,0
4411,1854,16,226,1917,37,132,8593,1183,9776,-0.125115,0.211097,-0.969425,0
6343,3554,26,359,2869,39,202,13392,1766,15158,-0.157374,0.240435,-0.957823,0
6445,3251,24,360,2227,34,155,12496,1259,13755,-0.139344,0.216095,-0.966378,0
3491,2026,13,235,2034,19,151,7969,1196,9165,-0.178933,0.249764,-0.951631,0
6626,4465,27,524,4539,56,297,16534,1808,18342,-0.187058,0.262588,-0.946603,0
4550,3661,20,394,3490,31,198,12344,808,13152,-0.208219,0.280108,-0.937115,0
4407,3375,22,382,3740,42,218,12186,1067,13253,-0.172026,0.233312,-0.957065,0
6626,4754,32,586,4598,31,214,16841,1130,17971,-0.199589,0.287451,-0.936769,0
4662,3112,21,373,3460,44,214,11886,1073,12959,-0.158191,0.237368,-0.958453,0
4182,2637,20,310,2593,39,178,9959,1083,11042,-0.146573,0.249362,-0.957254,0
6489,3599,37,439,3561,72,246,14443,1774,16217,-0.132073,0.215375,-0.967559,0
6369,3239,29,395,3194,61,222,13509,1656,15165,-0.207632,0.359722,-0.909664,0
4165,1558,14,187,1427,20,86,7457,664,8121,-0.164452,0.308414,-0.936929,0
2243,904,10,113,872,23,62,4227,521,4748,-0.103399,0.206485,-0.972971,0
4093,1413,19,182,1381,35,102,7225,965,8190,-0.123095,0.219353,-0.967849,0
5816,1667,26,219,1611,45,124,9508,1388,10896,-0.162718,0.252762,-0.953747,0
5701,1735,36,299,1687,55,117,9630,1412,11042,-0.129834,0.221172,-0.966554,0
5652,1208,26,179,1165,46,98,8374,1471,9845,-0.132648,0.239609,-0.961765,0
5602,1893,28,228,1329,35,112,9227,1494,10721,-0.0980116,0.187439,-0.977374,0
6223,1755,38,361,2135,42,169,10723,1827,12550,-0.120563,0.206636,-0.970961,0
4234,1477,18,191,1405,27,105,7457,1157,8614,-0.0860134,0.167658,-0.982086,0
6232,2530,28,299,2273,41,164,11567,1471,13038,-0.103244,0.179895,-0.978253,0
5625,2786,24,334,2844,33,223,11869,1594,13463,-0.0706429,0.135472,-0.988259,0
4044,2253,18,304,2231,31,151,9032,990,10022,-0.074011,0.154905,-0.985153,0
6775,4482,35,550,3824,44,263,15973,1039,17012,-0.0995942,0.191272,-0.976471,0
4624,2934,18,326,2857,54,199,11012,867,11879,-0.0921731,0.189253,-0.977593,0
4616,2948,18,324,2954,32,188,11080,911,11991,-0.0783861,0.167555,-0.982742,0
6770,4774,27,555,4061,51,218,16456,978,17434,-0.105621,0.17716,-0.978498,0
3577,2447,14,297,2427,27,173,8962,778,9740,-0.0999932,0.147808,-0.983948,0
5561,4048,25,419,3622,65,242,13982,1216,15198,-0.105743,0.137412,-0.984853,0
5493,3340,23,397,3417,44,235,12949,1173,14122,-0.0943327,0.102883,-0.990211,0
4298,2231,16,291,2228,31,154,9249,916,10165,-0.0776461,0.0826977,-0.993546,0
6479,3481,29,416,3399,46,172,14022,1086,15108,-0.0585722,0.0634776,-0.996263,0
4290,1984,19,251,2064,38,147,8793,1123,9916,-0.042409,0.0664271,-0.99689,0
6227,3057,35,365,2576,46,190,12496,1643,14139,-0.0407746,0.0490658,-0.997963,0
6037,2304,28,310,2047,32,113,10871,1056,11927,-0.0670922,0.063941,-0.995696,0
5425,1854,26,242,1786,56,136,9525,1344,10869,-0.0547269,0.0654021,-0.996357,0
5623,1852,27,241,1806,63,138,9750,1264,11014,-0.0606591,0.0926228,-0.993852,0
6575,1951,29,269,1996,55,209,11084,1438,12522,-0.0562247,0.0722038,-0.995804,0
5652,1944,26,243,1927,46,143,9981,1255,11236,-0.0900203,0.117235,-0.989016,0
5554,1896,52,247,1842,43,138,9772,1266,11038,-0.088234,0.120498,-0.988785,0
6455,2033,27,289,1990,52,151,10997,1355,12352,-0.129601,0.175536,-0.975905,0
4164,1397,17,186,1358,34,104,7260,959,8219,-0.119895,0.159461,-0.979897,0
6138,2137,25,281,2051,53,162,10847,1449,12296,-0.14045,0.230889,-0.96279,0
6093,2346,24,296,2304,45,179,11287,1126,12413,-0.119394,0.201182,-0.972251,0
5654,2308,22,295,2222,46,159,10706,1529,12235,-0.131789,0.238977,-0.96204,0
6248,2806,38,340,2788,38,199,12457,1439,13896,-0.11613,0.195928,-0.973718,0
4356,2174,18,258,2135,33,150,9124,1267,10391,-0.128793,0.202637,-0.970747,0
6556,3416,25,401,3028,28,159,13613,1251,14864,-0.125224,0.204536,-0.970816,0
4480,2539,18,294,2454,28,169,9982,1249,11231,-0.106367,0.202796,-0.973427,0
6489,3951,28,448,3543,24,174,14657,1232,15889,-0.0932658,0.182713,-0.978733,0
3406,2014,13,234,2000,23,133,7823,927,8750,-0.0832257,0.181963,-0.979777,0
6525,4197,47,450,3230,32,246,14727,1196,15923,-0.0823728,0.181906,-0.97986,0
4661,2842,15,247,2162,28,142,10097,971,11068,-0.0840919,0.1612,-0.983333,0
3279,2146,14,240,2148,32,137,7996,896,8892,-0.0799672,0.147481,-0.985827,0
6634,4386,29,524,4368,49,287,16277,1638,17915,-0.0806117,0.166258,-0.982782,0
6556,4586,30,519,3751,32,258,15732,1302,17034,-0.0773538,0.211856,-0.974235,0
2992,1941,11,223,1820,18,108,7113,569,7682,-0.0656225,0.138109,-0.98824,0
1996,1237,9,135,1181,20,77,4655,444,5099,-0.0676095,0.107641,-0.991888,0
6570,4802,31,542,4593,47,304,16889,1764,18653,-0.0665546,0.12011,-0.990527,0
6481,4527,24,364,3195,33,206,14830,1126,15956,-0.0608044,0.101246,-0.993001,0
3352,2305,17,269,2398,31,169,8541,859,9400,-0.0512711,0.0946637,-0.994188,0
6529,4412,31,507,4224,58,197,15958,1211,17169,-0.0599455,0.0916165,-0.993989,0
4421,3045,22,371,2953,48,200,11060,1077,12137,-0.0481183,0.0713178,-0.996293,0
6493,4454,32,550,4018,43,202,15792,1090,16882,-0.0325211,0.0607374,-0.997624,0
6717,4026,49,359,3101,45,203,14500,902,15402,-0.0283832,0.0568935,-0.997977,0
3398,2431,18,273,2401,35,157,8713,893,9606,-0.026138,0.0517068,-0.99832,0
7111,4511,32,528,3879,42,203,16306,1110,17416,-0.0199668,0.0426455,-0.998891,0
3421,2376,17,275,2368,40,157,8654,915,9569,-0.0149474,0.0455966,-0.998848,0
6542,4522,33,533,3870,54,204,15758,1115,16873,-0.011424,0.0532315,-0.998517,0
4493,3185,29,504,3455,48,208,11922,1134,13056,-0.0134305,0.0558807,-0.998347,0
5334,3669,26,447,3575,52,256,13359,1324,14683,-0.0188352,0.064152,-0.997762,0
5241,3899,28,559,3746,55,247,13775,1305,15080,-0.0184417,0.0671938,-0.997569,0
3830,2732,20,315,2688,48,178,9811,1044,10855,-0.0200844,0.0658397,-0.997628,0
6453,4408,34,514,3980,49,202,15640,1081,16721,-0.0176936,0.0718316,-0.99726,0
3410,2360,17,339,2498,47,242,8913,1057,9970,-0.0154201,0.067831,-0.997578,0
5169,3777,28,431,3575,55,241,13276,1361,14637,-0.0180546,0.0668328,-0.997601,0
5479,3693,28,437,3666,55,247,13605,1355,14960,-0.01092,0.0708799,-0.997425,0
5257,3287,19,383,2438,36,159,11579,918,12497,-0.0135766,0.0667951,-0.997674,0
2315,1611,12,193,1577,22,107,5837,539,6376,-0.0134013,0.0635291,-0.99789,0
5828,4000,28,489,3937,59,268,14609,1421,16030,-0.0142327,0.0612329,-0.998022,0
6517,4463,32,530,4463,62,229,16296,1147,17443,-0.00858027,0.0648237,-0.99786,0
6861,4569,42,538,4472,62,301,16845,1645,18490,-0.00795898,0.06107,-0.998102,0
3374,2095,15,232,1938,32,128,7814,722,8536,-0.00507446,0.0534536,-0.998557,0
2354,1638,13,204,1605,28,110,5952,582,6534,-0.0100153,0.0479743,-0.998798,0
4692,3171,23,398,3116,55,210,11665,1108,12773,-0.00700101,0.0469118,-0.998874,0
4468,3184,23,369,3203,57,220,11524,1163,12687,-0.0120804,0.0448442,-0.998921,0
6552,4554,33,551,4504,72,302,16568,1210,17778,-0.00755636,0.0464768,-0.998891,0
4476,3188,23,371,3901,92,221,12272,877,13149,-0.0108355,0.0477979,-0.998798,0
