Downsample[ns],BuildFilTree[ns],SearchFil[ns],DeleteFil[ns],BuildTreeSub[ns],SearchSub[ns],DeleteSub[ns],PreProcTotal[ns],Plane[ns],Total[ns],nx,ny,nz,planeCount
0,0,0,0,0,5848,1054,6902,18840,25742,-0.117777,0.075396,-0.990174,0
0,0,0,0,0,3041,566,3607,17010,20617,-0.0485483,0.0383551,-0.998084,0
0,0,0,0,0,1551,264,1815,2381,4196,-0.0446022,0.0392692,-0.998233,0
0,0,0,0,0,4880,1002,5882,7367,13249,-0.0407939,0.0408263,-0.998333,0
0,0,0,0,0,5612,670,6282,4142,10424,-0.0378583,0.0423885,-0.998384,0
0,0,0,0,0,3778,643,4421,4011,8432,-0.0355049,0.0427976,-0.998453,0
0,0,0,0,0,5827,1007,6834,6194,13028,-0.03337,0.0430475,-0.998515,0
0,0,0,0,0,5902,1078,6980,6597,13577,-0.0320436,0.0428988,-0.998565,0
0,0,0,0,0,4026,702,4728,4209,8937,-0.0304038,0.0430577,-0.99861,0
0,0,0,0,0,5817,1000,6817,6368,13185,-0.029041,0.0429617,-0.998655,0
0,0,0,0,0,5972,969,6941,6635,13576,-0.0282455,0.0436166,-0.998649,0
0,0,0,0,0,5901,1004,6905,6404,13309,-0.0258767,0.0440364,-0.998695,0
0,0,0,0,0,4164,686,4850,4470,9320,-0.0262862,0.0444993,-0.998664,0
0,0,0,0,0,5874,1043,6917,7078,13995,-0.0252812,0.0451365,-0.998661,0
0,0,0,0,0,5274,910,6184,6464,12648,-0.0254736,0.0447127,-0.998675,0
0,0,0,0,0,5920,1030,6950,6975,13925,-0.0247049,0.0439768,-0.998727,0
0,0,0,0,0,5839,977,6816,7106,13922,-0.0198163,0.0427623,-0.998889,0
0,0,0,0,0,5852,1030,6882,6443,13325,-0.024286,0.0437119,-0.998749,0
0,0,0,0,0,4036,696,4732,4584,9316,-0.0250292,0.0437566,-0.998728,0
0,0,0,0,0,5927,1014,6941,7565,14506,-0.0252517,0.0441812,-0.998704,0
0,0,0,0,0,4158,680,4838,3659,8497,-0.0180019,0.0441335,-0.998864,0
0,0,0,0,0,2634,367,3001,2666,5667,-0.0201364,0.0448181,-0.998792,0
0,0,0,0,0,2552,417,2969,3107,6076,-0.0128774,0.0453417,-0.998889,0
0,0,0,0,0,5870,977,6847,8613,15460,-0.0200526,0.0449245,-0.998789,0
0,0,0,0,0,6111,884,6995,5711,12706,-0.024972,0.0423443,-0.998791,0
0,0,0,0,0,3791,648,4439,4379,8818,-0.0194053,0.0414505,-0.998952,0
0,0,0,0,0,5924,1029,6953,7692,14645,-0.0183758,0.0404824,-0.999011,0
0,0,0,0,0,3152,520,3672,3283,6955,-0.0220015,0.0414403,-0.998899,0
0,0,0,0,0,2116,352,2468,2546,5014,-0.0112579,0.0449092,-0.998927,0
0,0,0,0,0,5343,910,6253,8194,14447,-0.011437,0.0454019,-0.998903,0
0,0,0,0,0,5278,915,6193,7318,13511,-0.0210823,0.0438357,-0.998817,0
0,0,0,0,0,3905,650,4555,4677,9232,-0.0209985,0.0431403,-0.998848,0
0,0,0,0,0,5021,1223,6244,6551,12795,-0.0228132,0.0441017,-0.998767,0
0,0,0,0,0,4969,847,5816,6115,11931,-0.0255671,0.0436717,-0.998719,0
0,0,0,0,0,3616,621,4237,5043,9280,-0.0261838,0.0432645,-0.99872,0
0,0,0,0,0,6046,1082,7128,6099,13227,-0.0258089,0.0431275,-0.998736,0
0,0,0,0,0,4650,699,5349,5021,10370,-0.02651,0.0427801,-0.998733,0
0,0,0,0,0,5880,981,6861,6572,13433,-0.0276677,0.0430887,-0.998688,0
0,0,0,0,0,4054,612,4666,3562,8228,-0.0296468,0.0425148,-0.998656,0
0,0,0,0,0,2404,375,2779,2314,5093,-0.0290791,0.0433507,-0.998637,0
0,0,0,0,0,5900,1021,6921,7163,14084,-0.0282497,0.0430725,-0.998673,0
0,0,0,0,0,3961,541,4502,3559,8061,-0.0265464,0.0436364,-0.998695,0
0,0,0,0,0,2571,454,3025,2991,6016,-0.0266615,0.0435597,-0.998695,0
0,0,0,0,0,6937,1041,7978,6062,14040,-0.0268013,0.0425196,-0.998736,0
0,0,0,0,0,7130,981,8111,5903,14014,-0.026006,0.0441477,-0.998686,0
0,0,0,0,0,5456,929,6385,5685,12070,-0.0241883,0.0432252,-0.998772,0
0,0,0,0,0,5708,933,6641,5039,11680,-0.0190204,0.0427568,-0.998905,0
0,0,0,0,0,4376,675,5051,4682,9733,-0.0229123,0.0425005,-0.998834,0
0,0,0,0,0,3809,669,4478,4593,9071,-0.0222531,0.0420236,-0.998869,0
0,0,0,0,0,6149,1026,7175,6720,13895,-0.0178521,0.0422877,-0.998946,0
0,0,0,0,0,4112,737,4849,5332,10181,-0.0225659,0.042176,-0.998855,0
0,0,0,0,0,6048,992,7040,8542,15582,-0.0176093,0.0420089,-0.998962,0
0,0,0,0,0,4203,699,4902,5135,10037,-0.0147707,0.0423138,-0.998995,0
0,0,0,0,0,4114,708,4822,5088,9910,-0.0223059,0.0414653,-0.998891,0
0,0,0,0,0,5952,987,6939,7307,14246,-0.023477,0.0417173,-0.998854,0
0,0,0,0,0,5935,993,6928,6863,13791,-0.0234327,0.0420244,-0.998842,0
0,0,0,0,0,4107,715,4822,5179,10001,-0.0232729,0.0430515,-0.998802,0
0,0,0,0,0,5907,1010,6917,7340,14257,-0.0278062,0.0410076,-0.998772,0
0,0,0,0,0,4086,688,4774,4209,8983,-0.0280174,0.0413927,-0.99875,0
0,0,0,0,0,5947,991,6938,6264,13202,-0.0208157,0.0399986,-0.998983,0
0,0,0,0,0,5929,993,6922,6778,13700,-0.0169894,0.0395677,-0.999072,0
0,0,0,0,0,3716,545,4261,4065,8326,-0.0169393,0.0405199,-0.999035,0
0,0,0,0,0,5843,999,6842,7654,14496,-0.0236559,0.0397239,-0.998931,0
0,0,0,0,0,6019,997,7016,5934,12950,-0.019102,0.0388962,-0.999061,0
0,0,0,0,0,4053,707,4760,4895,9655,-0.0221129,0.0390748,-0.998992,0
0,0,0,0,0,5989,981,6970,6627,13597,-0.0191428,0.0375718,-0.999111,0
0,0,0,0,0,6016,981,6997,6622,13619,-0.0240626,0.0386288,-0.998964,0
0,0,0,0,0,4082,683,4765,4814,9579,-0.0251326,0.0393532,-0.998909,0
0,0,0,0,0,5926,971,6897,6636,13533,-0.0252115,0.0395028,-0.998901,0
0,0,0,0,0,6097,973,7070,5897,12967,-0.0255449,0.0394677,-0.998894,0
0,0,0,0,0,3110,559,3669,3319,6988,-0.0258343,0.0404265,-0.998849,0
0,0,0,0,0,6684,1058,7742,6427,14169,-0.0259993,0.040244,-0.998852,0
0,0,0,0,0,6050,1003,7053,4717,11770,-0.0244144,0.0404261,-0.998884,0
0,0,0,0,0,2908,455,3363,3233,6596,-0.0236692,0.0406214,-0.998894,0
0,0,0,0,0,5943,932,6875,6528,13403,-0.023692,0.0407608,-0.998888,0
0,0,0,0,0,6056,994,7050,6981,14031,-0.0242547,0.0402189,-0.998897,0
0,0,0,0,0,4082,709,4791,4766,9557,-0.0242917,0.0404484,-0.998886,0
0,0,0,0,0,5956,973,6929,5770,12699,-0.0273794,0.0395696,-0.998842,0
0,0,0,0,0,3779,629,4408,4059,8467,-0.0203788,0.0387835,-0.99904,0
0,0,0,0,0,4831,794,5625,5920,11545,-0.0148104,0.0376662,-0.999181,0
0,0,0,0,0,4856,796,5652,6110,11762,-0.0215078,0.0381332,-0.999041,0
0,0,0,0,0,4807,793,5600,5400,11000,-0.00672301,0.0425979,-0.999069,0
0,0,0,0,0,4967,893,5860,7143,13003,-0.013807,0.0428142,-0.998988,0
0,0,0,0,0,5964,1039,7003,7876,14879,-0.0151851,0.0418482,-0.999008,0
0,0,0,0,0,3560,541,4101,4085,8186,-0.0166722,0.0415061,-0.998999,0
0,0,0,0,0,2139,362,2501,2970,5471,-0.018543,0.0411697,-0.99898,0
0,0,0,0,0,5437,906,6343,6994,13337,-0.0152399,0.0406133,-0.999059,0
0,0,0,0,0,5995,1035,7030,6847,13877,-0.0214565,0.0398965,-0.998974,0
0,0,0,0,0,3863,649,4512,4558,9070,-0.0238053,0.0398598,-0.998922,0
0,0,0,0,0,3834,668,4502,4191,8693,-0.0245661,0.0394885,-0.998918,0
0,0,0,0,0,5621,885,6506,5204,11710,-0.0166008,0.036417,-0.999199,0
0,0,0,0,0,4935,837,5772,6304,12076,-0.0214597,0.0378098,-0.999054,0
0,0,0,0,0,3710,622,4332,3890,8222,-0.0230969,0.0371466,-0.999043,0
0,0,0,0,0,4563,779,5342,4826,10168,-0.029056,0.0362555,-0.99892,0
0,0,0,0,0,5993,975,6968,5270,12238,-0.0323605,0.0352729,-0.998854,0
0,0,0,0,0,6019,846,6865,3541,10406,-0.0300651,0.0358633,-0.998905,0
0,0,0,0,0,2879,632,3511,2192,5703,-0.0273287,0.0359872,-0.998978,0
0,0,0,0,0,5988,990,6978,5650,12628,-0.0203627,0.0331757,-0.999242,0
0,0,0,0,0,5349,891,6240,6531,12771,-0.0214706,0.0340751,-0.999189,0
0,0,0,0,0,5908,983,6891,6453,13344,-0.0295604,0.0345435,-0.998966,0
0,0,0,0,0,4145,721,4866,4175,9041,-0.0292198,0.0342349,-0.998986,0
0,0,0,0,0,6081,1036,7117,5593,12710,-0.0251233,0.0329607,-0.999141,0
0,0,0,0,0,6129,1060,7189,5911,13100,-0.0234674,0.0337736,-0.999154,0
0,0,0,0,0,5555,953,6508,6129,12637,-0.0257288,0.0371589,-0.998978,0
0,0,0,0,0,6261,1073,7334,6321,13655,-0.0255565,0.0382021,-0.998943,0
0,0,0,0,0,4326,731,5057,4555,9612,-0.0262051,0.0367305,-0.998982,0
0,0,0,0,0,6216,1060,7276,6328,13604,-0.0305148,0.036774,-0.998858,0
0,0,0,0,0,6063,1224,7287,5940,13227,-0.025926,0.0401855,-0.998856,0
0,0,0,0,0,6267,1010,7277,6273,13550,-0.0248997,0.0483464,-0.99852,0
0,0,0,0,0,4788,738,5526,5002,10528,-0.023468,0.0591611,-0.997973,0
0,0,0,0,0,5762,957,6719,7485,14204,-0.0270919,0.0809078,-0.996354,0
0,0,0,0,0,6595,1115,7710,10158,17868,-0.02126,0.115338,-0.993099,0
0,0,0,0,0,3263,549,3812,10628,14440,-0.0157197,0.142666,-0.989646,0
0,0,0,0,0,6661,1150,7811,14626,22437,-0.0185308,0.182219,-0.983083,0
0,0,0,0,0,2899,464,3363,8593,11956,-0.0173474,0.167038,-0.985798,0
0,0,0,0,0,3241,519,3760,11720,15480,-0.020227,0.209229,-0.977658,0
0,0,0,0,0,4827,779,5606,16742,22348,0.0013174,0.22814,-0.973628,0
0,0,0,0,0,3735,590,4325,15374,19699,0.019737,0.253782,-0.96706,0
0,0,0,0,0,6235,1133,7368,18858,26226,0.010918,0.288663,-0.957368,0
0,0,0,0,0,2211,359,2570,10521,13091,-0.0253631,0.381328,-0.924092,0
0,0,0,0,0,1714,276,1990,7006,8996,-0.0322738,0.386367,-0.921781,0
0,0,0,0,0,2486,402,2888,14645,17533,-0.0211801,0.447238,-0.894164,0
0,0,0,0,0,3225,578,3803,18452,22255,-0.0459998,0.480708,-0.875674,0
0,0,0,0,0,2375,420,2795,16247,19042,-0.0636697,0.529832,-0.84571,0
0,0,0,0,0,1749,291,2040,12333,14373,-0.0751879,0.578816,-0.811985,0
0,0,0,0,0,3414,587,4001,23871,27872,-0.0756302,0.597673,-0.798165,0
0,0,0,0,0,2376,401,2777,17339,20116,-0.00994145,0.525,-0.851044,0
0,0,0,0,0,1708,300,2008,18685,20693,-0.070842,0.182684,-0.980616,0
0,0,0,0,0,1734,321,2055,25476,27531,-0.0940495,0.198195,-0.97564,0
0,0,0,0,0,1464,267,1731,22958,24689,-0.0601202,0.0926369,-0.993883,0
0,0,0,0,0,1422,294,1716,23879,25595,-0.101873,0.202002,-0.974073,0
0,0,0,0,0,1395,281,1676,24580,26256,-0.0630262,0.0313066,-0.997521,0
0,0,0,0,0,1530,304,1834,24758,26592,-0.100825,0.185401,-0.977477,0
0,0,0,0,0,5124,1035,6159,41294,47453,-0.0654096,0.178577,-0.981749,0
0,0,0,0,0,1363,277,1640,24311,25951,-0.0563046,0.232131,-0.971053,0
0,0,0,0,0,1346,252,1598,24021,25619,-0.0261995,0.100759,-0.994566,0
0,0,0,0,0,1388,267,1655,24042,25697,-0.0168764,0.0928692,-0.995535,0
0,0,0,0,0,1544,280,1824,24888,26712,-0.0372691,0.169957,-0.984746,0
0,0,0,0,0,5702,1025,6727,43071,49798,-0.00844602,0.284938,-0.958509,0
0,0,0,0,0,1373,323,1696,25992,27688,-0.0234078,0.191993,-0.981117,0
0,0,0,0,0,1392,280,1672,24355,26027,-0.018139,0.218505,-0.975667,0
0,0,0,0,0,1499,269,1768,26135,27903,-0.0292863,0.20356,-0.978624,0
0,0,0,0,0,1420,257,1677,24616,26293,-0.0445198,0.248918,-0.967501,0
0,0,0,0,0,1433,273,1706,23673,25379,-0.0651958,0.231488,-0.97065,0
0,0,0,0,0,1472,274,1746,24704,26450,-0.0343316,0.359398,-0.932553,0
0,0,0,0,0,1448,269,1717,24996,26713,-0.011175,0.271344,-0.962418,0
0,0,0,0,0,1331,345,1676,23348,25024,0.00935219,0.328314,-0.944522,0
0,0,0,0,0,4566,846,5412,39129,44541,0.0174812,0.31536,-0.948811,0
0,0,0,0,0,1341,254,1595,21549,23144,0.0214466,0.297096,-0.954607,0
0,0,0,0,0,1309,229,1538,9942,11480,0.0369641,0.205395,-0.977981,0
0,0,0,0,0,1675,309,1984,19309,21293,0.0374792,0.266026,-0.963237,0
0,0,0,0,0,1809,323,2132,27973,30105,0.060154,0.324709,-0.943899,0
0,0,0,0,0,1298,227,1525,29664,31189,0.0474181,0.428612,-0.902243,0
0,0,0,0,0,5497,1336,6833,38256,45089,0.0244985,0.592106,-0.805488,0
0,0,0,0,0,1349,255,1604,13528,15132,0.0135865,0.620758,-0.783885,0
0,0,0,0,0,1297,296,1593,18912,20505,0.0318496,0.624325,-0.780515,0
0,0,0,0,0,1316,331,1647,19577,21224,-0.0188745,0.48447,-0.874604,0
0,0,0,0,0,1453,281,1734,24181,25915,-0.00718433,0.555741,-0.831324,0
0,0,0,0,0,6406,1222,7628,52941,60569,-0.0452258,0.705156,-0.707608,0
0,0,0,0,0,1379,309,1688,71007,72695,0.337413,-0.310605,-0.888638,0
0,0,0,0,0,1404,309,1713,2620,4333,-0.0640391,0.232975,-0.970372,0
0,0,0,0,0,1437,343,1780,19048,20828,-0.0311779,0.21846,-0.975348,0
0,0,0,0,0,1451,303,1754,21288,23042,0.0116766,0.123115,-0.992324,0
0,0,0,0,0,6938,1263,8201,46281,54482,-0.0161481,0.229652,-0.973139,0
0,0,0,0,0,1484,382,1866,24637,26503,0.0348106,0.0862418,-0.995666,0
0,0,0,0,0,1471,343,1814,22786,24600,0.050846,0.0177757,-0.998548,0
0,0,0,0,0,1491,304,1795,22627,24422,0.0253278,0.0416915,-0.99881,0
0,0,0,0,0,2407,490,2897,31293,34190,0.0180899,0.0566905,-0.998228,0
0,0,0,0,0,2225,306,2531,24426,26957,0.0470799,0.000263832,-0.998891,0
0,0,0,0,0,1484,271,1755,24049,25804,0.0471565,0.0481572,-0.997726,0
0,0,0,0,0,1521,303,1824,25463,27287,0.0799022,0.0342175,-0.996215,0
0,0,0,0,0,1471,318,1789,24169,25958,0.064662,0.0364243,-0.997242,0
0,0,0,0,0,1384,296,1680,24848,26528,-0.104334,-0.00405592,-0.994534,0
0,0,0,0,0,1316,295,1611,23950,25561,-0.107134,0.0336066,-0.993677,0
0,0,0,0,0,1396,275,1671,25211,26882,-0.0985251,0.107272,-0.989336,0
0,0,0,0,0,1425,331,1756,25845,27601,-0.10764,0.0449246,-0.993174,0
0,0,0,0,0,5171,1136,6307,37919,44226,-0.104111,0.0531982,-0.993142,0
0,0,0,0,0,1319,417,1736,24137,25873,-0.11334,0.00995281,-0.993507,0
0,0,0,0,0,1238,243,1481,23451,24932,-0.115764,0.0883478,-0.98934,0
0,0,0,0,0,1226,247,1473,23400,24873,-0.127143,0.10486,-0.986326,0
0,0,0,0,0,1231,234,1465,22937,24402,-0.142049,0.131929,-0.981028,0
0,0,0,0,0,1227,230,1457,22767,24224,-0.190491,0.17417,-0.966115,0
0,0,0,0,0,5244,1161,6405,41041,47446,-0.135793,0.326044,-0.935551,0
0,0,0,0,0,1233,279,1512,22371,23883,-0.224812,0.243134,-0.943581,0
0,0,0,0,0,4891,901,5792,32615,38407,-0.292566,0.306589,-0.905764,0
0,0,0,0,0,1234,246,1480,20708,22188,-0.26782,0.241857,-0.932619,0
0,0,0,0,0,1307,272,1579,21824,23403,-0.169147,0.132816,-0.976601,0
0,0,0,0,0,1444,283,1727,22873,24600,-0.271233,0.19268,-0.943031,0
0,0,0,0,0,1254,322,1576,20596,22172,-0.267001,0.227951,-0.936349,0
0,0,0,0,0,1254,274,1528,20974,22502,-0.177859,0.189262,-0.965684,0
0,0,0,0,0,1433,321,1754,23611,25365,-0.20141,0.217146,-0.955134,0
0,0,0,0,0,1273,288,1561,21145,22706,-0.337488,0.33346,-0.880288,0
0,0,0,0,0,1419,277,1696,21520,23216,-0.231341,0.148508,-0.961471,0
0,0,0,0,0,4862,929,5791,36977,42768,-0.297559,0.303753,-0.905093,0
0,0,0,0,0,1362,269,1631,20899,22530,-0.298039,0.29967,-0.906295,0
0,0,0,0,0,1285,257,1542,19945,21487,-0.290727,0.369103,-0.882746,0
0,0,0,0,0,1428,286,1714,21445,23159,-0.230286,0.28437,-0.930647,0
0,0,0,0,0,1373,254,1627,19525,21152,-0.25684,0.359145,-0.897245,0
0,0,0,0,0,1477,279,1756,20386,22142,-0.228117,0.424117,-0.876406,0
0,0,0,0,0,1471,274,1745,20716,22461,-0.259771,0.401953,-0.878039,0
0,0,0,0,0,1375,245,1620,16426,18046,-0.251056,0.354315,-0.900795,0
0,0,0,0,0,1857,288,2145,16342,18487,-0.233965,0.358497,-0.903737,0
0,0,0,0,0,1784,354,2138,15382,17520,-0.131643,0.315645,-0.939701,0
0,0,0,0,0,1988,344,2332,11806,14138,-0.126816,0.303587,-0.944327,0
0,0,0,0,0,1978,330,2308,9622,11930,-0.105033,0.294238,-0.949943,0
0,0,0,0,0,6304,1047,7351,24056,31407,-0.179279,0.297618,-0.937701,0
0,0,0,0,0,1885,335,2220,14086,16306,-0.237115,0.159956,-0.958223,0
0,0,0,0,0,5644,1045,6689,32195,38884,-0.282224,-0.0308662,-0.958852,0
0,0,0,0,0,1395,358,1753,19158,20911,-0.186974,-0.0971499,-0.977549,0
0,0,0,0,0,1359,257,1616,21283,22899,-0.202792,0.0199779,-0.979018,0
0,0,0,0,0,1362,252,1614,20494,22108,-0.132163,0.0360188,-0.990573,0
0,0,0,0,0,1361,249,1610,21695,23305,-0.128739,0.0815133,-0.988323,0
0,0,0,0,0,1533,279,1812,23322,25134,-0.127645,-0.0711855,-0.989262,0
0,0,0,0,0,5761,1037,6798,38462,45260,-0.157629,-0.080029,-0.98425,0
0,0,0,0,0,2000,365,2365,28447,30812,-0.0532193,-0.0560609,-0.997008,0
0,0,0,0,0,1480,321,1801,22941,24742,-0.102509,0.0322926,-0.994208,0
0,0,0,0,0,1396,299,1695,22914,24609,0.192357,-0.0597987,-0.979501,0
0,0,0,0,0,1474,325,1799,23256,25055,0.188029,0.0613684,-0.980245,0
0,0,0,0,0,1674,284,1958,23332,25290,0.144872,0.145443,-0.978702,0
0,0,0,0,0,1549,278,1827,23561,25388,0.114472,0.296494,-0.94815,0
0,0,0,0,0,1578,374,1952,23967,25919,0.101775,0.233533,-0.967008,0
0,0,0,0,0,2081,329,2410,25647,28057,-0.0937701,0.16857,-0.981219,0
0,0,0,0,0,1526,286,1812,23910,25722,0.124759,0.261614,-0.957075,0
0,0,0,0,0,1705,306,2011,24882,26893,0.112422,0.163584,-0.980103,0
0,0,0,0,0,7298,1105,8403,36323,44726,0.105165,0.288918,-0.95156,0
0,0,0,0,0,1437,318,1755,23441,25196,0.101596,0.255592,-0.961432,0
0,0,0,0,0,1468,358,1826,22993,24819,0.0832751,0.191509,-0.977952,0
0,0,0,0,0,1574,275,1849,24110,25959,0.103794,0.19556,-0.975183,0
0,0,0,0,0,1495,268,1763,22467,24230,0.00400916,0.223768,-0.974634,0
0,0,0,0,0,5894,1102,6996,41104,48100,0.075147,0.281718,-0.95655,0
0,0,0,0,0,1441,255,1696,21494,23190,0.0564779,0.308487,-0.94955,0
0,0,0,0,0,6450,1185,7635,31496,39131,-0.0444434,0.387648,-0.920735,0
0,0,0,0,0,1792,308,2100,11842,13942,-0.0510187,0.389376,-0.919665,0
0,0,0,0,0,1329,231,1560,22165,23725,-0.0760072,0.414322,-0.906951,0
0,0,0,0,0,1293,229,1522,17287,18809,0.181137,-0.660276,-0.728852,0
0,0,0,0,0,1360,241,1601,1410,3011,0.200667,-0.617557,-0.760498,0
0,0,0,0,0,4866,894,5760,5834,11594,0.0972991,-0.452861,-0.886256,0
0,0,0,0,0,6091,1447,7538,5781,13319,0.333388,-0.245994,-0.910131,0
0,0,0,0,0,4266,790,5056,12090,17146,0.0243734,0.122372,-0.992185,0
0,0,0,0,0,2246,429,2675,16438,19113,0.016236,0.133472,-0.990919,0
0,0,0,0,0,1719,328,2047,13654,15701,-0.0022731,0.130032,-0.991507,0
0,0,0,0,0,2296,409,2705,19369,22074,-0.0189159,0.100431,-0.994764,0
0,0,0,0,0,5681,1189,6870,29836,36706,-0.0458749,0.115242,-0.992277,0
0,0,0,0,0,1491,301,1792,17348,19140,-0.0306299,0.0856918,-0.995851,0
0,0,0,0,0,1404,333,1737,20148,21885,-0.0338986,0.0870273,-0.995629,0
0,0,0,0,0,1476,312,1788,21147,22935,-0.037209,0.104274,-0.993853,0
0,0,0,0,0,6459,1251,7710,43162,50872,-0.0226788,0.163005,-0.986365,0
0,0,0,0,0,1470,320,1790,23267,25057,-0.0218691,0.0934621,-0.995383,0
0,0,0,0,0,1422,282,1704,23488,25192,-0.0255163,0.0442286,-0.998696,0
0,0,0,0,0,1660,289,1949,24246,26195,-0.012198,0.103662,-0.994538,0
0,0,0,0,0,1651,312,1963,26821,28784,-0.0151641,0.0644682,-0.997804,0
0,0,0,0,0,1630,336,1966,26536,28502,-0.0162792,0.0526995,-0.998478,0
0,0,0,0,0,1446,367,1813,25599,27412,0.00416127,0.116739,-0.993154,0
0,0,0,0,0,6770,1225,7995,45991,53986,0.0360088,0.305772,-0.951424,0
0,0,0,0,0,1379,292,1671,24911,26582,0.0572665,0.302027,-0.951578,0
0,0,0,0,0,1418,329,1747,25117,26864,0.0586438,0.210022,-0.975937,0
0,0,0,0,0,1359,251,1610,24770,26380,0.0820844,0.174463,-0.981237,0
0,0,0,0,0,1279,391,1670,25099,26769,0.0421127,0.293455,-0.955045,0
0,0,0,0,0,1289,352,1641,25128,26769,0.0838368,0.385213,-0.919011,0
0,0,0,0,0,1483,289,1772,26209,27981,0.073633,0.265506,-0.961293,0
0,0,0,0,0,1314,253,1567,24654,26221,-0.0798328,0.467212,-0.880534,0
0,0,0,0,0,1349,269,1618,24117,25735,0.106441,0.47372,-0.87422,0
0,0,0,0,0,1250,298,1548,23815,25363,0.16057,0.488558,-0.857629,0
0,0,0,0,0,1292,286,1578,22476,24054,0.188347,0.497215,-0.846938,0
0,0,0,0,0,1249,346,1595,21488,23083,0.126141,0.443866,-0.887171,0
0,0,0,0,0,1223,355,1578,19889,21467,0.127148,0.35915,-0.924578,0
0,0,0,0,0,1288,233,1521,17522,19043,0.110649,0.323686,-0.939672,0
0,0,0,0,0,5816,1014,6830,35985,42815,0.0418053,0.516462,-0.855289,0
0,0,0,0,0,1777,289,2066,11105,13171,-0.00779563,0.478712,-0.877938,0
0,0,0,0,0,1316,254,1570,5216,6786,-0.0215122,0.479166,-0.87746,0
0,0,0,0,0,1409,228,1637,3933,5570,-0.061235,0.516423,-0.854141,0
0,0,0,0,0,2803,465,3268,9594,12862,-0.0957353,0.572607,-0.814222,0
0,0,0,0,0,7190,1038,8228,19540,27768,-0.0863795,0.569508,-0.817434,0
0,0,0,0,0,2275,381,2656,15434,18090,-0.0850744,0.561606,-0.823019,0
0,0,0,0,0,1582,309,1891,13478,15369,-0.0752556,0.619232,-0.781593,0
0,0,0,0,0,6773,1116,7889,-1000,-1000,-1,-1,-1,0
0,0,0,0,0,1836,329,2165,23853,26018,-0.183314,0.0544123,-0.981547,0
0,0,0,0,0,1501,300,1801,21106,22907,-0.215306,0.0100627,-0.976495,0
0,0,0,0,0,1541,332,1873,20912,22785,-0.181137,0.0976783,-0.978595,0
0,0,0,0,0,1590,442,2032,21967,23999,-0.157001,0.123191,-0.979885,0
0,0,0,0,0,1509,335,1844,21664,23508,-0.164356,0.113679,-0.979829,0
0,0,0,0,0,1750,308,2058,25382,27440,-0.0838231,0.195168,-0.977181,0
0,0,0,0,0,1478,352,1830,23444,25274,-0.0995783,0.131646,-0.986283,0
0,0,0,0,0,1660,316,1976,25761,27737,-0.0788222,0.161293,-0.983754,0
0,0,0,0,0,1435,265,1700,24310,26010,-0.114244,0.257444,-0.959516,0
0,0,0,0,0,1448,306,1754,24618,26372,-0.0852516,0.237549,-0.967628,0
0,0,0,0,0,1538,273,1811,25921,27732,-0.0494154,0.221232,-0.973969,0
0,0,0,0,0,1391,344,1735,25149,26884,-0.0454416,0.219081,-0.974648,0
0,0,0,0,0,5192,947,6139,38710,44849,-0.0392453,0.297247,-0.953994,0
0,0,0,0,0,1374,286,1660,24071,25731,-0.0694473,0.244545,-0.967148,0
0,0,0,0,0,1362,287,1649,23137,24786,-0.0724015,0.22899,-0.970733,0
0,0,0,0,0,1389,285,1674,25197,26871,-0.0642909,0.217183,-0.974011,0
0,0,0,0,0,5971,1289,7260,35162,42422,-0.0656816,0.325351,-0.94331,0
0,0,0,0,0,1447,282,1729,12605,14334,-0.046005,0.304881,-0.951279,0
0,0,0,0,0,1515,281,1796,24422,26218,0.0594582,0.0726735,-0.995582,0
0,0,0,0,0,6226,1252,7478,40210,47688,-0.0432922,0.331031,-0.942626,0
0,0,0,0,0,1428,270,1698,34974,36672,0.0639358,0.172161,-0.982992,0
0,0,0,0,0,1320,336,1656,18097,19753,-0.00400855,0.214127,-0.976797,0
0,0,0,0,0,1341,292,1633,13805,15438,0.0566426,0.0568984,-0.996772,0
0,0,0,0,0,1845,317,2162,26515,28677,0.0251322,0.0646103,-0.997594,0
0,0,0,0,0,1431,282,1713,18524,20237,-0.00720893,0.0582404,-0.998277,0
0,0,0,0,0,1431,275,1706,19669,21375,-0.00944656,0.0598238,-0.998165,0
0,0,0,0,0,1587,299,1886,21790,23676,-0.0140629,0.0351863,-0.999282,0
0,0,0,0,0,1496,275,1771,23597,25368,-0.0272267,0.0115565,-0.999563,0
0,0,0,0,0,6014,1115,7129,37657,44786,0.00395121,0.0548492,-0.998487,0
0,0,0,0,0,1432,304,1736,23454,25190,-0.0193601,-0.0676775,-0.997519,0
0,0,0,0,0,1448,278,1726,23348,25074,-0.0342384,-0.0449935,-0.998401,0
0,0,0,0,0,1727,330,2057,24663,26720,-0.0342513,-0.0218957,-0.999174,0
0,0,0,0,0,1446,274,1720,25042,26762,-0.0380504,-0.0109138,-0.999216,0
0,0,0,0,0,4428,886,5314,48984,54298,-0.0385601,0.0043151,-0.999247,0
0,0,0,0,0,1451,372,1823,24597,26420,-0.0383416,0.0491054,-0.998057,0
0,0,0,0,0,1525,276,1801,26629,28430,-0.0242162,0.0148145,-0.999597,0
0,0,0,0,0,1440,274,1714,25062,26776,0.00204329,0.0558429,-0.998437,0
0,0,0,0,0,1460,274,1734,26236,27970,-0.0441016,-0.00973623,-0.99898,0
0,0,0,0,0,1620,307,1927,27114,29041,-0.0281089,-0.0352055,-0.998985,0
0,0,0,0,0,1539,305,1844,26709,28553,-0.0173015,-0.0121053,-0.999777,0
0,0,0,0,0,1407,268,1675,25703,27378,0.00434226,0.0524127,-0.998616,0
0,0,0,0,0,4440,827,5267,47017,52284,0.0144621,0.166462,-0.985942,0
0,0,0,0,0,1273,305,1578,25243,26821,0.00902339,0.293817,-0.955819,0
0,0,0,0,0,1306,348,1654,25156,26810,0.0454726,0.159301,-0.986182,0
0,0,0,0,0,1249,290,1539,24462,26001,0.0657531,0.134681,-0.988705,0
0,0,0,0,0,1257,254,1511,24920,26431,0.0934911,0.137225,-0.986118,0
0,0,0,0,0,2809,525,3334,40740,44074,0.127097,0.44485,-0.886541,0
0,0,0,0,0,1275,257,1532,24514,26046,0.165046,0.34186,-0.925144,0
0,0,0,0,0,1239,245,1484,22818,24302,0.218776,0.504415,-0.835286,0
0,0,0,0,0,1248,271,1519,22729,24248,0.283882,0.381989,-0.879486,0
0,0,0,0,0,1321,251,1572,21461,23033,0.316112,0.369934,-0.873626,0
0,0,0,0,0,1306,260,1566,21189,22755,0.337192,0.515075,-0.788035,0
0,0,0,0,0,1253,295,1548,21499,23047,0.305511,0.431896,-0.848604,0
0,0,0,0,0,1467,280,1747,22769,24516,0.274779,0.41838,-0.865711,0
0,0,0,0,0,1551,289,1840,22119,23959,0.236801,0.362636,-0.901344,0
0,0,0,0,0,1297,250,1547,18268,19815,0.283058,0.319285,-0.904397,0
0,0,0,0,0,1480,275,1755,19023,20778,0.23761,0.239113,-0.94147,0
0,0,0,0,0,1449,260,1709,17467,19176,0.152596,0.222598,-0.962894,0
0,0,0,0,0,1793,316,2109,20554,22663,0.0787046,0.211615,-0.974179,0
0,0,0,0,0,1585,283,1868,17834,19702,0.0295162,0.254152,-0.966714,0
0,0,0,0,0,1658,301,1959,19974,21933,0.046215,0.220522,-0.974286,0
0,0,0,0,0,1567,272,1839,16377,18216,0.038887,0.169942,-0.984687,0
0,0,0,0,0,6226,1084,7310,29318,36628,0.0629101,0.194355,-0.978912,0
0,0,0,0,0,1594,287,1881,13641,15522,0.0320038,0.157221,-0.987045,0
0,0,0,0,0,5437,965,6402,28328,34730,0.0246221,0.131295,-0.991037,0
0,0,0,0,0,1437,240,1677,9903,11580,0.0051334,0.123437,-0.992339,0
0,0,0,0,0,1422,240,1662,10996,12658,0.0210223,0.125445,-0.991878,0
0,0,0,0,0,2358,409,2767,16799,19566,0.0366495,0.13321,-0.99041,0
0,0,0,0,0,2304,421,2725,19342,22067,0.0375438,0.128908,-0.990946,0
0,0,0,0,0,1703,305,2008,13125,15133,0.0461651,0.130437,-0.990381,0
0,0,0,0,0,6099,1078,7177,25844,33021,0.0623093,0.131334,-0.989378,0
0,0,0,0,0,1558,258,1816,11248,13064,0.0642848,0.133356,-0.988981,0
0,0,0,0,0,1696,281,1977,13048,15025,0.0614379,0.130113,-0.989594,0
0,0,0,0,0,2054,372,2426,14531,16957,0.0768089,0.129782,-0.988563,0
0,0,0,0,0,2686,477,3163,19081,22244,0.0721856,0.145116,-0.986778,0
0,0,0,0,0,2234,384,2618,18444,21062,0.0531719,0.133865,-0.989572,0
0,0,0,0,0,1908,329,2237,13760,15997,0.056803,0.137227,-0.98891,0
0,0,0,0,0,2812,505,3317,22299,25616,0.0593021,0.10163,-0.993053,0
0,0,0,0,0,2326,393,2719,13846,16565,0.0601909,0.0961353,-0.993547,0
0,0,0,0,0,2022,352,2374,10932,13306,0.058817,0.0831134,-0.994803,0
0,0,0,0,0,3028,443,3471,13027,16498,0.0502038,0.062306,-0.996793,0
0,0,0,0,0,3047,509,3556,11386,14942,0.0315871,0.0347013,-0.998898,0
0,0,0,0,0,3565,632,4197,7705,11902,0.0201751,0.0163782,-0.999662,0
0,0,0,0,0,4401,785,5186,5749,10935,0.0142696,0.00965734,-0.999852,0
0,0,0,0,0,5920,965,6885,6805,13690,0.0158406,0.0124096,-0.999798,0
0,0,0,0,0,4383,738,5121,4579,9700,0.0206103,0.0161132,-0.999658,0
0,0,0,0,0,6056,981,7037,7380,14417,0.0252124,0.0205139,-0.999472,0
0,0,0,0,0,4735,712,5447,5538,10985,0.0260212,0.0197304,-0.999467,0
0,0,0,0,0,5464,877,6341,7318,13659,0.0250184,0.0176877,-0.999531,0
0,0,0,0,0,3084,489,3573,3942,7515,0.022698,0.0126964,-0.999662,0
0,0,0,0,0,5934,1024,6958,8307,15265,0.0225218,0.00657766,-0.999725,0
0,0,0,0,0,5949,1061,7010,7569,14579,0.022782,0.00330419,-0.999735,0
0,0,0,0,0,4070,867,4937,5588,10525,0.0228015,0.00209811,-0.999738,0
0,0,0,0,0,5287,869,6156,6848,13004,0.0205139,0.00226021,-0.999787,0
0,0,0,0,0,6263,941,7204,6519,13723,0.0167083,0.00224195,-0.999858,0
0,0,0,0,0,3772,617,4389,4808,9197,0.0154021,0.00158082,-0.99988,0
0,0,0,0,0,6107,997,7104,6922,14026,0.0183456,9.34312e-06,-0.999832,0
0,0,0,0,0,5842,960,6802,6029,12831,0.0239524,-0.00237299,-0.999711,0
0,0,0,0,0,4119,664,4783,4886,9669,0.0239229,-0.00190904,-0.999712,0
0,0,0,0,0,5885,961,6846,7263,14109,0.017763,0.00260525,-0.999839,0
0,0,0,0,0,4279,666,4945,4054,8999,0.0163116,0.00397753,-0.999859,0
0,0,0,0,0,2528,443,2971,2964,5935,0.0165568,0.00466833,-0.999852,0
0,0,0,0,0,4096,690,4786,4515,9301,0.0169423,0.00425167,-0.999847,0
0,0,0,0,0,6042,1024,7066,6766,13832,0.0175987,0.00349281,-0.999839,0
0,0,0,0,0,5961,965,6926,6583,13509,0.0178551,0.00212411,-0.999838,0
0,0,0,0,0,5918,1024,6942,7062,14004,0.0153747,0.000235836,-0.999882,0
0,0,0,0,0,4100,703,4803,5095,9898,0.0126808,-0.000884957,-0.99992,0
0,0,0,0,0,6063,993,7056,5480,12536,0.0118,-0.00168126,-0.999929,0
0,0,0,0,0,2538,414,2952,3169,6121,0.0112238,-0.00242014,-0.999934,0
0,0,0,0,0,5953,1012,6965,7975,14940,0.0113614,-0.00305306,-0.999931,0
0,0,0,0,0,5966,989,6955,6628,13583,0.0131383,-0.00267729,-0.99991,0
0,0,0,0,0,4079,665,4744,5028,9772,0.0123525,-0.00348078,-0.999918,0
0,0,0,0,0,4221,665,4886,4971,9857,0.0127004,-0.00389935,-0.999912,0
0,0,0,0,0,4053,665,4718,5146,9864,0.0125503,-0.00384431,-0.999914,0
0,0,0,0,0,5943,1018,6961,7017,13978,0.0120137,-0.0026237,-0.999924,0
0,0,0,0,0,5341,914,6255,6665,12920,0.0130491,-0.00303265,-0.99991,0
0,0,0,0,0,5964,1021,6985,6745,13730,0.0142502,-0.00398614,-0.99989,0
0,0,0,0,0,5295,959,6254,6622,12876,0.014911,-0.00449214,-0.999879,0
0,0,0,0,0,5422,893,6315,6547,12862,0.014745,-0.00424591,-0.999883,0
0,0,0,0,0,6037,1025,7062,7315,14377,0.0146539,-0.00403349,-0.999885,0
0,0,0,0,0,6453,1031,7484,7404,14888,0.0135213,-0.00350705,-0.999902,0
0,0,0,0,0,4075,715,4790,5105,9895,0.0132607,-0.0046647,-0.999901,0
0,0,0,0,0,5987,1068,7055,6876,13931,0.0141778,-0.00660129,-0.999878,0
0,0,0,0,0,5712,899,6611,6472,13083,0.013992,-0.00624515,-0.999882,0
0,0,0,0,0,3778,628,4406,4751,9157,0.0132852,-0.00567368,-0.999896,0
0,0,0,0,0,5939,1022,6961,7471,14432,0.0131966,-0.00420758,-0.999904,0
0,0,0,0,0,5912,1095,7007,7151,14158,0.0133376,-0.00363158,-0.999904,0
0,0,0,0,0,6012,994,7006,7787,14793,0.0139344,-0.00389626,-0.999895,0
0,0,0,0,0,3825,721,4546,3761,8307,0.0135764,-0.00414719,-0.999899,0
0,0,0,0,0,1820,311,2131,2466,4597,0.0137066,-0.00444316,-0.999896,0
0,0,0,0,0,3851,653,4504,4830,9334,0.0134469,-0.0042571,-0.999901,0
0,0,0,0,0,5785,944,6729,7919,14648,0.0136766,-0.00295405,-0.999902,0
0,0,0,0,0,4065,676,4741,5045,9786,0.0143619,-0.00333105,-0.999892,0
0,0,0,0,0,5988,918,6906,6051,12957,0.0144678,-0.00430934,-0.999886,0
0,0,0,0,0,5378,966,6344,7060,13404,0.0143806,-0.00490259,-0.999884,0
0,0,0,0,0,4822,884,5706,5849,11555,0.014252,-0.00511045,-0.999886,0
0,0,0,0,0,5981,998,6979,6736,13715,0.0143335,-0.00653276,-0.999876,0
0,0,0,0,0,5956,960,6916,6993,13909,0.0135345,-0.00718331,-0.999883,0
0,0,0,0,0,6010,962,6972,7067,14039,0.0134265,-0.00731382,-0.999883,0
0,0,0,0,0,4071,666,4737,4917,9654,0.0136148,-0.00776738,-0.999877,0
0,0,0,0,0,4077,667,4744,5066,9810,0.0128162,-0.0076476,-0.999888,0
0,0,0,0,0,5902,1014,6916,7143,14059,0.0129059,-0.00897812,-0.999876,0
0,0,0,0,0,5980,1009,6989,7089,14078,0.0108397,-0.00952092,-0.999896,0
0,0,0,0,0,5841,1024,6865,6726,13591,0.00891636,-0.00956565,-0.999915,0
0,0,0,0,0,3823,643,4466,4809,9275,0.00854026,-0.0100922,-0.999913,0
0,0,0,0,0,5760,925,6685,6657,13342,0.00791859,-0.00919584,-0.999926,0
0,0,0,0,0,6280,951,7231,6028,13259,0.00959963,-0.00928264,-0.999911,0
0,0,0,0,0,3800,665,4465,4416,8881,0.00954526,-0.00769532,-0.999925,0
0,0,0,0,0,5904,1028,6932,6445,13377,0.0118177,-0.00778799,-0.9999,0
0,0,0,0,0,5924,998,6922,6129,13051,0.0129413,-0.00783446,-0.999886,0
0,0,0,0,0,4092,723,4815,4808,9623,0.0124684,-0.00722538,-0.999896,0
0,0,0,0,0,5936,1040,6976,6592,13568,0.0117201,-0.00756295,-0.999903,0
0,0,0,0,0,5976,1016,6992,6150,13142,0.01159,-0.00750101,-0.999905,0
0,0,0,0,0,5272,904,6176,6536,12712,0.0119464,-0.00793834,-0.999897,0
0,0,0,0,0,5285,901,6186,6133,12319,0.0120184,-0.00847988,-0.999892,0
0,0,0,0,0,5346,870,6216,6611,12827,0.0129048,-0.00870903,-0.999879,0
0,0,0,0,0,5363,861,6224,6370,12594,0.0127028,-0.0101228,-0.999868,0
0,0,0,0,0,4814,792,5606,5671,11277,0.0136862,-0.00973403,-0.999859,0
0,0,0,0,0,5906,1030,6936,7034,13970,0.012099,-0.00830769,-0.999892,0
0,0,0,0,0,5990,1005,6995,7022,14017,0.0141587,-0.00672459,-0.999877,0
0,0,0,0,0,5946,1036,6982,6919,13901,0.0153384,-0.00588307,-0.999865,0
0,0,0,0,0,5281,861,6142,6653,12795,0.0154489,-0.00602221,-0.999862,0
0,0,0,0,0,5282,866,6148,6040,12188,0.0148988,-0.00623377,-0.99987,0
0,0,0,0,0,4815,806,5621,5874,11495,0.0147923,-0.00593458,-0.999873,0
0,0,0,0,0,5871,982,6853,6495,13348,0.0143255,-0.00590425,-0.99988,0
0,0,0,0,0,6222,864,7086,6882,13968,0.0141474,-0.00649183,-0.999879,0
0,0,0,0,0,5283,888,6171,6113,12284,0.0158706,-0.00818005,-0.999841,0
0,0,0,0,0,6118,865,6983,6394,13377,0.0133037,-0.00713339,-0.999886,0
0,0,0,0,0,3797,619,4416,4508,8924,0.0118753,-0.00628573,-0.99991,0
0,0,0,0,0,4969,791,5760,5554,11314,0.0115916,-0.00714384,-0.999907,0
0,0,0,0,0,4830,855,5685,5699,11384,0.0126161,-0.00788438,-0.999889,0
0,0,0,0,0,4937,819,5756,5575,11331,0.0127109,-0.00887548,-0.99988,0
0,0,0,0,0,4797,816,5613,5557,11170,0.0125924,-0.00953966,-0.999875,0
0,0,0,0,0,5587,999,6586,6366,12952,0.0116529,-0.00963598,-0.999886,0
0,0,0,0,0,6668,909,7577,5775,13352,0.0129975,-0.00977888,-0.999868,0
0,0,0,0,0,3812,635,4447,4473,8920,0.0139072,-0.0103469,-0.99985,0
0,0,0,0,0,4840,797,5637,5811,11448,0.0135076,-0.0103266,-0.999855,0
0,0,0,0,0,5999,1002,7001,7685,14686,0.0138357,-0.00966304,-0.999858,1
0,0,0,0,0,5341,895,6236,5043,11279,0.0150981,-0.0105087,-0.999831,1
0,0,0,0,0,4966,798,5764,6514,12278,0.0138587,-0.0094637,-0.999859,1
0,0,0,0,0,6310,983,7293,7790,15083,0.0136763,-0.00921618,-0.999864,1
0,0,0,0,0,3925,641,4566,4590,9156,0.0133727,-0.00937594,-0.999867,1
0,0,0,0,0,4817,859,5676,5807,11483,0.0129357,-0.0104498,-0.999862,1
0,0,0,0,0,5888,995,6883,7378,14261,0.0127337,-0.0105979,-0.999863,1
0,0,0,0,0,4076,708,4784,5056,9840,0.0130547,-0.0103292,-0.999861,1
0,0,0,0,0,5880,965,6845,6773,13618,0.0138318,-0.0102317,-0.999852,1
0,0,0,0,0,5358,903,6261,6521,12782,0.0141655,-0.00933021,-0.999856,1
0,0,0,0,0,5319,921,6240,6233,12473,0.0144348,-0.00770949,-0.999866,1
0,0,0,0,0,6027,1029,7056,6667,13723,0.0144,-0.00719862,-0.999871,1
0,0,0,0,0,5415,886,6301,6045,12346,0.0145272,-0.00803752,-0.999862,1
0,0,0,0,0,5390,947,6337,6342,12679,0.014678,-0.00684871,-0.999869,1
0,0,0,0,0,5725,925,6650,6052,12702,0.0155949,-0.00661761,-0.999857,1
0,0,0,0,0,5631,902,6533,5815,12348,0.0152444,-0.0076439,-0.999855,1
0,0,0,0,0,3892,641,4533,4402,8935,0.0158477,-0.00704735,-0.99985,1
0,0,0,0,0,3914,652,4566,4490,9056,0.0152258,-0.00703147,-0.999859,1
0,0,0,0,0,5431,948,6379,6553,12932,0.0147028,-0.0062171,-0.999873,1
0,0,0,0,0,5467,947,6414,5636,12050,0.0142281,-0.00569272,-0.999883,1
0,0,0,0,0,2943,482,3425,3488,6913,0.0142324,-0.0055435,-0.999883,1
0,0,0,0,0,6127,1155,7282,6806,14088,0.0162183,-0.00490351,-0.999856,1
0,0,0,0,0,5659,702,6361,4399,10760,0.0156238,-0.00525176,-0.999864,1
0,0,0,0,0,3194,498,3692,3359,7051,0.0153675,-0.00521715,-0.999868,1
0,0,0,0,0,3523,538,4061,3122,7183,0.0145906,-0.00440426,-0.999884,1
0,0,0,0,0,1436,245,1681,1594,3275,0.0149157,-0.00381802,-0.999882,1
0,0,0,0,0,2586,472,3058,3203,6261,0.0149368,-0.0044222,-0.999879,1
0,0,0,0,0,5932,1046,6978,6210,13188,0.0153607,-0.00510245,-0.999869,1
0,0,0,0,0,5867,902,6769,6001,12770,0.0159043,-0.00437526,-0.999864,1
0,0,0,0,0,5481,883,6364,6433,12797,0.0153397,-0.00440583,-0.999873,1
0,0,0,0,0,5366,882,6248,5494,11742,0.0155997,-0.00427858,-0.999869,1
0,0,0,0,0,6021,1034,7055,6381,13436,0.015111,-0.0035663,-0.999879,1
0,0,0,0,0,9428,1356,10784,8080,18864,0.0146186,-0.00306039,-0.999888,1
0,0,0,0,0,4119,665,4784,4610,9394,0.0131597,-0.00241712,-0.99991,1
0,0,0,0,0,5832,969,6801,6572,13373,0.0159825,-0.0032789,-0.999867,1
0,0,0,0,0,5309,923,6232,6311,12543,0.0171904,-0.00292706,-0.999848,1
0,0,0,0,0,1565,272,1837,1947,3784,0.0163774,-0.00325181,-0.999861,1
0,0,0,0,0,3165,475,3640,3202,6842,0.0159426,-0.00295462,-0.999868,1
0,0,0,0,0,5589,1065,6654,7504,14158,0.0150102,-0.00306489,-0.999882,1
0,0,0,0,0,5486,920,6406,6330,12736,0.0118881,-0.00328011,-0.999924,1
0,0,0,0,0,5563,895,6458,6334,12792,0.00927006,-0.00470311,-0.999946,1
0,0,0,0,0,3885,653,4538,4299,8837,0.00890015,-0.00686345,-0.999937,1
0,0,0,0,0,5545,930,6475,5615,12090,0.0102983,-0.00796489,-0.999915,1
0,0,0,0,0,5724,912,6636,4594,11230,0.0107373,-0.00638749,-0.999922,1
0,0,0,0,0,3311,544,3855,3585,7440,0.0106015,-0.00624548,-0.999924,1
0,0,0,0,0,5330,924,6254,6705,12959,0.0106312,-0.00713359,-0.999918,1
0,0,0,0,0,5378,957,6335,6375,12710,0.0117806,-0.00764465,-0.999901,1
0,0,0,0,0,5356,939,6295,6469,12764,0.011184,-0.00864551,-0.9999,1
0,0,0,0,0,5706,1001,6707,7426,14133,0.0073966,-0.00926052,-0.99993,1
0,0,0,0,0,5378,899,6277,6637,12914,0.00468921,-0.00705069,-0.999964,1
0,0,0,0,0,4899,660,5559,4229,9788,0.00337265,-0.0032064,-0.999989,1
0,0,0,0,0,3344,564,3908,3974,7882,0.00589732,-0.00204694,-0.999981,1
0,0,0,0,0,5486,916,6402,6904,13306,0.0105872,-0.00403607,-0.999936,1
0,0,0,0,0,5615,947,6562,6309,12871,0.0125944,-0.00681295,-0.999898,1
0,0,0,0,0,6275,892,7167,5593,12760,0.0137477,-0.0127426,-0.999824,1
0,0,0,0,0,5422,938,6360,6811,13171,0.0103571,-0.017863,-0.999787,1
0,0,0,0,0,5836,995,6831,7520,14351,0.00531584,-0.0185803,-0.999813,1
0,0,0,0,0,5827,741,6568,4842,11410,0.00495919,-0.0166029,-0.99985,1
0,0,0,0,0,2497,433,2930,2723,5653,0.00584409,-0.0156332,-0.999861,1
0,0,0,0,0,3095,535,3630,4073,7703,0.00936845,-0.0119588,-0.999885,1
0,0,0,0,0,5445,949,6394,6560,12954,0.0107708,-0.00741818,-0.999914,1
0,0,0,0,0,5944,909,6853,6277,13130,0.0127699,-0.00290389,-0.999914,1
0,0,0,0,0,5337,935,6272,6361,12633,0.0111548,0.00274574,-0.999934,1
0,0,0,0,0,5961,1025,6986,7496,14482,0.0127787,0.00878697,-0.99988,1
0,0,0,0,0,5755,921,6676,7120,13796,0.0134972,0.0157504,-0.999785,1
0,0,0,0,0,5221,918,6139,7650,13789,0.0149942,0.0256519,-0.999559,1
0,0,0,0,0,3462,599,4061,6182,10243,0.0183912,0.042993,-0.998906,1
0,0,0,0,0,5861,1030,6891,11563,18454,0.021503,0.0760728,-0.99687,1
0,0,0,0,0,3758,663,4421,9920,14341,0.0273622,0.105486,-0.994044,1
0,0,0,0,0,2829,484,3313,15429,18742,0.0322133,0.162829,-0.986128,1
0,0,0,0,0,2707,494,3201,16201,19402,0.0424116,0.179449,-0.982852,1
0,0,0,0,0,2584,444,3028,14333,17361,0.0574902,0.194757,-0.979165,1
0,0,0,0,0,3088,536,3624,16934,20558,0.103875,0.246736,-0.9635,1
0,0,0,0,0,2542,431,2973,15176,18149,0.0993466,0.312711,-0.944638,1
0,0,0,0,0,1880,353,2233,9404,11637,0.0919015,0.360991,-0.92803,1
0,0,0,0,0,2308,401,2709,12183,14892,0.0659728,0.43016,-0.900339,1
0,0,0,0,0,4743,798,5541,23212,28753,0.0498298,0.516047,-0.85511,1
0,0,0,0,0,2320,394,2714,10187,12901,0.0601204,0.523859,-0.849681,1
0,0,0,0,0,2144,361,2505,9871,12376,0.0639469,0.540742,-0.838754,1
0,0,0,0,0,5000,848,5848,23242,29090,0.0516544,0.5728,-0.818066,1
0,0,0,0,0,2367,416,2783,12025,14808,0.0285208,0.592423,-0.805122,1
0,0,0,0,0,1949,337,2286,11087,13373,0.0126353,0.619754,-0.784694,1
0,0,0,0,0,3456,594,4050,21560,25610,-0.0204652,0.680112,-0.732823,1
0,0,0,0,0,2278,398,2676,14937,17613,-0.0236901,0.704274,-0.709533,1
0,0,0,0,0,5550,963,6513,26013,32526,0.00428973,0.561326,-0.827584,1
0,0,0,0,0,1654,268,1922,20354,22276,0.157775,-0.0538605,-0.986005,1
0,0,0,0,0,1495,279,1774,25654,27428,-0.0195124,0.0039735,-0.999802,1
0,0,0,0,0,1693,321,2014,26081,28095,-0.000649473,0.0285901,-0.999591,1
0,0,0,0,0,1505,271,1776,24119,25895,0.0277776,-0.0125135,-0.999536,1
0,0,0,0,0,1720,317,2037,26056,28093,0.0751948,0.06248,-0.99521,1
0,0,0,0,0,1477,281,1758,24366,26124,0.0858815,0.0703171,-0.993821,1
0,0,0,0,0,1447,356,1803,24911,26714,0.0399713,0.137879,-0.989642,1
0,0,0,0,0,1397,318,1715,25307,27022,0.0434531,0.0842813,-0.995494,1
0,0,0,0,0,1363,320,1683,24283,25966,0.04069,0.140549,-0.989237,1
0,0,0,0,0,1464,274,1738,24703,26441,0.0136625,0.135741,-0.990651,1
0,0,0,0,0,1675,349,2024,23885,25909,0.00407862,0.15639,-0.987687,1
0,0,0,0,0,1430,238,1668,17006,18674,0.00917182,0.171792,-0.985091,1
0,0,0,0,0,1709,288,1997,9250,11247,0.0324865,0.0890487,-0.995498,1
0,0,0,0,0,2343,237,2580,11100,13680,0.0381293,0.0645994,-0.997182,1
0,0,0,0,0,5044,862,5906,32597,38503,0.031244,0.0634824,-0.997494,1
0,0,0,0,0,1510,283,1793,12545,14338,0.0268914,0.0587719,-0.997909,1
0,0,0,0,0,1563,276,1839,12117,13956,0.0229408,0.049809,-0.998495,1
0,0,0,0,0,5747,956,6703,27948,34651,0.00635873,0.0541322,-0.998514,1
0,0,0,0,0,1526,274,1800,16143,17943,0.0327192,0.0668866,-0.997224,1
0,0,0,0,0,4004,829,4833,77756,82589,0.170619,0.516131,-0.839344,1
0,0,0,0,0,1228,281,1509,14377,15886,0.354697,-0.142827,-0.924008,1
0,0,0,0,0,1348,259,1607,11902,13509,0.00108445,0.164818,-0.986323,1
0,0,0,0,0,1213,255,1468,-1000,-1000,-1,-1,-1,1
0,0,0,0,0,1229,261,1490,14002,15492,0.0107503,0.124684,-0.992138,1
0,0,0,0,0,1219,265,1484,10980,12464,-0.00709701,0.192112,-0.981347,1
0,0,0,0,0,1828,351,2179,37689,39868,0.115742,0.154956,-0.981118,1
0,0,0,0,0,1288,273,1561,9203,10764,0.0904135,0.184837,-0.978601,1
0,0,0,0,0,5528,989,6517,28994,35511,0.0568871,0.271567,-0.960737,1
0,0,0,0,0,1894,300,2194,13429,15623,0.0370943,0.322312,-0.945907,1
0,0,0,0,0,1655,294,1949,17563,19512,0.0406455,0.391398,-0.919323,1
0,0,0,0,0,1699,303,2002,17867,19869,0.0539819,0.44917,-0.891814,1
0,0,0,0,0,1637,294,1931,11741,13672,0.061839,0.494079,-0.867215,1
0,0,0,0,0,2455,437,2892,17981,20873,0.0753691,0.545799,-0.83452,1
0,0,0,0,0,2987,509,3496,18248,21744,0.0747133,0.588538,-0.80501,1
0,0,0,0,0,2406,421,2827,15756,18583,0.0675901,0.625431,-0.777346,1
0,0,0,0,0,5790,1064,6854,23889,30743,0.0620381,0.694696,-0.716623,1
0,0,0,0,0,1724,294,2018,12223,14241,0.0346027,0.697348,-0.715897,1
0,0,0,0,0,6202,1064,7266,-1000,-1000,-1,-1,-1,1
0,0,0,0,0,1462,300,1762,22898,24660,-0.0210357,-0.074661,-0.996987,1
0,0,0,0,0,1498,299,1797,25094,26891,-0.00529279,-0.134431,-0.990909,1
0,0,0,0,0,4625,833,5458,34550,40008,-0.0092592,-0.0827099,-0.996531,1
0,0,0,0,0,1474,265,1739,27823,29562,-0.00173254,-0.0946691,-0.995507,1
0,0,0,0,0,1545,343,1888,27224,29112,0.00995115,-0.0405337,-0.999129,1
0,0,0,0,0,1434,275,1709,27058,28767,-0.00634522,-0.0622047,-0.998043,1
0,0,0,0,0,1352,267,1619,27485,29104,-0.0268043,-0.0487318,-0.998452,1
0,0,0,0,0,1410,305,1715,25580,27295,-0.0324089,0.0428889,-0.998554,1
0,0,0,0,0,1279,317,1596,25643,27239,-0.0330927,0.0801216,-0.996236,1
0,0,0,0,0,1318,348,1666,27242,28908,-0.0208744,0.0039268,-0.999775,1
0,0,0,0,0,1381,263,1644,24792,26436,-0.0141772,0.0423587,-0.999002,1
0,0,0,0,0,1219,252,1471,24324,25795,-0.0214977,-0.112715,-0.993395,1
0,0,0,0,0,1322,317,1639,25372,27011,-0.0159224,0.0771523,-0.996892,1
0,0,0,0,0,6271,1162,7433,48634,56067,-0.0371096,0.307819,-0.950721,1
0,0,0,0,0,1323,320,1643,24282,25925,-0.0327511,0.270455,-0.962176,1
0,0,0,0,0,1283,304,1587,24588,26175,-0.0222605,0.136037,-0.990454,1
0,0,0,0,0,1238,282,1520,24298,25818,0.00112797,0.168093,-0.985771,1
0,0,0,0,0,1359,268,1627,24209,25836,0.196286,0.269769,-0.942707,1
0,0,0,0,0,1239,250,1489,19886,21375,0.251041,0.34016,-0.906239,1
0,0,0,0,0,1469,298,1767,22094,23861,0.294874,0.302408,-0.906421,1
0,0,0,0,0,1504,293,1797,19914,21711,0.120269,0.192333,-0.973932,1
0,0,0,0,0,5498,1357,6855,35722,42577,0.0194596,0.0734393,-0.99711,1
0,0,0,0,0,1357,415,1772,18493,20265,-0.00160633,0.0586806,-0.998275,1
0,0,0,0,0,1229,246,1475,18672,20147,0.000662437,0.042586,-0.999092,1
0,0,0,0,0,1373,274,1647,20585,22232,0.0141431,0.0384288,-0.999161,1
0,0,0,0,0,1362,271,1633,19081,20714,0.00675312,0.0416669,-0.999109,1
0,0,0,0,0,1462,277,1739,20632,22371,0.0300777,0.102475,-0.994281,1
0,0,0,0,0,1415,284,1699,20176,21875,-0.0175532,0.100062,-0.994826,1
0,0,0,0,0,1396,262,1658,18846,20504,-0.00892939,0.0665417,-0.997744,1
0,0,0,0,0,5012,896,5908,32205,38113,-5.60122e-05,0.0846101,-0.996414,1
0,0,0,0,0,1288,265,1553,12524,14077,-0.00411427,0.0374639,-0.99929,1
0,0,0,0,0,1312,240,1552,10394,11946,0.010945,0.0374886,-0.999237,1
0,0,0,0,0,1736,335,2071,13503,15574,-0.000967072,0.0459423,-0.998944,1
0,0,0,0,0,2245,414,2659,18799,21458,-0.0298759,0.104523,-0.994074,1
0,0,0,0,0,2174,388,2562,18449,21011,-0.0739197,0.27363,-0.95899,1
0,0,0,0,0,1868,350,2218,13126,15344,-0.078804,0.300067,-0.950657,1
0,0,0,0,0,2388,436,2824,20715,23539,-0.0686894,0.349668,-0.934352,1
0,0,0,0,0,2084,373,2457,23400,25857,-0.088786,0.347417,-0.933498,1
0,0,0,0,0,1927,368,2295,23830,26125,0.0917128,0.0602811,-0.99396,1
0,0,0,0,0,1669,294,1963,25735,27698,0.0948221,0.107241,-0.989701,1
0,0,0,0,0,1561,311,1872,22703,24575,0.0691373,0.0676262,-0.995312,1
0,0,0,0,0,1532,310,1842,23880,25722,-0.148491,0.0844307,-0.985303,1
0,0,0,0,0,1647,294,1941,23903,25844,-0.142129,0.120599,-0.982474,1
0,0,0,0,0,1553,363,1916,22203,24119,-0.0316409,0.0827452,-0.996068,1
0,0,0,0,0,1473,306,1779,23047,24826,-0.0056308,0.0600867,-0.998177,1
0,0,0,0,0,1557,279,1836,23904,25740,0.0399985,0.16362,-0.985712,1
0,0,0,0,0,1561,276,1837,24940,26777,0.0546063,0.0201835,-0.998304,1
0,0,0,0,0,1421,248,1669,22782,24451,0.0234239,0.0962611,-0.995081,1
0,0,0,0,0,1426,289,1715,22731,24446,0.0174281,0.0790187,-0.996721,1
0,0,0,0,0,5476,920,6396,38324,44720,0.0324501,0.205646,-0.978088,1
0,0,0,0,0,1366,240,1606,20238,21844,0.0265836,0.169535,-0.985166,1
0,0,0,0,0,1281,231,1512,13738,15250,-0.0320031,0.0919643,-0.995248,1
0,0,0,0,0,5923,1096,7019,36120,43139,-0.00106903,0.138852,-0.990313,1
0,0,0,0,0,1556,277,1833,10452,12285,0.006796,0.0423819,-0.999078,1
0,0,0,0,0,1309,272,1581,10063,11644,-0.00779343,0.0854358,-0.996314,1
0,0,0,0,0,1761,316,2077,22039,24116,0.111172,-0.570509,-0.813733,1
0,0,0,0,0,1692,292,1984,2262,4246,0.0123068,-0.181895,-0.983241,1
0,0,0,0,0,5713,1113,6826,38070,44896,-0.0246851,-0.0369254,-0.999013,1
0,0,0,0,0,1565,283,1848,11787,13635,-0.00434332,-0.053232,-0.998573,1
0,0,0,0,0,1357,251,1608,11337,12945,0.00983787,-0.0415454,-0.999088,1
0,0,0,0,0,1793,335,2128,16790,18918,0.0236873,0.00831242,-0.999685,1
0,0,0,0,0,5829,1041,6870,25353,32223,0.0517026,-0.0282554,-0.998263,1
0,0,0,0,0,2402,387,2789,13027,15816,0.0147391,0.109881,-0.993835,1
0,0,0,0,0,1465,271,1736,8789,10525,-0.0135393,0.00665137,-0.999886,1
0,0,0,0,0,1601,301,1902,12517,14419,-0.0284976,0.0111877,-0.999531,1
0,0,0,0,0,1962,365,2327,19100,21427,-0.0250563,0.0452798,-0.99866,1
0,0,0,0,0,1891,371,2262,23175,25437,-0.0327991,0.0267962,-0.999103,1
0,0,0,0,0,1644,295,1939,21846,23785,-0.0207523,-0.0244267,-0.999486,1
0,0,0,0,0,1680,306,1986,24441,26427,-0.0258589,-0.0610188,-0.997801,1
0,0,0,0,0,1627,290,1917,24383,26300,-0.0253524,-0.0604016,-0.997853,1
0,0,0,0,0,1667,319,1986,25506,27492,-0.0225376,-0.0843556,-0.996181,1
0,0,0,0,0,1698,327,2025,26677,28702,-0.00821208,-0.117796,-0.993004,1
0,0,0,0,0,1476,275,1751,26767,28518,-0.0154611,-0.0690927,-0.99749,1
0,0,0,0,0,1704,327,2031,27434,29465,-0.00596509,-0.0818654,-0.996625,1
0,0,0,0,0,1439,286,1725,23535,25260,-0.00259783,-0.0577519,-0.998328,1
0,0,0,0,0,1380,263,1643,25164,26807,4.64047e-05,-0.0100857,-0.999949,1
0,0,0,0,0,1555,323,1878,27005,28883,0.0128575,-0.0298636,-0.999472,1
0,0,0,0,0,1439,265,1704,25009,26713,0.0135778,0.0153528,-0.99979,1
0,0,0,0,0,1807,383,2190,26670,28860,0.018913,0.109282,-0.993831,1
0,0,0,0,0,1311,316,1627,25983,27610,-0.0189099,0.105582,-0.994231,1
0,0,0,0,0,1286,348,1634,24904,26538,-0.0248364,-0.0090443,-0.999651,1
0,0,0,0,0,1279,447,1726,24239,25965,7.00324e-05,0.111257,-0.993792,1
0,0,0,0,0,3387,694,4081,33846,37927,-0.00397929,-0.0383813,-0.999255,1
0,0,0,0,0,2192,438,2630,42534,45164,0.00692016,0.211763,-0.977297,1
0,0,0,0,0,1395,264,1659,24019,25678,0.0805292,0.214258,-0.973452,1
0,0,0,0,0,1221,282,1503,23394,24897,0.0899948,0.145134,-0.985311,1
0,0,0,0,0,1222,276,1498,24525,26023,0.102812,0.138298,-0.98504,1
0,0,0,0,0,1387,326,1713,22460,24173,0.130271,0.218168,-0.967177,1
0,0,0,0,0,1351,328,1679,23105,24784,0.128592,0.158224,-0.978994,1
0,0,0,0,0,1345,261,1606,21278,22884,0.200113,0.245968,-0.948396,1
0,0,0,0,0,1283,263,1546,20403,21949,0.124765,0.139546,-0.982324,1
0,0,0,0,0,1449,279,1728,21988,23716,0.154991,0.179118,-0.971543,1
0,0,0,0,0,1289,315,1604,19964,21568,0.0421164,0.436192,-0.898868,1
0,0,0,0,0,1388,294,1682,22826,24508,0.10589,0.302138,-0.947365,1
0,0,0,0,0,1393,264,1657,22182,23839,0.0179237,0.152177,-0.988191,1
0,0,0,0,0,1331,262,1593,20893,22486,0.0326302,0.206723,-0.977855,1
0,0,0,0,0,1483,291,1774,24973,26747,0.0591065,0.232202,-0.97087,1
0,0,0,0,0,1458,267,1725,20579,22304,0.0554638,0.068757,-0.996091,1
0,0,0,0,0,1469,273,1742,17917,19659,0.0032569,0.154641,-0.987966,1
0,0,0,0,0,5162,964,6126,32424,38550,-0.0214314,0.152209,-0.988116,1
0,0,0,0,0,1442,265,1707,13385,15092,-0.00268594,0.0571565,-0.998362,1
0,0,0,0,0,1331,254,1585,11871,13456,0.000716419,0.0352955,-0.999377,1
0,0,0,0,0,1994,357,2351,11907,14258,-0.0122492,0.0223064,-0.999676,1
0,0,0,0,0,3204,562,3766,17045,20811,-0.0454737,0.110619,-0.992822,1
0,0,0,0,0,2918,471,3389,14224,17613,-0.0646778,0.198798,-0.977904,1
0,0,0,0,0,2910,505,3415,20266,23681,-0.0894868,0.36535,-0.926559,1
0,0,0,0,0,2419,439,2858,15428,18286,-0.0825823,0.413121,-0.906924,1
0,0,0,0,0,2068,343,2411,16530,18941,-0.115317,0.48269,-0.868166,1
0,0,0,0,0,1988,336,2324,16429,18753,-0.0929707,0.410977,-0.906893,1
0,0,0,0,0,2079,376,2455,24216,26671,-0.0320029,0.29499,-0.954965,1
0,0,0,0,0,1425,272,1697,23006,24703,0.138108,-0.0786398,-0.98729,1
0,0,0,0,0,5230,783,6013,33696,39709,0.0702141,0.0943679,-0.993058,1
0,0,0,0,0,1541,310,1851,24252,26103,0.0871252,0.0786365,-0.993089,1
0,0,0,0,0,1740,306,2046,24748,26794,-0.10376,0.0985057,-0.989712,1
0,0,0,0,0,1602,292,1894,24043,25937,-0.0149183,0.20386,-0.978886,1
0,0,0,0,0,1543,266,1809,23644,25453,0.0433539,0.0779338,-0.996016,1
0,0,0,0,0,5601,1080,6681,37864,44545,-0.016818,0.307673,-0.951343,1
0,0,0,0,0,1439,262,1701,24064,25765,0.00922632,0.181857,-0.983282,1
0,0,0,0,0,1531,383,1914,23157,25071,0.0254865,0.137387,-0.990189,1
0,0,0,0,0,3788,687,4475,36654,41129,-0.0455123,0.245992,-0.968203,1
0,0,0,0,0,1345,279,1624,22635,24259,-0.042277,0.204407,-0.977973,1
0,0,0,0,0,1324,389,1713,18040,19753,-0.0607965,0.246388,-0.967263,1
0,0,0,0,0,1279,272,1551,8710,10261,-0.0519766,0.315149,-0.947618,1
0,0,0,0,0,1839,310,2149,-1000,-1000,-1,-1,-1,1
0,0,0,0,0,2580,433,3013,23086,26099,0.00390696,0.113192,-0.993565,1
0,0,0,0,0,1657,291,1948,23317,25265,0.175754,0.030755,-0.983954,1
0,0,0,0,0,1219,285,1504,18365,19869,-0.0154861,0.071443,-0.997325,1
0,0,0,0,0,1186,509,1695,20324,22019,0.0217903,0.00756246,-0.999734,1
0,0,0,0,0,1286,250,1536,13122,14658,-0.0320625,-0.030159,-0.999031,1
0,0,0,0,0,6367,1170,7537,28430,35967,-0.0214286,0.0224038,-0.999519,1
0,0,0,0,0,1679,321,2000,13613,15613,-0.0340322,-0.00939688,-0.999376,1
0,0,0,0,0,1696,315,2011,16132,18143,-0.0268255,-0.0394454,-0.998862,1
0,0,0,0,0,1732,378,2110,19607,21717,-0.0330686,-0.0538093,-0.998003,1
0,0,0,0,0,1553,294,1847,19227,21074,-0.0361533,-0.0555484,-0.997801,1
0,0,0,0,0,1598,313,1911,19649,21560,-0.0364281,-0.0827664,-0.995903,1
0,0,0,0,0,1569,299,1868,22332,24200,-0.0458146,-0.0801763,-0.995727,1
0,0,0,0,0,1689,323,2012,25215,27227,-0.106841,-0.0633707,-0.992255,1
0,0,0,0,0,2151,314,2465,21532,23997,-0.131854,-0.124123,-0.983468,1
0,0,0,0,0,1508,291,1799,21949,23748,-0.130617,-0.113894,-0.984869,1
0,0,0,0,0,1449,325,1774,22476,24250,-0.0639229,-0.0774187,-0.994947,1
0,0,0,0,0,1554,299,1853,25195,27048,-0.064764,-0.149188,-0.986686,1
0,0,0,0,0,1383,317,1700,24474,26174,-0.0499058,-0.137459,-0.989249,1
0,0,0,0,0,8255,1456,9711,44577,54288,-0.0318086,0.159652,-0.986661,1
0,0,0,0,0,1344,315,1659,23771,25430,0.0107865,0.142102,-0.989793,1
0,0,0,0,0,1355,314,1669,24135,25804,-0.00278575,0.156663,-0.987648,1
0,0,0,0,0,1325,304,1629,24764,26393,0.0217907,0.165198,-0.98602,1
0,0,0,0,0,1283,294,1577,24876,26453,0.0454402,0.0400218,-0.998165,1
0,0,0,0,0,1311,274,1585,24140,25725,0.0358202,0.0942002,-0.994909,1
0,0,0,0,0,1313,257,1570,25016,26586,0.128952,0.232679,-0.963967,1
0,0,0,0,0,1400,291,1691,24130,25821,0.10724,0.132734,-0.985333,1
0,0,0,0,0,1225,342,1567,22298,23865,0.199877,0.259394,-0.944862,1
0,0,0,0,0,1226,249,1475,20746,22221,0.229591,0.301356,-0.925458,1
0,0,0,0,0,1335,304,1639,22445,24084,0.188676,0.3401,-0.921267,1
0,0,0,0,0,1366,262,1628,22529,24157,0.197381,0.230118,-0.952936,1
0,0,0,0,0,1514,299,1813,24325,26138,0.180109,0.290727,-0.939702,1
0,0,0,0,0,1430,312,1742,23204,24946,0.1738,0.292117,-0.940458,1
0,0,0,0,0,5236,1010,6246,36093,42339,0.184971,0.397126,-0.898931,1
0,0,0,0,0,1333,276,1609,19130,20739,0.100041,0.212046,-0.972126,1
0,0,0,0,0,1310,252,1562,17673,19235,0.0933597,0.202603,-0.9748,1
0,0,0,0,0,1456,269,1725,17818,19543,0.0705664,0.184967,-0.980208,1
0,0,0,0,0,1585,334,1919,17537,19456,0.00926429,0.11729,-0.993055,1
0,0,0,0,0,1547,286,1833,13021,14854,0.0141976,0.101142,-0.994771,1
0,0,0,0,0,2504,434,2938,15194,18132,-0.00477586,0.0838335,-0.996468,1
0,0,0,0,0,3551,628,4179,9717,13896,-0.0262867,0.0743217,-0.996888,1
0,0,0,0,0,4393,799,5192,16791,21983,-0.0547419,0.204332,-0.97737,1
0,0,0,0,0,2670,490,3160,12972,16132,-0.077449,0.31483,-0.945983,1
0,0,0,0,0,2535,445,2980,10961,13941,-0.107766,0.34021,-0.934154,1
0,0,0,0,0,3600,636,4236,19273,23509,-0.102852,0.371646,-0.92266,1
0,0,0,0,0,2325,409,2734,14191,16925,-0.0981421,0.420016,-0.902194,1
0,0,0,0,0,2251,378,2629,12960,15589,-0.0871924,0.464893,-0.881063,1
0,0,0,0,0,6129,1085,7214,19975,27189,-0.0704749,0.456803,-0.886772,1
0,0,0,0,0,2196,363,2559,12073,14632,-0.0521171,0.495095,-0.867274,1
0,0,0,0,0,1966,326,2292,10983,13275,-0.0487487,0.572894,-0.818178,1
0,0,0,0,0,2945,496,3441,13223,16664,-0.0522592,0.592231,-0.804072,1
0,0,0,0,0,4251,739,4990,18418,23408,-0.0702484,0.489314,-0.869274,1
0,0,0,0,0,2823,463,3286,21295,24581,-0.0336894,0.514815,-0.85664,1
0,0,0,0,0,1576,269,1845,15518,17363,-0.0226845,0.432826,-0.901192,1
0,0,0,0,0,2327,416,2743,27341,30084,-0.128815,-0.0239739,-0.991379,1
0,0,0,0,0,5633,1007,6640,33987,40627,-0.0648635,-0.0583632,-0.996186,1
0,0,0,0,0,1650,277,1927,23795,25722,0.0591286,0.0831824,-0.994779,1
0,0,0,0,0,1739,321,2060,24621,26681,0.081329,-0.0498064,-0.995442,1
0,0,0,0,0,1600,324,1924,24020,25944,0.0470066,0.154444,-0.986883,1
0,0,0,0,0,1561,346,1907,23819,25726,0.0144184,0.00777929,-0.999866,1
0,0,0,0,0,1647,357,2004,24902,26906,0.0320356,-0.0262631,-0.999142,1
0,0,0,0,0,1689,290,1979,24439,26418,-0.0556952,-0.000126614,-0.998448,1
0,0,0,0,0,1834,325,2159,25682,27841,0.0363818,-0.0401209,-0.998532,1
0,0,0,0,0,1559,286,1845,23635,25480,-0.0218891,-0.0950053,-0.995236,1
0,0,0,0,0,1715,296,2011,24477,26488,0.0181533,-0.0246371,-0.999532,1
0,0,0,0,0,1461,282,1743,24889,26632,-0.0372503,-0.0118677,-0.999236,1
0,0,0,0,0,1492,270,1762,23567,25329,-0.040783,-0.16684,-0.98514,1
0,0,0,0,0,1439,271,1710,22897,24607,-0.0766346,-0.0274589,-0.996681,1
0,0,0,0,0,1428,299,1727,22633,24360,-0.0135336,0.0633608,-0.997899,1
0,0,0,0,0,1655,308,1963,25291,27254,-0.00349091,0.116652,-0.993167,1
0,0,0,0,0,1520,322,1842,22154,23996,0.00168107,0.136727,-0.990607,1
0,0,0,0,0,1341,248,1589,22016,23605,-0.0115175,0.0948637,-0.995424,1
0,0,0,0,0,1316,282,1598,23046,24644,-0.0545298,0.068936,-0.99613,1
0,0,0,0,0,1286,242,1528,21686,23214,-0.0646022,0.115303,-0.991228,1
0,0,0,0,0,1276,246,1522,22320,23842,-0.0839094,0.0622292,-0.994529,1
0,0,0,0,0,1413,285,1698,22034,23732,-0.0465804,0.108692,-0.992984,1
0,0,0,0,0,1378,249,1627,17136,18763,-0.0644299,0.135507,-0.988679,1
0,0,0,0,0,1601,278,1879,33098,34977,-0.0499904,0.128164,-0.990492,1
0,0,0,0,0,1216,283,1499,33738,35237,-0.0386546,0.197363,-0.979568,1
0,0,0,0,0,1272,250,1522,23371,24893,-0.0428236,-0.651029,-0.757844,1
0,0,0,0,0,1266,203,1469,960,2429,0.191361,-0.595539,-0.780202,1
0,0,0,0,0,1803,327,2130,7625,9755,0.261392,-0.487066,-0.833331,1
0,0,0,0,0,5423,987,6410,26026,32436,0.07327,-0.036578,-0.996641,1
0,0,0,0,0,1823,313,2136,13882,16018,0.0645744,-0.0757233,-0.995036,1
0,0,0,0,0,6079,1088,7167,26376,33543,-0.0307091,-0.0645102,-0.997444,1
0,0,0,0,0,1441,320,1761,10302,12063,-0.0493472,-0.0992784,-0.993835,1
0,0,0,0,0,2003,374,2377,15758,18135,-0.0628285,-0.104451,-0.992544,1
0,0,0,0,0,6155,1154,7309,28388,35697,-0.0547324,-0.0627694,-0.996526,1
0,0,0,0,0,1591,282,1873,15093,16966,-0.0388372,-0.0895997,-0.99522,1
0,0,0,0,0,1596,307,1903,20714,22617,-0.0264077,-0.0833613,-0.996169,1
0,0,0,0,0,1460,285,1745,20030,21775,-0.0225604,-0.0834129,-0.99626,1
0,0,0,0,0,5256,990,6246,38843,45089,-0.0366239,0.0129965,-0.999245,1
0,0,0,0,0,1420,374,1794,21610,23404,-0.0541228,-0.0645496,-0.996446,1
0,0,0,0,0,1398,330,1728,25006,26734,-0.0888189,-0.0503915,-0.994773,1
0,0,0,0,0,1529,296,1825,26420,28245,-0.0892999,-0.0780402,-0.992943,1
0,0,0,0,0,1418,375,1793,24443,26236,-0.080094,-0.104569,-0.991287,1
0,0,0,0,0,1551,306,1857,25338,27195,-0.0569585,-0.100743,-0.993281,1
0,0,0,0,0,1544,292,1836,25617,27453,-0.0571879,-0.0713785,-0.995808,1
0,0,0,0,0,1408,409,1817,24596,26413,-0.0344934,-0.0516174,-0.998071,1
0,0,0,0,0,1356,266,1622,24446,26068,0.00248559,-0.105169,-0.994451,1
0,0,0,0,0,4971,1010,5981,38880,44861,0.0179376,0.165666,-0.986019,1
0,0,0,0,0,1272,280,1552,24344,25896,0.00257083,0.00240935,-0.999994,1
0,0,0,0,0,1292,321,1613,24104,25717,0.0152827,0.163771,-0.98638,1
0,0,0,0,0,1229,308,1537,24171,25708,0.0167002,0.00920401,-0.999818,1
0,0,0,0,0,1236,369,1605,23965,25570,0.0712261,0.0535588,-0.996021,1
0,0,0,0,0,1319,276,1595,22581,24176,-0.291351,0.217605,-0.931538,1
0,0,0,0,0,5177,1029,6206,41856,48062,-0.32103,0.330137,-0.887665,1
0,0,0,0,0,1275,237,1512,20727,22239,-0.360414,0.273891,-0.891676,1
0,0,0,0,0,1236,234,1470,19660,21130,-0.418401,0.269006,-0.867512,1
0,0,0,0,0,1240,278,1518,19007,20525,-0.369776,0.27334,-0.888004,1
0,0,0,0,0,4722,899,5621,37859,43480,-0.410511,0.31415,-0.856032,1
0,0,0,0,0,1389,243,1632,17929,19561,-0.482797,0.341134,-0.806557,1
0,0,0,0,0,1441,279,1720,18848,20568,-0.401116,0.313431,-0.860736,1
0,0,0,0,0,1383,259,1642,15862,17504,-0.227794,0.212875,-0.950155,1
0,0,0,0,0,1720,309,2029,14976,17005,-0.29798,0.192195,-0.935024,1
0,0,0,0,0,5660,995,6655,25781,32436,-0.328517,0.146027,-0.933141,1
0,0,0,0,0,1568,263,1831,12061,13892,-0.376303,0.0308825,-0.925982,1
0,0,0,0,0,1681,320,2001,16467,18468,-0.219142,0.106712,-0.96984,1
0,0,0,0,0,2028,393,2421,15508,17929,-0.354514,0.0239374,-0.934744,1
0,0,0,0,0,2037,391,2428,22664,25092,-0.617347,-0.287217,-0.732386,1
0,0,0,0,0,1577,313,1890,20334,22224,-0.183664,-0.386612,-0.903769,1
0,0,0,0,0,6180,1130,7310,40405,47715,-0.319417,-0.227252,-0.919962,1
0,0,0,0,0,1366,266,1632,21070,22702,-0.509556,-0.204731,-0.835726,1
0,0,0,0,0,1913,369,2282,19887,22169,-0.272235,-0.169787,-0.947133,1
0,0,0,0,0,1594,288,1882,23686,25568,-0.413788,-0.212691,-0.885179,1
0,0,0,0,0,1506,273,1779,19875,21654,-0.349934,-0.12826,-0.927952,1
0,0,0,0,0,1995,319,2314,22362,24676,-0.358843,-0.181318,-0.915617,1
0,0,0,0,0,1909,340,2249,23424,25673,-0.163692,-0.120828,-0.979084,1
0,0,0,0,0,1581,286,1867,22353,24220,0.185666,-0.0761919,-0.979655,1
0,0,0,0,0,1983,375,2358,28285,30643,0.0979772,0.025992,-0.994849,1
0,0,0,0,0,1644,304,1948,23009,24957,0.129099,-0.0199334,-0.991431,1
0,0,0,0,0,1579,449,2028,22153,24181,0.0967283,-0.00124319,-0.99531,1
0,0,0,0,0,1572,392,1964,24851,26815,0.04626,0.0287054,-0.998517,1
0,0,0,0,0,1525,334,1859,23265,25124,0.0202492,0.0332491,-0.999242,1
0,0,0,0,0,1440,294,1734,23937,25671,0.0213437,-0.0286291,-0.999363,1
0,0,0,0,0,1703,313,2016,25147,27163,0.00219621,0.129012,-0.991641,1
0,0,0,0,0,1535,285,1820,23288,25108,-0.0210624,0.125862,-0.991824,1
0,0,0,0,0,1445,274,1719,23112,24831,-0.0157033,0.0482584,-0.998711,1
0,0,0,0,0,1343,263,1606,22327,23933,-0.0240432,0.108492,-0.993807,1
0,0,0,0,0,1409,259,1668,22561,24229,-0.0188951,0.111806,-0.99355,1
0,0,0,0,0,1586,290,1876,25137,27013,-0.0422386,0.109337,-0.993107,1
0,0,0,0,0,5234,996,6230,34854,41084,-0.0495236,0.195905,-0.979372,1
0,0,0,0,0,1335,240,1575,15763,17338,-0.0871711,0.133309,-0.987234,1
0,0,0,0,0,1597,259,1856,21233,23089,-0.0742188,0.161589,-0.984063,1
0,0,0,0,0,1390,250,1640,19076,20716,0.328804,-0.584861,-0.741503,1
0,0,0,0,0,1655,296,1951,14157,16108,-0.0333936,-0.00894957,-0.999402,1
0,0,0,0,0,1824,335,2159,28732,30891,-0.000760418,0.00252931,-0.999996,1
0,0,0,0,0,1308,233,1541,11549,13090,0.361535,-0.325278,-0.873777,1
0,0,0,0,0,1625,299,1924,17429,19353,-0.0536309,-0.020729,-0.998346,1
0,0,0,0,0,2100,392,2492,14696,17188,-0.0731812,-0.0538285,-0.995865,1
0,0,0,0,0,2484,470,2954,20476,23430,-0.038574,-0.0418046,-0.998381,1
0,0,0,0,0,1847,353,2200,19909,22109,-0.036601,-0.0730945,-0.996653,1
0,0,0,0,0,1482,283,1765,19592,21357,-0.0443574,-0.068479,-0.996666,1
0,0,0,0,0,5951,1136,7087,39682,46769,-0.0580796,-0.014718,-0.998203,1
0,0,0,0,0,1493,290,1783,22693,24476,-0.0697167,-0.0688874,-0.995186,1
0,0,0,0,0,2911,552,3463,40830,44293,-0.110202,-0.103244,-0.988532,1
0,0,0,0,0,1512,354,1866,22266,24132,-0.0887148,-0.13659,-0.986647,1
0,0,0,0,0,5912,1198,7110,37062,44172,-0.0927002,-0.128061,-0.987425,1
0,0,0,0,0,1461,271,1732,23486,25218,-0.0937099,-0.196659,-0.975983,1
0,0,0,0,0,1462,333,1795,24340,26135,-0.0810191,-0.157713,-0.984156,1
0,0,0,0,0,1428,310,1738,24039,25777,-0.0723547,-0.159906,-0.984477,1
0,0,0,0,0,1690,314,2004,25235,27239,-0.0868595,-0.16356,-0.982702,1
0,0,0,0,0,1431,273,1704,23592,25296,-0.0213456,-0.081422,-0.996451,1
0,0,0,0,0,1411,283,1694,24016,25710,-0.000387529,-0.124552,-0.992213,1
0,0,0,0,0,3941,788,4729,46844,51573,-0.0216625,0.32461,-0.9456,1
0,0,0,0,0,1416,365,1781,24086,25867,0.0473967,0.113485,-0.992409,1
0,0,0,0,0,1313,359,1672,24095,25767,0.0735324,0.0977724,-0.992488,1
0,0,0,0,0,1505,302,1807,23251,25058,0.0624237,0.0589881,-0.996305,1
0,0,0,0,0,1251,252,1503,24310,25813,0.152885,0.037287,-0.987541,1
0,0,0,0,0,5054,1067,6121,36232,42353,0.133115,0.0526185,-0.989703,1
0,0,0,0,0,1210,279,1489,21094,22583,0.127232,-0.065963,-0.989677,1
0,0,0,0,0,1212,286,1498,20308,21806,0.167053,-0.0551265,-0.984406,1
0,0,0,0,0,4705,897,5602,36214,41816,0.355022,0.326803,-0.875876,1
0,0,0,0,0,1271,256,1527,18989,20516,0.338366,0.265073,-0.902909,1
0,0,0,0,0,5053,1052,6105,34831,40936,0.368461,0.261385,-0.89214,1
0,0,0,0,0,1340,243,1583,18549,20132,0.358845,0.396897,-0.84481,1
0,0,0,0,0,1305,335,1640,18574,20214,0.417642,0.38515,-0.822943,1
0,0,0,0,0,6061,1107,7168,57548,64716,0.642676,0.187402,-0.742865,1
0,0,0,0,0,1383,275,1658,14550,16208,0.256473,0.148323,-0.955103,1
0,0,0,0,0,1434,315,1749,8988,10737,0.248063,0.170222,-0.953671,1
0,0,0,0,0,1448,324,1772,9054,10826,0.146614,0.118405,-0.982082,1
0,0,0,0,0,5503,928,6431,13015,19446,0.115292,0.130291,-0.98475,1
0,0,0,0,0,2186,368,2554,2938,5492,0.11959,0.0799561,-0.989599,1
0,0,0,0,0,6467,1104,7571,12976,20547,0.139546,0.183783,-0.973011,1
0,0,0,0,0,3258,577,3835,5549,9384,0.143009,0.285889,-0.947532,1
0,0,0,0,0,4929,852,5781,7051,12832,0.110885,0.38755,-0.915156,1
0,0,0,0,0,6207,1062,7269,9664,16933,0.0767306,0.505154,-0.859611,1
0,0,0,0,0,4162,717,4879,9079,13958,0.0538028,0.623734,-0.779783,1
0,0,0,0,0,3887,666,4553,9180,13733,0.0653643,0.690438,-0.720432,1
0,0,0,0,0,5079,953,6032,17687,23719,-0.0534301,0.0716193,-0.996,1
0,0,0,0,0,3153,605,3758,34473,38231,0.307316,-0.086891,-0.947632,1
0,0,0,0,0,1511,312,1823,19447,21270,0.180452,-0.152678,-0.971662,1
0,0,0,0,0,1785,319,2104,24384,26488,0.152323,-0.139068,-0.978498,1
0,0,0,0,0,1648,324,1972,23504,25476,-0.295798,-0.0130821,-0.955161,1
0,0,0,0,0,1640,305,1945,21997,23942,-0.267693,-0.0381832,-0.962747,1
0,0,0,0,0,1464,304,1768,21205,22973,-0.204541,-0.0756317,-0.975932,1
0,0,0,0,0,1871,339,2210,25029,27239,-0.218802,-0.0184674,-0.975595,1
0,0,0,0,0,1561,289,1850,22661,24511,0.166069,-0.0568878,-0.984472,1
0,0,0,0,0,1742,317,2059,25102,27161,0.144429,-0.0437335,-0.988548,1
0,0,0,0,0,1735,283,2018,22911,24929,-0.145415,0.0271202,-0.988999,1
0,0,0,0,0,1396,252,1648,22814,24462,0.0314024,0.00351216,-0.999501,1
0,0,0,0,0,1476,271,1747,24449,26196,0.0194188,0.117847,-0.992842,1
0,0,0,0,0,1389,275,1664,23230,24894,-0.091194,0.0917077,-0.991601,1
0,0,0,0,0,1366,318,1684,23737,25421,-0.096423,0.130451,-0.986755,1
0,0,0,0,0,1598,437,2035,21892,23927,-0.0393831,0.177305,-0.983368,1
0,0,0,0,0,5479,1107,6586,38545,45131,-0.0246891,0.184707,-0.982483,1
0,0,0,0,0,1267,252,1519,19077,20596,-0.00998648,0.0986065,-0.995076,1
0,0,0,0,0,1582,270,1852,12202,14054,-0.0480324,0.169512,-0.984357,1
0,0,0,0,0,1408,240,1648,6804,8452,-0.0513045,0.124358,-0.99091,1
0,0,0,0,0,1423,279,1702,18594,20296,-0.208144,-0.0328362,-0.977547,1
0,0,0,0,0,1317,245,1562,12562,14124,-0.0478568,-0.025241,-0.998535,1
0,0,0,0,0,5140,944,6084,45532,51616,-0.10907,0.141409,-0.983924,1
0,0,0,0,0,1274,229,1503,21525,23028,-0.14098,0.133059,-0.98103,1
0,0,0,0,0,1232,217,1449,15788,17237,-0.141825,0.178557,-0.973655,1
0,0,0,0,0,1427,265,1692,9205,10897,-0.157279,0.278364,-0.94751,1
0,0,0,0,0,2150,399,2549,17162,19711,-0.14101,0.360562,-0.922015,1
0,0,0,0,0,2570,523,3093,23438,26531,-0.100668,0.459211,-0.882605,1
0,0,0,0,0,1655,322,1977,28970,30947,-0.0664606,0.542671,-0.837312,1
0,0,0,0,0,1345,247,1592,27902,29494,-0.0875459,0.575191,-0.81332,1
0,0,0,0,0,1350,241,1591,23248,24839,-0.0734208,0.657916,-0.749504,1
0,0,0,0,0,1353,403,1756,-1000,-1000,-1,-1,-1,1
0,0,0,0,0,1490,302,1792,22404,24196,-0.0492915,-0.115679,-0.992063,1
0,0,0,0,0,1679,337,2016,24985,27001,-0.0372866,-0.105651,-0.993704,1
0,0,0,0,0,1444,278,1722,23073,24795,-0.0588779,-0.0931721,-0.993908,1
0,0,0,0,0,1403,279,1682,23091,24773,-0.0768525,-0.125269,-0.989142,1
0,0,0,0,0,1419,295,1714,22880,24594,-0.0206959,-0.0378257,-0.99907,1
0,0,0,0,0,1357,264,1621,23142,24763,-0.0979342,-0.094292,-0.990716,1
0,0,0,0,0,1395,368,1763,23197,24960,-0.0982809,-0.0447534,-0.994152,1
0,0,0,0,0,1436,291,1727,24854,26581,0.0250774,-0.0522676,-0.998318,1
0,0,0,0,0,1369,273,1642,25038,26680,0.0154138,0.0233539,-0.999608,1
0,0,0,0,0,1378,276,1654,26194,27848,0.062848,0.0551534,-0.996498,1
0,0,0,0,0,1420,276,1696,25091,26787,0.108272,0.153255,-0.982237,1
0,0,0,0,0,1417,277,1694,25252,26946,0.148952,0.215962,-0.964974,1
0,0,0,0,0,1275,248,1523,23255,24778,0.21535,0.267149,-0.939285,1
0,0,0,0,0,4970,989,5959,39147,45106,0.281494,0.349434,-0.893676,1
0,0,0,0,0,1296,239,1535,20545,22080,0.259041,0.304534,-0.916601,1
0,0,0,0,0,5768,1089,6857,38163,45020,0.168977,0.355254,-0.91937,1
0,0,0,0,0,1391,268,1659,20471,22130,0.14225,0.371869,-0.917321,1
0,0,0,0,0,1235,235,1470,20141,21611,0.0791032,0.233808,-0.96906,1
0,0,0,0,0,1257,241,1498,19231,20729,0.169947,0.233121,-0.957482,1
0,0,0,0,0,1320,302,1622,19384,21006,0.0446753,0.268359,-0.962283,1
0,0,0,0,0,4816,915,5731,34271,40002,0.0792962,0.281766,-0.956201,1
0,0,0,0,0,1564,272,1836,14190,16026,0.0930995,0.196447,-0.976085,1
0,0,0,0,0,1361,317,1678,10176,11854,0.0573991,0.131985,-0.989589,1
0,0,0,0,0,2045,358,2403,11681,14084,0.147228,0.0904279,-0.98496,1
0,0,0,0,0,3121,564,3685,24843,28528,0.24474,-0.0782655,-0.966425,1
0,0,0,0,0,6062,1126,7188,39856,47044,0.30803,-0.393065,-0.866382,1
0,0,0,0,0,1521,285,1806,18888,20694,0.25594,-0.229608,-0.939029,1
0,0,0,0,0,1342,251,1593,18077,19670,0.103952,-0.165103,-0.980783,1
0,0,0,0,0,1307,312,1619,20070,21689,0.215245,-0.278602,-0.935976,1
0,0,0,0,0,4919,975,5894,35483,41377,0.107523,-0.264715,-0.958313,1
0,0,0,0,0,1385,284,1669,20791,22460,0.149387,-0.300327,-0.942065,1
0,0,0,0,0,1479,297,1776,21451,23227,0.13079,-0.0462666,-0.99033,1
0,0,0,0,0,1494,292,1786,22473,24259,0.115161,-0.0726086,-0.99069,1
0,0,0,0,0,1623,317,1940,23856,25796,0.105625,-0.123864,-0.986662,1
0,0,0,0,0,1638,333,1971,23356,25327,0.125225,-0.0954283,-0.987528,1
0,0,0,0,0,1580,300,1880,22504,24384,0.102496,-0.118655,-0.987631,1
0,0,0,0,0,1506,359,1865,24635,26500,0.113433,-0.0426855,-0.992628,1
0,0,0,0,0,1602,301,1903,23586,25489,0.069173,-0.0637685,-0.995564,1
0,0,0,0,0,6027,1130,7157,48037,55194,0.0871006,0.217368,-0.972196,1
0,0,0,0,0,1479,361,1840,22826,24666,-0.0649023,0.140025,-0.988019,1
0,0,0,0,0,1386,284,1670,22888,24558,-0.0308918,0.241536,-0.9699,1
0,0,0,0,0,1385,280,1665,22282,23947,-0.0273473,0.166838,-0.985605,1
0,0,0,0,0,2728,491,3219,28882,32101,-0.00953866,0.154162,-0.987999,1
0,0,0,0,0,1292,243,1535,21879,23414,-0.0284747,0.143991,-0.989169,1
0,0,0,0,0,1339,271,1610,21196,22806,-0.0136396,0.0582632,-0.998208,1
0,0,0,0,0,4814,854,5668,42717,48385,-0.00373681,0.140725,-0.990042,1
0,0,0,0,0,1340,237,1577,16318,17895,-0.0630241,0.0548741,-0.996502,1
0,0,0,0,0,1327,243,1570,17174,18744,-0.0529443,0.075381,-0.995749,1
0,0,0,0,0,1269,251,1520,13354,14874,-0.0554734,0.170014,-0.983879,1
0,0,0,0,0,5503,903,6406,27160,33566,-0.0206444,-0.637529,-0.77015,1
0,0,0,0,0,1566,232,1798,2358,4156,-0.0201962,-0.467883,-0.88356,1
0,0,0,0,0,5466,987,6453,23372,29825,-0.0177442,0.017,-0.999698,1
0,0,0,0,0,3458,597,4055,28421,32476,-0.0131067,0.109948,-0.993851,1
0,0,0,0,0,1204,210,1414,19974,21388,-0.0490883,0.157764,-0.986256,1
0,0,0,0,0,1454,270,1724,30867,32591,-0.0245477,0.177383,-0.983836,1
0,0,0,0,0,1300,242,1542,16078,17620,-0.025236,0.277047,-0.960525,1
0,0,0,0,0,1419,265,1684,19128,20812,-0.0088475,0.387417,-0.921862,1
0,0,0,0,0,1615,296,1911,20868,22779,0.00538027,0.494573,-0.86912,1
0,0,0,0,0,1436,265,1701,23545,25246,0.0181018,0.555559,-0.83128,1
0,0,0,0,0,1334,256,1590,23337,24927,0.048905,0.646724,-0.761154,1
0,0,0,0,0,1420,252,1672,-1000,-1000,-1,-1,-1,1
0,0,0,0,0,1350,298,1648,21265,22913,-0.0489457,-0.0825808,-0.995382,1
0,0,0,0,0,1350,305,1655,23423,25078,-0.0653856,-0.151081,-0.986357,1
0,0,0,0,0,1347,423,1770,22070,23840,-0.0930139,-0.173924,-0.980357,1
0,0,0,0,0,5175,982,6157,38499,44656,-0.0807333,-0.124333,-0.988951,1
0,0,0,0,0,1387,290,1677,24745,26422,-0.060739,-0.187251,-0.980433,1
0,0,0,0,0,1438,272,1710,24842,26552,-0.0768077,-0.231612,-0.969771,1
0,0,0,0,0,1381,327,1708,25160,26868,-0.0365111,-0.162586,-0.986019,1
0,0,0,0,0,3442,663,4105,36305,40410,-0.0438986,-0.182558,-0.982215,1
0,0,0,0,0,1327,378,1705,24127,25832,-0.0564076,-0.221584,-0.973509,1
0,0,0,0,0,1309,252,1561,24249,25810,-0.0470888,-0.216086,-0.975238,1
0,0,0,0,0,1462,284,1746,25471,27217,-0.0200506,0.060179,-0.997986,1
0,0,0,0,0,1434,274,1708,25276,26984,0.0111018,-0.0663138,-0.997737,1
0,0,0,0,0,1239,276,1515,23561,25076,-0.0283705,-0.0845523,-0.996015,1
0,0,0,0,0,4494,871,5365,42845,48210,-0.164225,0.0688926,-0.984014,1
0,0,0,0,0,1194,227,1421,22137,23558,0.168327,-0.0169975,-0.985585,1
0,0,0,0,0,1404,261,1665,22067,23732,0.224778,-0.0113597,-0.974344,1
0,0,0,0,0,4516,895,5411,38259,43670,0.262457,0.153974,-0.95258,1
0,0,0,0,0,1235,228,1463,20821,22284,0.200339,0.195802,-0.959962,1
0,0,0,0,0,3763,793,4556,47402,51958,0.363683,0.347574,-0.864249,1
0,0,0,0,0,1351,245,1596,19376,20972,0.330065,0.41268,-0.848971,1
0,0,0,0,0,1252,263,1515,20446,21961,0.367368,0.282527,-0.886126,1
0,0,0,0,0,1217,309,1526,18697,20223,0.360724,0.313241,-0.878498,1
0,0,0,0,0,1261,337,1598,17762,19360,0.327305,0.24651,-0.912198,1
0,0,0,0,0,1546,272,1818,18588,20406,0.158444,0.218157,-0.962966,1
0,0,0,0,0,1424,263,1687,15682,17369,0.0565663,0.179994,-0.98204,1
0,0,0,0,0,1777,330,2107,14817,16924,0.045307,0.178267,-0.982939,1
0,0,0,0,0,2726,485,3211,14894,18105,0.00338921,0.13149,-0.991312,1
0,0,0,0,0,2687,484,3171,7352,10523,0.0171876,0.157217,-0.987414,1
0,0,0,0,0,3927,743,4670,16736,21406,0.0395971,0.294073,-0.954963,1
0,0,0,0,0,2535,428,2963,11505,14468,0.0340119,0.354863,-0.934299,1
0,0,0,0,0,2833,482,3315,17711,21026,0.0311543,0.462108,-0.886277,1
0,0,0,0,0,2488,430,2918,16040,18958,0.0276512,0.534141,-0.844943,1
0,0,0,0,0,2276,357,2633,13042,15675,0.0142821,0.570871,-0.820916,1
0,0,0,0,0,7087,1124,8211,30381,38592,0.0325905,0.506888,-0.861396,1
0,0,0,0,0,1778,290,2068,17165,19233,0.0316855,0.418281,-0.907765,1
0,0,0,0,0,1631,295,1926,22962,24888,-0.107337,0.0417661,-0.993345,1
0,0,0,0,0,1662,306,1968,24574,26542,-0.184547,-0.0756286,-0.97991,1
0,0,0,0,0,1385,238,1623,21871,23494,-0.151564,-0.0806666,-0.98515,1
0,0,0,0,0,1472,260,1732,22902,24634,-0.151565,-0.182551,-0.971444,1
0,0,0,0,0,1334,342,1676,22229,23905,-0.146638,-0.0918958,-0.984913,1
0,0,0,0,0,1531,278,1809,25046,26855,-0.116058,-0.112673,-0.986831,1
0,0,0,0,0,1490,302,1792,24105,25897,-0.0758715,-0.0424006,-0.996216,1
0,0,0,0,0,1424,264,1688,24312,26000,-0.0729384,0.000234723,-0.997336,1
0,0,0,0,0,1354,368,1722,23050,24772,-0.0638052,0.0457782,-0.996912,1
0,0,0,0,0,1407,254,1661,23688,25349,0.043598,-0.0418776,-0.998171,1
0,0,0,0,0,1285,282,1567,22171,23738,0.0365131,0.0983237,-0.994484,1
0,0,0,0,0,1491,290,1781,24513,26294,0.0625668,0.0770605,-0.995061,1
0,0,0,0,0,1257,261,1518,22437,23955,0.0466066,0.0607577,-0.997064,1
0,0,0,0,0,1313,273,1586,22383,23969,-0.00120516,0.139085,-0.99028,1
0,0,0,0,0,1217,256,1473,22323,23796,0.0219774,0.0962019,-0.995119,1
0,0,0,0,0,5824,1050,6874,46628,53502,0.0714512,0.202755,-0.976619,1
0,0,0,0,0,1259,217,1476,21424,22900,0.0435478,0.132241,-0.990261,1
0,0,0,0,0,1193,218,1411,21443,22854,0.0304191,0.141646,-0.98945,1
0,0,0,0,0,1293,325,1618,20141,21759,0.0318796,0.0493929,-0.998271,1
0,0,0,0,0,1445,275,1720,20335,22055,-0.013877,0.0715503,-0.99734,1
0,0,0,0,0,4527,820,5347,36473,41820,0.0104678,0.0974653,-0.995184,1
0,0,0,0,0,1169,262,1431,16927,18358,0.00826794,0.0644129,-0.997889,1
0,0,0,0,0,1277,209,1486,12731,14217,0.00859539,0.100122,-0.994938,1
0,0,0,0,0,1558,276,1834,27867,29701,-0.00824333,0.135346,-0.990764,1
0,0,0,0,0,4838,859,5697,-1000,-1000,-1,-1,-1,1
0,0,0,0,0,1589,310,1899,17811,19710,-0.0136641,0.0503298,-0.998639,1
0,0,0,0,0,1152,232,1384,12411,13795,0.278782,-0.11011,-0.954021,1
0,0,0,0,0,1111,215,1326,13751,15077,-0.00486519,-0.0508933,-0.998692,1
0,0,0,0,0,1381,272,1653,12755,14408,0.278716,-0.136925,-0.950563,1
0,0,0,0,0,1711,372,2083,23086,25169,-0.050462,-0.0154066,-0.998607,1
0,0,0,0,0,3343,591,3934,18409,22343,0.497868,-0.156707,-0.852977,1
0,0,0,0,0,1834,325,2159,14993,17152,-0.0100008,-0.0702102,-0.997483,1
0,0,0,0,0,5454,983,6437,21125,27562,-0.0208003,0.0245845,-0.999481,1
0,0,0,0,0,1981,382,2363,13396,15759,-0.0293139,0.0136716,-0.999477,1
0,0,0,0,0,1422,265,1687,9496,11183,-0.0359825,-0.00265583,-0.999349,1
0,0,0,0,0,2146,401,2547,9134,11681,-0.0412179,-0.0225036,-0.998897,1
0,0,0,0,0,2209,420,2629,15665,18294,-0.046493,-0.0371786,-0.998227,1
0,0,0,0,0,3022,549,3571,21313,24884,-0.051536,-0.0414193,-0.997812,1
0,0,0,0,0,5484,894,6378,22281,28659,-0.0510877,-0.045504,-0.997657,1
0,0,0,0,0,1455,313,1768,12731,14499,-0.0488714,-0.0931336,-0.994454,1
0,0,0,0,0,1618,292,1910,16858,18768,-0.0409181,-0.0639087,-0.997117,1
0,0,0,0,0,1628,299,1927,19922,21849,-0.0488334,-0.0729237,-0.996141,1
0,0,0,0,0,1770,327,2097,22240,24337,-0.0435028,-0.106103,-0.993403,1
0,0,0,0,0,1620,290,1910,21801,23711,-0.0453729,-0.0682429,-0.996637,1
0,0,0,0,0,6195,1121,7316,35302,42618,-0.0420267,-0.0341648,-0.998532,1
0,0,0,0,0,1390,333,1723,23192,24915,-0.0388284,-0.0563174,-0.997658,1
0,0,0,0,0,1423,311,1734,22131,23865,-0.0420516,-0.123506,-0.991453,1
0,0,0,0,0,1794,318,2112,25029,27141,-0.0592926,-0.0693814,-0.995827,1
0,0,0,0,0,1321,301,1622,24130,25752,-0.0549323,-0.0803656,-0.995251,1
0,0,0,0,0,1560,303,1863,26597,28460,-0.0631129,-0.0861252,-0.994283,1
0,0,0,0,0,1424,267,1691,24334,26025,-0.0497552,0.118969,-0.991651,1
0,0,0,0,0,1444,275,1719,26024,27743,-0.0486288,0.00974626,-0.998769,1
0,0,0,0,0,1302,240,1542,24349,25891,0.00697858,0.0284348,-0.999571,1
0,0,0,0,0,1221,253,1474,23196,24670,0.0367107,-0.021528,-0.999094,1
0,0,0,0,0,1374,262,1636,24523,26159,0.031855,-0.188478,-0.98156,1
0,0,0,0,0,1209,242,1451,23499,24950,-0.163726,-0.00852543,-0.986469,1
0,0,0,0,0,1357,266,1623,24229,25852,0.0930453,-0.0776547,-0.992629,1
0,0,0,0,0,1391,296,1687,25104,26791,0.0521406,-0.122754,-0.991067,1
0,0,0,0,0,4879,1008,5887,40602,46489,0.051116,-0.0235835,-0.998414,1
0,0,0,0,0,1190,232,1422,23269,24691,0.113962,0.0198882,-0.993286,1
0,0,0,0,0,4413,933,5346,34797,40143,0.112893,-0.0451752,-0.99258,1
0,0,0,0,0,1174,263,1437,21524,22961,0.115519,-0.0417917,-0.992426,1
0,0,0,0,0,1246,304,1550,21074,22624,0.278597,0.218294,-0.935271,1
0,0,0,0,0,1216,229,1445,19891,21336,0.308752,0.211724,-0.927278,1
0,0,0,0,0,1315,250,1565,20848,22413,0.359752,0.333949,-0.871238,1
0,0,0,0,0,1506,267,1773,22937,24710,0.360259,0.352335,-0.863755,1
0,0,0,0,0,1180,245,1425,18753,20178,0.434225,0.456931,-0.776313,1
0,0,0,0,0,1280,226,1506,19666,21172,0.408934,0.399442,-0.8205,1
0,0,0,0,0,1287,232,1519,18676,20195,0.201048,0.217847,-0.955051,1
0,0,0,0,0,1343,292,1635,15917,17552,0.260866,0.29427,-0.919431,1
0,0,0,0,0,1493,270,1763,16182,17945,0.210507,0.216383,-0.953344,1
0,0,0,0,0,6556,1100,7656,27571,35227,0.0842888,0.307327,-0.947864,1
0,0,0,0,0,1944,325,2269,8181,10450,0.0205646,0.21174,-0.97711,1
0,0,0,0,0,5783,974,6757,11795,18552,0.0422181,0.320632,-0.946262,1
0,0,0,0,0,3075,548,3623,5932,9555,0.0708068,0.311255,-0.947685,1
0,0,0,0,0,3349,600,3949,11842,15791,0.0409319,0.410099,-0.911122,1
0,0,0,0,0,3318,599,3917,9778,13695,-0.00877994,0.479295,-0.87761,1
0,0,0,0,0,6350,1153,7503,11711,19214,-0.0269462,0.508725,-0.860507,1
0,0,0,0,0,2504,434,2938,9113,12051,-0.0259019,0.550627,-0.834349,1
0,0,0,0,0,3213,562,3775,11879,15654,-0.00518747,0.573657,-0.819079,1
0,0,0,0,0,3934,725,4659,19174,23833,0.0234105,0.64982,-0.759728,1
0,0,0,0,0,5768,815,6583,15201,21784,0.0198034,0.694207,-0.719503,1
0,0,0,0,0,6040,1192,7232,22956,30188,-0.00119871,0.120695,-0.992689,1
0,0,0,0,0,1545,315,1860,23690,25550,-0.250041,-0.00933622,-0.96819,1
0,0,0,0,0,1394,290,1684,19884,21568,0.135227,0.0639274,-0.98875,1
0,0,0,0,0,4965,956,5921,48302,54223,0.102013,0.125934,-0.98678,1
0,0,0,0,0,1517,273,1790,23312,25102,0.123916,0.16194,-0.978989,1
0,0,0,0,0,1475,319,1794,23130,24924,0.142559,0.098908,-0.984832,1
0,0,0,0,0,1436,290,1726,23015,24741,0.0842378,0.133048,-0.987523,1
0,0,0,0,0,1540,256,1796,22801,24597,0.0611219,0.0470321,-0.997022,1
0,0,0,0,0,5883,1035,6918,37138,44056,0.112208,0.097252,-0.988914,1
0,0,0,0,0,1420,241,1661,22157,23818,0.0648737,0.12172,-0.990442,1
0,0,0,0,0,1604,280,1884,23105,24989,-0.0849725,0.132609,-0.987519,1
0,0,0,0,0,1420,248,1668,23154,24822,0.0621229,0.114768,-0.991448,1
0,0,0,0,0,5599,960,6559,38496,45055,0.0841158,0.0558175,-0.994892,1
0,0,0,0,0,1405,235,1640,21337,22977,0.0588077,0.0367849,-0.997591,1
0,0,0,0,0,1319,232,1551,21095,22646,0.0577846,0.0898984,-0.994273,1
0,0,0,0,0,1483,280,1763,22134,23897,-0.0361854,0.203052,-0.978499,1
0,0,0,0,0,1348,281,1629,20633,22262,0.0212394,0.100228,-0.994738,1
0,0,0,0,0,1502,257,1759,20313,22072,-0.0452005,0.181881,-0.982281,1
0,0,0,0,0,1466,221,1687,8247,9934,-0.0300085,0.0791914,-0.996408,1
0,0,0,0,0,2122,361,2483,13103,15586,-0.0415657,0.0399816,-0.998336,1
0,0,0,0,0,3421,610,4031,24982,29013,-0.0246173,0.107074,-0.993946,1
0,0,0,0,0,1816,336,2152,30083,32235,0.343145,-0.268073,-0.900216,1
0,0,0,0,0,1177,224,1401,14624,16025,0.0393237,0.00427,-0.999217,1
0,0,0,0,0,1379,263,1642,6194,7836,0.280365,-0.401571,-0.871858,1
0,0,0,0,0,3034,550,3584,9126,12710,0.442082,-0.464969,-0.767051,1
0,0,0,0,0,5757,1100,6857,23176,30033,0.39767,-0.396507,-0.82743,1
0,0,0,0,0,1993,349,2342,7983,10325,0.403848,-0.355362,-0.842986,1
0,0,0,0,0,5985,1100,7085,24585,31670,0.493627,-0.304005,-0.814809,1
0,0,0,0,0,2232,427,2659,13376,16035,0.47181,-0.238141,-0.848932,1
0,0,0,0,0,1772,312,2084,8743,10827,0.0258266,0.00903835,-0.999626,1
0,0,0,0,0,3103,568,3671,30737,34408,-0.0138234,0.0105294,-0.999849,1
0,0,0,0,0,5588,613,6201,27266,33467,-0.0146262,0.0249247,-0.999582,1
0,0,0,0,0,1411,266,1677,20904,22581,-0.0144762,-0.0210933,-0.999673,1
0,0,0,0,0,1524,437,1961,22520,24481,-0.0354768,-0.0457013,-0.998325,1
0,0,0,0,0,1406,267,1673,22309,23982,-0.02806,-0.0425182,-0.998702,1
0,0,0,0,0,1550,303,1853,24359,26212,-0.00707329,0.0261265,-0.999634,1
0,0,0,0,0,7315,1032,8347,37653,46000,-0.019825,-0.00299671,-0.999799,1
0,0,0,0,0,1401,292,1693,23758,25451,-0.000542728,-0.0294758,-0.999566,1
0,0,0,0,0,1471,273,1744,24702,26446,-0.0143243,-0.0381256,-0.99917,1
0,0,0,0,0,1495,331,1826,27255,29081,-0.00913824,0.0920638,-0.995711,1
0,0,0,0,0,1268,315,1583,24091,25674,-0.0299898,0.113073,-0.993134,1
0,0,0,0,0,5034,991,6025,39638,45663,-0.00967117,0.24235,-0.970141,1
0,0,0,0,0,1179,281,1460,23706,25166,-0.0176808,0.166407,-0.985899,1
0,0,0,0,0,1189,309,1498,23450,24948,0.00570823,0.233582,-0.97232,1
0,0,0,0,0,1255,235,1490,24643,26133,0.0982186,0.172224,-0.980149,1
0,0,0,0,0,1568,309,1877,27868,29745,0.163315,0.351704,-0.921755,1
0,0,0,0,0,5441,990,6431,38122,44553,0.28966,0.392004,-0.873172,1
0,0,0,0,0,1208,314,1522,21243,22765,0.275911,0.378168,-0.883664,1
0,0,0,0,0,1214,265,1479,22151,23630,0.259822,0.288266,-0.921626,1
0,0,0,0,0,1423,274,1697,23988,25685,0.203802,0.207015,-0.956875,1
0,0,0,0,0,5003,952,5955,37437,43392,0.210222,0.151939,-0.965775,1
0,0,0,0,0,1250,250,1500,19633,21133,0.294078,0.176339,-0.939374,1
0,0,0,0,0,1236,250,1486,20302,21788,0.223014,0.0818694,-0.971372,1
0,0,0,0,0,5112,987,6099,34865,40964,0.293539,0.113619,-0.949171,1
0,0,0,0,0,1297,244,1541,19129,20670,0.311589,0.09267,-0.945687,1
0,0,0,0,0,1274,287,1561,20300,21861,0.375815,0.112132,-0.919886,1
0,0,0,0,0,1298,236,1534,19731,21265,0.258071,0.0237127,-0.965835,1
0,0,0,0,0,1421,258,1679,20557,22236,0.173941,0.0847885,-0.981099,1
0,0,0,0,0,1239,247,1486,19410,20896,0.381784,0.343734,-0.857956,1
0,0,0,0,0,1426,280,1706,25207,26913,0.209618,0.106525,-0.971963,1
0,0,0,0,0,1375,258,1633,20734,22367,0.213108,0.0627976,-0.975008,1
0,0,0,0,0,1330,243,1573,19889,21462,0.14968,0.124532,-0.980861,1
0,0,0,0,0,1304,251,1555,19730,21285,0.227949,0.171464,-0.958457,1
0,0,0,0,0,1250,255,1505,20123,21628,0.220419,0.134844,-0.96604,1
0,0,0,0,0,1215,238,1453,18343,19796,0.256629,0.141421,-0.956108,1
0,0,0,0,0,1376,286,1662,19951,21613,0.156261,0.177128,-0.971704,1
0,0,0,0,0,1230,284,1514,16673,18187,0.119634,0.166934,-0.978683,1
0,0,0,0,0,1398,259,1657,16152,17809,0.0631337,0.139461,-0.988213,1
0,0,0,0,0,1886,243,2129,13621,15750,0.0786216,0.147448,-0.98594,1
0,0,0,0,0,1591,287,1878,15958,17836,0.0653708,0.116536,-0.991033,1
0,0,0,0,0,2008,360,2368,17766,20134,0.0430825,0.117876,-0.992093,1
0,0,0,0,0,1958,357,2315,15075,17390,0.0135842,0.100082,-0.994887,1
0,0,0,0,0,2636,487,3123,16193,19316,0.000253192,0.0878524,-0.996134,1
0,0,0,0,0,2732,463,3195,14268,17463,-0.0045435,0.0771249,-0.997011,1
0,0,0,0,0,2540,434,2974,11091,14065,-0.00444659,0.0709471,-0.99747,1
0,0,0,0,0,4934,825,5759,16626,22385,-0.00264162,0.0650532,-0.997878,1
0,0,0,0,0,2650,455,3105,8051,11156,-0.0051009,0.0613367,-0.998104,1
0,0,0,0,0,5330,908,6238,13346,19584,-0.00708381,0.0537632,-0.998528,1
0,0,0,0,0,3772,659,4431,7654,12085,-0.00555878,0.0484439,-0.99881,1
0,0,0,0,0,5330,907,6237,8643,14880,-4.97342e-05,0.0431285,-0.999069,1
0,0,0,0,0,5243,1236,6479,8420,14899,-0.00159166,0.0404343,-0.999181,1
0,0,0,0,0,3649,623,4272,5661,9933,-0.00199732,0.0419715,-0.999117,1
0,0,0,0,0,3607,613,4220,5232,9452,-0.00246118,0.0427588,-0.999082,1
0,0,0,0,0,4277,658,4935,4797,9732,0.00256813,0.0434959,-0.99905,1
0,0,0,0,0,5327,975,6302,8750,15052,-7.62748e-05,0.0444715,-0.999011,1
0,0,0,0,0,5381,998,6379,7759,14138,-0.00295906,0.0455973,-0.998956,1
0,0,0,0,0,2764,502,3266,4443,7709,0.00253236,0.0468743,-0.998898,1
0,0,0,0,0,5403,997,6400,9111,15511,0.00334387,0.0481246,-0.998836,1
0,0,0,0,0,3714,675,4389,7062,11451,0.00261692,0.0487426,-0.998808,1
0,0,0,0,0,3729,673,4402,6695,11097,0.000477803,0.0499562,-0.998751,1
0,0,0,0,0,4837,876,5713,8739,14452,-0.000163303,0.0492473,-0.998787,1
0,0,0,0,0,5470,958,6428,9484,15912,-0.00294987,0.0473887,-0.998872,1
0,0,0,0,0,3694,658,4352,6525,10877,-0.00733348,0.0456303,-0.998931,1
0,0,0,0,0,3955,655,4610,5453,10063,-0.00833578,0.0452211,-0.998942,1
0,0,0,0,0,4890,1026,5916,7113,13029,-0.00889995,0.0465649,-0.998876,1
0,0,0,0,0,5144,905,6049,6702,12751,-0.00903122,0.0470206,-0.998853,1
0,0,0,0,0,3350,593,3943,4867,8810,-0.00594179,0.0470165,-0.998877,1
0,0,0,0,0,5595,951,6546,8073,14619,-0.00608052,0.0441323,-0.999007,1
0,0,0,0,0,3586,678,4264,5558,9822,-0.00751075,0.042642,-0.999062,1
0,0,0,0,0,4950,969,5919,6950,12869,-0.00794027,0.0422631,-0.999075,1
0,0,0,0,0,4678,825,5503,6983,12486,-0.00966949,0.0422657,-0.99906,1
0,0,0,0,0,5352,1003,6355,7222,13577,-8.46776e-05,0.0426071,-0.999092,1
0,0,0,0,0,3606,656,4262,6272,10534,0.00142056,0.0432257,-0.999065,1
0,0,0,0,0,5399,892,6291,9757,16048,0.00118973,0.04247,-0.999097,1
0,0,0,0,0,5346,1030,6376,8040,14416,0.00100401,0.0424177,-0.9991,1
0,0,0,0,0,2758,512,3270,4915,8185,-0.00124499,0.0428862,-0.999079,1
0,0,0,0,0,5359,961,6320,8758,15078,-0.00339136,0.0433607,-0.999054,1
0,0,0,0,0,6025,985,7010,8298,15308,-0.00538859,0.0424394,-0.999085,1
0,0,0,0,0,2833,479,3312,4306,7618,-0.00215673,0.0432485,-0.999062,1
0,0,0,0,0,5886,1048,6934,8878,15812,-0.00569545,0.0406275,-0.999158,1
0,0,0,0,0,5380,903,6283,6819,13102,-0.00957093,0.0378275,-0.999238,1
0,0,0,0,0,3610,631,4241,5171,9412,-0.00829064,0.0359461,-0.99932,1
0,0,0,0,0,5269,886,6155,7493,13648,-0.0108621,0.0339122,-0.999366,1
0,0,0,0,0,5243,925,6168,7108,13276,-0.00976192,0.0338895,-0.999378,1
0,0,0,0,0,3612,611,4223,4912,9135,-0.0113653,0.034641,-0.999335,1
0,0,0,0,0,5304,883,6187,7040,13227,-0.00667214,0.0363915,-0.999315,1
0,0,0,0,0,4892,860,5752,6530,12282,-0.00792176,0.0367358,-0.999294,1
0,0,0,0,0,3391,615,4006,5135,9141,-0.00723421,0.0384253,-0.999236,1
0,0,0,0,0,5285,933,6218,8010,14228,-0.0105673,0.0411435,-0.999097,1
0,0,0,0,0,4924,907,5831,7397,13228,-0.0121445,0.0428885,-0.999006,1
0,0,0,0,0,4877,895,5772,6698,12470,-0.00617689,0.0430076,-0.999056,1
0,0,0,0,0,5205,976,6181,7490,13671,-0.00822393,0.0380458,-0.999242,1
0,0,0,0,0,3619,655,4274,5131,9405,-0.00904613,0.0361937,-0.999304,1
0,0,0,0,0,5137,919,6056,6653,12709,-0.00816863,0.0367884,-0.99929,1
0,0,0,0,0,4786,850,5636,6658,12294,-0.00696582,0.0376738,-0.999266,1
0,0,0,0,0,5259,936,6195,8038,14233,-0.0075405,0.0371957,-0.999279,1
0,0,0,0,0,4132,646,4778,5343,10121,-0.00933739,0.0366297,-0.999285,1
0,0,0,0,0,4877,851,5728,6659,12387,-0.00892906,0.0372611,-0.999266,1
0,0,0,0,0,5035,871,5906,6497,12403,-0.00850967,0.0384754,-0.999223,1
0,0,0,0,0,4269,777,5046,5241,10287,-0.000373266,0.0424578,-0.999098,1
0,0,0,0,0,5394,962,6356,8456,14812,-0.0020975,0.0419168,-0.999119,1
0,0,0,0,0,4064,628,4692,5574,10266,-0.00566518,0.0414503,-0.999124,1
0,0,0,0,0,5044,839,5883,7020,12903,-0.00641167,0.0389984,-0.999219,1
0,0,0,0,0,4899,800,5699,6648,12347,-0.00263739,0.0385232,-0.999254,1
0,0,0,0,0,3363,572,3935,5061,8996,-0.00464994,0.0385045,-0.999247,1
0,0,0,0,0,5444,924,6368,7646,14014,-0.0010876,0.0398707,-0.999204,1
0,0,0,0,0,5468,958,6426,7007,13433,-0.00316636,0.0401279,-0.999189,1
0,0,0,0,0,5092,849,5941,5878,11819,-0.00198821,0.0408234,-0.999165,1
0,0,0,0,0,5160,917,6077,7442,13519,-0.00330062,0.0403245,-0.999181,1
0,0,0,0,0,2608,462,3070,4164,7234,0.000563854,0.0401491,-0.999194,1
0,0,0,0,0,4843,824,5667,8288,13955,-0.00249889,0.0374023,-0.999297,1
0,0,0,0,0,4722,804,5526,6631,12157,-0.00598066,0.0362887,-0.999323,1
0,0,0,0,0,4517,798,5315,5958,11273,-0.000783051,0.0374268,-0.999299,1
0,0,0,0,0,4285,782,5067,6636,11703,0.00202071,0.0374632,-0.999296,1
0,0,0,0,0,5356,923,6279,8179,14458,0.00148629,0.0364224,-0.999335,1
0,0,0,0,0,3686,615,4301,6380,10681,-0.00179698,0.0360092,-0.99935,1
0,0,0,0,0,3779,634,4413,6064,10477,-0.00168626,0.0351301,-0.999382,1
0,0,0,0,0,4922,871,5793,7712,13505,-0.00213451,0.0347735,-0.999393,1
0,0,0,0,0,3516,636,4152,5038,9190,-0.00357084,0.0349108,-0.999384,1
0,0,0,0,0,5208,893,6101,7066,13167,-0.00576914,0.0352092,-0.999363,1
0,0,0,0,0,5295,914,6209,6495,12704,-0.00849254,0.0355058,-0.999333,1
0,0,0,0,0,3410,610,4020,4619,8639,-0.00942868,0.0351875,-0.999336,1
0,0,0,0,0,5186,927,6113,6040,12153,-0.00431951,0.0351116,-0.999374,1
0,0,0,0,0,4737,868,5605,7001,12606,-0.0061447,0.0357238,-0.999343,2
0,0,0,0,0,4826,804,5630,6301,11931,-0.0084127,0.0372648,-0.99927,2
0,0,0,0,0,4862,831,5693,6421,12114,-0.00975367,0.0377084,-0.999241,2
0,0,0,0,0,5405,853,6258,7297,13555,-0.0102843,0.0373471,-0.99925,2
0,0,0,0,0,5085,821,5906,5817,11723,-0.0111045,0.0374575,-0.999237,2
0,0,0,0,0,5292,937,6229,6373,12602,-0.00794687,0.0351676,-0.99935,2
0,0,0,0,0,5234,908,6142,5813,11955,-0.0103243,0.0353973,-0.99932,2
0,0,0,0,0,3356,575,3931,4877,8808,-0.00802776,0.0347927,-0.999362,2
0,0,0,0,0,5349,942,6291,6222,12513,-0.00283586,0.0367998,-0.999319,2
0,0,0,0,0,5334,893,6227,7750,13977,-0.000224054,0.0374212,-0.9993,2
0,0,0,0,0,5332,1039,6371,8486,14857,-0.00297382,0.0368875,-0.999315,2
0,0,0,0,0,5709,812,6521,5453,11974,-0.00170996,0.0380877,-0.999273,2
0,0,0,0,0,2337,383,2720,3636,6356,-0.00363386,0.0374976,-0.99929,2
0,0,0,0,0,1795,323,2118,2755,4873,-0.000766399,0.0373824,-0.999301,2
0,0,0,0,0,5403,941,6344,7697,14041,-0.00231522,0.0362755,-0.999339,2
0,0,0,0,0,5134,830,5964,7767,13731,-0.000492442,0.0370297,-0.999314,2
0,0,0,0,0,3460,598,4058,5649,9707,-0.00322743,0.0365433,-0.999327,2
0,0,0,0,0,5438,848,6286,7292,13578,-0.00511927,0.0372273,-0.999293,2
0,0,0,0,0,5130,869,5999,5999,11998,-0.00614809,0.0386903,-0.999233,2
0,0,0,0,0,3397,720,4117,5583,9700,-0.00126692,0.04103,-0.999157,2
0,0,0,0,0,5239,827,6066,7562,13628,-0.000430179,0.0414807,-0.999139,2
0,0,0,0,0,5166,807,5973,6918,12891,0.00176247,0.0423901,-0.9991,2
0,0,0,0,0,3408,614,4022,5903,9925,0.00331556,0.0429282,-0.999073,2
0,0,0,0,0,4820,871,5691,8151,13842,0.000807797,0.042331,-0.999103,2
0,0,0,0,0,4327,731,5058,8333,13391,0.00103825,0.042428,-0.999099,2
0,0,0,0,0,5446,916,6362,9016,15378,-0.00158279,0.0411902,-0.99915,2
0,0,0,0,0,5414,850,6264,6368,12632,0.00501025,0.0403361,-0.999174,2
0,0,0,0,0,4309,748,5057,8253,13310,0.0020939,0.0396137,-0.999213,2
0,0,0,0,0,5124,739,5863,7831,13694,-5.59318e-05,0.0392278,-0.99923,2
0,0,0,0,0,4427,754,5181,7042,12223,0.00155162,0.0399369,-0.999201,2
0,0,0,0,0,4876,808,5684,7868,13552,0.000664401,0.0399029,-0.999203,2
0,0,0,0,0,4736,908,5644,7894,13538,0.0141619,0.0394275,-0.999122,2
0,0,0,0,0,3450,604,4054,9167,13221,0.0130854,0.0405079,-0.999094,2
0,0,0,0,0,3488,599,4087,9028,13115,0.0130696,0.0420068,-0.999032,2
0,0,0,0,0,5464,904,6368,12333,18701,0.00942454,0.0415522,-0.999092,2
0,0,0,0,0,2988,505,3493,5317,8810,0.00849764,0.0425091,-0.99906,2
0,0,0,0,0,1646,298,1944,3397,5341,0.00968069,0.0413201,-0.999099,2
0,0,0,0,0,2283,470,2753,6530,9283,0.0082755,0.0416646,-0.999098,2
0,0,0,0,0,5714,977,6691,11841,18532,0.00579513,0.0420684,-0.999098,2
0,0,0,0,0,3639,741,4380,7346,11726,0.00517976,0.0426491,-0.999077,2
0,0,0,0,0,4443,814,5257,8741,13998,0.00399106,0.0435443,-0.999044,2
0,0,0,0,0,4600,799,5399,8491,13890,0.0034998,0.0451357,-0.998974,2
0,0,0,0,0,3243,542,3785,7200,10985,0.00169315,0.0473962,-0.998875,2
0,0,0,0,0,6286,906,7192,10948,18140,0.00124241,0.0494223,-0.998777,2
0,0,0,0,0,3478,620,4098,7546,11644,0.000895272,0.0495367,-0.998772,2
0,0,0,0,0,3716,792,4508,7279,11787,-0.00134211,0.0486698,-0.998814,2
0,0,0,0,0,4415,824,5239,9170,14409,0.000495424,0.0489519,-0.998801,2
0,0,0,0,0,4428,857,5285,8615,13900,0.000551917,0.0473878,-0.998876,2
0,0,0,0,0,3165,556,3721,6636,10357,-0.00110042,0.0463822,-0.998923,2
0,0,0,0,0,5166,894,6060,9272,15332,-0.00216541,0.0455395,-0.99896,2
0,0,0,0,0,5466,896,6362,6939,13301,-0.00371911,0.0438161,-0.999032,2
0,0,0,0,0,2661,470,3131,4613,7744,-0.00558413,0.0428068,-0.999068,2
0,0,0,0,0,5440,904,6344,8453,14797,-0.00558589,0.0434588,-0.999039,2
0,0,0,0,0,4910,814,5724,7179,12903,-0.00540036,0.0445365,-0.998993,2
0,0,0,0,0,5519,940,6459,8647,15106,-0.00563363,0.0445603,-0.998991,2
0,0,0,0,0,3698,654,4352,6254,10606,-0.00635853,0.0447608,-0.998977,2
0,0,0,0,0,4810,835,5645,8012,13657,-0.00641942,0.0448818,-0.998972,2
0,0,0,0,0,5186,846,6032,7969,14001,-0.00605823,0.0445773,-0.998987,2
0,0,0,0,0,3408,653,4061,5630,9691,-0.00516182,0.0443628,-0.999002,2
0,0,0,0,0,5773,953,6726,9212,15938,-0.00430568,0.0443457,-0.999007,2
0,0,0,0,0,3533,633,4166,5802,9968,-0.00379491,0.0432346,-0.999058,2
0,0,0,0,0,4455,767,5222,7848,13070,-0.00397542,0.0429485,-0.999069,2
0,0,0,0,0,4432,811,5243,7832,13075,-0.0017206,0.0422465,-0.999106,2
0,0,0,0,0,3255,605,3860,6233,10093,-0.00120895,0.0423964,-0.9991,2
0,0,0,0,0,4586,816,5402,7300,12702,-0.00108059,0.0412335,-0.999149,2
0,0,0,0,0,5202,847,6049,9224,15273,-0.0021231,0.0409257,-0.99916,2
0,0,0,0,0,5020,897,5917,7494,13411,-0.00236175,0.0410657,-0.999154,2
0,0,0,0,0,3475,601,4076,6350,10426,-0.00260345,0.0422637,-0.999103,2
0,0,0,0,0,5282,981,6263,9928,16191,-0.00192895,0.0434416,-0.999054,2
0,0,0,0,0,6281,938,7219,7583,14802,0.00160996,0.0427492,-0.999085,2
0,0,0,0,0,3532,602,4134,6491,10625,0.0023665,0.0423232,-0.999101,2
0,0,0,0,0,3396,581,3977,6449,10426,0.0076259,0.0423786,-0.999072,2
0,0,0,0,0,4371,742,5113,10526,15639,0.0103036,0.04341,-0.999004,2
0,0,0,0,0,4796,861,5657,13133,18790,0.010954,0.0437158,-0.998984,2
0,0,0,0,0,3429,613,4042,9571,13613,0.012205,0.0435508,-0.998977,2
0,0,0,0,0,3397,628,4025,10336,14361,0.0132387,0.0428944,-0.998992,2
0,0,0,0,0,4959,862,5821,13070,18891,0.014509,0.0429183,-0.998973,2
0,0,0,0,0,2724,478,3202,8490,11692,0.0153812,0.0428159,-0.998965,2
0,0,0,0,0,5326,1005,6331,15964,22295,0.0144297,0.0431201,-0.998966,2
0,0,0,0,0,2699,473,3172,8037,11209,0.0147208,0.0421918,-0.999001,2
0,0,0,0,0,2514,475,2989,7787,10776,0.0137963,0.0413855,-0.999048,2
0,0,0,0,0,3029,564,3593,9858,13451,0.0124642,0.041477,-0.999062,2
0,0,0,0,0,3067,545,3612,8711,12323,0.0113348,0.0420577,-0.999051,2
0,0,0,0,0,3047,736,3783,9137,12920,0.0120367,0.0424387,-0.999026,2
0,0,0,0,0,4835,824,5659,13504,19163,0.0115077,0.0422331,-0.999041,2
0,0,0,0,0,4881,846,5727,11940,17667,0.010414,0.0431368,-0.999015,2
0,0,0,0,0,2712,472,3184,7681,10865,0.00991996,0.0425855,-0.999044,2
0,0,0,0,0,4115,731,4846,11343,16189,0.00956695,0.0413933,-0.999097,2
0,0,0,0,0,4500,950,5450,10187,15637,0.00997684,0.0412506,-0.999099,2
0,0,0,0,0,2437,426,2863,6468,9331,0.0103479,0.0421238,-0.999059,2
0,0,0,0,0,4086,644,4730,9698,14428,0.0105555,0.0439714,-0.998977,2
0,0,0,0,0,3491,641,4132,10384,14516,0.00903884,0.0447548,-0.998957,2
0,0,0,0,0,4453,809,5262,12518,17780,0.0094948,0.0445845,-0.99896,2
0,0,0,0,0,3226,573,3799,9300,13099,0.00999,0.0433367,-0.99901,2
0,0,0,0,0,5235,1032,6267,12905,19172,0.0143698,0.0419774,-0.999015,2
0,0,0,0,0,4913,886,5799,12291,18090,0.0136134,0.0424687,-0.999005,2
0,0,0,0,0,2660,506,3166,8130,11296,0.012386,0.0435578,-0.998974,2
0,0,0,0,0,5476,1001,6477,14257,20734,0.0116531,0.0435862,-0.998982,2
0,0,0,0,0,2687,478,3165,8185,11350,0.0126418,0.0428538,-0.999001,2
0,0,0,0,0,3740,695,4435,11334,15769,0.0166619,0.0411539,-0.999014,2
0,0,0,0,0,5150,906,6056,13644,19700,0.0165086,0.041163,-0.999016,2
0,0,0,0,0,2185,411,2596,7511,10107,0.0192207,0.0405657,-0.998992,2
0,0,0,0,0,4836,915,5751,17039,22790,0.0198681,0.0400638,-0.999,2
0,0,0,0,0,3425,619,4044,12157,16201,0.020719,0.040094,-0.998981,2
0,0,0,0,0,3221,590,3811,12248,16059,0.0208132,0.0410679,-0.99894,2
0,0,0,0,0,4072,751,4823,15354,20177,0.0215516,0.042012,-0.998885,2
0,0,0,0,0,5520,883,6403,14781,21184,0.0215296,0.0411981,-0.998919,2
0,0,0,0,0,2190,379,2569,9113,11682,0.0208149,0.0384288,-0.999044,2
0,0,0,0,0,4884,850,5734,18535,24269,0.0209076,0.0351674,-0.999163,2
0,0,0,0,0,2673,485,3158,9796,12954,0.0191946,0.0346386,-0.999216,2
0,0,0,0,0,3022,563,3585,10428,14013,0.0187149,0.0356317,-0.99919,2
0,0,0,0,0,5549,958,6507,15566,22073,0.0174605,0.0373217,-0.999151,2
0,0,0,0,0,2684,477,3161,8991,12152,0.0159413,0.0390887,-0.999109,2
0,0,0,0,0,3002,530,3532,9927,13459,0.0171198,0.03822,-0.999123,2
0,0,0,0,0,4823,965,5788,14972,20760,0.0193246,0.0392314,-0.999043,2
0,0,0,0,0,2760,479,3239,8708,11947,0.019321,0.0392488,-0.999043,2
0,0,0,0,0,2105,384,2489,7750,10239,0.018801,0.0392753,-0.999052,2
0,0,0,0,0,2910,487,3397,10178,13575,0.0170276,0.0387449,-0.999104,2
0,0,0,0,0,5242,829,6071,15345,21416,0.0150647,0.040047,-0.999084,2
0,0,0,0,0,2680,460,3140,8927,12067,0.0154271,0.0391009,-0.999116,2
0,0,0,0,0,5380,893,6273,15978,22251,0.0184347,0.0384171,-0.999092,2
0,0,0,0,0,3565,643,4208,12665,16873,0.0177381,0.0378068,-0.999128,2
0,0,0,0,0,2722,485,3207,9601,12808,0.0168575,0.0376442,-0.999149,2
0,0,0,0,0,4974,885,5859,15685,21544,0.0173567,0.0378862,-0.999131,2
0,0,0,0,0,2698,488,3186,10433,13619,0.016358,0.038386,-0.999129,2
0,0,0,0,0,2244,405,2649,7727,10376,0.0167431,0.038881,-0.999103,2
0,0,0,0,0,5635,900,6535,16735,23270,0.0189492,0.036754,-0.999145,2
0,0,0,0,0,2668,482,3150,9830,12980,0.0205369,0.036428,-0.999126,2
0,0,0,0,0,5490,860,6350,17168,23518,0.0191905,0.0365451,-0.999148,2
0,0,0,0,0,2660,460,3120,10025,13145,0.0200659,0.0366683,-0.999126,2
0,0,0,0,0,4182,750,4932,14862,19794,0.0183678,0.0374055,-0.999131,2
0,0,0,0,0,3403,533,3936,10876,14812,0.0174369,0.0383054,-0.999114,2
0,0,0,0,0,2908,496,3404,10085,13489,0.0190715,0.0380621,-0.999093,2
0,0,0,0,0,4493,1120,5613,15694,21307,0.0208902,0.0387487,-0.999031,2
0,0,0,0,0,2551,455,3006,10042,13048,0.0218725,0.0391856,-0.998993,2
0,0,0,0,0,3736,666,4402,14802,19204,0.0200919,0.0380774,-0.999073,2
0,0,0,0,0,4913,991,5904,15034,20938,0.0230461,0.0375135,-0.99903,2
0,0,0,0,0,2201,392,2593,9026,11619,0.0192609,0.0376115,-0.999107,2
0,0,0,0,0,3051,553,3604,11621,15225,0.0171145,0.0379801,-0.999132,2
0,0,0,0,0,3838,686,4524,12663,17187,0.016454,0.0386384,-0.999118,2
0,0,0,0,0,5002,907,5909,12843,18752,0.0142606,0.0404222,-0.999081,2
0,0,0,0,0,2200,390,2590,7763,10353,0.0167318,0.0401323,-0.999054,2
0,0,0,0,0,4819,882,5701,16422,22123,0.0174174,0.0399933,-0.999049,2
0,0,0,0,0,2712,489,3201,10388,13589,0.0181811,0.0385158,-0.999093,2
0,0,0,0,0,5406,977,6383,15074,21457,0.0219633,0.0369827,-0.999074,2
0,0,0,0,0,6394,987,7381,13142,20523,0.0209747,0.035609,-0.999146,2
0,0,0,0,0,1867,325,2192,7324,9516,0.0190648,0.0343378,-0.999228,2
0,0,0,0,0,2990,542,3532,10192,13724,0.0193963,0.0335928,-0.999247,2
0,0,0,0,0,5218,792,6010,14420,20430,0.0191316,0.0340542,-0.999237,2
0,0,0,0,0,2558,455,3013,9064,12077,0.0199371,0.0350587,-0.999186,2
0,0,0,0,0,3831,648,4479,13927,18406,0.0190254,0.035053,-0.999205,2
0,0,0,0,0,2846,526,3372,11022,14394,0.0206685,0.0348179,-0.99918,2
0,0,0,0,0,5100,988,6088,18015,24103,0.021188,0.0346661,-0.999174,2
0,0,0,0,0,2689,487,3176,10625,13801,0.0195652,0.0355453,-0.999177,2
0,0,0,0,0,3032,523,3555,13885,17440,0.0218833,0.0357321,-0.999122,2
0,0,0,0,0,3913,692,4605,14249,18854,0.020996,0.0347977,-0.999174,2
0,0,0,0,0,2359,450,2809,8949,11758,0.0187509,0.0367686,-0.999148,2
0,0,0,0,0,3334,582,3916,12307,16223,0.0191924,0.03563,-0.999181,2
0,0,0,0,0,3264,581,3845,12653,16498,0.0165403,0.0355676,-0.99923,2
0,0,0,0,0,2600,455,3055,9141,12196,0.0174495,0.0354662,-0.999218,2
0,0,0,0,0,4977,852,5829,15634,21463,0.0161366,0.0367066,-0.999196,2
0,0,0,0,0,2689,470,3159,9448,12607,0.0146966,0.0362198,-0.999236,2
0,0,0,0,0,3703,673,4376,12727,17103,0.0165034,0.0351042,-0.999247,2
0,0,0,0,0,3864,737,4601,12822,17423,0.0179596,0.0361128,-0.999186,2
0,0,0,0,0,2287,421,2708,8387,11095,0.0170151,0.0342871,-0.999267,2
0,0,0,0,0,4462,727,5189,14799,19988,0.0189256,0.033936,-0.999245,2
0,0,0,0,0,3057,543,3600,11111,14711,0.0183409,0.0346108,-0.999232,2
0,0,0,0,0,3774,667,4441,12977,17418,0.0165471,0.0363875,-0.999201,2
0,0,0,0,0,3523,595,4118,12316,16434,0.0165629,0.0359148,-0.999218,2
0,0,0,0,0,3220,570,3790,11442,15232,0.0175339,0.0355228,-0.999216,2
0,0,0,0,0,4884,884,5768,14874,20642,0.0171407,0.0349338,-0.999243,2
0,0,0,0,0,2678,481,3159,9986,13145,0.0183495,0.0335331,-0.999269,2
0,0,0,0,0,4341,825,5166,14544,19710,0.0174402,0.0325103,-0.999319,2
0,0,0,0,0,3094,531,3625,10378,14003,0.0189631,0.0325623,-0.99929,2
0,0,0,0,0,2900,513,3413,10019,13432,0.0177762,0.0332977,-0.999287,2
0,0,0,0,0,3461,611,4072,12440,16512,0.0169091,0.0345573,-0.999259,2
0,0,0,0,0,4514,758,5272,14439,19711,0.0166019,0.0352453,-0.999241,2
0,0,0,0,0,2598,458,3056,9001,12057,0.0180385,0.0347001,-0.999235,2
0,0,0,0,0,3091,520,3611,11387,14998,0.0175728,0.0333153,-0.99929,2
0,0,0,0,0,3020,535,3555,10863,14418,0.0207487,0.0332099,-0.999233,2
0,0,0,0,0,3551,596,4147,13455,17602,0.0169188,0.0346402,-0.999257,2
0,0,0,0,0,2698,462,3160,9496,12656,0.0168002,0.0343354,-0.999269,2
0,0,0,0,0,5475,973,6448,16015,22463,0.0167449,0.0330151,-0.999314,2
0,0,0,0,0,2312,398,2710,8236,10946,0.0163366,0.032438,-0.99934,2
0,0,0,0,0,4039,706,4745,14409,19154,0.0180993,0.03166,-0.999335,2
0,0,0,0,0,3021,533,3554,10945,14499,0.0181304,0.0316307,-0.999335,2
0,0,0,0,0,4961,952,5913,15765,21678,0.016936,0.0303192,-0.999397,2
0,0,0,0,0,2706,460,3166,9456,12622,0.0156777,0.0303636,-0.999416,2
0,0,0,0,0,3784,657,4441,12324,16765,0.0155345,0.0323173,-0.999357,2
0,0,0,0,0,4974,885,5859,14551,20410,0.0144816,0.036451,-0.999231,2
0,0,0,0,0,2393,395,2788,7969,10757,0.0124053,0.0421472,-0.999034,2
0,0,0,0,0,3037,555,3592,11926,15518,0.0204749,0.0473446,-0.998669,2
0,0,0,0,0,5018,922,5940,18216,24156,0.02466,0.0448038,-0.998692,2
0,0,0,0,0,2217,430,2647,10637,13284,0.020369,0.0377788,-0.999078,2
0,0,0,0,0,2431,618,3049,11899,14948,0.0197669,0.0286841,-0.999393,2
0,0,0,0,0,2439,461,2900,9941,12841,0.0304694,0.0195425,-0.999344,2
0,0,0,0,0,2712,508,3220,11879,15099,0.0328151,0.0196097,-0.999269,2
0,0,0,0,0,2668,503,3171,10608,13779,0.0264248,0.029781,-0.999207,2
0,0,0,0,0,4112,761,4873,15791,20664,0.0134754,0.0416677,-0.99904,2
0,0,0,0,0,2467,446,2913,9640,12553,0.0143946,0.0474412,-0.998771,2
0,0,0,0,0,5463,1009,6472,17637,24109,0.0114159,0.103965,-0.994515,2
0,0,0,0,0,2381,405,2786,10140,12926,0.00174962,0.110108,-0.993918,2
0,0,0,0,0,1206,263,1469,6597,8066,0.00129861,0.11063,-0.993861,2
0,0,0,0,0,5210,927,6137,22404,28541,0.00222719,0.151054,-0.988523,2
0,0,0,0,0,2331,422,2753,12593,15346,0.00506462,0.154586,-0.987966,2
0,0,0,0,0,1984,359,2343,12667,15010,-0.0315663,0.231232,-0.972387,2
0,0,0,0,0,3116,545,3661,18328,21989,-0.0500864,0.259755,-0.964375,2
0,0,0,0,0,2559,452,3011,18087,21098,-0.04498,0.285093,-0.957444,2
0,0,0,0,0,4925,907,5832,22004,27836,-0.0720304,0.393736,-0.916397,2
0,0,0,0,0,4963,868,5831,31162,36993,-0.0546352,0.495631,-0.866813,2
0,0,0,0,0,1981,361,2342,16357,18699,-0.0982943,0.47191,-0.876151,2
0,0,0,0,0,1309,272,1581,16762,18343,-0.136175,0.12109,-0.983257,2
0,0,0,0,0,1357,254,1611,21438,23049,-0.154155,-0.0630505,-0.986033,2
0,0,0,0,0,1514,274,1788,22569,24357,-0.146335,-0.0406713,-0.988399,2
0,0,0,0,0,5552,1088,6640,37440,44080,-0.098581,0.0492702,-0.993909,2
0,0,0,0,0,1479,306,1785,22514,24299,-0.101399,-0.035391,-0.994216,2
0,0,0,0,0,1578,333,1911,22668,24579,-0.101528,-0.0158467,-0.994707,2
0,0,0,0,0,1491,270,1761,22883,24644,-0.0516155,-0.0588911,-0.996929,2
0,0,0,0,0,1651,300,1951,25110,27061,-0.0407306,0.0905143,-0.995062,2
0,0,0,0,0,1478,397,1875,24164,26039,-0.0247974,0.0835261,-0.996197,2
0,0,0,0,0,1434,260,1694,24120,25814,0.00899392,0.108416,-0.994065,2
0,0,0,0,0,1419,283,1702,24704,26406,-0.0191311,0.128151,-0.99157,2
0,0,0,0,0,1420,334,1754,25111,26865,-0.0192951,0.182604,-0.982997,2
0,0,0,0,0,1408,292,1700,25483,27183,-0.0454841,0.215561,-0.975431,2
0,0,0,0,0,5313,1064,6377,41661,48038,-0.0639051,0.24707,-0.966888,2
0,0,0,0,0,1374,262,1636,26093,27729,-0.0466574,0.213214,-0.975891,2
0,0,0,0,0,1368,370,1738,22947,24685,-0.054356,0.197372,-0.978821,2
0,0,0,0,0,1383,304,1687,24153,25840,-0.0231273,0.202961,-0.978914,2
0,0,0,0,0,1533,270,1803,20930,22733,-0.0176095,0.191558,-0.981324,2
0,0,0,0,0,1391,234,1625,12377,14002,-0.000355791,0.158595,-0.987344,2
0,0,0,0,0,1885,335,2220,12630,14850,0.0098281,0.162937,-0.986587,2
0,0,0,0,0,6302,986,7288,24567,31855,0.0125174,0.243302,-0.96987,2
0,0,0,0,0,1767,292,2059,13555,15614,0.0041959,0.257621,-0.966237,2
0,0,0,0,0,1492,255,1747,8155,9902,0.000424792,0.198891,-0.980022,2
0,0,0,0,0,2241,413,2654,14086,16740,-0.00657157,0.224945,-0.974349,2
0,0,0,0,0,2223,413,2636,15633,18269,-0.0120533,0.184932,-0.982677,2
0,0,0,0,0,1880,331,2211,15469,17680,-0.0147949,0.160629,-0.986904,2
0,0,0,0,0,1912,353,2265,18760,21025,-0.0490479,0.291091,-0.955437,2
0,0,0,0,0,1564,298,1862,13340,15202,-0.063532,0.412514,-0.908733,2
0,0,0,0,0,1718,313,2031,19153,21184,-0.0557334,0.522098,-0.851063,2
0,0,0,0,0,1857,346,2203,21427,23630,-0.0494743,0.61115,-0.789967,2
0,0,0,0,0,1636,296,1932,21328,23260,-0.00806166,0.658192,-0.752807,2
0,0,0,0,0,1394,280,1674,31274,32948,-0.00855043,0.696481,-0.717525,2
0,0,0,0,0,1372,245,1617,-1000,-1000,-1,-1,-1,2
0,0,0,0,0,1435,244,1679,9285,10964,-0.00264965,0.0389226,-0.999239,2
0,0,0,0,0,2163,395,2558,30767,33325,-0.0402803,0.0871815,-0.995378,2
0,0,0,0,0,4691,767,5458,33755,39213,-0.0490303,0.0776252,-0.995776,2
0,0,0,0,0,1456,341,1797,24071,25868,-0.0473809,0.0624264,-0.996924,2
0,0,0,0,0,1547,288,1835,26845,28680,-0.0530967,0.0524812,-0.997209,2
0,0,0,0,0,1464,309,1773,25599,27372,-0.0508824,0.0785681,-0.995609,2
0,0,0,0,0,1334,256,1590,25579,27169,-0.0389395,0.0343292,-0.998652,2
0,0,0,0,0,1283,238,1521,28100,29621,-0.046359,0.152537,-0.98721,2
0,0,0,0,0,1244,331,1575,26934,28509,-0.0576335,0.100567,-0.99326,2
0,0,0,0,0,2338,404,2742,39262,42004,-0.0722071,0.31726,-0.945586,2
0,0,0,0,0,1281,250,1531,28510,30041,-0.0730264,0.301656,-0.950616,2
0,0,0,0,0,1171,251,1422,25771,27193,-0.0986994,0.273413,-0.95682,2
0,0,0,0,0,1185,283,1468,25846,27314,-0.0880606,0.200586,-0.97571,2
0,0,0,0,0,1180,330,1510,25448,26958,-0.0505802,0.225247,-0.972988,2
0,0,0,0,0,1297,222,1519,24266,25785,-0.0456329,0.334925,-0.941139,2
0,0,0,0,0,1178,272,1450,23473,24923,-0.0860055,0.105455,-0.990698,2
0,0,0,0,0,1171,256,1427,23542,24969,0.0132467,0.38331,-0.923525,2
0,0,0,0,0,1411,262,1673,26503,28176,-0.0439343,0.448842,-0.89253,2
0,0,0,0,0,1246,230,1476,23725,25201,0.00861005,0.508701,-0.8609,2
0,0,0,0,0,1120,211,1331,21158,22489,-0.0472973,0.392227,-0.918652,2
0,0,0,0,0,1183,224,1407,23272,24679,-0.0186815,0.337442,-0.941161,2
0,0,0,0,0,1236,237,1473,17460,18933,-0.00956068,0.283841,-0.958823,2
0,0,0,0,0,1516,287,1803,17044,18847,-0.047879,0.310053,-0.949513,2
0,0,0,0,0,2247,374,2621,12071,14692,-0.053062,0.281618,-0.958058,2
0,0,0,0,0,3533,634,4167,22159,26326,-0.0975809,0.378194,-0.920569,2
0,0,0,0,0,1961,369,2330,13505,15835,-0.119966,0.391164,-0.912469,2
0,0,0,0,0,1826,322,2148,16537,18685,-0.155236,0.415923,-0.896052,2
0,0,0,0,0,2064,366,2430,20602,23032,-0.136214,0.362457,-0.921993,2
0,0,0,0,0,1625,294,1919,18289,20208,-0.101593,0.325351,-0.94012,2
0,0,0,0,0,1769,326,2095,27129,29224,0.0383618,0.1519,-0.987651,2
0,0,0,0,0,1392,247,1639,22451,24090,-0.104701,0.00642783,-0.994483,2
0,0,0,0,0,1516,260,1776,23414,25190,-0.110624,0.163119,-0.980385,2
0,0,0,0,0,1486,298,1784,23083,24867,-0.0584715,0.0510448,-0.996983,2
0,0,0,0,0,1531,274,1805,24091,25896,-0.0988748,0.0172985,-0.994949,2
0,0,0,0,0,1618,329,1947,24860,26807,-0.101998,0.0477749,-0.993637,2
0,0,0,0,0,1540,260,1800,24355,26155,-0.122241,0.132951,-0.983556,2
0,0,0,0,0,1736,425,2161,26721,28882,-0.13282,0.157332,-0.978573,2
0,0,0,0,0,1451,257,1708,24408,26116,-0.127359,0.161859,-0.978561,2
0,0,0,0,0,5772,1001,6773,39027,45800,-0.121434,0.222195,-0.967411,2
0,0,0,0,0,1535,341,1876,26259,28135,-0.0869661,0.166721,-0.982161,2
0,0,0,0,0,1449,308,1757,24601,26358,-0.0547149,0.118708,-0.991421,2
0,0,0,0,0,1658,289,1947,26123,28070,-0.039739,0.158902,-0.986494,2
0,0,0,0,0,5290,933,6223,39443,45666,-0.0713946,0.230361,-0.970483,2
0,0,0,0,0,1416,278,1694,24147,25841,-0.0326402,0.171134,-0.984707,2
0,0,0,0,0,1657,296,1953,24203,26156,-0.0534782,0.153966,-0.986628,2
0,0,0,0,0,1573,281,1854,24519,26373,-0.0498265,0.145313,-0.98813,2
0,0,0,0,0,1712,301,2013,23906,25919,-0.0409913,0.137787,-0.989613,2
0,0,0,0,0,1520,270,1790,22719,24509,-0.0407948,0.178579,-0.983079,2
0,0,0,0,0,1439,261,1700,20954,22654,-0.0450109,0.215429,-0.975482,2
0,0,0,0,0,1492,256,1748,19634,21382,-0.0367775,0.204228,-0.978232,2
0,0,0,0,0,1463,242,1705,12592,14297,-0.0288935,0.195267,-0.980324,2
0,0,0,0,0,1653,281,1934,7769,9703,-0.00899708,0.171971,-0.985061,2
0,0,0,0,0,3690,650,4340,13386,17726,0.0278398,0.144192,-0.989158,2
0,0,0,0,0,4510,734,5244,18959,24203,0.0689805,0.146124,-0.986858,2
0,0,0,0,0,6013,1008,7021,20161,27182,0.0671912,0.136388,-0.988374,2
0,0,0,0,0,3907,663,4570,19391,23961,0.0727636,0.164049,-0.983765,2
0,0,0,0,0,2448,441,2889,10477,13366,0.0713396,0.123165,-0.989819,2
0,0,0,0,0,1563,292,1855,8253,10108,0.0664286,0.0682626,-0.995454,2
0,0,0,0,0,1630,293,1923,12533,14456,0.077109,0.0436803,-0.996065,2
0,0,0,0,0,5959,1052,7011,26834,33845,0.0670581,0.072682,-0.995098,2
0,0,0,0,0,1746,294,2040,9456,11496,0.036319,0.051144,-0.998031,2
0,0,0,0,0,1726,309,2035,9416,11451,0.141056,-0.130303,-0.981389,2
0,0,0,0,0,3481,680,4161,22168,26329,0.0344998,-0.195421,-0.980112,2
0,0,0,0,0,5425,949,6374,10383,16757,-0.0567595,0.0725172,-0.995751,2
0,0,0,0,0,2419,567,2986,10948,13934,-0.0702241,0.116137,-0.990748,2
0,0,0,0,0,2440,456,2896,15195,18091,-0.0195217,0.135049,-0.990647,2
0,0,0,0,0,2717,510,3227,16633,19860,-0.0122305,0.125055,-0.992074,2
0,0,0,0,0,2241,429,2670,13804,16474,-0.0265378,0.123806,-0.991952,2
0,0,0,0,0,3022,585,3607,19487,23094,-0.0272227,0.0838869,-0.996104,2
0,0,0,0,0,2156,388,2544,13313,15857,-0.0415762,0.0631716,-0.997136,2
0,0,0,0,0,6023,1173,7196,22610,29806,-0.0347631,0.0592866,-0.997636,2
0,0,0,0,0,1869,342,2211,9749,11960,-0.0460412,0.0765882,-0.995999,2
0,0,0,0,0,1813,348,2161,12586,14747,-0.0218566,0.0945091,-0.995284,2
0,0,0,0,0,2643,598,3241,18720,21961,-0.043116,0.104363,-0.993604,2
0,0,0,0,0,2197,410,2607,17110,19717,-0.0387236,0.0974838,-0.994484,2
0,0,0,0,0,1902,356,2258,16461,18719,-0.0274371,0.0972553,-0.994881,2
0,0,0,0,0,2090,401,2491,22416,24907,-0.0307707,0.080196,-0.996304,2
0,0,0,0,0,5603,1061,6664,30608,37272,-0.026555,0.0813259,-0.996334,2
0,0,0,0,0,1465,285,1750,14792,16542,-0.0282,0.0307247,-0.99913,2
0,0,0,0,0,1406,299,1705,15208,16913,-0.02666,0.0336213,-0.999079,2
0,0,0,0,0,5805,1100,6905,30775,37680,-0.0219224,0.0209261,-0.99954,2
0,0,0,0,0,2450,459,2909,26042,28951,-0.0308067,0.00641707,-0.999505,2
0,0,0,0,0,1805,332,2137,15291,17428,-0.0306682,-0.000804457,-0.999529,2
0,0,0,0,0,1397,292,1689,13890,15579,-0.0317834,-0.00249523,-0.999492,2
0,0,0,0,0,1423,253,1676,14522,16198,-0.0343227,0.0055156,-0.999396,2
0,0,0,0,0,1552,283,1835,16907,18742,-0.0303499,0.0116221,-0.999472,2
0,0,0,0,0,6125,1065,7190,35965,43155,-0.0320543,0.0150771,-0.999373,2
0,0,0,0,0,1674,320,1994,16302,18296,-0.0304485,0.0189364,-0.999357,2
0,0,0,0,0,1356,339,1695,15365,17060,-0.0379864,0.00502438,-0.999266,2
0,0,0,0,0,1365,259,1624,14419,16043,-0.0343821,-0.00751451,-0.999381,2
0,0,0,0,0,1642,303,1945,14853,16798,-0.0309279,-0.0112341,-0.999459,2
0,0,0,0,0,2008,384,2392,17278,19670,-0.0291652,0.000611284,-0.999574,2
0,0,0,0,0,2569,479,3048,24950,27998,-0.0322251,0.00944251,-0.999436,2
0,0,0,0,0,1634,311,1945,15769,17714,-0.0345632,-0.0133916,-0.999313,2
0,0,0,0,0,1693,317,2010,12658,14668,-0.0279224,0.000754669,-0.99961,2
0,0,0,0,0,5893,1038,6931,32792,39723,-0.0300459,-0.000832487,-0.999548,2
0,0,0,0,0,6275,1178,7453,33806,41259,-0.0308847,-0.00232914,-0.999521,2
0,0,0,0,0,1691,316,2007,13969,15976,-0.0328425,0.00606104,-0.999442,2
0,0,0,0,0,1369,295,1664,15139,16803,-0.0340896,0.016389,-0.999285,2
0,0,0,0,0,1357,259,1616,15571,17187,-0.0279238,0.0246929,-0.999305,2
0,0,0,0,0,1581,292,1873,15774,17647,-0.0270682,0.0383147,-0.998899,2
0,0,0,0,0,1710,361,2071,17214,19285,-0.029119,0.0342373,-0.998989,2
0,0,0,0,0,1736,321,2057,20030,22087,-0.0427266,0.0259089,-0.998751,2
0,0,0,0,0,1646,317,1963,18704,20667,-0.03311,0.00853156,-0.999415,2
0,0,0,0,0,6292,1272,7564,29848,37412,-0.03624,0.0290507,-0.998921,2
0,0,0,0,0,1720,312,2032,16194,18226,-0.0353764,-0.000215808,-0.999374,2
0,0,0,0,0,1604,291,1895,15851,17746,-0.0302175,0.00440481,-0.999534,2
0,0,0,0,0,1544,275,1819,15549,17368,-0.0345625,0.0187167,-0.999227,2
0,0,0,0,0,1797,362,2159,20756,22915,-0.0375918,0.0235704,-0.999015,2
0,0,0,0,0,1625,294,1919,18540,20459,-0.0363541,0.0226853,-0.999082,2
0,0,0,0,0,5637,1036,6673,30952,37625,-0.0288699,0.0148201,-0.999473,2
0,0,0,0,0,1636,329,1965,14566,16531,-0.0383552,0.0142531,-0.999163,2
0,0,0,0,0,6263,1154,7417,34459,41876,-0.0285819,0.0242866,-0.999297,2
0,0,0,0,0,1690,312,2002,15742,17744,-0.0336781,0.0339806,-0.998855,2
0,0,0,0,0,1390,283,1673,15320,16993,-0.040817,0.0239005,-0.998881,2
0,0,0,0,0,1419,294,1713,14956,16669,-0.0452956,0.0285623,-0.998566,2
0,0,0,0,0,5127,938,6065,31436,37501,-0.0278177,0.0373227,-0.998916,2
0,0,0,0,0,1485,267,1752,15016,16768,-0.0419499,0.0227628,-0.99886,2
0,0,0,0,0,1466,278,1744,15575,17319,-0.0284397,0.0209934,-0.999375,2
0,0,0,0,0,1735,321,2056,19628,21684,-0.0386317,0.0202721,-0.999048,2
0,0,0,0,0,1770,329,2099,19394,21493,-0.0337439,0.0241861,-0.999138,2
0,0,0,0,0,1511,299,1810,15403,17213,-0.0218633,0.0287997,-0.999346,2
0,0,0,0,0,6298,1219,7517,37217,44734,-0.0365906,0.00497215,-0.999318,2
0,0,0,0,0,1681,323,2004,14617,16621,-0.0298676,0.00538936,-0.999539,2
0,0,0,0,0,1350,323,1673,14401,16074,-0.0300714,0.00534481,-0.999533,2
0,0,0,0,0,1402,261,1663,14021,15684,-0.0302103,0.0029584,-0.99954,2
