Downsample[ns],BuildFilTree[ns],SearchFil[ns],DeleteFil[ns],BuildTreeSub[ns],SearchSub[ns],DeleteSub[ns],PreProcTotal[ns],Plane[ns],Total[ns],nx,ny,nz,planeCount
0,0,0,0,0,7469,1739,9208,19072,28280,-0.14775,0.159318,-0.976109,0
0,0,0,0,0,2207,414,2621,21064,23685,-0.0141652,0.00642983,-0.999879,0
0,0,0,0,0,1564,297,1861,18519,20380,0.00301433,-0.0091921,-0.999953,0
0,0,0,0,0,1837,349,2186,20434,22620,0.0120784,0.00732915,-0.9999,0
0,0,0,0,0,1663,310,1973,22046,24019,0.00788517,0.00096163,-0.999968,0
0,0,0,0,0,1517,292,1809,17937,19746,0.00256237,-0.0157274,-0.999873,0
0,0,0,0,0,1740,321,2061,21846,23907,0.0012948,-0.0128279,-0.999917,0
0,0,0,0,0,1905,316,2221,21180,23401,0.000318215,-0.00486297,-0.999988,0
0,0,0,0,0,1527,288,1815,19798,21613,0.00469463,-0.0140606,-0.99989,0
0,0,0,0,0,6688,1161,7849,31547,39396,0.000811604,-0.00410248,-0.999991,0
0,0,0,0,0,1386,251,1637,17502,19139,0.00154863,0.00120048,-0.999998,0
0,0,0,0,0,6298,1192,7490,32888,40378,0.0151837,-0.00779701,-0.999854,0
0,0,0,0,0,1481,277,1758,17812,19570,0.0123618,-0.00796491,-0.999892,0
0,0,0,0,0,1343,292,1635,17216,18851,0.00281885,-0.0047945,-0.999985,0
0,0,0,0,0,1569,301,1870,18866,20736,-0.00689913,0.0160699,-0.999847,0
0,0,0,0,0,1906,363,2269,23381,25650,-0.00173336,0.00536092,-0.999984,0
0,0,0,0,0,1488,277,1765,17746,19511,-0.00325244,-0.00258649,-0.999991,0
0,0,0,0,0,1568,292,1860,17862,19722,0.00249319,-0.0247987,-0.999689,0
0,0,0,0,0,1622,305,1927,19746,21673,-0.00257182,-0.0213107,-0.99977,0
0,0,0,0,0,1960,364,2324,23085,25409,0.00101095,-0.0301532,-0.999545,0
0,0,0,0,0,1613,302,1915,18814,20729,0.00704283,-0.0323901,-0.999451,0
0,0,0,0,0,1828,339,2167,21075,23242,0.0142677,-0.0325886,-0.999367,0
0,0,0,0,0,1615,300,1915,19162,21077,0.0095647,-0.0185315,-0.999783,0
0,0,0,0,0,1600,299,1899,19859,21758,0.00244974,-0.0151218,-0.999883,0
0,0,0,0,0,1519,286,1805,19853,21658,0.00120984,-0.018245,-0.999833,0
0,0,0,0,0,1616,302,1918,19768,21686,0.00278136,-0.0213094,-0.999769,0
0,0,0,0,0,1571,291,1862,19842,21704,0.00273897,-0.0265832,-0.999643,0
0,0,0,0,0,1951,361,2312,22209,24521,0.0139853,-0.0143249,-0.9998,0
0,0,0,0,0,1647,301,1948,18721,20669,0.00963968,-0.0115844,-0.999886,0
0,0,0,0,0,1563,293,1856,17159,19015,0.0196535,0.00964537,-0.999761,0
0,0,0,0,0,1657,304,1961,19293,21254,0.00721855,0.0297941,-0.99953,0
0,0,0,0,0,1966,389,2355,22400,24755,0.0172563,0.0171059,-0.999705,0
0,0,0,0,0,1533,284,1817,17741,19558,0.0182718,0.0149679,-0.999721,0
0,0,0,0,0,1774,330,2104,19539,21643,0.00434144,0.0502416,-0.998728,0
0,0,0,0,0,1561,294,1855,18580,20435,0.00815722,0.00639959,-0.999946,0
0,0,0,0,0,1835,358,2193,23020,25213,0.0140909,-0.00131516,-0.9999,0
0,0,0,0,0,1623,302,1925,19174,21099,0.00837481,-0.0121311,-0.999891,0
0,0,0,0,0,1538,292,1830,16418,18248,0.00266624,0.0317802,-0.999491,0
0,0,0,0,0,1786,333,2119,22064,24183,-0.00338405,0.0331426,-0.999445,0
0,0,0,0,0,1670,403,2073,17649,19722,-0.00949174,0.0449836,-0.998943,0
0,0,0,0,0,1807,335,2142,20918,23060,-0.0052734,0.0212341,-0.999761,0
0,0,0,0,0,1820,336,2156,23124,25280,0.000500479,0.0116873,-0.999932,0
0,0,0,0,0,1718,319,2037,21525,23562,0.0119659,0.00290664,-0.999925,0
0,0,0,0,0,6234,1178,7412,31590,39002,0.00685881,-0.0188849,-0.999798,0
0,0,0,0,0,1482,276,1758,16706,18464,-0.00213291,-0.0179986,-0.999836,0
0,0,0,0,0,3657,707,4364,28404,32768,0.00705375,-0.0162684,-0.999843,0
0,0,0,0,0,3950,633,4583,26019,30602,0.0210843,-0.0207157,-0.999563,0
0,0,0,0,0,1443,267,1710,15771,17481,0.0232278,0.00392148,-0.999723,0
0,0,0,0,0,1551,290,1841,17725,19566,0.00580184,0.0272747,-0.999611,0
0,0,0,0,0,1527,289,1816,18247,20063,0.000257889,0.00648226,-0.999979,0
0,0,0,0,0,5615,1053,6668,34010,40678,-0.00185644,-0.0202046,-0.999794,0
0,0,0,0,0,1428,268,1696,15510,17206,-0.0165091,0.00705942,-0.999839,0
0,0,0,0,0,1590,301,1891,19327,21218,-0.0118511,-0.000596408,-0.99993,0
0,0,0,0,0,1460,277,1737,16974,18711,-0.0152981,0.00370072,-0.999876,0
0,0,0,0,0,1804,344,2148,20959,23107,-0.0058673,0.0241346,-0.999691,0
0,0,0,0,0,1638,322,1960,22224,24184,0.000588792,0.0211794,-0.999775,0
0,0,0,0,0,1558,296,1854,19159,21013,0.0173589,0.0154185,-0.999731,0
0,0,0,0,0,1361,256,1617,16650,18267,0.0099501,0.0406423,-0.999124,0
0,0,0,0,0,2144,492,2636,23574,26210,0.00630793,0.00470934,-0.999969,0
0,0,0,0,0,1569,298,1867,19437,21304,0.00440085,0.00812344,-0.999957,0
0,0,0,0,0,1516,284,1800,20159,21959,0.00498315,0.00620979,-0.999969,0
0,0,0,0,0,1507,283,1790,19693,21483,-0.00201982,0.00984995,-0.99995,0
0,0,0,0,0,1597,315,1912,20744,22656,0.00464512,0.00357816,-0.999983,0
0,0,0,0,0,1507,283,1790,18847,20637,0.0110915,0.0136495,-0.999845,0
0,0,0,0,0,6083,1140,7223,33412,40635,0.0106509,0.0131351,-0.999857,0
0,0,0,0,0,1464,278,1742,15702,17444,-0.00726526,0.0251651,-0.999657,0
0,0,0,0,0,1516,284,1800,18518,20318,0.00305893,-0.00479992,-0.999984,0
0,0,0,0,0,1749,328,2077,22060,24137,-0.00207233,-0.0114103,-0.999933,0
0,0,0,0,0,6183,1052,7235,29075,36310,0.0107968,-0.0159625,-0.999814,0
0,0,0,0,0,1352,250,1602,15002,16604,-0.00719908,0.0142386,-0.999873,0
0,0,0,0,0,1650,302,1952,18774,20726,-0.00892709,0.0220025,-0.999718,0
0,0,0,0,0,1574,286,1860,18868,20728,-0.00868308,0.000663389,-0.999962,0
0,0,0,0,0,1551,289,1840,16664,18504,0.0175374,-0.00334089,-0.999841,0
0,0,0,0,0,1709,319,2028,19774,21802,0.0204952,-0.00691671,-0.999766,0
0,0,0,0,0,6201,1180,7381,35460,42841,0.0172891,-0.0102571,-0.999798,0
0,0,0,0,0,1468,278,1746,16762,18508,0.00928238,-0.00489292,-0.999945,0
0,0,0,0,0,1627,301,1928,20171,22099,0.00953086,-0.00123841,-0.999954,0
0,0,0,0,0,1603,300,1903,20681,22584,0.012043,-0.00988729,-0.999879,0
0,0,0,0,0,1616,300,1916,20487,22403,0.00684797,0.00494446,-0.999965,0
0,0,0,0,0,1563,309,1872,19753,21625,0.0147931,-0.00521448,-0.999877,0
0,0,0,0,0,1621,301,1922,19962,21884,0.0115289,0.00621329,-0.999914,0
0,0,0,0,0,5500,1030,6530,32512,39042,0.00702503,0.0107799,-0.999917,0
0,0,0,0,0,1399,250,1649,17883,19532,0.00873224,0.0157081,-0.999838,0
0,0,0,0,0,1328,253,1581,16947,18528,0.00969979,0.0332185,-0.999401,0
0,0,0,0,0,1654,309,1963,20774,22737,0.00495864,0.0430767,-0.99906,0
0,0,0,0,0,1879,352,2231,22405,24636,-0.00292463,0.0659192,-0.997821,0
0,0,0,0,0,6035,777,6812,25200,32012,-0.00802773,0.0943327,-0.995509,0
0,0,0,0,0,1736,285,2021,16847,18868,-0.00236008,0.101062,-0.994877,0
0,0,0,0,0,1599,290,1889,17028,18917,0.000244971,0.132121,-0.991234,0
0,0,0,0,0,6273,1144,7417,28677,36094,-0.0125948,0.217507,-0.975978,0
0,0,0,0,0,1788,301,2089,11426,13515,-0.0222697,0.21336,-0.97672,0
0,0,0,0,0,1653,292,1945,11124,13069,-0.0248083,0.246457,-0.968836,0
0,0,0,0,0,2602,462,3064,16199,19263,-0.0494616,0.235418,-0.970635,0
0,0,0,0,0,3653,637,4290,24802,29092,-0.101514,0.241471,-0.965084,0
0,0,0,0,0,2116,374,2490,18077,20567,-0.0884224,0.285554,-0.954275,0
0,0,0,0,0,1497,266,1763,15442,17205,-0.0613322,0.253807,-0.965308,0
0,0,0,0,0,6430,1202,7632,37387,45019,-0.0322509,0.0640649,-0.997424,0
0,0,0,0,0,1587,311,1898,24363,26261,0.032907,-0.0789357,-0.996337,0
0,0,0,0,0,5500,790,6290,35670,41960,0.0134306,0.0759696,-0.99702,0
0,0,0,0,0,1470,277,1747,24904,26651,0.00722873,0.105769,-0.994365,0
0,0,0,0,0,1480,277,1757,25300,27057,0.0504641,0.156577,-0.986376,0
0,0,0,0,0,1823,338,2161,27574,29735,-0.0989143,0.172084,-0.980104,0
0,0,0,0,0,1768,320,2088,26310,28398,0.0261452,0.227794,-0.973358,0
0,0,0,0,0,1817,328,2145,25633,27778,-0.0713338,0.222585,-0.9723,0
0,0,0,0,0,1606,290,1896,25553,27449,-0.0598487,0.242323,-0.968348,0
0,0,0,0,0,1954,333,2287,27444,29731,-0.0472189,0.239671,-0.969705,0
0,0,0,0,0,1622,288,1910,25550,27460,0.0033964,0.31446,-0.949265,0
0,0,0,0,0,1879,338,2217,27081,29298,-0.0756881,0.4033,-0.911932,0
0,0,0,0,0,1540,287,1827,26048,27875,-0.0175702,0.278773,-0.960196,0
0,0,0,0,0,1504,285,1789,28281,30070,-0.0226441,0.239755,-0.97057,0
0,0,0,0,0,1689,318,2007,29499,31506,-0.0531344,0.278937,-0.958838,0
0,0,0,0,0,1646,317,1963,29588,31551,-0.0498127,0.276425,-0.959744,0
0,0,0,0,0,1474,283,1757,26088,27845,-0.0362269,0.213993,-0.976163,0
0,0,0,0,0,2065,352,2417,27978,30395,-0.0352488,0.297404,-0.954101,0
0,0,0,0,0,1809,378,2187,20272,22459,-0.0246959,0.2699,-0.962572,0
0,0,0,0,0,1840,317,2157,8640,10797,-0.00851017,0.171554,-0.985138,0
0,0,0,0,0,3798,719,4517,16010,20527,-0.0174321,0.24823,-0.968544,0
0,0,0,0,0,4983,866,5849,16106,21955,-0.204987,0.652054,-0.729936,0
0,0,0,0,0,2901,515,3416,11143,14559,0.171173,-0.133274,-0.976185,0
0,0,0,0,0,6601,1227,7828,35627,43455,-0.0353093,0.239791,-0.970182,0
0,0,0,0,0,1763,307,2070,32143,34213,-0.0141207,0.252411,-0.967517,0
0,0,0,0,0,1405,250,1655,20194,21849,-0.00751267,0.300045,-0.953895,0
0,0,0,0,0,1572,286,1858,19389,21247,-0.012069,0.41505,-0.909719,0
0,0,0,0,0,1608,288,1896,19000,20896,0.0085882,0.51314,-0.858262,0
0,0,0,0,0,1719,304,2023,27535,29558,0.0305467,0.642557,-0.765629,0
0,0,0,0,0,1673,303,1976,39810,41786,-0.00232868,0.23127,-0.972887,0
0,0,0,0,0,1514,268,1782,23495,25277,-0.00673582,0.156166,-0.987708,0
0,0,0,0,0,1592,284,1876,25928,27804,-0.00796307,0.167018,-0.985922,0
0,0,0,0,0,1567,277,1844,25725,27569,-0.00756722,0.155466,-0.987812,0
0,0,0,0,0,1902,338,2240,29542,31782,-0.0197227,0.206617,-0.978223,0
0,0,0,0,0,1797,317,2114,27824,29938,-0.0322895,0.185574,-0.9821,0
0,0,0,0,0,1659,304,1963,29215,31178,-0.0333119,0.192886,-0.980656,0
0,0,0,0,0,1675,304,1979,28899,30878,-0.0200905,0.270773,-0.962433,0
0,0,0,0,0,3060,557,3617,33840,37457,-0.0119934,0.305442,-0.952135,0
0,0,0,0,0,1451,291,1742,27202,28944,0.00757046,0.292315,-0.956292,0
0,0,0,0,0,1450,284,1734,25612,27346,-0.00817161,0.261904,-0.965059,0
0,0,0,0,0,1570,306,1876,25983,27859,0.0102678,0.314521,-0.949195,0
0,0,0,0,0,1742,342,2084,27127,29211,0.0266614,0.461618,-0.886678,0
0,0,0,0,0,1476,288,1764,24587,26351,-0.00895346,0.383289,-0.923585,0
0,0,0,0,0,1547,298,1845,25210,27055,0.00355396,0.594624,-0.803996,0
0,0,0,0,0,1954,384,2338,30083,32421,0.0671976,0.657011,-0.750881,0
0,0,0,0,0,1463,285,1748,25526,27274,0.0297565,0.439737,-0.897633,0
0,0,0,0,0,1414,275,1689,23261,24950,0.0239321,0.401131,-0.915709,0
0,0,0,0,0,1383,262,1645,17552,19197,0.0421645,0.37348,-0.926679,0
0,0,0,0,0,6239,1215,7454,28212,35666,0.00187837,0.449415,-0.893321,0
0,0,0,0,0,1555,273,1828,7769,9597,-0.0108387,0.453579,-0.89115,0
0,0,0,0,0,2375,406,2781,11002,13783,-0.0321755,0.45474,-0.890043,0
0,0,0,0,0,3174,544,3718,20970,24688,-0.00780086,0.513871,-0.857832,0
0,0,0,0,0,2240,397,2637,19625,22262,-0.0463497,0.518176,-0.854017,0
0,0,0,0,0,1785,316,2101,18251,20352,-0.0630176,0.354271,-0.933017,0
0,0,0,0,0,1832,338,2170,26651,28821,-0.0758351,0.228973,-0.970474,0
0,0,0,0,0,1774,314,2088,25465,27553,-0.0724077,0.252368,-0.964918,0
0,0,0,0,0,1795,320,2115,25815,27930,-0.0524147,0.255168,-0.965475,0
0,0,0,0,0,1925,349,2274,28116,30390,0.0387692,0.287634,-0.956956,0
0,0,0,0,0,1722,306,2028,25792,27820,0.0352548,0.247366,-0.968281,0
0,0,0,0,0,1911,343,2254,29021,31275,-0.0226005,0.269265,-0.962801,0
0,0,0,0,0,1537,290,1827,26159,27986,-0.00900547,0.330801,-0.943658,0
0,0,0,0,0,1743,318,2061,30476,32537,-0.0264607,0.32872,-0.944056,0
0,0,0,0,0,1485,288,1773,28160,29933,-0.00981818,0.360399,-0.932747,0
0,0,0,0,0,1732,332,2064,30363,32427,-0.00507476,0.300199,-0.953863,0
0,0,0,0,0,1474,282,1756,29589,31345,-0.00250646,0.250421,-0.968134,0
0,0,0,0,0,1621,314,1935,28100,30035,-0.00957658,0.264365,-0.964375,0
0,0,0,0,0,1646,304,1950,26939,28889,0.00126487,0.230797,-0.973001,0
0,0,0,0,0,1490,278,1768,22565,24333,-0.000443071,0.228895,-0.973451,0
0,0,0,0,0,1767,324,2091,6673,8764,0.0130752,0.117671,-0.992967,0
0,0,0,0,0,6642,1244,7886,38942,46828,-0.00483213,0.254843,-0.966971,0
0,0,0,0,0,1610,274,1884,7079,8963,0.0306015,-0.143055,-0.989241,0
0,0,0,0,0,1420,315,1735,22716,24451,0.0132219,0.142282,-0.989738,0
0,0,0,0,0,1376,251,1627,16466,18093,-0.420945,0.539375,-0.729301,0
0,0,0,0,0,1657,324,1981,16670,18651,0.0182582,0.124752,-0.99202,0
0,0,0,0,0,2551,456,3007,25839,28846,0.0850502,0.250854,-0.964281,0
0,0,0,0,0,1362,249,1611,12597,14208,0.0892653,0.282156,-0.955207,0
0,0,0,0,0,6174,1121,7295,29417,36712,0.0475784,0.1895,-0.980728,0
0,0,0,0,0,1782,315,2097,14692,16789,0.044922,0.153867,-0.98707,0
0,0,0,0,0,1587,293,1880,19203,21083,0.050156,0.165984,-0.984852,0
0,0,0,0,0,1650,285,1935,22287,24222,0.034562,0.17346,-0.984234,0
0,0,0,0,0,1469,269,1738,23463,25201,0.00940291,0.174751,-0.984568,0
0,0,0,0,0,1823,316,2139,28229,30368,-0.00609404,0.165353,-0.986216,0
0,0,0,0,0,1825,334,2159,28827,30986,-0.0271024,0.16421,-0.986053,0
0,0,0,0,0,1696,284,1980,28354,30334,-0.0297868,0.1417,-0.989461,0
0,0,0,0,0,1890,329,2219,28282,30501,-0.0396548,0.12407,-0.991481,0
0,0,0,0,0,1553,291,1844,26010,27854,-0.0158886,0.106327,-0.994205,0
0,0,0,0,0,1495,282,1777,28838,30615,-0.0407182,0.156909,-0.986774,0
0,0,0,0,0,1471,285,1756,28289,30045,-0.0522628,0.250832,-0.966619,0
0,0,0,0,0,3676,573,4249,34267,38516,-0.074979,0.260726,-0.962497,0
0,0,0,0,0,1517,281,1798,26348,28146,-0.0443016,0.190917,-0.980606,0
0,0,0,0,0,1605,313,1918,27151,29069,-0.0228107,0.32223,-0.946387,0
0,0,0,0,0,1559,328,1887,26340,28227,-0.0182435,0.30749,-0.951376,0
0,0,0,0,0,1485,319,1804,25177,26981,-0.0543617,0.291372,-0.955064,0
0,0,0,0,0,1422,280,1702,24787,26489,-0.0482844,0.249774,-0.9671,0
0,0,0,0,0,5752,1156,6908,43468,50376,-0.103461,0.418586,-0.902265,0
0,0,0,0,0,1367,277,1644,24458,26102,-0.115648,0.33434,-0.93533,0
0,0,0,0,0,1380,276,1656,24734,26390,-0.118146,0.383781,-0.915835,0
0,0,0,0,0,1529,298,1827,26651,28478,-0.105302,0.362656,-0.925955,0
0,0,0,0,0,1790,322,2112,24013,26125,-0.124806,0.324898,-0.937478,0
0,0,0,0,0,1539,307,1846,19525,21371,-0.138284,0.325347,-0.935429,0
0,0,0,0,0,1908,355,2263,19149,21412,-0.166086,0.368845,-0.914532,0
0,0,0,0,0,2220,393,2613,13193,15806,-0.171917,0.38682,-0.905988,0
0,0,0,0,0,3504,611,4115,19797,23912,-0.202031,0.429835,-0.880015,0
0,0,0,0,0,2450,435,2885,18412,21297,-0.2319,0.476405,-0.848093,0
0,0,0,0,0,2159,407,2566,21760,24326,-0.306226,0.599202,-0.739719,0
0,0,0,0,0,2540,448,2988,21452,24440,-0.331991,0.565694,-0.754833,0
0,0,0,0,0,1704,313,2017,18799,20816,-0.191894,0.40909,-0.892089,0
0,0,0,0,0,1820,348,2168,25982,28150,-0.0490169,0.252335,-0.966398,0
0,0,0,0,0,1880,343,2223,27065,29288,-0.167446,0.129018,-0.977403,0
0,0,0,0,0,1836,323,2159,25385,27544,-0.021994,0.19374,-0.980807,0
0,0,0,0,0,1637,311,1948,24857,26805,-0.11612,0.281563,-0.952491,0
0,0,0,0,0,1869,345,2214,27789,30003,-0.186461,0.218254,-0.957913,0
0,0,0,0,0,1706,317,2023,27228,29251,-0.129159,0.204698,-0.970266,0
0,0,0,0,0,1816,353,2169,28326,30495,-0.202974,0.26233,-0.94339,0
0,0,0,0,0,1474,283,1757,29132,30889,-0.146754,0.25173,-0.956606,0
0,0,0,0,0,5458,1049,6507,36696,43203,-0.180872,0.304141,-0.935299,0
0,0,0,0,0,1436,293,1729,27293,29022,-0.134383,0.263522,-0.955247,0
0,0,0,0,0,1432,293,1725,17860,19585,-0.102091,0.225723,-0.968827,0
0,0,0,0,0,1741,310,2051,7337,9388,-0.0413388,0.153599,-0.987268,0
0,0,0,0,0,2383,417,2800,7484,10284,-0.176996,0.315682,-0.932211,0
0,0,0,0,0,6202,981,7183,9436,16619,-0.17396,0.320109,-0.931272,0
0,0,0,0,0,5521,988,6509,13112,19621,-0.134435,0.314736,-0.939611,0
0,0,0,0,0,3194,583,3777,18626,22403,-0.170027,0.326698,-0.929709,0
0,0,0,0,0,2024,398,2422,19759,22181,-0.168833,0.299362,-0.939084,0
0,0,0,0,0,1416,278,1694,14268,15962,-0.0835568,0.120668,-0.98917,0
0,0,0,0,0,1896,372,2268,16754,19022,-0.077699,0.137342,-0.987472,0
0,0,0,0,0,2299,427,2726,24428,27154,-0.104589,0.16833,-0.980166,0
0,0,0,0,0,1665,293,1958,21735,23693,-0.0981327,0.168483,-0.980808,0
0,0,0,0,0,1520,288,1808,24730,26538,-0.0620643,0.11595,-0.991314,0
0,0,0,0,0,1737,330,2067,27959,30026,-0.102837,0.152416,-0.982952,0
0,0,0,0,0,1576,322,1898,26070,27968,-0.114533,0.148513,-0.982256,0
0,0,0,0,0,1635,304,1939,27822,29761,-0.0997912,0.134687,-0.985851,0
0,0,0,0,0,1752,329,2081,30400,32481,-0.125927,0.16775,-0.977754,0
0,0,0,0,0,1704,329,2033,30004,32037,-0.160003,0.177161,-0.971089,0
0,0,0,0,0,1427,282,1709,29529,31238,-0.15188,0.182307,-0.97144,0
0,0,0,0,0,1548,309,1857,29808,31665,-0.116001,0.161369,-0.980053,0
0,0,0,0,0,3294,666,3960,37183,41143,-0.176513,0.284642,-0.942243,0
0,0,0,0,0,1354,289,1643,26403,28046,-0.0868877,0.179672,-0.979882,0
0,0,0,0,0,4618,993,5611,36962,42573,-0.0952637,0.219623,-0.970923,0
0,0,0,0,0,1332,279,1611,24524,26135,-0.0952837,0.307626,-0.946725,0
0,0,0,0,0,1484,316,1800,24490,26290,-0.0956834,0.374316,-0.922351,0
0,0,0,0,0,1621,329,1950,25946,27896,-0.106972,0.421297,-0.900592,0
0,0,0,0,0,1481,319,1800,23751,25551,-0.281557,0.548186,-0.787539,0
0,0,0,0,0,1594,324,1918,26522,28440,-0.183961,0.361846,-0.913907,0
0,0,0,0,0,5387,888,6275,35847,42122,-0.219699,0.421419,-0.879851,0
0,0,0,0,0,1322,280,1602,24984,26586,-0.149431,0.317161,-0.936525,0
0,0,0,0,0,1314,282,1596,23618,25214,-0.130712,0.301356,-0.94451,0
0,0,0,0,0,1541,286,1827,19025,20852,-0.128135,0.30919,-0.942328,0
0,0,0,0,0,1358,376,1734,13433,15167,-0.140791,0.274516,-0.95122,0
0,0,0,0,0,1779,342,2121,12397,14518,-0.144923,0.30537,-0.941141,0
0,0,0,0,0,3785,734,4519,20938,25457,-0.120357,0.354988,-0.927091,0
0,0,0,0,0,2573,482,3055,21035,24090,-0.0421551,0.275853,-0.960275,0
0,0,0,0,0,1450,292,1742,21041,22783,-0.09266,0.208836,-0.973551,0
0,0,0,0,0,5767,1153,6920,38813,45733,-0.112566,0.254775,-0.960426,0
0,0,0,0,0,1450,283,1733,23787,25520,-0.137217,0.108604,-0.984569,0
0,0,0,0,0,1434,280,1714,23645,25359,-0.118655,0.113059,-0.986478,0
0,0,0,0,0,1705,322,2027,25992,28019,-0.194647,0.230334,-0.953446,0
0,0,0,0,0,1532,284,1816,24027,25843,0.0220266,0.138828,-0.990072,0
0,0,0,0,0,1742,333,2075,27021,29096,-0.030054,0.179166,-0.98336,0
0,0,0,0,0,1758,314,2072,27659,29731,-0.0895082,0.269519,-0.958826,0
0,0,0,0,0,1620,318,1938,26852,28790,-0.125814,0.298379,-0.946119,0
0,0,0,0,0,1787,339,2126,30260,32386,-0.190322,0.297659,-0.935509,0
0,0,0,0,0,1464,278,1742,26804,28546,-0.178024,0.325274,-0.928711,0
0,0,0,0,0,1615,312,1927,26447,28374,-0.201642,0.360462,-0.910718,0
0,0,0,0,0,1671,307,1978,16175,18153,-0.180745,0.331042,-0.926144,0
0,0,0,0,0,1865,326,2191,5346,7537,-0.208858,0.40461,-0.89032,0
0,0,0,0,0,4351,767,5118,8269,13387,-0.225043,0.462072,-0.857814,0
0,0,0,0,0,6147,1115,7262,13061,20323,-0.221449,0.395401,-0.891414,0
0,0,0,0,0,4183,791,4974,8486,13460,-0.150255,0.253915,-0.955485,0
0,0,0,0,0,2431,460,2891,12766,15657,-0.164928,0.35793,-0.919067,0
0,0,0,0,0,5857,1141,6998,28842,35840,-0.187472,0.436346,-0.880033,0
0,0,0,0,0,1807,356,2163,19742,21905,-0.217396,0.367751,-0.904156,0
0,0,0,0,0,1431,294,1725,18736,20461,-0.0818816,0.150647,-0.985191,0
0,0,0,0,0,1528,290,1818,18175,19993,-0.0782054,0.155965,-0.984662,0
0,0,0,0,0,5789,1111,6900,34103,41003,-0.10441,0.218053,-0.970336,0
0,0,0,0,0,1535,295,1830,23526,25356,-0.0909685,0.178827,-0.979666,0
0,0,0,0,0,1448,275,1723,26003,27726,-0.0680017,0.164248,-0.984072,0
0,0,0,0,0,1758,341,2099,29227,31326,-0.0559182,0.139794,-0.9886,0
0,0,0,0,0,1445,277,1722,27956,29678,-0.0674763,0.135917,-0.98842,0
0,0,0,0,0,1436,283,1719,28708,30427,-0.0827754,0.160874,-0.983498,0
0,0,0,0,0,1664,411,2075,28899,30974,-0.0678693,0.114736,-0.991075,0
0,0,0,0,0,1433,328,1761,26690,28451,-0.0625019,0.152356,-0.986347,0
0,0,0,0,0,1572,327,1899,30509,32408,-0.101468,0.22687,-0.968625,0
0,0,0,0,0,1385,280,1665,26449,28114,-0.0622346,0.254645,-0.96503,0
0,0,0,0,0,5374,820,6194,37534,43728,-0.0420072,0.369161,-0.928416,0
0,0,0,0,0,1551,325,1876,25686,27562,-0.0345773,0.386847,-0.921496,0
0,0,0,0,0,1493,338,1831,25124,26955,-0.0159377,0.420261,-0.907263,0
0,0,0,0,0,1388,295,1683,23736,25419,-0.0242558,0.334336,-0.942142,0
0,0,0,0,0,1334,286,1620,23595,25215,-0.0468109,0.321649,-0.945701,0
0,0,0,0,0,1571,339,1910,27045,28955,-0.0615269,0.410207,-0.909915,0
0,0,0,0,0,1647,346,1993,27047,29040,-0.0359479,0.418042,-0.907716,0
0,0,0,0,0,1289,279,1568,20896,22464,-0.0453712,0.359997,-0.93185,0
0,0,0,0,0,1563,328,1891,19613,21504,-0.0423437,0.357491,-0.932956,0
0,0,0,0,0,1664,329,1993,14640,16633,-0.0716102,0.296818,-0.952245,0
0,0,0,0,0,5932,1132,7064,21940,29004,-0.110938,0.439058,-0.891584,0
0,0,0,0,0,2196,410,2606,11388,13994,-0.130215,0.503768,-0.853968,0
0,0,0,0,0,6175,1142,7317,21286,28603,-0.153589,0.559486,-0.814485,0
0,0,0,0,0,1934,364,2298,15391,17689,-0.155374,0.500771,-0.851521,0
0,0,0,0,0,1803,343,2146,21896,24042,-0.0831736,0.445625,-0.891348,0
0,0,0,0,0,1638,315,1953,25413,27366,0.0475302,0.230822,-0.971835,0
0,0,0,0,0,1526,286,1812,23713,25525,-0.115006,0.190325,-0.974962,0
0,0,0,0,0,1877,336,2213,26810,29023,0.0178307,0.269181,-0.962925,0
0,0,0,0,0,1539,290,1829,25173,27002,-0.11697,0.311764,-0.942932,0
0,0,0,0,0,5734,1084,6818,38176,44994,-0.118353,0.343013,-0.931845,0
0,0,0,0,0,1494,286,1780,28987,30767,-0.059084,0.290395,-0.955081,0
0,0,0,0,0,1512,285,1797,28730,30527,-0.0633846,0.33132,-0.941387,0
0,0,0,0,0,1544,298,1842,28271,30113,-0.0443593,0.330812,-0.942653,0
0,0,0,0,0,1679,316,1995,27851,29846,-0.0344042,0.272147,-0.96164,0
0,0,0,0,0,1558,294,1852,20150,22002,-0.0405712,0.270861,-0.961763,0
0,0,0,0,0,5841,1049,6890,10607,17497,-0.0165626,0.168114,-0.985628,0
0,0,0,0,0,2541,476,3017,10173,13190,-0.0228465,0.280988,-0.959439,0
0,0,0,0,0,3569,637,4206,12278,16484,-0.0185363,0.305607,-0.951977,0
0,0,0,0,0,4659,826,5485,17134,22619,-0.0180209,0.304803,-0.952245,0
0,0,0,0,0,2556,488,3044,19576,22620,-0.0502216,0.461704,-0.885611,0
0,0,0,0,0,1617,325,1942,18162,20104,-0.0641733,0.560195,-0.825871,0
0,0,0,0,0,5401,1091,6492,59123,65615,-0.0497481,0.434548,-0.899274,0
0,0,0,0,0,1351,271,1622,16420,18042,-0.0453196,0.357548,-0.932795,0
0,0,0,0,0,1402,284,1686,20355,22041,-0.039842,0.281596,-0.958706,0
0,0,0,0,0,1444,269,1713,23416,25129,-0.03305,0.226167,-0.973528,0
0,0,0,0,0,1473,278,1751,26354,28105,-0.0187194,0.181288,-0.983252,0
0,0,0,0,0,6018,846,6864,38608,45472,-0.012634,0.194668,-0.980788,0
0,0,0,0,0,1478,280,1758,26877,28635,-0.00431194,0.129659,-0.991549,0
0,0,0,0,0,1450,290,1740,27650,29390,-0.0155939,0.114914,-0.993253,0
0,0,0,0,0,1652,314,1966,31233,33199,-0.0399819,0.174448,-0.983854,0
0,0,0,0,0,1503,307,1810,30114,31924,-0.0444698,0.215034,-0.975594,0
0,0,0,0,0,1448,315,1763,28219,29982,-0.0414312,0.206318,-0.977608,0
0,0,0,0,0,1413,287,1700,28247,29947,-0.0289474,0.272509,-0.961717,0
0,0,0,0,0,1519,328,1847,26496,28343,-0.0105458,0.432037,-0.901794,0
0,0,0,0,0,5521,839,6360,37047,43407,-0.0397928,0.446149,-0.894074,0
0,0,0,0,0,1367,290,1657,24524,26181,0.0641055,0.397202,-0.91549,0
0,0,0,0,0,1448,307,1755,24102,25857,0.00556448,0.310612,-0.950521,0
0,0,0,0,0,1366,285,1651,24439,26090,-0.0621659,0.355123,-0.93275,0
0,0,0,0,0,1603,341,1944,26153,28097,-0.0226252,0.358921,-0.933094,0
0,0,0,0,0,1515,312,1827,26370,28197,-0.0176756,0.414993,-0.909652,0
0,0,0,0,0,1373,307,1680,25677,27357,-0.000837226,0.397712,-0.91751,0
0,0,0,0,0,1528,320,1848,23006,24854,0.0321482,0.393426,-0.918794,0
0,0,0,0,0,1424,291,1715,16726,18441,0.0344839,0.362945,-0.931173,0
0,0,0,0,0,1688,331,2019,14267,16286,-0.00473862,0.37186,-0.928277,0
0,0,0,0,0,2475,461,2936,13326,16262,0.00848556,0.365394,-0.930815,0
0,0,0,0,0,3493,643,4136,25260,29396,0.0101937,0.353237,-0.935478,0
0,0,0,0,0,2006,396,2402,24262,26664,0.0428871,0.236596,-0.970661,0
0,0,0,0,0,1425,277,1702,22192,23894,0.0141807,0.16407,-0.986347,0
0,0,0,0,0,1586,313,1899,25685,27584,0.0355293,0.194927,-0.980174,0
0,0,0,0,0,1725,339,2064,26069,28133,0.0366586,-0.0153682,-0.99921,0
0,0,0,0,0,1679,320,1999,26264,28263,0.0692546,0.132301,-0.988787,0
0,0,0,0,0,1828,336,2164,26377,28541,0.0638739,0.135084,-0.988773,0
0,0,0,0,0,1859,345,2204,27207,29411,-0.0506349,0.285646,-0.956997,0
0,0,0,0,0,1586,297,1883,27091,28974,0.00775077,0.232402,-0.972589,0
0,0,0,0,0,1699,329,2028,28933,30961,-0.0466127,0.433257,-0.900064,0
0,0,0,0,0,1548,282,1830,28890,30720,-0.0255278,0.334001,-0.942227,0
0,0,0,0,0,1592,349,1941,27307,29248,-0.0230962,0.348777,-0.936921,0
0,0,0,0,0,1778,337,2115,28594,30709,-0.0274572,0.334548,-0.941979,0
0,0,0,0,0,1806,309,2115,15882,17997,-0.04432,0.364253,-0.930245,0
0,0,0,0,0,1854,317,2171,4697,6868,-0.0686283,0.458807,-0.885882,0
0,0,0,0,0,3927,678,4605,6512,11117,-0.0398781,0.435249,-0.899427,0
0,0,0,0,0,6450,1131,7581,10942,18523,-0.0270662,0.516747,-0.85571,0
0,0,0,0,0,3396,621,4017,12136,16153,0.06489,0.307816,-0.949231,0
0,0,0,0,0,2787,494,3281,20212,23493,0.0695065,0.324024,-0.943492,0
0,0,0,0,0,1654,328,1982,12467,14449,0.0934043,0.368206,-0.925041,0
0,0,0,0,0,2316,430,2746,18076,20822,0.0762898,0.386684,-0.919051,0
0,0,0,0,0,6261,1066,7327,22377,29704,0.0903775,0.387977,-0.917227,0
0,0,0,0,0,1600,288,1888,9368,11256,0.119779,0.367853,-0.922137,0
0,0,0,0,0,2007,470,2477,13618,16095,0.142834,0.263277,-0.954088,0
0,0,0,0,0,2228,395,2623,12899,15522,0.169212,0.245708,-0.954461,0
0,0,0,0,0,2791,526,3317,15296,18613,0.197662,0.236994,-0.951191,0
0,0,0,0,0,2779,510,3289,14979,18268,0.211023,0.232176,-0.949507,0
0,0,0,0,0,2074,339,2413,9668,12081,0.20199,0.236743,-0.950344,0
0,0,0,0,0,1769,344,2113,10316,12429,0.180736,0.246029,-0.952263,0
0,0,0,0,0,2920,534,3454,18152,21606,0.144334,0.26003,-0.954753,0
0,0,0,0,0,2535,441,2976,14888,17864,0.137763,0.306295,-0.941915,0
0,0,0,0,0,2326,437,2763,17456,20219,0.101728,0.340655,-0.934669,0
0,0,0,0,0,2019,377,2396,17308,19704,0.0622589,0.397006,-0.915702,0
0,0,0,0,0,1789,327,2116,19378,21494,0.0337423,0.433574,-0.900486,0
0,0,0,0,0,7166,1208,8374,26173,34547,-0.00416488,0.523402,-0.852076,0
0,0,0,0,0,1564,283,1847,14846,16693,-0.00269279,0.561157,-0.827705,0
0,0,0,0,0,1578,277,1855,16347,18202,-0.0158185,0.621408,-0.783328,0
0,0,0,0,0,1870,313,2183,18962,21145,0.0162821,0.0946562,-0.995377,0
0,0,0,0,0,1962,366,2328,30050,32378,0.0204463,0.122855,-0.992214,0
0,0,0,0,0,1573,349,1922,26737,28659,0.0134567,0.124044,-0.992186,0
0,0,0,0,0,1719,317,2036,26430,28466,-0.00620435,0.11721,-0.993088,0
0,0,0,0,0,1905,355,2260,30322,32582,-0.0296906,0.140005,-0.989706,0
0,0,0,0,0,1579,282,1861,29104,30965,-0.0288204,0.141798,-0.989476,0
0,0,0,0,0,1790,339,2129,28994,31123,-0.0354594,0.344316,-0.938184,0
0,0,0,0,0,1410,284,1694,28911,30605,-0.0383032,0.331612,-0.942638,0
0,0,0,0,0,1392,291,1683,28094,29777,-0.0313152,0.297797,-0.954115,0
0,0,0,0,0,1380,343,1723,25888,27611,-0.0249134,0.243784,-0.969509,0
0,0,0,0,0,1369,288,1657,24817,26474,0.0351249,0.248977,-0.967872,0
0,0,0,0,0,1411,288,1699,23639,25338,0.118027,0.352354,-0.928394,0
0,0,0,0,0,1581,324,1905,24787,26692,0.0262685,0.386459,-0.921932,0
0,0,0,0,0,1380,334,1714,23799,25513,0.0391886,0.368513,-0.928796,0
0,0,0,0,0,1730,354,2084,26683,28767,0.121102,0.432755,-0.893341,0
0,0,0,0,0,1389,281,1670,23443,25113,0.0458721,0.427029,-0.903074,0
0,0,0,0,0,1377,335,1712,23947,25659,0.0503971,0.403749,-0.913481,0
0,0,0,0,0,5691,1175,6866,38115,44981,0.0249829,0.466494,-0.884172,0
0,0,0,0,0,1311,267,1578,17335,18913,0.037588,0.314822,-0.948406,0
0,0,0,0,0,1376,274,1650,13806,15456,0.015775,0.341603,-0.939712,0
0,0,0,0,0,2100,364,2464,12622,15086,-0.00226039,0.356134,-0.934432,0
0,0,0,0,0,6295,1139,7434,25228,32662,-0.0183763,0.47652,-0.878972,0
0,0,0,0,0,1704,326,2030,9744,11774,-0.0346906,0.474858,-0.879379,0
0,0,0,0,0,1652,302,1954,11848,13802,-0.0262434,0.447151,-0.894074,0
0,0,0,0,0,2540,472,3012,24761,27773,-0.0398574,0.453176,-0.89053,0
0,0,0,0,0,1916,367,2283,23347,25630,0.00229428,0.335808,-0.941928,0
0,0,0,0,0,1456,282,1738,23520,25258,0.11077,0.150054,-0.982453,0
0,0,0,0,0,1576,314,1890,24650,26540,0.106692,0.127829,-0.986041,0
0,0,0,0,0,1748,339,2087,25519,27606,-0.037248,0.1309,-0.990696,0
0,0,0,0,0,1646,317,1963,25418,27381,0.057374,0.292921,-0.954413,0
0,0,0,0,0,1746,332,2078,27250,29328,-0.0537898,0.27609,-0.959625,0
0,0,0,0,0,1652,321,1973,27325,29298,-0.0128844,0.21998,-0.97542,0
0,0,0,0,0,1779,345,2124,28248,30372,-0.00137643,0.397026,-0.917806,0
0,0,0,0,0,1796,334,2130,28633,30763,-0.0128791,0.388812,-0.921227,0
0,0,0,0,0,1476,332,1808,29155,30963,0.00191335,0.347174,-0.937799,0
0,0,0,0,0,1768,332,2100,28961,31061,6.83078e-05,0.307399,-0.951581,0
0,0,0,0,0,1467,307,1774,15716,17490,0.0199181,0.208275,-0.977867,0
0,0,0,0,0,1929,339,2268,9106,11374,0.0189231,0.196883,-0.980245,0
0,0,0,0,0,3061,572,3633,32588,36221,0.0596342,0.37206,-0.926291,0
0,0,0,0,0,1456,262,1718,15418,17136,0.0615463,-0.222235,-0.973048,0
0,0,0,0,0,1809,342,2151,16822,18973,-0.000901984,0.199809,-0.979835,0
0,0,0,0,0,1973,364,2337,23962,26299,0.00289882,0.346328,-0.938109,0
0,0,0,0,0,4184,787,4971,32631,37602,0.0282433,0.528841,-0.84825,0
0,0,0,0,0,1880,354,2234,14386,16620,0.0102186,0.226095,-0.974052,0
0,0,0,0,0,1359,259,1618,16506,18124,0.0157806,0.16081,-0.986859,0
0,0,0,0,0,1415,265,1680,19952,21632,0.0257821,0.166821,-0.98565,0
0,0,0,0,0,2019,371,2390,30534,32924,0.0167854,0.186245,-0.98236,0
0,0,0,0,0,1502,339,1841,27157,28998,0.0194139,0.178268,-0.983791,0
0,0,0,0,0,1906,339,2245,28184,30429,0.0205311,0.153738,-0.987898,0
0,0,0,0,0,1698,319,2017,28870,30887,-0.00243755,0.12058,-0.992701,0
0,0,0,0,0,1762,305,2067,26312,28379,-0.00174571,0.120562,-0.992704,0
0,0,0,0,0,1482,287,1769,28288,30057,0.0336891,0.205656,-0.978044,0
0,0,0,0,0,1611,284,1895,27642,29537,0.0324584,0.225873,-0.973616,0
0,0,0,0,0,1596,298,1894,29023,30917,0.026634,0.2336,-0.971968,0
0,0,0,0,0,1527,314,1841,26650,28491,0.0138254,0.178667,-0.983812,0
0,0,0,0,0,1409,380,1789,25784,27573,0.0246926,0.204739,-0.978505,0
0,0,0,0,0,1550,395,1945,26229,28174,0.0804525,0.254528,-0.963713,0
0,0,0,0,0,1559,314,1873,25274,27147,0.0538366,0.423522,-0.904285,0
0,0,0,0,0,1573,308,1881,25268,27149,0.102123,0.30333,-0.947398,0
0,0,0,0,0,1551,386,1937,24484,26421,0.14106,0.365862,-0.919917,0
0,0,0,0,0,1728,337,2065,25127,27192,0.0682714,0.376311,-0.923975,0
0,0,0,0,0,1541,330,1871,25754,27625,0.0712237,0.40247,-0.912658,0
0,0,0,0,0,1648,328,1976,26952,28928,0.0613277,0.388746,-0.919302,0
0,0,0,0,0,1357,277,1634,24048,25682,0.0460469,0.387155,-0.920864,0
0,0,0,0,0,1506,302,1808,19967,21775,0.0334208,0.328606,-0.943876,0
0,0,0,0,0,1562,306,1868,15772,17640,0.0330239,0.357972,-0.933149,0
0,0,0,0,0,1869,331,2200,12086,14286,0.0176875,0.293877,-0.955679,0
0,0,0,0,0,2434,418,2852,19773,22625,0.0229523,0.412646,-0.910602,0
0,0,0,0,0,2127,371,2498,15604,18102,0.0405493,0.434276,-0.899867,0
0,0,0,0,0,1946,356,2302,15162,17464,0.0675531,0.43899,-0.895949,0
0,0,0,0,0,2334,416,2750,22549,25299,0.0639439,0.303361,-0.950728,0
0,0,0,0,0,1735,305,2040,25562,27602,0.0923795,0.145416,-0.985048,0
0,0,0,0,0,1992,399,2391,26407,28798,0.0979392,0.239435,-0.96596,0
0,0,0,0,0,5608,775,6383,34981,41364,0.08445,0.255144,-0.963208,0
0,0,0,0,0,1910,355,2265,29382,31647,-0.0595306,0.356381,-0.932443,0
0,0,0,0,0,1541,286,1827,24289,26116,0.0316173,0.253795,-0.966741,0
0,0,0,0,0,1527,320,1847,25959,27806,-0.0107978,0.371019,-0.928562,0
0,0,0,0,0,1563,287,1850,26880,28730,-0.00269809,0.333241,-0.942838,0
0,0,0,0,0,1719,335,2054,29465,31519,0.0142005,0.35161,-0.936039,0
0,0,0,0,0,1485,282,1767,27960,29727,0.0319076,0.345625,-0.93783,0
0,0,0,0,0,6201,1156,7357,51097,58454,0.0633698,0.489065,-0.869943,0
0,0,0,0,0,1477,282,1759,26395,28154,0.0461206,0.403481,-0.913825,0
0,0,0,0,0,1472,264,1736,11362,13098,0.0307751,0.311785,-0.949654,0
0,0,0,0,0,1437,266,1703,8345,10048,0.0649127,0.649153,-0.757883,0
0,0,0,0,0,1395,246,1641,2315,3956,0.000212601,0.529077,-0.848573,0
0,0,0,0,0,2722,477,3199,6844,10043,0.0935001,-0.00580848,-0.995603,0
0,0,0,0,0,6289,1206,7495,31645,39140,0.0169458,0.258979,-0.965734,0
0,0,0,0,0,1761,309,2070,11899,13969,-0.000315781,0.156566,-0.987668,0
0,0,0,0,0,1619,322,1941,9812,11753,0.018346,0.141131,-0.989821,0
0,0,0,0,0,1982,400,2382,19820,22202,0.050279,0.165897,-0.984861,0
0,0,0,0,0,1926,371,2297,18209,20506,0.0508482,0.119829,-0.991492,0
0,0,0,0,0,1910,355,2265,28379,30644,0.0555261,0.179249,-0.982236,0
0,0,0,0,0,6782,1293,8075,48686,56761,0.0549444,0.336031,-0.940247,0
0,0,0,0,0,1562,283,1845,25770,27615,0.0383966,0.337956,-0.940378,0
0,0,0,0,0,1515,284,1799,27422,29221,0.0172054,0.265923,-0.963841,0
0,0,0,0,0,1485,285,1770,28175,29945,0.00175862,0.197681,-0.980265,0
0,0,0,0,0,1641,318,1959,28389,30348,0.0197246,0.206607,-0.978225,0
0,0,0,0,0,1631,327,1958,28730,30688,0.0321477,0.267224,-0.963098,0
0,0,0,0,0,1389,290,1679,28734,30413,0.0534032,0.295732,-0.953777,0
0,0,0,0,0,1366,305,1671,26373,28044,0.0820549,0.374349,-0.92365,0
0,0,0,0,0,2549,563,3112,40842,43954,0.165905,0.501556,-0.849069,0
0,0,0,0,0,1364,288,1652,23918,25570,0.125341,0.531383,-0.837808,0
0,0,0,0,0,1382,287,1669,24035,25704,0.151671,0.682979,-0.714518,0
0,0,0,0,0,1404,283,1687,23539,25226,0.0744462,0.451052,-0.889387,0
0,0,0,0,0,1554,316,1870,25066,26936,0.0860806,0.488368,-0.868382,0
0,0,0,0,0,1567,350,1917,26662,28579,0.0518798,0.422763,-0.904755,0
0,0,0,0,0,5084,1072,6156,37190,43346,0.0702987,0.411222,-0.90882,0
0,0,0,0,0,1307,312,1619,19094,20713,0.0636908,0.35907,-0.931135,0
0,0,0,0,0,1290,257,1547,13421,14968,0.065322,0.326541,-0.942923,0
0,0,0,0,0,6256,1163,7419,25814,33233,0.096482,0.392659,-0.914609,0
0,0,0,0,0,1691,316,2007,9563,11570,0.109602,0.349625,-0.930457,0
0,0,0,0,0,6532,1205,7737,29409,37146,0.199692,0.515842,-0.833085,0
0,0,0,0,0,1975,324,2299,13392,15691,0.158803,0.416778,-0.895029,0
0,0,0,0,0,6721,1116,7837,29205,37042,0.189029,0.454566,-0.870424,0
0,0,0,0,0,1471,282,1753,23130,24883,0.12436,0.139369,-0.982401,0
0,0,0,0,0,1818,345,2163,26052,28215,0.00159699,0.20395,-0.97898,0
0,0,0,0,0,1817,308,2125,25290,27415,0.140306,0.188545,-0.97199,0
0,0,0,0,0,1641,293,1934,24963,26897,0.02885,0.264262,-0.964019,0
0,0,0,0,0,1735,314,2049,26654,28703,0.0568273,0.315754,-0.947138,0
0,0,0,0,0,1660,306,1966,26189,28155,0.158612,0.253117,-0.954345,0
0,0,0,0,0,1748,335,2083,29071,31154,0.10116,0.229381,-0.968066,0
0,0,0,0,0,1510,344,1854,28247,30101,0.107909,0.230119,-0.967161,0
0,0,0,0,0,1638,296,1934,27346,29280,0.136813,0.302509,-0.943276,0
0,0,0,0,0,1645,312,1957,26306,28263,0.115124,0.306786,-0.944791,0
0,0,0,0,0,1512,271,1783,14514,16297,0.103955,0.259593,-0.960106,0
0,0,0,0,0,1926,304,2230,7788,10018,0.0817935,0.194769,-0.977433,0
0,0,0,0,0,2978,542,3520,17560,21080,0.20319,0.566844,-0.798374,0
0,0,0,0,0,3029,547,3576,12625,16201,0.0482875,-0.0999677,-0.993818,0
0,0,0,0,0,3649,731,4380,32397,36777,0.0918725,0.224434,-0.970149,0
0,0,0,0,0,1393,263,1656,19147,20803,0.111066,0.267237,-0.957209,0
0,0,0,0,0,6223,1168,7391,35138,42529,0.152456,0.52305,-0.838556,0
0,0,0,0,0,1701,332,2033,17195,19228,0.145976,0.506079,-0.850044,0
0,0,0,0,0,1383,372,1755,17796,19551,0.183155,0.531662,-0.826916,0
0,0,0,0,0,1546,277,1823,16726,18549,0.230467,0.641833,-0.731393,0
0,0,0,0,0,1461,257,1718,41503,43221,0.0727196,0.193871,-0.978328,0
0,0,0,0,0,1519,304,1823,22676,24499,0.065418,0.152131,-0.986193,0
0,0,0,0,0,1998,345,2343,26108,28451,0.049839,0.124501,-0.990967,0
0,0,0,0,0,7996,1339,9335,46635,55970,0.115448,0.430488,-0.895183,0
0,0,0,0,0,1556,290,1846,26957,28803,0.0961637,0.350335,-0.931675,0
0,0,0,0,0,1547,290,1837,26908,28745,0.0683793,0.285954,-0.955801,0
0,0,0,0,0,1535,289,1824,26488,28312,0.0657617,0.287283,-0.955586,0
0,0,0,0,0,5577,783,6360,39020,45380,0.115984,0.468329,-0.875909,0
0,0,0,0,0,1495,287,1782,26258,28040,0.147484,0.481963,-0.86369,0
0,0,0,0,0,1467,309,1776,25002,26778,0.0986106,0.424267,-0.900152,0
0,0,0,0,0,1443,288,1731,24526,26257,0.0810673,0.368253,-0.926185,0
0,0,0,0,0,1480,293,1773,24586,26359,0.0977459,0.36195,-0.927059,0
0,0,0,0,0,1461,294,1755,24450,26205,0.17166,0.580444,-0.796001,0
0,0,0,0,0,1579,319,1898,25343,27241,0.160513,0.41137,-0.897223,0
0,0,0,0,0,1543,314,1857,26040,27897,0.13267,0.391816,-0.910428,0
0,0,0,0,0,1662,346,2008,27988,29996,0.117479,0.390781,-0.912956,0
0,0,0,0,0,1579,280,1859,19871,21730,0.105626,0.318236,-0.942109,0
0,0,0,0,0,1516,302,1818,17020,18838,0.11548,0.380799,-0.917419,0
0,0,0,0,0,1635,332,1967,12576,14543,0.0775749,0.350405,-0.93338,0
0,0,0,0,0,2696,453,3149,16663,19812,0.0788467,0.421013,-0.903621,0
0,0,0,0,0,2552,497,3049,18234,21283,0.0783202,0.422294,-0.903069,0
0,0,0,0,0,1919,358,2277,17116,19393,0.0451327,0.378561,-0.924476,0
0,0,0,0,0,1964,371,2335,26525,28860,0.0557878,0.297802,-0.952996,0
0,0,0,0,0,1494,288,1782,24203,25985,0.11799,0.111958,-0.986683,0
0,0,0,0,0,1535,292,1827,24117,25944,0.0767994,0.0885464,-0.993107,0
0,0,0,0,0,1790,327,2117,26428,28545,-0.0420632,0.218655,-0.974895,0
0,0,0,0,0,1837,335,2172,27305,29477,0.00898858,0.284191,-0.958726,0
0,0,0,0,0,1603,286,1889,24769,26658,0.0713563,0.356765,-0.931465,0
0,0,0,0,0,1845,345,2190,29858,32048,0.0425173,0.334704,-0.941363,0
0,0,0,0,0,1680,324,2004,28310,30314,0.0233065,0.233755,-0.972016,0
0,0,0,0,0,1696,313,2009,30325,32334,0.000917809,0.358376,-0.933577,0
0,0,0,0,0,1630,305,1935,30199,32134,-0.00427516,0.320384,-0.947278,0
0,0,0,0,0,1713,324,2037,27132,29169,-0.0118329,0.282813,-0.959102,0
0,0,0,0,0,1515,274,1789,14613,16402,-0.0100407,0.234758,-0.972002,0
0,0,0,0,0,1771,309,2080,14010,16090,-0.0366081,0.380621,-0.924006,0
0,0,0,0,0,1852,335,2187,5851,8038,-0.216518,0.658155,-0.721077,0
0,0,0,0,0,4317,775,5092,10398,15490,0.0103617,0.129865,-0.991478,0
0,0,0,0,0,5564,1079,6643,47425,54068,0.00581593,0.333137,-0.94286,0
0,0,0,0,0,1307,247,1554,10562,12116,-0.015221,0.366516,-0.930287,0
0,0,0,0,0,1516,296,1812,13414,15226,-0.0225392,0.489078,-0.871949,0
0,0,0,0,0,2023,343,2366,21884,24250,-0.073237,0.628557,-0.774308,0
0,0,0,0,0,1670,301,1971,22107,24078,-0.119787,0.662806,-0.739147,0
0,0,0,0,0,1809,320,2129,44463,46592,-0.0358838,0.204761,-0.978154,0
0,0,0,0,0,1594,289,1883,25801,27684,-0.0291907,0.148536,-0.988476,0
0,0,0,0,0,1559,338,1897,27076,28973,-0.0332477,0.159798,-0.98659,0
0,0,0,0,0,1659,311,1970,27352,29322,-0.0201884,0.184616,-0.982603,0
0,0,0,0,0,1710,322,2032,29342,31374,-0.0290139,0.20918,-0.977447,0
0,0,0,0,0,1628,314,1942,28969,30911,-0.0394767,0.242486,-0.969351,0
0,0,0,0,0,1632,330,1962,27805,29767,-0.0398375,0.200166,-0.978952,0
0,0,0,0,0,1695,331,2026,29119,31145,-0.0533801,0.280678,-0.958316,0
0,0,0,0,0,1583,328,1911,26629,28540,-0.0189811,0.385291,-0.9226,0
0,0,0,0,0,1363,363,1726,24820,26546,-0.0198932,0.333233,-0.942635,0
0,0,0,0,0,1370,289,1659,24459,26118,0.0636247,0.448628,-0.891451,0
0,0,0,0,0,1656,348,2004,26206,28210,-0.0262353,0.442499,-0.896385,0
0,0,0,0,0,1689,357,2046,27009,29055,-0.0180508,0.489497,-0.871818,0
0,0,0,0,0,1752,376,2128,27056,29184,0.0250751,0.579643,-0.814485,0
0,0,0,0,0,1451,303,1754,26052,27806,-0.00420421,0.48342,-0.875379,0
0,0,0,0,0,1420,291,1711,23870,25581,-0.0327653,0.426006,-0.904127,0
0,0,0,0,0,1516,313,1829,19569,21398,0.00741835,0.365213,-0.930894,0
0,0,0,0,0,1556,310,1866,16079,17945,-0.0270651,0.376661,-0.925956,0
0,0,0,0,0,1826,345,2171,11268,13439,-0.0284727,0.327327,-0.944482,0
0,0,0,0,0,2722,503,3225,18424,21649,-0.0565546,0.41367,-0.908669,0
0,0,0,0,0,2789,516,3305,20666,23971,-0.0621389,0.474962,-0.87781,0
0,0,0,0,0,2046,372,2418,17369,19787,-0.128697,0.529525,-0.838475,0
0,0,0,0,0,1837,336,2173,18875,21048,-0.129777,0.452892,-0.88207,0
0,0,0,0,0,1963,365,2328,25926,28254,-0.097005,0.372493,-0.922952,0
0,0,0,0,0,1839,368,2207,26317,28524,-0.158243,0.180076,-0.970841,0
0,0,0,0,0,1784,313,2097,25298,27395,-0.023,0.262754,-0.964589,0
0,0,0,0,0,1829,338,2167,27082,29249,-0.119976,0.345984,-0.930538,0
0,0,0,0,0,1773,339,2112,28073,30185,-0.135352,0.346247,-0.928328,0
0,0,0,0,0,1945,340,2285,30895,33180,-0.117513,0.259986,-0.958435,0
0,0,0,0,0,1766,338,2104,28664,30768,-0.15543,0.281133,-0.946999,0
0,0,0,0,0,1505,286,1791,29727,31518,-0.178701,0.324221,-0.92895,0
0,0,0,0,0,1476,291,1767,25004,26771,-0.142185,0.295619,-0.944666,0
0,0,0,0,0,1682,299,1981,10285,12266,-0.105672,0.25842,-0.960236,0
0,0,0,0,0,2425,426,2851,7669,10520,-0.190554,0.447483,-0.873755,0
0,0,0,0,0,6382,1144,7526,11301,18827,-0.215903,0.539348,-0.813935,0
0,0,0,0,0,4312,807,5119,10232,15351,-0.0759203,0.329773,-0.941002,0
0,0,0,0,0,3217,605,3822,15202,19024,-0.10436,0.349035,-0.931281,0
0,0,0,0,0,2552,487,3039,18201,21240,-0.135989,0.375682,-0.916717,0
0,0,0,0,0,2076,397,2473,19427,21900,-0.183622,0.437437,-0.880303,0
0,0,0,0,0,1831,355,2186,18912,21098,-0.251651,0.553692,-0.793786,0
0,0,0,0,0,1667,312,1979,22440,24419,-0.299681,0.630439,-0.716058,0
0,0,0,0,0,1501,258,1759,32862,34621,-0.0765638,0.148744,-0.985907,0
0,0,0,0,0,1491,279,1770,25778,27548,-0.0851646,0.181112,-0.979768,0
0,0,0,0,0,1680,310,1990,25530,27520,-0.0924904,0.182119,-0.978917,0
0,0,0,0,0,1508,287,1795,27810,29605,-0.0964216,0.158581,-0.982627,0
0,0,0,0,0,1496,289,1785,26627,28412,-0.0774031,0.120298,-0.989716,0
0,0,0,0,0,5944,1172,7116,42817,49933,-0.180325,0.334256,-0.925071,0
0,0,0,0,0,1395,286,1681,28318,29999,-0.144108,0.254422,-0.956296,0
0,0,0,0,0,1364,288,1652,26355,28007,-0.123279,0.222461,-0.967116,0
0,0,0,0,0,1478,304,1782,26619,28401,-0.134166,0.261633,-0.955797,0
0,0,0,0,0,1585,335,1920,26679,28599,-0.089325,0.31132,-0.946098,0
0,0,0,0,0,1596,334,1930,26163,28093,-0.120666,0.319244,-0.939959,0
0,0,0,0,0,1568,325,1893,26162,28055,-0.0965118,0.497903,-0.861846,0
0,0,0,0,0,1652,367,2019,25385,27404,-0.0922406,0.450673,-0.887911,0
0,0,0,0,0,1461,314,1775,24338,26113,-0.131474,0.38924,-0.911706,0
0,0,0,0,0,3137,687,3824,45016,48840,-0.254291,0.564483,-0.785299,0
0,0,0,0,0,1340,280,1620,23237,24857,-0.243158,0.532402,-0.810816,0
0,0,0,0,0,1307,316,1623,18926,20549,-0.181591,0.397507,-0.899452,0
0,0,0,0,0,1302,326,1628,13828,15456,-0.128983,0.27639,-0.952351,0
0,0,0,0,0,1579,306,1885,11129,13014,-0.147522,0.280349,-0.948495,0
0,0,0,0,0,2491,456,2947,16692,19639,-0.211229,0.36711,-0.905877,0
0,0,0,0,0,3045,527,3572,15125,18697,-0.244513,0.375807,-0.893858,0
0,0,0,0,0,2439,446,2885,18573,21458,-0.283647,0.442027,-0.850974,0
0,0,0,0,0,1845,333,2178,15166,17344,-0.275694,0.437152,-0.856091,0
0,0,0,0,0,2215,408,2623,24145,26768,-0.305033,0.441904,-0.843609,0
0,0,0,0,0,1788,351,2139,23749,25888,-0.201803,0.291683,-0.934985,0
0,0,0,0,0,1851,345,2196,27329,29525,-0.0813871,0.232531,-0.969178,0
0,0,0,0,0,1869,347,2216,26203,28419,-0.122059,0.266547,-0.956062,0
0,0,0,0,0,1766,322,2088,26665,28753,-0.116066,0.250327,-0.961179,0
0,0,0,0,0,1938,356,2294,29697,31991,-0.097699,0.172569,-0.98014,0
0,0,0,0,0,1725,309,2034,29055,31089,-0.113976,0.20338,-0.972444,0
0,0,0,0,0,1536,368,1904,28466,30370,-0.183699,0.282955,-0.941378,0
0,0,0,0,0,1669,319,1988,29827,31815,-0.198286,0.261449,-0.944631,0
0,0,0,0,0,1611,311,1922,25206,27128,-0.188381,0.244512,-0.951171,0
0,0,0,0,0,1801,337,2138,29809,31947,-0.15218,0.262797,-0.952774,0
0,0,0,0,0,1690,299,1989,16566,18555,-0.129548,0.228397,-0.964911,0
0,0,0,0,0,1718,328,2046,8200,10246,-0.112039,0.197343,-0.973911,0
0,0,0,0,0,3251,567,3818,10423,14241,-0.159583,0.283863,-0.945492,0
0,0,0,0,0,6431,1121,7552,12259,19811,-0.169148,0.312295,-0.934806,0
0,0,0,0,0,3368,592,3960,6783,10743,-0.139118,0.2532,-0.957359,0
0,0,0,0,0,6228,1156,7384,19947,27331,-0.152481,0.298617,-0.942113,0
0,0,0,0,0,2196,411,2607,12711,15318,-0.128205,0.305887,-0.943397,0
0,0,0,0,0,1755,330,2085,12080,14165,-0.0943589,0.237807,-0.966718,0
0,0,0,0,0,6143,1206,7349,31878,39227,-0.195228,0.428563,-0.882168,0
0,0,0,0,0,1827,323,2150,16549,18699,-0.236692,0.485222,-0.841746,0
0,0,0,0,0,1389,258,1647,19441,21088,-0.221271,0.495549,-0.839923,0
0,0,0,0,0,1408,256,1664,14421,16085,-0.0534674,0.103734,-0.993167,0
0,0,0,0,0,6787,1284,8071,45118,53189,-0.182329,0.248971,-0.951194,0
0,0,0,0,0,1556,374,1930,25812,27742,-0.162169,0.207293,-0.964744,0
0,0,0,0,0,1495,278,1773,26741,28514,-0.139024,0.167658,-0.975994,0
0,0,0,0,0,5185,772,5957,37834,43791,-0.152353,0.174362,-0.972824,0
0,0,0,0,0,1513,283,1796,27184,28980,-0.157637,0.177553,-0.971404,0
0,0,0,0,0,1529,292,1821,27122,28943,-0.128209,0.139696,-0.981859,0
0,0,0,0,0,1502,285,1787,29275,31062,-0.082702,0.0677169,-0.994271,0
0,0,0,0,0,1508,287,1795,26262,28057,-0.102255,0.145982,-0.983988,0
0,0,0,0,0,1423,290,1713,27273,28986,-0.126949,0.173173,-0.976675,0
0,0,0,0,0,1390,327,1717,27668,29385,-0.0912056,0.166631,-0.981792,0
0,0,0,0,0,1651,338,1989,29204,31193,-0.116586,0.204183,-0.971966,0
0,0,0,0,0,1361,283,1644,25338,26982,-0.0620931,0.236214,-0.969715,0
0,0,0,0,0,1539,318,1857,25702,27559,-0.106414,0.281804,-0.953553,0
0,0,0,0,0,1587,332,1919,26514,28433,-0.0978397,0.366562,-0.925235,0
0,0,0,0,0,1604,331,1935,25132,27067,-0.0969928,0.357411,-0.928897,0
0,0,0,0,0,1374,288,1662,22863,24525,-0.102562,0.42039,-0.901528,0
0,0,0,0,0,1582,344,1926,25473,27399,-0.248603,0.373151,-0.893843,0
0,0,0,0,0,5662,1196,6858,38497,45355,-0.268229,0.409957,-0.871773,0
0,0,0,0,0,1373,280,1653,24070,25723,-0.225704,0.367018,-0.902417,0
0,0,0,0,0,1303,272,1575,20958,22533,-0.171579,0.257033,-0.951049,0
0,0,0,0,0,1526,309,1835,16341,18176,-0.219047,0.30378,-0.92722,0
0,0,0,0,0,1795,346,2141,11785,13926,-0.167534,0.246161,-0.95464,0
0,0,0,0,0,2314,437,2751,18606,21357,-0.236364,0.370863,-0.898105,0
0,0,0,0,0,1993,376,2369,15361,17730,-0.25638,0.377137,-0.889965,0
0,0,0,0,0,6338,1240,7578,34634,42212,-0.278693,0.48521,-0.828795,0
0,0,0,0,0,1623,313,1936,22730,24666,-0.196313,0.421081,-0.885524,0
0,0,0,0,0,1439,334,1773,23568,25341,-0.114104,0.203898,-0.97232,0
0,0,0,0,0,1486,289,1775,24883,26658,-0.139253,0.272529,-0.952017,0
0,0,0,0,0,1691,311,2002,25292,27294,-0.0595361,0.110899,-0.992047,0
0,0,0,0,0,1645,315,1960,27366,29326,-0.194993,0.327248,-0.924601,0
0,0,0,0,0,1683,317,2000,28309,30309,-0.118876,0.2135,-0.969684,0
0,0,0,0,0,6019,1064,7083,40864,47947,-0.178052,0.294908,-0.93879,0
0,0,0,0,0,1552,286,1838,27710,29548,-0.151321,0.253487,-0.95543,0
0,0,0,0,0,1477,288,1765,28021,29786,-0.13903,0.238859,-0.96105,0
0,0,0,0,0,1667,315,1982,26428,28410,-0.154262,0.248761,-0.956202,0
0,0,0,0,0,1574,279,1853,10532,12385,-0.168487,0.25643,-0.951765,0
0,0,0,0,0,5396,940,6336,23919,30255,-0.102118,0.583373,-0.805759,0
0,0,0,0,0,1622,299,1921,13940,15861,0.0596334,0.542905,-0.837675,0
0,0,0,0,0,2108,394,2502,37741,40243,0.00673104,0.68885,-0.724873,0
0,0,0,0,0,1351,260,1611,-1000,-1000,-1,-1,-1,0
0,0,0,0,0,1456,279,1735,12023,13758,-0.0874188,0.155416,-0.983973,0
0,0,0,0,0,1780,356,2136,10298,12434,-0.0964286,0.143474,-0.984945,0
0,0,0,0,0,2800,517,3317,19664,22981,-0.106375,0.133773,-0.985287,0
0,0,0,0,0,2239,422,2661,21735,24396,-0.0971856,0.115783,-0.988509,0
0,0,0,0,0,1723,326,2049,20841,22890,-0.0862756,0.0970954,-0.991529,0
0,0,0,0,0,1736,311,2047,22985,25032,-0.0682009,0.0841633,-0.994116,0
0,0,0,0,0,1624,317,1941,25233,27174,-0.0693788,0.111985,-0.991285,0
0,0,0,0,0,1569,288,1857,26948,28805,-0.0651943,0.0836166,-0.994363,0
0,0,0,0,0,1668,342,2010,28687,30697,-0.0930269,0.101613,-0.990465,0
0,0,0,0,0,1769,329,2098,28704,30802,-0.0727134,0.107603,-0.991531,0
0,0,0,0,0,1690,312,2002,28212,30214,-0.0589497,0.0879501,-0.994379,0
0,0,0,0,0,1727,330,2057,27388,29445,-0.0579535,0.0575733,-0.996658,0
0,0,0,0,0,1738,338,2076,30237,32313,-0.101312,0.13898,-0.985099,0
0,0,0,0,0,1600,316,1916,30914,32830,-0.109941,0.159493,-0.981058,0
0,0,0,0,0,1483,291,1774,26272,28046,-0.0757729,0.0972894,-0.992368,0
0,0,0,0,0,1572,313,1885,28897,30782,-0.136761,0.194268,-0.971369,0
0,0,0,0,0,1429,287,1716,25802,27518,-0.125524,0.282625,-0.950982,0
0,0,0,0,0,1663,332,1995,25522,27517,-0.127035,0.17286,-0.97672,0
0,0,0,0,0,1599,343,1942,26445,28387,-0.142103,0.265109,-0.95369,0
0,0,0,0,0,1684,341,2025,26330,28355,-0.120917,0.316863,-0.940732,0
0,0,0,0,0,1762,356,2118,26403,28521,-0.081109,0.376891,-0.9227,0
0,0,0,0,0,1706,334,2040,24928,26968,-0.0568771,0.349688,-0.935138,0
0,0,0,0,0,2128,352,2480,25172,27652,-0.124854,0.289928,-0.948869,0
0,0,0,0,0,1663,344,2007,27768,29775,-0.102586,0.262022,-0.959594,0
0,0,0,0,0,3695,732,4427,35269,39696,-0.0785872,0.270018,-0.959643,0
0,0,0,0,0,1424,284,1708,24554,26262,-0.11492,0.265965,-0.957108,0
0,0,0,0,0,1709,315,2024,24689,26713,-0.120085,0.259622,-0.958215,0
0,0,0,0,0,1638,340,1978,27521,29499,-0.108419,0.216671,-0.970206,0
0,0,0,0,0,1538,322,1860,26358,28218,-0.110367,0.206711,-0.972157,0
0,0,0,0,0,6106,1272,7378,45591,52969,-0.0998495,0.319818,-0.942203,0
0,0,0,0,0,1316,277,1593,22649,24242,-0.114257,0.247684,-0.96208,0
0,0,0,0,0,1300,275,1575,22499,24074,-0.0839465,0.180316,-0.98002,0
0,0,0,0,0,1339,271,1610,21756,23366,-0.0764251,0.146627,-0.986235,0
0,0,0,0,0,1287,272,1559,20743,22302,-0.0700603,0.134369,-0.988452,0
0,0,0,0,0,1475,318,1793,21048,22841,-0.0582165,0.151782,-0.986698,0
0,0,0,0,0,1457,307,1764,20238,22002,-0.0607464,0.119796,-0.990939,0
0,0,0,0,0,1731,352,2083,22161,24244,-0.0266163,0.110152,-0.993558,0
0,0,0,0,0,1335,262,1597,18092,19689,-0.0213184,0.0824498,-0.996368,0
0,0,0,0,0,5830,1231,7061,34806,41867,-0.00249591,0.0819662,-0.996632,0
0,0,0,0,0,1396,285,1681,17586,19267,-0.0179024,0.0612219,-0.997964,0
0,0,0,0,0,1524,310,1834,20407,22241,-0.00646142,0.0531381,-0.998566,0
0,0,0,0,0,1552,314,1866,20520,22386,0.000299406,0.0527614,-0.998607,0
0,0,0,0,0,1573,314,1887,21068,22955,0.0168137,0.0516047,-0.998526,0
0,0,0,0,0,1412,279,1691,17608,19299,0.0252681,0.0382242,-0.99895,0
0,0,0,0,0,1712,360,2072,22586,24658,0.022453,0.0489306,-0.99855,0
0,0,0,0,0,1546,301,1847,18791,20638,0.0274924,0.0576024,-0.997961,0
0,0,0,0,0,1551,312,1863,19821,21684,0.0163997,0.055174,-0.998342,0
0,0,0,0,0,1523,311,1834,18966,20800,-0.00466059,0.0789404,-0.996868,0
0,0,0,0,0,1434,293,1727,19828,21555,0.00911519,0.0936748,-0.995561,0
0,0,0,0,0,1627,334,1961,20724,22685,0.0097872,0.0733114,-0.997261,0
0,0,0,0,0,1731,305,2036,19809,21845,0.022188,0.0875185,-0.995916,0
0,0,0,0,0,1786,364,2150,24139,26289,0.0160718,0.0918822,-0.99564,0
0,0,0,0,0,1504,303,1807,17510,19317,0.025505,0.0743802,-0.996904,0
0,0,0,0,0,1523,310,1833,19299,21132,0.00309712,0.0643213,-0.997925,0
0,0,0,0,0,1409,286,1695,18058,19753,0.0340268,0.0711869,-0.996882,0
0,0,0,0,0,5872,1204,7076,37428,44504,0.0359606,0.0647709,-0.997252,0
0,0,0,0,0,1517,314,1831,19020,20851,0.0378953,0.0622397,-0.997341,0
0,0,0,0,0,1316,258,1574,16401,17975,0.0459983,0.0579999,-0.997256,0
0,0,0,0,0,1348,288,1636,17954,19590,0.044446,0.056062,-0.997438,0
0,0,0,0,0,1484,306,1790,17946,19736,0.0280283,0.0352746,-0.998984,0
0,0,0,0,0,1555,315,1870,20311,22181,0.0121996,0.0342434,-0.999339,0
0,0,0,0,0,1444,305,1749,18671,20420,0.0295012,0.0324062,-0.999039,0
