Downsample[ns],BuildFilTree[ns],SearchFil[ns],DeleteFil[ns],BuildTreeSub[ns],SearchSub[ns],DeleteSub[ns],PreProcTotal[ns],Plane[ns],Total[ns],nx,ny,nz,planeCount
0,0,0,0,0,5849,1020,6869,27757,34626,-0.432163,0.350845,-0.830748,0
0,0,0,0,0,1684,316,2000,18745,20745,-0.0708128,0.0219345,-0.997248,0
0,0,0,0,0,1422,232,1654,6522,8176,-0.0704457,0.0111697,-0.997453,0
0,0,0,0,0,2504,449,2953,12221,15174,-0.0637892,0.0023654,-0.99796,0
0,0,0,0,0,3778,617,4395,14128,18523,-0.0575118,-0.00195175,-0.998343,0
0,0,0,0,0,2795,484,3279,10493,13772,-0.0516193,-0.00418013,-0.998658,0
0,0,0,0,0,5104,810,5914,14959,20873,-0.0505992,-0.00645314,-0.998698,0
0,0,0,0,0,3394,584,3978,11902,15880,-0.0479901,-0.00755725,-0.998819,0
0,0,0,0,0,3209,533,3742,11145,14887,-0.045223,-0.0076734,-0.998947,0
0,0,0,0,0,3165,587,3752,11456,15208,-0.0428998,-0.00749706,-0.999051,0
0,0,0,0,0,5338,909,6247,16811,23058,-0.0400786,-0.00727372,-0.99917,0
0,0,0,0,0,3743,615,4358,11214,15572,-0.0382016,-0.0067503,-0.999247,0
0,0,0,0,0,2621,445,3066,9561,12627,-0.0369154,-0.00647469,-0.999297,0
0,0,0,0,0,5433,910,6343,16270,22613,-0.0359047,-0.00651005,-0.999334,0
0,0,0,0,0,2192,324,2516,6626,9142,-0.0348432,-0.00648325,-0.999372,0
0,0,0,0,0,1437,251,1688,5436,7124,-0.0344026,-0.00662985,-0.999386,0
0,0,0,0,0,2477,444,2921,9743,12664,-0.0349775,-0.00802917,-0.999356,0
0,0,0,0,0,5470,935,6405,16130,22535,-0.0345902,-0.00713517,-0.999376,0
0,0,0,0,0,2835,473,3308,9703,13011,-0.0341432,-0.00661639,-0.999395,0
0,0,0,0,0,5353,961,6314,16244,22558,-0.0341384,-0.00651656,-0.999396,0
0,0,0,0,0,2294,383,2677,7821,10498,-0.0338277,-0.00658058,-0.999406,0
0,0,0,0,0,1684,277,1961,5544,7505,-0.0337785,-0.00616723,-0.99941,0
0,0,0,0,0,1388,248,1636,5226,6862,-0.0333578,-0.00596404,-0.999426,0
0,0,0,0,0,3499,617,4116,13494,17610,-0.0339786,-0.00609489,-0.999404,0
0,0,0,0,0,5400,962,6362,15290,21652,-0.0340356,-0.00603778,-0.999402,0
0,0,0,0,0,2661,442,3103,10333,13436,-0.0335554,-0.00633851,-0.999417,0
0,0,0,0,0,4013,692,4705,14156,18861,-0.0317584,-0.00515514,-0.999482,0
0,0,0,0,0,2970,502,3472,11707,15179,-0.0320857,-0.00509626,-0.999472,0
0,0,0,0,0,3051,501,3552,11816,15368,-0.0319352,-0.00494729,-0.999477,0
0,0,0,0,0,3751,630,4381,13549,17930,-0.032076,-0.0055835,-0.99947,0
0,0,0,0,0,2800,469,3269,10805,14074,-0.0320591,-0.00528357,-0.999472,0
0,0,0,0,0,4347,723,5070,15262,20332,-0.0316569,-0.00493965,-0.999486,0
0,0,0,0,0,2504,419,2923,10075,12998,-0.0318668,-0.0048955,-0.99948,0
0,0,0,0,0,5413,892,6305,18371,24676,-0.0323493,-0.00477031,-0.999465,0
0,0,0,0,0,2305,379,2684,7699,10383,-0.0317428,-0.00439272,-0.999487,0
0,0,0,0,0,1437,243,1680,5214,6894,-0.0315833,-0.00443988,-0.999492,0
0,0,0,0,0,1645,276,1921,6431,8352,-0.0320073,-0.00456967,-0.999477,0
0,0,0,0,0,5787,1187,6974,19871,26845,-0.0320348,-0.00442836,-0.999477,0
0,0,0,0,0,3482,573,4055,12542,16597,-0.0321202,-0.00448699,-0.999474,0
0,0,0,0,0,2158,364,2522,8713,11235,-0.0319456,-0.00438117,-0.99948,0
0,0,0,0,0,5695,812,6507,18073,24580,-0.0315899,-0.00378341,-0.999494,0
0,0,0,0,0,3495,576,4071,11897,15968,-0.03273,-0.00573955,-0.999448,0
0,0,0,0,0,2152,371,2523,8643,11166,-0.0325839,-0.0058352,-0.999452,0
0,0,0,0,0,5129,1049,6178,16145,22323,-0.0328775,-0.00596094,-0.999442,0
0,0,0,0,0,2730,457,3187,9938,13125,-0.0334428,-0.0053527,-0.999426,0
0,0,0,0,0,2507,422,2929,9810,12739,-0.0333254,-0.00543966,-0.99943,0
0,0,0,0,0,5267,893,6160,18278,24438,-0.0330948,-0.00555511,-0.999437,0
0,0,0,0,0,2812,471,3283,10806,14089,-0.0332545,-0.00586131,-0.99943,0
0,0,0,0,0,5419,925,6344,18347,24691,-0.033296,-0.00569426,-0.999429,0
0,0,0,0,0,2379,364,2743,7552,10295,-0.0329595,-0.00577616,-0.99944,0
0,0,0,0,0,1393,238,1631,5354,6985,-0.0325543,-0.00542938,-0.999455,0
0,0,0,0,0,2268,388,2656,8834,11490,-0.0331063,-0.00546592,-0.999437,0
0,0,0,0,0,5163,798,5961,16220,22181,-0.0327572,-0.00493482,-0.999451,0
0,0,0,0,0,2634,451,3085,10382,13467,-0.033014,-0.00432529,-0.999445,0
0,0,0,0,0,6078,918,6996,19260,26256,-0.033082,-0.00412754,-0.999444,0
0,0,0,0,0,2703,386,3089,8344,11433,-0.0333138,-0.00466506,-0.999434,0
0,0,0,0,0,1557,243,1800,5335,7135,-0.0322032,-0.00414929,-0.999473,0
0,0,0,0,0,5282,910,6192,17345,23537,-0.0321806,-0.00434669,-0.999473,0
0,0,0,0,0,2256,380,2636,9226,11862,-0.0316016,-0.00420611,-0.999492,0
0,0,0,0,0,2964,497,3461,11341,14802,-0.0303963,-0.00488076,-0.999526,0
0,0,0,0,0,4890,846,5736,17681,23417,-0.0306155,-0.0044368,-0.999522,0
0,0,0,0,0,2636,455,3091,10632,13723,-0.0311405,-0.00416888,-0.999506,0
0,0,0,0,0,3958,691,4649,15014,19663,-0.031359,-0.00473696,-0.999497,0
0,0,0,0,0,2972,500,3472,11112,14584,-0.0318024,-0.00438455,-0.999485,0
0,0,0,0,0,2366,399,2765,9522,12287,-0.0319062,-0.0043933,-0.999481,0
0,0,0,0,0,5335,895,6230,17846,24076,-0.0318219,-0.00459224,-0.999483,0
0,0,0,0,0,5284,898,6182,13251,19433,-0.0313525,-0.00450984,-0.999498,0
0,0,0,0,0,1888,321,2209,7581,9790,-0.0313013,-0.00448383,-0.9995,0
0,0,0,0,0,3702,620,4322,14771,19093,-0.0313391,-0.00452602,-0.999499,0
0,0,0,0,0,3671,633,4304,14302,18606,-0.031815,-0.00476494,-0.999483,0
0,0,0,0,0,5455,894,6349,16676,23025,-0.0321481,-0.00534401,-0.999469,0
0,0,0,0,0,2263,381,2644,9110,11754,-0.0318561,-0.00567092,-0.999476,0
0,0,0,0,0,4121,670,4791,15480,20271,-0.0325044,-0.00575868,-0.999455,0
0,0,0,0,0,2975,501,3476,11307,14783,-0.0330507,-0.00533877,-0.999439,0
0,0,0,0,0,4356,738,5094,17059,22153,-0.0327051,-0.00557622,-0.999449,0
0,0,0,0,0,3176,534,3710,12305,16015,-0.0326719,-0.00543121,-0.999451,0
0,0,0,0,0,5324,891,6215,14599,20814,-0.0311854,-0.00236806,-0.99951,0
0,0,0,0,0,2286,383,2669,9521,12190,-0.0319381,-0.00308026,-0.999485,0
0,0,0,0,0,3957,669,4626,15980,20606,-0.0320457,-0.00419467,-0.999478,0
0,0,0,0,0,3985,730,4715,14271,18986,-0.0325797,-0.00524312,-0.999455,0
0,0,0,0,0,2384,405,2789,9126,11915,-0.0317792,-0.00489195,-0.999483,0
0,0,0,0,0,4388,730,5118,16226,21344,-0.031949,-0.00452256,-0.99948,0
0,0,0,0,0,3185,551,3736,12596,16332,-0.031849,-0.00484183,-0.999481,0
0,0,0,0,0,2952,500,3452,11537,14989,-0.0308669,-0.0040757,-0.999515,0
0,0,0,0,0,3685,617,4302,14404,18706,-0.0312608,-0.00446547,-0.999501,0
0,0,0,0,0,2836,471,3307,11433,14740,-0.0320764,-0.00468586,-0.999474,0
0,0,0,0,0,5393,895,6288,18076,24364,-0.0321791,-0.0048193,-0.99947,0
0,0,0,0,0,2278,380,2658,8674,11332,-0.0325673,-0.00522599,-0.999456,0
0,0,0,0,0,2513,441,2954,9961,12915,-0.032399,-0.00498237,-0.999463,0
0,0,0,0,0,5296,914,6210,19340,25550,-0.0320387,-0.00508676,-0.999473,0
0,0,0,0,0,2799,483,3282,10399,13681,-0.0315801,-0.00491023,-0.999489,0
0,0,0,0,0,3138,533,3671,12534,16205,-0.0319708,-0.00514355,-0.999475,0
0,0,0,0,0,3988,682,4670,14997,19667,-0.0321011,-0.00495311,-0.999472,0
0,0,0,0,0,3016,501,3517,11960,15477,-0.0322629,-0.00544693,-0.999465,0
0,0,0,0,0,5267,914,6181,16907,23088,-0.0324965,-0.00571389,-0.999456,0
0,0,0,0,0,2219,382,2601,8795,11396,-0.0319191,-0.00571969,-0.999474,0
0,0,0,0,0,5243,883,6126,19259,25385,-0.0327179,-0.00592376,-0.999447,0
0,0,0,0,0,2790,467,3257,10869,14126,-0.0326626,-0.00531731,-0.999452,0
0,0,0,0,0,2614,448,3062,10606,13668,-0.0311602,-0.00498783,-0.999502,0
0,0,0,0,0,5307,896,6203,17681,23884,-0.0313052,-0.00516801,-0.999497,0
0,0,0,0,0,2285,443,2728,9261,11989,-0.0312481,-0.00560091,-0.999496,0
0,0,0,0,0,3924,666,4590,15015,19605,-0.0305641,-0.00563532,-0.999517,0
0,0,0,0,0,3982,689,4671,14673,19344,-0.030844,-0.00576348,-0.999508,0
0,0,0,0,0,2347,430,2777,9699,12476,-0.0313241,-0.00562822,-0.999494,0
0,0,0,0,0,4284,724,5008,16597,21605,-0.0315612,-0.005677,-0.999486,0
0,0,0,0,0,3146,532,3678,12838,16516,-0.031995,-0.00587328,-0.999471,0
0,0,0,0,0,2971,497,3468,11687,15155,-0.0317681,-0.00545808,-0.99948,0
0,0,0,0,0,5265,887,6152,16478,22630,-0.0318508,-0.00555351,-0.999477,0
0,0,0,0,0,2144,366,2510,8704,11214,-0.0317522,-0.00555509,-0.99948,0
0,0,0,0,0,2984,518,3502,11947,15449,-0.0318837,-0.00584909,-0.999475,0
0,0,0,0,0,4803,848,5651,17651,23302,-0.031436,-0.00583052,-0.999489,0
0,0,0,0,0,2616,444,3060,10561,13621,-0.0312997,-0.00580345,-0.999493,0
0,0,0,0,0,3053,525,3578,12355,15933,-0.0309074,-0.00610629,-0.999504,0
0,0,0,0,0,3925,620,4545,14349,18894,-0.0308657,-0.00618078,-0.999504,0
0,0,0,0,0,2229,396,2625,9424,12049,-0.0309459,-0.00617106,-0.999502,0
0,0,0,0,0,3197,533,3730,12969,16699,-0.0311072,-0.00622364,-0.999497,0
0,0,0,0,0,5620,884,6504,17647,24151,-0.0298257,-0.00694155,-0.999531,0
0,0,0,0,0,1980,323,2303,7077,9380,-0.0310237,-0.00695531,-0.999495,0
0,0,0,0,0,1444,246,1690,5248,6938,-0.0316553,-0.00761916,-0.99947,0
0,0,0,0,0,1754,297,2051,7091,9142,-0.0340329,-0.00817714,-0.999387,0
0,0,0,0,0,5388,906,6294,19382,25676,-0.0309823,-0.00693446,-0.999496,0
0,0,0,0,0,2832,474,3306,11287,14593,-0.0337351,-0.00619085,-0.999412,0
0,0,0,0,0,2787,455,3242,10542,13784,-0.0385109,-0.00161829,-0.999257,0
0,0,0,0,0,4211,687,4898,15420,20318,-0.0404945,0.00409649,-0.999171,0
0,0,0,0,0,4127,694,4821,14594,19415,-0.0401895,0.0108817,-0.999133,0
0,0,0,0,0,2522,414,2936,9540,12476,-0.0410642,0.0145892,-0.99905,0
0,0,0,0,0,5724,931,6655,17883,24538,-0.0440451,0.0220454,-0.998786,0
0,0,0,0,0,3140,507,3647,12015,15662,-0.0477727,0.0273919,-0.998482,0
0,0,0,0,0,4902,786,5688,16501,22189,-0.0506149,0.0436549,-0.997764,0
0,0,0,0,0,2370,374,2744,10058,12802,-0.0483668,0.0626414,-0.996863,0
0,0,0,0,0,2583,424,3007,12620,15627,-0.0510579,0.0943343,-0.99423,0
0,0,0,0,0,3714,606,4320,18544,22864,-0.0571625,0.128558,-0.990053,0
0,0,0,0,0,2970,482,3452,13974,17426,-0.062205,0.153081,-0.986254,0
0,0,0,0,0,3288,470,3758,11306,15064,-0.0727161,0.154443,-0.985322,0
0,0,0,0,0,6683,1069,7752,20389,28141,-0.10697,0.19625,-0.974702,0
0,0,0,0,0,2841,456,3297,8488,11785,-0.115601,0.193233,-0.974319,0
0,0,0,0,0,2544,403,2947,9560,12507,-0.121466,0.20219,-0.971785,0
0,0,0,0,0,5183,819,6002,20432,26434,-0.133417,0.224069,-0.965398,0
0,0,0,0,0,3150,508,3658,12430,16088,-0.135987,0.251564,-0.958239,0
0,0,0,0,0,2261,361,2622,9941,12563,-0.155987,0.270129,-0.950104,0
0,0,0,0,0,5029,782,5811,20392,26203,-0.165009,0.337889,-0.926609,0
0,0,0,0,0,3156,489,3645,13253,16898,-0.163677,0.377825,-0.911295,0
0,0,0,0,0,2519,396,2915,9720,12635,-0.153604,0.472358,-0.867919,0
0,0,0,0,0,3889,604,4493,10680,15173,-0.119303,0.496977,-0.859523,0
0,0,0,0,0,7452,1135,8587,18962,27549,-0.106105,0.485657,-0.867686,0
0,0,0,0,0,2517,354,2871,11680,14551,-0.110494,0.480275,-0.870131,0
0,0,0,0,0,2022,321,2343,14737,17080,-0.104553,0.505571,-0.856427,0
0,0,0,0,0,7373,1069,8442,26440,34882,-0.160004,0.62344,-0.765324,0
0,0,0,0,0,1849,291,2140,9757,11897,-0.133511,0.466854,-0.874198,0
0,0,0,0,0,1672,269,1941,17106,19047,-0.0887903,0.327957,-0.940511,0
0,0,0,0,0,2156,361,2517,28021,30538,0.121251,0.0963839,-0.987931,0
0,0,0,0,0,1823,303,2126,22528,24654,-0.108889,-0.02676,-0.993694,0
0,0,0,0,0,5667,1114,6781,38789,45570,-0.153886,-0.0356081,-0.987447,0
0,0,0,0,0,1522,278,1800,21088,22888,-0.173862,0.016595,-0.98463,0
0,0,0,0,0,1782,289,2071,22310,24381,-0.119494,-0.103712,-0.987403,0
0,0,0,0,0,5903,1004,6907,36932,43839,0.0681978,0.0349982,-0.997058,0
0,0,0,0,0,1435,245,1680,22458,24138,-0.138946,0.00701747,-0.990275,0
0,0,0,0,0,1585,272,1857,23695,25552,-0.113141,-0.0143587,-0.993475,0
0,0,0,0,0,1652,283,1935,24965,26900,-0.114373,0.00667062,-0.993416,0
0,0,0,0,0,6344,837,7181,35267,42448,-0.149436,0.119617,-0.98151,0
0,0,0,0,0,1324,264,1588,23374,24962,-0.110866,0.174159,-0.978457,0
0,0,0,0,0,1594,267,1861,23486,25347,-0.0893265,0.153466,-0.984108,0
0,0,0,0,0,1318,266,1584,21850,23434,-0.142418,0.125752,-0.981786,0
0,0,0,0,0,1451,257,1708,23492,25200,-0.0272143,0.123286,-0.991998,0
0,0,0,0,0,1362,235,1597,22485,24082,-0.107399,0.230547,-0.967116,0
0,0,0,0,0,1372,223,1595,21500,23095,-0.056941,0.0290798,-0.997954,0
0,0,0,0,0,1467,252,1719,24289,26008,-0.0910076,0.275687,-0.95693,0
0,0,0,0,0,5335,914,6249,38300,44549,-0.0851606,0.345744,-0.934457,0
0,0,0,0,0,1279,216,1495,22377,23872,-0.0885542,0.269408,-0.958946,0
0,0,0,0,0,5770,1041,6811,35736,42547,-0.110982,0.343746,-0.932481,0
0,0,0,0,0,1216,215,1431,21488,22919,-0.108575,0.331225,-0.937284,0
0,0,0,0,0,1435,243,1678,22905,24583,-0.0962027,0.328156,-0.939712,0
0,0,0,0,0,1204,270,1474,21348,22822,-0.0553798,0.213744,-0.975319,0
0,0,0,0,0,1413,268,1681,24417,26098,-0.0435277,0.165131,-0.985311,0
0,0,0,0,0,1284,232,1516,22907,24423,-0.0569676,0.187356,-0.980639,0
0,0,0,0,0,1425,249,1674,24358,26032,-0.0723935,0.180789,-0.980854,0
0,0,0,0,0,1198,213,1411,21467,22878,-0.0693338,0.168541,-0.983253,0
0,0,0,0,0,1198,218,1416,21177,22593,-0.0572016,0.14286,-0.988089,0
0,0,0,0,0,1292,230,1522,23050,24572,-0.0730464,0.14715,-0.986413,0
0,0,0,0,0,1421,251,1672,23413,25085,-0.0607911,0.117966,-0.991155,0
0,0,0,0,0,1194,214,1408,19929,21337,-0.0593029,0.0922438,-0.993969,0
0,0,0,0,0,1303,239,1542,21938,23480,-0.0591318,0.104941,-0.992719,0
0,0,0,0,0,1285,231,1516,20738,22254,-0.0468362,0.0929239,-0.994571,0
0,0,0,0,0,1343,247,1590,21849,23439,-0.0291961,0.097696,-0.994788,0
0,0,0,0,0,1427,221,1648,17164,18812,-0.0292146,0.0650942,-0.997451,0
0,0,0,0,0,1337,246,1583,20066,21649,-0.0340129,0.0794378,-0.996259,0
0,0,0,0,0,1636,371,2007,22146,24153,-0.0373073,0.0973057,-0.994555,0
0,0,0,0,0,1448,251,1699,15470,17169,-0.0464384,0.0878214,-0.995053,0
0,0,0,0,0,1755,303,2058,16695,18753,-0.051717,0.117734,-0.991698,0
0,0,0,0,0,2569,361,2930,9109,12039,-0.0807158,0.145756,-0.986022,0
0,0,0,0,0,2205,420,2625,19131,21756,-0.0331854,0.066856,-0.99721,0
0,0,0,0,0,5691,1030,6721,27562,34283,-0.0647683,0.117525,-0.990955,0
0,0,0,0,0,1361,239,1600,19671,21271,-0.0664486,0.132966,-0.98889,0
0,0,0,0,0,1404,248,1652,6484,8136,-0.0502514,0.14313,-0.988428,0
0,0,0,0,0,2990,544,3534,24717,28251,-0.0620061,0.194754,-0.97889,0
0,0,0,0,0,2424,442,2866,11665,14531,-0.0577569,0.238108,-0.96952,0
0,0,0,0,0,2648,491,3139,13934,17073,-0.0502875,0.289293,-0.955919,0
0,0,0,0,0,3888,724,4612,20720,25332,-0.060861,0.334824,-0.940313,0
0,0,0,0,0,2218,400,2618,13249,15867,-0.06128,0.370724,-0.926719,0
0,0,0,0,0,5081,947,6028,21834,27862,-0.115643,0.431482,-0.894679,0
0,0,0,0,0,1907,319,2226,12149,14375,-0.142546,0.408719,-0.90146,0
0,0,0,0,0,5667,1065,6732,23652,30384,-0.192117,0.494882,-0.847456,0
0,0,0,0,0,1507,298,1805,10921,12726,-0.216055,0.51739,-0.828026,0
0,0,0,0,0,1347,250,1597,27119,28716,-0.316015,0.582912,-0.748564,0
0,0,0,0,0,1450,282,1732,31977,33709,0.0251636,0.160054,-0.986787,0
0,0,0,0,0,1396,257,1653,12764,14417,-0.0452711,0.101713,-0.993783,0
0,0,0,0,0,1783,358,2141,20858,22999,-0.0524839,0.0870756,-0.994818,0
0,0,0,0,0,5840,1100,6940,34324,41264,-0.0507862,0.106669,-0.992997,0
0,0,0,0,0,1579,296,1875,16121,17996,-0.0372243,0.0731712,-0.996625,0
0,0,0,0,0,1513,280,1793,18824,20617,-0.0441419,0.0853027,-0.995377,0
0,0,0,0,0,1482,283,1765,18532,20297,-0.0598009,0.0900336,-0.994141,0
0,0,0,0,0,1588,280,1868,21116,22984,-0.061381,0.0828969,-0.994666,0
0,0,0,0,0,5520,996,6516,35119,41635,-0.0874616,0.116304,-0.989355,0
0,0,0,0,0,1399,247,1646,21855,23501,-0.0722928,0.0866171,-0.993616,0
0,0,0,0,0,1344,249,1593,20206,21799,-0.0781416,0.11965,-0.989736,0
0,0,0,0,0,1552,278,1830,22271,24101,-0.0841191,0.117387,-0.989517,0
0,0,0,0,0,1320,244,1564,23278,24842,-0.0548386,0.111538,-0.992246,0
0,0,0,0,0,1328,262,1590,24033,25623,-0.0526726,0.101776,-0.993412,0
0,0,0,0,0,1277,235,1512,22800,24312,-0.0682275,0.143067,-0.987358,0
0,0,0,0,0,1302,229,1531,23161,24692,-0.0537605,0.130085,-0.990044,0
0,0,0,0,0,1494,287,1781,25763,27544,-0.0231159,-0.0157747,-0.999608,0
0,0,0,0,0,1354,225,1579,23273,24852,-0.0525022,0.0515718,-0.997288,0
0,0,0,0,0,5172,1128,6300,43000,49300,-0.0587581,0.177538,-0.982358,0
0,0,0,0,0,1188,266,1454,22899,24353,0.000607663,0.130811,-0.991407,0
0,0,0,0,0,1181,216,1397,23344,24741,-0.0395442,0.250219,-0.967381,0
0,0,0,0,0,5529,983,6512,46506,53018,-0.0528653,0.290916,-0.955287,0
0,0,0,0,0,1140,210,1350,23339,24689,-0.0807177,0.281618,-0.956126,0
0,0,0,0,0,1136,208,1344,23345,24689,-0.175874,0.124373,-0.976524,0
0,0,0,0,0,1215,208,1423,23365,24788,-0.00398991,0.0783698,-0.996917,0
0,0,0,0,0,1213,209,1422,23881,25303,-0.0266493,0.18716,-0.981968,0
0,0,0,0,0,5936,1300,7236,47757,54993,-0.119009,0.391976,-0.912246,0
0,0,0,0,0,1151,210,1361,24109,25470,-0.055757,0.319262,-0.946025,0
0,0,0,0,0,1155,210,1365,23888,25253,-0.0400341,0.306809,-0.950929,0
0,0,0,0,0,1156,210,1366,23461,24827,0.0198168,0.298679,-0.954148,0
0,0,0,0,0,1355,245,1600,23361,24961,-0.0874869,0.438899,-0.894268,0
0,0,0,0,0,1311,246,1557,24679,26236,0.0157923,0.303298,-0.952765,0
0,0,0,0,0,1385,309,1694,22276,23970,0.00524969,0.337077,-0.941462,0
0,0,0,0,0,1435,258,1693,26383,28076,0.0235688,0.238896,-0.970759,0
0,0,0,0,0,1151,208,1359,21674,23033,0.0134382,0.261031,-0.965237,0
0,0,0,0,0,4819,898,5717,40500,46217,-0.0680249,0.351683,-0.933645,0
0,0,0,0,0,1151,224,1375,23411,24786,0.0218034,0.31179,-0.949901,0
0,0,0,0,0,1383,243,1626,23991,25617,0.00749275,0.304036,-0.952631,0
0,0,0,0,0,1403,252,1655,24671,26326,0.0195059,0.368862,-0.92928,0
0,0,0,0,0,1155,215,1370,21431,22801,-0.11244,0.521298,-0.845935,0
0,0,0,0,0,4290,818,5108,41090,46198,0.00919381,0.418368,-0.908231,0
0,0,0,0,0,1147,209,1356,21091,22447,0.0077932,0.368639,-0.92954,0
0,0,0,0,0,1306,256,1562,21795,23357,-0.137375,0.526571,-0.838959,0
0,0,0,0,0,1141,212,1353,21750,23103,-0.142991,0.518497,-0.843039,0
0,0,0,0,0,1152,212,1364,22688,24052,0.0242092,0.240353,-0.970384,0
0,0,0,0,0,1284,225,1509,21716,23225,0.0679885,0.288013,-0.95521,0
0,0,0,0,0,1308,247,1555,20865,22420,0.0348132,0.268814,-0.962563,0
0,0,0,0,0,5353,958,6311,38948,45259,0.0434126,0.261945,-0.964106,0
0,0,0,0,0,1252,224,1476,20056,21532,0.0558864,0.22034,-0.973821,0
0,0,0,0,0,1266,240,1506,20985,22491,-0.00359839,0.392755,-0.919636,0
0,0,0,0,0,1301,247,1548,20603,22151,0.0309217,0.308748,-0.950641,0
0,0,0,0,0,1462,267,1729,24602,26331,0.0351178,0.345059,-0.937924,0
0,0,0,0,0,1165,215,1380,20312,21692,0.0222849,0.223777,-0.974386,0
0,0,0,0,0,1227,224,1451,21273,22724,0.00279675,0.35229,-0.935887,0
0,0,0,0,0,1324,245,1569,23697,25266,-0.121386,0.518976,-0.846126,0
0,0,0,0,0,1335,248,1583,24333,25916,-0.142802,0.492833,-0.858326,0
0,0,0,0,0,1147,214,1361,22132,23493,-0.123611,0.402975,-0.906825,0
0,0,0,0,0,1184,213,1397,21869,23266,0.0325153,0.29205,-0.95585,0
0,0,0,0,0,1234,225,1459,20193,21652,-0.00634473,0.363432,-0.931599,0
0,0,0,0,0,4720,958,5678,41616,47294,-0.109688,0.510477,-0.852867,0
0,0,0,0,0,1233,232,1465,21497,22962,0.0448736,0.264392,-0.963371,0
0,0,0,0,0,1216,208,1424,19510,20934,0.0235962,0.212713,-0.97683,0
0,0,0,0,0,4755,878,5633,41653,47286,-0.135753,0.463523,-0.875625,0
0,0,0,0,0,1259,228,1487,21708,23195,-0.0182173,0.400442,-0.916141,0
0,0,0,0,0,1386,263,1649,22824,24473,-0.088892,0.432246,-0.897364,0
0,0,0,0,0,1278,236,1514,23259,24773,0.0415021,0.236489,-0.970748,0
0,0,0,0,0,5285,974,6259,41359,47618,0.0345251,0.297351,-0.954144,0
0,0,0,0,0,1273,242,1515,19984,21499,-0.127374,0.503691,-0.854442,0
0,0,0,0,0,1190,222,1412,22385,23797,-0.182755,0.498704,-0.847287,0
0,0,0,0,0,1331,241,1572,24394,25966,-0.109084,0.502777,-0.857506,0
0,0,0,0,0,1309,243,1552,23425,24977,-0.0865272,0.4144,-0.905972,0
0,0,0,0,0,4735,881,5616,41277,46893,-0.00781743,0.373505,-0.927595,0
0,0,0,0,0,1250,234,1484,20641,22125,0.0632701,0.363794,-0.929328,0
0,0,0,0,0,1145,250,1395,19575,20970,-0.175427,0.45571,-0.872671,0
0,0,0,0,0,1271,228,1499,23636,25135,-0.0454174,0.440172,-0.896765,0
0,0,0,0,0,1170,211,1381,21259,22640,0.0565485,0.285106,-0.956827,0
0,0,0,0,0,5201,949,6150,41046,47196,0.0451631,0.30622,-0.950889,0
0,0,0,0,0,1256,229,1485,19753,21238,-0.13486,0.455502,-0.87996,0
0,0,0,0,0,1184,213,1397,21689,23086,-0.132825,0.48666,-0.863434,0
0,0,0,0,0,1218,230,1448,23116,24564,0.00185112,0.368171,-0.929757,0
0,0,0,0,0,1266,232,1498,22474,23972,0.0345379,0.259278,-0.965185,0
0,0,0,0,0,1135,208,1343,19728,21071,0.0319881,0.247512,-0.968357,0
0,0,0,0,0,1235,219,1454,20536,21990,-0.0395856,0.409181,-0.911594,0
0,0,0,0,0,1215,221,1436,22588,24024,-0.0973493,0.510562,-0.854312,0
0,0,0,0,0,1300,250,1550,24062,25612,-0.136939,0.432747,-0.891055,0
0,0,0,0,0,4289,816,5105,41036,46141,0.0312428,0.361464,-0.931862,0
0,0,0,0,0,1196,219,1415,20398,21813,0.0427934,0.249709,-0.967375,0
0,0,0,0,0,1136,211,1347,19354,20701,-0.113768,0.527031,-0.842196,1
0,0,0,0,0,1278,228,1506,23477,24983,-0.169832,0.478361,-0.861584,1
0,0,0,0,0,1302,261,1563,24083,25646,0.00674157,0.390033,-0.920777,1
0,0,0,0,0,4945,881,5826,40387,46213,-0.0637872,0.470817,-0.879922,1
0,0,0,0,0,1228,229,1457,21640,23097,0.0256523,0.230883,-0.972643,1
0,0,0,0,0,1136,209,1345,19656,21001,0.0330473,0.223001,-0.974258,1
0,0,0,0,0,1132,211,1343,19447,20790,0.0215125,0.359502,-0.932896,1
0,0,0,0,0,1241,231,1472,21715,23187,-0.0416532,0.394721,-0.917856,1
0,0,0,0,0,1305,241,1546,23316,24862,-0.159918,0.466715,-0.86983,1
0,0,0,0,0,1200,217,1417,22256,23673,-0.00885008,0.343857,-0.93898,1
0,0,0,0,0,1257,230,1487,21981,23468,0.0110231,0.295943,-0.955142,1
0,0,0,0,0,1227,225,1452,24688,26140,-0.144855,0.482257,-0.863971,1
0,0,0,0,0,1476,276,1752,26437,28189,-0.163118,0.493109,-0.854539,1
0,0,0,0,0,4941,870,5811,42154,47965,-0.188734,0.405219,-0.894526,1
0,0,0,0,0,1228,230,1458,21484,22942,-0.130348,0.494795,-0.859178,1
0,0,0,0,0,1138,214,1352,21428,22780,-0.123232,0.472868,-0.872474,1
0,0,0,0,0,1296,251,1547,23990,25537,-0.226071,0.500613,-0.835631,1
0,0,0,0,0,1145,219,1364,21336,22700,-0.149032,0.488639,-0.859664,1
0,0,0,0,0,1387,248,1635,24615,26250,-0.122449,0.485189,-0.865793,1
0,0,0,0,0,4752,875,5627,43322,48949,-0.129931,0.461401,-0.877625,1
0,0,0,0,0,1240,232,1472,21650,23122,-0.171765,0.458088,-0.872154,1
0,0,0,0,0,4730,811,5541,35705,41246,-0.131536,0.472744,-0.871327,1
0,0,0,0,0,1152,261,1413,21652,23065,-0.134703,0.455274,-0.880103,1
0,0,0,0,0,1332,259,1591,24186,25777,-0.0561031,0.439535,-0.896472,1
0,0,0,0,0,1224,228,1452,21928,23380,-0.0972377,0.455537,-0.884891,1
0,0,0,0,0,1196,216,1412,23705,25117,-0.127915,0.416437,-0.900121,1
0,0,0,0,0,1297,247,1544,22085,23629,-0.103223,0.487178,-0.867181,1
0,0,0,0,0,1692,333,2025,32465,34490,-0.150048,0.522896,-0.839086,1
0,0,0,0,0,1267,237,1504,22905,24409,-0.113814,0.467591,-0.876587,1
0,0,0,0,0,4488,812,5300,39081,44381,-0.150961,0.529543,-0.834743,1
0,0,0,0,0,1196,222,1418,21814,23232,0.0345754,0.236781,-0.970948,1
0,0,0,0,0,1292,237,1529,21581,23110,-0.142109,0.535376,-0.832573,1
0,0,0,0,0,1469,268,1737,25158,26895,0.0203138,0.274395,-0.961403,1
0,0,0,0,0,4774,856,5630,40532,46162,-0.105959,0.501573,-0.858602,1
0,0,0,0,0,1267,229,1496,23000,24496,-0.202549,0.499018,-0.842589,1
0,0,0,0,0,1526,263,1789,23550,25339,-0.151361,0.412683,-0.898211,1
0,0,0,0,0,1264,246,1510,22745,24255,-0.0697651,0.49781,-0.864476,1
0,0,0,0,0,1261,246,1507,22461,23968,-0.196879,0.449091,-0.871526,1
0,0,0,0,0,1134,210,1344,21585,22929,-0.0197749,0.341109,-0.939816,1
0,0,0,0,0,1430,285,1715,25137,26852,-0.108649,0.505751,-0.85581,1
0,0,0,0,0,1421,262,1683,24734,26417,-0.0807739,0.402296,-0.91194,1
0,0,0,0,0,3477,742,4219,47556,51775,-0.125206,0.443502,-0.887485,1
0,0,0,0,0,1298,241,1539,22360,23899,-0.258342,0.514188,-0.817845,1
0,0,0,0,0,1138,235,1373,21606,22979,-0.278906,0.177576,-0.943758,1
0,0,0,0,0,2798,500,3298,26621,29919,-0.310932,0.199567,-0.929244,1
0,0,0,0,0,3228,567,3795,28388,32183,-0.250821,0.4663,-0.848324,1
0,0,0,0,0,1149,213,1362,21526,22888,-0.0523509,0.402289,-0.914015,1
0,0,0,0,0,1293,243,1536,23537,25073,0.0239213,0.274078,-0.96141,1
0,0,0,0,0,1132,207,1339,20043,21382,0.070666,0.328823,-0.941744,1
0,0,0,0,0,1408,257,1665,24515,26180,-0.0183166,0.428354,-0.903425,1
0,0,0,0,0,1195,221,1416,21754,23170,0.0147266,0.286691,-0.95791,1
0,0,0,0,0,1133,209,1342,20048,21390,0.0609931,0.345126,-0.936572,1
0,0,0,0,0,4801,882,5683,40295,45978,-0.0197704,0.399784,-0.916396,1
0,0,0,0,0,1227,236,1463,20976,22439,0.0127535,0.267101,-0.963584,1
0,0,0,0,0,1185,216,1401,20037,21438,-0.0641776,0.425212,-0.902816,1
0,0,0,0,0,1545,296,1841,26333,28174,0.0115747,0.388161,-0.921519,1
0,0,0,0,0,1147,210,1357,21126,22483,0.0290663,0.198708,-0.979628,1
0,0,0,0,0,1255,234,1489,21506,22995,-0.112935,0.460126,-0.880642,1
0,0,0,0,0,5334,1001,6335,48592,54927,-0.0147442,0.451577,-0.892111,1
0,0,0,0,0,1261,233,1494,20743,22237,-0.0812472,0.481027,-0.872933,1
0,0,0,0,0,1184,211,1395,21363,22758,0.0374314,0.307473,-0.95082,1
0,0,0,0,0,1205,208,1413,19671,21084,-0.0562445,0.407325,-0.91155,1
0,0,0,0,0,3233,578,3811,31276,35087,0.0404314,0.266562,-0.962969,1
0,0,0,0,0,1129,206,1335,19547,20882,0.0118195,0.320504,-0.947173,1
0,0,0,0,0,1339,244,1583,23478,25061,-0.1721,0.445178,-0.878748,1
0,0,0,0,0,1193,223,1416,22736,24152,-0.0546065,0.414169,-0.908561,1
0,0,0,0,0,4304,793,5097,42411,47508,0.0285226,0.28997,-0.956611,1
0,0,0,0,0,1239,224,1463,19833,21296,-0.0300323,0.482636,-0.875306,1
0,0,0,0,0,1181,216,1397,20745,22142,-0.131476,0.415324,-0.900122,1
0,0,0,0,0,1243,234,1477,23707,25184,-0.235679,0.409162,-0.8815,1
0,0,0,0,0,1337,248,1585,23509,25094,-0.0795684,0.396088,-0.914759,1
0,0,0,0,0,1138,214,1352,20979,22331,0.0190571,0.298945,-0.95408,1
0,0,0,0,0,1224,220,1444,20542,21986,-0.180876,0.462543,-0.867951,1
0,0,0,0,0,4327,794,5121,41273,46394,-0.158184,0.528186,-0.834264,1
0,0,0,0,0,1211,231,1442,21947,23389,-0.186139,0.563292,-0.805018,1
0,0,0,0,0,1251,231,1482,22028,23510,-0.158728,0.471242,-0.867604,1
0,0,0,0,0,2816,619,3435,45266,48701,-0.177633,0.515343,-0.838373,1
0,0,0,0,0,1401,259,1660,21297,22957,-0.13951,0.454187,-0.879916,1
0,0,0,0,0,1154,213,1367,20385,21752,-0.140274,0.466508,-0.873323,1
0,0,0,0,0,2500,441,2941,26284,29225,-0.103045,0.438547,-0.892781,1
0,0,0,0,0,1170,216,1386,19818,21204,-0.116727,0.395139,-0.911176,1
0,0,0,0,0,1258,237,1495,20430,21925,-0.124052,0.387047,-0.913677,1
0,0,0,0,0,5394,1057,6451,40600,47051,-0.152151,0.431847,-0.889021,1
0,0,0,0,0,1379,250,1629,17678,19307,-0.124039,0.391009,-0.911991,1
0,0,0,0,0,1129,214,1343,16231,17574,-0.0978689,0.372788,-0.922741,1
0,0,0,0,0,1430,274,1704,19488,21192,0.0083717,0.358834,-0.933364,1
0,0,0,0,0,1590,294,1884,21070,22954,0.079055,0.271876,-0.95908,1
0,0,0,0,0,1404,259,1663,17812,19475,0.0987694,0.231818,-0.967732,1
0,0,0,0,0,1470,271,1741,18416,20157,0.0384952,0.205715,-0.977854,1
0,0,0,0,0,1663,295,1958,17054,19012,0.0186066,0.218954,-0.975558,1
0,0,0,0,0,1852,333,2185,16578,18763,0.0674961,0.229924,-0.970866,1
0,0,0,0,0,2123,381,2504,22119,24623,0.112019,0.243261,-0.963471,1
0,0,0,0,0,1837,329,2166,18745,20911,0.0876759,0.196988,-0.976478,1
0,0,0,0,0,5419,959,6378,31124,37502,0.065797,0.236193,-0.969476,1
0,0,0,0,0,1431,260,1691,13299,14990,0.0937862,0.264637,-0.959777,1
0,0,0,0,0,1567,257,1824,13271,15095,0.0883647,0.235593,-0.967826,1
0,0,0,0,0,1927,354,2281,18922,21203,0.185516,0.161439,-0.969289,1
0,0,0,0,0,5022,908,5930,34490,40420,0.208515,0.160233,-0.964804,1
0,0,0,0,0,1482,267,1749,17706,19455,0.176141,0.118495,-0.977207,1
0,0,0,0,0,1259,223,1482,17935,19417,0.175445,0.0790704,-0.981309,1
0,0,0,0,0,1339,242,1581,19743,21324,0.164073,-0.106823,-0.980647,1
0,0,0,0,0,1306,252,1558,21507,23065,0.278519,-0.168923,-0.945459,1
0,0,0,0,0,1414,251,1665,21863,23528,0.237148,-0.0275892,-0.971082,1
0,0,0,0,0,1340,286,1626,20316,21942,0.298868,-0.0259265,-0.953942,1
0,0,0,0,0,1524,263,1787,22695,24482,0.271819,-0.0692363,-0.959855,1
0,0,0,0,0,1496,266,1762,22869,24631,0.162758,-0.0332603,-0.986105,1
0,0,0,0,0,1448,256,1704,22755,24459,0.267283,-0.0535226,-0.962131,1
0,0,0,0,0,6193,1005,7198,40441,47639,0.277883,-0.00819224,-0.96058,1
0,0,0,0,0,1620,283,1903,22483,24386,0.224341,0.0326115,-0.973965,1
0,0,0,0,0,1386,244,1630,21805,23435,0.117521,0.178403,-0.976914,1
0,0,0,0,0,1381,246,1627,22625,24252,0.214267,0.0187434,-0.976595,1
0,0,0,0,0,1626,292,1918,24474,26392,0.153535,-0.0175211,-0.987988,1
0,0,0,0,0,1394,264,1658,22898,24556,0.111004,0.141081,-0.983755,1
0,0,0,0,0,1422,249,1671,22949,24620,0.114581,0.193888,-0.974309,1
0,0,0,0,0,1691,294,1985,24634,26619,0.0658319,0.216281,-0.974109,1
0,0,0,0,0,1580,260,1840,22910,24750,0.0471588,0.032944,-0.998344,1
0,0,0,0,0,1582,336,1918,23606,25524,0.0563815,0.256528,-0.964891,1
0,0,0,0,0,1639,273,1912,23315,25227,0.0824666,0.158773,-0.983865,1
0,0,0,0,0,1681,275,1956,24116,26072,0.0635464,0.210025,-0.975629,1
0,0,0,0,0,1578,273,1851,23502,25353,0.0254453,0.248963,-0.968179,1
0,0,0,0,0,1585,274,1859,23237,25096,-0.103187,0.107144,-0.988875,1
0,0,0,0,0,1535,266,1801,22925,24726,0.0335095,0.133713,-0.990454,1
0,0,0,0,0,1505,260,1765,24417,26182,0.0111399,0.214091,-0.97675,1
0,0,0,0,0,1521,259,1780,23223,25003,-0.0662584,0.277175,-0.958532,1
0,0,0,0,0,1472,284,1756,24404,26160,-0.0267253,0.273585,-0.961476,1
0,0,0,0,0,1544,294,1838,22721,24559,-0.0676678,0.09221,-0.993438,1
0,0,0,0,0,4755,848,5603,39177,44780,-0.0782745,0.357152,-0.930761,1
0,0,0,0,0,1389,244,1633,23019,24652,-0.0886196,0.281302,-0.955519,1
0,0,0,0,0,6265,820,7085,34732,41817,-0.100716,0.314261,-0.943979,1
0,0,0,0,0,1404,236,1640,21589,23229,-0.0822654,0.23947,-0.967412,1
0,0,0,0,0,1386,244,1630,22665,24295,-0.098266,0.353338,-0.930321,1
0,0,0,0,0,4760,833,5593,39709,45302,-0.0849571,0.362297,-0.928183,1
0,0,0,0,0,1330,220,1550,20567,22117,-0.0831099,0.335592,-0.938334,1
0,0,0,0,0,1378,233,1611,15950,17561,-0.087341,0.328827,-0.940343,1
0,0,0,0,0,1751,281,2032,10947,12979,-0.0911887,0.34383,-0.934594,1
0,0,0,0,0,2724,432,3156,24178,27334,0.15734,-0.531388,-0.832388,1
0,0,0,0,0,5036,823,5859,3394,9253,0.140014,-0.510722,-0.848268,1
0,0,0,0,0,5651,923,6574,3672,10246,0.099421,-0.397271,-0.9123,1
0,0,0,0,0,5677,929,6606,9680,16286,0.0204674,-0.0692896,-0.997387,1
0,0,0,0,0,3909,704,4613,27252,31865,-0.0341242,0.201704,-0.978852,1
0,0,0,0,0,1521,271,1792,12636,14428,0.0870168,-0.211163,-0.97357,1
0,0,0,0,0,1573,289,1862,3479,5341,0.0276941,-0.04794,-0.998466,1
0,0,0,0,0,5325,953,6278,23981,30259,-0.0396428,0.165761,-0.985369,1
0,0,0,0,0,2795,519,3314,12556,15870,0.0778031,-0.0716785,-0.994388,1
0,0,0,0,0,1935,359,2294,2512,4806,-0.0321549,0.111657,-0.993227,1
0,0,0,0,0,5713,1037,6750,7985,14735,0.0806838,-0.02902,-0.996317,1
0,0,0,0,0,5666,1062,6728,4154,10882,0.111957,0.215369,-0.970094,1
0,0,0,0,0,5138,1001,6139,19662,25801,-0.0124519,0.264083,-0.96442,1
0,0,0,0,0,1985,399,2384,12625,15009,-0.0479929,0.216598,-0.97508,1
0,0,0,0,0,1878,350,2228,14064,16292,-0.0544139,0.211035,-0.975963,1
0,0,0,0,0,2415,460,2875,21638,24513,-0.0448811,0.224944,-0.973338,1
0,0,0,0,0,1813,334,2147,19385,21532,-0.0605972,0.220178,-0.973575,1
0,0,0,0,0,1470,271,1741,18055,19796,-0.0759803,0.218365,-0.972905,1
0,0,0,0,0,1577,288,1865,22979,24844,-0.0418162,0.211926,-0.97639,1
0,0,0,0,0,1418,262,1680,21077,22757,-0.0225825,0.146523,-0.98895,1
0,0,0,0,0,1685,307,1992,26422,28414,-0.0449455,0.178069,-0.982991,1
0,0,0,0,0,1410,355,1765,21405,23170,-0.0646748,0.132439,-0.989079,1
0,0,0,0,0,1350,247,1597,21798,23395,-0.0281444,0.107183,-0.993841,1
0,0,0,0,0,1468,276,1744,24636,26380,-0.041345,0.0753867,-0.996297,1
0,0,0,0,0,1604,347,1951,24663,26614,-0.0614087,0.187385,-0.980365,1
0,0,0,0,0,1317,246,1563,22974,24537,-0.0426807,0.085141,-0.995455,1
0,0,0,0,0,1540,280,1820,25983,27803,-0.0122191,0.087213,-0.996115,1
0,0,0,0,0,1439,260,1699,24301,26000,-0.0527793,0.0228901,-0.998344,1
0,0,0,0,0,1479,263,1742,25270,27012,-0.054666,0.111821,-0.992224,1
0,0,0,0,0,1467,269,1736,25473,27209,-0.0509965,0.183394,-0.981716,1
0,0,0,0,0,1320,244,1564,24507,26071,-0.0110353,0.202919,-0.979133,1
0,0,0,0,0,1265,237,1502,24049,25551,-0.00150467,0.216851,-0.976203,1
0,0,0,0,0,5058,915,5973,46773,52746,0.00555724,0.302164,-0.95324,1
0,0,0,0,0,1179,218,1397,23187,24584,-0.174538,0.2759,-0.945207,1
0,0,0,0,0,1141,210,1351,23480,24831,0.0269052,0.308868,-0.950725,1
0,0,0,0,0,1168,215,1383,23487,24870,-0.031409,0.307225,-0.951118,1
0,0,0,0,0,1269,233,1502,23993,25495,-0.0187394,0.274041,-0.961535,1
0,0,0,0,0,1251,305,1556,23545,25101,-0.0112215,0.354388,-0.935031,1
0,0,0,0,0,4945,891,5836,52274,58110,-0.0536931,0.540498,-0.839631,1
0,0,0,0,0,1278,238,1516,23787,25303,0.00668549,0.466746,-0.884367,1
0,0,0,0,0,1176,212,1388,23118,24506,-0.0442437,0.454413,-0.889692,1
0,0,0,0,0,1169,214,1383,23507,24890,0.0136323,0.429569,-0.902932,1
0,0,0,0,0,1331,245,1576,23431,25007,0.0759994,0.324058,-0.94298,1
0,0,0,0,0,4849,825,5674,38827,44501,0.0529691,0.366282,-0.928995,1
0,0,0,0,0,1169,214,1383,21150,22533,0.0238263,0.446226,-0.894603,1
0,0,0,0,0,1310,228,1538,23221,24759,0.063511,0.463142,-0.884006,1
0,0,0,0,0,1293,236,1529,22836,24365,0.0441837,0.443473,-0.895198,1
0,0,0,0,0,2439,222,2661,21235,23896,0.0946936,0.323746,-0.941394,1
0,0,0,0,0,1188,219,1407,20727,22134,0.034321,0.523628,-0.851256,1
0,0,0,0,0,1382,247,1629,24302,25931,0.110684,0.385695,-0.915964,1
0,0,0,0,0,1336,252,1588,22498,24086,0.127091,0.348402,-0.92869,1
0,0,0,0,0,5411,974,6385,39985,46370,0.12931,0.402307,-0.906327,1
0,0,0,0,0,1425,265,1690,19892,21582,0.0870212,0.371116,-0.9245,1
0,0,0,0,0,1154,216,1370,19487,20857,0.115842,0.342894,-0.932204,1
0,0,0,0,0,1308,246,1554,21109,22663,0.103798,0.394401,-0.913057,1
0,0,0,0,0,1371,268,1639,23079,24718,0.168885,0.432145,-0.88585,1
0,0,0,0,0,1229,238,1467,19929,21396,0.125218,0.394138,-0.910481,1
0,0,0,0,0,1189,230,1419,18528,19947,0.139816,0.38052,-0.914142,1
0,0,0,0,0,1435,259,1694,19065,20759,0.107506,0.410244,-0.905617,1
0,0,0,0,0,1449,291,1740,19150,20890,0.0630101,0.342298,-0.937476,1
0,0,0,0,0,5112,960,6072,36141,42213,0.0362887,0.367926,-0.929146,1
0,0,0,0,0,1833,350,2183,20486,22669,0.0610363,0.446639,-0.89263,1
0,0,0,0,0,2245,419,2664,15441,18105,0.163824,0.355342,-0.920268,1
0,0,0,0,0,1459,238,1697,13460,15157,0.151868,0.229591,-0.961366,1
0,0,0,0,0,1454,258,1712,18216,19928,0.176339,0.202727,-0.963227,1
0,0,0,0,0,1650,275,1925,21199,23124,0.156712,0.124789,-0.979729,1
0,0,0,0,0,1444,256,1700,20966,22666,0.105486,0.0182909,-0.994253,1
0,0,0,0,0,1513,274,1787,23170,24957,-0.0211988,-0.151476,-0.988234,1
0,0,0,0,0,1466,286,1752,23434,25186,-0.0992442,-0.0834452,-0.991558,1
0,0,0,0,0,4637,809,5446,45171,50617,-0.121702,0.169621,-0.977966,1
0,0,0,0,0,1477,246,1723,20893,22616,-0.0710917,0.115094,-0.990807,1
0,0,0,0,0,1531,244,1775,22075,23850,-0.158405,-0.0137328,-0.987279,1
0,0,0,0,0,1343,235,1578,21560,23138,-0.221143,0.108125,-0.969229,1
0,0,0,0,0,3802,561,4363,29394,33757,-0.206477,0.0777541,-0.975357,1
0,0,0,0,0,1365,258,1623,21996,23619,-0.222282,0.14285,-0.964461,1
0,0,0,0,0,1408,249,1657,21604,23261,-0.144448,0.0884053,-0.985555,1
0,0,0,0,0,2047,303,2350,24717,27067,-0.179259,0.163359,-0.970144,1
0,0,0,0,0,1494,263,1757,21709,23466,-0.133919,0.0944284,-0.986483,1
0,0,0,0,0,1600,279,1879,23777,25656,-0.165312,0.211046,-0.963396,1
0,0,0,0,0,6928,1216,8144,43484,51628,-0.14407,0.260094,-0.954775,1
0,0,0,0,0,1508,291,1799,22708,24507,-0.154268,0.349874,-0.924008,1
0,0,0,0,0,1467,251,1718,23509,25227,-0.103255,0.387352,-0.916132,1
0,0,0,0,0,1574,257,1831,23553,25384,-0.0849561,0.259848,-0.961905,1
0,0,0,0,0,1422,251,1673,22874,24547,-0.047051,0.377259,-0.924912,1
0,0,0,0,0,1616,275,1891,25227,27118,-0.0188809,0.189939,-0.981614,1
0,0,0,0,0,1390,245,1635,22947,24582,-0.0811478,0.295637,-0.951848,1
0,0,0,0,0,6754,1134,7888,40563,48451,-0.0284218,0.262005,-0.964648,1
0,0,0,0,0,1371,238,1609,23142,24751,-0.10643,0.324316,-0.939942,1
0,0,0,0,0,1369,239,1608,22578,24186,-0.108462,0.437177,-0.892811,1
0,0,0,0,0,1585,274,1859,24997,26856,-0.105247,0.402811,-0.909212,1
0,0,0,0,0,6350,1067,7417,46327,53744,-0.0955306,0.497474,-0.862202,1
0,0,0,0,0,1380,230,1610,22071,23681,-0.114467,0.450937,-0.885186,1
0,0,0,0,0,1323,314,1637,21627,23264,-0.074191,0.339303,-0.937747,1
0,0,0,0,0,1316,226,1542,21525,23067,-0.0941536,0.365409,-0.926073,1
0,0,0,0,0,1302,229,1531,20416,21947,-0.0847674,0.401923,-0.911741,1
0,0,0,0,0,1286,224,1510,20879,22389,-0.0789215,0.380331,-0.921477,1
0,0,0,0,0,1510,266,1776,21141,22917,-0.0822503,0.369328,-0.925652,1
0,0,0,0,0,1636,269,1905,18784,20689,-0.0655492,0.342526,-0.937219,1
0,0,0,0,0,2002,347,2349,22762,25111,-0.0574592,0.361798,-0.930484,1
0,0,0,0,0,1556,261,1817,13002,14819,-0.0458179,0.316221,-0.947579,1
0,0,0,0,0,2677,422,3099,28717,31816,-0.0639861,0.290464,-0.954744,1
0,0,0,0,0,2345,407,2752,21404,24156,-0.0790832,0.271245,-0.959256,1
0,0,0,0,0,1431,255,1686,16527,18213,-0.0568077,0.261249,-0.963599,1
0,0,0,0,0,1451,257,1708,17413,19121,-0.0553542,0.272774,-0.960485,1
0,0,0,0,0,1484,259,1743,16514,18257,-0.0733889,0.278933,-0.957502,1
0,0,0,0,0,5900,998,6898,33810,40708,-0.0773096,0.244022,-0.966684,1
0,0,0,0,0,1564,283,1847,16859,18706,-0.0842677,0.254822,-0.963309,1
0,0,0,0,0,1261,270,1531,13024,14555,-0.0909603,0.278749,-0.956047,1
0,0,0,0,0,1694,295,1989,35310,37299,-0.0861875,0.250032,-0.964394,1
0,0,0,0,0,1297,228,1525,11890,13415,-0.0613097,0.248322,-0.966735,1
0,0,0,0,0,1655,295,1950,18340,20290,-0.074197,0.279847,-0.957173,1
0,0,0,0,0,1841,376,2217,8984,11201,-0.0680011,0.29048,-0.954462,1
0,0,0,0,0,2250,405,2655,11109,13764,-0.09607,0.361953,-0.927233,1
0,0,0,0,0,3084,566,3650,16570,20220,-0.109213,0.417204,-0.902227,1
0,0,0,0,0,2891,548,3439,18256,21695,-0.113155,0.471454,-0.874601,1
0,0,0,0,0,2059,394,2453,15210,17663,-0.135507,0.494513,-0.858542,1
0,0,0,0,0,1940,376,2316,18050,20366,-0.148706,0.576726,-0.80329,1
0,0,0,0,0,1689,334,2023,20497,22520,-0.228291,0.589812,-0.7746,1
0,0,0,0,0,1476,304,1780,23028,24808,-0.232679,0.654408,-0.719452,1
0,0,0,0,0,1456,290,1746,-1000,-1000,-1,-1,-1,1
0,0,0,0,0,1269,226,1495,446,1941,-0.0252764,0.094436,-0.99521,1
0,0,0,0,0,1285,268,1553,103,1656,-0.0556801,0.0468699,-0.997348,1
0,0,0,0,0,2962,543,3505,2152,5657,-0.104125,0.179035,-0.978317,1
0,0,0,0,0,6074,1106,7180,30602,37782,-0.06915,0.21455,-0.974262,1
0,0,0,0,0,1871,342,2213,15115,17328,-0.0519891,0.176269,-0.982969,1
0,0,0,0,0,1570,331,1901,14219,16120,-0.0545677,0.18403,-0.981405,1
0,0,0,0,0,1905,363,2268,21037,23305,-0.0527922,0.160675,-0.985595,1
0,0,0,0,0,1965,359,2324,18284,20608,-0.0537229,0.16036,-0.985596,1
0,0,0,0,0,1768,320,2088,15683,17771,-0.0467163,0.16321,-0.985485,1
0,0,0,0,0,1931,351,2282,18180,20462,-0.0484799,0.163883,-0.985288,1
0,0,0,0,0,2087,376,2463,18711,21174,-0.0419124,0.160817,-0.986094,1
0,0,0,0,0,2368,420,2788,18432,21220,-0.0389102,0.1613,-0.986138,1
0,0,0,0,0,2280,399,2679,15726,18405,-0.0429707,0.171084,-0.984319,1
0,0,0,0,0,1958,351,2309,18133,20442,-0.0443195,0.169572,-0.984521,1
0,0,0,0,0,6175,1086,7261,27793,35054,-0.0497428,0.174847,-0.983338,1
0,0,0,0,0,1642,296,1938,13670,15608,-0.0476221,0.170793,-0.984156,1
0,0,0,0,0,1469,264,1733,12874,14607,-0.0511482,0.180349,-0.982272,1
0,0,0,0,0,6169,1111,7280,30912,38192,-0.0469737,0.18699,-0.981238,1
0,0,0,0,0,2283,342,2625,18301,20926,-0.0427228,0.171687,-0.984225,1
0,0,0,0,0,1894,339,2233,15564,17797,-0.0479907,0.175193,-0.983364,1
0,0,0,0,0,1330,239,1569,13339,14908,-0.0492145,0.17857,-0.982696,1
0,0,0,0,0,1685,296,1981,15276,17257,-0.0465193,0.172455,-0.983919,1
0,0,0,0,0,1795,324,2119,16179,18298,-0.0530279,0.171053,-0.983834,1
0,0,0,0,0,2015,362,2377,19239,21616,-0.0491819,0.17505,-0.983331,1
0,0,0,0,0,1752,316,2068,17126,19194,-0.0513835,0.173402,-0.98351,1
0,0,0,0,0,1762,317,2079,16002,18081,-0.0462253,0.179056,-0.982753,1
0,0,0,0,0,5753,993,6746,27920,34666,-0.0443686,0.181076,-0.982468,1
0,0,0,0,0,1480,356,1836,12344,14180,-0.0397843,0.183991,-0.982122,1
0,0,0,0,0,5478,1029,6507,27612,34119,-0.0460175,0.176808,-0.983169,1
0,0,0,0,0,1437,260,1697,12238,13935,-0.0448682,0.163181,-0.985576,1
0,0,0,0,0,1465,260,1725,12018,13743,-0.0476795,0.166841,-0.984831,1
0,0,0,0,0,1970,360,2330,16563,18893,-0.0516148,0.169693,-0.984144,1
0,0,0,0,0,3387,549,3936,25678,29614,-0.0490816,0.171804,-0.983908,1
0,0,0,0,0,1746,314,2060,16069,18129,-0.0499827,0.17389,-0.983496,1
0,0,0,0,0,1605,291,1896,14758,16654,-0.0534114,0.170083,-0.983981,1
0,0,0,0,0,1770,319,2089,17187,19276,-0.052628,0.171064,-0.983853,1
0,0,0,0,0,2170,391,2561,19760,22321,-0.0528968,0.179236,-0.982383,1
0,0,0,0,0,1859,338,2197,17042,19239,-0.0583869,0.182877,-0.9814,1
0,0,0,0,0,1812,328,2140,18636,20776,-0.0535833,0.17335,-0.983402,1
0,0,0,0,0,1610,297,1907,15217,17124,-0.0470211,0.167319,-0.984781,1
0,0,0,0,0,2249,361,2610,16966,19576,-0.0503347,0.172536,-0.983716,1
0,0,0,0,0,1852,337,2189,16255,18444,-0.0443283,0.17874,-0.982898,1
0,0,0,0,0,2367,435,2802,20380,23182,-0.0395161,0.171779,-0.984343,1
0,0,0,0,0,1994,368,2362,17427,19789,-0.0422861,0.173249,-0.98397,1
0,0,0,0,0,1601,287,1888,15358,17246,-0.0433985,0.173335,-0.983906,1
0,0,0,0,0,6154,1089,7243,28471,35714,-0.0446927,0.175554,-0.983455,1
0,0,0,0,0,1412,258,1670,12776,14446,-0.0497671,0.179988,-0.982409,1
0,0,0,0,0,1639,297,1936,14420,16356,-0.0544019,0.173694,-0.983296,1
0,0,0,0,0,5994,1112,7106,32713,39819,-0.0482162,0.17089,-0.98411,1
0,0,0,0,0,1627,296,1923,13728,15651,-0.0467113,0.170775,-0.984202,1
0,0,0,0,0,1314,284,1598,12534,14132,-0.0454874,0.16964,-0.984456,1
0,0,0,0,0,2120,374,2494,19287,21781,-0.0469532,0.170227,-0.984286,1
0,0,0,0,0,2088,373,2461,19224,21685,-0.0484374,0.172669,-0.983788,1
0,0,0,0,0,6054,1028,7082,24792,31874,-0.0489919,0.173327,-0.983645,1
0,0,0,0,0,1459,263,1722,12964,14686,-0.0498061,0.166909,-0.984713,1
0,0,0,0,0,1793,322,2115,15458,17573,-0.0541095,0.17305,-0.983426,1
0,0,0,0,0,2245,406,2651,25801,28452,-0.0514465,0.177074,-0.982852,1
0,0,0,0,0,6111,1094,7205,26395,33600,-0.0521889,0.177611,-0.982716,1
0,0,0,0,0,5996,1088,7084,29379,36463,-0.0561491,0.169549,-0.983921,1
0,0,0,0,0,1699,294,1993,13757,15750,-0.052483,0.162685,-0.985281,2
0,0,0,0,0,1310,235,1545,11120,12665,-0.0518221,0.167571,-0.984497,2
0,0,0,0,0,1352,235,1587,12570,14157,-0.0502752,0.172388,-0.983745,2
0,0,0,0,0,1587,276,1863,13431,15294,-0.0450529,0.179311,-0.98276,2
0,0,0,0,0,6366,1177,7543,32888,40431,-0.0466182,0.174926,-0.983477,2
0,0,0,0,0,1621,296,1917,13373,15290,-0.0464149,0.174682,-0.983531,2
0,0,0,0,0,1307,237,1544,12099,13643,-0.0439163,0.163567,-0.985554,2
0,0,0,0,0,1486,280,1766,12147,13913,-0.0460896,0.167541,-0.984787,2
0,0,0,0,0,6426,1109,7535,32406,39941,-0.0505634,0.175108,-0.98325,2
0,0,0,0,0,1850,336,2186,14686,16872,-0.0464111,0.17189,-0.984022,2
0,0,0,0,0,1310,239,1549,12211,13760,-0.0471419,0.168164,-0.984631,2
0,0,0,0,0,1308,237,1545,10859,12404,-0.0478903,0.177756,-0.982909,2
0,0,0,0,0,5036,915,5951,28818,34769,-0.0450165,0.17056,-0.984318,2
0,0,0,0,0,1374,248,1622,12262,13884,-0.0456182,0.166855,-0.984926,2
0,0,0,0,0,1377,258,1635,10453,12088,-0.0433704,0.173758,-0.983833,2
0,0,0,0,0,7034,1097,8131,30631,38762,-0.0423376,0.160052,-0.9862,2
0,0,0,0,0,1642,292,1934,9428,11362,-0.0444032,0.162279,-0.985745,2
0,0,0,0,0,6112,1068,7180,21210,28390,-0.0452816,0.166886,-0.984936,2
0,0,0,0,0,1638,302,1940,12537,14477,-0.0460396,0.168683,-0.984594,2
0,0,0,0,0,1923,384,2307,16787,19094,-0.0498032,0.174012,-0.983484,2
0,0,0,0,0,1972,349,2321,18871,21192,-0.0563791,0.181529,-0.981768,2
0,0,0,0,0,2492,446,2938,22618,25556,-0.0512284,0.167478,-0.984544,2
0,0,0,0,0,1714,299,2013,13981,15994,-0.0492106,0.173173,-0.983661,2
0,0,0,0,0,1559,277,1836,14384,16220,-0.0478678,0.176969,-0.983051,2
0,0,0,0,0,1856,338,2194,16559,18753,-0.0430675,0.168365,-0.984784,2
0,0,0,0,0,2223,373,2596,17934,20530,-0.0440873,0.169055,-0.98462,2
0,0,0,0,0,1858,325,2183,15644,17827,-0.0448819,0.165323,-0.985218,2
0,0,0,0,0,1923,357,2280,15587,17867,-0.0500877,0.170619,-0.984063,2
0,0,0,0,0,2206,391,2597,20150,22747,-0.0505893,0.174724,-0.983317,2
0,0,0,0,0,5532,1043,6575,26881,33456,-0.0514299,0.174419,-0.983328,2
0,0,0,0,0,1412,257,1669,12072,13741,-0.0566693,0.176079,-0.982744,2
0,0,0,0,0,1580,287,1867,15868,17735,-0.0534629,0.181396,-0.981956,2
0,0,0,0,0,2177,392,2569,21491,24060,-0.0553653,0.177429,-0.982575,2
0,0,0,0,0,1861,348,2209,17211,19420,-0.0519362,0.183477,-0.981651,2
0,0,0,0,0,5485,979,6464,26316,32780,-0.0544211,0.176721,-0.982755,2
0,0,0,0,0,1435,259,1694,13457,15151,-0.0491175,0.177975,-0.982808,2
0,0,0,0,0,1536,280,1816,15593,17409,-0.0543003,0.180922,-0.981998,2
0,0,0,0,0,1742,318,2060,15561,17621,-0.0461142,0.164955,-0.985222,2
0,0,0,0,0,2192,390,2582,17487,20069,-0.0451369,0.165891,-0.985111,2
0,0,0,0,0,6180,1146,7326,30909,38235,-0.05444,0.167737,-0.984327,2
0,0,0,0,0,1862,300,2162,13327,15489,-0.061684,0.177367,-0.98221,2
0,0,0,0,0,1559,293,1852,14929,16781,-0.066496,0.169947,-0.983207,2
0,0,0,0,0,1810,328,2138,18042,20180,-0.0655506,0.17979,-0.981518,2
0,0,0,0,0,6141,1127,7268,33146,40414,-0.0626196,0.196327,-0.978537,2
0,0,0,0,0,1664,301,1965,14317,16282,-0.0664665,0.20356,-0.976804,2
0,0,0,0,0,1614,294,1908,17779,19687,-0.0610432,0.190122,-0.979861,2
0,0,0,0,0,1629,294,1923,18850,20773,-0.0640432,0.197841,-0.97814,2
0,0,0,0,0,1554,283,1837,19079,20916,-0.0502415,0.189192,-0.980654,2
0,0,0,0,0,1505,278,1783,17387,19170,-0.0546771,0.180917,-0.981977,2
0,0,0,0,0,1908,347,2255,24992,27247,-0.0492548,0.189661,-0.980614,2
0,0,0,0,0,1712,305,2017,19887,21904,-0.0451873,0.209112,-0.976847,2
0,0,0,0,0,1777,314,2091,23851,25942,-0.0510887,0.208637,-0.976658,2
0,0,0,0,0,1434,276,1710,20456,22166,-0.0442982,0.167223,-0.984923,2
0,0,0,0,0,1747,317,2064,25247,27311,-0.0447995,0.181828,-0.98231,2
0,0,0,0,0,1605,284,1889,21910,23799,-0.0585648,0.174617,-0.982893,2
0,0,0,0,0,5841,1042,6883,38680,45563,-0.0519836,0.176805,-0.982872,2
0,0,0,0,0,1433,256,1689,23499,25188,-0.0450437,0.153905,-0.987059,2
0,0,0,0,0,1631,291,1922,22482,24404,-0.0503198,0.18232,-0.981951,2
0,0,0,0,0,1642,295,1937,25388,27325,-0.0541933,0.171359,-0.983717,2
0,0,0,0,0,1404,252,1656,22982,24638,-0.0554247,0.160191,-0.985529,2
0,0,0,0,0,1397,253,1650,24230,25880,-0.0580935,0.177589,-0.982389,2
0,0,0,0,0,1677,302,1979,27333,29312,-0.0818178,0.155914,-0.984377,2
0,0,0,0,0,1525,272,1797,24995,26792,-0.0861778,0.18071,-0.979754,2
0,0,0,0,0,1509,272,1781,27414,29195,-0.0785676,0.18326,-0.97992,2
0,0,0,0,0,4705,835,5540,37240,42780,-0.0832846,0.224215,-0.970975,2
0,0,0,0,0,1335,293,1628,25031,26659,-0.0820422,0.189521,-0.978443,2
0,0,0,0,0,1339,241,1580,24943,26523,-0.0786928,0.228531,-0.970351,2
0,0,0,0,0,4937,883,5820,38820,44640,-0.0912832,0.273618,-0.957497,2
0,0,0,0,0,1276,231,1507,23680,25187,-0.0568046,0.20954,-0.976149,2
0,0,0,0,0,1395,254,1649,26028,27677,-0.074055,0.277116,-0.957978,2
0,0,0,0,0,1226,269,1495,24210,25705,-0.079372,0.241388,-0.967178,2
0,0,0,0,0,1379,241,1620,25657,27277,-0.0696911,0.398893,-0.914345,2
0,0,0,0,0,1378,238,1616,25410,27026,-0.0541786,0.344249,-0.937314,2
0,0,0,0,0,1254,224,1478,23784,25262,-0.0814619,0.416929,-0.905282,2
0,0,0,0,0,1270,257,1527,24434,25961,-0.153485,0.351755,-0.923424,2
0,0,0,0,0,1170,261,1431,23821,25252,-0.0592644,0.349815,-0.934943,2
0,0,0,0,0,1290,234,1524,25471,26995,-0.160997,0.352847,-0.921726,2
0,0,0,0,0,1256,311,1567,24698,26265,-0.0550904,0.364385,-0.929618,2
0,0,0,0,0,1159,265,1424,23649,25073,-0.0467484,0.280273,-0.958782,2
0,0,0,0,0,1264,232,1496,24576,26072,-0.030737,0.491392,-0.870396,2
0,0,0,0,0,4111,746,4857,36738,41595,-0.143218,0.456285,-0.878233,2
0,0,0,0,0,1246,219,1465,23319,24784,0.0478304,0.459243,-0.887022,2
0,0,0,0,0,1320,244,1564,24625,26189,0.0249602,0.378478,-0.925274,2
0,0,0,0,0,1206,218,1424,22494,23918,0.0644248,0.561264,-0.825126,2
0,0,0,0,0,1235,249,1484,23614,25098,0.0610097,0.494401,-0.867091,2
0,0,0,0,0,1188,295,1483,22446,23929,-0.204159,0.553267,-0.807598,2
0,0,0,0,0,1300,238,1538,21921,23459,-0.189714,0.631749,-0.7516,2
0,0,0,0,0,1564,270,1834,22727,24561,-0.207888,0.500408,-0.840461,2
0,0,0,0,0,1554,320,1874,22864,24738,-0.171704,0.577435,-0.798177,2
0,0,0,0,0,4506,816,5322,39427,44749,-0.234279,0.596273,-0.767836,2
0,0,0,0,0,1270,274,1544,19973,21517,-0.17399,0.494764,-0.851432,2
0,0,0,0,0,1174,223,1397,19746,21143,-0.189668,0.676391,-0.711703,2
0,0,0,0,0,1347,250,1597,22254,23851,-0.179915,0.63561,-0.750754,2
0,0,0,0,0,1347,248,1595,20444,22039,-0.104685,0.640584,-0.760719,2
0,0,0,0,0,4484,839,5323,39530,44853,-0.104061,0.527237,-0.843322,2
0,0,0,0,0,1196,247,1443,18084,19527,-0.0942966,0.504677,-0.858143,2
0,0,0,0,0,3078,617,3695,30817,34512,-0.0749963,0.495723,-0.865237,2
0,0,0,0,0,1187,228,1415,15553,16968,0.0768296,0.478208,-0.87488,2
0,0,0,0,0,1305,255,1560,19723,21283,0.141803,0.461295,-0.875842,2
0,0,0,0,0,1506,289,1795,20579,22374,0.185118,0.419582,-0.888641,2
0,0,0,0,0,1325,256,1581,18769,20350,0.0580921,0.403835,-0.912986,2
0,0,0,0,0,1424,267,1691,16000,17691,0.0728272,0.405425,-0.911223,2
0,0,0,0,0,1577,292,1869,16674,18543,0.100908,0.405593,-0.908467,2
0,0,0,0,0,1713,331,2044,17372,19416,0.11937,0.391674,-0.912328,2
0,0,0,0,0,1958,312,2270,18676,20946,0.0822311,0.343959,-0.935377,2
0,0,0,0,0,1124,206,1330,12495,13825,0.132021,0.207219,-0.969345,2
0,0,0,0,0,1451,330,1781,25796,27577,0.0138092,0.110675,-0.993761,2
0,0,0,0,0,1413,264,1677,24394,26071,0.115515,-0.0150873,-0.993191,2
0,0,0,0,0,1423,268,1691,25371,27062,0.043117,-0.0868911,-0.995285,2
0,0,0,0,0,5118,964,6082,39919,46001,-0.0715608,0.0781448,-0.99437,2
0,0,0,0,0,1277,219,1496,21660,23156,-0.0529258,0.114883,-0.991968,2
0,0,0,0,0,1500,255,1755,22667,24422,-0.149961,0.300393,-0.941953,2
0,0,0,0,0,1405,251,1656,22968,24624,-0.104127,0.140057,-0.984653,2
0,0,0,0,0,1444,256,1700,22788,24488,-0.179135,0.219354,-0.959059,2
0,0,0,0,0,1456,274,1730,21608,23338,-0.14723,0.233937,-0.961039,2
0,0,0,0,0,7541,1194,8735,44272,53007,-0.157538,0.428835,-0.88954,2
0,0,0,0,0,1618,256,1874,22823,24697,-0.130469,0.409709,-0.902838,2
0,0,0,0,0,1552,315,1867,22763,24630,-0.148893,0.346514,-0.926153,2
0,0,0,0,0,1624,272,1896,22876,24772,-0.125383,0.370257,-0.920429,2
0,0,0,0,0,1877,327,2204,25420,27624,-0.000183025,0.279805,-0.960057,2
0,0,0,0,0,1628,286,1914,23641,25555,-0.0611004,0.455118,-0.888332,2
0,0,0,0,0,1836,333,2169,27130,29299,-0.125664,0.417558,-0.899919,2
0,0,0,0,0,1493,267,1760,23650,25410,-0.120926,0.381424,-0.916457,2
0,0,0,0,0,1643,277,1920,24718,26638,-0.148371,0.426765,-0.892108,2
0,0,0,0,0,1692,314,2006,24229,26235,-0.129538,0.405173,-0.905017,2
0,0,0,0,0,1498,257,1755,24517,26272,-0.107718,0.401991,-0.909286,2
0,0,0,0,0,5263,906,6169,39717,45886,-0.106247,0.502674,-0.857922,2
0,0,0,0,0,1460,253,1713,23895,25608,-0.119067,0.499287,-0.858217,2
0,0,0,0,0,1413,235,1648,22515,24163,-0.159462,0.557099,-0.814992,2
0,0,0,0,0,1374,237,1611,23110,24721,-0.116104,0.446497,-0.887221,2
0,0,0,0,0,1355,258,1613,23034,24647,-0.135741,0.471554,-0.871327,2
0,0,0,0,0,1410,234,1644,21676,23320,-0.112179,0.446189,-0.88788,2
0,0,0,0,0,1625,237,1862,21328,23190,-0.101808,0.438281,-0.893054,2
0,0,0,0,0,1644,281,1925,24590,26515,-0.0927169,0.413249,-0.905886,2
0,0,0,0,0,1688,309,1997,24046,26043,-0.0924054,0.443449,-0.891524,2
0,0,0,0,0,5679,1055,6734,32600,39334,-0.0739878,0.474836,-0.876959,2
0,0,0,0,0,1465,251,1716,9549,11265,-0.0646801,0.470146,-0.880215,2
0,0,0,0,0,1445,236,1681,15604,17285,-0.0430971,0.345224,-0.937531,2
0,0,0,0,0,1947,338,2285,21064,23349,-0.088971,0.410121,-0.907681,2
0,0,0,0,0,1667,289,1956,-1000,-1000,-1,-1,-1,2
0,0,0,0,0,1862,343,2205,10978,13183,-0.0693323,0.330309,-0.941323,2
0,0,0,0,0,2649,503,3152,9885,13037,-0.110642,0.374357,-0.92066,2
0,0,0,0,0,4787,856,5643,17556,23199,-0.14528,0.371015,-0.917192,2
0,0,0,0,0,6206,883,7089,13575,20664,-0.107714,0.362588,-0.925703,2
0,0,0,0,0,2266,400,2666,8841,11507,-0.129641,0.339013,-0.931807,2
0,0,0,0,0,2256,434,2690,13086,15776,-0.0906651,0.339045,-0.936391,2
0,0,0,0,0,4709,928,5637,23362,28999,-0.0382522,0.352674,-0.934964,2
0,0,0,0,0,2237,428,2665,12957,15622,-0.0620684,0.347768,-0.935524,2
0,0,0,0,0,1637,307,1944,12821,14765,-0.056004,0.338128,-0.939433,2
0,0,0,0,0,2556,497,3053,23517,26570,-0.0695111,0.38132,-0.921826,2
0,0,0,0,0,2319,419,2738,22801,25539,-0.0611366,0.362181,-0.9301,2
0,0,0,0,0,1526,347,1873,18924,20797,-0.057687,0.356247,-0.93261,2
0,0,0,0,0,1802,304,2106,21937,24043,-0.0965195,0.403555,-0.90985,2
0,0,0,0,0,1555,265,1820,23053,24873,-0.0764809,0.373353,-0.924532,2
0,0,0,0,0,1615,274,1889,22853,24742,-0.0856358,0.36727,-0.926164,2
0,0,0,0,0,1487,278,1765,22604,24369,-0.0659029,0.36629,-0.928164,2
0,0,0,0,0,2090,376,2466,31281,33747,-0.0843141,0.404022,-0.910855,2
0,0,0,0,0,1591,260,1851,25229,27080,-0.0717409,0.311093,-0.947668,2
0,0,0,0,0,1560,259,1819,24601,26420,-0.0728502,0.268782,-0.960442,2
0,0,0,0,0,3241,522,3763,30201,33964,-0.0483881,0.169012,-0.984426,2
0,0,0,0,0,6225,1036,7261,44936,52197,-0.0931277,0.374531,-0.922526,2
0,0,0,0,0,1347,244,1591,23733,25324,-0.0637494,0.172052,-0.983023,2
0,0,0,0,0,1362,241,1603,23836,25439,-0.0663487,0.179278,-0.981559,2
0,0,0,0,0,1364,244,1608,23563,25171,-0.0434161,0.202389,-0.978342,2
0,0,0,0,0,1364,242,1606,24069,25675,-0.0506664,0.123596,-0.991038,2
0,0,0,0,0,1397,244,1641,23840,25481,-0.0435682,0.413498,-0.909462,2
0,0,0,0,0,1304,234,1538,24494,26032,-0.124205,0.367317,-0.921765,2
0,0,0,0,0,1278,228,1506,27288,28794,-0.157088,0.385172,-0.909377,2
0,0,0,0,0,1471,279,1750,26123,27873,-0.0248526,0.468269,-0.883237,2
0,0,0,0,0,1221,224,1445,23932,25377,0.0153574,0.428402,-0.903458,2
0,0,0,0,0,1456,267,1723,26365,28088,-0.0169813,0.449553,-0.893092,2
0,0,0,0,0,1483,259,1742,24812,26554,0.0285823,0.459023,-0.887964,2
0,0,0,0,0,1205,220,1425,22850,24275,0.08525,0.467943,-0.879638,2
0,0,0,0,0,1326,262,1588,24014,25602,0.0276031,0.516023,-0.85613,2
0,0,0,0,0,1196,221,1417,22945,24362,0.096266,0.577278,-0.810854,2
0,0,0,0,0,1337,243,1580,23697,25277,0.0219423,0.518855,-0.85458,2
0,0,0,0,0,4945,928,5873,41678,47551,0.0108737,0.513296,-0.858143,2
0,0,0,0,0,1229,228,1457,21191,22648,0.133706,0.588518,-0.797351,2
0,0,0,0,0,1440,271,1711,22911,24622,0.136908,0.632879,-0.762051,2
0,0,0,0,0,1433,268,1701,23336,25037,0.0790746,0.520388,-0.850261,2
0,0,0,0,0,1184,224,1408,20162,21570,0.142356,0.558231,-0.817382,2
0,0,0,0,0,1478,271,1749,23346,25095,0.0668871,0.511203,-0.856854,2
0,0,0,0,0,1383,263,1646,22119,23765,0.110774,0.520765,-0.846483,2
0,0,0,0,0,1458,273,1731,22359,24090,0.147608,0.537339,-0.830348,2
0,0,0,0,0,1336,256,1592,20780,22372,0.1578,0.557452,-0.815074,2
0,0,0,0,0,1312,248,1560,19143,20703,0.0521494,0.471047,-0.880565,2
0,0,0,0,0,1496,273,1769,16746,18515,0.0692417,0.503634,-0.861138,2
0,0,0,0,0,1540,293,1833,17867,19700,0.0375361,0.6162,-0.786695,2
0,0,0,0,0,1550,292,1842,16857,18699,0.0947285,0.574524,-0.812988,2
0,0,0,0,0,5610,1060,6670,29641,36311,0.151485,0.550362,-0.821069,2
0,0,0,0,0,1487,272,1759,13305,15064,0.0595242,0.492979,-0.868003,2
0,0,0,0,0,1453,255,1708,13560,15268,0.219659,0.461755,-0.859379,2
0,0,0,0,0,2012,357,2369,26427,28796,0.229629,0.375755,-0.897819,2
0,0,0,0,0,1304,236,1540,20257,21797,0.187857,0.344092,-0.919951,2
0,0,0,0,0,1333,251,1584,21751,23335,0.242408,0.267742,-0.932498,2
0,0,0,0,0,1335,240,1575,22460,24035,0.269183,0.282613,-0.92069,2
0,0,0,0,0,1198,217,1415,20065,21480,0.100672,0.384242,-0.917727,2
0,0,0,0,0,1734,308,2042,21213,23255,0.227542,0.284927,-0.931151,2
0,0,0,0,0,1415,244,1659,21760,23419,0.0308594,0.442453,-0.896261,2
0,0,0,0,0,1526,266,1792,22173,23965,0.19204,0.255352,-0.947584,2
0,0,0,0,0,1523,266,1789,22620,24409,0.197648,0.256501,-0.94612,2
0,0,0,0,0,1612,270,1882,23379,25261,0.18142,0.333363,-0.925179,2
0,0,0,0,0,1769,305,2074,25619,27693,0.101234,0.320907,-0.941685,2
0,0,0,0,0,1513,259,1772,23177,24949,-0.203338,0.257262,-0.944706,2
0,0,0,0,0,1445,247,1692,21735,23427,-0.138555,0.146912,-0.979397,2
0,0,0,0,0,1636,273,1909,22304,24213,0.0982201,0.297233,-0.94974,2
0,0,0,0,0,1488,299,1787,22997,24784,0.0873031,0.382395,-0.919865,2
0,0,0,0,0,7038,1205,8243,44734,52977,0.0525946,0.462018,-0.885309,2
0,0,0,0,0,1816,278,2094,23469,25563,0.0703948,0.487851,-0.870084,2
0,0,0,0,0,1630,273,1903,23227,25130,-0.21096,0.42715,-0.879226,2
0,0,0,0,0,1647,264,1911,22000,23911,0.0105904,0.503879,-0.86371,2
0,0,0,0,0,3527,576,4103,30260,34363,-0.153056,0.4249,-0.892208,2
0,0,0,0,0,1522,260,1782,22409,24191,-0.147584,0.521047,-0.840672,2
0,0,0,0,0,1601,303,1904,22738,24642,-0.125356,0.531931,-0.837458,2
0,0,0,0,0,1452,248,1700,22791,24491,-0.129648,0.506261,-0.852579,2
0,0,0,0,0,1598,274,1872,24437,26309,-0.0868403,0.592586,-0.800813,2
0,0,0,0,0,1654,287,1941,24963,26904,-0.0462718,0.582656,-0.811401,2
0,0,0,0,0,1403,244,1647,22660,24307,-0.0697004,0.585421,-0.807728,2
0,0,0,0,0,1591,286,1877,22052,23929,-0.0598353,0.575796,-0.815401,2
0,0,0,0,0,1628,281,1909,24287,26196,-0.0645535,0.523666,-0.849475,2
0,0,0,0,0,1434,266,1700,21724,23424,-0.0697753,0.559635,-0.825797,2
0,0,0,0,0,1606,261,1867,14456,16323,-0.024152,0.429833,-0.902585,2
0,0,0,0,0,1922,338,2260,24832,27092,-0.0386286,0.511071,-0.85867,2
0,0,0,0,0,1596,271,1867,11051,12918,-0.0463822,0.448756,-0.89245,2
0,0,0,0,0,2242,402,2644,14624,17268,-0.0763264,0.422234,-0.903268,2
0,0,0,0,0,6693,1107,7800,25236,33036,-0.100847,0.479318,-0.871828,2
0,0,0,0,0,1703,308,2011,10016,12027,-0.129473,0.37913,-0.916241,2
0,0,0,0,0,5818,1087,6905,22739,29644,-0.124253,0.402488,-0.906954,2
0,0,0,0,0,1867,305,2172,11087,13259,-0.104175,0.372548,-0.922147,2
0,0,0,0,0,1450,273,1723,11582,13305,-0.041985,0.347662,-0.936679,2
0,0,0,0,0,2432,445,2877,24796,27673,-0.0287993,0.367606,-0.929536,2
0,0,0,0,0,1840,336,2176,21986,24162,-0.0313079,0.371304,-0.927984,2
0,0,0,0,0,1534,275,1809,20302,22111,-0.0681904,0.381992,-0.921647,2
0,0,0,0,0,1716,308,2024,23651,25675,-0.0659572,0.372533,-0.925672,2
0,0,0,0,0,1526,346,1872,23547,25419,-0.0474515,0.308757,-0.949957,2
0,0,0,0,0,1587,265,1852,21959,23811,-0.0523867,0.332444,-0.941667,2
0,0,0,0,0,1542,279,1821,23181,25002,-0.0776439,0.299619,-0.950894,2
0,0,0,0,0,1624,292,1916,24542,26458,-0.0549404,0.319141,-0.946114,2
0,0,0,0,0,1597,263,1860,23211,25071,-0.092981,0.427292,-0.89932,2
0,0,0,0,0,1643,304,1947,26891,28838,-0.0537836,0.401685,-0.914197,2
0,0,0,0,0,1417,258,1675,23939,25614,-0.0704538,0.396766,-0.915212,2
0,0,0,0,0,1476,265,1741,24885,26626,0.00739008,0.275285,-0.961334,2
0,0,0,0,0,1591,287,1878,25592,27470,0.0288564,0.408298,-0.912392,2
0,0,0,0,0,1246,227,1473,23204,24677,0.0514043,0.334984,-0.940821,2
0,0,0,0,0,1523,276,1799,26697,28496,0.0960351,0.44343,-0.891149,2
0,0,0,0,0,1195,219,1414,23936,25350,0.0866758,0.464007,-0.881581,2
0,0,0,0,0,1224,234,1458,23295,24753,0.0899731,0.546657,-0.832509,2
0,0,0,0,0,1289,237,1526,24279,25805,0.110723,0.540024,-0.834335,2
0,0,0,0,0,4559,835,5394,48573,53967,0.0608719,0.667013,-0.742555,2
0,0,0,0,0,1252,230,1482,39872,41354,0.0981877,0.523057,-0.846623,2
0,0,0,0,0,1189,259,1448,21889,23337,0.159633,0.523905,-0.836685,2
0,0,0,0,0,1506,302,1808,32677,34485,0.10074,0.495485,-0.862755,2
0,0,0,0,0,1268,222,1490,21417,22907,0.164621,0.603128,-0.780472,2
0,0,0,0,0,1288,257,1545,22224,23769,0.182016,0.426694,-0.885891,2
0,0,0,0,0,4294,825,5119,37061,42180,0.202967,0.420104,-0.884487,2
0,0,0,0,0,1270,243,1513,20375,21888,0.222043,0.564506,-0.795003,2
0,0,0,0,0,1241,300,1541,32434,33975,0.144267,0.514657,-0.845172,2
0,0,0,0,0,1289,229,1518,29402,30920,0.177376,0.593955,-0.784701,2
0,0,0,0,0,1250,233,1483,-1000,-1000,-1,-1,-1,2
0,0,0,0,0,4847,699,5546,9730,15276,0.134943,0.0870639,-0.987021,2
0,0,0,0,0,1996,334,2330,12742,15072,0.401553,0.208614,-0.89176,2
0,0,0,0,0,6350,1126,7476,36473,43949,0.400895,0.332814,-0.853533,2
0,0,0,0,0,1695,275,1970,17564,19534,0.356646,0.298183,-0.885376,2
0,0,0,0,0,1545,284,1829,16904,18733,0.545442,0.239442,-0.803219,2
0,0,0,0,0,1607,289,1896,20732,22628,0.559849,0.259307,-0.786975,2
0,0,0,0,0,6079,1074,7153,38145,45298,0.593058,0.288963,-0.751521,2
0,0,0,0,0,1745,250,1995,31274,33269,0.259854,0.440657,-0.859243,2
0,0,0,0,0,1385,228,1613,15714,17327,0.565501,0.333979,-0.7541,2
0,0,0,0,0,1455,255,1710,30751,32461,0.275475,0.416837,-0.866234,2
0,0,0,0,0,1285,221,1506,17768,19274,0.615273,0.291589,-0.732403,2
0,0,0,0,0,1536,264,1800,22548,24348,0.633929,0.297807,-0.713754,2
0,0,0,0,0,1754,314,2068,36774,38842,0.238765,-0.0302572,-0.970606,2
0,0,0,0,0,1342,227,1569,21508,23077,0.0741492,0.0644801,-0.99516,2
0,0,0,0,0,2489,475,2964,37500,40464,0.0117918,0.080081,-0.996719,2
0,0,0,0,0,1537,272,1809,21705,23514,-0.339319,0.104087,-0.934895,2
0,0,0,0,0,1386,238,1624,19179,20803,-0.288416,0.22312,-0.931146,2
0,0,0,0,0,1806,298,2104,20517,22621,-0.321653,0.0772436,-0.943702,2
0,0,0,0,0,1416,242,1658,19841,21499,-0.367441,-0.00391561,-0.930039,2
0,0,0,0,0,1551,279,1830,20099,21929,-0.344814,0.0667931,-0.936292,2
0,0,0,0,0,1578,249,1827,19724,21551,-0.35651,0.0795961,-0.930895,2
0,0,0,0,0,1522,257,1779,19815,21594,-0.325339,0.262705,-0.908373,2
0,0,0,0,0,1568,263,1831,20803,22634,-0.278868,0.419184,-0.864013,2
0,0,0,0,0,7607,1758,9365,42588,51953,-0.291974,0.450939,-0.843448,2
0,0,0,0,0,1593,273,1866,21763,23629,-0.0313336,0.518937,-0.854238,2
0,0,0,0,0,1683,296,1979,24383,26362,0.0446861,0.606488,-0.793836,2
0,0,0,0,0,1497,256,1753,24018,25771,0.0284122,0.554611,-0.831624,2
0,0,0,0,0,1455,254,1709,26874,28583,0.102305,0.489758,-0.865835,2
0,0,0,0,0,6149,769,6918,35214,42132,0.0259786,0.439373,-0.897929,2
0,0,0,0,0,1419,245,1664,24997,26661,0.0501122,0.509802,-0.858831,2
0,0,0,0,0,1422,255,1677,25355,27032,-0.182548,0.513981,-0.838152,2
0,0,0,0,0,1432,308,1740,24855,26595,-0.129228,0.498982,-0.856923,2
0,0,0,0,0,1567,273,1840,26799,28639,-0.146913,0.509772,-0.847673,2
0,0,0,0,0,1506,254,1760,26770,28530,-0.12934,0.579098,-0.804932,2
0,0,0,0,0,1583,269,1852,18570,20422,-0.128532,0.609396,-0.782378,2
0,0,0,0,0,1614,268,1882,20034,21916,-0.0469516,0.463938,-0.884623,2
0,0,0,0,0,2422,376,2798,19038,21836,-0.067371,0.509106,-0.858063,2
0,0,0,0,0,1341,237,1578,18346,19924,-0.0287032,0.394968,-0.918246,2
0,0,0,0,0,1858,309,2167,18431,20598,-0.0686756,0.46604,-0.882094,2
0,0,0,0,0,1583,283,1866,16331,18197,0.0197179,-0.0733307,-0.997113,2
0,0,0,0,0,1759,330,2089,3609,5698,-0.0161524,0.110631,-0.993731,2
0,0,0,0,0,7240,1298,8538,26539,35077,-0.0747468,0.427558,-0.900893,2
0,0,0,0,0,1916,384,2300,10022,12322,-0.0426964,0.281832,-0.958514,2
0,0,0,0,0,1543,285,1828,18046,19874,-0.0244275,0.299073,-0.953918,2
0,0,0,0,0,7444,1234,8678,31919,40597,-0.054542,0.352586,-0.934188,2
0,0,0,0,0,1570,280,1850,19991,21841,-0.0536496,0.292578,-0.954735,2
0,0,0,0,0,1686,314,2000,23233,25233,-0.0616442,0.300853,-0.951676,2
0,0,0,0,0,1741,338,2079,24878,26957,-0.0805086,0.329907,-0.940575,2
0,0,0,0,0,1728,316,2044,24752,26796,-0.0928125,0.296564,-0.950492,2
0,0,0,0,0,1641,309,1950,25122,27072,-0.0709644,0.302654,-0.950455,2
0,0,0,0,0,1446,270,1716,23103,24819,-0.0635511,0.314534,-0.947117,2
0,0,0,0,0,1622,285,1907,24495,26402,-0.0453601,0.338357,-0.939924,2
0,0,0,0,0,1441,255,1696,25090,26786,-0.0454622,0.356729,-0.933101,2
0,0,0,0,0,1351,250,1601,28213,29814,-0.0624322,0.351551,-0.934085,2
0,0,0,0,0,1306,236,1542,26130,27672,0.064023,0.389699,-0.918714,2
0,0,0,0,0,5234,1000,6234,50677,56911,0.0368628,0.334696,-0.941605,2
0,0,0,0,0,1243,226,1469,25251,26720,0.0755644,0.340302,-0.937275,2
0,0,0,0,0,1218,220,1438,22638,24076,0.072686,0.440603,-0.894755,2
0,0,0,0,0,1199,217,1416,22353,23769,0.110278,0.44379,-0.889319,2
0,0,0,0,0,1189,216,1405,22650,24055,0.155912,0.32625,-0.932337,2
0,0,0,0,0,1455,266,1721,23577,25298,0.197736,0.539902,-0.818173,2
0,0,0,0,0,4672,860,5532,38481,44013,0.188542,0.384922,-0.903486,2
0,0,0,0,0,1259,227,1486,20432,21918,0.0811467,0.454607,-0.886988,2
0,0,0,0,0,1436,260,1696,25398,27094,0.184055,0.463689,-0.86667,2
0,0,0,0,0,1191,265,1456,21057,22513,0.140108,0.63768,-0.757452,2
0,0,0,0,0,5051,894,5945,41841,47786,0.075544,0.583584,-0.808532,2
0,0,0,0,0,1309,236,1545,21077,22622,0.100638,0.547953,-0.830433,2
0,0,0,0,0,1248,227,1475,21256,22731,0.10292,0.669104,-0.736008,2
0,0,0,0,0,1225,230,1455,32378,33833,0.480276,0.456094,-0.749208,2
0,0,0,0,0,1240,227,1467,19847,21314,0.132984,0.614346,-0.77775,2
0,0,0,0,0,1270,229,1499,34140,35639,0.0327829,0.471381,-0.881321,2
0,0,0,0,0,5032,893,5925,23354,29279,-0.0293898,0.462885,-0.885932,2
0,0,0,0,0,1517,248,1765,8534,10299,0.0185588,0.491712,-0.87056,2
0,0,0,0,0,2120,345,2465,12555,15020,-0.0595854,0.551453,-0.832075,2
0,0,0,0,0,2988,472,3460,12045,15505,-0.0604937,0.591671,-0.803907,2
0,0,0,0,0,4311,733,5044,13876,18920,-0.0614272,0.599779,-0.797804,2
0,0,0,0,0,3198,520,3718,13299,17017,-0.0607711,0.652566,-0.755292,2
0,0,0,0,0,1644,260,1904,8096,10000,0.189547,0.559064,-0.807167,2
0,0,0,0,0,3643,608,4251,34718,38969,0.346548,0.323482,-0.880491,2
0,0,0,0,0,1626,257,1883,20520,22403,0.332787,0.141368,-0.932345,2
0,0,0,0,0,1424,240,1664,20854,22518,0.240731,0.247773,-0.938434,2
0,0,0,0,0,1602,271,1873,21793,23666,0.188142,0.375123,-0.907681,2
0,0,0,0,0,1766,296,2062,22788,24850,0.222554,0.304551,-0.926131,2
0,0,0,0,0,1747,291,2038,21106,23144,0.196491,0.342224,-0.918844,2
0,0,0,0,0,6692,1103,7795,38692,46487,0.0518818,0.468521,-0.881928,2
0,0,0,0,0,1789,349,2138,22114,24252,0.0829691,0.358495,-0.929838,2
0,0,0,0,0,1626,270,1896,22734,24630,0.0112261,0.46123,-0.88721,2
0,0,0,0,0,1755,303,2058,24820,26878,0.0457758,0.471686,-0.880578,2
0,0,0,0,0,1626,268,1894,23374,25268,-0.148232,0.384803,-0.911018,2
0,0,0,0,0,1526,257,1783,23471,25254,-0.187445,0.47599,-0.859243,2
0,0,0,0,0,1909,299,2208,25807,28015,-0.189627,0.43893,-0.878284,2
0,0,0,0,0,1548,265,1813,24644,26457,-0.000894465,0.33406,-0.942551,2
0,0,0,0,0,1602,280,1882,24516,26398,-0.105482,0.403311,-0.908963,2
0,0,0,0,0,1622,267,1889,24261,26150,-0.0610387,0.441668,-0.8951,2
0,0,0,0,0,1609,275,1884,26777,28661,-0.187515,0.486966,-0.853055,2
0,0,0,0,0,1605,266,1871,24125,25996,-0.181952,0.464042,-0.866925,2
0,0,0,0,0,1399,241,1640,22817,24457,-0.132955,0.422979,-0.896332,2
0,0,0,0,0,1501,263,1764,23355,25119,-0.155064,0.460696,-0.873907,2
0,0,0,0,0,1405,235,1640,21283,22923,-0.149874,0.538695,-0.829063,2
0,0,0,0,0,1364,219,1583,18611,20194,-0.114939,0.521887,-0.845235,2
0,0,0,0,0,1539,246,1785,22503,24288,0.202042,-0.387762,-0.899344,2
0,0,0,0,0,1322,247,1569,1899,3468,0.192034,-0.323561,-0.926516,2
0,0,0,0,0,3002,540,3542,4560,8102,0.171384,-0.207519,-0.963101,2
0,0,0,0,0,6118,1048,7166,10050,17216,0.157164,-0.0978013,-0.982718,2
0,0,0,0,0,4850,826,5676,7518,13194,-0.0468183,0.315098,-0.947904,2
0,0,0,0,0,4535,811,5346,23683,29029,-0.0367095,0.233214,-0.971732,2
0,0,0,0,0,2008,378,2386,22789,25175,-0.0239989,0.207426,-0.977956,2
0,0,0,0,0,1474,273,1747,17720,19467,-0.0252556,0.211503,-0.977051,2
0,0,0,0,0,1592,289,1881,20343,22224,-0.0389616,0.201417,-0.97873,2
0,0,0,0,0,1751,317,2068,26557,28625,-0.0410907,0.209604,-0.976923,2
0,0,0,0,0,5901,1063,6964,40046,47010,-0.0538475,0.273802,-0.960277,2
0,0,0,0,0,1413,256,1669,26561,28230,-0.0360593,0.238416,-0.970493,2
0,0,0,0,0,1404,258,1662,24007,25669,-0.0191197,0.192595,-0.981092,2
0,0,0,0,0,1704,305,2009,27374,29383,-0.0387342,0.236087,-0.97096,2
0,0,0,0,0,1483,266,1749,26061,27810,-0.0232625,0.264913,-0.963992,2
0,0,0,0,0,5531,979,6510,39587,46097,-0.0206288,0.370571,-0.928575,2
0,0,0,0,0,1303,229,1532,25817,27349,0.00109296,0.484737,-0.874659,2
0,0,0,0,0,1294,224,1518,24205,25723,0.0205227,0.483724,-0.87498,2
0,0,0,0,0,1183,221,1404,24493,25897,0.0744642,0.346126,-0.935228,2
0,0,0,0,0,1170,214,1384,23483,24867,0.101018,0.412604,-0.905292,2
0,0,0,0,0,1302,240,1542,24748,26290,0.0888876,0.49108,-0.866568,2
0,0,0,0,0,1328,241,1569,24744,26313,0.193692,0.450763,-0.871376,2
0,0,0,0,0,4407,778,5185,38275,43460,0.176391,0.600207,-0.780153,2
0,0,0,0,0,1230,222,1452,21972,23424,0.230456,0.438432,-0.868716,2
0,0,0,0,0,1218,219,1437,20758,22195,0.265092,0.567417,-0.779592,2
0,0,0,0,0,1298,237,1535,22898,24433,0.256846,0.532844,-0.806293,2
0,0,0,0,0,1410,260,1670,22925,24595,0.202452,0.499098,-0.842564,2
0,0,0,0,0,1179,217,1396,21144,22540,0.229805,0.510196,-0.828788,2
0,0,0,0,0,1263,233,1496,21790,23286,0.177877,0.435627,-0.882377,2
0,0,0,0,0,1381,256,1637,22042,23679,0.199361,0.661272,-0.72317,2
0,0,0,0,0,1335,252,1587,22624,24211,0.229763,0.512986,-0.827076,2
0,0,0,0,0,1159,217,1376,19496,20872,0.207799,0.491057,-0.84598,2
0,0,0,0,0,1336,250,1586,22305,23891,0.15642,0.442751,-0.882896,2
0,0,0,0,0,1294,241,1535,21123,22658,0.232389,0.403717,-0.884878,2
0,0,0,0,0,1327,255,1582,21068,22650,0.207555,0.478218,-0.853363,2
0,0,0,0,0,1167,218,1385,20091,21476,0.175517,0.382727,-0.907036,2
0,0,0,0,0,1428,266,1694,22052,23746,0.302168,0.377772,-0.875205,2
0,0,0,0,0,1172,215,1387,18174,19561,0.169895,0.38537,-0.906987,2
0,0,0,0,0,1287,244,1531,20424,21955,0.221314,0.434579,-0.873019,2
0,0,0,0,0,1483,258,1741,21483,23224,0.312771,0.443199,-0.840089,2
0,0,0,0,0,5606,995,6601,46629,53230,0.213888,0.486022,-0.84737,2
0,0,0,0,0,1450,264,1714,19880,21594,0.201885,0.461458,-0.863886,2
0,0,0,0,0,1223,216,1439,19376,20815,0.192556,0.391361,-0.899866,2
0,0,0,0,0,1173,218,1391,19354,20745,0.171613,0.305398,-0.936633,2
0,0,0,0,0,3282,592,3874,33452,37326,0.186745,0.361566,-0.913453,2
0,0,0,0,0,1300,236,1536,19275,20811,0.14247,0.435083,-0.889047,2
0,0,0,0,0,4973,949,5922,37922,43844,0.214789,0.472818,-0.854582,2
0,0,0,0,0,1345,238,1583,19665,21248,0.168757,0.578408,-0.798101,2
0,0,0,0,0,2460,487,2947,37446,40393,0.129645,0.47062,-0.87276,2
0,0,0,0,0,1242,230,1472,19504,20976,0.159658,0.419299,-0.893699,2
0,0,0,0,0,1286,221,1507,18814,20321,0.119553,0.40443,-0.906721,2
0,0,0,0,0,1394,256,1650,19780,21430,0.156965,0.427347,-0.890358,2
0,0,0,0,0,1168,223,1391,18971,20362,0.169276,0.451287,-0.876177,2
0,0,0,0,0,1455,279,1734,23371,25105,0.16368,0.359813,-0.918555,2
0,0,0,0,0,4934,984,5918,39145,45063,0.165706,0.394298,-0.903919,2
0,0,0,0,0,1297,236,1533,19340,20873,0.16149,0.455626,-0.875401,2
0,0,0,0,0,1383,257,1640,20633,22273,0.200784,0.391861,-0.897848,2
0,0,0,0,0,4630,654,5284,30196,35480,0.167453,0.413445,-0.894999,2
0,0,0,0,0,1450,227,1677,19412,21089,0.150804,0.38777,-0.909337,2
0,0,0,0,0,1184,219,1403,18657,20060,0.163363,0.334559,-0.928107,2
0,0,0,0,0,1387,266,1653,21194,22847,0.142231,0.370787,-0.917763,2
0,0,0,0,0,1619,259,1878,21519,23397,0.214271,0.505947,-0.835527,2
0,0,0,0,0,1405,242,1647,19484,21131,0.124345,0.545681,-0.828716,2
0,0,0,0,0,1642,276,1918,23308,25226,0.179796,0.360688,-0.915193,2
0,0,0,0,0,1399,265,1664,20405,22069,0.177978,0.419593,-0.890093,2
0,0,0,0,0,1508,282,1790,22637,24427,0.2326,0.359871,-0.903543,2
0,0,0,0,0,1336,250,1586,19650,21236,0.182585,0.359595,-0.915071,2
0,0,0,0,0,1223,262,1485,18842,20327,0.157974,0.346844,-0.924523,2
0,0,0,0,0,1303,246,1549,19668,21217,0.203528,0.480253,-0.85319,2
0,0,0,0,0,1282,238,1520,21230,22750,0.164171,0.404186,-0.899823,2
0,0,0,0,0,1520,266,1786,22425,24211,0.17612,0.388633,-0.904404,2
0,0,0,0,0,1218,227,1445,19026,20471,0.158057,0.34445,-0.925404,2
0,0,0,0,0,1621,299,1920,24105,26025,0.11459,0.380835,-0.917515,2
0,0,0,0,0,4913,992,5905,35469,41374,0.134613,0.416198,-0.899254,2
0,0,0,0,0,1294,273,1567,18898,20465,0.0908076,0.43994,-0.893424,2
0,0,0,0,0,1498,262,1760,20464,22224,0.123711,0.381604,-0.91601,2
0,0,0,0,0,1191,252,1443,18095,19538,0.102231,0.423075,-0.900309,2
0,0,0,0,0,5734,1140,6874,38516,45390,0.121578,0.407131,-0.905242,2
0,0,0,0,0,1330,247,1577,18761,20338,0.190831,0.42401,-0.885324,2
0,0,0,0,0,1321,243,1564,19660,21224,0.210297,0.363728,-0.907456,2
0,0,0,0,0,5996,1118,7114,45051,52165,0.246743,0.396436,-0.884283,2
0,0,0,0,0,1504,272,1776,18498,20274,0.202479,0.372086,-0.905845,2
0,0,0,0,0,1196,221,1417,17932,19349,0.133575,0.353831,-0.925722,2
0,0,0,0,0,1188,253,1441,18241,19682,0.133948,0.409448,-0.902447,2
0,0,0,0,0,1234,225,1459,18073,19532,0.105059,0.359195,-0.92733,2
0,0,0,0,0,1440,256,1696,20710,22406,0.161771,0.379171,-0.911076,2
0,0,0,0,0,1456,268,1724,22777,24501,0.13829,0.393469,-0.908877,2
0,0,0,0,0,1203,238,1441,18310,19751,0.165272,0.416358,-0.894053,2
0,0,0,0,0,1358,256,1614,20467,22081,0.121998,0.343223,-0.931297,2
0,0,0,0,0,5695,1037,6732,39107,45839,0.107094,0.393459,-0.913083,2
0,0,0,0,0,1364,244,1608,18393,20001,0.155097,0.451387,-0.878746,2
0,0,0,0,0,1347,250,1597,20086,21683,0.214598,0.357957,-0.908744,2
0,0,0,0,0,1371,271,1642,20329,21971,0.204417,0.551857,-0.808497,2
0,0,0,0,0,1426,286,1712,19834,21546,0.0979992,0.347789,-0.932437,2
0,0,0,0,0,5102,913,6015,38632,44647,0.136105,0.364454,-0.921222,2
0,0,0,0,0,1442,271,1713,18434,20147,0.222534,0.490679,-0.842445,2
0,0,0,0,0,3306,606,3912,31866,35778,0.141395,0.386575,-0.911355,2
0,0,0,0,0,1289,244,1533,18503,20036,0.179057,0.3526,-0.918484,2
0,0,0,0,0,1269,232,1501,18760,20261,0.124261,0.286031,-0.950129,2
0,0,0,0,0,5048,964,6012,35323,41335,0.141887,0.326156,-0.934607,2
0,0,0,0,0,1288,238,1526,17661,19187,0.174847,0.386598,-0.905522,2
0,0,0,0,0,1198,229,1427,18265,19692,0.134281,0.418219,-0.898366,2
0,0,0,0,0,5591,1012,6603,45311,51914,0.211135,0.354482,-0.910914,2
0,0,0,0,0,1484,278,1762,18387,20149,0.118907,0.396617,-0.91025,3
0,0,0,0,0,1270,234,1504,18101,19605,0.142318,0.385985,-0.911461,3
0,0,0,0,0,1498,274,1772,23842,25614,0.136607,0.392026,-0.909755,3
0,0,0,0,0,1753,324,2077,25597,27674,0.095676,0.40922,-0.907405,3
0,0,0,0,0,5518,1086,6604,35822,42426,0.157314,0.425215,-0.891316,3
0,0,0,0,0,1329,306,1635,18312,19947,0.122689,0.398538,-0.908909,3
0,0,0,0,0,1471,280,1751,20833,22584,0.202216,0.389304,-0.898638,3
0,0,0,0,0,5273,958,6231,38866,45097,0.21426,0.411558,-0.88584,3
0,0,0,0,0,1392,241,1633,18648,20281,0.188621,0.379346,-0.905825,3
0,0,0,0,0,1447,330,1777,19757,21534,0.119966,0.290775,-0.949241,3
0,0,0,0,0,1473,258,1731,17358,19089,0.151299,0.411906,-0.898578,3
0,0,0,0,0,5726,1089,6815,36673,43488,0.1004,0.3832,-0.918193,3
0,0,0,0,0,1566,286,1852,17629,19481,0.133495,0.397051,-0.908036,3
0,0,0,0,0,3318,622,3940,38276,42216,0.0949807,0.35786,-0.928932,3
0,0,0,0,0,1420,262,1682,17254,18936,0.109237,0.384127,-0.916795,3
0,0,0,0,0,1319,256,1575,19223,20798,0.108895,0.336383,-0.935408,3
0,0,0,0,0,1244,233,1477,16979,18456,0.127613,0.403537,-0.906021,3
0,0,0,0,0,1461,268,1729,20688,22417,0.115156,0.34332,-0.932132,3
0,0,0,0,0,1306,251,1557,17875,19432,0.131374,0.389867,-0.911452,3
0,0,0,0,0,1464,272,1736,20347,22083,0.110618,0.345155,-0.932004,3
0,0,0,0,0,1494,254,1748,18676,20424,0.136771,0.373316,-0.917567,3
0,0,0,0,0,1533,277,1810,20660,22470,0.17324,0.355954,-0.918306,3
0,0,0,0,0,1441,274,1715,20161,21876,0.139571,0.359367,-0.9227,3
0,0,0,0,0,1322,253,1575,18844,20419,0.118323,0.4097,-0.904514,3
0,0,0,0,0,1441,264,1705,19859,21564,0.137144,0.39334,-0.909107,3
0,0,0,0,0,1560,282,1842,20800,22642,0.162827,0.410442,-0.897232,3
0,0,0,0,0,1567,293,1860,21258,23118,0.168352,0.357966,-0.918433,3
0,0,0,0,0,5926,965,6891,31932,38823,0.110223,0.313222,-0.943262,3
0,0,0,0,0,1307,228,1535,15706,17241,0.148785,0.338852,-0.929001,3
0,0,0,0,0,1254,226,1480,16657,18137,0.171239,0.375443,-0.91089,3
0,0,0,0,0,1499,270,1769,21085,22854,0.151212,0.316976,-0.936302,3
0,0,0,0,0,1647,294,1941,20825,22766,0.162667,0.378546,-0.911177,3
0,0,0,0,0,1463,277,1740,19725,21465,0.109704,0.287524,-0.95147,3
0,0,0,0,0,1492,268,1760,13896,15656,0.215068,0.346146,-0.913197,3
0,0,0,0,0,6224,1144,7368,40900,48268,0.149644,0.279279,-0.948477,3
0,0,0,0,0,1385,261,1646,15978,17624,0.15412,0.28734,-0.945348,3
0,0,0,0,0,3664,650,4314,26280,30594,0.136315,0.260243,-0.955872,3
0,0,0,0,0,1278,264,1542,14519,16061,0.116892,0.246617,-0.962038,3
0,0,0,0,0,1682,309,1991,17317,19308,0.0982522,0.269419,-0.957997,3
0,0,0,0,0,1631,286,1917,15442,17359,0.135656,0.30267,-0.943392,3
0,0,0,0,0,2074,366,2440,24349,26789,0.149134,0.310302,-0.938867,3
0,0,0,0,0,1585,279,1864,18606,20470,0.128228,0.301238,-0.944888,3
0,0,0,0,0,1454,253,1707,16681,18388,0.149646,0.321696,-0.934943,3
0,0,0,0,0,1441,274,1715,17112,18827,0.0981578,0.251833,-0.96278,3
0,0,0,0,0,1453,247,1700,12658,14358,0.107069,0.253868,-0.961294,3
0,0,0,0,0,1899,329,2228,17403,19631,0.101239,0.258887,-0.960587,3
0,0,0,0,0,2865,493,3358,22692,26050,0.0572076,0.231194,-0.971224,3
0,0,0,0,0,2000,330,2330,10801,13131,0.0449578,0.23147,-0.971803,3
0,0,0,0,0,1878,315,2193,9701,11894,0.0670401,0.263852,-0.96223,3
0,0,0,0,0,3438,485,3923,18643,22566,0.107114,0.260188,-0.959598,3
0,0,0,0,0,2344,407,2751,19897,22648,0.101256,0.283997,-0.953464,3
0,0,0,0,0,1735,314,2049,17260,19309,0.123512,0.290333,-0.948922,3
0,0,0,0,0,1839,323,2162,20407,22569,0.137897,0.291443,-0.946597,3
0,0,0,0,0,1607,283,1890,18332,20222,0.150031,0.292471,-0.944432,3
0,0,0,0,0,1554,272,1826,17687,19513,0.11902,0.25884,-0.95856,3
0,0,0,0,0,1597,272,1869,15766,17635,0.0821356,0.223675,-0.971197,3
0,0,0,0,0,1728,292,2020,10279,12299,0.120688,0.243499,-0.962363,3
0,0,0,0,0,2914,501,3415,26202,29617,0.112472,0.261764,-0.958556,3
0,0,0,0,0,1742,300,2042,13811,15853,0.105342,0.275766,-0.955435,3
0,0,0,0,0,5871,1010,6881,29367,36248,0.0855718,0.307632,-0.94765,3
0,0,0,0,0,1583,272,1855,11454,13309,0.0517402,0.308759,-0.949732,3
0,0,0,0,0,1591,271,1862,11774,13636,0.0502767,0.353698,-0.934008,3
0,0,0,0,0,2208,374,2582,15139,17721,0.0829521,0.359529,-0.929439,3
0,0,0,0,0,2923,499,3422,20290,23712,0.085811,0.345976,-0.934311,3
0,0,0,0,0,2031,342,2373,15095,17468,0.0578447,0.383357,-0.921787,3
0,0,0,0,0,2155,360,2515,13659,16174,0.060521,0.421986,-0.90458,3
0,0,0,0,0,2503,404,2907,15844,18751,0.0634561,0.451334,-0.890096,3
0,0,0,0,0,2532,406,2938,16034,18972,0.240808,0.285736,-0.927559,3
0,0,0,0,0,6224,1112,7336,42603,49939,0.189997,0.321259,-0.927736,3
0,0,0,0,0,1534,264,1798,20432,22230,0.139594,0.381516,-0.913761,3
0,0,0,0,0,1440,253,1693,20287,21980,0.274261,0.125885,-0.95338,3
0,0,0,0,0,1399,263,1662,20468,22130,0.132482,0.139929,-0.981258,3
0,0,0,0,0,1453,254,1707,22249,23956,0.142216,0.247862,-0.9583,3
0,0,0,0,0,6753,1110,7863,38271,46134,0.189226,0.157631,-0.969199,3
0,0,0,0,0,1601,307,1908,21942,23850,0.206109,0.19667,-0.958562,3
0,0,0,0,0,1559,265,1824,21780,23604,0.0533165,0.207654,-0.976748,3
0,0,0,0,0,1712,313,2025,26793,28818,0.0639738,0.234319,-0.970053,3
0,0,0,0,0,7011,837,7848,36563,44411,0.0139972,0.266728,-0.96367,3
0,0,0,0,0,1507,273,1780,24791,26571,0.0240286,0.353443,-0.935147,3
0,0,0,0,0,1475,292,1767,24342,26109,-0.00186429,0.311092,-0.950378,3
0,0,0,0,0,7407,1151,8558,39538,48096,-0.0340684,0.390928,-0.91979,3
0,0,0,0,0,1408,253,1661,24484,26145,-0.107838,0.435801,-0.893559,3
0,0,0,0,0,1387,243,1630,24148,25778,-0.0538619,0.357842,-0.932228,3
0,0,0,0,0,3312,482,3794,23525,27319,-0.144396,0.522323,-0.840434,3
0,0,0,0,0,1365,235,1600,21603,23203,-0.122529,0.497847,-0.858566,3
0,0,0,0,0,1354,221,1575,14941,16516,-0.120508,0.431554,-0.894002,3
0,0,0,0,0,1559,246,1805,15199,17004,-0.0775004,0.316979,-0.945261,3
0,0,0,0,0,6019,1038,7057,30799,37856,-0.0762005,0.3813,-0.921306,3
0,0,0,0,0,1545,263,1808,47077,48885,-0.0370236,0.275022,-0.960725,3
0,0,0,0,0,1284,251,1535,18844,20379,-0.0634841,0.282095,-0.957284,3
0,0,0,0,0,1442,256,1698,17351,19049,-0.0114085,0.177394,-0.984074,3
0,0,0,0,0,1384,265,1649,23058,24707,-0.0370512,0.261721,-0.964432,3
0,0,0,0,0,1399,256,1655,11368,13023,0.00520206,0.14669,-0.989169,3
0,0,0,0,0,2103,393,2496,29827,32323,-0.00133234,0.167865,-0.985809,3
0,0,0,0,0,1349,254,1603,18787,20390,-0.0230339,0.142425,-0.989537,3
0,0,0,0,0,1509,272,1781,17674,19455,-0.0357857,0.146227,-0.988604,3
0,0,0,0,0,6881,1199,8080,34937,43017,-0.0609489,0.180123,-0.981754,3
0,0,0,0,0,1580,294,1874,15853,17727,-0.0429525,0.138579,-0.98942,3
0,0,0,0,0,1446,263,1709,16508,18217,-0.0387037,0.139466,-0.98947,3
0,0,0,0,0,1622,315,1937,24505,26442,-0.0401931,0.145763,-0.988503,3
0,0,0,0,0,1778,341,2119,25983,28102,-0.021208,0.118845,-0.992686,3
0,0,0,0,0,1403,263,1666,23441,25107,-0.0294302,0.114562,-0.99298,3
0,0,0,0,0,1408,309,1717,25584,27301,-0.0170723,0.122248,-0.992353,3
0,0,0,0,0,1513,289,1802,25339,27141,-0.00646749,0.115125,-0.99333,3
0,0,0,0,0,1445,261,1706,24862,26568,-0.022151,0.105845,-0.994136,3
0,0,0,0,0,1541,288,1829,27975,29804,-0.0169677,0.137443,-0.990364,3
0,0,0,0,0,1478,266,1744,26882,28626,-0.0331351,0.102405,-0.994191,3
0,0,0,0,0,1368,250,1618,26294,27912,-0.0329186,0.0858268,-0.995766,3
0,0,0,0,0,1453,266,1719,27473,29192,-0.00286424,0.155215,-0.987877,3
0,0,0,0,0,1315,237,1552,25723,27275,0.0116785,0.133076,-0.991037,3
0,0,0,0,0,1285,238,1523,26559,28082,-0.0186605,0.133239,-0.990908,3
0,0,0,0,0,5255,951,6206,41735,47941,0.00559982,0.277376,-0.960745,3
0,0,0,0,0,1235,272,1507,26355,27862,-0.000257556,0.256745,-0.966479,3
0,0,0,0,0,1354,252,1606,26914,28520,-0.0778315,0.236418,-0.968529,3
0,0,0,0,0,1432,270,1702,27775,29477,-0.0615869,0.321121,-0.945034,3
0,0,0,0,0,1183,215,1398,24513,25911,0.0449776,0.304662,-0.951398,3
0,0,0,0,0,5076,942,6018,42363,48381,0.0900451,0.423089,-0.901603,3
0,0,0,0,0,1171,222,1393,23541,24934,0.104419,0.305573,-0.946426,3
0,0,0,0,0,1167,216,1383,23170,24553,0.0722106,0.560994,-0.824665,3
0,0,0,0,0,1332,216,1548,23415,24963,0.187932,0.557761,-0.808446,3
0,0,0,0,0,1201,227,1428,20941,22369,0.201583,0.527886,-0.825046,3
0,0,0,0,0,1201,226,1427,20101,21528,0.182041,0.55728,-0.810124,3
0,0,0,0,0,1661,282,1943,24820,26763,0.18287,0.533141,-0.826027,3
0,0,0,0,0,1354,250,1604,20397,22001,0.119965,0.412085,-0.903214,3
0,0,0,0,0,1744,331,2075,20934,23009,0.0658665,0.410044,-0.909684,3
0,0,0,0,0,1864,327,2191,14582,16773,0.042116,0.351961,-0.935067,3
0,0,0,0,0,2711,473,3184,15563,18747,0.00303805,0.363167,-0.931719,3
0,0,0,0,0,6098,945,7043,18932,25975,-0.00162679,0.441197,-0.897409,3
0,0,0,0,0,2397,392,2789,13771,16560,0.00560891,0.509645,-0.860367,3
0,0,0,0,0,1681,276,1957,9947,11904,-0.000113359,0.637277,-0.770635,3
0,0,0,0,0,3476,566,4042,21015,25057,-0.016192,0.361363,-0.932285,3
0,0,0,0,0,2839,496,3335,35351,38686,0.135998,0.0992055,-0.98573,3
0,0,0,0,0,1368,241,1609,22325,23934,0.030731,0.284678,-0.958131,3
0,0,0,0,0,1574,272,1846,24490,26336,0.0651746,0.231085,-0.970748,3
0,0,0,0,0,1751,303,2054,25710,27764,-0.196793,0.156735,-0.967836,3
0,0,0,0,0,1788,304,2092,24143,26235,-0.168006,0.285782,-0.943453,3
0,0,0,0,0,1681,279,1960,24160,26120,-0.12058,0.27311,-0.954396,3
0,0,0,0,0,1612,271,1883,23899,25782,-0.10198,0.2503,-0.962783,3
0,0,0,0,0,1615,310,1925,24818,26743,-0.0893572,0.360684,-0.928398,3
0,0,0,0,0,1464,266,1730,24451,26181,-0.0876822,0.263443,-0.960682,3
0,0,0,0,0,1496,269,1765,24459,26224,-0.0727003,0.281482,-0.956809,3
0,0,0,0,0,1573,270,1843,26032,27875,-0.136364,0.342704,-0.929494,3
0,0,0,0,0,1514,293,1807,24814,26621,-0.0921021,0.360693,-0.928126,3
0,0,0,0,0,1515,267,1782,25260,27042,-0.123169,0.382574,-0.915679,3
0,0,0,0,0,1364,239,1603,22324,23927,-0.120433,0.358144,-0.925867,3
0,0,0,0,0,1632,267,1899,13278,15177,-0.0725603,0.284645,-0.955883,3
0,0,0,0,0,1993,327,2320,10344,12664,-0.0627813,0.239265,-0.968922,3
0,0,0,0,0,2976,467,3443,12816,16259,-0.103175,0.331068,-0.937949,3
0,0,0,0,0,6112,975,7087,29645,36732,-0.21785,0.148666,-0.964593,3
0,0,0,0,0,1605,273,1878,8420,10298,-0.0357282,0.228332,-0.972927,3
0,0,0,0,0,1711,299,2010,9612,11622,-0.010802,0.155116,-0.987838,3
0,0,0,0,0,3318,618,3936,21314,25250,-0.0193555,0.196384,-0.980336,3
0,0,0,0,0,5786,1126,6912,27206,34118,-0.00111449,0.244596,-0.969625,3
0,0,0,0,0,1510,296,1806,17860,19666,0.00670845,0.206461,-0.978432,3
0,0,0,0,0,1432,271,1703,22066,23769,0.0142365,0.175271,-0.984417,3
0,0,0,0,0,1430,263,1693,22953,24646,0.00466948,0.171198,-0.985226,3
0,0,0,0,0,1570,260,1830,25018,26848,-0.00738047,0.184208,-0.98286,3
0,0,0,0,0,1415,294,1709,23920,25629,-0.0287618,0.188235,-0.981703,3
0,0,0,0,0,1708,307,2015,27492,29507,-0.0305547,0.098894,-0.994629,3
0,0,0,0,0,1375,279,1654,25980,27634,-0.0154575,0.0874109,-0.996053,3
0,0,0,0,0,1500,269,1769,25585,27354,-0.0361229,0.199376,-0.979257,3
0,0,0,0,0,1343,259,1602,24247,25849,-0.0481353,0.230645,-0.971847,3
0,0,0,0,0,1267,233,1500,24840,26340,-0.0104659,0.163712,-0.986453,3
0,0,0,0,0,1365,252,1617,25818,27435,0.000578426,0.260254,-0.96554,3
0,0,0,0,0,1266,230,1496,25055,26551,0.0350615,0.243775,-0.969198,3
0,0,0,0,0,1239,227,1466,24013,25479,0.00702783,0.33254,-0.943063,3
0,0,0,0,0,1217,229,1446,24814,26260,0.121899,0.377927,-0.917776,3
0,0,0,0,0,4454,865,5319,42447,47766,0.00316511,0.506217,-0.8624,3
0,0,0,0,0,1319,249,1568,24221,25789,0.134789,0.438642,-0.888496,3
0,0,0,0,0,1264,278,1542,21499,23041,0.156399,0.473178,-0.866973,3
0,0,0,0,0,1351,245,1596,24135,25731,0.0842143,0.52087,-0.849472,3
0,0,0,0,0,1339,250,1589,24406,25995,0.155421,0.601784,-0.78339,3
0,0,0,0,0,1169,220,1389,21431,22820,0.0536162,0.445037,-0.893905,3
0,0,0,0,0,5177,904,6081,41166,47247,0.0973699,0.620524,-0.778118,3
0,0,0,0,0,1371,236,1607,14956,16563,0.154283,0.503133,-0.850326,3
0,0,0,0,0,1217,221,1438,11691,13129,0.148512,0.376487,-0.91444,3
0,0,0,0,0,1461,253,1714,12394,14108,0.275506,0.204237,-0.939353,3
0,0,0,0,0,1801,335,2136,25359,27495,0.213182,0.182943,-0.959732,3
0,0,0,0,0,6182,1047,7229,41540,48769,0.203884,0.415429,-0.886482,3
0,0,0,0,0,1510,262,1772,20652,22424,0.211949,0.315705,-0.924883,3
0,0,0,0,0,1524,246,1770,21527,23297,0.149667,0.316642,-0.936663,3
0,0,0,0,0,1547,260,1807,22073,23880,0.0966616,0.289505,-0.952283,3
0,0,0,0,0,1695,275,1970,22643,24613,0.118319,0.213178,-0.969823,3
0,0,0,0,0,1627,394,2021,23207,25228,-0.174826,0.211851,-0.961538,3
0,0,0,0,0,1755,291,2046,23502,25548,-0.124345,0.285774,-0.950195,3
0,0,0,0,0,1762,291,2053,24420,26473,-0.0774465,0.325489,-0.942369,3
0,0,0,0,0,1751,293,2044,25759,27803,-0.092456,0.274371,-0.957169,3
0,0,0,0,0,5537,802,6339,34772,41111,-0.0972989,0.273002,-0.95708,3
0,0,0,0,0,1438,249,1687,22695,24382,0.0403951,0.283847,-0.958019,3
0,0,0,0,0,1414,251,1665,22934,24599,-0.0839996,0.27863,-0.956718,3
0,0,0,0,0,1397,312,1709,22219,23928,-0.00918536,0.353301,-0.935465,3
0,0,0,0,0,1504,246,1750,22049,23799,-0.0103795,0.305675,-0.95208,3
0,0,0,0,0,1639,280,1919,22614,24533,-0.0569168,0.345122,-0.936831,3
0,0,0,0,0,5542,898,6440,49295,55735,-0.00805127,0.268349,-0.963288,3
0,0,0,0,0,1550,275,1825,16916,18741,-0.050566,0.299985,-0.952603,3
0,0,0,0,0,5507,875,6382,27245,33627,0.121093,-0.196653,-0.972967,3
0,0,0,0,0,1826,311,2137,12821,14958,-0.0185694,0.195745,-0.980479,3
0,0,0,0,0,1319,270,1589,17746,19335,0.157449,-0.342955,-0.926063,3
0,0,0,0,0,1339,216,1555,4711,6266,0.0246111,0.0851334,-0.996066,3
0,0,0,0,0,6581,1092,7673,30948,38621,-0.00177855,0.205603,-0.978634,3
0,0,0,0,0,1898,320,2218,8152,10370,0.0366396,0.125654,-0.991398,3
0,0,0,0,0,6563,1227,7790,22987,30777,0.0350638,0.159902,-0.98651,3
0,0,0,0,0,1719,291,2010,14105,16115,0.0349823,0.123973,-0.991669,3
0,0,0,0,0,6329,1086,7415,34159,41574,-0.0187367,0.177583,-0.983927,3
0,0,0,0,0,1577,270,1847,21673,23520,-0.0478737,0.195574,-0.97952,3
0,0,0,0,0,1472,306,1778,25473,27251,-0.0341848,0.163035,-0.986028,3
0,0,0,0,0,1463,262,1725,28076,29801,-0.0168744,0.139223,-0.990117,3
0,0,0,0,0,1452,265,1717,24804,26521,0.0108276,0.104824,-0.994432,3
0,0,0,0,0,1536,304,1840,36008,37848,-0.0087381,0.13501,-0.990806,3
0,0,0,0,0,1706,300,2006,26979,28985,-0.00241746,0.137444,-0.990507,3
0,0,0,0,0,6509,1169,7678,50940,58618,-0.0557091,0.468505,-0.881703,3
0,0,0,0,0,1476,402,1878,24310,26188,-0.0347603,0.393469,-0.918681,3
0,0,0,0,0,1347,244,1591,25205,26796,-0.0364468,0.408673,-0.911953,3
0,0,0,0,0,1278,232,1510,24934,26444,-0.00292706,0.463058,-0.886323,3
0,0,0,0,0,1225,266,1491,24177,25668,0.0906897,0.429378,-0.89856,3
0,0,0,0,0,1257,219,1476,23817,25293,0.0690509,0.46983,-0.880053,3
0,0,0,0,0,1320,251,1571,24864,26435,0.142911,0.485265,-0.862609,3
0,0,0,0,0,1172,217,1389,22860,24249,0.10859,0.332088,-0.936977,3
0,0,0,0,0,4885,885,5770,61072,66842,-0.209255,0.667874,-0.714253,3
0,0,0,0,0,1182,243,1425,34653,36078,-0.0319646,0.601177,-0.798476,3
0,0,0,0,0,1185,216,1401,33772,35173,-0.181203,0.667006,-0.722681,3
0,0,0,0,0,1166,214,1380,19286,20666,-0.0172127,0.578404,-0.815569,3
0,0,0,0,0,1178,216,1394,18362,19756,-0.0219923,0.416816,-0.908725,3
0,0,0,0,0,1215,219,1434,15430,16864,0.0230617,0.341548,-0.939581,3
0,0,0,0,0,4801,895,5696,32977,38673,0.0516815,0.349225,-0.935612,3
0,0,0,0,0,1409,254,1663,12110,13773,0.0488229,0.242942,-0.968811,3
0,0,0,0,0,1475,264,1739,10771,12510,0.0263491,0.226624,-0.973626,3
0,0,0,0,0,5487,942,6429,23921,30350,0.00253794,0.219405,-0.975631,3
0,0,0,0,0,1897,327,2224,9828,12052,-0.00185393,0.208175,-0.97809,3
0,0,0,0,0,1695,294,1989,9520,11509,-0.00553847,0.194975,-0.980792,3
0,0,0,0,0,3507,623,4130,21917,26047,-0.0108944,0.176769,-0.984192,3
0,0,0,0,0,5744,993,6737,20234,26971,-0.0229478,0.175794,-0.98416,3
0,0,0,0,0,4220,772,4992,26668,31660,-0.0204927,0.15249,-0.988092,3
0,0,0,0,0,1899,402,2301,12378,14679,-0.0233863,0.12665,-0.991672,3
0,0,0,0,0,1233,221,1454,10544,11998,-0.022977,0.124468,-0.991958,3
0,0,0,0,0,1207,224,1431,10715,12146,-0.0165166,0.113705,-0.993378,3
0,0,0,0,0,1693,302,1995,13497,15492,-0.0107081,0.0859601,-0.996241,3
0,0,0,0,0,2496,404,2900,18046,20946,-0.024369,0.0516102,-0.99837,3
0,0,0,0,0,1880,335,2215,20204,22419,-0.0324183,0.0176364,-0.999319,3
0,0,0,0,0,1420,261,1681,18194,19875,-0.0136663,0.0822532,-0.996518,3
0,0,0,0,0,1426,253,1679,13993,15672,-0.00881881,0.0996992,-0.994979,3
0,0,0,0,0,5181,918,6099,25114,31213,-0.00865937,0.122516,-0.992429,3
0,0,0,0,0,1666,288,1954,9441,11395,-0.00718628,0.12856,-0.991676,3
0,0,0,0,0,1598,278,1876,9056,10932,0.000103214,0.161129,-0.986933,3
0,0,0,0,0,3187,540,3727,18661,22388,0.00181215,0.158123,-0.987418,3
0,0,0,0,0,2502,445,2947,14305,17252,0.00333857,0.152686,-0.988269,3
0,0,0,0,0,2405,423,2828,13430,16258,0.00901133,0.148901,-0.988811,3
0,0,0,0,0,2775,472,3247,13170,16417,0.00967176,0.145848,-0.98926,3
0,0,0,0,0,2740,620,3360,12021,15381,0.0117069,0.142932,-0.989663,3
0,0,0,0,0,5641,887,6528,20065,26593,0.0137662,0.13987,-0.990074,3
0,0,0,0,0,2803,471,3274,9933,13207,0.0117819,0.139895,-0.990096,3
0,0,0,0,0,5695,1162,6857,16150,23007,0.011515,0.150318,-0.988571,3
0,0,0,0,0,5207,897,6104,12352,18456,0.0155405,0.148565,-0.98878,3
0,0,0,0,0,4938,856,5794,13707,19501,0.0241002,0.150241,-0.988355,3
0,0,0,0,0,2717,468,3185,8016,11201,0.027444,0.15478,-0.987568,3
0,0,0,0,0,4297,723,5020,12960,17980,0.032433,0.160764,-0.98646,3
0,0,0,0,0,4113,712,4825,12673,17498,0.0319048,0.162042,-0.986268,3
0,0,0,0,0,2506,449,2955,9242,12197,0.026413,0.156959,-0.987252,3
0,0,0,0,0,3535,613,4148,12442,16590,0.0237278,0.155251,-0.98759,3
0,0,0,0,0,3591,650,4241,12163,16404,0.0297838,0.152498,-0.987855,3
0,0,0,0,0,2876,486,3362,7817,11179,0.0332901,0.161394,-0.986329,3
0,0,0,0,0,3339,582,3921,11317,15238,0.0289935,0.154166,-0.987619,3
0,0,0,0,0,3345,561,3906,11032,14938,0.0240442,0.15086,-0.988263,3
0,0,0,0,0,5837,948,6785,13354,20139,0.0207712,0.154428,-0.987786,3
0,0,0,0,0,5767,943,6710,16091,22801,0.0277875,0.163326,-0.986181,3
0,0,0,0,0,2894,448,3342,7531,10873,0.0252198,0.161769,-0.986506,3
0,0,0,0,0,1513,276,1789,5190,6979,0.0230248,0.158374,-0.987111,3
0,0,0,0,0,1590,268,1858,5714,7572,0.0229351,0.155298,-0.987601,3
0,0,0,0,0,3640,627,4267,12409,16676,0.0239845,0.148803,-0.988576,3
0,0,0,0,0,3596,604,4200,10910,15110,0.0264824,0.154977,-0.987563,3
0,0,0,0,0,3510,603,4113,11206,15319,0.0263617,0.155521,-0.987481,3
0,0,0,0,0,3528,604,4132,11181,15313,0.0241815,0.154311,-0.987726,3
0,0,0,0,0,3606,609,4215,11399,15614,0.0219127,0.153523,-0.987902,3
0,0,0,0,0,3318,563,3881,10529,14410,0.018977,0.152191,-0.988169,3
0,0,0,0,0,5864,1008,6872,18875,25747,0.021881,0.159439,-0.986965,3
0,0,0,0,0,2431,421,2852,8511,11363,0.0213161,0.157929,-0.987221,3
0,0,0,0,0,2303,386,2689,7553,10242,0.022236,0.158475,-0.987113,3
0,0,0,0,0,5082,850,5932,15972,21904,0.0202304,0.160663,-0.986802,3
0,0,0,0,0,3624,609,4233,14266,18499,0.0212381,0.158795,-0.987083,3
0,0,0,0,0,3743,617,4360,12707,17067,0.0257645,0.15629,-0.987375,3
0,0,0,0,0,2735,503,3238,10096,13334,0.0284598,0.154789,-0.987538,3
0,0,0,0,0,6405,952,7357,17965,25322,0.0256406,0.153673,-0.987789,3
0,0,0,0,0,2971,501,3472,8778,12250,0.0240717,0.153279,-0.98789,3
0,0,0,0,0,2642,447,3089,9193,12282,0.0231782,0.152879,-0.987974,3
0,0,0,0,0,3901,666,4567,12605,17172,0.0270409,0.164999,-0.985923,3
0,0,0,0,0,2927,503,3430,11546,14976,0.0271534,0.160719,-0.986627,3
0,0,0,0,0,5581,982,6563,17208,23771,0.0168049,0.155957,-0.987621,3
0,0,0,0,0,2948,502,3450,11096,14546,0.0155626,0.156902,-0.987492,3
0,0,0,0,0,1967,357,2324,8524,10848,0.0178717,0.156347,-0.98754,3
0,0,0,0,0,3868,659,4527,15957,20484,0.0152562,0.153383,-0.988049,3
0,0,0,0,0,2985,505,3490,12392,15882,0.0157948,0.152118,-0.988236,3
0,0,0,0,0,3801,589,4390,12914,17304,0.0212092,0.162016,-0.98656,3
0,0,0,0,0,3394,571,3965,13574,17539,0.021675,0.160711,-0.986763,3
0,0,0,0,0,2647,463,3110,10728,13838,0.0242633,0.154342,-0.987719,3
0,0,0,0,0,3094,535,3629,11880,15509,0.0227519,0.154017,-0.987806,3
0,0,0,0,0,3191,570,3761,11704,15465,0.0236011,0.151892,-0.988115,3
0,0,0,0,0,3158,536,3694,11894,15588,0.0217652,0.151701,-0.988187,3
0,0,0,0,0,3209,556,3765,12099,15864,0.0225518,0.150965,-0.988282,3
0,0,0,0,0,2469,427,2896,9093,11989,0.0273514,0.163787,-0.986117,3
0,0,0,0,0,3555,622,4177,14464,18641,0.0250041,0.156396,-0.987378,3
0,0,0,0,0,2762,486,3248,10831,14079,0.0225373,0.153185,-0.987941,3
0,0,0,0,0,3299,606,3905,12800,16705,0.0226988,0.155089,-0.98764,3
0,0,0,0,0,3391,592,3983,12627,16610,0.0235608,0.152052,-0.988092,3
0,0,0,0,0,3473,618,4091,12999,17090,0.0231259,0.153223,-0.987921,3
0,0,0,0,0,2848,454,3302,9546,12848,0.0264461,0.162826,-0.9863,3
0,0,0,0,0,3281,547,3828,12397,16225,0.0205822,0.159788,-0.986937,3
0,0,0,0,0,3117,533,3650,13329,16979,0.0132922,0.152674,-0.988187,3
0,0,0,0,0,2542,431,2973,10725,13698,0.0103589,0.149708,-0.988676,3
0,0,0,0,0,3640,648,4288,15598,19886,0.00906587,0.150679,-0.988541,3
0,0,0,0,0,2647,398,3045,10612,13657,0.0128695,0.153484,-0.988068,3
0,0,0,0,0,2265,401,2666,10169,12835,0.0108769,0.149394,-0.988718,3
