Downsample[ns],BuildFilTree[ns],SearchFil[ns],DeleteFil[ns],BuildTreeSub[ns],SearchSub[ns],DeleteSub[ns],PreProcTotal[ns],Plane[ns],Total[ns],nx,ny,nz,planeCount
0,0,0,0,0,5250,960,6210,12494,18704,-0.0349828,0.0044656,-0.999378,0
0,0,0,0,0,2631,444,3075,11228,14303,-0.0338884,0.00206637,-0.999423,0
0,0,0,0,0,4046,671,4717,15819,20536,-0.033321,0.000383383,-0.999445,0
0,0,0,0,0,2372,408,2780,10007,12787,-0.0329295,-0.000718876,-0.999458,0
0,0,0,0,0,4423,730,5153,17219,22372,-0.0324717,-0.000952664,-0.999472,0
0,0,0,0,0,3157,555,3712,12034,15746,-0.0322008,-0.00166207,-0.99948,0
0,0,0,0,0,2373,400,2773,9620,12393,-0.0321579,-0.0024212,-0.99948,0
0,0,0,0,0,4346,730,5076,16392,21468,-0.0322448,-0.00284321,-0.999476,0
0,0,0,0,0,2525,421,2946,10216,13162,-0.032458,-0.00300625,-0.999469,0
0,0,0,0,0,2828,476,3304,11936,15240,-0.0327304,-0.00299093,-0.99946,0
0,0,0,0,0,2829,485,3314,11680,14994,-0.0328002,-0.00313824,-0.999457,0
0,0,0,0,0,3485,587,4072,13873,17945,-0.0324552,-0.00362276,-0.999466,0
0,0,0,0,0,2745,446,3191,10750,13941,-0.0324345,-0.00361266,-0.999467,0
0,0,0,0,0,2499,425,2924,9982,12906,-0.03152,-0.00374664,-0.999496,0
0,0,0,0,0,5643,934,6577,18544,25121,-0.031594,-0.00400421,-0.999493,0
0,0,0,0,0,2347,384,2731,7831,10562,-0.0314891,-0.00430137,-0.999495,0
0,0,0,0,0,1439,244,1683,5346,7029,-0.0313398,-0.00438611,-0.999499,0
0,0,0,0,0,1857,351,2208,8341,10549,-0.0318002,-0.00441257,-0.999484,0
0,0,0,0,0,6303,909,7212,17977,25189,-0.0317928,-0.00434362,-0.999485,0
0,0,0,0,0,2621,445,3066,10754,13820,-0.0318365,-0.00428269,-0.999484,0
0,0,0,0,0,5289,915,6204,18622,24826,-0.0320101,-0.00450557,-0.999477,0
0,0,0,0,0,2800,471,3271,8358,11629,-0.0318271,-0.00450981,-0.999483,0
0,0,0,0,0,1586,246,1832,5527,7359,-0.0320393,-0.00433673,-0.999477,0
0,0,0,0,0,1291,217,1508,5024,6532,-0.0316432,-0.00430073,-0.99949,0
0,0,0,0,0,2928,500,3428,11734,15162,-0.0323874,-0.00462831,-0.999464,0
0,0,0,0,0,5335,919,6254,15381,21635,-0.0325605,-0.0045494,-0.99946,0
0,0,0,0,0,2266,381,2647,9169,11816,-0.0322054,-0.00487767,-0.999469,0
0,0,0,0,0,5542,936,6478,20123,26601,-0.0320143,-0.00487638,-0.999475,0
0,0,0,0,0,2316,379,2695,8903,11598,-0.0323919,-0.00487886,-0.999463,0
0,0,0,0,0,2178,386,2564,8685,11249,-0.0320954,-0.00481006,-0.999473,0
0,0,0,0,0,5509,940,6449,18389,24838,-0.0321028,-0.00535472,-0.99947,0
0,0,0,0,0,2671,383,3054,8954,12008,-0.0320934,-0.00505886,-0.999472,0
0,0,0,0,0,3962,676,4638,15231,19869,-0.0317771,-0.0048105,-0.999484,0
0,0,0,0,0,4040,692,4732,13961,18693,-0.0319427,-0.00465382,-0.999479,0
0,0,0,0,0,5518,970,6488,18948,25436,-0.0323982,-0.00450792,-0.999465,0
0,0,0,0,0,2294,395,2689,7678,10367,-0.0316981,-0.00410591,-0.999489,0
0,0,0,0,0,1444,243,1687,5437,7124,-0.031502,-0.00416939,-0.999495,0
0,0,0,0,0,1710,289,1999,6861,8860,-0.0319465,-0.00442899,-0.99948,0
0,0,0,0,0,5406,1015,6421,18214,24635,-0.0320104,-0.00431605,-0.999478,0
0,0,0,0,0,2276,382,2658,9018,11676,-0.0320828,-0.0043537,-0.999476,0
0,0,0,0,0,5353,896,6249,17656,23905,-0.0319269,-0.00435981,-0.999481,0
0,0,0,0,0,2694,448,3142,10631,13773,-0.0326734,-0.00442589,-0.999456,0
0,0,0,0,0,3199,551,3750,12993,16743,-0.0323278,-0.00399886,-0.999469,0
0,0,0,0,0,4031,675,4706,15382,20088,-0.032114,-0.00423147,-0.999475,0
0,0,0,0,0,2975,502,3477,11714,15191,-0.0323747,-0.00437859,-0.999466,0
0,0,0,0,0,3403,585,3988,13605,17593,-0.0329846,-0.0040469,-0.999448,0
0,0,0,0,0,3424,587,4011,13483,17494,-0.032756,-0.00413484,-0.999455,0
0,0,0,0,0,2651,454,3105,12907,16012,-0.0325644,-0.00430834,-0.99946,0
0,0,0,0,0,4049,669,4718,14583,19301,-0.0328133,-0.00456833,-0.999451,0
0,0,0,0,0,5367,952,6319,18724,25043,-0.0329139,-0.00460415,-0.999448,0
0,0,0,0,0,2459,381,2840,7779,10619,-0.0325542,-0.00475314,-0.999459,0
0,0,0,0,0,1444,271,1715,5011,6726,-0.0322301,-0.00442587,-0.999471,0
0,0,0,0,0,1781,302,2083,6986,9069,-0.033025,-0.00474845,-0.999443,0
0,0,0,0,0,5323,891,6214,19270,25484,-0.0326002,-0.00410586,-0.99946,0
0,0,0,0,0,2787,468,3255,10105,13360,-0.032823,-0.00370037,-0.999454,0
0,0,0,0,0,5355,902,6257,18653,24910,-0.0330381,-0.00365965,-0.999447,0
0,0,0,0,0,2347,389,2736,7892,10628,-0.0332568,-0.00426494,-0.999438,0
0,0,0,0,0,1431,243,1674,5167,6841,-0.0324298,-0.0040035,-0.999466,0
0,0,0,0,0,4860,831,5691,16279,21970,-0.0325867,-0.00439455,-0.999459,0
0,0,0,0,0,2154,367,2521,8746,11267,-0.031841,-0.00427549,-0.999484,0
0,0,0,0,0,2979,504,3483,11823,15306,-0.0313987,-0.00424696,-0.999498,0
0,0,0,0,0,5378,931,6309,18453,24762,-0.0316387,-0.00413796,-0.999491,0
0,0,0,0,0,2274,382,2656,9066,11722,-0.0317962,-0.00393444,-0.999487,0
0,0,0,0,0,3964,668,4632,15005,19637,-0.0317043,-0.00404572,-0.999489,0
0,0,0,0,0,2981,525,3506,11565,15071,-0.0321381,-0.00385415,-0.999476,0
0,0,0,0,0,3674,614,4288,14500,18788,-0.0321643,-0.00406331,-0.999474,0
0,0,0,0,0,2843,481,3324,11204,14528,-0.0320425,-0.00415892,-0.999478,0
0,0,0,0,0,4411,751,5162,17051,22213,-0.0314755,-0.00417015,-0.999496,0
0,0,0,0,0,2548,423,2971,10320,13291,-0.0313717,-0.00422132,-0.999499,0
0,0,0,0,0,2394,403,2797,9815,12612,-0.0313508,-0.00431415,-0.999499,0
0,0,0,0,0,3495,572,4067,14083,18150,-0.0317809,-0.00459678,-0.999485,0
0,0,0,0,0,3477,572,4049,13153,17202,-0.0320898,-0.00525065,-0.999471,0
0,0,0,0,0,2660,448,3108,11143,14251,-0.0318138,-0.00560405,-0.999478,0
0,0,0,0,0,3961,668,4629,15734,20363,-0.0325302,-0.00571235,-0.999455,0
0,0,0,0,0,2988,501,3489,12031,15520,-0.0323648,-0.00555031,-0.999461,0
0,0,0,0,0,2434,431,2865,9825,12690,-0.0321394,-0.00567943,-0.999467,0
0,0,0,0,0,2797,474,3271,11393,14664,-0.032401,-0.00551203,-0.99946,0
0,0,0,0,0,5467,842,6309,15708,22017,-0.0317762,-0.00513514,-0.999482,0
0,0,0,0,0,5298,908,6206,20024,26230,-0.0319247,-0.00501495,-0.999478,0
0,0,0,0,0,2806,470,3276,9911,13187,-0.0319242,-0.00546853,-0.999475,0
0,0,0,0,0,2169,373,2542,8588,11130,-0.0321721,-0.00530195,-0.999468,0
0,0,0,0,0,5327,934,6261,17724,23985,-0.0315773,-0.00505109,-0.999489,0
0,0,0,0,0,2280,386,2666,8801,11467,-0.0319052,-0.00471049,-0.99948,0
0,0,0,0,0,3746,622,4368,15054,19422,-0.0317633,-0.00502067,-0.999483,0
0,0,0,0,0,3775,781,4556,14128,18684,-0.0317078,-0.00470605,-0.999486,0
0,0,0,0,0,2249,382,2631,8998,11629,-0.0318002,-0.00476991,-0.999483,0
0,0,0,0,0,3954,667,4621,15829,20450,-0.0325794,-0.00487737,-0.999457,0
0,0,0,0,0,5469,914,6383,16180,22563,-0.03256,-0.00500589,-0.999457,0
0,0,0,0,0,2144,362,2506,8397,10903,-0.0329351,-0.00550438,-0.999442,0
0,0,0,0,0,3074,501,3575,12164,15739,-0.0326189,-0.00509425,-0.999455,0
0,0,0,0,0,3768,638,4406,15189,19595,-0.0322167,-0.00515142,-0.999468,0
0,0,0,0,0,2767,473,3240,11192,14432,-0.0308494,-0.00478898,-0.999512,0
0,0,0,0,0,4320,752,5072,16644,21716,-0.0314935,-0.00520903,-0.99949,0
0,0,0,0,0,3230,535,3765,12059,15824,-0.0317721,-0.00499326,-0.999483,0
0,0,0,0,0,6257,895,7152,16285,23437,-0.0317893,-0.00478554,-0.999483,0
0,0,0,0,0,2128,363,2491,8832,11323,-0.0320246,-0.0050163,-0.999475,0
0,0,0,0,0,2329,399,2728,9823,12551,-0.0314508,-0.00507706,-0.999492,0
0,0,0,0,0,7109,1295,8404,17854,26258,-0.032373,-0.00524585,-0.999462,0
0,0,0,0,0,1920,328,2248,7329,9577,-0.0324747,-0.00471247,-0.999461,0
0,0,0,0,0,4740,803,5543,17373,22916,-0.0311662,-0.0047763,-0.999503,0
0,0,0,0,0,2167,386,2553,9018,11571,-0.031392,-0.00508621,-0.999494,0
0,0,0,0,0,2598,437,3035,10708,13743,-0.0312642,-0.00559622,-0.999495,0
0,0,0,0,0,3004,502,3506,11668,15174,-0.0312372,-0.00604545,-0.999494,0
0,0,0,0,0,3185,519,3704,11965,15669,-0.0312428,-0.00599426,-0.999494,0
0,0,0,0,0,3022,501,3523,12074,15597,-0.0315546,-0.00585015,-0.999485,0
0,0,0,0,0,2845,544,3389,11824,15213,-0.0319144,-0.00590079,-0.999473,0
0,0,0,0,0,2788,481,3269,11614,14883,-0.0322351,-0.00599011,-0.999462,0
0,0,0,0,0,3488,587,4075,13902,17977,-0.0318752,-0.00562562,-0.999476,0
0,0,0,0,0,2640,457,3097,10728,13825,-0.0319929,-0.00572052,-0.999472,0
0,0,0,0,0,3154,580,3734,13144,16878,-0.0319514,-0.00580785,-0.999473,0
0,0,0,0,0,3130,547,3677,13258,16935,-0.0320722,-0.00606808,-0.999467,0
0,0,0,0,0,3132,533,3665,13145,16810,-0.031322,-0.00578866,-0.999493,0
0,0,0,0,0,3137,546,3683,12980,16663,-0.031249,-0.00577275,-0.999495,0
0,0,0,0,0,2476,420,2896,10247,13143,-0.0308568,-0.00602649,-0.999505,0
0,0,0,0,0,5337,996,6333,17854,24187,-0.0308136,-0.00617282,-0.999506,0
0,0,0,0,0,2615,447,3062,10553,13615,-0.0308338,-0.00612701,-0.999505,0
0,0,0,0,0,2492,435,2927,10438,13365,-0.0310168,-0.00616951,-0.9995,0
0,0,0,0,0,5277,928,6205,19814,26019,-0.0296979,-0.00696892,-0.999535,0
0,0,0,0,0,2338,399,2737,7498,10235,-0.0306101,-0.00713444,-0.999506,0
0,0,0,0,0,3178,497,3675,9449,13124,-0.0324595,-0.00795203,-0.999441,0
0,0,0,0,0,1646,277,1923,6702,8625,-0.0338073,-0.00818786,-0.999395,0
0,0,0,0,0,3388,568,3956,13298,17254,-0.0308062,-0.00706029,-0.999501,0
0,0,0,0,0,5446,919,6365,16965,23330,-0.0351928,-0.00537861,-0.999366,0
0,0,0,0,0,2323,388,2711,9243,11954,-0.0355388,-0.00124669,-0.999368,0
0,0,0,0,0,5589,910,6499,17802,24301,-0.0361756,0.0074822,-0.999317,0
0,0,0,0,0,2353,406,2759,9497,12256,-0.0369859,0.0100628,-0.999265,0
0,0,0,0,0,2636,448,3084,10524,13608,-0.0387156,0.0157414,-0.999126,0
0,0,0,0,0,5711,935,6646,17558,24204,-0.0397453,0.023439,-0.998935,0
0,0,0,0,0,2461,404,2865,9695,12560,-0.0409503,0.0277654,-0.998775,0
0,0,0,0,0,4649,676,5325,17346,22671,-0.0443826,0.0474323,-0.997888,0
0,0,0,0,0,3136,518,3654,13328,16982,-0.0444582,0.0654704,-0.996864,0
0,0,0,0,0,2475,406,2881,12830,15711,-0.0474201,0.0974519,-0.99411,0
0,0,0,0,0,3465,573,4038,19110,23148,-0.052795,0.124678,-0.990792,0
0,0,0,0,0,2367,387,2754,13324,16078,-0.0559064,0.129151,-0.990048,0
0,0,0,0,0,2770,445,3215,14543,17758,-0.0634015,0.130239,-0.989454,0
0,0,0,0,0,3950,634,4584,20228,24812,-0.0794442,0.152738,-0.985068,0
0,0,0,0,0,2645,417,3062,14070,17132,-0.0838858,0.164097,-0.982871,0
0,0,0,0,0,2942,527,3469,14422,17891,-0.0922128,0.181884,-0.978987,0
0,0,0,0,0,2488,405,2893,14246,17139,-0.0902478,0.1769,-0.980083,0
0,0,0,0,0,3959,631,4590,24040,28630,-0.0962975,0.206463,-0.973704,0
0,0,0,0,0,2287,368,2655,15083,17738,-0.0961368,0.201179,-0.974825,0
0,0,0,0,0,1858,297,2155,15808,17963,-0.102889,0.223808,-0.969187,0
0,0,0,0,0,2125,341,2466,19924,22390,-0.103367,0.253981,-0.96167,0
0,0,0,0,0,2079,333,2412,20434,22846,-0.0885854,0.291909,-0.952335,0
0,0,0,0,0,3248,509,3757,19663,23420,-0.0681167,0.323556,-0.943754,0
0,0,0,0,0,6869,1074,7943,33215,41158,-0.0443217,0.393655,-0.918189,0
0,0,0,0,0,1723,279,2002,18697,20699,-0.0464095,0.389872,-0.919699,0
0,0,0,0,0,1939,315,2254,24810,27064,-0.0660191,0.425857,-0.902379,0
0,0,0,0,0,1890,313,2203,24233,26436,-0.0829929,0.427353,-0.900268,0
0,0,0,0,0,1602,260,1862,25149,27011,-0.0937647,0.38917,-0.916381,0
0,0,0,0,0,1770,256,2026,28993,31019,-0.0750038,0.30128,-0.950581,0
0,0,0,0,0,1601,296,1897,21155,23052,-0.0694491,0.308262,-0.948763,0
0,0,0,0,0,5302,869,6171,41518,47689,-0.0821629,0.302741,-0.949525,0
0,0,0,0,0,1498,258,1756,32556,34312,-0.0909877,0.2412,-0.966201,0
0,0,0,0,0,1468,249,1717,29279,30996,-0.103747,0.156955,-0.982142,0
0,0,0,0,0,1583,279,1862,31858,33720,-0.102424,0.107307,-0.988936,0
0,0,0,0,0,1476,252,1728,30471,32199,-0.0880956,0.0722786,-0.993486,0
0,0,0,0,0,1540,268,1808,33190,34998,-0.087648,0.172347,-0.981129,0
0,0,0,0,0,1396,246,1642,31337,32979,-0.0774837,0.179994,-0.980611,0
0,0,0,0,0,1369,242,1611,30570,32181,-0.0785816,0.159023,-0.984143,0
0,0,0,0,0,1349,237,1586,31334,32920,-0.0791341,0.201485,-0.97629,0
0,0,0,0,0,1451,234,1685,29969,31654,-0.0782598,0.181157,-0.980336,0
0,0,0,0,0,1337,236,1573,29574,31147,-0.0691072,0.210717,-0.975101,0
0,0,0,0,0,1327,239,1566,28676,30242,-0.0780689,0.23871,-0.967948,0
0,0,0,0,0,1360,230,1590,29162,30752,-0.0824455,0.238548,-0.967625,0
0,0,0,0,0,1553,238,1791,29674,31465,-0.0876954,0.222401,-0.971003,0
0,0,0,0,0,1364,222,1586,28909,30495,-0.0809837,0.209779,-0.97439,0
0,0,0,0,0,1265,220,1485,29215,30700,-0.0755263,0.213269,-0.97407,0
0,0,0,0,0,1502,256,1758,30369,32127,-0.0637349,0.221187,-0.973147,0
0,0,0,0,0,1249,236,1485,28953,30438,-0.0618999,0.240861,-0.968584,0
0,0,0,0,0,1390,238,1628,28846,30474,-0.0684212,0.251231,-0.965506,0
0,0,0,0,0,1503,223,1726,27581,29307,-0.0749222,0.261181,-0.962378,0
0,0,0,0,0,1221,226,1447,26401,27848,-0.0730244,0.242905,-0.967298,0
0,0,0,0,0,1203,268,1471,25690,27161,-0.0619084,0.211229,-0.975474,0
0,0,0,0,0,1249,211,1460,25562,27022,-0.0499663,0.182673,-0.981903,0
0,0,0,0,0,1295,229,1524,27185,28709,-0.0390483,0.173818,-0.984003,0
0,0,0,0,0,1293,230,1523,27673,29196,-0.0317988,0.160477,-0.986527,0
0,0,0,0,0,1198,324,1522,26996,28518,-0.0395295,0.161855,-0.986023,0
0,0,0,0,0,4656,884,5540,44533,50073,-0.0458158,0.164355,-0.985337,0
0,0,0,0,0,1196,245,1441,25361,26802,-0.0479064,0.135055,-0.989679,0
0,0,0,0,0,4944,634,5578,35796,41374,-0.0581276,0.132057,-0.989537,0
0,0,0,0,0,1197,216,1413,23947,25360,-0.0505085,0.108249,-0.99284,0
0,0,0,0,0,4794,801,5595,39183,44778,-0.0490443,0.11339,-0.99234,0
0,0,0,0,0,1359,214,1573,22559,24132,-0.0319338,0.0975097,-0.994722,0
0,0,0,0,0,3545,601,4146,35144,39290,-0.014747,0.103943,-0.994474,0
0,0,0,0,0,3361,492,3853,28733,32586,-0.0147821,0.100121,-0.994866,0
0,0,0,0,0,1283,218,1501,6628,8129,0.0292286,0.116796,-0.992726,0
0,0,0,0,0,1672,298,1970,19837,21807,0.027569,0.123672,-0.99194,0
0,0,0,0,0,2090,379,2469,20918,23387,0.0333209,0.137016,-0.990008,0
0,0,0,0,0,1824,309,2133,15155,17288,0.0260601,0.138446,-0.990027,0
0,0,0,0,0,2029,350,2379,13922,16301,0.0111508,0.155917,-0.987707,0
0,0,0,0,0,2645,454,3099,11904,15003,0.0332779,0.0896999,-0.995413,0
0,0,0,0,0,3996,944,4940,21756,26696,0.0114001,0.115728,-0.993215,0
0,0,0,0,0,2014,354,2368,8325,10693,0.0126917,0.1024,-0.994662,0
0,0,0,0,0,2309,414,2723,3528,6251,0.00746572,0.151857,-0.988374,0
0,0,0,0,0,6811,1098,7909,12188,20097,-0.00136619,0.162453,-0.986715,0
0,0,0,0,0,2038,367,2405,7228,9633,-0.00216331,0.175473,-0.984482,0
0,0,0,0,0,4994,715,5709,14555,20264,-0.00193797,0.194187,-0.980963,0
0,0,0,0,0,2969,550,3519,11611,15130,0.00316176,0.168716,-0.98566,0
0,0,0,0,0,6124,1072,7196,12879,20075,0.013853,0.114762,-0.993296,0
0,0,0,0,0,2399,444,2843,1558,4401,0.0135489,0.199218,-0.979862,0
0,0,0,0,0,6059,1089,7148,20153,27301,-0.0197171,0.246392,-0.96897,0
0,0,0,0,0,1792,334,2126,3668,5794,-0.0197724,0.232974,-0.972282,0
0,0,0,0,0,5968,1097,7065,3902,10967,-0.0370912,0.297041,-0.954144,0
0,0,0,0,0,4480,757,5237,6166,11403,-0.0417598,0.326306,-0.944341,0
0,0,0,0,0,5204,1079,6283,8848,15131,-0.0475609,0.343948,-0.937783,0
0,0,0,0,0,4810,873,5683,7420,13103,-0.0559458,0.35086,-0.934755,0
0,0,0,0,0,3551,672,4223,7689,11912,-0.0604315,0.331196,-0.941625,0
0,0,0,0,0,4434,855,5289,3648,8937,-0.0719142,0.347503,-0.934917,0
0,0,0,0,0,6316,1113,7429,5082,12511,-0.0780323,0.365003,-0.927731,0
0,0,0,0,0,4136,756,4892,3939,8831,-0.0789124,0.37513,-0.923607,0
0,0,0,0,0,5490,985,6475,9470,15945,-0.081366,0.369845,-0.925524,0
0,0,0,0,0,3317,594,3911,3628,7539,-0.0875249,0.376395,-0.922316,0
0,0,0,0,0,6231,1098,7329,11051,18380,-0.10984,0.401608,-0.909201,0
0,0,0,0,0,4083,560,4643,4980,9623,-0.122297,0.405343,-0.905947,0
0,0,0,0,0,7345,1137,8482,7691,16173,-0.148234,0.454914,-0.878112,0
0,0,0,0,0,3317,586,3903,3351,7254,-0.155134,0.495487,-0.85465,0
0,0,0,0,0,7264,1278,8542,7248,15790,-0.153243,0.526375,-0.836329,0
0,0,0,0,0,4289,776,5065,7390,12455,-0.145234,0.517171,-0.84347,0
0,0,0,0,0,3075,560,3635,19516,23151,-0.105861,0.357654,-0.927834,0
0,0,0,0,0,1780,329,2109,30161,32270,-0.0840769,0.267725,-0.95982,0
0,0,0,0,0,1238,228,1466,32119,33585,-0.0726781,0.178287,-0.981291,0
0,0,0,0,0,1275,222,1497,33331,34828,-0.0668386,0.150026,-0.98642,0
0,0,0,0,0,1213,224,1437,33549,34986,-0.0639135,0.150739,-0.986505,0
0,0,0,0,0,1200,219,1419,34141,35560,-0.0706427,0.154973,-0.98539,0
0,0,0,0,0,1241,221,1462,34496,35958,-0.0761467,0.163301,-0.983633,0
0,0,0,0,0,1860,379,2239,49210,51449,-0.113405,0.260977,-0.958661,0
0,0,0,0,0,1143,210,1353,34879,36232,-0.112149,0.250164,-0.961686,0
0,0,0,0,0,1137,209,1346,35170,36516,-0.109534,0.233909,-0.966069,0
0,0,0,0,0,1180,212,1392,35144,36536,-0.113198,0.230417,-0.966485,0
0,0,0,0,0,1213,213,1426,34616,36042,-0.123691,0.252793,-0.959581,0
0,0,0,0,0,1212,221,1433,36265,37698,-0.140139,0.265158,-0.953967,0
0,0,0,0,0,1148,217,1365,35583,36948,-0.130182,0.259262,-0.956993,0
0,0,0,0,0,1151,210,1361,35315,36676,-0.126335,0.271967,-0.953978,0
0,0,0,0,0,1165,210,1375,35362,36737,-0.105332,0.225432,-0.968548,0
0,0,0,0,0,1149,245,1394,31395,32789,-0.0781488,0.161639,-0.983751,0
0,0,0,0,0,1145,209,1354,35558,36912,-0.0663234,0.14737,-0.986855,0
0,0,0,0,0,1157,213,1370,24847,26217,-0.0629974,0.129499,-0.989576,0
0,0,0,0,0,1347,241,1588,37892,39480,-0.0576037,0.125947,-0.990363,0
0,0,0,0,0,1148,210,1358,35905,37263,-0.0606371,0.12733,-0.990005,0
0,0,0,0,0,1193,234,1427,33926,35353,-0.0444587,0.106771,-0.993289,0
0,0,0,0,0,1183,213,1396,34482,35878,-0.0483015,0.116707,-0.991991,0
0,0,0,0,0,1166,211,1377,24776,26153,-0.0581754,0.11554,-0.991598,0
0,0,0,0,0,1389,255,1644,38340,39984,-0.0638548,0.130912,-0.989336,0
0,0,0,0,0,1157,210,1367,34726,36093,-0.0619101,0.12408,-0.990339,0
0,0,0,0,0,1243,226,1469,33078,34547,-0.0491855,0.113082,-0.992367,0
0,0,0,0,0,1895,342,2237,43692,45929,-0.0552376,0.171351,-0.98366,0
0,0,0,0,0,1225,215,1440,30712,32152,-0.042038,0.174118,-0.983827,0
0,0,0,0,0,1153,207,1360,30981,32341,-0.0300628,0.181731,-0.982889,0
0,0,0,0,0,1170,210,1380,30197,31577,-0.0202716,0.18727,-0.9821,0
0,0,0,0,0,1138,209,1347,30507,31854,-0.0147107,0.18837,-0.981988,0
0,0,0,0,0,1204,217,1421,31136,32557,-0.00940692,0.184976,-0.982698,0
0,0,0,0,0,1136,208,1344,24810,26154,-0.00259135,0.211187,-0.977442,0
0,0,0,0,0,1624,229,1853,30573,32426,-0.00204919,0.196626,-0.980476,0
0,0,0,0,0,1224,247,1471,30304,31775,-0.00282672,0.195989,-0.980602,0
0,0,0,0,0,1184,208,1392,30530,31922,-0.0022579,0.200921,-0.979605,0
0,0,0,0,0,1138,208,1346,30367,31713,-0.00325035,0.199622,-0.979868,0
0,0,0,0,0,1189,211,1400,30538,31938,-0.00398528,0.197539,-0.980287,0
0,0,0,0,0,1140,208,1348,30733,32081,-4.48019e-05,0.199155,-0.979968,0
0,0,0,0,0,1245,252,1497,30375,31872,0.000776842,0.199245,-0.97995,0
0,0,0,0,0,1140,208,1348,30536,31884,0.00188347,0.201678,-0.97945,0
0,0,0,0,0,1150,210,1360,29979,31339,0.00206703,0.203134,-0.979149,0
0,0,0,0,0,1189,208,1397,30322,31719,0.0020219,0.204676,-0.978828,0
0,0,0,0,0,1146,208,1354,30317,31671,0.00179772,0.202525,-0.979276,0
0,0,0,0,0,1335,236,1571,31273,32844,0.00288404,0.201662,-0.979451,0
0,0,0,0,0,1132,208,1340,30170,31510,0.00475481,0.203722,-0.979017,0
0,0,0,0,0,1137,208,1345,30323,31668,0.00381844,0.201269,-0.979528,0
0,0,0,0,0,1163,234,1397,30856,32253,0.00341077,0.202808,-0.979213,0
0,0,0,0,0,1161,212,1373,30486,31859,0.00451738,0.207422,-0.978241,0
0,0,0,0,0,1258,229,1487,30736,32223,0.00510576,0.205642,-0.978614,0
0,0,0,0,0,1255,230,1485,30333,31818,0.00523914,0.203473,-0.979067,0
0,0,0,0,0,1344,242,1586,31051,32637,0.00472459,0.201206,-0.979538,0
0,0,0,0,0,4691,611,5302,41624,46926,0.00671762,0.200914,-0.979586,0
0,0,0,0,0,1241,293,1534,30138,31672,0.00763371,0.201963,-0.979364,0
0,0,0,0,0,1197,210,1407,24675,26082,0.0120015,0.224181,-0.974474,0
0,0,0,0,0,1329,246,1575,32223,33798,0.00601541,0.21131,-0.977401,0
0,0,0,0,0,1144,211,1355,27697,29052,0.0106403,0.220761,-0.97527,0
0,0,0,0,0,1281,233,1514,31177,32691,0.00745188,0.209353,-0.977812,0
0,0,0,0,0,1230,223,1453,29151,30604,0.00822447,0.200279,-0.979705,0
0,0,0,0,0,1195,220,1415,30477,31892,0.00879224,0.201476,-0.979454,0
0,0,0,0,0,1185,208,1393,30021,31414,0.00767863,0.200907,-0.97958,0
0,0,0,0,0,1217,244,1461,29868,31329,0.00789858,0.20338,-0.979068,0
0,0,0,0,0,1135,219,1354,25513,26867,0.0117533,0.22354,-0.974624,0
0,0,0,0,0,4808,862,5670,45092,50762,0.0104418,0.216742,-0.976173,0
0,0,0,0,0,1153,208,1361,30080,31441,0.00643103,0.203485,-0.979057,0
0,0,0,0,0,1135,209,1344,30183,31527,0.00754804,0.201583,-0.979443,0
0,0,0,0,0,1224,207,1431,16132,17563,-0.00814683,0.2309,-0.972944,0
0,0,0,0,0,1227,224,1451,31995,33446,-0.00242128,0.195139,-0.980773,0
0,0,0,0,0,1334,242,1576,31886,33462,0.00463665,0.197574,-0.980277,0
0,0,0,0,0,4273,620,4893,41184,46077,0.00803702,0.201408,-0.979475,0
0,0,0,0,0,1135,207,1342,29878,31220,0.00783357,0.202619,-0.979227,0
0,0,0,0,0,1139,255,1394,30072,31466,0.00453585,0.200246,-0.979735,0
0,0,0,0,0,1161,209,1370,29994,31364,0.00706396,0.202973,-0.979159,1
0,0,0,0,0,1138,221,1359,30511,31870,0.00494583,0.204335,-0.978889,1
0,0,0,0,0,1179,207,1386,22856,24242,0.00629225,0.228944,-0.973419,1
0,0,0,0,0,1259,230,1489,32031,33520,0.00496173,0.207463,-0.978231,1
0,0,0,0,0,1191,211,1402,30285,31687,0.00857293,0.205146,-0.978694,1
0,0,0,0,0,1139,208,1347,30236,31583,0.00865472,0.203889,-0.978956,1
0,0,0,0,0,1168,209,1377,29789,31166,0.00634324,0.200057,-0.979764,1
0,0,0,0,0,1135,209,1344,30038,31382,0.00776629,0.199606,-0.979846,1
0,0,0,0,0,1188,207,1395,29831,31226,0.00781056,0.201436,-0.979471,1
0,0,0,0,0,1144,209,1353,29518,30871,0.00780428,0.20169,-0.979419,1
0,0,0,0,0,1196,215,1411,27039,28450,0.00670238,0.192992,-0.981177,1
0,0,0,0,0,1145,209,1354,29119,30473,0.00875248,0.202679,-0.979206,1
0,0,0,0,0,1291,213,1504,30080,31584,0.00712818,0.202688,-0.979218,1
0,0,0,0,0,1196,207,1403,29980,31383,0.00669427,0.200887,-0.979592,1
0,0,0,0,0,1164,220,1384,29982,31366,0.00597817,0.2002,-0.979737,1
0,0,0,0,0,1276,245,1521,31246,32767,0.00562568,0.200103,-0.979759,1
0,0,0,0,0,1193,233,1426,29903,31329,0.00659538,0.201526,-0.979461,1
0,0,0,0,0,1139,206,1345,29807,31152,0.00936037,0.203649,-0.978999,1
0,0,0,0,0,1258,213,1471,29701,31172,0.00931907,0.204953,-0.978728,1
0,0,0,0,0,1137,207,1344,26932,28276,0.0161522,0.221355,-0.975059,1
0,0,0,0,0,4708,875,5583,48682,54265,0.0105566,0.208783,-0.977905,1
0,0,0,0,0,1228,211,1439,29565,31004,0.0103305,0.206035,-0.97849,1
0,0,0,0,0,1230,207,1437,29910,31347,0.00754634,0.202611,-0.97923,1
0,0,0,0,0,1264,251,1515,27669,29184,0.00512759,0.189665,-0.981836,1
0,0,0,0,0,1141,207,1348,29934,31282,0.00486165,0.198427,-0.980104,1
0,0,0,0,0,1140,215,1355,29611,30966,0.00736398,0.204334,-0.978874,1
0,0,0,0,0,1207,207,1414,29886,31300,0.00744939,0.205581,-0.978612,1
0,0,0,0,0,4718,848,5566,45236,50802,0.00696791,0.201506,-0.979462,1
0,0,0,0,0,1148,206,1354,30127,31481,0.00487228,0.198366,-0.980116,1
0,0,0,0,0,1235,208,1443,30316,31759,0.00305414,0.197769,-0.980244,1
0,0,0,0,0,1169,243,1412,27129,28541,0.0113844,0.222893,-0.974777,1
0,0,0,0,0,1398,262,1660,32487,34147,0.00409269,0.20805,-0.97811,1
0,0,0,0,0,1199,229,1428,30100,31528,0.00471617,0.205511,-0.978644,1
0,0,0,0,0,1193,218,1411,29353,30764,0.00802969,0.213024,-0.977014,1
0,0,0,0,0,1205,223,1428,29632,31060,0.0080921,0.211466,-0.977352,1
0,0,0,0,0,1252,239,1491,30418,31909,0.005139,0.20362,-0.979037,1
0,0,0,0,0,4751,866,5617,44283,49900,0.00459363,0.200894,-0.979602,1
0,0,0,0,0,1138,207,1345,29863,31208,0.00385826,0.202032,-0.979371,1
0,0,0,0,0,1131,250,1381,30269,31650,0.00388695,0.201537,-0.979473,1
0,0,0,0,0,1187,210,1397,29888,31285,0.00646675,0.204358,-0.978875,1
0,0,0,0,0,1134,208,1342,29952,31294,0.0061352,0.206321,-0.978466,1
0,0,0,0,0,3130,574,3704,58326,62030,0.00529235,0.201802,-0.979412,1
0,0,0,0,0,1151,236,1387,30514,31901,0.00425537,0.200845,-0.979614,1
0,0,0,0,0,1139,206,1345,30041,31386,0.0043273,0.199483,-0.979892,1
0,0,0,0,0,1148,209,1357,29798,31155,0.00522276,0.200113,-0.979759,1
0,0,0,0,0,1135,206,1341,29382,30723,0.00856013,0.211703,-0.977297,1
0,0,0,0,0,1141,210,1351,30148,31499,0.00472204,0.203837,-0.978994,1
0,0,0,0,0,1137,211,1348,30053,31401,0.00574694,0.203016,-0.979159,1
0,0,0,0,0,1181,208,1389,30187,31576,0.00508514,0.200809,-0.979617,1
0,0,0,0,0,1134,207,1341,29869,31210,0.00575777,0.200241,-0.97973,1
0,0,0,0,0,1179,209,1388,30023,31411,0.00481632,0.199858,-0.979813,1
0,0,0,0,0,1135,209,1344,29969,31313,0.00574729,0.201813,-0.979408,1
0,0,0,0,0,1206,207,1413,29826,31239,0.00465873,0.201654,-0.979446,1
0,0,0,0,0,1146,207,1353,30176,31529,0.00330246,0.199843,-0.979822,1
0,0,0,0,0,1289,211,1500,30348,31848,0.0037349,0.199813,-0.979827,1
0,0,0,0,0,1140,210,1350,30142,31492,0.00406862,0.199258,-0.979939,1
0,0,0,0,0,1223,223,1446,30626,32072,0.00426479,0.20248,-0.979277,1
0,0,0,0,0,1273,230,1503,31126,32629,0.00338576,0.201189,-0.979547,1
0,0,0,0,0,2292,423,2715,47178,49893,0.00386128,0.200454,-0.979696,1
0,0,0,0,0,1140,212,1352,28782,30134,0.00890516,0.213095,-0.976991,1
0,0,0,0,0,1152,207,1359,29995,31354,0.00637239,0.20465,-0.978814,1
0,0,0,0,0,1132,207,1339,30122,31461,0.00442271,0.201147,-0.979551,1
0,0,0,0,0,1142,211,1353,27641,28994,0.0122007,0.220907,-0.975218,1
0,0,0,0,0,1216,205,1421,29695,31116,0.00715485,0.205831,-0.978561,1
0,0,0,0,0,1145,264,1409,30013,31422,0.00413385,0.201819,-0.979414,1
0,0,0,0,0,1188,233,1421,29954,31375,0.0046063,0.199246,-0.979939,1
0,0,0,0,0,1178,209,1387,28200,29587,0.00989875,0.213753,-0.976837,1
0,0,0,0,0,1137,207,1344,30500,31844,0.00130191,0.202208,-0.979342,1
0,0,0,0,0,1373,243,1616,31922,33538,0.0026174,0.2024,-0.979299,1
0,0,0,0,0,1197,209,1406,30027,31433,0.0038446,0.20693,-0.978348,1
0,0,0,0,0,1292,236,1528,30798,32326,0.00575822,0.21181,-0.977294,1
0,0,0,0,0,1143,207,1350,29786,31136,0.00350368,0.210266,-0.977638,1
0,0,0,0,0,1146,209,1355,29956,31311,-0.000892106,0.217067,-0.976156,1
0,0,0,0,0,1194,209,1403,30158,31561,-0.00478837,0.233317,-0.972389,1
0,0,0,0,0,1148,209,1357,28425,29782,-0.00504485,0.262426,-0.964939,1
0,0,0,0,0,1146,211,1357,30013,31370,-0.00355394,0.268271,-0.963337,1
0,0,0,0,0,5291,968,6259,54139,60398,-0.0187015,0.306834,-0.951579,1
0,0,0,0,0,1144,271,1415,29282,30697,-0.0153671,0.313037,-0.949616,1
0,0,0,0,0,1240,210,1450,29215,30665,-0.0103017,0.3119,-0.950059,1
0,0,0,0,0,1231,211,1442,28542,29984,-0.0108414,0.316927,-0.948388,1
0,0,0,0,0,1201,211,1412,28205,29617,-0.0174649,0.32113,-0.946874,1
0,0,0,0,0,1290,233,1523,28393,29916,-0.0405879,0.335963,-0.941,1
0,0,0,0,0,1149,213,1362,27014,28376,-0.0408609,0.337571,-0.940413,1
0,0,0,0,0,1144,213,1357,25734,27091,-0.037076,0.34375,-0.938329,1
0,0,0,0,0,1179,211,1390,24106,25496,-0.0189323,0.334193,-0.942315,1
0,0,0,0,0,1132,218,1350,23294,24644,0.00339801,0.336685,-0.941611,1
0,0,0,0,0,1122,206,1328,21512,22840,0.0206401,0.324543,-0.945646,1
0,0,0,0,0,1203,224,1427,21447,22874,0.0267579,0.30883,-0.950741,1
0,0,0,0,0,1341,247,1588,21734,23322,0.0213746,0.290079,-0.956764,1
0,0,0,0,0,1200,226,1426,17873,19299,0.00831363,0.274609,-0.96152,1
0,0,0,0,0,1362,244,1606,15343,16949,-0.00259833,0.260095,-0.96558,1
0,0,0,0,0,1751,316,2067,20833,22900,-0.016567,0.256329,-0.966448,1
0,0,0,0,0,1549,277,1826,15132,16958,-0.0229189,0.243776,-0.969561,1
0,0,0,0,0,1955,345,2300,15510,17810,-0.0390194,0.25384,-0.966459,1
0,0,0,0,0,2613,456,3069,16523,19592,-0.0424013,0.266146,-0.963,1
0,0,0,0,0,3218,558,3776,17733,21509,-0.0336168,0.301941,-0.952734,1
0,0,0,0,0,2608,451,3059,15663,18722,-0.0535,0.358663,-0.931933,1
0,0,0,0,0,2055,352,2407,13038,15445,-0.080416,0.412097,-0.907584,1
0,0,0,0,0,2375,390,2765,13050,15815,-0.121167,0.447116,-0.886231,1
0,0,0,0,0,3289,592,3881,15886,19767,-0.138548,0.462792,-0.875573,1
0,0,0,0,0,2598,421,3019,13058,16077,-0.133847,0.484396,-0.864549,1
0,0,0,0,0,3150,511,3661,17322,20983,-0.129318,0.512682,-0.848784,1
0,0,0,0,0,5922,947,6869,20876,27745,-0.133796,0.537651,-0.832484,1
0,0,0,0,0,1645,260,1905,11302,13207,-0.140925,0.531504,-0.83525,1
0,0,0,0,0,1532,254,1786,13029,14815,-0.154043,0.538877,-0.82818,1
0,0,0,0,0,6126,1056,7182,32374,39556,-0.168017,0.566641,-0.806653,1
0,0,0,0,0,1680,275,1955,15093,17048,-0.17141,0.568555,-0.80459,1
0,0,0,0,0,5609,917,6526,30766,37292,-0.172574,0.5813,-0.795179,1
0,0,0,0,0,6313,1045,7358,35099,42457,-0.165164,0.621412,-0.765878,1
0,0,0,0,0,1534,262,1796,19193,20989,-0.152927,0.61605,-0.772719,1
0,0,0,0,0,1386,229,1615,20962,22577,-0.139453,0.598167,-0.789145,1
0,0,0,0,0,1372,232,1604,23843,25447,-0.125834,0.58024,-0.804666,1
0,0,0,0,0,1396,270,1666,17404,19070,-0.127147,0.59263,-0.795376,1
0,0,0,0,0,6492,1019,7511,47404,54915,-0.147837,0.618503,-0.77175,1
0,0,0,0,0,1541,250,1791,30682,32473,-0.125544,0.53018,-0.83854,1
0,0,0,0,0,1513,261,1774,30197,31971,-0.107654,0.469374,-0.876412,1
0,0,0,0,0,1568,272,1840,34164,36004,-0.0803391,0.382868,-0.920303,1
0,0,0,0,0,1709,288,1997,31334,33331,-0.0804166,0.385334,-0.919267,1
0,0,0,0,0,1665,284,1949,30767,32716,-0.0790643,0.375479,-0.923452,1
0,0,0,0,0,1585,269,1854,32808,34662,-0.0672434,0.302074,-0.95091,1
0,0,0,0,0,1626,306,1932,32661,34593,-0.0670067,0.264875,-0.961952,1
0,0,0,0,0,1543,262,1805,34504,36309,-0.0531871,0.210418,-0.976164,1
0,0,0,0,0,1567,260,1827,33278,35105,-0.0733636,0.207986,-0.975377,1
0,0,0,0,0,1628,386,2014,33014,35028,-0.0944655,0.239134,-0.96638,1
0,0,0,0,0,1449,256,1705,32991,34696,-0.0925441,0.252332,-0.963205,1
0,0,0,0,0,1419,245,1664,33499,35163,-0.102576,0.277734,-0.955166,1
0,0,0,0,0,1378,239,1617,31531,33148,-0.110618,0.291231,-0.950236,1
0,0,0,0,0,1351,234,1585,30973,32558,-0.111382,0.29961,-0.947538,1
0,0,0,0,0,1325,244,1569,29933,31502,-0.106488,0.293887,-0.94989,1
0,0,0,0,0,1302,292,1594,29088,30682,-0.0840807,0.309562,-0.947155,1
0,0,0,0,0,3343,576,3919,39480,43399,-0.0789227,0.346808,-0.93461,1
0,0,0,0,0,1268,226,1494,27255,28749,-0.0656533,0.305712,-0.949858,1
0,0,0,0,0,1257,220,1477,25715,27192,-0.0712698,0.308592,-0.948521,1
0,0,0,0,0,1253,217,1470,23211,24681,-0.0743722,0.291735,-0.953603,1
0,0,0,0,0,5509,915,6424,37378,43802,-0.083221,0.316926,-0.944793,1
0,0,0,0,0,1344,225,1569,9777,11346,-0.0650302,0.28925,-0.955042,1
0,0,0,0,0,1299,205,1504,4734,6238,-0.0750376,0.311704,-0.947212,1
0,0,0,0,0,6112,958,7070,23810,30880,-0.0782132,0.353948,-0.931989,1
0,0,0,0,0,2747,351,3098,9989,13087,-0.0624494,0.298837,-0.952259,1
0,0,0,0,0,1990,322,2312,9447,11759,-0.0460173,0.335556,-0.940896,1
0,0,0,0,0,5233,916,6149,25307,31456,-0.0480303,0.40794,-0.911745,1
0,0,0,0,0,2035,357,2392,10300,12692,-0.0570689,0.408164,-0.911123,1
0,0,0,0,0,1684,317,2001,11127,13128,-0.0670855,0.450473,-0.890266,1
0,0,0,0,0,2398,457,2855,16467,19322,-0.0705344,0.522253,-0.849869,1
0,0,0,0,0,2447,505,2952,18615,21567,-0.0765272,0.564363,-0.821972,1
0,0,0,0,0,2023,391,2414,17653,20067,-0.0874843,0.61016,-0.787433,1
0,0,0,0,0,1742,344,2086,15375,17461,-0.105175,0.644703,-0.757163,1
0,0,0,0,0,2206,424,2630,-1000,-1000,-1,-1,-1,1
0,0,0,0,0,1648,296,1944,411,2355,-0.00435916,0.0285432,-0.999583,1
0,0,0,0,0,3203,610,3813,1408,5221,-0.00376545,0.172748,-0.984959,1
0,0,0,0,0,6556,1098,7654,33259,40913,-0.0413485,0.281312,-0.958725,1
0,0,0,0,0,1625,295,1920,20477,22397,-0.0489423,0.286032,-0.956969,1
0,0,0,0,0,1329,245,1574,15549,17123,-0.0509997,0.292266,-0.954977,1
0,0,0,0,0,1565,292,1857,4505,6362,-0.0559498,0.334811,-0.940623,1
0,0,0,0,0,3411,601,4012,7738,11750,-0.0543575,0.381279,-0.92286,1
0,0,0,0,0,6239,1156,7395,14260,21655,-0.065674,0.448176,-0.89153,1
0,0,0,0,0,3126,576,3702,13719,17421,-0.0639196,0.378679,-0.923318,1
0,0,0,0,0,2431,454,2885,16743,19628,-0.0694402,0.369663,-0.926568,1
0,0,0,0,0,2068,382,2450,29794,32244,-0.06311,0.283721,-0.956828,1
0,0,0,0,0,1420,259,1679,31538,33217,-0.0560774,0.214935,-0.975017,1
0,0,0,0,0,1273,237,1510,32861,34371,-0.0503431,0.185211,-0.981408,1
0,0,0,0,0,1296,234,1530,33599,35129,-0.0559244,0.191398,-0.979918,1
0,0,0,0,0,1281,243,1524,33701,35225,-0.0574088,0.187392,-0.980606,1
0,0,0,0,0,1210,222,1432,34248,35680,-0.0605388,0.192217,-0.979484,1
0,0,0,0,0,1235,221,1456,34321,35777,-0.0710317,0.195559,-0.978116,1
0,0,0,0,0,1293,243,1536,34806,36342,-0.0735068,0.214899,-0.973866,1
0,0,0,0,0,1203,216,1419,34762,36181,-0.0682692,0.21658,-0.973875,1
0,0,0,0,0,4966,894,5860,59222,65082,-0.0717307,0.324885,-0.943029,1
0,0,0,0,0,1142,210,1352,35859,37211,-0.0782415,0.327802,-0.941501,1
0,0,0,0,0,1169,214,1383,35095,36478,-0.0854237,0.321497,-0.943049,1
0,0,0,0,0,1232,248,1480,35651,37131,-0.0913793,0.324584,-0.941433,1
0,0,0,0,0,1173,213,1386,35617,37003,-0.0926806,0.319978,-0.942881,1
0,0,0,0,0,1180,216,1396,36045,37441,-0.0918466,0.309674,-0.946397,1
0,0,0,0,0,1178,215,1393,36442,37835,-0.104789,0.32936,-0.938371,1
0,0,0,0,0,1253,286,1539,35762,37301,-0.118885,0.294761,-0.948147,1
0,0,0,0,0,1168,254,1422,34806,36228,-0.144118,0.300988,-0.942675,1
0,0,0,0,0,1167,232,1399,8512,9911,-0.116256,0.260597,-0.958423,1
0,0,0,0,0,1294,218,1512,32611,34123,-0.152595,0.284443,-0.946471,1
0,0,0,0,0,4581,587,5168,43530,48698,-0.172102,0.313248,-0.933947,1
0,0,0,0,0,1170,255,1425,32811,34236,-0.158103,0.283727,-0.945782,1
0,0,0,0,0,1157,211,1368,33298,34666,-0.140813,0.260158,-0.955244,1
0,0,0,0,0,1222,215,1437,33336,34773,-0.140915,0.251073,-0.957656,1
0,0,0,0,0,1163,210,1373,33585,34958,-0.141995,0.256445,-0.956072,1
0,0,0,0,0,1210,211,1421,32815,34236,-0.14556,0.266896,-0.952669,1
0,0,0,0,0,1169,213,1382,31700,33082,-0.15447,0.289878,-0.944516,1
0,0,0,0,0,1172,219,1391,29802,31193,-0.179273,0.338445,-0.923751,1
0,0,0,0,0,1271,247,1518,30544,32062,-0.177904,0.35397,-0.918181,1
0,0,0,0,0,1186,215,1401,30520,31921,-0.17832,0.37853,-0.908249,1
0,0,0,0,0,1153,213,1366,29338,30704,-0.170173,0.384478,-0.907314,1
0,0,0,0,0,1152,242,1394,27463,28857,-0.159353,0.422217,-0.892378,1
0,0,0,0,0,1134,214,1348,25657,27005,-0.130276,0.4159,-0.900031,1
0,0,0,0,0,4366,798,5164,43181,48345,-0.107914,0.453729,-0.884581,1
0,0,0,0,0,1102,210,1312,22112,23424,-0.0796987,0.42993,-0.899338,1
0,0,0,0,0,1134,215,1349,18722,20071,-0.0602885,0.415629,-0.907534,1
0,0,0,0,0,5238,976,6214,36938,43152,-0.046908,0.426017,-0.903498,1
0,0,0,0,0,1252,225,1477,14684,16161,-0.0339438,0.375256,-0.9263,1
0,0,0,0,0,2829,501,3330,27091,30421,-0.0665126,0.473663,-0.878191,1
0,0,0,0,0,1827,295,2122,9645,11767,-0.0694584,0.471793,-0.878969,1
0,0,0,0,0,1324,213,1537,6887,8424,-0.0745127,0.454527,-0.887611,1
0,0,0,0,0,1548,266,1814,7244,9058,-0.0829324,0.49878,-0.862752,1
0,0,0,0,0,3593,601,4194,16503,20697,-0.0721826,0.541197,-0.837792,1
0,0,0,0,0,3672,591,4263,16695,20958,-0.0529392,0.583905,-0.810094,1
0,0,0,0,0,2013,324,2337,11745,14082,-0.0378901,0.59604,-0.80206,1
0,0,0,0,0,3777,611,4388,22451,26839,-0.0157982,0.637102,-0.770618,1
0,0,0,0,0,6169,985,7154,-1000,-1000,-1,-1,-1,1
0,0,0,0,0,2044,357,2401,35691,38092,-0.0352194,0.235309,-0.971282,1
0,0,0,0,0,1404,245,1649,34155,35804,-0.0745487,0.327571,-0.941881,1
0,0,0,0,0,1346,238,1584,33510,35094,-0.0916706,0.34427,-0.934385,1
0,0,0,0,0,1403,241,1644,30123,31767,-0.104168,0.341755,-0.933998,1
0,0,0,0,0,1412,241,1653,32574,34227,-0.0797317,0.325709,-0.942102,1
0,0,0,0,0,1413,248,1661,33760,35421,-0.0520591,0.328817,-0.942957,1
0,0,0,0,0,1511,267,1778,34448,36226,-0.0327707,0.293422,-0.955421,1
0,0,0,0,0,1515,273,1788,34669,36457,-0.0387021,0.293549,-0.955161,1
0,0,0,0,0,1524,265,1789,34625,36414,-0.0393072,0.2776,-0.959893,1
0,0,0,0,0,2416,418,2834,48785,51619,-0.0598089,0.371654,-0.926443,1
0,0,0,0,0,1507,281,1788,34055,35843,-0.0508174,0.353467,-0.934066,1
0,0,0,0,0,1475,253,1728,34893,36621,-0.0408844,0.362974,-0.930902,1
0,0,0,0,0,1448,257,1705,34118,35823,-0.0308146,0.322868,-0.945942,1
0,0,0,0,0,1428,251,1679,33557,35236,-0.0256361,0.295922,-0.954868,1
0,0,0,0,0,1450,244,1694,33856,35550,-0.0266328,0.298421,-0.954063,1
0,0,0,0,0,1394,240,1634,33206,34840,-0.0323483,0.28361,-0.958394,1
0,0,0,0,0,1382,246,1628,33155,34783,-0.0404895,0.290218,-0.956104,1
0,0,0,0,0,1377,241,1618,32870,34488,-0.0489601,0.293277,-0.954773,1
0,0,0,0,0,1361,318,1679,31490,33169,-0.0617241,0.302197,-0.951245,1
0,0,0,0,0,1388,236,1624,30262,31886,-0.0670238,0.307375,-0.949225,1
0,0,0,0,0,3729,652,4381,50574,54955,-0.0850304,0.394748,-0.914846,1
0,0,0,0,0,1330,229,1559,28341,29900,-0.0885975,0.387121,-0.917762,1
0,0,0,0,0,1318,228,1546,28935,30481,-0.0803449,0.361773,-0.928798,1
0,0,0,0,0,1347,228,1575,28446,30021,-0.0772177,0.350039,-0.933547,1
0,0,0,0,0,1294,226,1520,27951,29471,-0.0669683,0.334832,-0.939895,1
0,0,0,0,0,1289,226,1515,26187,27702,-0.0615187,0.330073,-0.941949,1
0,0,0,0,0,1278,238,1516,25178,26694,-0.0534783,0.339501,-0.939084,1
0,0,0,0,0,4792,878,5670,38547,44217,-0.0449398,0.369409,-0.928179,1
0,0,0,0,0,1365,221,1586,18991,20577,-0.0315158,0.361665,-0.931775,1
0,0,0,0,0,1257,221,1478,11911,13389,-0.0166855,0.395536,-0.918299,1
0,0,0,0,0,1500,366,1866,5455,7321,-0.0148233,0.42958,-0.902907,1
0,0,0,0,0,4759,790,5549,18707,24256,-0.0115842,0.385078,-0.922811,1
0,0,0,0,0,2133,210,2343,4964,7307,0.000147706,0.3157,-0.948859,1
0,0,0,0,0,2219,388,2607,18889,21496,0.0165237,0.302954,-0.952862,1
0,0,0,0,0,2594,458,3052,23184,26236,0.0281111,0.294646,-0.955193,1
0,0,0,0,0,1602,278,1880,15896,17776,0.0194924,0.280836,-0.959558,1
0,0,0,0,0,1574,271,1845,5635,7480,0.0425285,0.291024,-0.95577,1
0,0,0,0,0,4299,741,5040,26818,31858,-0.00369237,0.31113,-0.95036,1
0,0,0,0,0,2250,372,2622,8048,10670,-0.0174163,0.297387,-0.954598,1
0,0,0,0,0,5344,955,6299,14566,20865,-0.0374087,0.335643,-0.941246,1
0,0,0,0,0,2335,412,2747,10593,13340,-0.0529517,0.356831,-0.932667,1
0,0,0,0,0,5973,1129,7102,20917,28019,-0.0748065,0.355473,-0.931688,1
0,0,0,0,0,1777,323,2100,9199,11299,-0.0865398,0.344639,-0.934738,1
0,0,0,0,0,1635,289,1924,9130,11054,-0.105615,0.348043,-0.931511,1
0,0,0,0,0,2718,526,3244,16124,19368,-0.125191,0.373657,-0.919079,1
0,0,0,0,0,2753,557,3310,17780,21090,-0.172158,0.382744,-0.907672,1
0,0,0,0,0,2247,439,2686,15979,18665,-0.194642,0.419003,-0.886877,1
0,0,0,0,0,1905,370,2275,16322,18597,-0.221085,0.473207,-0.852758,1
0,0,0,0,0,1659,323,1982,17088,19070,-0.231726,0.543941,-0.806493,1
0,0,0,0,0,1643,317,1960,14991,16951,-0.232109,0.583541,-0.778207,1
0,0,0,0,0,2664,510,3174,23968,27142,-0.236925,0.635937,-0.734473,1
0,0,0,0,0,1918,358,2276,14931,17207,-0.232172,0.644287,-0.72869,1
0,0,0,0,0,1340,249,1589,12141,13730,-0.23062,0.655732,-0.718908,1
0,0,0,0,0,2090,379,2469,18990,21459,-0.227152,0.657201,-0.718671,1
0,0,0,0,0,1846,334,2180,16729,18909,-0.221254,0.647737,-0.729029,1
0,0,0,0,0,1596,288,1884,15396,17280,-0.214638,0.634557,-0.742474,1
0,0,0,0,0,5994,1012,7006,28657,35663,-0.215322,0.619876,-0.75458,1
0,0,0,0,0,1639,313,1952,11225,13177,-0.211296,0.609143,-0.764394,1
0,0,0,0,0,1756,331,2087,14464,16551,-0.207393,0.597101,-0.774893,1
0,0,0,0,0,1964,359,2323,16101,18424,-0.20378,0.587007,-0.783516,1
0,0,0,0,0,2155,380,2535,22040,24575,-0.197249,0.578561,-0.791429,1
0,0,0,0,0,1852,329,2181,18252,20433,-0.18969,0.570921,-0.798791,1
0,0,0,0,0,6082,1139,7221,27465,34686,-0.18523,0.562511,-0.805774,1
0,0,0,0,0,1649,277,1926,14084,16010,-0.184523,0.556362,-0.810193,1
0,0,0,0,0,1475,300,1775,17329,19104,-0.183992,0.552745,-0.812786,1
0,0,0,0,0,2541,421,2962,20635,23597,-0.182848,0.551244,-0.814062,1
0,0,0,0,0,1871,346,2217,18459,20676,-0.181941,0.551022,-0.814415,1
0,0,0,0,0,1584,277,1861,15710,17571,-0.182827,0.551355,-0.813992,1
0,0,0,0,0,6071,1125,7196,33313,40509,-0.18286,0.551074,-0.814174,1
0,0,0,0,0,1653,310,1963,14630,16593,-0.182683,0.549713,-0.815134,1
0,0,0,0,0,1366,242,1608,11918,13526,-0.182916,0.548501,-0.815897,1
0,0,0,0,0,1329,242,1571,13331,14902,-0.182705,0.546586,-0.817228,1
0,0,0,0,0,5474,1000,6474,28658,35132,-0.183985,0.545356,-0.817763,1
0,0,0,0,0,1447,261,1708,13457,15165,-0.184527,0.544648,-0.818113,1
0,0,0,0,0,1430,262,1692,15534,17226,-0.185033,0.544911,-0.817823,1
0,0,0,0,0,1830,330,2160,19132,21292,-0.185057,0.543525,-0.81874,1
0,0,0,0,0,1583,294,1877,17325,19202,-0.185254,0.542437,-0.819417,1
0,0,0,0,0,1768,321,2089,19609,21698,-0.185452,0.541415,-0.820047,1
0,0,0,0,0,1651,306,1957,16764,18721,-0.185376,0.541942,-0.819716,1
0,0,0,0,0,1713,311,2024,19293,21317,-0.186961,0.542103,-0.819249,1
0,0,0,0,0,5607,1012,6619,10230,16849,-0.182827,0.538393,-0.822622,1
0,0,0,0,0,1472,268,1740,16330,18070,-0.184139,0.538739,-0.822103,1
0,0,0,0,0,1501,276,1777,15870,17647,-0.184531,0.538748,-0.822009,1
0,0,0,0,0,1868,346,2214,20132,22346,-0.185329,0.539201,-0.821532,1
0,0,0,0,0,1629,311,1940,17627,19567,-0.187035,0.539387,-0.821024,1
0,0,0,0,0,1749,324,2073,18190,20263,-0.188893,0.540328,-0.819979,1
0,0,0,0,0,1814,312,2126,16492,18618,-0.189393,0.540406,-0.819812,1
0,0,0,0,0,1719,311,2030,17047,19077,-0.190669,0.5398,-0.819916,1
0,0,0,0,0,1739,320,2059,17547,19606,-0.191431,0.538951,-0.820296,1
0,0,0,0,0,1940,354,2294,21277,23571,-0.189974,0.538439,-0.820971,1
0,0,0,0,0,1686,313,1999,18483,20482,-0.189083,0.538479,-0.821151,1
0,0,0,0,0,1618,277,1895,17322,19217,-0.187826,0.538583,-0.821371,1
0,0,0,0,0,1800,328,2128,18573,20701,-0.188532,0.539577,-0.820557,1
0,0,0,0,0,1590,294,1884,16034,17918,-0.188149,0.540355,-0.820131,1
0,0,0,0,0,1936,355,2291,19128,21419,-0.187613,0.540257,-0.820319,1
0,0,0,0,0,1947,355,2302,19044,21346,-0.188511,0.540342,-0.820057,1
0,0,0,0,0,1631,300,1931,17423,19354,-0.187812,0.541122,-0.819703,1
0,0,0,0,0,2033,331,2364,19275,21639,-0.186314,0.541846,-0.819567,1
0,0,0,0,0,1820,329,2149,20875,23024,-0.18276,0.542207,-0.820129,1
0,0,0,0,0,5388,784,6172,24976,31148,-0.180639,0.542672,-0.820291,1
0,0,0,0,0,1313,241,1554,13373,14927,-0.180242,0.542347,-0.820593,1
0,0,0,0,0,1560,284,1844,17583,19427,-0.179806,0.542005,-0.820915,1
0,0,0,0,0,5718,1087,6805,29286,36091,-0.18011,0.54185,-0.82095,1
0,0,0,0,0,1580,303,1883,14897,16780,-0.180744,0.542192,-0.820585,1
0,0,0,0,0,1348,243,1591,15586,17177,-0.179432,0.541431,-0.821375,1
0,0,0,0,0,1582,293,1875,15372,17247,-0.179761,0.541476,-0.821273,1
0,0,0,0,0,1925,351,2276,18840,21116,-0.179608,0.541144,-0.821525,1
0,0,0,0,0,1679,310,1989,18009,19998,-0.179973,0.541602,-0.821144,1
0,0,0,0,0,6302,1120,7422,33524,40946,-0.180448,0.541441,-0.821146,1
0,0,0,0,0,1662,280,1942,14073,16015,-0.180064,0.541623,-0.82111,2
0,0,0,0,0,1360,249,1609,14954,16563,-0.180182,0.542391,-0.820577,2
0,0,0,0,0,1317,243,1560,14862,16422,-0.179824,0.54324,-0.820094,2
0,0,0,0,0,1519,274,1793,15347,17140,-0.179898,0.542779,-0.820383,2
0,0,0,0,0,6023,1159,7182,35956,43138,-0.178912,0.541319,-0.821562,2
0,0,0,0,0,1635,299,1934,14227,16161,-0.178738,0.540904,-0.821873,2
0,0,0,0,0,1326,296,1622,13296,14918,-0.179069,0.540436,-0.822109,2
0,0,0,0,0,1601,292,1893,14326,16219,-0.179122,0.540288,-0.822194,2
0,0,0,0,0,6072,1120,7192,35209,42401,-0.178627,0.540813,-0.821958,2
0,0,0,0,0,1643,303,1946,14449,16395,-0.1791,0.541111,-0.821658,2
0,0,0,0,0,1372,243,1615,12815,14430,-0.179568,0.540287,-0.822098,2
0,0,0,0,0,1313,242,1555,15341,16896,-0.178328,0.540227,-0.822408,2
0,0,0,0,0,1682,311,1993,17236,19229,-0.178741,0.541309,-0.821606,2
0,0,0,0,0,1874,344,2218,18827,21045,-0.178367,0.5417,-0.821429,2
0,0,0,0,0,1647,301,1948,17493,19441,-0.179041,0.54244,-0.820795,2
0,0,0,0,0,1931,356,2287,19264,21551,-0.179647,0.542272,-0.820773,2
0,0,0,0,0,1864,343,2207,20482,22689,-0.1791,0.542772,-0.820561,2
0,0,0,0,0,1471,269,1740,16543,18283,-0.178215,0.542645,-0.820838,2
0,0,0,0,0,1775,321,2096,18124,20220,-0.178292,0.543209,-0.820448,2
0,0,0,0,0,2201,398,2599,22438,25037,-0.178462,0.543565,-0.820176,2
0,0,0,0,0,1650,319,1969,18829,20798,-0.177043,0.542603,-0.82112,2
0,0,0,0,0,1433,274,1707,13418,15125,-0.1779,0.541921,-0.821385,2
0,0,0,0,0,1884,343,2227,21647,23874,-0.175927,0.5423,-0.82156,2
0,0,0,0,0,5507,1009,6516,37513,44029,-0.17541,0.542167,-0.821758,2
0,0,0,0,0,1646,293,1939,15336,17275,-0.17715,0.542779,-0.82098,2
0,0,0,0,0,5541,1014,6555,27573,34128,-0.177024,0.543982,-0.820211,2
0,0,0,0,0,1520,244,1764,14725,16489,-0.177711,0.54414,-0.819957,2
0,0,0,0,0,1552,282,1834,18121,19955,-0.178413,0.544311,-0.819692,2
0,0,0,0,0,1917,344,2261,20969,23230,-0.177609,0.544863,-0.819499,2
0,0,0,0,0,1511,286,1797,16519,18316,-0.177431,0.545419,-0.819168,2
0,0,0,0,0,1458,267,1725,16111,17836,-0.177644,0.545909,-0.818796,2
0,0,0,0,0,1990,378,2368,21243,23611,-0.178749,0.546686,-0.818036,2
0,0,0,0,0,5681,997,6678,23006,29684,-0.172609,0.544461,-0.820834,2
0,0,0,0,0,4841,701,5542,22361,27903,-0.17356,0.545566,-0.819899,2
0,0,0,0,0,3146,565,3711,22530,26241,-0.171825,0.546515,-0.819632,2
0,0,0,0,0,1423,241,1664,14029,15693,-0.170338,0.547423,-0.819337,2
0,0,0,0,0,1439,262,1701,16320,18021,-0.171432,0.548297,-0.818524,2
0,0,0,0,0,1555,282,1837,15806,17643,-0.169968,0.547879,-0.819109,2
0,0,0,0,0,1707,310,2017,17985,20002,-0.170714,0.549686,-0.817742,2
0,0,0,0,0,3090,584,3674,32833,36507,-0.175767,0.548233,-0.817647,2
0,0,0,0,0,1779,302,2081,14718,16799,-0.178261,0.549275,-0.816406,2
0,0,0,0,0,1427,263,1690,13853,15543,-0.18853,0.551778,-0.812403,2
0,0,0,0,0,1717,321,2038,17130,19168,-0.200172,0.557806,-0.805471,2
0,0,0,0,0,1879,339,2218,19671,21889,-0.206586,0.57286,-0.793192,2
0,0,0,0,0,1669,299,1968,17041,19009,-0.207413,0.584897,-0.78414,2
0,0,0,0,0,1608,300,1908,15085,16993,-0.210625,0.60149,-0.770614,2
0,0,0,0,0,1969,351,2320,17758,20078,-0.21506,0.615841,-0.75795,2
0,0,0,0,0,2219,391,2610,19791,22401,-0.217665,0.630078,-0.745401,2
0,0,0,0,0,1682,302,1984,13956,15940,-0.219939,0.638662,-0.737386,2
0,0,0,0,0,2366,404,2770,21466,24236,-0.221684,0.656344,-0.721158,2
0,0,0,0,0,2016,365,2381,-1000,-1000,-1,-1,-1,2
0,0,0,0,0,1795,278,2073,830,2903,-0.00546296,0.034007,-0.999407,2
0,0,0,0,0,1348,225,1573,1426,2999,-0.0104116,0.115502,-0.993253,2
0,0,0,0,0,2874,474,3348,19573,22921,-0.0268671,0.172059,-0.98472,2
0,0,0,0,0,6358,1118,7476,40459,47935,-0.0392664,0.192657,-0.98048,2
0,0,0,0,0,1453,293,1746,26051,27797,-0.0410145,0.182285,-0.98239,2
0,0,0,0,0,1411,249,1660,26758,28418,-0.0419906,0.174276,-0.983801,2
0,0,0,0,0,1596,285,1881,27815,29696,-0.0429856,0.177546,-0.983174,2
0,0,0,0,0,5050,736,5786,37918,43704,-0.0494195,0.19534,-0.97949,2
0,0,0,0,0,1412,251,1663,28331,29994,-0.0579621,0.190383,-0.979997,2
0,0,0,0,0,1653,257,1910,28589,30499,-0.06372,0.183605,-0.980933,2
0,0,0,0,0,3576,633,4209,40890,45099,-0.0919435,0.211126,-0.973125,2
0,0,0,0,0,1385,246,1631,29705,31336,-0.0908914,0.206703,-0.974173,2
0,0,0,0,0,1366,245,1611,30241,31852,-0.0855014,0.211122,-0.973713,2
0,0,0,0,0,1360,298,1658,30510,32168,-0.0814966,0.214052,-0.973417,2
0,0,0,0,0,1356,274,1630,31072,32702,-0.0840561,0.242456,-0.966514,2
0,0,0,0,0,1340,235,1575,31640,33215,-0.0773181,0.24328,-0.96687,2
0,0,0,0,0,1347,236,1583,32181,33764,-0.0835453,0.255782,-0.963118,2
0,0,0,0,0,1353,258,1611,33365,34976,-0.0889822,0.28947,-0.953042,2
0,0,0,0,0,1430,246,1676,34274,35950,-0.0695111,0.328571,-0.941918,2
0,0,0,0,0,1275,321,1596,33845,35441,-0.0674899,0.327638,-0.94239,2
0,0,0,0,0,1210,220,1430,34331,35761,-0.0687162,0.350129,-0.934178,2
0,0,0,0,0,1200,218,1418,33972,35390,-0.0705038,0.317276,-0.945709,2
0,0,0,0,0,1179,218,1397,34929,36326,-0.086114,0.322505,-0.942643,2
0,0,0,0,0,1238,225,1463,35368,36831,-0.0972793,0.314335,-0.944315,2
0,0,0,0,0,1168,218,1386,35515,36901,-0.1187,0.324105,-0.938545,2
0,0,0,0,0,1221,215,1436,35423,36859,-0.115479,0.319428,-0.940548,2
0,0,0,0,0,1186,218,1404,35607,37011,-0.109082,0.341801,-0.93342,2
0,0,0,0,0,1223,219,1442,35729,37171,-0.096627,0.335235,-0.937166,2
0,0,0,0,0,1195,213,1408,35240,36648,-0.0890305,0.349476,-0.932706,2
0,0,0,0,0,2550,416,2966,41686,44652,-0.0756693,0.40449,-0.911407,2
0,0,0,0,0,1210,300,1510,35084,36594,-0.067115,0.429892,-0.900382,2
0,0,0,0,0,1182,216,1398,35653,37051,-0.0643389,0.424115,-0.90332,2
0,0,0,0,0,1210,292,1502,37069,38571,-0.0668202,0.400138,-0.914016,2
0,0,0,0,0,1220,216,1436,37014,38450,-0.0674614,0.382916,-0.921317,2
0,0,0,0,0,1271,221,1492,36127,37619,-0.0645356,0.37341,-0.925419,2
0,0,0,0,0,1239,286,1525,36128,37653,-0.064107,0.368809,-0.927292,2
0,0,0,0,0,1196,219,1415,34805,36220,-0.0727648,0.364599,-0.928317,2
0,0,0,0,0,1249,249,1498,33494,34992,-0.0911037,0.368045,-0.925334,2
0,0,0,0,0,1257,244,1501,32297,33798,-0.109321,0.384481,-0.916637,2
0,0,0,0,0,1199,217,1416,31174,32590,-0.116943,0.418923,-0.90046,2
0,0,0,0,0,1244,219,1463,30218,31681,-0.112642,0.43895,-0.891423,2
0,0,0,0,0,1324,240,1564,31441,33005,-0.105294,0.469854,-0.876442,2
0,0,0,0,0,4452,815,5267,46175,51442,-0.11128,0.535089,-0.837435,2
0,0,0,0,0,1218,219,1437,27921,29358,-0.108124,0.523275,-0.845276,2
0,0,0,0,0,1138,264,1402,26759,28161,-0.103983,0.503106,-0.857947,2
0,0,0,0,0,1436,286,1722,24308,26030,-0.0982319,0.480444,-0.871507,2
0,0,0,0,0,1128,216,1344,21735,23079,-0.0966071,0.470574,-0.877056,2
0,0,0,0,0,1251,255,1506,19302,20808,-0.0917994,0.442993,-0.891813,2
0,0,0,0,0,1378,263,1641,19449,21090,-0.0837668,0.426853,-0.900433,2
0,0,0,0,0,1524,278,1802,21115,22917,-0.0702471,0.430118,-0.900036,2
0,0,0,0,0,5409,983,6392,27351,33743,-0.0662156,0.444095,-0.893529,2
0,0,0,0,0,1272,232,1504,11152,12656,-0.0600548,0.415313,-0.907694,2
0,0,0,0,0,3960,922,4882,26123,31005,-0.050115,0.448342,-0.892456,2
0,0,0,0,0,1595,233,1828,9599,11427,-0.0503169,0.419972,-0.906141,2
0,0,0,0,0,1587,275,1862,12986,14848,-0.0427106,0.440852,-0.896563,2
0,0,0,0,0,2485,469,2954,24191,27145,-0.0416427,0.447276,-0.893426,2
0,0,0,0,0,1582,294,1876,17867,19743,-0.0609821,0.46057,-0.885526,2
0,0,0,0,0,1395,232,1627,19206,20833,-0.101831,0.476874,-0.873053,2
0,0,0,0,0,4813,825,5638,35955,41593,-0.158338,0.564654,-0.809997,2
0,0,0,0,0,1339,217,1556,19369,20925,-0.166452,0.561294,-0.810705,2
0,0,0,0,0,1361,283,1644,21480,23124,-0.176925,0.60541,-0.776,2
0,0,0,0,0,1439,273,1712,24744,26456,-0.168418,0.613692,-0.771373,2
0,0,0,0,0,1365,232,1597,26799,28396,-0.148783,0.614176,-0.775017,2
0,0,0,0,0,1616,290,1906,20447,22353,-0.134298,0.630457,-0.764518,2
0,0,0,0,0,4968,873,5841,-1000,-1000,-1,-1,-1,2
0,0,0,0,0,1503,272,1775,31608,33383,-0.061046,0.398582,-0.915099,2
0,0,0,0,0,1600,266,1866,34046,35912,-0.0571169,0.479293,-0.875794,2
0,0,0,0,0,1626,275,1901,33895,35796,-0.0494024,0.491463,-0.869496,2
0,0,0,0,0,1804,320,2124,32035,34159,-0.0613749,0.500014,-0.86384,2
0,0,0,0,0,1645,273,1918,32409,34327,-0.0585394,0.450152,-0.891031,2
0,0,0,0,0,1533,257,1790,31350,33140,-0.0645398,0.427404,-0.901754,2
0,0,0,0,0,1493,259,1752,30800,32552,-0.0777498,0.425099,-0.901802,2
0,0,0,0,0,1724,254,1978,31005,32983,-0.0803511,0.415611,-0.905986,2
0,0,0,0,0,1438,260,1698,30944,32642,-0.0672477,0.395619,-0.91595,2
0,0,0,0,0,1564,263,1827,30571,32398,-0.060834,0.399167,-0.914858,2
0,0,0,0,0,1410,241,1651,29710,31361,-0.054779,0.398639,-0.915471,2
0,0,0,0,0,6457,1115,7572,52277,59849,-0.102612,0.48881,-0.866334,2
0,0,0,0,0,1380,239,1619,28667,30286,-0.112818,0.463612,-0.878827,2
0,0,0,0,0,1367,237,1604,27713,29317,-0.12064,0.445094,-0.88732,2
0,0,0,0,0,1499,235,1734,27340,29074,-0.118603,0.429272,-0.895354,2
0,0,0,0,0,1352,233,1585,26727,28312,-0.111954,0.420923,-0.900161,2
0,0,0,0,0,1421,237,1658,27098,28756,-0.0926811,0.403019,-0.910487,2
0,0,0,0,0,1363,259,1622,25404,27026,-0.0846601,0.412392,-0.907064,2
0,0,0,0,0,1367,238,1605,26835,28440,-0.0398792,0.377969,-0.924959,2
0,0,0,0,0,4637,810,5447,39069,44516,-0.0474643,0.452368,-0.890568,2
0,0,0,0,0,1400,232,1632,17146,18778,-0.0418649,0.416111,-0.90835,2
0,0,0,0,0,5326,919,6245,20357,26602,-0.0474472,0.441978,-0.89577,2
0,0,0,0,0,1840,311,2151,6505,8656,0.00797915,0.396497,-0.918002,2
0,0,0,0,0,1481,236,1717,7020,8737,0.0267545,0.356979,-0.933729,2
0,0,0,0,0,2422,432,2854,4575,7429,-0.0166949,0.394404,-0.918785,2
0,0,0,0,0,6564,1165,7729,12076,19805,-0.0778211,0.461717,-0.883607,2
0,0,0,0,0,3261,563,3824,7169,10993,-0.117741,0.495348,-0.860678,2
0,0,0,0,0,5905,1111,7016,16217,23233,-0.157756,0.562671,-0.811489,2
0,0,0,0,0,2492,466,2958,7708,10666,-0.177417,0.599358,-0.780572,2
0,0,0,0,0,2265,426,2691,7972,10663,-0.186377,0.645099,-0.74102,2
0,0,0,0,0,3734,701,4435,16707,21142,0.0181862,0.473339,-0.880692,2
0,0,0,0,0,2344,443,2787,4446,7233,-0.0742182,0.373228,-0.924766,2
0,0,0,0,0,5437,1040,6477,12498,18975,-0.0720857,0.430209,-0.899847,2
0,0,0,0,0,3850,717,4567,12315,16882,-0.0789805,0.474648,-0.876625,2
0,0,0,0,0,2499,464,2963,3030,5993,-0.0848331,0.50744,-0.857501,2
0,0,0,0,0,5929,1005,6934,6051,12985,-0.101431,0.61564,-0.781472,2
0,0,0,0,0,5806,997,6803,-1000,-1000,-1,-1,-1,2
0,0,0,0,0,3191,497,3688,5603,9291,-0.0481255,0.177774,-0.982894,2
0,0,0,0,0,7325,1340,8665,49212,57877,-0.0912892,0.461733,-0.882309,2
0,0,0,0,0,1491,259,1750,25797,27547,-0.0945442,0.491025,-0.866,2
0,0,0,0,0,1731,307,2038,26054,28092,-0.113575,0.552788,-0.825546,2
0,0,0,0,0,1461,323,1784,30892,32676,-0.101853,0.486638,-0.867646,2
0,0,0,0,0,1419,252,1671,31798,33469,-0.0947884,0.439326,-0.893313,2
0,0,0,0,0,1553,257,1810,33238,35048,-0.0873171,0.394582,-0.914703,2
0,0,0,0,0,2636,510,3146,50806,53952,-0.108518,0.449192,-0.88682,2
0,0,0,0,0,1365,277,1642,33577,35219,-0.106874,0.439206,-0.892007,2
0,0,0,0,0,1354,241,1595,33985,35580,-0.107395,0.451319,-0.885877,2
0,0,0,0,0,1379,242,1621,33686,35307,-0.0944659,0.410084,-0.907143,2
0,0,0,0,0,1356,244,1600,34743,36343,-0.0940762,0.399366,-0.911952,2
0,0,0,0,0,1478,240,1718,34536,36254,-0.0966912,0.401512,-0.910735,2
0,0,0,0,0,1427,234,1661,35389,37050,-0.0894037,0.395673,-0.914029,2
0,0,0,0,0,2648,478,3126,40883,44009,-0.11197,0.440521,-0.890732,2
0,0,0,0,0,1238,224,1462,35444,36906,-0.120627,0.440496,-0.889614,2
0,0,0,0,0,1308,255,1563,36872,38435,-0.117162,0.424283,-0.897918,2
0,0,0,0,0,1208,222,1430,36752,38182,-0.101798,0.410165,-0.906312,2
0,0,0,0,0,1217,217,1434,35997,37431,-0.0921872,0.389412,-0.916439,2
0,0,0,0,0,1230,322,1552,37374,38926,-0.0908257,0.397997,-0.912879,2
0,0,0,0,0,1212,227,1439,30724,32163,-0.0910149,0.396179,-0.913651,2
0,0,0,0,0,1208,223,1431,35657,37088,-0.108388,0.383618,-0.91711,2
0,0,0,0,0,1200,219,1419,16456,17875,-0.119199,0.393899,-0.911392,2
0,0,0,0,0,1367,258,1625,36467,38092,-0.140692,0.405626,-0.903146,2
0,0,0,0,0,1194,217,1411,31817,33228,-0.17396,0.417456,-0.89189,2
0,0,0,0,0,1383,245,1628,31574,33202,-0.192738,0.454058,-0.869876,2
0,0,0,0,0,2865,481,3346,37423,40769,-0.19869,0.475823,-0.856805,2
0,0,0,0,0,1184,233,1417,29172,30589,-0.200411,0.47596,-0.856328,2
0,0,0,0,0,2818,536,3354,38398,41752,-0.200512,0.505052,-0.839475,2
0,0,0,0,0,1163,229,1392,27443,28835,-0.198876,0.508624,-0.837706,2
0,0,0,0,0,1183,221,1404,26108,27512,-0.191836,0.529208,-0.826522,2
0,0,0,0,0,1285,236,1521,25457,26978,-0.181042,0.553718,-0.812786,2
0,0,0,0,0,1244,229,1473,23097,24570,-0.169652,0.550656,-0.81731,2
0,0,0,0,0,4558,872,5430,33114,38544,-0.179152,0.577589,-0.796427,2
0,0,0,0,0,1203,222,1425,16843,18268,-0.156102,0.529705,-0.833693,2
0,0,0,0,0,1408,261,1669,14741,16410,-0.1409,0.523399,-0.840358,2
0,0,0,0,0,1746,301,2047,14211,16258,-0.11042,0.51983,-0.847103,2
0,0,0,0,0,2122,374,2496,13048,15544,-0.0855818,0.499639,-0.861996,2
0,0,0,0,0,2886,473,3359,15745,19104,-0.0781007,0.539166,-0.838571,2
0,0,0,0,0,2826,461,3287,16336,19623,-0.0253542,0.541482,-0.84033,2
0,0,0,0,0,2218,375,2593,21119,23712,0.0524836,0.50917,-0.859064,2
0,0,0,0,0,4757,823,5580,33162,38742,0.10834,0.474309,-0.873667,2
0,0,0,0,0,1176,205,1381,25421,26802,0.161212,0.378962,-0.911263,2
0,0,0,0,0,4478,796,5274,43498,48772,0.169897,0.378778,-0.909759,2
0,0,0,0,0,1254,225,1479,29449,30928,0.14376,0.376864,-0.915045,2
0,0,0,0,0,1471,256,1727,26437,28164,0.143065,0.367113,-0.919109,2
0,0,0,0,0,1522,264,1786,27478,29264,0.128483,0.394622,-0.909816,2
0,0,0,0,0,1688,290,1978,30225,32203,0.0888557,0.448287,-0.889462,2
0,0,0,0,0,1595,334,1929,33129,35058,0.00141078,0.599785,-0.80016,2
0,0,0,0,0,1462,252,1714,32654,34368,-0.0380599,0.659704,-0.750561,2
0,0,0,0,0,1472,245,1717,32272,33989,-0.066575,0.68151,-0.728775,2
0,0,0,0,0,1446,246,1692,33013,34705,-0.0837578,0.68577,-0.722983,2
0,0,0,0,0,1463,294,1757,32636,34393,-0.0976456,0.680533,-0.726182,2
0,0,0,0,0,1478,252,1730,26887,28617,-0.0971712,0.640421,-0.761853,2
0,0,0,0,0,4439,769,5208,52552,57760,-0.104843,0.689118,-0.717025,2
0,0,0,0,0,1551,265,1816,34385,36201,-0.102387,0.644674,-0.75757,2
0,0,0,0,0,1675,272,1947,30528,32475,-0.105563,0.629852,-0.769508,2
0,0,0,0,0,1562,269,1831,30633,32464,-0.106303,0.595488,-0.7963,2
0,0,0,0,0,1550,263,1813,31177,32990,-0.101718,0.541026,-0.834832,2
0,0,0,0,0,1526,263,1789,31574,33363,-0.0927505,0.498719,-0.861787,2
0,0,0,0,0,1483,258,1741,30801,32542,-0.090052,0.481603,-0.87175,2
0,0,0,0,0,1455,252,1707,31098,32805,-0.0749019,0.44776,-0.891011,2
0,0,0,0,0,1475,247,1722,30916,32638,-0.0662315,0.460357,-0.88526,2
0,0,0,0,0,1464,245,1709,31606,33315,-0.0643555,0.448528,-0.891449,2
0,0,0,0,0,1404,242,1646,27346,28992,-0.0430929,0.462592,-0.885523,2
0,0,0,0,0,1446,305,1751,31718,33469,-0.0399217,0.463395,-0.885252,2
0,0,0,0,0,1377,245,1622,29911,31533,-0.0308361,0.473767,-0.88011,2
0,0,0,0,0,1367,267,1634,27677,29311,-0.0299821,0.487373,-0.872679,2
0,0,0,0,0,1351,240,1591,26226,27817,-0.0136777,0.49053,-0.871317,2
0,0,0,0,0,1680,266,1946,17714,19660,-0.0100413,0.455258,-0.890303,2
0,0,0,0,0,1815,303,2118,13789,15907,-0.0465908,0.469142,-0.881893,2
0,0,0,0,0,1976,342,2318,8684,11002,-0.0690257,0.455685,-0.887461,2
0,0,0,0,0,3580,683,4263,7338,11601,-0.11872,0.522608,-0.844267,2
0,0,0,0,0,4365,1060,5425,14908,20333,-0.176402,0.590936,-0.787196,2
0,0,0,0,0,2697,486,3183,12973,16156,-0.214987,0.643202,-0.734896,2
0,0,0,0,0,2232,405,2637,-1000,-1000,-1,-1,-1,2
0,0,0,0,0,2443,403,2846,2145,4991,-0.115198,0.18911,-0.975175,2
0,0,0,0,0,1619,293,1912,9988,11900,-0.0595268,0.313622,-0.94768,2
0,0,0,0,0,2118,383,2501,17804,20305,-0.0730418,0.427475,-0.901072,2
0,0,0,0,0,2412,432,2844,20281,23125,-0.0863249,0.445697,-0.891012,2
0,0,0,0,0,5936,1176,7112,11711,18823,-0.0982299,0.487378,-0.867649,2
0,0,0,0,0,2658,470,3128,4147,7275,-0.0932404,0.519254,-0.849519,2
0,0,0,0,0,6144,1047,7191,7568,14759,-0.0778653,0.559901,-0.824893,2
0,0,0,0,0,6291,1126,7417,17851,25268,-0.0894835,0.55553,-0.826667,2
0,0,0,0,0,6266,815,7081,30044,37125,-0.107909,0.557495,-0.823138,2
0,0,0,0,0,1713,273,1986,28752,30738,-0.100366,0.470938,-0.876438,2
0,0,0,0,0,1386,251,1637,32456,34093,-0.100718,0.459548,-0.882424,2
0,0,0,0,0,1372,243,1615,30865,32480,-0.0922349,0.461832,-0.882159,2
0,0,0,0,0,1317,235,1552,32909,34461,-0.0728596,0.47756,-0.875573,2
0,0,0,0,0,1270,246,1516,34812,36328,-0.0613119,0.466102,-0.882604,2
0,0,0,0,0,1247,227,1474,34990,36464,-0.0557586,0.488952,-0.870527,2
0,0,0,0,0,1227,250,1477,35714,37191,-0.0447553,0.494667,-0.867929,2
0,0,0,0,0,1202,221,1423,34838,36261,-0.0445173,0.574954,-0.816974,2
0,0,0,0,0,1188,219,1407,33399,34806,-0.0484733,0.619066,-0.783842,2
0,0,0,0,0,1217,226,1443,31758,33201,-0.0626601,0.514456,-0.855224,2
0,0,0,0,0,2496,494,2990,48298,51288,-0.0998245,0.553774,-0.826662,2
0,0,0,0,0,1278,218,1496,35571,37067,-0.107009,0.452595,-0.885272,2
0,0,0,0,0,1301,237,1538,35109,36647,-0.128421,0.370419,-0.919945,2
0,0,0,0,0,1204,217,1421,33625,35046,-0.14482,0.320853,-0.935992,2
0,0,0,0,0,1266,218,1484,29804,31288,-0.150471,0.318664,-0.935848,2
0,0,0,0,0,1239,220,1459,30775,32234,-0.160816,0.290835,-0.943161,2
0,0,0,0,0,1393,273,1666,23170,24836,-0.161263,0.316947,-0.934633,2
0,0,0,0,0,1310,246,1556,25777,27333,-0.158133,0.388278,-0.907874,2
0,0,0,0,0,1239,227,1466,26789,28255,-0.171086,0.513565,-0.840821,2
0,0,0,0,0,1242,225,1467,27377,28844,-0.177607,0.579488,-0.795393,2
0,0,0,0,0,1331,239,1570,28368,29938,-0.174966,0.611631,-0.771554,2
0,0,0,0,0,1384,263,1647,20827,22474,-0.171309,0.601234,-0.780494,2
0,0,0,0,0,6134,1053,7187,40784,47971,-0.163425,0.639898,-0.750881,2
0,0,0,0,0,1420,244,1664,19375,21039,-0.154619,0.623289,-0.766554,2
0,0,0,0,0,1429,247,1676,22554,24230,-0.137153,0.622063,-0.770861,2
0,0,0,0,0,1475,253,1728,20635,22363,-0.115578,0.62334,-0.773362,2
0,0,0,0,0,1641,266,1907,20800,22707,-0.0912577,0.615934,-0.782495,2
0,0,0,0,0,1888,316,2204,15795,17999,-0.0744125,0.627565,-0.775,2
0,0,0,0,0,2017,355,2372,16894,19266,-0.0651668,0.614746,-0.786028,2
0,0,0,0,0,1966,311,2277,10416,12693,-0.064584,0.603506,-0.794739,2
0,0,0,0,0,2376,377,2753,10099,12852,-0.0641983,0.611853,-0.788362,2
0,0,0,0,0,5775,929,6704,17356,24060,0.0371472,0.634067,-0.772385,2
0,0,0,0,0,5921,824,6745,23677,30422,0.0915702,0.652081,-0.752599,2
0,0,0,0,0,1406,231,1637,17409,19046,0.147127,0.650261,-0.745329,2
0,0,0,0,0,1331,215,1546,19563,21109,0.182297,0.631725,-0.753453,2
0,0,0,0,0,6294,1024,7318,-1000,-1000,-1,-1,-1,2
0,0,0,0,0,1348,242,1590,6609,8199,-0.0014182,0.0347889,-0.999394,2
0,0,0,0,0,1440,239,1679,18579,20258,-0.0697563,0.263882,-0.962029,2
0,0,0,0,0,1411,241,1652,31637,33289,-0.163485,0.577688,-0.799718,2
0,0,0,0,0,1448,241,1689,29462,31151,-0.198822,0.639667,-0.742494,2
0,0,0,0,0,1432,237,1669,13506,15175,-0.21126,0.623629,-0.752633,2
0,0,0,0,0,2060,348,2408,25874,28282,-0.21635,0.609086,-0.763025,2
0,0,0,0,0,6311,1066,7377,-1000,-1000,-1,-1,-1,2
0,0,0,0,0,1596,332,1928,33292,35220,-0.101537,0.295601,-0.9499,2
0,0,0,0,0,3130,535,3665,45926,49591,-0.155187,0.519793,-0.840079,2
0,0,0,0,0,1603,285,1888,33603,35491,-0.151873,0.559069,-0.815093,2
0,0,0,0,0,1534,265,1799,33425,35224,-0.123265,0.539573,-0.832867,2
0,0,0,0,0,1546,257,1803,30202,32005,-0.116205,0.577438,-0.808122,2
0,0,0,0,0,1453,249,1702,30287,31989,-0.102206,0.544056,-0.832801,2
0,0,0,0,0,1481,247,1728,29506,31234,-0.0916408,0.494509,-0.864328,2
0,0,0,0,0,1431,250,1681,13194,14875,-0.025961,0.36836,-0.929321,2
0,0,0,0,0,1577,305,1882,26762,28644,-0.0330217,0.316376,-0.948059,2
0,0,0,0,0,1681,293,1974,32914,34888,-0.0573778,0.392071,-0.918144,2
0,0,0,0,0,4666,694,5360,36326,41686,-0.054254,0.412974,-0.909125,2
0,0,0,0,0,1352,277,1629,24118,25747,-0.0455896,0.363405,-0.930515,2
0,0,0,0,0,1379,247,1626,28067,29693,-0.0514395,0.421555,-0.905343,2
0,0,0,0,0,1451,277,1728,24003,25731,-0.0538158,0.504891,-0.861504,2
0,0,0,0,0,1487,254,1741,13782,15523,0.00750272,0.406982,-0.913406,2
0,0,0,0,0,6437,1134,7571,31651,39222,-0.0022597,0.470896,-0.882186,2
0,0,0,0,0,1513,271,1784,14911,16695,-0.0362647,0.433631,-0.900361,2
0,0,0,0,0,1648,296,1944,8358,10302,-0.0496408,0.41567,-0.90816,2
0,0,0,0,0,2610,468,3078,6556,9634,-0.0412093,0.447539,-0.893315,2
0,0,0,0,0,6876,1254,8130,18699,26829,-0.0518423,0.551455,-0.832592,2
0,0,0,0,0,2354,411,2765,10321,13086,-0.0483882,0.610789,-0.790313,2
0,0,0,0,0,6677,1138,7815,16667,24482,-0.03516,0.694564,-0.718571,2
0,0,0,0,0,2345,410,2755,-1000,-1000,-1,-1,-1,2
0,0,0,0,0,1400,236,1636,2143,3779,-0.0336693,0.306801,-0.951178,2
0,0,0,0,0,7287,1377,8664,41050,49714,-0.0946052,0.422718,-0.90131,2
0,0,0,0,0,1585,258,1843,20474,22317,-0.0898669,0.380531,-0.920391,2
0,0,0,0,0,1434,258,1692,21497,23189,-0.0902172,0.36673,-0.925943,2
0,0,0,0,0,1650,297,1947,29584,31531,-0.0763442,0.359199,-0.930133,2
0,0,0,0,0,1446,265,1711,33156,34867,-0.0528518,0.369161,-0.927862,2
0,0,0,0,0,1427,301,1728,33254,34982,-0.0489799,0.383727,-0.922147,2
0,0,0,0,0,1566,270,1836,34792,36628,-0.0545569,0.391106,-0.918727,2
0,0,0,0,0,1364,250,1614,35860,37474,-0.0558357,0.407703,-0.911406,2
0,0,0,0,0,1306,287,1593,28834,30427,-0.0709771,0.508638,-0.85805,2
0,0,0,0,0,5829,1073,6902,56715,63617,-0.125351,0.670259,-0.731465,2
0,0,0,0,0,1326,224,1550,34855,36405,-0.122498,0.653239,-0.747177,2
0,0,0,0,0,1226,229,1455,-1000,-1000,-1,-1,-1,2
0,0,0,0,0,1212,216,1428,34051,35479,-0.035446,0.164164,-0.985796,2
0,0,0,0,0,1276,255,1531,28387,29918,-0.0442777,0.158108,-0.986429,2
0,0,0,0,0,1239,263,1502,28796,30298,-0.0493743,0.0340869,-0.998199,2
0,0,0,0,0,1198,217,1415,27420,28835,-0.0658421,-0.0224318,-0.997578,2
0,0,0,0,0,1193,211,1404,30559,31963,-0.0904922,0.0488507,-0.994698,2
0,0,0,0,0,1187,299,1486,28699,30185,-0.108822,0.070441,-0.991562,2
0,0,0,0,0,1194,210,1404,24221,25625,-0.10193,0.19665,-0.975161,2
0,0,0,0,0,1251,222,1473,29412,30885,-0.0933531,0.210521,-0.973122,2
0,0,0,0,0,4545,801,5346,42880,48226,-0.0932426,0.31347,-0.945009,2
0,0,0,0,0,1258,214,1472,26372,27844,-0.0774156,0.372539,-0.924782,2
0,0,0,0,0,1417,249,1666,27929,29595,-0.0499035,0.470173,-0.881163,2
0,0,0,0,0,1265,230,1495,21063,22558,-0.0166587,0.612141,-0.790573,2
0,0,0,0,0,1269,274,1543,28569,30112,-0.00549043,0.62021,-0.784417,2
0,0,0,0,0,1402,238,1640,25208,26848,0.0100584,0.639239,-0.768943,2
0,0,0,0,0,1582,268,1850,18924,20774,-0.0067837,0.67845,-0.734616,2
0,0,0,0,0,1770,305,2075,17010,19085,-0.0366766,0.681361,-0.731028,2
0,0,0,0,0,6434,1058,7492,-1000,-1000,-1,-1,-1,2
0,0,0,0,0,1780,297,2077,29191,31268,-0.055958,0.152078,-0.986783,2
0,0,0,0,0,1466,255,1721,26270,27991,-0.0902489,0.216654,-0.972068,2
0,0,0,0,0,1623,272,1895,27644,29539,-0.115112,0.297449,-0.947773,2
0,0,0,0,0,1418,242,1660,25832,27492,-0.141323,0.365587,-0.919986,2
0,0,0,0,0,1463,245,1708,25620,27328,-0.169653,0.436611,-0.883509,2
0,0,0,0,0,1413,236,1649,25903,27552,-0.192922,0.507351,-0.839867,2
0,0,0,0,0,1433,243,1676,25904,27580,-0.222636,0.598236,-0.769771,2
0,0,0,0,0,1465,243,1708,26839,28547,-0.225394,0.665492,-0.711561,2
0,0,0,0,0,1532,286,1818,-1000,-1000,-1,-1,-1,2
0,0,0,0,0,7386,1250,8636,33006,41642,-0.0406364,0.318674,-0.946993,2
0,0,0,0,0,1644,281,1925,34890,36815,-0.108236,0.565649,-0.817512,2
0,0,0,0,0,1622,273,1895,29252,31147,-0.0977662,0.612275,-0.784577,2
0,0,0,0,0,1560,266,1826,26559,28385,-0.0679478,0.562255,-0.824168,2
0,0,0,0,0,1499,255,1754,33184,34938,-0.0818621,0.49475,-0.865171,2
0,0,0,0,0,1458,250,1708,32942,34650,-0.0799902,0.454668,-0.887061,2
0,0,0,0,0,4572,729,5301,41143,46444,-0.077179,0.456506,-0.886367,2
0,0,0,0,0,1424,243,1667,30250,31917,-0.0648046,0.423922,-0.903377,2
0,0,0,0,0,1427,248,1675,31591,33266,-0.0672375,0.390104,-0.918312,2
0,0,0,0,0,1420,243,1663,19403,21066,-0.0554927,0.313395,-0.948,2
0,0,0,0,0,1517,267,1784,31387,33171,-0.0672497,0.381993,-0.921715,2
0,0,0,0,0,1533,245,1778,19898,21676,-0.046423,0.323512,-0.945085,2
0,0,0,0,0,1555,270,1825,24999,26824,-0.058401,0.408055,-0.911088,2
0,0,0,0,0,1597,263,1860,24831,26691,-0.0754639,0.47189,-0.878422,2
0,0,0,0,0,1437,249,1686,22040,23726,-0.0698236,0.454382,-0.888066,2
0,0,0,0,0,1436,240,1676,14657,16333,-0.0775908,0.449067,-0.890123,2
0,0,0,0,0,2018,340,2358,8090,10448,-0.092339,0.558851,-0.824111,2
0,0,0,0,0,3661,563,4224,-1000,-1000,-1,-1,-1,2
0,0,0,0,0,2279,405,2684,1826,4510,-0.0444771,0.240067,-0.969737,2
0,0,0,0,0,6337,1175,7512,37521,45033,-0.0812173,0.419984,-0.90389,2
0,0,0,0,0,1489,264,1753,5809,7562,-0.0866871,0.442687,-0.892476,2
0,0,0,0,0,1635,293,1928,8137,10065,-0.0992292,0.496927,-0.8621,2
0,0,0,0,0,3552,618,4170,20908,25078,-0.121185,0.630412,-0.766743,2
0,0,0,0,0,2805,490,3295,17805,21100,-0.132963,0.685104,-0.716208,2
0,0,0,0,0,1763,308,2071,-1000,-1000,-1,-1,-1,2
0,0,0,0,0,1929,314,2243,4620,6863,-0.0452541,0.231921,-0.971681,2
0,0,0,0,0,5000,909,5909,21999,27908,-0.0572507,0.30656,-0.950128,2
0,0,0,0,0,2437,435,2872,21351,24223,-0.0503579,0.302564,-0.951798,2
0,0,0,0,0,5858,1066,6924,34061,40985,-0.045937,0.401968,-0.9145,2
0,0,0,0,0,1467,253,1720,15034,16754,-0.0449867,0.354411,-0.934007,2
0,0,0,0,0,1423,283,1706,26778,28484,-0.0397482,0.399212,-0.915997,2
0,0,0,0,0,1325,240,1565,27024,28589,-0.0344623,0.411986,-0.910539,2
0,0,0,0,0,2250,413,2663,52801,55464,-0.00961941,0.551058,-0.834411,2
0,0,0,0,0,1220,221,1441,36201,37642,-0.0223519,0.518804,-0.854601,2
0,0,0,0,0,1201,219,1420,36866,38286,-0.0290565,0.463845,-0.88544,2
0,0,0,0,0,1176,214,1390,35667,37057,-0.0237733,0.501115,-0.865054,2
0,0,0,0,0,1238,218,1456,37390,38846,-0.0281687,0.442933,-0.896112,2
0,0,0,0,0,1270,216,1486,27141,28627,-0.0314438,0.402502,-0.914879,2
0,0,0,0,0,1166,214,1380,36462,37842,-0.0316318,0.409909,-0.911578,2
0,0,0,0,0,1175,246,1421,28760,30181,-0.0369261,0.391236,-0.919549,2
0,0,0,0,0,1174,217,1391,36649,38040,-0.0592122,0.451483,-0.890313,2
0,0,0,0,0,1183,217,1400,35706,37106,-0.0872042,0.441499,-0.893014,2
0,0,0,0,0,1180,225,1405,33173,34578,-0.110698,0.36378,-0.924884,2
0,0,0,0,0,1188,215,1403,32021,33424,-0.120681,0.337707,-0.933483,2
0,0,0,0,0,1171,214,1385,30681,32066,-0.115579,0.32012,-0.9403,2
0,0,0,0,0,1282,215,1497,26402,27899,-0.125273,0.31549,-0.940623,2
0,0,0,0,0,4367,808,5175,44325,49500,-0.110131,0.334142,-0.936066,2
0,0,0,0,0,1167,211,1378,26360,27738,-0.107814,0.323792,-0.939966,2
0,0,0,0,0,1169,214,1383,25744,27127,-0.103504,0.315435,-0.943286,2
0,0,0,0,0,4921,953,5874,41723,47597,-0.101543,0.297681,-0.94925,2
0,0,0,0,0,1171,209,1380,16868,18248,-0.0912411,0.279857,-0.955696,2
0,0,0,0,0,4471,1186,5657,35207,40864,-0.0780032,0.261512,-0.962043,2
0,0,0,0,0,1174,208,1382,20108,21490,-0.074362,0.254925,-0.964097,2
0,0,0,0,0,1222,223,1445,20790,22235,-0.0749683,0.249341,-0.96551,2
0,0,0,0,0,1370,247,1617,22483,24100,-0.0792058,0.249288,-0.965185,2
0,0,0,0,0,1324,240,1564,22111,23675,-0.0837168,0.250484,-0.964495,2
0,0,0,0,0,5298,960,6258,43081,49339,-0.0770633,0.257546,-0.963188,2
0,0,0,0,0,1329,234,1563,19624,21187,-0.0748742,0.257578,-0.963352,2
0,0,0,0,0,1197,227,1424,19658,21082,-0.073868,0.259962,-0.962789,2
0,0,0,0,0,1196,207,1403,17801,19204,-0.0758979,0.257645,-0.963254,2
0,0,0,0,0,1362,243,1605,22133,23738,-0.0809,0.258561,-0.962601,2
0,0,0,0,0,1349,236,1585,21761,23346,-0.0849893,0.256557,-0.962785,2
0,0,0,0,0,1412,255,1667,22510,24177,-0.0844329,0.251577,-0.964148,2
0,0,0,0,0,1167,252,1419,19172,20591,-0.084152,0.247633,-0.965192,2
0,0,0,0,0,5985,982,6967,42840,49807,-0.0890579,0.251223,-0.963824,2
0,0,0,0,0,1294,238,1532,19592,21124,-0.0887096,0.252196,-0.963601,2
0,0,0,0,0,1162,208,1370,19022,20392,-0.0884549,0.252535,-0.963536,2
0,0,0,0,0,1159,208,1367,19443,20810,-0.0880869,0.251404,-0.963865,2
0,0,0,0,0,1403,248,1651,20454,22105,-0.0865447,0.24806,-0.964871,2
0,0,0,0,0,1343,236,1579,20989,22568,-0.0826284,0.25046,-0.964594,2
0,0,0,0,0,1361,244,1605,21305,22910,-0.0833257,0.252086,-0.964111,2
0,0,0,0,0,1345,239,1584,20450,22034,-0.0837275,0.253855,-0.963612,2
0,0,0,0,0,1175,212,1387,18046,19433,-0.0843682,0.254277,-0.963445,2
0,0,0,0,0,1562,276,1838,24575,26413,-0.0832628,0.251621,-0.964238,2
0,0,0,0,0,4454,785,5239,38077,43316,-0.0810147,0.254182,-0.963757,2
0,0,0,0,0,1272,230,1502,18703,20205,-0.0807674,0.256918,-0.963053,2
0,0,0,0,0,4887,984,5871,37145,43016,-0.0802296,0.261427,-0.961883,2
0,0,0,0,0,1260,227,1487,19291,20778,-0.0802452,0.259463,-0.962413,2
0,0,0,0,0,1173,207,1380,18691,20071,-0.0807985,0.258625,-0.962593,2
0,0,0,0,0,4919,907,5826,37245,43071,-0.0802242,0.26104,-0.961989,2
0,0,0,0,0,1266,227,1493,18533,20026,-0.0793887,0.260901,-0.962096,2
0,0,0,0,0,1178,254,1432,18299,19731,-0.0792666,0.261383,-0.961975,2
0,0,0,0,0,1340,239,1579,20862,22441,-0.0770583,0.264342,-0.961345,2
0,0,0,0,0,1355,218,1573,18637,20210,-0.0772659,0.266834,-0.96064,2
0,0,0,0,0,5311,1343,6654,38851,45505,-0.0774312,0.266293,-0.960777,2
0,0,0,0,0,1305,235,1540,18606,20146,-0.07652,0.265725,-0.961007,2
0,0,0,0,0,1191,208,1399,18633,20032,-0.0756256,0.265617,-0.961108,2
0,0,0,0,0,1363,245,1608,20503,22111,-0.0766205,0.266094,-0.960897,2
0,0,0,0,0,1426,265,1691,21548,23239,-0.0765387,0.266171,-0.960882,2
0,0,0,0,0,1443,251,1694,21322,23016,-0.0758727,0.267411,-0.960591,2
0,0,0,0,0,1461,262,1723,21039,22762,-0.0761726,0.267271,-0.960606,2
0,0,0,0,0,5415,980,6395,38995,45390,-0.0741338,0.268562,-0.960406,2
0,0,0,0,0,1335,240,1575,18424,19999,-0.0751895,0.267495,-0.960621,2
0,0,0,0,0,1286,229,1515,18606,20121,-0.0759534,0.266791,-0.960757,2
0,0,0,0,0,1441,254,1695,20985,22680,-0.0759092,0.264711,-0.961336,2
0,0,0,0,0,1181,208,1389,17797,19186,-0.074741,0.263621,-0.961727,2
0,0,0,0,0,5450,969,6419,42981,49400,-0.0750757,0.264773,-0.961384,2
0,0,0,0,0,1457,268,1725,18112,19837,-0.0760128,0.266164,-0.960926,2
0,0,0,0,0,1190,208,1398,17434,18832,-0.0767559,0.265183,-0.961138,2
0,0,0,0,0,1178,208,1386,17430,18816,-0.0765566,0.263923,-0.961501,2
0,0,0,0,0,1236,207,1443,17586,19029,-0.0763333,0.263656,-0.961592,2
0,0,0,0,0,1273,226,1499,18419,19918,-0.0768509,0.263312,-0.961645,2
0,0,0,0,0,1700,292,1992,24151,26143,-0.0771942,0.264085,-0.961405,2
0,0,0,0,0,1471,257,1728,20937,22665,-0.0769941,0.26391,-0.961469,2
0,0,0,0,0,1406,247,1653,20054,21707,-0.0760887,0.266631,-0.960791,2
0,0,0,0,0,1415,252,1667,20649,22316,-0.0761356,0.267143,-0.960645,2
0,0,0,0,0,1444,257,1701,20902,22603,-0.0769743,0.267755,-0.960407,2
0,0,0,0,0,1291,223,1514,18843,20357,-0.077178,0.26608,-0.960856,2
0,0,0,0,0,4978,881,5859,37841,43700,-0.0764854,0.2687,-0.960182,2
0,0,0,0,0,1269,225,1494,17347,18841,-0.0755562,0.270433,-0.959769,2
0,0,0,0,0,1185,222,1407,17192,18599,-0.0743837,0.272748,-0.959205,2
0,0,0,0,0,1277,227,1504,18562,20066,-0.0740508,0.273739,-0.958949,2
0,0,0,0,0,1516,265,1781,21876,23657,-0.0722207,0.275761,-0.958509,2
0,0,0,0,0,1351,237,1588,19622,21210,-0.0707008,0.277603,-0.958091,2
0,0,0,0,0,1489,257,1746,21127,22873,-0.0688276,0.281934,-0.956962,2
0,0,0,0,0,1323,233,1556,19389,20945,-0.067248,0.283599,-0.956582,2
0,0,0,0,0,1481,268,1749,21995,23744,-0.0649528,0.28735,-0.955621,2
0,0,0,0,0,1322,237,1559,19684,21243,-0.0606751,0.291092,-0.954769,2
0,0,0,0,0,1293,228,1521,19601,21122,-0.0570357,0.294313,-0.954006,2
0,0,0,0,0,4934,870,5804,38395,44199,-0.0516523,0.296953,-0.953494,3
0,0,0,0,0,1285,227,1512,18878,20390,-0.0471578,0.301377,-0.952338,3
0,0,0,0,0,1363,245,1608,21252,22860,-0.0424789,0.30674,-0.950845,3
0,0,0,0,0,1195,212,1407,19368,20775,-0.0341828,0.314282,-0.948714,3
0,0,0,0,0,1508,269,1777,23678,25455,-0.0237034,0.322999,-0.946102,3
0,0,0,0,0,1352,237,1589,21819,23408,-0.0136648,0.329473,-0.944066,3
0,0,0,0,0,1202,221,1423,21124,22547,-0.00642596,0.334099,-0.942516,3
0,0,0,0,0,1296,235,1531,23264,24795,-0.000350743,0.337908,-0.941179,3
0,0,0,0,0,5964,936,6900,38472,45372,0.00315366,0.340423,-0.940267,3
0,0,0,0,0,1200,215,1415,21873,23288,0.00683973,0.338574,-0.940915,3
0,0,0,0,0,1198,217,1415,22009,23424,0.00842125,0.337215,-0.94139,3
0,0,0,0,0,1359,244,1603,23244,24847,0.00745219,0.335094,-0.942155,3
0,0,0,0,0,1329,270,1599,22415,24014,0.00368779,0.329961,-0.943987,3
0,0,0,0,0,1263,220,1483,21777,23260,0.00415774,0.326033,-0.945349,3
0,0,0,0,0,1220,224,1444,19773,21217,-0.00211698,0.319414,-0.947613,3
0,0,0,0,0,1265,235,1500,19008,20508,-0.0101749,0.316807,-0.948435,3
0,0,0,0,0,1329,230,1559,20230,21789,-0.0155592,0.31441,-0.94916,3
0,0,0,0,0,1495,268,1763,22603,24366,-0.0202409,0.311684,-0.94997,3
0,0,0,0,0,1349,249,1598,19772,21370,-0.0238461,0.309787,-0.950507,3
0,0,0,0,0,1505,264,1769,21520,23289,-0.0264417,0.310374,-0.950247,3
0,0,0,0,0,1379,245,1624,19668,21292,-0.0255123,0.313822,-0.949139,3
0,0,0,0,0,1468,257,1725,21217,22942,-0.0264217,0.314846,-0.948775,3
0,0,0,0,0,1314,232,1546,18839,20385,-0.0279748,0.31441,-0.948875,3
0,0,0,0,0,1420,252,1672,19985,21657,-0.0296791,0.316168,-0.948239,3
0,0,0,0,0,1571,279,1850,21637,23487,-0.0321943,0.317429,-0.947735,3
0,0,0,0,0,1404,247,1651,18819,20470,-0.0330351,0.313837,-0.948902,3
0,0,0,0,0,1431,242,1673,17852,19525,-0.0322298,0.309165,-0.950462,3
0,0,0,0,0,1482,255,1737,18975,20712,-0.0290074,0.307583,-0.951079,3
0,0,0,0,0,1430,251,1681,18238,19919,-0.0282009,0.305024,-0.951927,3
0,0,0,0,0,1492,259,1751,18582,20333,-0.0314644,0.304779,-0.951903,3
0,0,0,0,0,5787,1024,6811,34048,40859,-0.0348082,0.303282,-0.952265,3
0,0,0,0,0,1239,218,1457,15650,17107,-0.033694,0.303374,-0.952275,3
0,0,0,0,0,1239,214,1453,15678,17131,-0.0339605,0.305873,-0.951466,3
0,0,0,0,0,1752,353,2105,24280,26385,-0.0330413,0.305842,-0.951509,3
0,0,0,0,0,1991,293,2284,19715,21999,-0.03348,0.306477,-0.951289,3
0,0,0,0,0,1394,241,1635,17277,18912,-0.0338057,0.307522,-0.950941,3
0,0,0,0,0,1338,232,1570,16607,18177,-0.0318672,0.307994,-0.950855,3
0,0,0,0,0,1743,305,2048,22172,24220,-0.0295336,0.310867,-0.949995,3
0,0,0,0,0,1529,269,1798,18872,20670,-0.0296311,0.311575,-0.949759,3
0,0,0,0,0,1484,259,1743,18380,20123,-0.0285169,0.314015,-0.94899,3
0,0,0,0,0,1640,288,1928,19893,21821,-0.0266444,0.315123,-0.948676,3
0,0,0,0,0,1497,258,1755,18158,19913,-0.0247885,0.314209,-0.94903,3
0,0,0,0,0,1452,251,1703,17391,19094,-0.028492,0.313562,-0.94914,3
0,0,0,0,0,1618,278,1896,18476,20372,-0.0327399,0.314956,-0.948542,3
0,0,0,0,0,1604,277,1881,17814,19695,-0.0348743,0.313607,-0.948912,3
0,0,0,0,0,1522,258,1780,16549,18329,-0.034128,0.313314,-0.949036,3
0,0,0,0,0,1869,314,2183,19401,21584,-0.0305809,0.309112,-0.950534,3
0,0,0,0,0,1608,288,1896,16503,18399,-0.029177,0.303859,-0.95227,3
0,0,0,0,0,5855,979,6834,28722,35556,-0.0290397,0.29981,-0.953557,3
0,0,0,0,0,1554,280,1834,12801,14635,-0.0288217,0.296587,-0.954571,3
0,0,0,0,0,1422,243,1665,13115,14780,-0.027439,0.295666,-0.954897,3
0,0,0,0,0,1935,322,2257,17302,19559,-0.0284374,0.296882,-0.95449,3
0,0,0,0,0,2173,366,2539,19182,21721,-0.0302109,0.29727,-0.954315,3
0,0,0,0,0,1827,312,2139,16672,18811,-0.0322889,0.297114,-0.954296,3
0,0,0,0,0,1760,316,2076,16177,18253,-0.0335397,0.298946,-0.95368,3
0,0,0,0,0,5849,1030,6879,28058,34937,-0.0335381,0.307456,-0.950971,3
0,0,0,0,0,1550,266,1816,12381,14197,-0.0345845,0.309134,-0.950389,3
0,0,0,0,0,1368,233,1601,12815,14416,-0.0394125,0.324558,-0.945044,3
0,0,0,0,0,1790,306,2096,16974,19070,-0.0443381,0.338744,-0.939833,3
0,0,0,0,0,5995,1045,7040,28211,35251,-0.056695,0.369432,-0.927527,3
0,0,0,0,0,1574,282,1856,10993,12849,-0.0552274,0.346483,-0.936429,3
0,0,0,0,0,1684,304,1988,11351,13339,-0.0555464,0.339524,-0.938956,3
0,0,0,0,0,5961,1039,7000,20282,27282,-0.0518785,0.354563,-0.933592,3
0,0,0,0,0,2103,349,2452,9186,11638,-0.0431901,0.33834,-0.940032,3
0,0,0,0,0,1932,319,2251,6569,8820,-0.0339575,0.336645,-0.941019,3
0,0,0,0,0,6584,957,7541,22619,30160,-0.0349097,0.398358,-0.916566,3
0,0,0,0,0,2486,401,2887,12543,15430,-0.0295739,0.40105,-0.915579,3
0,0,0,0,0,1686,273,1959,12885,14844,-0.0273834,0.463078,-0.885895,3
0,0,0,0,0,6331,1006,7337,31210,38547,-0.0358552,0.672613,-0.739126,3
0,0,0,0,0,1897,271,2168,16028,18196,-0.0208786,0.658256,-0.752505,3
0,0,0,0,0,1385,220,1605,18374,19979,-0.0111591,0.64052,-0.767861,3
0,0,0,0,0,1399,231,1630,22102,23732,0.00580586,0.675913,-0.736959,3
0,0,0,0,0,4021,657,4678,-1000,-1000,-1,-1,-1,3
0,0,0,0,0,1788,391,2179,34149,36328,0.0128398,0.19101,-0.981504,3
0,0,0,0,0,1622,334,1956,37703,39659,0.00383687,0.317864,-0.948129,3
0,0,0,0,0,1835,287,2122,36753,38875,-0.0156299,0.374654,-0.927033,3
0,0,0,0,0,1543,267,1810,36536,38346,-0.0342318,0.369779,-0.928489,3
0,0,0,0,0,1531,266,1797,37120,38917,-0.0467386,0.329448,-0.943016,3
0,0,0,0,0,1519,264,1783,36124,37907,-0.0550544,0.330597,-0.942165,3
0,0,0,0,0,1469,261,1730,34910,36640,-0.0469844,0.307075,-0.950525,3
0,0,0,0,0,1596,253,1849,33702,35551,-0.0332812,0.279891,-0.959455,3
0,0,0,0,0,1514,245,1759,32584,34343,-0.0537119,0.317838,-0.946623,3
0,0,0,0,0,1432,243,1675,34813,36488,-0.0449271,0.255655,-0.965724,3
0,0,0,0,0,2830,501,3331,46860,50191,-0.130538,0.456907,-0.879884,3
0,0,0,0,0,1407,237,1644,31033,32677,-0.108066,0.404049,-0.908331,3
0,0,0,0,0,1354,285,1639,27603,29242,-0.10995,0.426891,-0.897594,3
0,0,0,0,0,1353,223,1576,14479,16055,-0.0706682,0.334306,-0.939812,3
0,0,0,0,0,2732,395,3127,16477,19604,-0.0439748,0.346518,-0.937012,3
0,0,0,0,0,1493,253,1746,4654,6400,-0.0141135,0.358946,-0.933252,3
0,0,0,0,0,2482,447,2929,12956,15885,-0.00117612,0.420698,-0.9072,3
0,0,0,0,0,4754,863,5617,24253,29870,0.0279841,0.47131,-0.881523,3
0,0,0,0,0,2011,347,2358,15620,17978,0.0781145,0.442596,-0.893312,3
0,0,0,0,0,1607,307,1914,16654,18568,0.107781,0.451501,-0.885737,3
0,0,0,0,0,2477,444,2921,24079,27000,0.113021,0.458736,-0.881356,3
0,0,0,0,0,1627,378,2005,16893,18898,0.093547,0.488092,-0.867765,3
0,0,0,0,0,1486,275,1761,11851,13612,0.0670119,0.521721,-0.85048,3
0,0,0,0,0,2215,428,2643,22475,25118,0.0264531,0.573151,-0.819022,3
0,0,0,0,0,5948,1083,7031,31198,38229,-0.0160454,0.650569,-0.759277,3
0,0,0,0,0,1685,310,1995,12549,14544,-0.0254722,0.670802,-0.741199,3
0,0,0,0,0,1453,267,1720,19872,21592,-0.0308928,0.70548,-0.708056,3
0,0,0,0,0,5628,1026,6654,-1000,-1000,-1,-1,-1,3
0,0,0,0,0,1480,251,1731,5301,7032,-0.0214577,0.111526,-0.99353,3
0,0,0,0,0,6181,1120,7301,41816,49117,-0.0125647,0.184062,-0.982834,3
0,0,0,0,0,1582,310,1892,13394,15286,-0.0102717,0.171864,-0.985067,3
0,0,0,0,0,1692,297,1989,10717,12706,-0.00905001,0.181268,-0.983392,3
0,0,0,0,0,2000,368,2368,16136,18504,-0.0152515,0.196799,-0.980325,3
0,0,0,0,0,1992,380,2372,25453,27825,-0.0281458,0.213662,-0.976502,3
0,0,0,0,0,1380,247,1627,19731,21358,-0.0331414,0.210708,-0.976987,3
0,0,0,0,0,1385,244,1629,28936,30565,-0.0201639,0.207839,-0.977955,3
0,0,0,0,0,1312,240,1552,35569,37121,-0.0225546,0.227999,-0.9734,3
0,0,0,0,0,1445,274,1719,37237,38956,-0.0212144,0.248564,-0.968383,3
0,0,0,0,0,1312,264,1576,36051,37627,-0.0215574,0.290131,-0.956744,3
0,0,0,0,0,1401,254,1655,38666,40321,-0.0277705,0.302406,-0.952775,3
0,0,0,0,0,3142,619,3761,58726,62487,-0.0350784,0.377518,-0.925338,3
0,0,0,0,0,1226,215,1441,36566,38007,-0.0300513,0.359117,-0.932809,3
0,0,0,0,0,1219,217,1436,37350,38786,-0.0384009,0.34249,-0.938737,3
0,0,0,0,0,1172,216,1388,37250,38638,-0.0504688,0.336975,-0.94016,3
0,0,0,0,0,1209,215,1424,11785,13209,-0.0517157,0.284946,-0.957148,3
0,0,0,0,0,4897,913,5810,56205,62015,-0.0886545,0.447222,-0.890019,3
0,0,0,0,0,1208,215,1423,29801,31224,-0.110725,0.483709,-0.868197,3
0,0,0,0,0,1252,213,1465,34575,36040,-0.0746768,0.462662,-0.883385,3
0,0,0,0,0,1211,213,1424,31768,33192,-0.0333945,0.539077,-0.841594,3
0,0,0,0,0,1271,231,1502,31515,33017,0.0020854,0.573898,-0.818924,3
0,0,0,0,0,1227,217,1444,25754,27198,0.0350498,0.57653,-0.816324,3
0,0,0,0,0,1204,258,1462,15758,17220,0.0649948,0.635187,-0.769619,3
0,0,0,0,0,1568,281,1849,-1000,-1000,-1,-1,-1,3
0,0,0,0,0,5696,1029,6725,42350,49075,-0.0301906,0.254333,-0.966645,3
0,0,0,0,0,1371,223,1594,13357,14951,-0.0366731,0.321519,-0.946192,3
0,0,0,0,0,1271,250,1521,13217,14738,-0.0243664,0.427157,-0.903849,3
0,0,0,0,0,1875,325,2200,21672,23872,-0.019307,0.505951,-0.862346,3
0,0,0,0,0,1752,290,2042,21865,23907,-0.039321,0.592944,-0.804283,3
0,0,0,0,0,1294,223,1517,19146,20663,-0.065473,0.612011,-0.788134,3
0,0,0,0,0,1684,282,1966,26862,28828,-0.118962,0.629114,-0.768156,3
0,0,0,0,0,1449,283,1732,25564,27296,-0.142825,0.580246,-0.80182,3
0,0,0,0,0,1695,298,1993,25007,27000,-0.143402,0.51522,-0.844976,3
0,0,0,0,0,6374,1062,7436,41853,49289,-0.105396,0.473793,-0.874307,3
0,0,0,0,0,1611,265,1876,31900,33776,-0.0598825,0.410311,-0.909977,3
0,0,0,0,0,1498,263,1761,33976,35737,-0.0359066,0.359019,-0.932639,3
0,0,0,0,0,1497,255,1752,33586,35338,-0.0414525,0.372273,-0.927197,3
0,0,0,0,0,1444,255,1699,33145,34844,-0.0500549,0.346454,-0.936731,3
0,0,0,0,0,1459,262,1721,33875,35596,-0.0667277,0.304178,-0.950275,3
0,0,0,0,0,1443,291,1734,32860,34594,-0.102102,0.323633,-0.940657,3
0,0,0,0,0,1422,244,1666,31921,33587,-0.104328,0.316209,-0.942936,3
0,0,0,0,0,1449,252,1701,31426,33127,-0.102533,0.317396,-0.942734,3
0,0,0,0,0,1363,279,1642,30350,31992,-0.0842957,0.298273,-0.950751,3
0,0,0,0,0,1371,237,1608,24720,26328,-0.0818734,0.334528,-0.938823,3
0,0,0,0,0,5586,952,6538,17244,23782,-0.0409045,0.243712,-0.968985,3
0,0,0,0,0,2151,358,2509,19866,22375,-0.0457056,0.256874,-0.965364,3
0,0,0,0,0,1426,245,1671,3611,5282,-0.101559,0.240328,-0.965364,3
0,0,0,0,0,2695,456,3151,5114,8265,-0.16779,0.343959,-0.923872,3
0,0,0,0,0,6179,1069,7248,19298,26546,-0.2184,0.464754,-0.858082,3
0,0,0,0,0,2672,506,3178,12154,15332,-0.23248,0.546863,-0.804297,3
0,0,0,0,0,2190,397,2587,15371,17958,-0.231622,0.649505,-0.72422,3
0,0,0,0,0,2495,453,2948,-1000,-1000,-1,-1,-1,3
0,0,0,0,0,5559,706,6265,13759,20024,0.00706927,0.188302,-0.982086,3
0,0,0,0,0,1954,357,2311,15093,17404,0.00195878,0.237745,-0.971326,3
0,0,0,0,0,1674,300,1974,19100,21074,-0.00621572,0.223868,-0.9746,3
0,0,0,0,0,1616,297,1913,7333,9246,-0.0236771,0.226998,-0.973607,3
0,0,0,0,0,6586,1146,7732,46543,54275,-0.0708522,0.271874,-0.959721,3
0,0,0,0,0,1389,254,1643,24762,26405,-0.0680044,0.266329,-0.96148,3
0,0,0,0,0,1390,243,1633,29040,30673,-0.0625849,0.248592,-0.966584,3
0,0,0,0,0,1319,238,1557,34943,36500,-0.0622399,0.234849,-0.970037,3
0,0,0,0,0,1272,230,1502,35683,37185,-0.0606593,0.304812,-0.950479,3
0,0,0,0,0,1233,226,1459,35116,36575,-0.0431135,0.321915,-0.945786,3
0,0,0,0,0,1324,229,1553,36507,38060,-0.0449015,0.395839,-0.917221,3
0,0,0,0,0,1240,222,1462,36759,38221,-0.064196,0.397417,-0.91539,3
0,0,0,0,0,1185,226,1411,37281,38692,-0.092145,0.409509,-0.90764,3
0,0,0,0,0,1203,224,1427,36522,37949,-0.124695,0.378472,-0.917175,3
0,0,0,0,0,1208,221,1429,25007,26436,-0.126833,0.299385,-0.945665,3
0,0,0,0,0,1225,217,1442,34214,35656,-0.191708,0.334587,-0.922659,3
0,0,0,0,0,1189,223,1412,31237,32649,-0.194874,0.355521,-0.914127,3
0,0,0,0,0,1228,236,1464,29761,31225,-0.182151,0.414255,-0.891748,3
0,0,0,0,0,1285,218,1503,22150,23653,-0.148249,0.448935,-0.881181,3
0,0,0,0,0,5434,1008,6442,44747,51189,-0.0925641,0.659658,-0.745844,3
0,0,0,0,0,1245,214,1459,9607,11066,-0.0665992,0.647366,-0.759264,3
0,0,0,0,0,1204,218,1422,3520,4942,-0.0646258,0.66851,-0.74089,3
0,0,0,0,0,1499,253,1752,-1000,-1000,-1,-1,-1,3
0,0,0,0,0,2744,518,3262,55869,59131,-0.0839485,0.312847,-0.946086,3
0,0,0,0,0,1633,284,1917,32238,34155,-0.146959,0.536286,-0.831144,3
0,0,0,0,0,1399,240,1639,28621,30260,-0.166939,0.610952,-0.773867,3
0,0,0,0,0,1442,251,1693,28786,30479,-0.168241,0.600898,-0.781419,3
0,0,0,0,0,1550,263,1813,19620,21433,-0.150904,0.578486,-0.801612,3
0,0,0,0,0,6720,1136,7856,47819,55675,-0.141188,0.594214,-0.791818,3
0,0,0,0,0,1622,328,1950,30885,32835,-0.106641,0.517242,-0.849169,3
0,0,0,0,0,1593,276,1869,34182,36051,-0.0510494,0.370799,-0.927309,3
0,0,0,0,0,1572,269,1841,31173,33014,-0.0441324,0.384916,-0.921896,3
0,0,0,0,0,1700,292,1992,32150,34142,-0.0354754,0.3624,-0.931347,3
0,0,0,0,0,1446,258,1704,33917,35621,-0.00606752,0.289884,-0.957043,3
0,0,0,0,0,1627,261,1888,31683,33571,-0.000320821,0.290184,-0.956971,3
0,0,0,0,0,5339,828,6167,42064,48231,0.00898162,0.326435,-0.945177,3
0,0,0,0,0,1394,240,1634,31185,32819,0.0138073,0.311538,-0.950133,3
0,0,0,0,0,1434,236,1670,29288,30958,0.0145057,0.303978,-0.952569,3
0,0,0,0,0,1364,234,1598,25000,26598,0.0159671,0.266889,-0.963595,3
0,0,0,0,0,1600,238,1838,18616,20454,-0.00196821,0.270284,-0.962779,3
0,0,0,0,0,6409,975,7384,24880,32264,-0.035621,0.359269,-0.932554,3
0,0,0,0,0,2190,349,2539,5943,8482,-0.0513726,0.387573,-0.920406,3
0,0,0,0,0,1651,234,1885,6120,8005,-0.0520368,0.393004,-0.918063,3
0,0,0,0,0,1971,314,2285,9913,12198,-0.0296819,0.402059,-0.915132,3
0,0,0,0,0,6021,1084,7105,17496,24601,0.0223625,0.403823,-0.914564,3
0,0,0,0,0,2408,411,2819,11356,14175,0.0355923,0.457846,-0.888319,3
0,0,0,0,0,5510,967,6477,23847,30324,0.0077411,0.568002,-0.822991,3
0,0,0,0,0,2092,418,2510,13232,15742,-0.01923,0.612812,-0.789995,3
0,0,0,0,0,1792,297,2089,14070,16159,-0.0667717,0.699439,-0.711566,3
0,0,0,0,0,2390,459,2849,-1000,-1000,-1,-1,-1,3
0,0,0,0,0,2882,504,3386,14932,18318,-0.0505902,0.176445,-0.983009,3
0,0,0,0,0,2495,454,2949,19355,22304,-0.0353517,0.153471,-0.987521,3
0,0,0,0,0,1465,265,1730,20606,22336,-0.0194491,0.139146,-0.990081,3
0,0,0,0,0,7241,1227,8468,34964,43432,-0.0271764,0.232306,-0.972263,3
0,0,0,0,0,1444,268,1712,21814,23526,-0.0214818,0.198095,-0.979947,3
0,0,0,0,0,4350,803,5153,38074,43227,-0.0277714,0.275874,-0.960793,3
0,0,0,0,0,1809,345,2154,40398,42552,-0.0396551,0.431346,-0.901315,3
0,0,0,0,0,1395,249,1644,35671,37315,-0.0489333,0.414991,-0.908509,3
0,0,0,0,0,1345,252,1597,33381,34978,-0.0518519,0.444824,-0.894115,3
0,0,0,0,0,1275,233,1508,34813,36321,-0.0544512,0.41296,-0.90912,3
0,0,0,0,0,1247,227,1474,35603,37077,-0.0553815,0.396495,-0.916365,3
0,0,0,0,0,1260,216,1476,34135,35611,-0.0548351,0.455079,-0.888761,3
0,0,0,0,0,1176,214,1390,34326,35716,-0.0515324,0.435537,-0.898694,3
0,0,0,0,0,1174,215,1389,35112,36501,-0.0418762,0.407764,-0.912127,3
0,0,0,0,0,5475,1010,6485,58773,65258,-0.0123977,0.646543,-0.762777,3
0,0,0,0,0,1197,216,1413,33117,34530,-0.00264205,0.676609,-0.736338,3
0,0,0,0,0,1193,226,1419,33166,34585,0.0116161,0.652898,-0.757357,3
0,0,0,0,0,1219,217,1436,29467,30903,0.0247402,0.581793,-0.81296,3
0,0,0,0,0,1169,229,1398,18246,19644,0.0301076,0.495445,-0.868117,3
0,0,0,0,0,1184,218,1402,19419,20821,0.0464945,0.468133,-0.882434,3
0,0,0,0,0,1266,230,1496,13800,15296,0.0577571,0.453032,-0.889622,3
0,0,0,0,0,1495,271,1766,12716,14482,0.0584468,0.432146,-0.899907,3
0,0,0,0,0,2377,441,2818,18389,21207,0.0561028,0.408405,-0.911076,3
0,0,0,0,0,2882,530,3412,18005,21417,0.0438255,0.378816,-0.924434,3
0,0,0,0,0,2012,349,2361,9444,11805,0.0307827,0.352792,-0.935195,3
0,0,0,0,0,3779,661,4440,17125,21565,0.0231157,0.318963,-0.947485,3
0,0,0,0,0,3775,651,4426,14902,19328,0.0133829,0.262576,-0.964819,3
0,0,0,0,0,2771,477,3248,15121,18369,0.0064301,0.197768,-0.980228,3
0,0,0,0,0,5580,998,6578,27468,34046,0.00583698,0.160681,-0.986989,3
0,0,0,0,0,2170,350,2520,12026,14546,0.0102609,0.142817,-0.989696,3
0,0,0,0,0,1329,231,1560,8639,10199,0.0130033,0.138043,-0.990341,3
0,0,0,0,0,1190,224,1414,7058,8472,0.0160018,0.135766,-0.990611,3
0,0,0,0,0,2248,390,2638,12567,15205,0.0156165,0.148304,-0.988819,3
0,0,0,0,0,5016,858,5874,20985,26859,0.0168133,0.141726,-0.989763,3
0,0,0,0,0,2233,386,2619,10201,12820,0.0141257,0.142222,-0.989734,3
0,0,0,0,0,3804,654,4458,17220,21678,0.0104975,0.141388,-0.989899,3
0,0,0,0,0,2873,500,3373,13115,16488,0.0106843,0.141556,-0.989873,3
0,0,0,0,0,3496,626,4122,15458,19580,0.0126004,0.1431,-0.989628,3
0,0,0,0,0,4976,847,5823,18025,23848,0.0148221,0.146887,-0.989043,3
0,0,0,0,0,2248,386,2634,9373,12007,0.0130439,0.148002,-0.988901,3
0,0,0,0,0,3801,654,4455,16695,21150,0.0117265,0.149016,-0.988765,3
0,0,0,0,0,2880,503,3383,13068,16451,0.0116949,0.148738,-0.988807,3
0,0,0,0,0,4565,776,5341,19383,24724,0.012505,0.146574,-0.989121,3
0,0,0,0,0,2606,448,3054,11267,14321,0.0126539,0.144951,-0.989358,3
0,0,0,0,0,3489,663,4152,12809,16961,0.0150122,0.142543,-0.989675,3
0,0,0,0,0,4948,868,5816,18523,24339,0.0147059,0.139508,-0.990112,3
0,0,0,0,0,3142,475,3617,10375,13992,0.0133057,0.13901,-0.990201,3
0,0,0,0,0,5738,924,6662,15626,22288,0.0150759,0.139677,-0.990082,3
0,0,0,0,0,2708,469,3177,9989,13166,0.0181242,0.144636,-0.989319,3
0,0,0,0,0,4088,704,4792,13699,18491,0.0241962,0.148256,-0.988653,3
0,0,0,0,0,3078,524,3602,9886,13488,0.0288777,0.15362,-0.987708,3
0,0,0,0,0,5166,843,6009,15249,21258,0.0337969,0.160003,-0.986538,3
0,0,0,0,0,4065,608,4673,11854,16527,0.0325925,0.160413,-0.986512,3
0,0,0,0,0,2729,470,3199,10273,13472,0.0271857,0.155417,-0.987475,3
0,0,0,0,0,3307,568,3875,12509,16384,0.0272741,0.151315,-0.98811,3
0,0,0,0,0,5068,848,5916,16414,22330,0.0316803,0.14934,-0.988278,3
0,0,0,0,0,2748,468,3216,9259,12475,0.0323659,0.146688,-0.988653,3
0,0,0,0,0,5506,844,6350,15040,21390,0.0270797,0.141603,-0.989553,3
0,0,0,0,0,3597,605,4202,11504,15706,0.022502,0.144279,-0.989281,3
0,0,0,0,0,4907,849,5756,14906,20662,0.0201303,0.151753,-0.988214,3
0,0,0,0,0,5481,941,6422,19650,26072,0.0269077,0.161272,-0.986543,3
0,0,0,0,0,3175,430,3605,7715,11320,0.0257957,0.161026,-0.986613,3
0,0,0,0,0,1489,260,1749,5186,6935,0.0249175,0.158914,-0.986978,3
0,0,0,0,0,1793,410,2203,6292,8495,0.0248361,0.154886,-0.98762,3
0,0,0,0,0,5506,856,6362,16326,22688,0.024897,0.148412,-0.988612,3
0,0,0,0,0,3500,607,4107,11487,15594,0.025171,0.147199,-0.988787,3
0,0,0,0,0,2787,473,3260,9002,12262,0.0239876,0.148102,-0.988681,3
0,0,0,0,0,3377,565,3942,10924,14866,0.02236,0.150915,-0.988294,3
0,0,0,0,0,5380,887,6267,15352,21619,0.0224607,0.151875,-0.988144,3
0,0,0,0,0,2721,490,3211,9236,12447,0.021092,0.151437,-0.988242,3
0,0,0,0,0,4097,705,4802,13938,18740,0.0204906,0.151562,-0.988235,3
0,0,0,0,0,4104,706,4810,12922,17732,0.0183344,0.152215,-0.988177,3
0,0,0,0,0,2471,494,2965,9112,12077,0.0161266,0.153236,-0.988058,3
0,0,0,0,0,5491,945,6436,19024,25460,0.0168538,0.155736,-0.987655,3
0,0,0,0,0,2896,499,3395,10898,14293,0.0177038,0.155642,-0.987655,3
0,0,0,0,0,2602,450,3052,10414,13466,0.019236,0.155061,-0.987718,3
0,0,0,0,0,5498,944,6442,18652,25094,0.0199773,0.153841,-0.987894,3
0,0,0,0,0,2851,473,3324,10922,14246,0.0187969,0.152894,-0.988064,3
0,0,0,0,0,5540,969,6509,18314,24823,0.0186425,0.152579,-0.988115,3
0,0,0,0,0,2348,424,2772,9119,11891,0.0185497,0.152656,-0.988105,3
0,0,0,0,0,2620,451,3071,10461,13532,0.0185583,0.153046,-0.988045,3
0,0,0,0,0,5555,955,6510,19029,25539,0.0184048,0.153669,-0.987951,3
0,0,0,0,0,2770,520,3290,11125,14415,0.0178848,0.15336,-0.988009,3
0,0,0,0,0,3090,541,3631,13126,16757,0.0177727,0.152757,-0.988104,3
0,0,0,0,0,3130,548,3678,13181,16859,0.0176108,0.152119,-0.988205,3
0,0,0,0,0,5524,887,6411,18876,25287,0.0172083,0.15167,-0.988281,3
0,0,0,0,0,2742,485,3227,10943,14170,0.0164518,0.151352,-0.988343,3
0,0,0,0,0,3816,684,4500,16059,20559,0.0163323,0.151453,-0.988329,3
0,0,0,0,0,5489,1007,6496,16882,23378,0.0155833,0.151328,-0.988361,3
0,0,0,0,0,2024,345,2369,8539,10908,0.0150305,0.150889,-0.988436,3
0,0,0,0,0,2431,426,2857,10954,13811,0.0149871,0.1507,-0.988466,3
0,0,0,0,0,5531,959,6490,20434,26924,0.0150516,0.150473,-0.9885,3
0,0,0,0,0,2375,407,2782,10172,12954,0.0141799,0.150466,-0.988514,3
0,0,0,0,0,4154,714,4868,18011,22879,0.0140729,0.150431,-0.98852,3
0,0,0,0,0,3163,549,3712,13023,16735,0.0140046,0.150105,-0.988571,3
0,0,0,0,0,3200,528,3728,12497,16225,0.0135203,0.149819,-0.988621,3
0,0,0,0,0,3563,612,4175,15441,19616,0.013663,0.149819,-0.988619,3
0,0,0,0,0,3375,652,4027,14783,18810,0.0135189,0.14981,-0.988622,3
0,0,0,0,0,2682,453,3135,11671,14806,0.0131831,0.149837,-0.988623,3
0,0,0,0,0,4996,872,5868,20625,26493,0.0131651,0.14975,-0.988636,3
0,0,0,0,0,3034,511,3545,11791,15336,0.0130466,0.149673,-0.988649,3
0,0,0,0,0,2642,455,3097,11612,14709,0.0130231,0.14951,-0.988674,3
0,0,0,0,0,3839,663,4502,16606,21108,0.0132027,0.149481,-0.988676,3
0,0,0,0,0,2433,409,2842,10722,13564,0.0129956,0.149381,-0.988694,3
0,0,0,0,0,5820,957,6777,22414,29191,0.0130465,0.149445,-0.988684,3
0,0,0,0,0,2523,408,2931,10634,13565,0.0130799,0.149402,-0.98869,3
0,0,0,0,0,2293,388,2681,10119,12800,0.0128021,0.149239,-0.988718,3
