Downsample[ns],BuildFilTree[ns],SearchFil[ns],DeleteFil[ns],BuildTreeSub[ns],SearchSub[ns],DeleteSub[ns],PreProcTotal[ns],Plane[ns],Total[ns],nx,ny,nz,planeCount
4871,0,0,0,0,859,263,5993,187,6180,-0.0321011,0.104524,-0.994004,0
4863,0,0,0,0,956,328,6147,214,6361,-0.0387941,0.0417073,-0.998376,0
4734,0,0,0,0,850,222,5806,320,6126,-0.0387673,0.0711764,-0.99671,0
4879,0,0,0,0,870,219,5968,123,6091,-0.0429043,0.0415781,-0.998214,0
4821,0,0,0,0,851,250,5922,358,6280,-0.0326596,0.0755929,-0.996604,0
4767,0,0,0,0,837,218,5822,127,5949,-0.0323083,0.0393008,-0.998705,0
4742,0,0,0,0,855,218,5815,310,6125,-0.032507,0.0734733,-0.996767,0
4683,0,0,0,0,951,222,5856,123,5979,-0.0337283,0.0278381,-0.999043,0
5263,0,0,0,0,1162,316,6741,384,7125,-0.0337666,0.0738127,-0.9967,0
4685,0,0,0,0,852,225,5762,168,5930,-0.044125,0.0308176,-0.998551,0
4723,0,0,0,0,836,217,5776,315,6091,-0.0393345,0.071706,-0.99665,0
5072,0,0,0,0,844,215,6131,145,6276,-0.0398838,0.0539079,-0.997749,0
5437,0,0,0,0,951,249,6637,119,6756,-0.0178104,0.0563497,-0.998252,0
6409,0,0,0,0,1014,244,7667,127,7794,-0.044296,0.0202048,-0.998814,0
5605,0,0,0,0,849,221,6675,326,7001,-0.0396961,0.0682035,-0.996881,0
4916,0,0,0,0,864,226,6006,112,6118,-0.0631013,0.0250245,-0.997693,0
4825,0,0,0,0,876,225,5926,322,6248,-0.0316054,0.0716162,-0.996931,0
5431,0,0,0,0,966,251,6648,144,6792,-0.0411741,0.0431501,-0.99822,0
5001,0,0,0,0,872,227,6100,326,6426,-0.0370361,0.0709013,-0.996796,0
4673,0,0,0,0,870,217,5760,131,5891,-0.0560371,0.0204018,-0.99822,0
5888,0,0,0,0,1163,251,7302,405,7707,-0.0261364,0.0759932,-0.996766,0
3509,0,0,0,0,651,162,4322,101,4423,-0.0158066,0.0552875,-0.998345,0
3293,0,0,0,0,591,151,4035,98,4133,-0.0164512,0.0528141,-0.998469,0
4791,0,0,0,0,914,217,5922,132,6054,-0.0443245,0.0195683,-0.998826,0
5091,0,0,0,0,1117,224,6432,313,6745,-0.0331158,0.0735948,-0.996738,0
5598,0,0,0,0,853,273,6724,123,6847,-0.0316162,0.0401275,-0.998694,0
5437,0,0,0,0,1004,251,6692,351,7043,-0.0272255,0.0736212,-0.996915,0
4726,0,0,0,0,907,221,5854,171,6025,-0.0224239,0.0505059,-0.998472,0
5155,0,0,0,0,901,223,6279,300,6579,-0.0333968,0.0773068,-0.996448,0
5908,0,0,0,0,958,219,7085,121,7206,-0.0329607,0.0392922,-0.998684,0
5535,0,0,0,0,1003,249,6787,365,7152,-0.0281663,0.0746035,-0.996815,0
5251,0,0,0,0,939,243,6433,146,6579,-0.0222133,0.0509747,-0.998453,0
4779,0,0,0,0,841,221,5841,324,6165,-0.026343,0.0741223,-0.996901,0
5424,0,0,0,0,988,245,6657,152,6809,-0.0182284,0.0519211,-0.998485,0
4723,0,0,0,0,873,218,5814,107,5921,-0.0215794,0.0416113,-0.998901,0
4839,0,0,0,0,844,218,5901,308,6209,-0.0315607,0.0768493,-0.996543,0
5508,0,0,0,0,982,312,6802,149,6951,-0.0415805,0.0342885,-0.998547,0
5283,0,0,0,0,939,266,6488,356,6844,-0.0310375,0.0725182,-0.996884,0
5443,0,0,0,0,953,267,6663,142,6805,-0.0442815,0.0189193,-0.99884,0
6084,0,0,0,0,1000,278,7362,437,7799,-0.0306843,0.0769455,-0.996563,0
5433,0,0,0,0,958,275,6666,143,6809,-0.0263894,0.0434193,-0.998708,0
5181,0,0,0,0,941,244,6366,415,6781,-0.0290869,0.0753238,-0.996735,0
5437,0,0,0,0,952,263,6652,142,6794,-0.0168239,0.0637503,-0.997824,0
5374,0,0,0,0,953,244,6571,157,6728,-0.0240604,0.0372245,-0.999017,0
5713,0,0,0,0,1204,251,7168,350,7518,-0.0264723,0.0766814,-0.996704,0
5400,0,0,0,0,954,245,6599,158,6757,-0.0140391,0.0589573,-0.998162,0
5388,0,0,0,0,1057,277,6722,179,6901,-0.0127017,0.0506755,-0.998634,0
5411,0,0,0,0,991,247,6649,122,6771,-0.0213891,0.0432081,-0.998837,0
5288,0,0,0,0,958,248,6494,360,6854,-0.0293326,0.0758629,-0.996687,0
5290,0,0,0,0,946,241,6477,152,6629,-0.0395195,0.0456665,-0.998175,0
4061,0,0,0,0,634,164,4859,240,5099,-0.0290188,0.073789,-0.996852,0
3283,0,0,0,0,592,150,4025,85,4110,-0.0284132,0.0497371,-0.998358,0
5250,0,0,0,0,967,249,6466,341,6807,-0.0321192,0.0700779,-0.997024,0
4947,0,0,0,0,849,213,6009,124,6133,-0.0441531,0.022152,-0.998779,0
5566,0,0,0,0,987,249,6802,350,7152,-0.0340503,0.0649019,-0.997311,0
5187,0,0,0,0,1064,238,6489,115,6604,-0.0564504,0.0382187,-0.997674,0
4759,0,0,0,0,1188,228,6175,334,6509,-0.038696,0.0641354,-0.997191,0
5285,0,0,0,0,955,243,6483,129,6612,-0.0603159,0.0366231,-0.997507,0
5911,0,0,0,0,994,275,7180,382,7562,-0.030446,0.0704696,-0.997049,0
5509,0,0,0,0,990,250,6749,146,6895,-0.0228733,0.0527224,-0.998347,0
5335,0,0,0,0,978,219,6532,107,6639,-0.0412452,0.0363688,-0.998487,0
5073,0,0,0,0,878,222,6173,315,6488,-0.0330201,0.0720975,-0.996851,0
5160,0,0,0,0,864,218,6242,120,6362,-0.0323996,0.0396205,-0.998689,0
5102,0,0,0,0,854,246,6202,306,6508,-0.0273912,0.0757256,-0.996752,0
5292,0,0,0,0,962,218,6472,131,6603,-0.0141965,0.0611676,-0.998027,0
5046,0,0,0,0,987,248,6281,147,6428,-0.045403,0.0117125,-0.9989,0
5351,0,0,0,0,976,246,6573,341,6914,-0.0382407,0.0724304,-0.99664,0
5091,0,0,0,0,911,272,6274,165,6439,-0.0443347,0.0253701,-0.998695,0
4690,0,0,0,0,880,219,5789,310,6099,-0.0350737,0.0752338,-0.996549,0
4762,0,0,0,0,884,217,5863,127,5990,-0.0423571,0.0408913,-0.998265,0
4786,0,0,0,0,911,249,5946,311,6257,-0.026595,0.0737351,-0.996923,0
5461,0,0,0,0,850,222,6533,126,6659,-0.0204792,0.0529709,-0.998386,0
5721,0,0,0,0,1100,375,7196,159,7355,-0.0239492,0.0393836,-0.998937,0
4700,0,0,0,0,896,240,5836,318,6154,-0.024658,0.0703771,-0.997216,0
4712,0,0,0,0,857,219,5788,128,5916,-0.0227,0.0490311,-0.998539,0
4729,0,0,0,0,856,219,5804,101,5905,-0.0395287,0.044359,-0.998233,0
5753,0,0,0,0,846,241,6840,304,7144,-0.0263394,0.0700777,-0.997194,0
4650,0,0,0,0,1141,383,6174,151,6325,-0.0277102,0.0513917,-0.998294,0
4772,0,0,0,0,900,222,5894,101,5995,-0.0228815,0.0567438,-0.998127,0
4862,0,0,0,0,857,219,5938,116,6054,-0.042779,0.0256031,-0.998756,0
5816,0,0,0,0,860,226,6902,337,7239,-0.0312176,0.0653833,-0.997372,0
5195,0,0,0,0,931,222,6348,121,6469,-0.0292084,0.0466348,-0.998485,0
5057,0,0,0,0,837,256,6150,325,6475,-0.0301948,0.0680971,-0.997222,0
4925,0,0,0,0,872,239,6036,127,6163,-0.0448488,0.0188495,-0.998816,0
5552,0,0,0,0,990,299,6841,361,7202,-0.0376037,0.0713407,-0.996743,0
4827,0,0,0,0,846,217,5890,134,6024,-0.0429267,0.0400478,-0.998275,0
5239,0,0,0,0,893,252,6384,301,6685,-0.0307907,0.0691236,-0.997133,0
5407,0,0,0,0,974,265,6646,161,6807,-0.0254618,0.0431104,-0.998746,0
5712,0,0,0,0,1333,281,7326,356,7682,-0.0283119,0.0709907,-0.997075,0
4857,0,0,0,0,887,219,5963,142,6105,-0.0332315,0.0396026,-0.998663,0
5300,0,0,0,0,968,248,6516,353,6869,-0.0251701,0.0718367,-0.997099,0
5585,0,0,0,0,1002,307,6894,147,7041,-0.0441341,0.0186224,-0.998852,0
5833,0,0,0,0,989,279,7101,389,7490,-0.0385118,0.0664296,-0.997048,0
5276,0,0,0,0,1052,254,6582,137,6719,-0.0495464,0.030775,-0.998298,0
5786,0,0,0,0,1036,288,7110,364,7474,-0.0357878,0.0613574,-0.997474,0
5405,0,0,0,0,1033,265,6703,127,6830,-0.0474056,0.0466947,-0.997784,0
6851,0,0,0,0,1165,273,8289,372,8661,-0.0323862,0.0668135,-0.99724,0
5350,0,0,0,0,1027,294,6671,134,6805,-0.0298631,0.0425869,-0.998646,0
5508,0,0,0,0,1020,275,6803,391,7194,-0.024031,0.0678951,-0.997403,0
5321,0,0,0,0,979,234,6534,163,6697,-0.0263235,0.0414791,-0.998793,0
5349,0,0,0,0,1133,267,6749,333,7082,-0.0300815,0.0695915,-0.997122,0
6153,0,0,0,0,1078,264,7495,141,7636,-0.0406951,0.038989,-0.998411,0
5402,0,0,0,0,1014,265,6681,337,7018,-0.0285069,0.0676604,-0.997301,0
5334,0,0,0,0,1038,261,6633,135,6768,-0.0223527,0.0314597,-0.999255,0
5425,0,0,0,0,1038,263,6726,403,7129,-0.0283317,0.0722014,-0.996988,0
5437,0,0,0,0,1041,296,6774,170,6944,-0.0204287,0.0513375,-0.998472,0
5959,0,0,0,0,1101,266,7326,123,7449,-0.0454716,0.00943305,-0.998921,0
5150,0,0,0,0,923,232,6305,303,6608,-0.0305443,0.0732597,-0.996845,0
5403,0,0,0,0,1026,262,6691,139,6830,-0.0131122,0.0601916,-0.998101,0
5393,0,0,0,0,1004,290,6687,147,6834,-0.0156786,0.0441261,-0.998903,0
5423,0,0,0,0,1016,264,6703,356,7059,-0.0289754,0.0773375,-0.996584,0
5562,0,0,0,0,1126,265,6953,171,7124,-0.0422353,0.0496436,-0.997874,0
5382,0,0,0,0,1017,262,6661,341,7002,-0.0251369,0.0749204,-0.996873,0
5502,0,0,0,0,1342,348,7192,180,7372,-0.0388216,0.0410763,-0.998402,0
4902,0,0,0,0,906,232,6040,303,6343,-0.0263479,0.0698779,-0.997208,0
4703,0,0,0,0,1356,228,6287,125,6412,-0.0275054,0.0354377,-0.998993,0
5791,0,0,0,0,1034,283,7108,341,7449,-0.0283079,0.0656381,-0.997442,0
5953,0,0,0,0,950,257,7160,149,7309,-0.0260404,0.0836511,-0.996155,0
4156,0,0,0,0,681,174,5011,121,5132,-0.00945824,0.0549172,-0.998446,0
4308,0,0,0,0,826,223,5357,114,5471,-0.0252667,0.037318,-0.998984,0
5385,0,0,0,0,999,253,6637,356,6993,-0.0215071,0.0694227,-0.997355,0
5019,0,0,0,0,872,219,6110,123,6233,-0.0270369,0.0342563,-0.999047,0
5417,0,0,0,0,947,262,6626,331,6957,-0.0403369,0.0747331,-0.996387,0
5013,0,0,0,0,831,213,6057,122,6179,-0.0203823,0.06483,-0.997688,0
4773,0,0,0,0,810,207,5790,130,5920,-0.0221601,0.0517226,-0.998416,0
4809,0,0,0,0,869,240,5918,337,6255,-0.0403899,0.0770193,-0.996211,0
5055,0,0,0,0,812,202,6069,129,6198,-0.0140914,0.0600187,-0.998098,0
5561,0,0,0,0,794,198,6553,122,6675,-0.0278226,0.0766028,-0.996673,0
5494,0,0,0,0,782,216,6492,125,6617,-0.0180046,0.0726469,-0.997195,0
5166,0,0,0,0,771,186,6123,125,6248,-0.0221452,0.0752814,-0.996916,0
5929,0,0,0,0,826,230,6985,124,7109,-0.0228124,0.101482,-0.994576,0
6064,0,0,0,0,894,211,7169,169,7338,-0.0217858,0.0981623,-0.994932,0
5948,0,0,0,0,811,208,6967,190,7157,-0.040836,0.0798047,-0.995974,0
5345,0,0,0,0,804,230,6379,150,6529,-0.0232823,0.0600921,-0.997921,0
5921,0,0,0,0,681,214,6816,143,6959,-0.0396916,0.087192,-0.995401,0
5404,0,0,0,0,657,171,6232,143,6375,-0.0512024,0.116935,-0.991819,0
5556,0,0,0,0,660,168,6384,174,6558,-0.0465001,0.106638,-0.99321,0
5981,0,0,0,0,609,172,6762,165,6927,-0.0318885,0.100241,-0.994452,0
6116,0,0,0,0,662,145,6923,137,7060,-0.0288561,0.0977026,-0.994797,0
3327,0,0,0,0,259,68,3654,86,3740,-0.0305039,0.0762,-0.996626,0
1753,0,0,0,0,154,40,1947,48,1995,-0.0291976,0.069424,-0.99716,0
5802,0,0,0,0,414,108,6324,163,6487,-0.0226465,0.126903,-0.991657,0
5706,0,0,0,0,386,104,6196,159,6355,-0.00343294,0.109113,-0.994023,0
5298,0,0,0,0,353,97,5748,165,5913,0.0133181,0.0796406,-0.996735,0
6013,0,0,0,0,415,109,6537,226,6763,0.0196136,0.0965296,-0.995137,0
5096,0,0,0,0,242,66,5404,139,5543,0.00882789,0.112601,-0.993601,0
4721,0,0,0,0,273,76,5070,169,5239,-0.00985278,0.0936381,-0.995558,0
5655,0,0,0,0,327,86,6068,198,6266,-0.0251156,0.117194,-0.992791,0
5298,0,0,0,0,245,90,5633,175,5808,0.00314239,0.0502003,-0.998734,0
5450,0,0,0,0,234,64,5748,176,5924,0.0278817,0.0239437,-0.999324,0
5028,0,0,0,0,163,52,5243,211,5454,0.0189872,0.0871979,-0.99601,0
4574,0,0,0,0,138,46,4758,152,4910,0.052925,-0.0104903,-0.998543,0
5531,0,0,0,0,147,52,5730,172,5902,0.0276546,0.0979004,-0.994812,0
4513,0,0,0,0,129,55,4697,150,4847,0.0437933,0.0729072,-0.996377,0
5148,0,0,0,0,124,45,5317,154,5471,0.0332466,0.061065,-0.99758,0
4252,0,0,0,0,94,36,4382,138,4520,0.0305961,0.0342308,-0.998945,0
4169,0,0,0,0,85,33,4287,140,4427,0.0859797,-0.087061,-0.992486,0
4105,0,0,0,0,76,31,4212,135,4347,0.0300179,-0.0402364,-0.998739,0
3891,0,0,0,0,67,27,3985,144,4129,0.0501569,-0.109978,-0.992668,0
3840,0,0,0,0,63,26,3929,138,4067,0.0715619,-0.227134,-0.971231,0
3737,0,0,0,0,94,32,3863,157,4020,0.0737298,-0.242206,-0.967419,0
3787,0,0,0,0,78,38,3903,150,4053,0.0668916,-0.207952,-0.975849,0
3750,0,0,0,0,86,32,3868,160,4028,0.0601286,-0.166392,-0.984225,0
3962,0,0,0,0,89,35,4086,139,4225,0.0852629,-0.259605,-0.961944,0
4301,0,0,0,0,91,36,4428,138,4566,0.075793,-0.255967,-0.96371,0
3610,0,0,0,0,90,33,3733,160,3893,0.0650766,-0.23081,-0.97082,0
4317,0,0,0,0,104,41,4462,162,4624,0.0713215,-0.219421,-0.97302,0
3593,0,0,0,0,103,37,3733,158,3891,0.0653718,-0.165367,-0.984063,0
3980,0,0,0,0,118,39,4137,201,4338,0.0607997,-0.138117,-0.988548,0
4160,0,0,0,0,144,46,4350,163,4513,0.050703,-0.105499,-0.993126,0
4147,0,0,0,0,179,58,4384,197,4581,0.0620573,-0.144864,-0.987504,0
3618,0,0,0,0,188,58,3864,170,4034,0.0531404,-0.143972,-0.988154,0
3884,0,0,0,0,213,80,4177,238,4415,0.0638641,-0.103817,-0.992544,0
4230,0,0,0,0,278,78,4586,279,4865,0.0719533,-0.124788,-0.989571,0
4243,0,0,0,0,297,86,4626,301,4927,0.0792922,-0.124516,-0.989044,0
3738,0,0,0,0,343,99,4180,311,4491,0.0719738,-0.122887,-0.989807,0
4651,0,0,0,0,470,110,5231,319,5550,0.063171,-0.116713,-0.991155,0
4411,0,0,0,0,398,106,4915,347,5262,0.0533351,-0.119785,-0.991366,0
4626,0,0,0,0,440,122,5188,410,5598,0.0438491,-0.106869,-0.993306,0
3942,0,0,0,0,430,115,4487,359,4846,0.0313575,-0.0847562,-0.995908,0
4705,0,0,0,0,660,148,5513,437,5950,0.0276358,-0.0825977,-0.9962,0
4795,0,0,0,0,679,217,5691,502,6193,0.0203696,-0.074359,-0.997023,0
4758,0,0,0,0,639,165,5562,491,6053,0.0214822,-0.0521202,-0.99841,0
4989,0,0,0,0,808,175,5972,592,6564,0.0224644,-0.027915,-0.999358,0
4929,0,0,0,0,714,184,5827,592,6419,0.0312589,-0.0104396,-0.999457,0
4904,0,0,0,0,721,185,5810,668,6478,0.0379223,-0.0167132,-0.999141,0
4729,0,0,0,0,720,189,5638,670,6308,0.0366306,-0.00775528,-0.999299,0
5401,0,0,0,0,808,208,6417,684,7101,0.031859,0.00957553,-0.999447,0
5502,0,0,0,0,888,270,6660,707,7367,0.00934656,0.0372933,-0.999261,0
5335,0,0,0,0,988,246,6569,634,7203,-0.0168192,0.039974,-0.999059,0
6261,0,0,0,0,1422,282,7965,592,8557,-0.0313898,0.0453879,-0.998476,0
6159,0,0,0,0,1765,325,8249,451,8700,-0.0362172,0.04547,-0.998309,0
4009,0,0,0,0,893,241,5143,262,5405,-0.048056,0.0369681,-0.99816,0
9483,0,0,0,0,2302,566,12351,495,12846,-0.0701269,0.043732,-0.996579,0
3401,0,0,0,0,827,208,4436,214,4650,-0.0857955,0.0361966,-0.995655,0
6852,0,0,0,0,1467,354,8673,300,8973,-0.10669,0.0239431,-0.994004,0
6096,0,0,0,0,1692,406,8194,325,8519,-0.128311,0.0302494,-0.991273,0
6985,0,0,0,0,1930,463,9378,404,9782,-0.135146,0.0614197,-0.98892,0
6977,0,0,0,0,1976,470,9423,373,9796,-0.14511,0.108787,-0.983417,0
6553,0,0,0,0,1801,441,8795,474,9269,-0.131471,0.139105,-0.981512,0
6391,0,0,0,0,1905,459,8755,606,9361,-0.1125,0.159001,-0.980848,0
6445,0,0,0,0,1977,465,8887,642,9529,-0.0874422,0.187647,-0.978336,0
7094,0,0,0,0,2023,496,9613,765,10378,-0.067013,0.180961,-0.981205,0
6829,0,0,0,0,2021,634,9484,923,10407,-0.0530332,0.189686,-0.980412,0
7058,0,0,0,0,1827,448,9333,854,10187,-0.040474,0.174107,-0.983895,0
6676,0,0,0,0,1793,419,8888,881,9769,-0.0360262,0.164028,-0.985798,0
6537,0,0,0,0,1638,488,8663,907,9570,-0.0356975,0.154401,-0.987363,0
4545,0,0,0,0,1065,264,5874,585,6459,-0.0398178,0.146313,-0.988437,0
6560,0,0,0,0,1639,405,8604,871,9475,-0.0381428,0.147248,-0.988364,0
6534,0,0,0,0,1489,361,8384,839,9223,-0.0356933,0.146203,-0.98861,0
6461,0,0,0,0,1453,369,8283,858,9141,-0.0399099,0.143279,-0.988877,0
6282,0,0,0,0,1342,321,7945,818,8763,-0.0533471,0.159573,-0.985744,0
7066,0,0,0,0,1302,319,8687,727,9414,-0.066713,0.166392,-0.9838,0
6255,0,0,0,0,1208,288,7751,662,8413,-0.0834595,0.197898,-0.976663,0
6360,0,0,0,0,1064,263,7687,612,8299,-0.0869344,0.198677,-0.976202,0
5864,0,0,0,0,1093,256,7213,580,7793,-0.0899312,0.233734,-0.968133,0
5960,0,0,0,0,920,231,7111,508,7619,-0.079292,0.247248,-0.965702,0
5998,0,0,0,0,890,234,7122,532,7654,-0.0778685,0.272984,-0.958862,0
5374,0,0,0,0,748,213,6335,458,6793,-0.071244,0.264459,-0.961762,0
6029,0,0,0,0,668,197,6894,442,7336,-0.0664516,0.254513,-0.964784,0
4955,0,0,0,0,627,160,5742,443,6185,-0.0681056,0.247511,-0.966488,0
4974,0,0,0,0,629,178,5781,450,6231,-0.0658463,0.244055,-0.967523,0
4962,0,0,0,0,573,146,5681,448,6129,-0.0601877,0.241072,-0.968639,0
4689,0,0,0,0,536,140,5365,417,5782,-0.0643938,0.213141,-0.974897,0
4456,0,0,0,0,490,132,5078,390,5468,-0.0719673,0.220636,-0.972697,0
4275,0,0,0,0,498,125,4898,370,5268,-0.10206,0.30562,-0.946668,0
4250,0,0,0,0,489,150,4889,384,5273,-0.0936154,0.249573,-0.96382,0
4214,0,0,0,0,486,151,4851,371,5222,-0.0921785,0.217649,-0.971665,0
4165,0,0,0,0,448,129,4742,341,5083,-0.093387,0.16063,-0.982587,0
4156,0,0,0,0,417,116,4689,324,5013,-0.091334,0.0977691,-0.991009,0
4319,0,0,0,0,459,116,4894,310,5204,-0.130843,0.162978,-0.977915,0
4309,0,0,0,0,407,114,4830,303,5133,-0.129305,0.153132,-0.97971,0
4138,0,0,0,0,505,118,4761,305,5066,-0.114603,0.174504,-0.977964,0
4174,0,0,0,0,400,109,4683,277,4960,-0.110365,0.201355,-0.973281,0
4193,0,0,0,0,402,110,4705,362,5067,-0.0985022,0.179093,-0.978889,0
4386,0,0,0,0,408,115,4909,276,5185,-0.091651,0.18913,-0.977665,0
4335,0,0,0,0,403,113,4851,282,5133,-0.0947665,0.206161,-0.973918,0
4241,0,0,0,0,404,113,4758,261,5019,-0.0931099,0.213693,-0.972454,0
4151,0,0,0,0,432,113,4696,275,4971,-0.0855903,0.20457,-0.975103,0
4164,0,0,0,0,398,113,4675,278,4953,-0.0814036,0.196998,-0.977019,0
4406,0,0,0,0,407,137,4950,311,5261,-0.0983954,0.23732,-0.966435,0
4366,0,0,0,0,410,117,4893,244,5137,-0.0948394,0.224267,-0.969902,0
4137,0,0,0,0,425,115,4677,242,4919,-0.099266,0.260732,-0.960294,0
4291,0,0,0,0,436,123,4850,213,5063,-0.0952298,0.214808,-0.972003,0
4463,0,0,0,0,521,132,5116,225,5341,-0.106881,0.263556,-0.958705,0
5213,0,0,0,0,610,142,5965,178,6143,-0.117642,0.298985,-0.946978,0
4887,0,0,0,0,563,152,5602,162,5764,-0.0970083,0.214872,-0.971812,0
4589,0,0,0,0,576,155,5320,128,5448,-0.0731904,0.177484,-0.981398,0
4578,0,0,0,0,593,160,5331,119,5450,-0.0999136,0.255711,-0.961576,0
4667,0,0,0,0,605,164,5436,141,5577,-0.0918968,0.20503,-0.974432,0
4618,0,0,0,0,607,163,5388,129,5517,-0.0920432,0.216206,-0.972,0
4629,0,0,0,0,585,161,5375,126,5501,-0.0905113,0.211976,-0.973074,0
4640,0,0,0,0,821,241,5702,162,5864,-0.0705803,0.173802,-0.982248,0
4586,0,0,0,0,597,161,5344,113,5457,-0.0671538,0.139144,-0.987993,0
4694,0,0,0,0,624,163,5481,124,5605,-0.105628,0.267494,-0.957753,0
4636,0,0,0,0,606,184,5426,167,5593,-0.0549889,0.142123,-0.98832,0
4476,0,0,0,0,600,162,5238,120,5358,-0.0569539,0.154787,-0.986305,0
4419,0,0,0,0,625,163,5207,123,5330,-0.0771403,0.148649,-0.985877,0
4475,0,0,0,0,609,161,5245,123,5368,-0.0537637,0.1339,-0.989535,0
4717,0,0,0,0,612,170,5499,219,5718,-0.0405202,0.12803,-0.990942,0
4479,0,0,0,0,687,163,5329,139,5468,-0.0458778,0.117506,-0.992012,0
4613,0,0,0,0,664,165,5442,121,5563,-0.0816209,0.114617,-0.990051,0
4429,0,0,0,0,657,175,5261,132,5393,-0.0995339,0.224087,-0.969473,0
4601,0,0,0,0,704,169,5474,138,5612,0.16399,-0.367181,-0.915579,0
5188,0,0,0,0,757,218,6163,181,6344,-0.0281566,0.107296,-0.993828,0
4452,0,0,0,0,636,181,5269,133,5402,-0.0463617,0.123509,-0.99126,0
4494,0,0,0,0,639,168,5301,201,5502,-0.0511557,0.107426,-0.992896,0
4417,0,0,0,0,646,168,5231,207,5438,-0.0631798,0.119865,-0.990778,0
4557,0,0,0,0,616,167,5340,201,5541,-0.0669416,0.126257,-0.989736,0
4555,0,0,0,0,630,193,5378,132,5510,-0.0720517,0.134362,-0.988309,0
4494,0,0,0,0,629,167,5290,213,5503,-0.0518505,0.114975,-0.992014,0
4645,0,0,0,0,630,167,5442,120,5562,-0.0520808,0.126373,-0.990615,0
4581,0,0,0,0,636,171,5388,206,5594,-0.0540605,0.115003,-0.991893,0
4429,0,0,0,0,624,165,5218,114,5332,-0.162747,0.507056,-0.846409,0
4668,0,0,0,0,669,206,5543,153,5696,-0.0717864,0.179368,-0.981159,0
4878,0,0,0,0,630,222,5730,123,5853,-0.0734479,0.189098,-0.979207,0
5613,0,0,0,0,644,170,6427,146,6573,-0.127134,0.285952,-0.949773,0
4499,0,0,0,0,629,165,5293,138,5431,-0.0441587,0.128415,-0.990737,0
4608,0,0,0,0,671,190,5469,121,5590,-0.130681,0.236096,-0.962902,0
4566,0,0,0,0,644,170,5380,222,5602,-0.0391932,0.121825,-0.991778,0
4527,0,0,0,0,681,168,5376,124,5500,-0.0581307,0.146266,-0.987536,0
4505,0,0,0,0,553,148,5206,184,5390,-0.0444104,0.121263,-0.991626,0
4465,0,0,0,0,659,187,5311,120,5431,-0.0758769,0.199604,-0.976934,0
4488,0,0,0,0,621,166,5275,124,5399,-0.088825,0.190198,-0.977719,0
4713,0,0,0,0,617,168,5498,111,5609,-0.108089,0.266235,-0.957829,0
5102,0,0,0,0,622,168,5892,165,6057,-0.107328,0.226701,-0.968033,0
4489,0,0,0,0,641,169,5299,115,5414,-0.0999195,0.253159,-0.962251,0
3902,0,0,0,0,548,144,4594,120,4714,-0.0778444,0.215872,-0.973314,0
4399,0,0,0,0,623,163,5185,132,5317,-0.085339,0.185193,-0.97899,0
4760,0,0,0,0,673,169,5602,202,5804,-0.0442195,0.125102,-0.991158,0
5743,0,0,0,0,942,258,6943,146,7089,-0.221428,0.566544,-0.793724,0
4698,0,0,0,0,654,166,5518,162,5680,-0.0648649,0.189038,-0.979825,1
5203,0,0,0,0,629,167,5999,134,6133,-0.0899416,0.200092,-0.97564,1
4535,0,0,0,0,624,169,5328,115,5443,-0.0629928,0.150041,-0.986671,1
4793,0,0,0,0,627,168,5588,113,5701,-0.0574204,0.146423,-0.987554,1
4714,0,0,0,0,618,169,5501,206,5707,-0.0419988,0.127914,-0.990895,1
4673,0,0,0,0,629,169,5471,200,5671,-0.0420735,0.122419,-0.991586,1
4412,0,0,0,0,618,166,5196,202,5398,-0.0389,0.11921,-0.992107,1
4527,0,0,0,0,649,167,5343,120,5463,-0.0916119,0.185252,-0.978411,1
4634,0,0,0,0,619,168,5421,203,5624,-0.0454509,0.126707,-0.990898,1
4683,0,0,0,0,631,168,5482,116,5598,0.0311601,-0.113971,-0.992995,1
4475,0,0,0,0,616,188,5279,177,5456,-0.0423699,0.067605,-0.996812,1
4544,0,0,0,0,624,167,5335,117,5452,-0.050824,0.0947817,-0.9942,1
4479,0,0,0,0,614,170,5263,209,5472,-0.0500945,0.133547,-0.989776,1
3985,0,0,0,0,554,153,4692,195,4887,-0.0547017,0.138791,-0.98881,1
4631,0,0,0,0,616,166,5413,117,5530,-0.142969,0.542841,-0.827577,1
4763,0,0,0,0,664,170,5597,146,5743,-0.0605379,0.162298,-0.984883,1
4548,0,0,0,0,616,201,5365,116,5481,-0.0746945,0.213037,-0.974185,1
4620,0,0,0,0,716,201,5537,118,5655,-0.0674959,0.173911,-0.982446,1
4597,0,0,0,0,617,168,5382,206,5588,-0.0545506,0.134442,-0.989419,1
4557,0,0,0,0,727,171,5455,208,5663,-0.0494019,0.134805,-0.98964,1
4525,0,0,0,0,661,194,5380,204,5584,-0.0504187,0.137092,-0.989274,1
4458,0,0,0,0,622,211,5291,209,5500,-0.0479907,0.136441,-0.989485,1
4606,0,0,0,0,695,207,5508,134,5642,-0.0261436,-0.0765545,-0.996723,1
4608,0,0,0,0,669,168,5445,147,5592,-0.0486713,0.128733,-0.990484,1
4734,0,0,0,0,632,200,5566,146,5712,0.0324864,-0.261425,-0.964677,1
4614,0,0,0,0,624,165,5403,153,5556,-0.0237182,-0.0144352,-0.999614,1
4511,0,0,0,0,618,170,5299,144,5443,-0.0404873,0.0970625,-0.994455,1
4737,0,0,0,0,654,179,5570,114,5684,-0.0280813,0.0527344,-0.998214,1
4578,0,0,0,0,623,165,5366,130,5496,-0.0182237,0.027129,-0.999466,1
4479,0,0,0,0,618,163,5260,138,5398,-0.0178368,0.0394358,-0.999063,1
4154,0,0,0,0,543,146,4843,120,4963,-0.00787343,0.04371,-0.999013,1
4292,0,0,0,0,580,149,5021,135,5156,-0.0458374,0.104039,-0.993516,1
4415,0,0,0,0,643,179,5237,124,5361,-0.044351,0.0939839,-0.994585,1
4528,0,0,0,0,640,167,5335,126,5461,-0.0601933,0.148795,-0.987034,1
4986,0,0,0,0,604,165,5755,198,5953,-0.0445106,0.130597,-0.990436,1
4416,0,0,0,0,614,163,5193,115,5308,-0.0122771,0.0661158,-0.997736,1
4483,0,0,0,0,630,165,5278,144,5422,-0.0532252,0.118374,-0.991542,1
3976,0,0,0,0,545,150,4671,208,4879,-0.0459134,0.12745,-0.990782,1
4398,0,0,0,0,629,164,5191,119,5310,0.056975,0.14312,-0.988064,1
4409,0,0,0,0,617,163,5189,186,5375,-0.0448302,0.147762,-0.988006,1
4297,0,0,0,0,582,150,5029,109,5138,-0.0604694,0.148396,-0.987078,1
5084,0,0,0,0,655,167,5906,138,6044,-0.0684135,0.14726,-0.986729,1
3950,0,0,0,0,538,144,4632,204,4836,-0.0505502,0.131388,-0.990041,1
4014,0,0,0,0,563,146,4723,-1000,-1000,-1,-1,-1,1
4018,0,0,0,0,533,148,4699,134,4833,-0.0402376,0.0915711,-0.994985,1
3905,0,0,0,0,615,148,4668,109,4777,-0.0252244,0.0576761,-0.998017,1
4502,0,0,0,0,898,248,5648,169,5817,-0.033346,0.0759531,-0.996554,1
4567,0,0,0,0,611,164,5342,128,5470,-0.0323065,0.0699863,-0.997025,1
4706,0,0,0,0,604,163,5473,130,5603,-0.0209152,0.0417766,-0.998908,1
4069,0,0,0,0,587,155,4811,157,4968,-0.0360655,0.0690948,-0.996958,1
4585,0,0,0,0,648,167,5400,122,5522,-0.041047,0.104417,-0.993686,1
4542,0,0,0,0,615,165,5322,-1000,-1000,-1,-1,-1,1
4596,0,0,0,0,606,164,5366,149,5515,-0.0422414,0.0877233,-0.995249,1
4646,0,0,0,0,617,195,5458,117,5575,-0.0672054,0.124237,-0.989974,1
4324,0,0,0,0,567,152,5043,124,5167,-0.0954486,0.1935,-0.976446,1
4619,0,0,0,0,650,188,5457,201,5658,-0.0508128,0.130264,-0.990176,1
4475,0,0,0,0,605,165,5245,128,5373,-0.0658617,0.167689,-0.983638,1
4449,0,0,0,0,611,166,5226,205,5431,-0.0608402,0.106959,-0.9924,1
4511,0,0,0,0,606,163,5280,117,5397,-0.0411555,0.0631063,-0.997158,1
4614,0,0,0,0,624,163,5401,125,5526,-0.0304085,0.0367759,-0.998861,1
4499,0,0,0,0,599,163,5261,142,5403,-0.0294833,0.0465914,-0.998479,1
4719,0,0,0,0,612,166,5497,126,5623,-0.0456554,0.0482811,-0.99779,1
6729,0,0,0,0,911,238,7878,147,8025,-0.0391491,0.126887,-0.991144,1
3923,0,0,0,0,576,147,4646,-1000,-1000,-1,-1,-1,1
4517,0,0,0,0,608,165,5290,149,5439,-0.0412035,0.0591305,-0.9974,1
5079,0,0,0,0,656,186,5921,142,6063,-0.0425306,0.0964068,-0.994433,1
4525,0,0,0,0,612,167,5304,126,5430,-0.0439714,0.0703286,-0.996554,1
4437,0,0,0,0,668,161,5266,126,5392,-0.0265207,0.0275824,-0.999268,1
4580,0,0,0,0,598,165,5343,147,5490,-0.0376952,0.0604605,-0.997459,1
4473,0,0,0,0,658,166,5297,125,5422,-0.0391985,0.0739619,-0.99649,1
4528,0,0,0,0,714,169,5411,153,5564,-0.0345454,0.0524188,-0.998028,1
4656,0,0,0,0,669,170,5495,132,5627,-0.032828,0.0553432,-0.997928,1
4441,0,0,0,0,673,177,5291,127,5418,-0.0352446,0.0544528,-0.997894,1
4644,0,0,0,0,674,169,5487,131,5618,-0.0846362,0.321564,-0.943098,1
4510,0,0,0,0,642,174,5326,157,5483,-0.0841783,0.224981,-0.97072,1
4535,0,0,0,0,708,179,5422,201,5623,-0.0685017,0.198198,-0.977765,1
4783,0,0,0,0,672,186,5641,203,5844,-0.0702836,0.214662,-0.974156,1
4662,0,0,0,0,762,196,5620,201,5821,-0.112934,0.219744,-0.968999,1
4713,0,0,0,0,805,212,5730,196,5926,-0.0943479,0.201214,-0.974993,1
4956,0,0,0,0,749,201,5906,205,6111,-0.0584964,0.180975,-0.981747,1
4330,0,0,0,0,671,180,5181,177,5358,-0.0881174,0.202934,-0.975219,1
5109,0,0,0,0,874,220,6203,122,6325,-0.165907,0.148053,-0.974964,1
6150,0,0,0,0,918,241,7309,132,7441,-0.0760352,0.188373,-0.97915,1
5253,0,0,0,0,1037,298,6588,261,6849,-0.0506559,0.207705,-0.976879,1
5337,0,0,0,0,1085,269,6691,266,6957,-0.0472906,0.205425,-0.97753,1
5222,0,0,0,0,1103,318,6643,275,6918,-0.0341025,0.196076,-0.979995,1
5537,0,0,0,0,1216,282,7035,205,7240,-0.0221353,0.200827,-0.979377,1
5475,0,0,0,0,1686,348,7509,318,7827,-0.0189094,0.204919,-0.978596,1
6938,0,0,0,0,1496,287,8721,117,8838,-0.0587444,0.18872,-0.980272,1
5871,0,0,0,0,1382,330,7583,133,7716,-0.0653687,0.181309,-0.981251,1
5294,0,0,0,0,1077,280,6651,136,6787,-0.0834887,0.134591,-0.987378,1
5771,0,0,0,0,1129,320,7220,217,7437,-0.0256223,0.198108,-0.979845,1
5443,0,0,0,0,1169,290,6902,136,7038,-0.0667292,0.143803,-0.987354,1
5314,0,0,0,0,1099,286,6699,213,6912,-0.00889406,0.191186,-0.981514,1
5725,0,0,0,0,1145,296,7166,152,7318,-0.0505364,0.162599,-0.985397,1
5583,0,0,0,0,1211,307,7101,133,7234,-0.0554298,0.183481,-0.981459,1
6133,0,0,0,0,994,265,7392,196,7588,-0.13821,0.332605,-0.932884,1
5268,0,0,0,0,954,225,6447,183,6630,-0.144581,0.449996,-0.881249,1
5902,0,0,0,0,752,199,6853,127,6980,-0.0434778,0.172165,-0.984108,1
5073,0,0,0,0,672,182,5927,217,6144,-0.176521,0.625536,-0.759964,1
4766,0,0,0,0,640,161,5567,149,5716,-0.158678,0.658765,-0.735425,1
6625,0,0,0,0,714,173,7512,215,7727,-0.141553,0.642147,-0.753399,1
6355,0,0,0,0,523,149,7027,167,7194,-0.136764,0.592317,-0.794013,1
5250,0,0,0,0,522,189,5961,167,6128,-0.0623065,0.40161,-0.913689,1
5416,0,0,0,0,515,141,6072,156,6228,-0.0538398,0.345854,-0.936742,1
5220,0,0,0,0,470,130,5820,130,5950,-0.0423172,0.157853,-0.986555,1
5024,0,0,0,0,439,119,5582,152,5734,-0.0110481,0.106242,-0.994279,1
6004,0,0,0,0,415,118,6537,145,6682,-0.019746,0.1612,-0.986724,1
5128,0,0,0,0,386,110,5624,141,5765,-0.0040931,0.0733358,-0.997299,1
5002,0,0,0,0,360,101,5463,180,5643,-0.00959068,0.14955,-0.988708,1
5212,0,0,0,0,339,96,5647,162,5809,-0.00987752,0.193356,-0.981079,1
4893,0,0,0,0,326,92,5311,166,5477,-0.0155761,0.217239,-0.975994,1
4997,0,0,0,0,299,84,5380,206,5586,-0.0262317,0.257438,-0.965939,1
5060,0,0,0,0,343,86,5489,178,5667,-0.0371829,0.293774,-0.955152,1
4989,0,0,0,0,267,77,5333,184,5517,-0.0394035,0.28016,-0.959144,1
5265,0,0,0,0,248,70,5583,209,5792,-0.0301554,0.278175,-0.960057,1
5323,0,0,0,0,237,65,5625,221,5846,-0.0189297,0.24983,-0.968105,1
5467,0,0,0,0,227,66,5760,241,6001,-0.0257234,0.295387,-0.955031,1
5416,0,0,0,0,230,60,5706,258,5964,-0.0287214,0.321029,-0.946634,1
5262,0,0,0,0,190,84,5536,269,5805,-0.0334881,0.312046,-0.949477,1
5950,0,0,0,0,180,55,6185,248,6433,-0.0271859,0.308092,-0.950968,1
4630,0,0,0,0,151,46,4827,231,5058,-0.0101244,0.22345,-0.974663,1
5159,0,0,0,0,161,49,5369,230,5599,-0.0160926,0.243771,-0.969699,1
4955,0,0,0,0,179,54,5188,252,5440,-0.0173413,0.252705,-0.967388,1
4919,0,0,0,0,138,47,5104,278,5382,-0.0141179,0.278186,-0.960423,1
4707,0,0,0,0,138,47,4892,306,5198,0.0217481,0.228035,-0.97341,1
4679,0,0,0,0,145,70,4894,348,5242,0.0339889,0.199161,-0.979377,1
5884,0,0,0,0,151,52,6087,319,6406,0.0259826,0.195174,-0.980424,1
4494,0,0,0,0,192,63,4749,315,5064,0.0318348,0.178372,-0.983448,1
4403,0,0,0,0,235,67,4705,283,4988,0.0388737,0.148565,-0.988138,1
4485,0,0,0,0,235,72,4792,245,5037,0.0356433,0.123433,-0.991713,1
4394,0,0,0,0,269,80,4743,269,5012,0.0408708,0.0925619,-0.994868,1
4449,0,0,0,0,305,91,4845,279,5124,0.0305318,0.0885317,-0.995605,1
4762,0,0,0,0,369,106,5237,382,5619,0.0132508,0.0812701,-0.996604,1
5352,0,0,0,0,558,127,6037,394,6431,0.00558808,0.0931895,-0.995633,1
4662,0,0,0,0,528,139,5329,400,5729,6.11298e-05,0.0946979,-0.995506,1
5063,0,0,0,0,644,204,5911,504,6415,-0.00953864,0.108177,-0.994086,1
5067,0,0,0,0,805,204,6076,540,6616,-0.0075563,0.127752,-0.991777,1
5605,0,0,0,0,1002,250,6857,434,7291,0.00887069,0.128668,-0.991648,1
5876,0,0,0,0,1230,298,7404,429,7833,0.0473467,0.173034,-0.983777,1
6230,0,0,0,0,1424,384,8038,320,8358,0.110858,0.207358,-0.971964,1
6761,0,0,0,0,1803,440,9004,394,9398,0.130043,0.208044,-0.969436,1
6795,0,0,0,0,1195,293,8283,291,8574,0.132337,0.205549,-0.969658,1
5763,0,0,0,0,1518,378,7659,396,8055,0.125817,0.230762,-0.964841,1
7070,0,0,0,0,2498,517,10085,576,10661,0.0878176,0.260893,-0.961365,1
7209,0,0,0,0,2030,547,9786,682,10468,0.0556193,0.279732,-0.958466,1
7609,0,0,0,0,2319,506,10434,757,11191,0.0192162,0.282982,-0.958933,1
7161,0,0,0,0,1975,490,9626,752,10378,-0.0132314,0.275759,-0.961136,1
6979,0,0,0,0,1897,462,9338,836,10174,-0.0379596,0.273128,-0.961229,1
6374,0,0,0,0,1687,383,8444,728,9172,-0.0478328,0.266616,-0.962615,1
6168,0,0,0,0,1394,367,7929,778,8707,-0.0532731,0.261895,-0.963625,1
5677,0,0,0,0,1391,328,7396,821,8217,-0.0605906,0.264728,-0.962418,1
6461,0,0,0,0,1073,263,7797,881,8678,-0.0525647,0.265822,-0.962588,1
6127,0,0,0,0,1044,306,7477,775,8252,-0.0569675,0.26943,-0.961334,1
5883,0,0,0,0,931,233,7047,667,7714,-0.0512553,0.286735,-0.956638,1
5912,0,0,0,0,907,221,7040,592,7632,-0.0582446,0.312567,-0.948108,1
5434,0,0,0,0,779,186,6399,456,6855,-0.0655909,0.318011,-0.945816,1
5562,0,0,0,0,713,175,6450,403,6853,-0.0631012,0.321708,-0.944734,1
4838,0,0,0,0,1032,253,6123,453,6576,-0.0586108,0.282382,-0.95751,1
5230,0,0,0,0,744,181,6155,435,6590,-0.0566426,0.292863,-0.954475,1
5566,0,0,0,0,652,157,6375,356,6731,-0.0501612,0.254977,-0.965645,1
5007,0,0,0,0,617,161,5785,374,6159,-0.0469787,0.228754,-0.97235,1
4526,0,0,0,0,582,143,5251,343,5594,-0.0426203,0.216522,-0.975347,1
4738,0,0,0,0,560,149,5447,331,5778,-0.0423951,0.187231,-0.981401,1
5173,0,0,0,0,664,194,6031,367,6398,-0.0481991,0.224418,-0.9733,1
4528,0,0,0,0,513,138,5179,335,5514,-0.0493296,0.206869,-0.977124,1
4442,0,0,0,0,522,141,5105,297,5402,-0.0493758,0.202821,-0.97797,1
4656,0,0,0,0,523,135,5314,347,5661,-0.0478537,0.276736,-0.959754,1
4298,0,0,0,0,435,135,4868,256,5124,-0.0487405,0.223222,-0.973548,1
4459,0,0,0,0,482,129,5070,284,5354,-0.0487366,0.212534,-0.975937,1
4310,0,0,0,0,375,104,4789,277,5066,-0.0534241,0.238723,-0.969617,1
4249,0,0,0,0,497,141,4887,248,5135,-0.0583283,0.228536,-0.971787,1
5206,0,0,0,0,398,109,5713,266,5979,-0.0533422,0.223484,-0.973247,1
4144,0,0,0,0,377,104,4625,259,4884,-0.0714865,0.241597,-0.96774,1
4209,0,0,0,0,542,144,4895,270,5165,-0.0645109,0.224663,-0.972299,1
4192,0,0,0,0,393,110,4695,204,4899,-0.0581166,0.241203,-0.968733,1
4616,0,0,0,0,409,116,5141,219,5360,-0.0714463,0.271019,-0.959919,1
4350,0,0,0,0,416,117,4883,203,5086,-0.0767541,0.26286,-0.961776,1
4400,0,0,0,0,437,120,4957,205,5162,-0.0733237,0.270123,-0.96003,1
5246,0,0,0,0,465,200,5911,203,6114,-0.0783728,0.284335,-0.955516,1
4576,0,0,0,0,486,135,5197,197,5394,-0.0733783,0.294291,-0.952895,1
4474,0,0,0,0,569,141,5184,171,5355,-0.076182,0.289038,-0.954282,1
4571,0,0,0,0,578,148,5297,174,5471,-0.0718296,0.302079,-0.950573,1
4850,0,0,0,0,632,160,5642,157,5799,-0.0638595,0.323296,-0.944141,1
4672,0,0,0,0,608,165,5445,134,5579,-0.0553681,0.358488,-0.931891,1
4712,0,0,0,0,643,173,5528,158,5686,-0.0589062,0.360926,-0.930732,1
5589,0,0,0,0,688,187,6464,115,6579,-0.0515588,0.245093,-0.968128,1
5002,0,0,0,0,779,201,5982,174,6156,-0.0749255,0.309981,-0.947786,1
5082,0,0,0,0,823,213,6118,179,6297,-0.0737832,0.310916,-0.947569,1
5735,0,0,0,0,1117,362,7214,241,7455,-0.0636561,0.319765,-0.945356,1
5427,0,0,0,0,1080,269,6776,134,6910,-0.0453966,0.29765,-0.953595,1
5620,0,0,0,0,1230,305,7155,125,7280,-0.0406508,0.387087,-0.921147,1
5369,0,0,0,0,1214,344,6927,212,7139,-0.03189,0.447937,-0.893496,1
5552,0,0,0,0,1301,322,7175,157,7332,0.0329028,0.457964,-0.888362,1
5383,0,0,0,0,1304,329,7016,165,7181,0.0749296,0.436655,-0.896503,1
5629,0,0,0,0,1370,365,7364,176,7540,0.0236526,0.324295,-0.94566,1
5759,0,0,0,0,1545,342,7646,148,7794,-0.0829541,0.314626,-0.945584,1
6715,0,0,0,0,1385,339,8439,142,8581,-0.0909627,0.288818,-0.953053,1
5666,0,0,0,0,1214,316,7196,144,7340,-0.0833667,0.32159,-0.943202,1
5344,0,0,0,0,945,242,6531,137,6668,-0.0729081,0.195287,-0.978033,1
5163,0,0,0,0,981,214,6358,185,6543,-0.0355412,0.258378,-0.96539,1
5045,0,0,0,0,718,183,5946,138,6084,-0.0230587,0.29547,-0.955074,1
5230,0,0,0,0,587,159,5976,115,6091,-0.00286308,0.240645,-0.970609,1
5169,0,0,0,0,506,134,5809,-1000,-1000,-1,-1,-1,1
5173,0,0,0,0,474,116,5763,167,5930,-0.000170314,0.32613,-0.945325,1
4939,0,0,0,0,440,106,5485,122,5607,-0.00265163,0.473181,-0.880961,1
5173,0,0,0,0,379,105,5657,120,5777,0.00509388,0.0570259,-0.99836,1
4883,0,0,0,0,346,97,5326,180,5506,-0.0249729,0.281,-0.959383,1
5267,0,0,0,0,582,157,6006,226,6232,-0.0291226,0.235813,-0.971362,1
4945,0,0,0,0,374,103,5422,213,5635,-0.0274515,0.273633,-0.961442,1
6325,0,0,0,0,424,114,6863,216,7079,-0.0248937,0.299089,-0.9539,1
5647,0,0,0,0,402,101,6150,237,6387,-0.0191155,0.264845,-0.964102,1
5444,0,0,0,0,314,90,5848,297,6145,-0.0190829,0.281838,-0.959272,1
5226,0,0,0,0,288,80,5594,263,5857,-0.0279798,0.333715,-0.942259,1
5245,0,0,0,0,282,76,5603,279,5882,-0.0361673,0.317851,-0.94745,1
5449,0,0,0,0,254,73,5776,296,6072,-0.031074,0.323755,-0.94563,1
5203,0,0,0,0,233,68,5504,281,5785,-0.023297,0.33457,-0.942083,1
4981,0,0,0,0,215,63,5259,275,5534,-0.0144994,0.263725,-0.964489,1
4852,0,0,0,0,200,60,5112,288,5400,-0.00217036,0.212689,-0.977117,1
5049,0,0,0,0,219,101,5369,299,5668,-0.00447435,0.256672,-0.966488,1
4686,0,0,0,0,179,56,4921,301,5222,-0.0078524,0.225874,-0.974125,1
5244,0,0,0,0,159,53,5456,335,5791,-0.00906315,0.168608,-0.985642,1
4479,0,0,0,0,180,50,4709,313,5022,-0.0182426,0.165723,-0.986004,1
4546,0,0,0,0,134,46,4726,279,5005,-0.0163434,0.148895,-0.988718,1
4886,0,0,0,0,198,67,5151,389,5540,-0.0296199,0.140053,-0.989701,1
4667,0,0,0,0,123,45,4835,293,5128,-0.0279175,0.157448,-0.987133,1
5383,0,0,0,0,138,48,5569,271,5840,-0.0231458,0.149047,-0.988559,1
4386,0,0,0,0,173,53,4612,268,4880,-0.0113717,0.0700283,-0.99748,1
4464,0,0,0,0,221,66,4751,333,5084,-0.0179564,0.0598679,-0.998045,1
4560,0,0,0,0,269,85,4914,317,5231,-0.026463,0.0895267,-0.995633,1
4483,0,0,0,0,328,91,4902,320,5222,-0.0232356,0.075865,-0.996847,1
4878,0,0,0,0,452,115,5445,340,5785,-0.0215926,0.0908893,-0.995627,1
4693,0,0,0,0,517,137,5347,382,5729,-0.0246368,0.109086,-0.993727,1
5529,0,0,0,0,622,162,6313,397,6710,-0.0223231,0.0983729,-0.994899,1
4871,0,0,0,0,692,177,5740,420,6160,-0.0199686,0.0829111,-0.996357,1
6058,0,0,0,0,737,195,6990,481,7471,-0.0208787,0.068851,-0.997408,1
6153,0,0,0,0,796,209,7158,465,7623,-0.0259373,0.0570515,-0.998034,1
5063,0,0,0,0,796,217,6076,459,6535,-0.0306012,0.0664576,-0.99732,1
5248,0,0,0,0,838,213,6299,475,6774,-0.0339997,0.0711438,-0.996886,1
5230,0,0,0,0,860,219,6309,523,6832,-0.0331303,0.0783099,-0.996378,1
5881,0,0,0,0,878,226,6985,490,7475,-0.0458683,0.0962212,-0.994303,1
5403,0,0,0,0,1253,359,7015,577,7592,-0.0637257,0.131105,-0.989318,1
5420,0,0,0,0,995,251,6666,607,7273,-0.07267,0.143425,-0.98699,1
5776,0,0,0,0,1081,273,7130,695,7825,-0.0814279,0.157489,-0.984158,1
5801,0,0,0,0,1224,310,7335,602,7937,-0.0845955,0.16165,-0.983216,1
6141,0,0,0,0,1497,378,8016,564,8580,-0.0912752,0.177105,-0.97995,1
6571,0,0,0,0,1649,385,8605,470,9075,-0.0944301,0.180946,-0.978949,1
6708,0,0,0,0,1656,408,8772,438,9210,-0.108294,0.182883,-0.977152,1
7086,0,0,0,0,1884,452,9422,375,9797,-0.145049,0.190649,-0.970883,1
7081,0,0,0,0,1742,435,9258,479,9737,-0.183768,0.189856,-0.96446,1
7171,0,0,0,0,2058,517,9746,527,10273,-0.18826,0.236128,-0.953311,1
8028,0,0,0,0,2054,541,10623,598,11221,-0.171305,0.271201,-0.947156,1
7396,0,0,0,0,1936,493,9825,681,10506,-0.151145,0.315714,-0.936739,1
7735,0,0,0,0,1908,464,10107,718,10825,-0.128771,0.35062,-0.927622,1
7201,0,0,0,0,1802,435,9438,786,10224,-0.117641,0.378992,-0.917892,1
7056,0,0,0,0,1676,406,9138,787,9925,-0.11269,0.402543,-0.908438,1
6995,0,0,0,0,1578,384,8957,760,9717,-0.104695,0.387145,-0.916056,1
6757,0,0,0,0,1604,363,8724,792,9516,-0.0899483,0.352402,-0.931516,1
6696,0,0,0,0,1472,372,8540,962,9502,-0.0786633,0.304418,-0.949285,1
6695,0,0,0,0,1439,372,8506,1023,9529,-0.0629074,0.256203,-0.964574,1
6663,0,0,0,0,1400,350,8413,940,9353,-0.0591755,0.232094,-0.970892,1
6721,0,0,0,0,1454,343,8518,845,9363,-0.058676,0.220992,-0.973509,1
6571,0,0,0,0,1409,227,8207,520,8727,-0.0538014,0.214989,-0.975133,1
5866,0,0,0,0,1223,298,7387,769,8156,-0.0481715,0.212081,-0.976064,1
6820,0,0,0,0,1596,344,8760,724,9484,-0.0440629,0.215782,-0.975447,1
6936,0,0,0,0,2105,346,9387,763,10150,-0.0381729,0.222503,-0.974184,1
6799,0,0,0,0,1517,354,8670,725,9395,-0.0374845,0.223943,-0.973881,1
6775,0,0,0,0,1434,356,8565,717,9282,-0.0405273,0.220542,-0.974535,1
6708,0,0,0,0,1438,362,8508,735,9243,-0.0446522,0.217474,-0.975044,1
5923,0,0,0,0,1383,311,7617,616,8233,-0.0456864,0.217964,-0.974887,1
6069,0,0,0,0,1270,307,7646,660,8306,-0.044341,0.222173,-0.973999,1
6856,0,0,0,0,1617,363,8836,705,9541,-0.0447274,0.225543,-0.973206,1
5866,0,0,0,0,1292,307,7465,651,8116,-0.0433901,0.230258,-0.972162,1
6235,0,0,0,0,1426,305,7966,692,8658,-0.0439434,0.230822,-0.972003,1
6118,0,0,0,0,1333,309,7760,692,8452,-0.0423649,0.229701,-0.972339,1
6059,0,0,0,0,1242,231,7532,487,8019,-0.0405696,0.228707,-0.97265,1
5380,0,0,0,0,1264,319,6963,663,7626,-0.0380118,0.229137,-0.972652,1
6089,0,0,0,0,1255,306,7650,660,8310,-0.040771,0.227772,-0.972861,1
6146,0,0,0,0,1329,348,7823,659,8482,-0.039942,0.229574,-0.972471,1
7952,0,0,0,0,1381,310,9643,684,10327,-0.039117,0.229554,-0.97251,1
6126,0,0,0,0,1296,306,7728,662,8390,-0.0410054,0.228125,-0.972768,1
6030,0,0,0,0,1345,312,7687,662,8349,-0.0373923,0.228773,-0.972761,1
5878,0,0,0,0,1304,309,7491,644,8135,-0.0384298,0.224928,-0.973617,1
6715,0,0,0,0,1450,353,8518,717,9235,-0.0355722,0.227936,-0.973026,1
5844,0,0,0,0,1281,306,7431,675,8106,-0.0363215,0.227937,-0.972998,1
6323,0,0,0,0,1361,325,8009,712,8721,-0.0390709,0.227932,-0.972893,1
6744,0,0,0,0,1443,345,8532,650,9182,-0.0376156,0.226897,-0.973192,1
5819,0,0,0,0,1270,306,7395,632,8027,-0.037688,0.225434,-0.973529,1
6146,0,0,0,0,1282,330,7758,638,8396,-0.0368543,0.224748,-0.97372,1
5836,0,0,0,0,1255,314,7405,619,8024,-0.0394819,0.223194,-0.973974,1
6428,0,0,0,0,1413,313,8154,615,8769,-0.0406985,0.226129,-0.973247,1
6275,0,0,0,0,1356,342,7973,646,8619,-0.0393126,0.227152,-0.973066,1
6267,0,0,0,0,1279,321,7867,639,8506,-0.0384981,0.227554,-0.973004,1
6067,0,0,0,0,1296,327,7690,655,8345,-0.0379197,0.227729,-0.972986,1
5816,0,0,0,0,1358,307,7481,639,8120,-0.0339796,0.22844,-0.972965,1
6244,0,0,0,0,1295,311,7850,657,8507,-0.0336787,0.22624,-0.973489,1
6029,0,0,0,0,1498,411,7938,733,8671,-0.0333122,0.226832,-0.973364,1
5978,0,0,0,0,1300,312,7590,640,8230,-0.0364489,0.225448,-0.973573,1
6369,0,0,0,0,1377,348,8094,647,8741,-0.0393406,0.226863,-0.973132,1
6488,0,0,0,0,1250,305,8043,625,8668,-0.0401934,0.228214,-0.972781,1
6494,0,0,0,0,1259,311,8064,647,8711,-0.0400272,0.226838,-0.97311,1
7876,0,0,0,0,1530,348,9754,784,10538,-0.0375638,0.228663,-0.972781,1
6650,0,0,0,0,1427,346,8423,740,9163,-0.0389721,0.226229,-0.973294,1
6148,0,0,0,0,1321,335,7804,626,8430,-0.0411654,0.225086,-0.973469,1
6861,0,0,0,0,1441,334,8636,706,9342,-0.0436737,0.225845,-0.973184,1
7239,0,0,0,0,1417,339,8995,677,9672,-0.0432344,0.226518,-0.973047,1
6803,0,0,0,0,1470,392,8665,796,9461,-0.0438101,0.225681,-0.973216,1
6562,0,0,0,0,1433,343,8338,725,9063,-0.0411106,0.22796,-0.972802,1
6091,0,0,0,0,1302,314,7707,647,8354,-0.0408341,0.227036,-0.97303,1
5840,0,0,0,0,1255,351,7446,652,8098,-0.0409066,0.227351,-0.972953,1
5956,0,0,0,0,1331,311,7598,634,8232,-0.0423972,0.228379,-0.972649,1
6349,0,0,0,0,1336,311,7996,677,8673,-0.042204,0.228575,-0.972611,1
6075,0,0,0,0,1383,313,7771,632,8403,-0.0429441,0.227878,-0.972742,1
7723,0,0,0,0,1427,370,9520,767,10287,-0.0438775,0.224899,-0.973394,1
6327,0,0,0,0,1277,307,7911,628,8539,-0.0455396,0.22576,-0.973118,2
4024,0,0,0,0,874,209,5107,437,5544,-0.0457116,0.225634,-0.973139,2
6236,0,0,0,0,1348,311,7895,654,8549,-0.0463629,0.227003,-0.97279,2
7274,0,0,0,0,1425,351,9050,761,9811,-0.0445956,0.227981,-0.972644,2
6585,0,0,0,0,1448,348,8381,714,9095,-0.0418825,0.227437,-0.972892,2
6630,0,0,0,0,1450,306,8386,643,9029,-0.0389123,0.228834,-0.972687,2
6003,0,0,0,0,1311,330,7644,668,8312,-0.0381531,0.227867,-0.972944,2
6757,0,0,0,0,1593,355,8705,715,9420,-0.0369676,0.228942,-0.972738,2
7558,0,0,0,0,1914,354,9826,717,10543,-0.0391719,0.228875,-0.972667,2
6945,0,0,0,0,1494,409,8848,711,9559,-0.0370031,0.228546,-0.97283,2
5043,0,0,0,0,946,259,6248,422,6670,-0.0358607,0.230235,-0.972474,2
4092,0,0,0,0,879,213,5184,447,5631,-0.0338376,0.229013,-0.972835,2
6941,0,0,0,0,1537,412,8890,717,9607,-0.034086,0.229686,-0.972668,2
6825,0,0,0,0,1606,413,8844,715,9559,-0.0358805,0.228935,-0.97278,2
6675,0,0,0,0,1430,345,8450,732,9182,-0.0363886,0.229319,-0.972671,2
6049,0,0,0,0,1288,308,7645,643,8288,-0.0367333,0.229905,-0.97252,2
5881,0,0,0,0,1267,309,7457,662,8119,-0.0346067,0.231238,-0.972281,2
5910,0,0,0,0,1302,307,7519,674,8193,-0.0338517,0.230901,-0.972388,2
5901,0,0,0,0,1306,309,7516,636,8152,-0.0341372,0.230281,-0.972525,2
6595,0,0,0,0,1328,309,8232,642,8874,-0.0334714,0.23131,-0.972304,2
6735,0,0,0,0,1618,354,8707,698,9405,-0.0321193,0.232606,-0.972041,2
6065,0,0,0,0,1340,408,7813,888,8701,-0.034275,0.230675,-0.972427,2
5947,0,0,0,0,1352,341,7640,638,8278,-0.0337062,0.230037,-0.972598,2
6059,0,0,0,0,1283,315,7657,643,8300,-0.0350916,0.230049,-0.972546,2
5912,0,0,0,0,1351,312,7575,645,8220,-0.0370043,0.231188,-0.972205,2
5850,0,0,0,0,1296,309,7455,782,8237,-0.0397384,0.230587,-0.97224,2
6087,0,0,0,0,1355,310,7752,675,8427,-0.0405755,0.229971,-0.972351,2
6047,0,0,0,0,1253,329,7629,700,8329,-0.0413851,0.230107,-0.972285,2
5926,0,0,0,0,1423,311,7660,653,8313,-0.0407695,0.230349,-0.972254,2
4654,0,0,0,0,875,214,5743,466,6209,-0.0403516,0.230189,-0.972309,2
6044,0,0,0,0,1302,310,7656,700,8356,-0.039836,0.232858,-0.971695,2
6204,0,0,0,0,1410,310,7924,701,8625,-0.0404351,0.232237,-0.971818,2
6918,0,0,0,0,1288,351,8557,714,9271,-0.0383231,0.233465,-0.97161,2
5958,0,0,0,0,1294,307,7559,711,8270,-0.0371621,0.230813,-0.972288,2
6858,0,0,0,0,1304,310,8472,661,9133,-0.0392609,0.228032,-0.972862,2
6027,0,0,0,0,1282,336,7645,657,8302,-0.0382006,0.227367,-0.97306,2
6343,0,0,0,0,1266,309,7918,677,8595,-0.0405835,0.227421,-0.97295,2
6293,0,0,0,0,1309,312,7914,679,8593,-0.0407517,0.231304,-0.972028,2
5765,0,0,0,0,1269,301,7335,692,8027,-0.0385771,0.232275,-0.971885,2
6895,0,0,0,0,1434,334,8663,684,9347,-0.0424603,0.227676,-0.972811,2
6039,0,0,0,0,1313,311,7663,708,8371,-0.0447031,0.226294,-0.973033,2
6023,0,0,0,0,1259,307,7589,693,8282,-0.0545272,0.226063,-0.972585,2
6101,0,0,0,0,1268,301,7670,663,8333,-0.059876,0.23545,-0.97004,2
6328,0,0,0,0,1394,302,8024,715,8739,-0.0617668,0.241192,-0.96851,2
5762,0,0,0,0,1204,301,7267,768,8035,-0.0631113,0.248316,-0.966621,2
5816,0,0,0,0,1179,283,7278,761,8039,-0.0638177,0.252973,-0.965366,2
5743,0,0,0,0,1156,301,7200,790,7990,-0.0684336,0.254726,-0.964589,2
5612,0,0,0,0,1115,285,7012,822,7834,-0.0698312,0.248965,-0.965992,2
6441,0,0,0,0,1103,284,7828,858,8686,-0.0674527,0.247271,-0.966596,2
5815,0,0,0,0,1130,253,7198,803,8001,-0.0669308,0.256726,-0.964164,2
5863,0,0,0,0,1062,246,7171,810,7981,-0.0624602,0.268251,-0.961322,2
6516,0,0,0,0,991,237,7744,759,8503,-0.0580827,0.278455,-0.958691,2
5538,0,0,0,0,955,238,6731,724,7455,-0.0502624,0.289779,-0.955773,2
6181,0,0,0,0,923,225,7329,711,8040,-0.0478385,0.299153,-0.953005,2
5481,0,0,0,0,1021,225,6727,669,7396,-0.0507843,0.295595,-0.953963,2
6068,0,0,0,0,979,216,7263,625,7888,-0.0517979,0.29089,-0.955353,2
6519,0,0,0,0,1012,239,7770,773,8543,-0.0488002,0.296837,-0.953681,2
6035,0,0,0,0,915,251,7201,688,7889,-0.0498394,0.301282,-0.952232,2
6039,0,0,0,0,947,220,7206,622,7828,-0.0514094,0.305193,-0.950902,2
6204,0,0,0,0,959,252,7415,646,8061,-0.0585396,0.318992,-0.945948,2
5289,0,0,0,0,750,184,6223,529,6752,-0.0693467,0.320793,-0.944607,2
5973,0,0,0,0,739,181,6893,576,7469,-0.0936552,0.320983,-0.942443,2
5822,0,0,0,0,820,197,6839,566,7405,-0.108786,0.32197,-0.940479,2
5396,0,0,0,0,700,171,6267,492,6759,-0.112597,0.31665,-0.941836,2
4934,0,0,0,0,638,159,5731,445,6176,-0.114057,0.325587,-0.938608,2
5342,0,0,0,0,879,201,6422,512,6934,-0.115405,0.364548,-0.924006,2
5247,0,0,0,0,683,165,6095,470,6565,-0.109543,0.376179,-0.920049,2
5142,0,0,0,0,610,175,5927,434,6361,-0.107051,0.353811,-0.929171,2
4991,0,0,0,0,583,149,5723,427,6150,-0.112669,0.370176,-0.922104,2
4453,0,0,0,0,494,128,5075,387,5462,-0.0947284,0.448923,-0.888535,2
4116,0,0,0,0,467,121,4704,359,5063,-0.0775047,0.458695,-0.885207,2
4627,0,0,0,0,519,133,5279,401,5680,-0.0640287,0.465621,-0.882665,2
4435,0,0,0,0,534,181,5150,385,5535,-0.0602774,0.475707,-0.877536,2
4390,0,0,0,0,472,128,4990,342,5332,-0.0641347,0.44241,-0.894517,2
4394,0,0,0,0,468,126,4988,373,5361,-0.0669415,0.4078,-0.910614,2
4274,0,0,0,0,464,124,4862,352,5214,-0.0780888,0.375558,-0.923503,2
4326,0,0,0,0,451,144,4921,329,5250,-0.0858757,0.384764,-0.919012,2
4207,0,0,0,0,446,121,4774,303,5077,-0.0902526,0.361636,-0.927941,2
4277,0,0,0,0,442,119,4838,282,5120,-0.0918698,0.355722,-0.930066,2
4727,0,0,0,0,581,114,5422,254,5676,-0.0829705,0.335462,-0.938393,2
4509,0,0,0,0,458,169,5136,277,5413,-0.073378,0.299457,-0.951284,2
4987,0,0,0,0,659,134,5780,285,6065,-0.0661349,0.307609,-0.949212,2
4354,0,0,0,0,494,133,4981,294,5275,-0.0647117,0.345773,-0.936084,2
4448,0,0,0,0,552,141,5141,313,5454,-0.0643624,0.380448,-0.92256,2
4393,0,0,0,0,579,152,5124,232,5356,-0.0633374,0.38642,-0.920146,2
4870,0,0,0,0,656,157,5683,233,5916,-0.0541183,0.399082,-0.915317,2
4337,0,0,0,0,542,151,5030,203,5233,-0.043104,0.41118,-0.910534,2
4628,0,0,0,0,560,160,5348,180,5528,-0.045052,0.403821,-0.913728,2
4634,0,0,0,0,592,157,5383,162,5545,-0.044815,0.396689,-0.916859,2
4638,0,0,0,0,648,170,5456,159,5615,-0.0485734,0.409705,-0.910924,2
4895,0,0,0,0,722,189,5806,149,5955,-0.0533854,0.368489,-0.928098,2
4925,0,0,0,0,822,247,5994,126,6120,-0.0481781,0.386327,-0.921103,2
4885,0,0,0,0,897,229,6011,127,6138,-0.0257805,0.393709,-0.918874,2
5242,0,0,0,0,1066,295,6603,-1000,-1000,-1,-1,-1,2
5220,0,0,0,0,1187,284,6691,145,6836,-0.044847,0.377133,-0.925072,2
5488,0,0,0,0,1133,288,6909,115,7024,-0.058571,0.413792,-0.908485,2
5473,0,0,0,0,1259,306,7038,155,7193,-0.0421778,0.352107,-0.935009,2
5300,0,0,0,0,1233,310,6843,318,7161,-0.0378269,0.366044,-0.929828,2
5689,0,0,0,0,1255,314,7258,130,7388,-0.0425966,0.363637,-0.930566,2
5535,0,0,0,0,1258,314,7107,124,7231,-0.0186574,0.345585,-0.938202,2
5671,0,0,0,0,1310,326,7307,161,7468,-0.0329315,0.318514,-0.947346,2
5810,0,0,0,0,1411,343,7564,127,7691,-0.12108,0.304103,-0.944913,2
5954,0,0,0,0,1361,339,7654,185,7839,-0.0477314,0.334635,-0.941138,2
5801,0,0,0,0,1266,313,7380,190,7570,-0.0260799,0.327383,-0.944532,2
5337,0,0,0,0,1220,293,6850,154,7004,-0.043745,0.31701,-0.947413,2
5407,0,0,0,0,948,247,6602,130,6732,-0.0248004,0.328711,-0.944105,2
4687,0,0,0,0,821,211,5719,143,5862,-0.00977554,0.289026,-0.957271,2
4788,0,0,0,0,712,249,5749,160,5909,-0.0611558,0.290093,-0.955042,2
4342,0,0,0,0,601,158,5101,149,5250,-0.068506,0.34768,-0.935107,2
5895,0,0,0,0,681,140,6716,204,6920,-0.0873933,0.384917,-0.918804,2
5214,0,0,0,0,507,115,5836,153,5989,-0.0789723,0.374456,-0.923876,2
4582,0,0,0,0,303,87,4972,167,5139,-0.075532,0.375103,-0.923901,2
4588,0,0,0,0,245,72,4905,178,5083,-0.0530273,0.345527,-0.936909,2
4751,0,0,0,0,209,65,5025,162,5187,-0.0321141,0.33331,-0.94227,2
4855,0,0,0,0,189,61,5105,202,5307,-0.00597745,0.338777,-0.940848,2
4382,0,0,0,0,158,49,4589,165,4754,0.0259292,0.39579,-0.917975,2
4723,0,0,0,0,150,56,4929,144,5073,0.0310635,0.476789,-0.878469,2
4658,0,0,0,0,176,47,4881,145,5026,0.0570902,0.346333,-0.936373,2
4932,0,0,0,0,147,45,5124,117,5241,0.0691261,0.435569,-0.897497,2
5434,0,0,0,0,169,47,5650,115,5765,0.0795633,0.48992,-0.868129,2
4552,0,0,0,0,133,42,4727,122,4849,0.0796213,0.564461,-0.821611,2
5095,0,0,0,0,128,42,5265,160,5425,0.075623,0.534338,-0.841881,2
4807,0,0,0,0,130,42,4979,173,5152,0.0611416,0.402227,-0.913496,2
4221,0,0,0,0,132,41,4394,230,4624,0.0399137,0.371154,-0.927713,2
4952,0,0,0,0,135,44,5131,233,5364,0.0230976,0.30241,-0.952898,2
4774,0,0,0,0,152,49,4975,342,5317,0.0213383,0.326802,-0.944852,2
4444,0,0,0,0,116,39,4599,262,4861,0.0261235,0.340194,-0.939992,2
4426,0,0,0,0,111,40,4577,263,4840,0.0327851,0.299204,-0.953626,2
4043,0,0,0,0,109,37,4189,258,4447,0.0199912,0.249117,-0.968267,2
3995,0,0,0,0,119,38,4152,263,4415,0.0309566,0.169344,-0.985071,2
4035,0,0,0,0,147,46,4228,279,4507,0.00923113,0.126641,-0.991906,2
4030,0,0,0,0,194,54,4278,301,4579,-0.00322577,0.130028,-0.991505,2
4208,0,0,0,0,268,69,4545,342,4887,-0.0241535,0.168071,-0.985479,2
4318,0,0,0,0,320,80,4718,319,5037,-0.025222,0.212914,-0.976745,2
4402,0,0,0,0,382,97,4881,348,5229,-0.0187283,0.262449,-0.964764,2
4371,0,0,0,0,431,113,4915,386,5301,-0.00437819,0.294714,-0.955576,2
4597,0,0,0,0,543,139,5279,377,5656,0.0041701,0.331885,-0.943311,2
4778,0,0,0,0,711,177,5666,338,6004,-0.0031417,0.355446,-0.934691,2
5223,0,0,0,0,950,258,6431,273,6704,0.00208368,0.317955,-0.948104,2
5811,0,0,0,0,1194,289,7294,412,7706,-0.00436164,0.322331,-0.946617,2
6035,0,0,0,0,1352,325,7712,292,8004,-0.00183517,0.261658,-0.965159,2
6485,0,0,0,0,1534,396,8415,495,8910,-0.028444,0.286764,-0.957579,2
6665,0,0,0,0,1992,426,9083,217,9300,-0.0084155,0.293099,-0.956045,2
6820,0,0,0,0,1707,419,8946,321,9267,-0.00164684,0.353915,-0.935276,2
7133,0,0,0,0,1777,437,9347,550,9897,-0.0443985,0.377422,-0.924976,2
6703,0,0,0,0,1775,427,8905,651,9556,-0.0466581,0.352228,-0.93475,2
6488,0,0,0,0,1723,416,8627,759,9386,-0.0319636,0.351154,-0.935772,2
6326,0,0,0,0,1588,390,8304,756,9060,-0.026857,0.351625,-0.935756,2
6061,0,0,0,0,1553,362,7976,785,8761,-0.0353704,0.356568,-0.9336,2
5864,0,0,0,0,1536,330,7730,837,8567,-0.0494054,0.35376,-0.93403,2
5692,0,0,0,0,1179,281,7152,900,8052,-0.0643851,0.372242,-0.9259,2
5620,0,0,0,0,967,237,6824,986,7810,-0.0691699,0.362437,-0.929438,2
5276,0,0,0,0,775,187,6238,980,7218,-0.0928404,0.384492,-0.918448,2
5088,0,0,0,0,656,155,5899,701,6600,-0.11592,0.44283,-0.889081,2
5090,0,0,0,0,624,215,5929,791,6720,-0.119565,0.470904,-0.874044,2
5182,0,0,0,0,522,130,5834,532,6366,-0.110313,0.475571,-0.872733,2
5049,0,0,0,0,503,127,5679,513,6192,-0.116922,0.51439,-0.849548,2
5039,0,0,0,0,579,129,5747,448,6195,-0.118079,0.508236,-0.853085,2
4880,0,0,0,0,472,123,5475,430,5905,-0.110653,0.472188,-0.874525,2
4795,0,0,0,0,460,117,5372,427,5799,-0.105121,0.449271,-0.887189,2
5229,0,0,0,0,456,118,5803,491,6294,-0.121792,0.492351,-0.861833,2
4888,0,0,0,0,484,126,5498,424,5922,-0.114422,0.475828,-0.872064,2
4399,0,0,0,0,399,104,4902,346,5248,-0.107828,0.497611,-0.860672,2
4455,0,0,0,0,410,95,4960,277,5237,-0.0253268,0.377919,-0.925492,2
4696,0,0,0,0,334,92,5122,324,5446,-0.0122682,0.310977,-0.950338,2
4844,0,0,0,0,305,86,5235,330,5565,-0.0246976,0.28731,-0.957519,2
4205,0,0,0,0,356,88,4649,309,4958,-0.035894,0.308975,-0.950393,2
4197,0,0,0,0,360,96,4653,305,4958,-0.0278958,0.310733,-0.950088,2
3966,0,0,0,0,357,93,4416,242,4658,-0.0632119,0.372102,-0.926037,2
4447,0,0,0,0,348,93,4888,218,5106,-0.0654843,0.349941,-0.93448,2
4319,0,0,0,0,365,102,4786,251,5037,-0.0704666,0.377121,-0.92348,2
3842,0,0,0,0,333,91,4266,180,4446,-0.0751542,0.404465,-0.91146,2
4469,0,0,0,0,415,135,5019,233,5252,-0.0777972,0.424782,-0.901947,2
4361,0,0,0,0,440,121,4922,173,5095,-0.0867654,0.45205,-0.887763,2
4616,0,0,0,0,552,137,5305,182,5487,-0.094218,0.433672,-0.896131,2
3989,0,0,0,0,528,134,4651,175,4826,-0.100511,0.447999,-0.888366,2
4659,0,0,0,0,631,164,5454,175,5629,-0.101167,0.442823,-0.890883,2
4720,0,0,0,0,688,213,5621,148,5769,-0.0996619,0.463188,-0.880638,2
4792,0,0,0,0,762,198,5752,136,5888,-0.0959925,0.449664,-0.888025,2
5038,0,0,0,0,828,251,6117,124,6241,-0.0846166,0.548382,-0.831936,2
4495,0,0,0,0,821,212,5528,129,5657,-0.0777911,0.418935,-0.904678,2
5179,0,0,0,0,993,261,6433,197,6630,-0.0590156,0.485693,-0.872135,2
5277,0,0,0,0,1046,264,6587,203,6790,-0.0608666,0.46311,-0.884209,2
5417,0,0,0,0,1077,271,6765,118,6883,-0.0699756,0.449235,-0.890669,2
5543,0,0,0,0,1121,274,6938,123,7061,-0.0892843,0.443339,-0.891896,2
5713,0,0,0,0,1170,293,7176,117,7293,-0.0489049,0.41229,-0.909739,2
5847,0,0,0,0,1214,301,7362,448,7810,-0.0558814,0.399952,-0.914831,2
5198,0,0,0,0,1104,278,6580,327,6907,-0.069047,0.417452,-0.906072,2
5921,0,0,0,0,1301,316,7538,121,7659,-0.112638,0.400929,-0.909158,2
5256,0,0,0,0,1047,264,6567,133,6700,-0.0819737,0.425609,-0.901187,2
3372,0,0,0,0,628,160,4160,103,4263,-0.0525168,0.401245,-0.914464,2
5170,0,0,0,0,906,227,6303,124,6427,-0.0521535,0.414904,-0.908369,2
4712,0,0,0,0,711,205,5628,126,5754,-0.0706448,0.412019,-0.908432,2
4547,0,0,0,0,650,169,5366,185,5551,-0.00449567,0.379495,-0.925183,2
3865,0,0,0,0,465,123,4453,111,4564,-0.0574392,0.422081,-0.904736,2
4298,0,0,0,0,463,123,4884,119,5003,0.0242567,0.317635,-0.947903,2
5429,0,0,0,0,426,101,5956,140,6096,-0.105192,0.427955,-0.897658,2
4327,0,0,0,0,269,86,4682,138,4820,-0.0510862,0.43827,-0.89739,2
4776,0,0,0,0,250,69,5095,134,5229,-0.015999,0.378145,-0.925608,2
4070,0,0,0,0,179,54,4303,110,4413,-0.0572891,0.530542,-0.84572,2
4672,0,0,0,0,187,56,4915,133,5048,-0.0856779,0.594205,-0.799737,2
4673,0,0,0,0,175,54,4902,141,5043,-0.054258,0.503249,-0.862437,2
4666,0,0,0,0,161,49,4876,165,5041,-0.0261883,0.461926,-0.886532,2
5122,0,0,0,0,170,79,5371,131,5502,-0.0144835,0.454425,-0.890667,2
4952,0,0,0,0,158,53,5163,144,5307,-0.0202507,0.475136,-0.87968,2
4437,0,0,0,0,145,45,4627,118,4745,-0.0021067,0.431698,-0.902016,2
4415,0,0,0,0,147,47,4609,129,4738,0.00502375,0.415285,-0.909677,2
5728,0,0,0,0,175,55,5958,169,6127,0.021274,0.424218,-0.90531,2
5312,0,0,0,0,182,55,5549,198,5747,0.0257494,0.450978,-0.892163,2
5367,0,0,0,0,103,34,5504,109,5613,0.0309891,0.452963,-0.890991,2
3456,0,0,0,0,96,31,3583,122,3705,0.0241573,0.465662,-0.884633,2
5351,0,0,0,0,274,83,5708,299,6007,0.00944398,0.473369,-0.880813,2
5182,0,0,0,0,180,55,5417,280,5697,-0.0170462,0.469727,-0.882647,2
5238,0,0,0,0,194,59,5491,314,5805,-0.0350125,0.452298,-0.891179,2
5117,0,0,0,0,206,78,5401,361,5762,-0.0451337,0.452166,-0.890791,2
5323,0,0,0,0,212,64,5599,417,6016,-0.0450524,0.402276,-0.914409,2
4969,0,0,0,0,214,81,5264,457,5721,-0.052076,0.39982,-0.915113,2
4962,0,0,0,0,217,64,5243,378,5621,-0.0517588,0.398205,-0.915835,2
4851,0,0,0,0,228,66,5145,345,5490,-0.0454319,0.377607,-0.924851,2
4745,0,0,0,0,267,73,5085,336,5421,-0.0276416,0.368335,-0.929282,2
5018,0,0,0,0,340,95,5453,369,5822,-0.0215589,0.367376,-0.929823,2
4912,0,0,0,0,478,151,5541,333,5874,-0.0143053,0.376614,-0.92626,2
5512,0,0,0,0,755,184,6451,330,6781,-0.00643839,0.401353,-0.915901,2
5806,0,0,0,0,964,241,7011,352,7363,-0.0396483,0.454042,-0.890098,2
6638,0,0,0,0,1234,362,8234,299,8533,-0.102755,0.423341,-0.900124,2
7043,0,0,0,0,1924,440,9407,469,9876,-0.147506,0.384264,-0.911363,2
7058,0,0,0,0,1612,380,9050,563,9613,-0.161153,0.387142,-0.907827,2
7686,0,0,0,0,2155,405,10246,683,10929,-0.123766,0.388895,-0.912931,2
7186,0,0,0,0,1690,400,9276,819,10095,-0.087186,0.386415,-0.918195,2
4727,0,0,0,0,1037,250,6014,596,6610,-0.0545429,0.372617,-0.926381,2
6537,0,0,0,0,1471,330,8338,1012,9350,-0.0422206,0.387903,-0.920733,2
6281,0,0,0,0,1124,316,7721,1061,8782,-0.0475484,0.381982,-0.922946,2
6035,0,0,0,0,921,225,7181,1074,8255,-0.0654279,0.382972,-0.92144,2
5758,0,0,0,0,752,187,6697,993,7690,-0.0774629,0.376606,-0.923129,2
5671,0,0,0,0,635,159,6465,892,7357,-0.0773103,0.392308,-0.916579,2
5570,0,0,0,0,607,150,6327,730,7057,-0.0665135,0.40731,-0.910865,2
5602,0,0,0,0,561,143,6306,662,6968,-0.0763364,0.435553,-0.89692,2
5536,0,0,0,0,560,158,6254,616,6870,-0.0869436,0.424979,-0.901018,2
5514,0,0,0,0,522,135,6171,579,6750,-0.0948026,0.422421,-0.901428,2
5364,0,0,0,0,513,130,6007,605,6612,-0.0965836,0.409481,-0.907192,2
5216,0,0,0,0,513,128,5857,534,6391,-0.095454,0.399729,-0.91165,2
5088,0,0,0,0,489,128,5705,508,6213,-0.0882517,0.388916,-0.917036,2
4749,0,0,0,0,551,136,5436,492,5928,-0.0756771,0.408761,-0.909498,2
4557,0,0,0,0,501,155,5213,485,5698,-0.073253,0.405426,-0.911188,2
4494,0,0,0,0,488,119,5101,460,5561,-0.0586745,0.405887,-0.912038,2
4713,0,0,0,0,424,115,5252,403,5655,-0.0561466,0.394272,-0.917277,2
4403,0,0,0,0,417,122,4942,390,5332,-0.0653047,0.40279,-0.91296,2
4437,0,0,0,0,443,117,4997,383,5380,-0.0712051,0.423014,-0.903321,2
4345,0,0,0,0,466,124,4935,384,5319,-0.0936794,0.489891,-0.866736,2
4310,0,0,0,0,483,128,4921,247,5168,-0.090398,0.430443,-0.89808,2
4623,0,0,0,0,529,136,5288,188,5476,-0.0918074,0.393698,-0.914644,2
4464,0,0,0,0,743,187,5394,198,5592,-0.0822189,0.410118,-0.908319,2
4530,0,0,0,0,454,124,5108,-1000,-1000,-1,-1,-1,2
4569,0,0,0,0,508,127,5204,145,5349,-0.107705,0.353454,-0.929231,2
4704,0,0,0,0,522,142,5368,181,5549,-0.102552,0.402746,-0.909549,2
4750,0,0,0,0,640,159,5549,154,5703,-0.115545,0.38788,-0.914439,2
4809,0,0,0,0,686,184,5679,154,5833,-0.0134088,0.490836,-0.871149,2
5239,0,0,0,0,783,208,6230,158,6388,-0.0455716,0.45046,-0.891633,2
5258,0,0,0,0,837,225,6320,165,6485,-0.0304908,0.441317,-0.896833,2
5560,0,0,0,0,1146,217,6923,219,7142,-0.0511784,0.386576,-0.920837,2
5538,0,0,0,0,887,212,6637,294,6931,-0.0430215,0.373466,-0.926646,2
6662,0,0,0,0,762,230,7654,229,7883,-0.0235435,0.375352,-0.926583,2
5582,0,0,0,0,744,201,6527,200,6727,-0.0122651,0.375108,-0.9269,2
5586,0,0,0,0,742,194,6522,182,6704,-0.00398193,0.379652,-0.925121,2
5677,0,0,0,0,740,194,6611,163,6774,0.0324111,0.376248,-0.925952,2
6297,0,0,0,0,719,182,7198,171,7369,0.0342419,0.391937,-0.919355,2
5285,0,0,0,0,534,143,5962,177,6139,0.0613352,0.386479,-0.920257,2
5155,0,0,0,0,487,148,5790,179,5969,0.0993608,0.43059,-0.897062,2
5072,0,0,0,0,414,115,5601,186,5787,0.0960572,0.417379,-0.903641,2
3097,0,0,0,0,258,71,3426,-1000,-1000,-1,-1,-1,2
4840,0,0,0,0,463,135,5438,-1000,-1000,-1,-1,-1,2
4515,0,0,0,0,245,75,4835,-1000,-1000,-1,-1,-1,2
4518,0,0,0,0,201,63,4782,-1000,-1000,-1,-1,-1,2
5112,0,0,0,0,296,99,5507,-1000,-1000,-1,-1,-1,2
4547,0,0,0,0,163,77,4787,-1000,-1000,-1,-1,-1,2
4592,0,0,0,0,163,52,4807,-1000,-1000,-1,-1,-1,2
4279,0,0,0,0,138,45,4462,100,4562,0.0325326,0.373387,-0.927105,2
4248,0,0,0,0,140,48,4436,-1000,-1000,-1,-1,-1,2
4233,0,0,0,0,147,46,4426,142,4568,-0.000585795,0.310021,-0.950729,2
5063,0,0,0,0,153,50,5266,123,5389,-0.144415,0.47544,-0.867814,2
4732,0,0,0,0,173,52,4957,166,5123,-0.106712,0.444615,-0.889343,2
5785,0,0,0,0,152,49,5986,225,6211,-0.0793537,0.424112,-0.902126,2
5990,0,0,0,0,150,50,6190,212,6402,-0.070925,0.472536,-0.878453,2
5333,0,0,0,0,137,45,5515,198,5713,-0.0423691,0.4411,-0.896457,2
4825,0,0,0,0,136,44,5005,193,5198,-0.0150038,0.357892,-0.933642,2
3838,0,0,0,0,126,39,4003,185,4188,-0.0123115,0.364141,-0.931262,2
6073,0,0,0,0,214,55,6342,223,6565,-0.0462964,0.367018,-0.929061,2
4766,0,0,0,0,165,54,4985,271,5256,-0.0318989,0.348219,-0.93687,2
4945,0,0,0,0,174,68,5187,333,5520,-0.0265372,0.292516,-0.955892,2
4549,0,0,0,0,138,43,4730,365,5095,-0.0358596,0.309583,-0.950196,2
5010,0,0,0,0,169,55,5234,381,5615,-0.0409152,0.301549,-0.952573,2
4897,0,0,0,0,218,67,5182,434,5616,-0.0470789,0.29233,-0.955158,2
5013,0,0,0,0,337,88,5438,407,5845,-0.0494409,0.316752,-0.947219,2
5214,0,0,0,0,405,148,5767,429,6196,-0.046763,0.304809,-0.951265,2
5220,0,0,0,0,539,156,5915,500,6415,-0.0358275,0.305697,-0.951455,2
5385,0,0,0,0,738,190,6313,460,6773,-0.0138621,0.368155,-0.929661,2
5794,0,0,0,0,1015,243,7052,557,7609,-0.0225797,0.39219,-0.919607,2
6443,0,0,0,0,1218,296,7957,626,8583,-0.0533235,0.401663,-0.914234,2
6741,0,0,0,0,1405,405,8551,477,9028,-0.0509943,0.380671,-0.923304,2
6496,0,0,0,0,1336,345,8177,652,8829,-0.046417,0.362439,-0.930851,2
6469,0,0,0,0,1372,328,8169,740,8909,-0.0500101,0.351437,-0.934875,2
7466,0,0,0,0,1603,433,9502,864,10366,-0.035753,0.354417,-0.934404,2
7073,0,0,0,0,1492,343,8908,855,9763,-0.0212022,0.327295,-0.944684,2
7159,0,0,0,0,1340,323,8822,935,9757,-0.0304309,0.327272,-0.94444,2
5827,0,0,0,0,1025,245,7097,1021,8118,-0.0421103,0.31961,-0.946613,2
5435,0,0,0,0,858,209,6502,1040,7542,-0.0586086,0.311506,-0.948435,2
6046,0,0,0,0,806,196,7048,1086,8134,-0.0771734,0.325281,-0.942463,2
5948,0,0,0,0,780,209,6937,1049,7986,-0.082337,0.32253,-0.942971,2
7243,0,0,0,0,758,182,8183,882,9065,-0.0796937,0.317599,-0.94487,2
3494,0,0,0,0,312,80,3886,357,4243,-0.0583887,0.324905,-0.943943,2
3236,0,0,0,0,293,91,3620,340,3960,-0.0493845,0.316895,-0.947174,2
5483,0,0,0,0,535,139,6157,655,6812,-0.0503981,0.338052,-0.939777,2
5465,0,0,0,0,504,158,6127,628,6755,-0.0518648,0.343399,-0.937756,2
5120,0,0,0,0,559,130,5809,541,6350,-0.0500266,0.351132,-0.934989,2
4727,0,0,0,0,444,117,5288,492,5780,-0.0853975,0.450411,-0.888728,2
4693,0,0,0,0,422,117,5232,423,5655,-0.0742625,0.391338,-0.917246,2
4396,0,0,0,0,406,110,4912,381,5293,-0.0743128,0.377249,-0.923125,2
4261,0,0,0,0,389,104,4754,323,5077,-0.0804383,0.382359,-0.920506,2
3754,0,0,0,0,341,93,4188,296,4484,-0.0868922,0.391382,-0.916117,2
4011,0,0,0,0,357,96,4464,258,4722,-0.0774991,0.414932,-0.906546,2
3795,0,0,0,0,402,110,4307,200,4507,-0.0819817,0.424825,-0.901555,2
3952,0,0,0,0,395,107,4454,161,4615,-0.0848392,0.435488,-0.896188,2
4051,0,0,0,0,423,113,4587,151,4738,-0.0903386,0.441026,-0.892936,2
4476,0,0,0,0,489,133,5098,141,5239,-0.0876951,0.422397,-0.902159,2
4198,0,0,0,0,454,123,4775,111,4886,-0.0695935,0.43977,-0.89541,2
4065,0,0,0,0,467,125,4657,194,4851,-0.0763353,0.331697,-0.940293,2
4781,0,0,0,0,616,155,5552,193,5745,-0.0894828,0.268566,-0.959096,2
4109,0,0,0,0,559,148,4816,180,4996,-0.0723299,0.243675,-0.967156,2
4472,0,0,0,0,626,165,5263,182,5445,-0.0622523,0.303942,-0.950655,2
5387,0,0,0,0,701,188,6276,284,6560,-0.011404,0.277358,-0.960699,2
4739,0,0,0,0,548,145,5432,268,5700,-0.00653553,0.368386,-0.92965,2
5552,0,0,0,0,616,183,6351,223,6574,-0.0380929,0.387942,-0.920896,2
4846,0,0,0,0,792,202,5840,213,6053,-0.0812341,0.398068,-0.913752,2
4940,0,0,0,0,541,138,5619,160,5779,-0.102879,0.507765,-0.855331,2
5016,0,0,0,0,489,128,5633,164,5797,-0.0807064,0.4672,-0.88046,2
4424,0,0,0,0,395,108,4927,-1000,-1000,-1,-1,-1,2
4329,0,0,0,0,290,83,4702,-1000,-1000,-1,-1,-1,2
4913,0,0,0,0,251,75,5239,-1000,-1000,-1,-1,-1,2
4742,0,0,0,0,176,56,4974,-1000,-1000,-1,-1,-1,2
5187,0,0,0,0,133,47,5367,125,5492,-0.0388661,0.283827,-0.958088,2
4929,0,0,0,0,142,59,5130,-1000,-1000,-1,-1,-1,2
5221,0,0,0,0,131,42,5394,169,5563,-0.049902,0.305636,-0.95084,2
4648,0,0,0,0,115,36,4799,207,5006,-0.0646853,0.401413,-0.91361,2
5621,0,0,0,0,144,45,5810,256,6066,-0.0492157,0.385024,-0.921593,2
5533,0,0,0,0,113,37,5683,269,5952,-0.0411513,0.400108,-0.915544,2
5415,0,0,0,0,102,36,5553,266,5819,-0.0380934,0.394255,-0.918211,2
5388,0,0,0,0,95,35,5518,273,5791,-0.0298714,0.365531,-0.93032,2
5113,0,0,0,0,94,40,5247,285,5532,-0.0429741,0.36787,-0.928884,2
7565,0,0,0,0,128,48,7741,351,8092,-0.0598926,0.369685,-0.927225,2
4811,0,0,0,0,83,34,4928,274,5202,-0.0439992,0.327195,-0.943932,2
4234,0,0,0,0,60,26,4320,230,4550,-0.0448048,0.306411,-0.950844,2
4732,0,0,0,0,69,28,4829,279,5108,-0.0452404,0.281567,-0.958475,2
4799,0,0,0,0,89,30,4918,296,5214,-0.040419,0.254477,-0.966234,2
4592,0,0,0,0,74,29,4695,323,5018,-0.0419564,0.2524,-0.966713,2
4856,0,0,0,0,89,33,4978,338,5316,-0.0433464,0.264604,-0.963382,2
4042,0,0,0,0,96,33,4171,251,4422,-0.0365823,0.225438,-0.97357,2
4701,0,0,0,0,135,57,4893,248,5141,-0.0408811,0.336267,-0.940879,2
4943,0,0,0,0,224,96,5263,344,5607,-0.0378819,0.339932,-0.939687,2
4848,0,0,0,0,364,98,5310,417,5727,-0.0356209,0.331433,-0.942806,2
5279,0,0,0,0,594,160,6033,405,6438,-0.0219345,0.302448,-0.952914,2
5735,0,0,0,0,982,227,6944,505,7449,-0.0217562,0.334382,-0.942187,2
6232,0,0,0,0,1156,285,7673,418,8091,-0.039088,0.353832,-0.934492,2
6473,0,0,0,0,1169,283,7925,396,8321,-0.0444197,0.352849,-0.934625,2
7565,0,0,0,0,1499,355,9419,486,9905,-0.0465774,0.322796,-0.945322,2
7303,0,0,0,0,1537,369,9209,755,9964,-0.042341,0.28273,-0.958265,2
7264,0,0,0,0,1536,388,9188,1120,10308,-0.0470641,0.333099,-0.941716,2
6886,0,0,0,0,1449,343,8678,836,9514,-0.0300825,0.246781,-0.968604,2
7121,0,0,0,0,1403,312,8836,1386,10222,-0.046673,0.293856,-0.95471,2
6534,0,0,0,0,1214,264,8012,1008,9020,-0.0372506,0.206275,-0.977785,2
6196,0,0,0,0,894,245,7335,1262,8597,-0.036159,0.188457,-0.981415,2
5631,0,0,0,0,742,184,6557,1219,7776,-0.0363788,0.204879,-0.978111,2
5394,0,0,0,0,733,187,6314,997,7311,-0.0412671,0.226816,-0.973063,2
5641,0,0,0,0,691,167,6499,859,7358,-0.0387105,0.261933,-0.964309,2
5330,0,0,0,0,587,178,6095,832,6927,-0.0393864,0.308063,-0.95055,2
5190,0,0,0,0,502,128,5820,794,6614,-0.0369954,0.321135,-0.946311,2
4776,0,0,0,0,741,169,5686,812,6498,-0.0207731,0.420699,-0.906962,2
4408,0,0,0,0,473,141,5022,592,5614,-0.0269457,0.409524,-0.911901,2
4235,0,0,0,0,419,134,4788,566,5354,-0.0361716,0.324286,-0.945267,2
4190,0,0,0,0,388,106,4684,557,5241,-0.0360868,0.321559,-0.946202,2
4281,0,0,0,0,401,103,4785,559,5344,-0.026207,0.325401,-0.945213,2
4362,0,0,0,0,399,106,4867,505,5372,-0.0331374,0.329129,-0.943703,2
4506,0,0,0,0,450,115,5071,510,5581,-0.0330695,0.351098,-0.935755,2
4429,0,0,0,0,465,122,5016,399,5415,-0.0357039,0.377445,-0.925343,2
4500,0,0,0,0,512,134,5146,337,5483,-0.0466558,0.417196,-0.907618,2
4855,0,0,0,0,826,195,5876,360,6236,-0.0566678,0.40826,-0.911105,2
4702,0,0,0,0,688,162,5552,305,5857,-0.0568998,0.390392,-0.918889,2
5532,0,0,0,0,650,187,6369,263,6632,-0.0640831,0.38358,-0.921282,2
5010,0,0,0,0,780,185,5975,271,6246,-0.0561018,0.35983,-0.93133,2
4855,0,0,0,0,759,231,5845,260,6105,-0.0534462,0.353459,-0.933922,2
3201,0,0,0,0,524,132,3857,160,4017,-0.0450986,0.332144,-0.94215,2
3268,0,0,0,0,675,168,4111,166,4277,-0.047129,0.331694,-0.942209,2
4912,0,0,0,0,906,228,6046,222,6268,-0.0533266,0.315976,-0.947267,2
5002,0,0,0,0,911,224,6137,222,6359,-0.0712606,0.30189,-0.950676,2
5206,0,0,0,0,955,235,6396,275,6671,-0.0721525,0.282652,-0.956505,2
5063,0,0,0,0,948,235,6246,307,6553,-0.0580276,0.271477,-0.960694,2
5301,0,0,0,0,979,238,6518,227,6745,-0.0511905,0.267215,-0.962276,2
5152,0,0,0,0,969,239,6360,180,6540,-0.0507339,0.257559,-0.96493,2
5083,0,0,0,0,942,232,6257,132,6389,-0.0456438,0.254638,-0.965959,2
5108,0,0,0,0,951,248,6307,827,7134,-0.0227414,0.167339,-0.985637,2
5089,0,0,0,0,961,239,6289,841,7130,-0.0187643,0.170831,-0.985122,2
5125,0,0,0,0,998,264,6387,839,7226,-0.0110097,0.169362,-0.985492,2
5107,0,0,0,0,947,240,6294,836,7130,-0.0150158,0.169277,-0.985454,2
5032,0,0,0,0,970,240,6242,817,7059,-0.0198006,0.168373,-0.985524,2
5098,0,0,0,0,968,240,6306,822,7128,-0.0213837,0.167568,-0.985629,2
5200,0,0,0,0,975,243,6418,813,7231,-0.0227793,0.167567,-0.985597,2
5359,0,0,0,0,987,245,6591,909,7500,-0.020913,0.162985,-0.986407,2
5310,0,0,0,0,1140,251,6701,844,7545,-0.022512,0.164904,-0.986053,2
5148,0,0,0,0,990,245,6383,855,7238,-0.0227336,0.165986,-0.985866,2
5149,0,0,0,0,973,244,6366,880,7246,-0.0254206,0.167624,-0.985523,2
4835,0,0,0,0,854,217,5906,786,6692,-0.0247287,0.167457,-0.985569,2
4494,0,0,0,0,868,216,5578,773,6351,-0.024801,0.165781,-0.985851,2
5108,0,0,0,0,1005,273,6386,762,7148,-0.023518,0.164431,-0.986108,2
5289,0,0,0,0,1028,246,6563,879,7442,-0.0199344,0.164263,-0.986215,2
4835,0,0,0,0,844,214,5893,777,6670,-0.0229099,0.167615,-0.985586,2
4535,0,0,0,0,849,215,5599,800,6399,-0.0229161,0.164993,-0.986028,2
4553,0,0,0,0,850,215,5618,744,6362,-0.0232578,0.166493,-0.985768,2
5198,0,0,0,0,972,271,6441,844,7285,-0.0242541,0.164743,-0.986038,2
4761,0,0,0,0,907,220,5888,780,6668,-0.021991,0.165894,-0.985898,2
5179,0,0,0,0,985,278,6442,873,7315,-0.0237801,0.168898,-0.985347,2
5042,0,0,0,0,925,242,6209,768,6977,-0.0257361,0.166289,-0.985741,2
4526,0,0,0,0,849,223,5598,794,6392,-0.0239468,0.165393,-0.985937,2
4553,0,0,0,0,890,217,5660,827,6487,-0.0248278,0.16161,-0.986542,2
5101,0,0,0,0,973,243,6317,957,7274,-0.0249925,0.16247,-0.986397,2
5203,0,0,0,0,1070,251,6524,1158,7682,-0.0236762,0.163432,-0.98627,2
5165,0,0,0,0,847,217,6229,863,7092,-0.024132,0.159753,-0.986862,2
4687,0,0,0,0,889,220,5796,929,6725,-0.0238985,0.164703,-0.986054,2
5615,0,0,0,0,1036,244,6895,953,7848,-0.0254526,0.168724,-0.985335,2
5299,0,0,0,0,953,282,6534,1194,7728,-0.0253146,0.164807,-0.986001,2
5307,0,0,0,0,981,254,6542,1024,7566,-0.0254696,0.166917,-0.985642,2
5345,0,0,0,0,1055,242,6642,985,7627,-0.0246829,0.163624,-0.986214,2
5308,0,0,0,0,948,240,6496,940,7436,-0.026582,0.16469,-0.985987,2
5068,0,0,0,0,955,239,6262,982,7244,-0.0257639,0.163983,-0.986127,2
5708,0,0,0,0,1031,248,6987,1003,7990,-0.0264491,0.165981,-0.985774,2
5119,0,0,0,0,986,241,6346,979,7325,-0.0265307,0.164057,-0.986094,2
5133,0,0,0,0,979,241,6353,1061,7414,-0.0272228,0.167187,-0.985549,2
4924,0,0,0,0,849,222,5995,898,6893,-0.0281055,0.16521,-0.985858,2
5337,0,0,0,0,1003,245,6585,984,7569,-0.0274531,0.16329,-0.986196,2
5152,0,0,0,0,952,271,6375,1012,7387,-0.0269716,0.164964,-0.985931,2
4695,0,0,0,0,859,219,5773,917,6690,-0.0261635,0.162516,-0.986359,2
5302,0,0,0,0,983,245,6530,1043,7573,-0.027339,0.166801,-0.985612,2
5267,0,0,0,0,1348,358,6973,1282,8255,-0.0270724,0.169592,-0.985143,2
5252,0,0,0,0,1024,244,6520,1022,7542,-0.0251309,0.16433,-0.986085,2
5336,0,0,0,0,1106,248,6690,1076,7766,-0.0255989,0.16549,-0.985879,2
6195,0,0,0,0,1039,267,7501,1079,8580,-0.0264667,0.166623,-0.985665,2
5253,0,0,0,0,962,238,6453,1018,7471,-0.0272354,0.168261,-0.985366,2
5208,0,0,0,0,1006,264,6478,1057,7535,-0.0269624,0.168596,-0.985316,2
5249,0,0,0,0,982,245,6476,1013,7489,-0.0248204,0.169008,-0.985302,2
5222,0,0,0,0,980,246,6448,1015,7463,-0.0258518,0.171451,-0.984853,2
5085,0,0,0,0,998,242,6325,1036,7361,-0.0270327,0.168028,-0.985411,2
5058,0,0,0,0,987,222,6267,998,7265,-0.0274018,0.168164,-0.985378,2
4813,0,0,0,0,870,216,5899,918,6817,-0.0281749,0.166651,-0.985613,2
5180,0,0,0,0,978,244,6402,1033,7435,-0.0282942,0.170169,-0.985009,2
5355,0,0,0,0,844,258,6457,999,7456,-0.0286228,0.169583,-0.9851,2
4659,0,0,0,0,849,213,5721,925,6646,-0.0274802,0.166,-0.985743,2
5131,0,0,0,0,995,288,6414,1104,7518,-0.0280131,0.172698,-0.984576,2
4945,0,0,0,0,892,221,6058,965,7023,-0.0267029,0.174413,-0.98431,2
5204,0,0,0,0,976,273,6453,1069,7522,-0.0279078,0.17644,-0.983916,2
5250,0,0,0,0,1045,240,6535,1066,7601,-0.0260011,0.174187,-0.984369,2
5235,0,0,0,0,957,243,6435,1017,7452,-0.0281172,0.174551,-0.984247,2
5270,0,0,0,0,956,241,6467,1068,7535,-0.0281152,0.177404,-0.983736,2
5159,0,0,0,0,1014,241,6414,1092,7506,-0.0276135,0.176914,-0.983839,2
5237,0,0,0,0,946,243,6426,1094,7520,-0.0290227,0.173816,-0.98435,2
4777,0,0,0,0,886,225,5888,990,6878,-0.0295897,0.172026,-0.984648,3
5164,0,0,0,0,957,241,6362,1130,7492,-0.0296863,0.171849,-0.984676,3
5244,0,0,0,0,969,252,6465,1098,7563,-0.0306347,0.170736,-0.984841,3
4829,0,0,0,0,850,214,5893,939,6832,-0.0287919,0.176315,-0.983913,3
5404,0,0,0,0,999,287,6690,1079,7769,-0.0302572,0.179548,-0.983284,3
4759,0,0,0,0,855,213,5827,965,6792,-0.0273632,0.181019,-0.983099,3
5258,0,0,0,0,1031,249,6538,1157,7695,-0.0304415,0.185998,-0.982078,3
5726,0,0,0,0,1445,364,7535,1391,8926,-0.0320348,0.186124,-0.982004,3
4880,0,0,0,0,865,213,5958,1028,6986,-0.0332641,0.186397,-0.981911,3
5368,0,0,0,0,1015,242,6625,1161,7786,-0.0303511,0.188127,-0.981676,3
5336,0,0,0,0,996,277,6609,1186,7795,-0.0307505,0.194975,-0.980326,3
5499,0,0,0,0,1010,243,6752,1245,7997,-0.0300191,0.194766,-0.98039,3
5240,0,0,0,0,1011,246,6497,1254,7751,-0.0285205,0.200626,-0.979253,3
5198,0,0,0,0,1010,245,6453,1214,7667,-0.0277336,0.198072,-0.979795,3
5549,0,0,0,0,1045,249,6843,1175,8018,-0.0312666,0.197099,-0.979885,3
4991,0,0,0,0,868,255,6114,1084,7198,-0.033982,0.199708,-0.979266,3
4777,0,0,0,0,874,217,5868,1126,6994,-0.0299352,0.201607,-0.979009,3
4775,0,0,0,0,1108,284,6167,1127,7294,-0.0283711,0.202172,-0.978939,3
4953,0,0,0,0,903,216,6072,1102,7174,-0.0269817,0.202423,-0.978926,3
4678,0,0,0,0,877,214,5769,1042,6811,-0.0270521,0.202268,-0.978957,3
5016,0,0,0,0,890,257,6163,1081,7244,-0.0282474,0.205821,-0.978182,3
4935,0,0,0,0,865,217,6017,1147,7164,-0.0290187,0.208198,-0.977656,3
4795,0,0,0,0,865,217,5877,1062,6939,-0.0268578,0.21011,-0.977309,3
4662,0,0,0,0,892,217,5771,1048,6819,-0.0269888,0.209591,-0.977417,3
5523,0,0,0,0,1008,250,6781,1204,7985,-0.0244441,0.210504,-0.977287,3
5399,0,0,0,0,890,216,6505,1099,7604,-0.0272666,0.207934,-0.977763,3
5327,0,0,0,0,940,213,6480,1037,7517,-0.0250732,0.206345,-0.978158,3
4822,0,0,0,0,796,200,5818,1055,6873,-0.0236589,0.205393,-0.978394,3
5071,0,0,0,0,885,203,6159,1003,7162,-0.020981,0.205836,-0.978362,3
5505,0,0,0,0,900,224,6629,1225,7854,-0.0235521,0.206676,-0.978126,3
5550,0,0,0,0,947,281,6778,1101,7879,-0.0229086,0.204716,-0.978553,3
5398,0,0,0,0,911,279,6588,1224,7812,-0.0195107,0.204748,-0.97862,3
5477,0,0,0,0,958,234,6669,1149,7818,-0.0172893,0.204892,-0.978632,3
5078,0,0,0,0,821,210,6109,975,7084,-0.0197666,0.204227,-0.978724,3
4967,0,0,0,0,924,248,6139,978,7117,-0.0190436,0.204294,-0.978724,3
5683,0,0,0,0,963,242,6888,1122,8010,-0.024083,0.204577,-0.978554,3
5446,0,0,0,0,831,209,6486,1042,7528,-0.0212336,0.204057,-0.978729,3
4966,0,0,0,0,998,287,6251,1133,7384,-0.0223373,0.207239,-0.978035,3
5602,0,0,0,0,903,210,6715,1012,7727,-0.0194649,0.208364,-0.977858,3
5344,0,0,0,0,907,208,6459,935,7394,-0.0199886,0.210295,-0.977434,3
5728,0,0,0,0,1027,239,6994,1146,8140,-0.020004,0.211237,-0.97723,3
4999,0,0,0,0,856,209,6064,985,7049,-0.0195958,0.209669,-0.977576,3
5149,0,0,0,0,828,234,6211,1020,7231,-0.0242912,0.210682,-0.977253,3
5724,0,0,0,0,858,243,6825,1032,7857,-0.0254306,0.211415,-0.977065,3
4941,0,0,0,0,839,207,5987,924,6911,-0.02839,0.208811,-0.977544,3
5602,0,0,0,0,936,235,6773,1142,7915,-0.0284551,0.211694,-0.976922,3
5575,0,0,0,0,983,240,6798,1053,7851,-0.0184875,0.207328,-0.978097,3
6440,0,0,0,0,1244,251,7935,1014,8949,-0.0247139,0.20063,-0.979355,3
5575,0,0,0,0,966,234,6775,1054,7829,-0.0285646,0.19895,-0.979593,3
5024,0,0,0,0,813,238,6075,945,7020,-0.0265516,0.198251,-0.979791,3
5433,0,0,0,0,1018,312,6763,1072,7835,-0.0234692,0.199602,-0.979596,3
5517,0,0,0,0,914,259,6690,1064,7754,-0.0243233,0.201993,-0.979085,3
5762,0,0,0,0,971,238,6971,1056,8027,-0.0286038,0.202276,-0.978911,3
5589,0,0,0,0,907,231,6727,1050,7777,-0.0287435,0.200661,-0.979239,3
5101,0,0,0,0,844,209,6154,998,7152,-0.0281677,0.203046,-0.978764,3
4963,0,0,0,0,826,210,5999,963,6962,-0.0248843,0.205768,-0.978284,3
5670,0,0,0,0,841,210,6721,914,7635,-0.0216488,0.212236,-0.976979,3
5076,0,0,0,0,837,230,6143,924,7067,-0.0341452,0.219634,-0.974985,3
5133,0,0,0,0,852,217,6202,953,7155,-0.0342874,0.23741,-0.970804,3
5011,0,0,0,0,872,221,6104,952,7056,-0.0362866,0.242323,-0.969517,3
5007,0,0,0,0,903,229,6139,973,7112,-0.0376147,0.248063,-0.968013,3
5113,0,0,0,0,949,236,6298,1016,7314,-0.0363614,0.25397,-0.966528,3
5881,0,0,0,0,938,259,7078,1113,8191,-0.032839,0.251865,-0.967205,3
5112,0,0,0,0,859,211,6182,117,6299,-0.0891895,0.328142,-0.940408,3
6847,0,0,0,0,829,228,7904,685,8589,-0.0447827,0.350949,-0.935323,3
5851,0,0,0,0,769,182,6802,499,7301,-0.0404696,0.351501,-0.935312,3
5384,0,0,0,0,674,173,6231,285,6516,-0.0391074,0.323947,-0.945266,3
4538,0,0,0,0,536,161,5235,217,5452,-0.0341893,0.317018,-0.947803,3
4951,0,0,0,0,440,121,5512,204,5716,-0.0523154,0.447197,-0.892904,3
4724,0,0,0,0,434,103,5261,199,5460,-0.0329527,0.401202,-0.915397,3
4236,0,0,0,0,309,79,4624,157,4781,-0.0304444,0.370894,-0.928176,3
4424,0,0,0,0,289,79,4792,233,5025,-0.00234533,0.270989,-0.96258,3
3143,0,0,0,0,165,45,3353,186,3539,0.0164343,0.248837,-0.968406,3
4800,0,0,0,0,248,66,5114,348,5462,0.026225,0.226696,-0.973613,3
5748,0,0,0,0,279,77,6104,482,6586,0.0198853,0.208916,-0.977731,3
4979,0,0,0,0,231,61,5271,476,5747,0.00744915,0.218728,-0.975757,3
5268,0,0,0,0,270,69,5607,570,6177,-0.00338968,0.217594,-0.976034,3
5290,0,0,0,0,258,71,5619,617,6236,-0.0141852,0.206907,-0.978258,3
5368,0,0,0,0,263,72,5703,696,6399,-0.019242,0.202075,-0.979181,3
5090,0,0,0,0,284,71,5445,625,6070,-0.0181956,0.212103,-0.977078,3
4840,0,0,0,0,248,67,5155,692,5847,-0.00864432,0.190868,-0.981578,3
5427,0,0,0,0,233,67,5727,661,6388,-0.0127945,0.214283,-0.976688,3
4319,0,0,0,0,192,54,4565,610,5175,-0.0311142,0.215402,-0.97603,3
4725,0,0,0,0,260,66,5051,664,5715,-0.0762503,0.301352,-0.950459,3
4794,0,0,0,0,221,65,5080,631,5711,-0.0512887,0.239161,-0.969624,3
4767,0,0,0,0,238,68,5073,568,5641,-0.0552255,0.237695,-0.969769,3
4845,0,0,0,0,478,127,5450,561,6011,-0.0537327,0.230084,-0.971686,3
4429,0,0,0,0,444,105,4978,346,5324,-0.0395305,0.226515,-0.973205,3
3831,0,0,0,0,512,149,4492,456,4948,-0.0283965,0.22111,-0.974835,3
5682,0,0,0,0,1041,258,6981,751,7732,-0.0272499,0.229647,-0.972892,3
6145,0,0,0,0,1260,340,7745,781,8526,-0.0172072,0.240301,-0.970546,3
6123,0,0,0,0,1451,333,7907,850,8757,-0.00755256,0.240536,-0.970611,3
6238,0,0,0,0,1458,342,8038,773,8811,0.0132499,0.229007,-0.973335,3
6597,0,0,0,0,1402,359,8358,919,9277,0.01499,0.217953,-0.975844,3
6629,0,0,0,0,1428,338,8395,1171,9566,-0.00405564,0.211315,-0.977409,3
7008,0,0,0,0,1513,371,8892,1244,10136,-0.0342232,0.216578,-0.975665,3
8110,0,0,0,0,1505,345,9960,1131,11091,-0.0536638,0.218991,-0.97425,3
7174,0,0,0,0,1457,377,9008,1005,10013,-0.0603009,0.210866,-0.975653,3
5261,0,0,0,0,998,235,6494,723,7217,-0.0518116,0.184999,-0.981372,3
7169,0,0,0,0,1611,352,9132,1209,10341,-0.0537793,0.206422,-0.976984,3
7026,0,0,0,0,1447,359,8832,1298,10130,-0.0360008,0.185577,-0.98197,3
6667,0,0,0,0,1376,342,8385,1329,9714,-0.0238758,0.124853,-0.991888,3
6030,0,0,0,0,1186,270,7486,1487,8973,-0.0239832,0.121549,-0.992296,3
5618,0,0,0,0,1054,300,6972,1390,8362,-0.012376,0.1268,-0.991851,3
5541,0,0,0,0,978,232,6751,1242,7993,-0.0115595,0.130614,-0.991366,3
6199,0,0,0,0,1019,238,7456,1250,8706,-0.0176016,0.137098,-0.990401,3
5932,0,0,0,0,886,211,7029,1112,8141,-0.0200455,0.133778,-0.990809,3
5683,0,0,0,0,779,188,6650,986,7636,-0.0235917,0.117696,-0.992769,3
5437,0,0,0,0,673,164,6274,869,7143,-0.0185846,0.135779,-0.990565,3
5238,0,0,0,0,605,145,5988,851,6839,-0.020027,0.157127,-0.987375,3
4813,0,0,0,0,626,193,5632,961,6593,-0.0207212,0.169676,-0.985282,3
4773,0,0,0,0,440,115,5328,694,6022,-0.0199273,0.181777,-0.983138,3
4642,0,0,0,0,439,136,5217,666,5883,-0.023643,0.210523,-0.977303,3
4435,0,0,0,0,390,104,4929,640,5569,-0.0249982,0.199723,-0.979534,3
4354,0,0,0,0,382,103,4839,571,5410,-0.026962,0.229347,-0.972971,3
4267,0,0,0,0,417,104,4788,559,5347,-0.0199102,0.227863,-0.97349,3
4578,0,0,0,0,381,105,5064,514,5578,-0.0291844,0.223571,-0.974251,3
7342,0,0,0,0,431,106,7879,402,8281,-0.0531408,0.273328,-0.960452,3
1047,0,0,0,0,115,28,1190,106,1296,-0.050166,0.226394,-0.972743,3
4039,0,0,0,0,438,112,4589,305,4894,-0.0620895,0.300526,-0.95175,3
4578,0,0,0,0,548,152,5278,314,5592,-0.0625307,0.325158,-0.94359,3
4679,0,0,0,0,778,175,5632,258,5890,-0.0390115,0.3481,-0.936645,3
4923,0,0,0,0,853,212,5988,219,6207,-0.0117445,0.35722,-0.933946,3
5280,0,0,0,0,960,228,6468,336,6804,-0.00413215,0.363637,-0.931532,3
5512,0,0,0,0,1032,298,6842,418,7260,-0.0055927,0.366051,-0.930578,3
5779,0,0,0,0,1022,249,7050,447,7497,-0.00959777,0.364766,-0.93105,3
5772,0,0,0,0,980,244,6996,498,7494,-0.0207166,0.362484,-0.93176,3
5657,0,0,0,0,1007,222,6886,550,7436,-0.0216578,0.357251,-0.933757,3
5199,0,0,0,0,791,202,6192,454,6646,-0.00440089,0.350867,-0.936415,3
4929,0,0,0,0,925,160,6014,279,6293,0.00387547,0.306145,-0.951977,3
4890,0,0,0,0,599,136,5625,261,5886,0.00123028,0.309133,-0.951018,3
5035,0,0,0,0,434,113,5582,267,5849,-0.0118563,0.309646,-0.950778,3
5025,0,0,0,0,369,97,5491,277,5768,-0.0559139,0.25476,-0.965386,3
5168,0,0,0,0,227,67,5462,422,5884,-0.0678508,0.242571,-0.967758,3
5303,0,0,0,0,229,66,5598,394,5992,-0.0574189,0.232506,-0.970898,3
4935,0,0,0,0,228,64,5227,411,5638,-0.0307066,0.217603,-0.975554,3
4667,0,0,0,0,278,67,5012,413,5425,-0.00932835,0.209544,-0.977755,3
4487,0,0,0,0,247,66,4800,358,5158,0.00117443,0.222667,-0.974894,3
4602,0,0,0,0,329,72,5003,426,5429,0.00361987,0.220288,-0.975428,3
4957,0,0,0,0,306,81,5344,499,5843,-0.00515311,0.23576,-0.971798,3
4982,0,0,0,0,352,85,5419,526,5945,-0.00720384,0.20947,-0.977789,3
5036,0,0,0,0,284,80,5400,534,5934,-0.0371788,0.230033,-0.972472,3
5007,0,0,0,0,334,86,5427,634,6061,-0.0463249,0.214254,-0.975679,3
4409,0,0,0,0,274,75,4758,547,5305,-0.04066,0.205105,-0.977895,3
4899,0,0,0,0,337,89,5325,695,6020,-0.0376106,0.190434,-0.980979,3
6141,0,0,0,0,463,112,6716,669,7385,-0.0256772,0.199704,-0.97952,3
5332,0,0,0,0,574,137,6043,609,6652,-0.0274069,0.216149,-0.975976,3
5825,0,0,0,0,682,166,6673,475,7148,-0.0302587,0.238383,-0.9707,3
5494,0,0,0,0,839,200,6533,419,6952,-0.027783,0.262173,-0.964621,3
6352,0,0,0,0,1145,294,7791,381,8172,-0.061465,0.270984,-0.960619,3
6669,0,0,0,0,1357,343,8369,449,8818,-0.0664284,0.298003,-0.952251,3
6828,0,0,0,0,1359,327,8514,427,8941,-0.0550964,0.318151,-0.946438,3
7295,0,0,0,0,1619,442,9356,705,10061,-0.0403757,0.310235,-0.949802,3
7097,0,0,0,0,1536,369,9002,623,9625,-0.0069521,0.300402,-0.953787,3
7262,0,0,0,0,1388,314,8964,772,9736,0.00900964,0.26996,-0.962829,3
5534,0,0,0,0,1010,286,6830,1096,7926,0.00575971,0.197884,-0.980209,3
5910,0,0,0,0,841,201,6952,1272,8224,0.00354384,0.171439,-0.985188,3
5651,0,0,0,0,801,181,6633,1166,7799,-0.00907836,0.157,-0.987557,3
5508,0,0,0,0,687,165,6360,991,7351,-0.0235905,0.1557,-0.987523,3
5413,0,0,0,0,682,155,6250,930,7180,-0.031706,0.155919,-0.987261,3
5283,0,0,0,0,570,138,5991,902,6893,-0.0413128,0.176037,-0.983516,3
4405,0,0,0,0,450,121,4976,710,5686,-0.0446507,0.156341,-0.986693,3
4790,0,0,0,0,522,126,5438,701,6139,-0.0524844,0.192159,-0.979959,3
4618,0,0,0,0,452,116,5186,686,5872,-0.0377865,0.209132,-0.977157,3
4555,0,0,0,0,441,116,5112,686,5798,-0.0296122,0.226172,-0.973637,3
4387,0,0,0,0,450,114,4951,588,5539,-0.0396335,0.241782,-0.969521,3
4524,0,0,0,0,453,120,5097,507,5604,-0.0629112,0.270159,-0.960758,3
4385,0,0,0,0,449,119,4953,508,5461,-0.0668143,0.243893,-0.967498,3
4633,0,0,0,0,472,125,5230,420,5650,-0.0960314,0.263896,-0.959759,3
4413,0,0,0,0,452,117,4982,369,5351,-0.112032,0.270118,-0.956287,3
4130,0,0,0,0,513,133,4776,331,5107,-0.121868,0.301038,-0.945793,3
4869,0,0,0,0,712,175,5756,314,6070,-0.10565,0.293379,-0.95014,3
4881,0,0,0,0,905,222,6008,283,6291,-0.0762999,0.293039,-0.953051,3
6072,0,0,0,0,938,245,7255,426,7681,-0.0474385,0.385956,-0.921296,3
5546,0,0,0,0,1045,257,6848,425,7273,-0.0313288,0.346755,-0.937432,3
5630,0,0,0,0,1068,257,6955,538,7493,-0.0192027,0.323941,-0.945882,3
5342,0,0,0,0,944,242,6528,580,7108,-0.0159493,0.325822,-0.945296,3
4916,0,0,0,0,633,166,5715,354,6069,-0.0203371,0.290103,-0.956779,3
4624,0,0,0,0,378,103,5105,252,5357,-0.0525061,0.481321,-0.87497,3
5519,0,0,0,0,345,81,5945,240,6185,-0.0457803,0.396237,-0.917006,3
5263,0,0,0,0,245,71,5579,271,5850,-0.0332821,0.299826,-0.953413,3
5315,0,0,0,0,262,69,5646,260,5906,-0.0441774,0.251151,-0.966939,3
5441,0,0,0,0,237,65,5743,324,6067,-0.0371553,0.251705,-0.967091,3
5563,0,0,0,0,247,97,5907,423,6330,-0.0201237,0.234328,-0.971949,3
6357,0,0,0,0,292,97,6746,469,7215,-0.00479118,0.22334,-0.974729,3
6048,0,0,0,0,314,78,6440,537,6977,0.00456869,0.22088,-0.97529,3
4816,0,0,0,0,178,52,5046,477,5523,0.00157684,0.210908,-0.977505,3
4873,0,0,0,0,149,45,5067,471,5538,0.00307296,0.191294,-0.981528,3
4793,0,0,0,0,116,37,4946,472,5418,0.00580201,0.171844,-0.985107,3
4763,0,0,0,0,91,32,4886,433,5319,0.0123276,0.170633,-0.985258,3
4518,0,0,0,0,86,32,4636,413,5049,0.0229774,0.168098,-0.985502,3
4527,0,0,0,0,122,39,4688,443,5131,0.0257721,0.179808,-0.983364,3
4626,0,0,0,0,209,57,4892,414,5306,0.0250892,0.180688,-0.98322,3
4810,0,0,0,0,482,122,5414,531,5945,0.0192222,0.172563,-0.984811,3
4983,0,0,0,0,432,107,5522,532,6054,-0.0105478,0.203446,-0.979029,3
4555,0,0,0,0,444,143,5142,433,5575,-0.00323296,0.185219,-0.982692,3
4687,0,0,0,0,549,137,5373,364,5737,0.0346255,0.126908,-0.99131,3
5634,0,0,0,0,660,165,6459,564,7023,0.0260799,0.136957,-0.990234,3
5827,0,0,0,0,974,221,7022,504,7526,0.0596748,0.146879,-0.987353,3
6722,0,0,0,0,1183,279,8184,578,8762,0.0685662,0.168263,-0.983355,3
5849,0,0,0,0,1224,289,7362,560,7922,0.053852,0.156838,-0.986155,3
6453,0,0,0,0,1330,321,8104,765,8869,0.0404478,0.158983,-0.986452,3
6477,0,0,0,0,1449,338,8264,802,9066,0.0345097,0.142857,-0.989141,3
6642,0,0,0,0,1376,331,8349,959,9308,0.0145478,0.146724,-0.98907,3
7083,0,0,0,0,1427,305,8815,1227,10042,-0.0360532,0.183818,-0.982299,3
5269,0,0,0,0,703,184,6156,845,7001,-0.0163149,0.133126,-0.990965,3
2759,0,0,0,0,419,101,3279,578,3857,0.00294799,0.0798682,-0.996801,3
5110,0,0,0,0,670,162,5942,969,6911,0.00290122,0.110691,-0.993851,3
4977,0,0,0,0,562,158,5697,865,6562,-0.00396017,0.108441,-0.994095,3
5541,0,0,0,0,629,150,6320,930,7250,-0.0107972,0.134261,-0.990887,3
5376,0,0,0,0,539,136,6051,798,6849,-0.0272207,0.316396,-0.948236,3
4582,0,0,0,0,438,110,5130,668,5798,-0.019684,0.228882,-0.973255,3
4405,0,0,0,0,410,106,4921,625,5546,-0.0285345,0.222798,-0.974447,3
4673,0,0,0,0,449,105,5227,490,5717,-0.0357675,0.243971,-0.969123,3
4305,0,0,0,0,293,80,4678,418,5096,-0.0412114,0.262234,-0.964124,3
4222,0,0,0,0,287,79,4588,420,5008,-0.042234,0.2678,-0.962548,3
4255,0,0,0,0,337,93,4685,435,5120,-0.03945,0.273805,-0.960976,3
4322,0,0,0,0,490,138,4950,415,5365,-0.0418921,0.299099,-0.953302,3
4462,0,0,0,0,484,144,5090,376,5466,-0.0346134,0.42709,-0.903546,3
4646,0,0,0,0,541,141,5328,348,5676,-0.0171323,0.424998,-0.905032,3
4835,0,0,0,0,729,176,5740,324,6064,-0.0144431,0.345704,-0.938233,3
4865,0,0,0,0,917,215,5997,387,6384,-0.000580039,0.416577,-0.9091,3
5333,0,0,0,0,1036,243,6612,522,7134,0.000533371,0.329567,-0.944132,3
5961,0,0,0,0,1377,257,7595,542,8137,0.0116223,0.295508,-0.955269,3
5575,0,0,0,0,1159,273,7007,497,7504,0.0130902,0.25949,-0.965657,3
5690,0,0,0,0,1468,283,7441,515,7956,0.012152,0.221819,-0.975012,3
5991,0,0,0,0,1263,287,7541,546,8087,0.00922954,0.206156,-0.978476,3
5966,0,0,0,0,1169,305,7440,585,8025,0.00170227,0.19377,-0.981045,3
5907,0,0,0,0,1289,315,7511,571,8082,-0.00367852,0.179573,-0.983738,3
5182,0,0,0,0,1103,259,6544,464,7008,-0.00110116,0.166045,-0.986118,3
6399,0,0,0,0,1269,297,7965,495,8460,0.000281051,0.159595,-0.987183,3
5709,0,0,0,0,1211,315,7235,544,7779,-0.00479059,0.155412,-0.987838,3
5779,0,0,0,0,1225,308,7312,501,7813,-0.00203519,0.145463,-0.989362,3
6312,0,0,0,0,1240,303,7855,413,8268,0.00931794,0.133917,-0.990949,3
3909,0,0,0,0,927,209,5045,92,5137,0.0139113,0.126737,-0.991839,3
5130,0,0,0,0,1156,282,6568,1133,7701,0.044533,0.104917,-0.993483,3
5422,0,0,0,0,1192,289,6903,1178,8081,0.0432378,0.10561,-0.993467,3
6372,0,0,0,0,1693,399,8464,1313,9777,0.040123,0.107956,-0.993346,3
5783,0,0,0,0,1178,318,7279,1168,8447,0.0408932,0.109848,-0.993107,3
6044,0,0,0,0,1391,327,7762,1340,9102,0.0392432,0.112131,-0.992918,3
5364,0,0,0,0,1182,318,6864,1162,8026,0.0387247,0.112763,-0.992867,3
5561,0,0,0,0,1133,317,7011,1182,8193,0.0409499,0.11274,-0.99278,3
5587,0,0,0,0,1140,290,7017,1325,8342,0.0421319,0.116599,-0.992285,3
5382,0,0,0,0,1191,284,6857,1166,8023,0.040484,0.116195,-0.992401,3
5553,0,0,0,0,1124,286,6963,1116,8079,0.0387378,0.116316,-0.992457,3
5925,0,0,0,0,1324,320,7569,1256,8825,0.0409666,0.115215,-0.992495,3
5858,0,0,0,0,1300,283,7441,1144,8585,0.0414978,0.112969,-0.992732,3
5711,0,0,0,0,1172,287,7170,1187,8357,0.0413521,0.113495,-0.992678,3
5351,0,0,0,0,1334,267,6952,781,7733,0.0428563,0.111913,-0.992794,3
5466,0,0,0,0,1147,261,6874,1079,7953,0.0415777,0.112208,-0.992815,3
5671,0,0,0,0,1187,287,7145,1159,8304,0.0405574,0.11155,-0.992931,3
5993,0,0,0,0,1366,319,7678,1294,8972,0.0407063,0.111723,-0.992905,3
6225,0,0,0,0,1294,322,7841,1303,9144,0.0443505,0.114008,-0.992489,3
5448,0,0,0,0,1189,286,6923,1057,7980,0.0490118,0.117269,-0.99189,3
5735,0,0,0,0,1170,309,7214,1080,8294,0.0494576,0.122476,-0.991238,3
6015,0,0,0,0,1242,328,7585,1295,8880,0.0502912,0.124375,-0.99096,3
6723,0,0,0,0,1336,348,8407,1212,9619,0.0440816,0.123672,-0.991344,3
6052,0,0,0,0,1269,403,7724,1498,9222,0.038209,0.117799,-0.992302,3
6099,0,0,0,0,1418,319,7836,1261,9097,0.0408628,0.113586,-0.992687,3
6039,0,0,0,0,1291,318,7648,1127,8775,0.0456048,0.114496,-0.992376,3
3830,0,0,0,0,923,213,4966,856,5822,0.0446709,0.11202,-0.992701,3
6067,0,0,0,0,1654,329,8050,1227,9277,0.039583,0.108407,-0.993318,3
5996,0,0,0,0,1311,319,7626,1303,8929,0.0373448,0.112282,-0.992974,3
6050,0,0,0,0,1378,318,7746,1233,8979,0.0385231,0.119023,-0.992144,3
5878,0,0,0,0,1694,474,8046,1463,9509,0.0471871,0.128723,-0.990557,3
5831,0,0,0,0,1284,317,7432,1340,8772,0.048118,0.12485,-0.991008,3
4067,0,0,0,0,848,232,5147,679,5826,0.0442468,0.121098,-0.991654,3
2968,0,0,0,0,684,160,3812,659,4471,0.0422306,0.116392,-0.992305,3
6017,0,0,0,0,1303,339,7659,1285,8944,0.042207,0.111497,-0.992868,3
6037,0,0,0,0,1291,326,7654,1246,8900,0.0418542,0.112263,-0.992797,3
5890,0,0,0,0,1287,311,7488,1220,8708,0.0391856,0.115674,-0.992514,3
5924,0,0,0,0,1259,313,7496,1233,8729,0.0391166,0.118288,-0.992208,3
6110,0,0,0,0,1316,320,7746,1308,9054,0.0402626,0.117831,-0.992217,3
6227,0,0,0,0,1570,355,8152,1280,9432,0.040433,0.116171,-0.992406,3
5138,0,0,0,0,1105,279,6522,1082,7604,0.0400574,0.116381,-0.992397,3
5989,0,0,0,0,1423,319,7731,1255,8986,0.039059,0.116731,-0.992395,3
5936,0,0,0,0,1268,346,7550,1237,8787,0.0391855,0.117927,-0.992249,3
5839,0,0,0,0,1411,367,7617,1460,9077,0.0401851,0.119221,-0.992054,3
5753,0,0,0,0,1259,348,7360,1275,8635,0.0416247,0.119615,-0.991947,3
5814,0,0,0,0,1153,281,7248,1149,8397,0.0419156,0.118852,-0.992027,3
6069,0,0,0,0,1228,283,7580,1156,8736,0.0415746,0.118171,-0.992122,3
5880,0,0,0,0,1292,316,7488,1262,8750,0.0397183,0.117302,-0.992302,3
6095,0,0,0,0,1306,316,7717,1339,9056,0.0400497,0.117408,-0.992276,3
5828,0,0,0,0,1289,313,7430,1384,8814,0.0408401,0.1178,-0.992197,3
5881,0,0,0,0,1348,361,7590,1235,8825,0.0396798,0.118061,-0.992213,3
5866,0,0,0,0,1237,277,7380,1231,8611,0.0397588,0.117861,-0.992234,3
5913,0,0,0,0,1264,324,7501,1259,8760,0.038599,0.118379,-0.992218,3
6207,0,0,0,0,835,225,7267,809,8076,0.0395735,0.117096,-0.992332,3
3608,0,0,0,0,775,192,4575,781,5356,0.0390686,0.116709,-0.992397,3
6325,0,0,0,0,1336,318,7979,1228,9207,0.0394063,0.115824,-0.992488,3
5895,0,0,0,0,1257,314,7466,1228,8694,0.0389186,0.115377,-0.992559,3
5894,0,0,0,0,1307,315,7516,1281,8797,0.0388028,0.115799,-0.992514,3
6378,0,0,0,0,1483,402,8263,1384,9647,0.0387786,0.115734,-0.992523,3
5991,0,0,0,0,1256,314,7561,1235,8796,0.0390801,0.115417,-0.992548,3
6768,0,0,0,0,1454,322,8544,1619,10163,0.0384993,0.115247,-0.992591,3
5253,0,0,0,0,1118,324,6695,1078,7773,0.0386351,0.114756,-0.992642,3
5216,0,0,0,0,1181,282,6679,1093,7772,0.0384725,0.114518,-0.992676,3
5363,0,0,0,0,1122,281,6766,1098,7864,0.0376854,0.114862,-0.992666,3
5226,0,0,0,0,1117,279,6622,1180,7802,0.0384364,0.114058,-0.99273,3
5288,0,0,0,0,1103,276,6667,1159,7826,0.0383513,0.114603,-0.992671,3
5244,0,0,0,0,1130,311,6685,1098,7783,0.0384429,0.114745,-0.992651,3
5362,0,0,0,0,1121,278,6761,1148,7909,0.0373212,0.112963,-0.992898,3
5325,0,0,0,0,1121,305,6751,1129,7880,0.0380266,0.113851,-0.99277,3
5286,0,0,0,0,1160,296,6742,1106,7848,0.0378508,0.11408,-0.99275,3
5229,0,0,0,0,1095,291,6615,1135,7750,0.0370723,0.113515,-0.992844,3
5898,0,0,0,0,1149,301,7348,1115,8463,0.035816,0.112934,-0.992957,3
5338,0,0,0,0,1062,282,6682,1172,7854,0.0352402,0.113353,-0.99293,3
5267,0,0,0,0,1073,267,6607,1194,7801,0.0341343,0.112688,-0.993044,3
5109,0,0,0,0,1543,333,6985,1200,8185,0.033537,0.11307,-0.993021,3
5211,0,0,0,0,1159,275,6645,1095,7740,0.0337749,0.113177,-0.993001,3
5276,0,0,0,0,1111,302,6689,1123,7812,0.0338176,0.112985,-0.993021,3
