Downsample[ns],BuildFilTree[ns],SearchFil[ns],DeleteFil[ns],BuildTreeSub[ns],SearchSub[ns],DeleteSub[ns],PreProcTotal[ns],Plane[ns],Total[ns],nx,ny,nz,planeCount
15648,0,0,0,0,1094,290,17032,158,17190,-0.00115433,0.0436276,-0.999047,0
6822,0,0,0,0,1358,284,8464,235,8699,0.00718056,0.0349386,-0.999364,0
6108,0,0,0,0,1137,327,7572,373,7945,0.00866336,0.0338131,-0.999391,0
6809,0,0,0,0,1165,281,8255,418,8673,0.00789165,0.0331372,-0.99942,0
6303,0,0,0,0,1119,278,7700,411,8111,0.00619581,0.0332455,-0.999428,0
5961,0,0,0,0,1090,271,7322,389,7711,0.00452382,0.0344803,-0.999395,0
6121,0,0,0,0,1148,273,7542,371,7913,0.00497698,0.0359017,-0.999343,0
6506,0,0,0,0,1118,274,7898,393,8291,0.00569356,0.0366839,-0.999311,0
5931,0,0,0,0,1462,303,7696,387,8083,0.00597035,0.0381933,-0.999253,0
5922,0,0,0,0,1093,270,7285,385,7670,0.00600979,0.0406241,-0.999156,0
6211,0,0,0,0,1114,274,7599,329,7928,0.00631818,0.0440473,-0.99901,0
5975,0,0,0,0,1087,269,7331,299,7630,0.00578671,0.0477438,-0.998843,0
6092,0,0,0,0,1154,276,7522,294,7816,0.00815627,0.0535197,-0.998534,0
6139,0,0,0,0,1110,277,7526,302,7828,0.0135149,0.0591643,-0.998157,0
3483,0,0,0,0,601,146,4230,190,4420,0.0116423,0.0556743,-0.998381,0
6525,0,0,0,0,1093,275,7893,309,8202,0.0118149,0.063651,-0.997902,0
5979,0,0,0,0,1102,271,7352,344,7696,0.00934218,0.0624637,-0.998004,0
6009,0,0,0,0,1128,302,7439,330,7769,0.0114043,0.0643278,-0.997864,0
6031,0,0,0,0,1168,278,7477,366,7843,0.0136934,0.0667254,-0.997677,0
6509,0,0,0,0,1337,281,8127,399,8526,0.0150711,0.0690021,-0.997503,0
7857,0,0,0,0,1159,271,9287,442,9729,0.0148147,0.0697387,-0.997455,0
6059,0,0,0,0,1101,265,7425,454,7879,0.0127193,0.0762197,-0.99701,0
6197,0,0,0,0,1088,285,7570,476,8046,0.0100184,0.0834203,-0.996464,0
6232,0,0,0,0,1201,272,7705,473,8178,0.01165,0.0831313,-0.996471,0
6428,0,0,0,0,1184,274,7886,505,8391,0.015154,0.0803638,-0.99665,0
6225,0,0,0,0,1330,413,7968,644,8612,0.0169876,0.077005,-0.996886,0
6229,0,0,0,0,1145,274,7648,510,8158,0.0164803,0.0778307,-0.99683,0
9457,0,0,0,0,1194,284,10935,458,11393,0.0132726,0.0859456,-0.996211,0
3168,0,0,0,0,577,141,3886,218,4104,0.0113123,0.0825515,-0.996523,0
5460,0,0,0,0,890,210,6560,327,6887,0.0127562,0.0905588,-0.995809,0
5903,0,0,0,0,1077,273,7253,359,7612,0.0140492,0.0957611,-0.995305,0
5995,0,0,0,0,1176,277,7448,377,7825,0.0145472,0.102456,-0.994631,0
5798,0,0,0,0,987,237,7022,331,7353,0.0167062,0.0958993,-0.995251,0
5622,0,0,0,0,981,260,6863,309,7172,0.0164659,0.099257,-0.994926,0
6077,0,0,0,0,921,227,7225,353,7578,0.0106518,0.108862,-0.994,0
5356,0,0,0,0,868,212,6436,349,6785,0.00889447,0.0965235,-0.995291,0
5401,0,0,0,0,812,203,6416,428,6844,0.00601611,0.0946052,-0.995497,0
5400,0,0,0,0,775,212,6387,422,6809,-0.000977676,0.095945,-0.995386,0
5430,0,0,0,0,806,220,6456,451,6907,0.00443558,0.0896532,-0.995963,0
6342,0,0,0,0,786,196,7324,470,7794,0.0126453,0.0857258,-0.996239,0
5482,0,0,0,0,741,179,6402,506,6908,0.0174221,0.0811186,-0.996552,0
5291,0,0,0,0,729,180,6200,516,6716,0.0167912,0.0805325,-0.996611,0
5242,0,0,0,0,735,183,6160,516,6676,0.0157209,0.0739197,-0.99714,0
5317,0,0,0,0,775,193,6285,529,6814,0.0208896,0.0779292,-0.99674,0
5230,0,0,0,0,764,187,6181,483,6664,0.0231799,0.0816223,-0.996394,0
5262,0,0,0,0,722,184,6168,481,6649,0.0227587,0.0808762,-0.996464,0
5261,0,0,0,0,725,185,6171,479,6650,0.0223222,0.0709721,-0.997229,0
5551,0,0,0,0,679,175,6405,415,6820,0.0210929,0.0755148,-0.996922,0
5301,0,0,0,0,728,193,6222,414,6636,0.0158767,0.0785769,-0.996782,0
5199,0,0,0,0,631,156,5986,383,6369,0.0132957,0.0805163,-0.996665,0
5357,0,0,0,0,543,143,6043,362,6405,0.0105615,0.0925962,-0.995648,0
5251,0,0,0,0,532,134,5917,346,6263,0.0132683,0.0969516,-0.995201,0
5634,0,0,0,0,495,128,6257,306,6563,0.0172624,0.0918857,-0.99562,0
5292,0,0,0,0,544,124,5960,283,6243,0.022611,0.078908,-0.996625,0
5271,0,0,0,0,458,136,5865,257,6122,0.0228954,0.0565979,-0.998135,0
5446,0,0,0,0,506,124,6076,256,6332,0.0263455,0.0698965,-0.997206,0
5612,0,0,0,0,497,132,6241,262,6503,0.029984,0.0558296,-0.99799,0
5368,0,0,0,0,644,170,6182,259,6441,0.0229631,0.0718285,-0.997153,0
5480,0,0,0,0,638,168,6286,190,6476,0.0322669,0.0451158,-0.998461,0
5578,0,0,0,0,723,181,6482,178,6660,-0.0102283,0.1193,-0.992806,0
5814,0,0,0,0,824,199,6837,163,7000,-0.0182399,0.156639,-0.987487,0
5750,0,0,0,0,824,267,6841,271,7112,0.0449843,-0.0743546,-0.996217,0
5896,0,0,0,0,992,232,7120,258,7378,0.0404959,-0.0257184,-0.998849,0
6196,0,0,0,0,881,229,7306,293,7599,0.0387926,-0.0196366,-0.999054,0
5984,0,0,0,0,945,250,7179,279,7458,0.0276326,-0.0010694,-0.999618,0
6134,0,0,0,0,918,236,7288,299,7587,0.0232041,0.00265462,-0.999727,0
5994,0,0,0,0,922,236,7152,304,7456,0.0194133,0.0186394,-0.999638,0
6052,0,0,0,0,1060,247,7359,353,7712,0.0253032,0.0256641,-0.99935,0
5969,0,0,0,0,1026,254,7249,381,7630,0.0424852,0.0370466,-0.99841,0
6956,0,0,0,0,1379,441,8776,541,9317,0.0540824,0.112514,-0.992177,0
5615,0,0,0,0,763,195,6573,251,6824,0.0610436,0.115642,-0.991413,0
3210,0,0,0,0,612,156,3978,201,4179,0.0497846,0.113014,-0.992345,0
4088,0,0,0,0,690,174,4952,233,5185,0.0624502,0.150396,-0.986651,0
6105,0,0,0,0,1213,297,7615,390,8005,0.056636,0.192891,-0.979584,0
6997,0,0,0,0,1452,362,8811,419,9230,0.0316974,0.300771,-0.95317,0
4360,0,0,0,0,778,159,5297,164,5461,-0.0367464,0.157296,-0.986868,0
3257,0,0,0,0,635,156,4048,228,4276,-0.0391488,0.104445,-0.99376,0
6201,0,0,0,0,1201,290,7692,479,8171,-0.0475537,0.106259,-0.993201,0
6326,0,0,0,0,1177,304,7807,579,8386,-0.0561483,0.112231,-0.992095,0
6461,0,0,0,0,1231,290,7982,581,8563,-0.0488291,0.130606,-0.990231,0
6446,0,0,0,0,1172,282,7900,662,8562,-0.0469275,0.139098,-0.989166,0
6252,0,0,0,0,1150,290,7692,752,8444,-0.0227782,0.142961,-0.989466,0
6298,0,0,0,0,1192,285,7775,1049,8824,-0.0130948,0.120415,-0.992637,0
6319,0,0,0,0,1205,296,7820,997,8817,0.0042547,0.111089,-0.993801,0
6389,0,0,0,0,1242,289,7920,1093,9013,0.00882106,0.0821113,-0.996584,0
6582,0,0,0,0,1237,301,8120,1169,9289,0.0179628,0.0818658,-0.996481,0
6498,0,0,0,0,1268,314,8080,1165,9245,0.0175965,0.0869757,-0.996055,0
6339,0,0,0,0,1151,276,7766,999,8765,0.0154397,0.104772,-0.994376,0
6390,0,0,0,0,1157,275,7822,950,8772,0.00509517,0.113824,-0.993488,0
6420,0,0,0,0,1189,277,7886,866,8752,0.00911314,0.106297,-0.994293,0
6200,0,0,0,0,1140,300,7640,743,8383,0.0102437,0.114837,-0.993332,0
6225,0,0,0,0,1121,273,7619,792,8411,-0.00128072,0.120646,-0.992695,0
6191,0,0,0,0,1105,276,7572,729,8301,-0.0130527,0.119682,-0.992727,0
6218,0,0,0,0,1070,265,7553,682,8235,-0.0114319,0.12531,-0.992052,0
6146,0,0,0,0,1135,263,7544,641,8185,-0.0144904,0.112767,-0.993516,0
6027,0,0,0,0,1083,269,7379,644,8023,-0.0208628,0.117738,-0.992826,0
5996,0,0,0,0,1071,262,7329,590,7919,-0.0222555,0.129935,-0.991273,0
5963,0,0,0,0,1095,273,7331,561,7892,-0.0176329,0.140142,-0.989974,0
6133,0,0,0,0,1135,293,7561,570,8131,-0.0175824,0.141482,-0.989785,0
6083,0,0,0,0,1224,294,7601,512,8113,-0.00710263,0.136012,-0.990682,0
6210,0,0,0,0,1212,327,7749,554,8303,0.00919828,0.167928,-0.985756,0
6129,0,0,0,0,1279,316,7724,510,8234,0.0151491,0.180403,-0.983476,0
6045,0,0,0,0,1271,317,7633,474,8107,0.0250265,0.195553,-0.980374,0
5989,0,0,0,0,1362,347,7698,434,8132,0.0162372,0.19691,-0.980287,0
5852,0,0,0,0,1404,342,7598,459,8057,0.0138166,0.232509,-0.972496,0
5859,0,0,0,0,1381,397,7637,456,8093,0.00887339,0.244835,-0.969524,0
5887,0,0,0,0,1344,370,7601,467,8068,0.000784726,0.25044,-0.968132,0
5867,0,0,0,0,1330,331,7528,477,8005,-0.00794873,0.252336,-0.967607,0
5497,0,0,0,0,875,220,6592,364,6956,-0.0145218,0.22629,-0.973952,0
4974,0,0,0,0,1080,255,6309,557,6866,-0.0160757,0.219517,-0.975476,0
6200,0,0,0,0,1218,298,7716,789,8505,-0.0174159,0.23501,-0.971837,0
6331,0,0,0,0,1665,347,8343,758,9101,-0.0127481,0.239353,-0.970849,0
6318,0,0,0,0,1190,289,7797,572,8369,-0.00425971,0.225697,-0.974188,0
6807,0,0,0,0,1213,298,8318,454,8772,-0.00608765,0.211043,-0.977458,0
6220,0,0,0,0,1361,318,7899,491,8390,-0.00464712,0.192589,-0.981268,0
6301,0,0,0,0,1387,335,8023,573,8596,0.00346411,0.172852,-0.984942,0
6451,0,0,0,0,1459,351,8261,615,8876,0.00285548,0.160173,-0.987085,0
6345,0,0,0,0,1462,351,8158,534,8692,0.00117841,0.144158,-0.989554,0
6540,0,0,0,0,1449,339,8328,496,8824,0.00190657,0.126389,-0.991979,0
5569,0,0,0,0,1273,299,7141,393,7534,0.00740271,0.112986,-0.993569,0
6210,0,0,0,0,1353,332,7895,421,8316,0.00366317,0.108999,-0.994035,0
6045,0,0,0,0,1323,327,7695,428,8123,0.00497272,0.096788,-0.995293,0
6188,0,0,0,0,1322,319,7829,486,8315,0.00543999,0.0759045,-0.9971,0
6051,0,0,0,0,1322,342,7715,559,8274,0.00443188,0.0581744,-0.998297,0
6198,0,0,0,0,1434,325,7957,465,8422,0.00512312,0.0490496,-0.998783,0
5974,0,0,0,0,1309,324,7607,479,8086,0.00695231,0.0499416,-0.998728,0
5996,0,0,0,0,1308,319,7623,522,8145,0.0136261,0.066232,-0.997711,0
6061,0,0,0,0,1281,320,7662,528,8190,0.0142178,0.100907,-0.994794,0
5936,0,0,0,0,1395,323,7654,461,8115,0.00887647,0.118394,-0.992927,0
5972,0,0,0,0,1372,323,7667,394,8061,0.00168251,0.153145,-0.988202,0
5887,0,0,0,0,1243,312,7442,351,7793,0.00804304,0.172075,-0.985051,0
5862,0,0,0,0,1243,321,7426,399,7825,0.015616,0.173123,-0.984776,0
5836,0,0,0,0,1203,303,7342,403,7745,0.0109792,0.176321,-0.984271,0
5778,0,0,0,0,1575,366,7719,461,8180,0.000290044,0.168017,-0.985784,0
5851,0,0,0,0,1221,301,7373,391,7764,-0.0115698,0.151246,-0.988428,0
5865,0,0,0,0,1145,315,7325,467,7792,-0.007192,0.134684,-0.990863,0
5700,0,0,0,0,1121,289,7110,444,7554,0.00245274,0.126702,-0.991938,0
5764,0,0,0,0,1139,274,7177,459,7636,0.00377738,0.182453,-0.983207,0
6093,0,0,0,0,1176,260,7529,454,7983,0.00640674,0.165391,-0.986207,0
3321,0,0,0,0,515,126,3962,235,4197,0.0108789,0.137026,-0.990508,0
2978,0,0,0,0,428,106,3512,219,3731,0.0112598,0.130178,-0.991427,0
5704,0,0,0,0,741,215,6660,447,7107,0.0101958,0.132385,-0.991146,0
5566,0,0,0,0,659,165,6390,416,6806,0.00621769,0.130032,-0.99149,0
5580,0,0,0,0,912,223,6715,520,7235,0.00348285,0.134721,-0.990877,0
5534,0,0,0,0,577,143,6254,395,6649,0.00498111,0.134896,-0.990847,0
5579,0,0,0,0,533,136,6248,422,6670,0.00971342,0.134103,-0.99092,0
5814,0,0,0,0,595,147,6556,424,6980,0.00472468,0.144093,-0.989553,0
6134,0,0,0,0,776,243,7153,530,7683,0.00925138,0.131621,-0.991257,0
5809,0,0,0,0,700,183,6692,434,7126,0.0177208,0.134053,-0.990816,0
5835,0,0,0,0,842,209,6886,354,7240,0.026014,0.0980743,-0.994839,0
6462,0,0,0,0,810,206,7478,354,7832,0.0367581,0.0632221,-0.997322,0
5794,0,0,0,0,849,214,6857,404,7261,0.0377652,0.0524304,-0.99791,0
5994,0,0,0,0,859,221,7074,375,7449,0.0386237,0.0452214,-0.99823,0
6145,0,0,0,0,952,231,7328,395,7723,0.0297629,0.0616011,-0.997657,0
6023,0,0,0,0,952,233,7208,314,7522,0.020396,0.117671,-0.992843,0
5995,0,0,0,0,972,244,7211,265,7476,0.0191655,0.0620185,-0.997891,0
4035,0,0,0,0,643,130,4808,172,4980,0.0402352,0.0347761,-0.998585,0
5823,0,0,0,0,1010,257,7090,350,7440,0.0417914,0.0754823,-0.996271,0
5812,0,0,0,0,861,174,6847,245,7092,0.0387508,0.0527821,-0.997854,0
6061,0,0,0,0,1009,245,7315,372,7687,0.0421922,0.0444757,-0.998119,0
6042,0,0,0,0,1037,413,7492,481,7973,0.0411107,0.0528494,-0.997756,0
6106,0,0,0,0,942,238,7286,381,7667,0.0536279,0.0406837,-0.997732,0
5975,0,0,0,0,986,298,7259,495,7754,0.0496729,0.064343,-0.996691,0
6091,0,0,0,0,936,248,7275,429,7704,0.0576526,0.0726037,-0.995693,0
6226,0,0,0,0,984,230,7440,441,7881,0.0581679,0.0709404,-0.995783,0
6107,0,0,0,0,990,241,7338,439,7777,0.0502607,0.0735633,-0.996023,0
6164,0,0,0,0,989,239,7392,466,7858,0.0477855,0.081594,-0.99552,0
6127,0,0,0,0,995,258,7380,497,7877,0.0461405,0.076541,-0.995998,0
6409,0,0,0,0,1096,267,7772,637,8409,0.0224572,0.0809737,-0.996463,0
6567,0,0,0,0,1207,271,8045,723,8768,0.00571913,0.0684328,-0.997639,0
7086,0,0,0,0,1218,316,8620,785,9405,0.0103182,0.177335,-0.984096,0
6542,0,0,0,0,850,200,7592,589,8181,0.00982861,0.125921,-0.991992,0
3351,0,0,0,0,649,156,4156,491,4647,0.0130373,0.0708886,-0.997399,0
6266,0,0,0,0,1321,287,7874,983,8857,0.00777441,0.0689876,-0.997587,0
6286,0,0,0,0,1146,288,7720,980,8700,-0.00299302,0.0885747,-0.996065,0
6253,0,0,0,0,1030,278,7561,797,8358,-0.0125836,0.143464,-0.989576,0
6123,0,0,0,0,1066,249,7438,802,8240,-0.0231752,0.157531,-0.987242,0
6216,0,0,0,0,974,241,7431,687,8118,-0.0327967,0.159486,-0.986655,0
6223,0,0,0,0,957,266,7446,643,8089,-0.0367534,0.149733,-0.988043,0
6065,0,0,0,0,1060,261,7386,618,8004,-0.0317219,0.177537,-0.983603,0
6107,0,0,0,0,988,246,7341,590,7931,-0.0419892,0.159913,-0.986238,0
6306,0,0,0,0,957,237,7500,555,8055,-0.0256994,0.145307,-0.989053,0
6071,0,0,0,0,963,236,7270,600,7870,-0.0204932,0.145884,-0.989089,0
6082,0,0,0,0,980,235,7297,554,7851,-0.0190745,0.182513,-0.983018,0
5885,0,0,0,0,1438,365,7688,679,8367,-0.0102155,0.172028,-0.985039,0
5924,0,0,0,0,973,237,7134,490,7624,-0.00545277,0.191407,-0.981496,0
8081,0,0,0,0,1176,285,9542,517,10059,0.00351378,0.207326,-0.978266,0
6771,0,0,0,0,1225,355,8351,539,8890,0.0111179,0.223296,-0.974687,0
3398,0,0,0,0,705,161,4264,284,4548,0.00423565,0.196774,-0.98044,0
7321,0,0,0,0,1308,333,8962,456,9418,0.000510283,0.244326,-0.969693,0
6663,0,0,0,0,1289,315,8267,366,8633,-0.00577974,0.233832,-0.97226,0
4076,0,0,0,0,854,213,5143,335,5478,-0.00564917,0.207464,-0.978226,0
6412,0,0,0,0,1322,307,8041,549,8590,-0.00584362,0.195801,-0.980626,0
5780,0,0,0,0,1295,299,7374,498,7872,-0.00373427,0.168839,-0.985637,0
5732,0,0,0,0,1224,294,7250,495,7745,-0.0043068,0.155747,-0.987788,0
6664,0,0,0,0,1403,326,8393,553,8946,-0.00535148,0.150359,-0.988617,0
5695,0,0,0,0,1162,284,7141,495,7636,-0.00670414,0.145555,-0.989327,0
5726,0,0,0,0,1129,275,7130,512,7642,-0.00966651,0.141489,-0.989893,0
5635,0,0,0,0,1147,276,7058,523,7581,-0.00824241,0.134106,-0.990933,0
5845,0,0,0,0,1200,280,7325,530,7855,-0.00454778,0.132103,-0.991226,0
6123,0,0,0,0,1124,278,7525,519,8044,0.000146791,0.133122,-0.9911,0
5755,0,0,0,0,1104,267,7126,485,7611,-0.000163534,0.133347,-0.991069,0
5641,0,0,0,0,1080,256,6977,490,7467,-0.00146665,0.128222,-0.991744,0
5790,0,0,0,0,1048,276,7114,519,7633,-0.00483646,0.120913,-0.992651,0
5827,0,0,0,0,1144,289,7260,508,7768,-0.0110383,0.109873,-0.993884,0
5713,0,0,0,0,1075,249,7037,479,7516,-0.0110971,0.102438,-0.994677,0
5878,0,0,0,0,1031,256,7165,484,7649,-0.0076582,0.0976719,-0.995189,0
5816,0,0,0,0,1091,259,7166,567,7733,-0.00659112,0.0952138,-0.995435,0
5685,0,0,0,0,1046,254,6985,499,7484,-0.0053543,0.0998714,-0.994986,0
6448,0,0,0,0,1297,261,8006,514,8520,-0.00719123,0.106015,-0.994338,0
5636,0,0,0,0,1053,278,6967,512,7479,-0.0068871,0.109398,-0.993974,0
6016,0,0,0,0,1051,259,7326,525,7851,-0.004548,0.108249,-0.994113,0
5692,0,0,0,0,1073,260,7025,531,7556,-0.00353189,0.105863,-0.994374,0
5696,0,0,0,0,1081,261,7038,505,7543,-0.00429628,0.103618,-0.994608,0
6492,0,0,0,0,1267,308,8067,620,8687,-0.00680169,0.100034,-0.994961,0
4034,0,0,0,0,683,136,4853,300,5153,-0.00763101,0.101395,-0.994817,0
3044,0,0,0,0,556,136,3736,285,4021,-0.00723738,0.103791,-0.994573,0
6412,0,0,0,0,1169,263,7844,522,8366,-0.00675762,0.107691,-0.994161,0
5724,0,0,0,0,1071,258,7053,537,7590,-0.00598861,0.107371,-0.994201,0
5887,0,0,0,0,1112,284,7283,560,7843,-0.00739133,0.106171,-0.99432,0
5979,0,0,0,0,1066,283,7328,550,7878,-0.00829881,0.105488,-0.994386,0
5751,0,0,0,0,1035,253,7039,553,7592,-0.00771662,0.105526,-0.994387,0
5641,0,0,0,0,1069,250,6960,591,7551,-0.00872277,0.105488,-0.994382,0
5644,0,0,0,0,1036,254,6934,556,7490,-0.00964732,0.106498,-0.994266,0
5793,0,0,0,0,1096,254,7143,517,7660,-0.00910522,0.107229,-0.994193,0
5847,0,0,0,0,1032,252,7131,510,7641,-0.00947676,0.109789,-0.99391,0
5740,0,0,0,0,1056,251,7047,526,7573,-0.0100444,0.112833,-0.993563,0
5738,0,0,0,0,1026,246,7010,507,7517,-0.011475,0.113715,-0.993447,0
5810,0,0,0,0,944,174,6928,340,7268,-0.0122271,0.114272,-0.993374,0
5742,0,0,0,0,1516,256,7514,542,8056,-0.0113991,0.113994,-0.993416,0
5709,0,0,0,0,1013,268,6990,522,7512,-0.00913679,0.115208,-0.993299,0
6561,0,0,0,0,1189,260,8010,521,8531,-0.00754119,0.119715,-0.99278,0
5703,0,0,0,0,1006,243,6952,531,7483,-0.00682324,0.120678,-0.992668,0
6670,0,0,0,0,1140,271,8081,505,8586,-0.00756653,0.120724,-0.992657,0
5776,0,0,0,0,1590,330,7696,575,8271,-0.0101649,0.11917,-0.992822,0
5954,0,0,0,0,981,238,7173,535,7708,-0.00900534,0.114918,-0.993334,0
6488,0,0,0,0,996,240,7724,556,8280,-0.00562051,0.110065,-0.993909,0
5654,0,0,0,0,988,237,6879,491,7370,-0.0055033,0.108122,-0.994122,0
6614,0,0,0,0,1010,239,7863,495,8358,-0.00679789,0.105774,-0.994367,0
5883,0,0,0,0,1020,258,7161,499,7660,-0.00922436,0.104381,-0.994495,0
5692,0,0,0,0,996,237,6925,528,7453,-0.0110308,0.103316,-0.994587,0
6733,0,0,0,0,1133,274,8140,579,8719,-0.0110086,0.101159,-0.994809,0
5794,0,0,0,0,1237,363,7394,629,8023,-0.0109236,0.101257,-0.9948,0
5925,0,0,0,0,1034,268,7227,511,7738,-0.0107797,0.100224,-0.994906,0
6794,0,0,0,0,1295,296,8385,589,8974,-0.0100103,0.0997397,-0.994963,0
6098,0,0,0,0,826,171,7095,344,7439,-0.00869765,0.102158,-0.99473,0
4124,0,0,0,0,704,168,4996,348,5344,-0.00910902,0.103519,-0.994586,0
5953,0,0,0,0,1064,244,7261,563,7824,-0.0103149,0.105144,-0.994404,0
6153,0,0,0,0,1048,249,7450,525,7975,-0.00988293,0.105198,-0.994402,0
5699,0,0,0,0,1064,246,7009,520,7529,-0.00974784,0.105462,-0.994376,0
6079,0,0,0,0,1006,277,7362,518,7880,-0.00907376,0.107689,-0.994143,0
5816,0,0,0,0,1111,246,7173,525,7698,-0.00844154,0.108251,-0.994088,0
5912,0,0,0,0,1005,248,7165,513,7678,-0.00810978,0.110189,-0.993878,0
5947,0,0,0,0,1008,270,7225,539,7764,-0.00877468,0.110251,-0.993865,0
6098,0,0,0,0,1104,248,7450,537,7987,-0.00862441,0.110984,-0.993785,0
5940,0,0,0,0,1036,248,7224,554,7778,-0.00824917,0.109571,-0.993945,0
5851,0,0,0,0,1210,245,7306,508,7814,-0.00694593,0.111625,-0.993726,0
5720,0,0,0,0,1018,269,7007,522,7529,-0.00811546,0.111521,-0.993729,0
5716,0,0,0,0,1012,266,6994,510,7504,-0.0103363,0.111544,-0.993706,0
5789,0,0,0,0,1071,248,7108,520,7628,-0.0119175,0.111197,-0.993727,0
5660,0,0,0,0,1025,246,6931,516,7447,-0.0108201,0.112489,-0.993594,0
5907,0,0,0,0,1032,249,7188,524,7712,-0.01066,0.112152,-0.993634,0
5678,0,0,0,0,1006,295,6979,554,7533,-0.010705,0.112716,-0.99357,0
5808,0,0,0,0,1058,246,7112,551,7663,-0.00996511,0.114297,-0.993397,0
5885,0,0,0,0,1094,258,7237,521,7758,-0.0104038,0.114655,-0.993351,0
6330,0,0,0,0,1343,248,7921,559,8480,-0.0108881,0.11572,-0.993222,0
5927,0,0,0,0,1053,244,7224,523,7747,-0.0106027,0.115918,-0.993202,0
8771,0,0,0,0,1512,376,10659,687,11346,-0.00968777,0.114674,-0.993356,0
3040,0,0,0,0,539,131,3710,275,3985,-0.0103773,0.114328,-0.993389,0
5916,0,0,0,0,1086,277,7279,521,7800,-0.00792675,0.11179,-0.9937,0
5772,0,0,0,0,990,239,7001,521,7522,-0.00890901,0.114343,-0.993401,0
3917,0,0,0,0,682,163,4762,357,5119,-0.0100806,0.116779,-0.993107,1
5584,0,0,0,0,1007,239,6830,583,7413,-0.0070071,0.117368,-0.993064,1
5923,0,0,0,0,1030,276,7229,458,7687,-0.0086188,0.115749,-0.993241,1
5895,0,0,0,0,972,270,7137,466,7603,-0.0148556,0.112596,-0.99353,1
5888,0,0,0,0,959,243,7090,432,7522,-0.0176954,0.110168,-0.993756,1
5594,0,0,0,0,959,235,6788,370,7158,-0.0160843,0.110984,-0.993692,1
5699,0,0,0,0,1005,236,6940,279,7219,-0.0101211,0.111449,-0.993719,1
3917,0,0,0,0,659,161,4737,298,5035,-0.00804868,0.11294,-0.993569,1
5754,0,0,0,0,1024,268,7046,428,7474,-0.00754336,0.116144,-0.993204,1
5762,0,0,0,0,964,233,6959,450,7409,-0.00810928,0.116713,-0.993133,1
5698,0,0,0,0,1078,344,7120,552,7672,-0.0096539,0.117169,-0.993065,1
5941,0,0,0,0,935,231,7107,457,7564,-0.012094,0.117204,-0.993034,1
5737,0,0,0,0,937,230,6904,417,7321,-0.0124464,0.117456,-0.993,1
5606,0,0,0,0,943,226,6775,422,7197,-0.00912022,0.115133,-0.993308,1
5853,0,0,0,0,979,227,7059,446,7505,-0.00620634,0.113177,-0.993556,1
5691,0,0,0,0,926,230,6847,430,7277,-0.00468238,0.114809,-0.993377,1
5783,0,0,0,0,949,262,6994,408,7402,-0.00463258,0.116436,-0.993187,1
5691,0,0,0,0,929,234,6854,416,7270,-0.004882,0.117688,-0.993039,1
5780,0,0,0,0,926,265,6971,418,7389,-0.00438711,0.120788,-0.992669,1
5773,0,0,0,0,923,222,6918,407,7325,-0.00493855,0.121079,-0.992631,1
5913,0,0,0,0,950,237,7100,413,7513,-0.00705017,0.121158,-0.992608,1
5835,0,0,0,0,916,224,6975,419,7394,-0.00680341,0.122437,-0.992453,1
5828,0,0,0,0,915,255,6998,442,7440,-0.00677704,0.127407,-0.991827,1
5972,0,0,0,0,902,221,7095,402,7497,-0.0046438,0.1319,-0.991252,1
5670,0,0,0,0,921,219,6810,398,7208,-0.00169693,0.128814,-0.991667,1
5650,0,0,0,0,896,215,6761,397,7158,0.00110826,0.125518,-0.992091,1
6222,0,0,0,0,946,219,7387,392,7779,0.00244215,0.124438,-0.992224,1
5747,0,0,0,0,917,218,6882,398,7280,0.00135269,0.125652,-0.992073,1
5757,0,0,0,0,910,215,6882,411,7293,0.000624045,0.125714,-0.992066,1
5934,0,0,0,0,890,215,7039,425,7464,0.00120028,0.128409,-0.991721,1
5957,0,0,0,0,880,213,7050,447,7497,0.00336046,0.132994,-0.991111,1
5893,0,0,0,0,900,212,7005,451,7456,0.00645678,0.138555,-0.990334,1
5756,0,0,0,0,882,207,6845,478,7323,0.00626929,0.141106,-0.989975,1
6151,0,0,0,0,844,202,7197,509,7706,0.0019783,0.134744,-0.990878,1
5848,0,0,0,0,875,228,6951,533,7484,0.00291246,0.106169,-0.994344,1
6675,0,0,0,0,1009,240,7924,594,8518,0.00407389,0.0991165,-0.995067,1
8634,0,0,0,0,816,152,9602,242,9844,0.00259483,0.117274,-0.993096,1
4434,0,0,0,0,631,181,5246,370,5616,0.00600897,0.126092,-0.992,1
5896,0,0,0,0,942,206,7044,535,7579,0.00899762,0.132146,-0.991189,1
6606,0,0,0,0,1000,225,7831,721,8552,0.00454124,0.143678,-0.989614,1
6529,0,0,0,0,921,218,7668,699,8367,0.00528787,0.156599,-0.987648,1
6883,0,0,0,0,900,213,7996,783,8779,0.00750366,0.170608,-0.98531,1
6572,0,0,0,0,936,215,7723,808,8531,0.0110397,0.173827,-0.984714,1
6595,0,0,0,0,935,238,7768,794,8562,0.0242903,0.216514,-0.975977,1
4333,0,0,0,0,493,122,4948,309,5257,0.0188089,0.178851,-0.983696,1
3276,0,0,0,0,504,120,3900,316,4216,0.0118818,0.14658,-0.989127,1
7533,0,0,0,0,942,223,8698,559,9257,-0.00162797,0.149923,-0.988696,1
6766,0,0,0,0,1065,256,8087,648,8735,0.000241601,0.141629,-0.98992,1
6765,0,0,0,0,1096,268,8129,581,8710,0.00495763,0.133298,-0.991064,1
6005,0,0,0,0,1491,296,7792,614,8406,0.0112367,0.131484,-0.991255,1
6032,0,0,0,0,1100,257,7389,573,7962,0.0195734,0.13755,-0.990301,1
6948,0,0,0,0,1333,322,8603,605,9208,0.0254975,0.135531,-0.990445,1
6708,0,0,0,0,1184,207,8099,388,8487,0.0241591,0.135796,-0.990442,1
5991,0,0,0,0,1143,312,7446,438,7884,0.0238294,0.141451,-0.989658,1
7036,0,0,0,0,1770,417,9223,504,9727,0.0176452,0.130508,-0.99129,1
6670,0,0,0,0,1250,296,8216,492,8708,0.0146458,0.135006,-0.990737,1
6710,0,0,0,0,1202,298,8210,460,8670,0.00429441,0.125275,-0.992113,1
6658,0,0,0,0,1243,290,8191,470,8661,0.0021125,0.130495,-0.991447,1
6657,0,0,0,0,1184,312,8153,409,8562,-0.00137321,0.119901,-0.992785,1
6526,0,0,0,0,1131,280,7937,414,8351,-0.00531157,0.114189,-0.993445,1
6936,0,0,0,0,1131,282,8349,461,8810,-0.000176391,0.12047,-0.992717,1
6624,0,0,0,0,1178,286,8088,428,8516,0.0119394,0.120379,-0.992656,1
6805,0,0,0,0,1205,247,8257,426,8683,0.0258914,0.11888,-0.992571,1
5908,0,0,0,0,1079,240,7227,390,7617,0.0205613,0.111293,-0.993575,1
6652,0,0,0,0,1034,259,7945,486,8431,0.00940344,0.122884,-0.992376,1
6608,0,0,0,0,953,243,7804,432,8236,0.00707609,0.113543,-0.993508,1
7503,0,0,0,0,858,219,8580,416,8996,0.0155044,0.143745,-0.989493,1
6534,0,0,0,0,621,159,7314,455,7769,0.0307779,0.153311,-0.987699,1
6526,0,0,0,0,528,166,7220,440,7660,0.0354711,0.183253,-0.982426,1
6129,0,0,0,0,552,134,6815,457,7272,0.0322476,0.154563,-0.987457,1
6221,0,0,0,0,538,141,6900,397,7297,0.0254849,0.173428,-0.984517,1
6173,0,0,0,0,685,169,7027,384,7411,0.029722,0.155771,-0.987346,1
6652,0,0,0,0,780,198,7630,430,8060,0.0294091,0.173848,-0.984333,1
6620,0,0,0,0,931,240,7791,400,8191,0.0173361,0.242308,-0.970044,1
7065,0,0,0,0,960,244,8269,381,8650,0.0140834,0.367707,-0.929835,1
4288,0,0,0,0,670,163,5121,221,5342,0.00375901,0.491887,-0.870651,1
6731,0,0,0,0,1013,241,7985,338,8323,-0.00419832,0.591683,-0.80616,1
3666,0,0,0,0,495,141,4302,139,4441,-0.0134743,0.647877,-0.761626,1
6491,0,0,0,0,985,239,7715,-1000,-1000,-1,-1,-1,1
6675,0,0,0,0,964,236,7875,456,8331,0.0087893,0.0204213,-0.999753,1
7532,0,0,0,0,972,230,8734,487,9221,0.0137605,-0.00534206,-0.999891,1
6668,0,0,0,0,881,211,7760,535,8295,0.00186479,0.0107484,-0.99994,1
4681,0,0,0,0,814,178,5673,340,6013,-0.00536251,0.0147107,-0.999877,1
6650,0,0,0,0,823,229,7702,341,8043,0.0204765,0.0471409,-0.998678,1
6865,0,0,0,0,874,189,7928,336,8264,0.0586144,0.0744587,-0.9955,1
6458,0,0,0,0,751,168,7377,379,7756,0.0828916,0.0972086,-0.991806,1
4108,0,0,0,0,498,115,4721,307,5028,0.0738224,0.111765,-0.990989,1
6173,0,0,0,0,1222,240,7635,510,8145,0.0798937,0.122339,-0.989268,1
6185,0,0,0,0,858,193,7236,462,7698,0.0842861,0.144494,-0.985909,1
7077,0,0,0,0,877,206,8160,426,8586,0.0810985,0.179101,-0.980483,1
6156,0,0,0,0,924,239,7319,407,7726,0.052776,0.228819,-0.972037,1
6107,0,0,0,0,906,228,7241,375,7616,0.0235483,0.286863,-0.957682,1
6109,0,0,0,0,1186,320,7615,517,8132,-0.00446668,0.375654,-0.926749,1
6029,0,0,0,0,915,230,7174,417,7591,0.003776,0.469406,-0.882975,1
6957,0,0,0,0,911,217,8085,399,8484,0.017392,0.541831,-0.840308,1
6047,0,0,0,0,860,204,7111,389,7500,0.0450705,0.6423,-0.765127,1
6800,0,0,0,0,885,215,7900,-1000,-1000,-1,-1,-1,1
6084,0,0,0,0,730,180,6994,401,7395,-0.0161548,-0.0629152,-0.997888,1
5968,0,0,0,0,828,186,6982,395,7377,-0.0362954,-0.0603716,-0.997516,1
5888,0,0,0,0,719,180,6787,371,7158,-0.0468022,-0.056168,-0.997324,1
6724,0,0,0,0,816,199,7739,430,8169,-0.0635206,-0.0467326,-0.996886,1
5970,0,0,0,0,1077,214,7261,445,7706,-0.0575833,-0.0408408,-0.997505,1
6364,0,0,0,0,705,177,7246,368,7614,-0.0325513,0.0225929,-0.999215,1
5763,0,0,0,0,797,191,6751,423,7174,-0.0127587,0.0767048,-0.996972,1
5958,0,0,0,0,840,205,7003,396,7399,-0.0109605,0.0743365,-0.997173,1
5865,0,0,0,0,925,222,7012,406,7418,-0.0169319,0.0537118,-0.998413,1
5877,0,0,0,0,917,230,7024,411,7435,-0.0208483,0.0152697,-0.999666,1
5805,0,0,0,0,949,236,6990,321,7311,-0.0156315,0.00269895,-0.999874,1
6265,0,0,0,0,943,235,7443,291,7734,-0.0196797,0.0177052,-0.99965,1
5692,0,0,0,0,902,251,6845,307,7152,-0.0188245,0.0270852,-0.999456,1
5887,0,0,0,0,1152,250,7289,339,7628,-0.0177636,0.0230223,-0.999577,1
5894,0,0,0,0,978,243,7115,402,7517,-0.0162727,0.0405711,-0.999044,1
6938,0,0,0,0,979,241,8158,458,8616,-0.0211264,0.0502236,-0.998515,1
6211,0,0,0,0,904,224,7339,544,7883,-0.0378417,0.0617583,-0.997374,1
7743,0,0,0,0,867,214,8824,569,9393,-0.039283,0.0874621,-0.995393,1
7819,0,0,0,0,879,255,8953,757,9710,-0.0252978,0.0889246,-0.995717,1
6419,0,0,0,0,869,206,7494,926,8420,0.00227887,0.140166,-0.990125,1
6590,0,0,0,0,848,228,7666,952,8618,0.0125719,0.159848,-0.987062,1
4310,0,0,0,0,544,127,4981,491,5472,0.0030986,0.137303,-0.990524,1
6415,0,0,0,0,862,202,7479,732,8211,-0.012858,0.129675,-0.991473,1
7356,0,0,0,0,917,224,8497,715,9212,-0.0223028,0.131881,-0.991015,1
6474,0,0,0,0,1020,229,7723,601,8324,-0.0167233,0.0976949,-0.995076,1
7514,0,0,0,0,999,229,8742,494,9236,-0.0129843,0.124209,-0.992171,1
6463,0,0,0,0,1003,165,7631,233,7864,-0.00639864,0.128361,-0.991707,1
4161,0,0,0,0,696,191,5048,231,5279,-0.0724506,0.175262,-0.981852,1
6317,0,0,0,0,905,210,7432,205,7637,-0.0162185,0.237647,-0.971216,1
5483,0,0,0,0,699,144,6326,123,6449,0.0041298,0.139294,-0.990242,1
2936,0,0,0,0,447,111,3494,138,3632,0.0137032,0.0336065,-0.999341,1
4113,0,0,0,0,643,160,4916,243,5159,-0.0154745,0.0504802,-0.998605,1
6266,0,0,0,0,854,217,7337,297,7634,-0.0322038,0.0666238,-0.997258,1
5423,0,0,0,0,846,209,6478,313,6791,-0.0265885,0.0731217,-0.996969,1
5600,0,0,0,0,815,206,6621,302,6923,-0.0278503,0.0493474,-0.998393,1
6267,0,0,0,0,781,193,7241,331,7572,-0.0310002,0.0441322,-0.998545,1
5545,0,0,0,0,662,167,6374,329,6703,-0.0271089,0.0460361,-0.998572,1
5745,0,0,0,0,584,151,6480,340,6820,-0.0405854,0.0703872,-0.996694,1
5407,0,0,0,0,547,144,6098,331,6429,-0.0399082,0.0634122,-0.997189,1
5832,0,0,0,0,487,125,6444,339,6783,-0.0310824,0.0450221,-0.998502,1
5793,0,0,0,0,472,158,6423,426,6849,-0.0152596,0.00210748,-0.999881,1
5413,0,0,0,0,519,134,6066,385,6451,-0.0138516,-0.00806893,-0.999872,1
5730,0,0,0,0,601,154,6485,382,6867,0.000717886,-0.0331153,-0.999451,1
6115,0,0,0,0,682,174,6971,404,7375,-0.0179311,-0.00697351,-0.999815,1
6961,0,0,0,0,879,218,8058,367,8425,-0.0515831,0.016882,-0.998526,1
7440,0,0,0,0,904,234,8578,410,8988,-0.0628972,0.0047653,-0.998009,1
6392,0,0,0,0,948,211,7551,326,7877,-0.0698152,0.02528,-0.99724,1
5933,0,0,0,0,841,243,7017,353,7370,-0.0713599,0.0066175,-0.997429,1
5827,0,0,0,0,868,209,6904,449,7353,-0.0659255,0.0187525,-0.997648,1
6792,0,0,0,0,1007,226,8025,480,8505,-0.0616729,0.0241795,-0.997803,1
5966,0,0,0,0,832,193,6991,372,7363,-0.0800758,0.0709245,-0.994262,1
5797,0,0,0,0,780,198,6775,278,7053,-0.10269,0.156179,-0.982376,1
7617,0,0,0,0,786,174,8577,237,8814,-0.113322,0.251359,-0.961237,1
5848,0,0,0,0,705,163,6716,241,6957,-0.121332,0.314019,-0.941632,1
5956,0,0,0,0,700,173,6829,233,7062,-0.133967,0.399682,-0.906811,1
5856,0,0,0,0,728,162,6746,220,6966,-0.127514,0.436635,-0.890556,1
6113,0,0,0,0,748,166,7027,224,7251,-0.112553,0.474769,-0.872884,1
5789,0,0,0,0,730,163,6682,220,6902,-0.0851458,0.537024,-0.839259,1
7050,0,0,0,0,861,198,8109,290,8399,-0.0574304,0.574582,-0.816429,1
8722,0,0,0,0,1139,241,10102,305,10407,-0.0329402,0.613057,-0.789352,1
6024,0,0,0,0,680,160,6864,-1000,-1000,-1,-1,-1,1
5818,0,0,0,0,684,187,6689,798,7487,-0.0294665,0.0655755,-0.997412,1
3911,0,0,0,0,420,101,4432,419,4851,-0.0281738,0.034969,-0.998991,1
6991,0,0,0,0,639,159,7789,599,8388,-0.0445875,0.058441,-0.997295,1
6348,0,0,0,0,615,147,7110,471,7581,-0.0503927,0.0694031,-0.996315,1
6386,0,0,0,0,505,129,7020,432,7452,-0.0525289,0.0725224,-0.995982,1
2051,0,0,0,0,157,39,2247,143,2390,-0.0516023,0.025443,-0.998344,1
4170,0,0,0,0,329,82,4581,291,4872,-0.0517428,0.0309019,-0.998182,1
6197,0,0,0,0,543,122,6862,327,7189,-0.0597543,0.139488,-0.988419,1
5454,0,0,0,0,518,131,6103,272,6375,-0.0646944,0.176077,-0.982248,1
5595,0,0,0,0,563,147,6305,276,6581,-0.0500224,0.204499,-0.977588,1
5665,0,0,0,0,632,155,6452,264,6716,-0.0344079,0.215897,-0.97581,1
5643,0,0,0,0,693,178,6514,234,6748,-0.0368211,0.186249,-0.981812,1
5675,0,0,0,0,810,216,6701,269,6970,-0.0310549,0.127,-0.991417,1
5785,0,0,0,0,823,231,6839,250,7089,-0.026715,0.136226,-0.990317,1
5566,0,0,0,0,949,217,6732,246,6978,-0.0189402,0.139572,-0.990031,1
6172,0,0,0,0,989,239,7400,298,7698,-0.013104,0.121949,-0.99245,1
5312,0,0,0,0,849,208,6369,284,6653,-0.00966835,0.12645,-0.991926,1
5575,0,0,0,0,873,205,6653,263,6916,-0.0176694,0.114407,-0.993277,1
6004,0,0,0,0,856,228,7088,261,7349,-0.0133155,0.105454,-0.994335,1
6059,0,0,0,0,814,202,7075,344,7419,-0.00926482,0.0910454,-0.995804,1
6016,0,0,0,0,744,181,6941,449,7390,-0.0167815,0.0945621,-0.995377,1
6464,0,0,0,0,752,179,7395,631,8026,-0.0271356,0.0754659,-0.996779,1
6430,0,0,0,0,733,171,7334,773,8107,-0.0391339,0.0701217,-0.996771,1
5740,0,0,0,0,616,143,6499,522,7021,-0.0319645,0.059489,-0.997717,1
5937,0,0,0,0,594,139,6670,456,7126,-0.0305352,0.0575249,-0.997877,1
5633,0,0,0,0,637,145,6415,485,6900,-0.0403442,0.056588,-0.997582,1
6538,0,0,0,0,629,149,7316,537,7853,-0.0392044,0.0697338,-0.996795,1
6452,0,0,0,0,705,165,7322,475,7797,-0.0371885,0.0552869,-0.997778,1
6452,0,0,0,0,717,167,7336,275,7611,-0.0313749,0.0799785,-0.996303,1
6064,0,0,0,0,666,162,6892,313,7205,-0.0426403,0.102404,-0.993829,1
6054,0,0,0,0,629,155,6838,257,7095,-0.0234973,0.157099,-0.987303,1
5783,0,0,0,0,677,174,6634,249,6883,-0.00579227,0.203922,-0.97897,1
5686,0,0,0,0,661,162,6509,261,6770,0.00509604,0.264084,-0.964486,1
5224,0,0,0,0,627,157,6008,237,6245,0.005935,0.215587,-0.976467,1
5702,0,0,0,0,749,189,6640,248,6888,0.0129232,0.231398,-0.972773,1
5755,0,0,0,0,823,205,6783,259,7042,0.0117641,0.115943,-0.993186,1
5978,0,0,0,0,850,238,7066,320,7386,0.0108571,0.0435347,-0.998993,1
5955,0,0,0,0,850,211,7016,265,7281,5.96193e-06,0.0438364,-0.999039,1
6004,0,0,0,0,794,200,6998,228,7226,-0.0386868,0.0401452,-0.998445,1
4168,0,0,0,0,518,122,4808,129,4937,-0.0611271,0.0295957,-0.997691,1
4701,0,0,0,0,520,125,5346,149,5495,-0.0756951,0.0639377,-0.995079,1
6361,0,0,0,0,701,183,7245,264,7509,-0.0827209,0.131933,-0.987801,1
5825,0,0,0,0,482,122,6429,227,6656,-0.0852964,0.198491,-0.976384,1
6204,0,0,0,0,427,113,6744,228,6972,-0.0799188,0.22581,-0.970888,1
5816,0,0,0,0,403,108,6327,245,6572,-0.0707766,0.233273,-0.969832,1
6225,0,0,0,0,422,113,6760,243,7003,-0.0546461,0.212348,-0.975665,1
5980,0,0,0,0,410,109,6499,264,6763,-0.0504982,0.214654,-0.975384,1
5953,0,0,0,0,446,115,6514,290,6804,-0.042168,0.246703,-0.968173,1
6030,0,0,0,0,501,129,6660,280,6940,-0.0182533,0.146387,-0.989059,1
6180,0,0,0,0,594,151,6925,276,7201,-0.00321974,0.0442079,-0.999017,1
6326,0,0,0,0,641,167,7134,280,7414,-0.00412486,0.0444437,-0.999003,1
5841,0,0,0,0,625,163,6629,304,6933,-0.00339383,0.0380252,-0.999271,1
5975,0,0,0,0,672,173,6820,320,7140,0.00438876,0.0203371,-0.999784,1
6748,0,0,0,0,894,214,7856,346,8202,0.00861841,0.00973099,-0.999916,1
6082,0,0,0,0,581,148,6811,234,7045,0.00361932,-0.00509363,-0.99998,1
4558,0,0,0,0,627,155,5340,267,5607,-0.00142528,0.00713056,-0.999974,1
6663,0,0,0,0,941,240,7844,379,8223,-0.0099569,0.0869254,-0.996165,1
6918,0,0,0,0,942,237,8097,339,8436,-0.0238931,0.11527,-0.993047,1
7653,0,0,0,0,926,262,8841,384,9225,-0.0339004,0.132175,-0.990647,1
4372,0,0,0,0,605,173,5150,220,5370,-0.0361605,0.117083,-0.992464,1
7032,0,0,0,0,904,249,8185,315,8500,-0.0265147,0.123596,-0.991978,1
6319,0,0,0,0,870,212,7401,309,7710,-0.0156968,0.140876,-0.989903,1
6533,0,0,0,0,867,209,7609,292,7901,-0.018276,0.143899,-0.989423,1
6309,0,0,0,0,837,202,7348,361,7709,-0.0360452,0.131135,-0.990709,1
6349,0,0,0,0,812,193,7354,301,7655,-0.0711383,0.153818,-0.985535,1
6785,0,0,0,0,812,211,7808,286,8094,-0.0760712,0.142482,-0.98687,1
6053,0,0,0,0,544,126,6723,199,6922,-0.082537,0.132057,-0.9878,1
3228,0,0,0,0,407,94,3729,176,3905,-0.0654845,0.111151,-0.991644,1
6667,0,0,0,0,794,189,7650,330,7980,-0.0610495,0.110143,-0.992039,1
6614,0,0,0,0,777,180,7571,359,7930,-0.065265,0.0902445,-0.993779,1
6444,0,0,0,0,773,208,7425,367,7792,-0.0710777,0.0760227,-0.99457,1
6795,0,0,0,0,778,186,7759,381,8140,-0.0572613,0.0647082,-0.99626,1
6781,0,0,0,0,854,206,7841,452,8293,-0.0282437,0.0548009,-0.998098,1
6571,0,0,0,0,806,180,7557,447,8004,0.00422179,0.0440429,-0.999021,1
7020,0,0,0,0,874,187,8081,513,8594,0.0261065,0.0447869,-0.998655,1
6630,0,0,0,0,785,180,7595,498,8093,0.0375542,0.0413861,-0.998437,1
7317,0,0,0,0,830,181,8328,518,8846,0.0628701,0.0281779,-0.997624,1
6590,0,0,0,0,821,182,7593,734,8327,0.0795678,0.0167918,-0.996688,1
7015,0,0,0,0,813,203,8031,753,8784,0.0818187,-0.000809204,-0.996647,1
4363,0,0,0,0,449,90,4902,366,5268,0.0757773,-0.00786989,-0.997094,1
2877,0,0,0,0,346,83,3306,379,3685,0.0689279,-0.0151689,-0.997506,1
6962,0,0,0,0,787,195,7944,865,8809,0.0557853,-0.014016,-0.998344,1
6431,0,0,0,0,784,182,7397,934,8331,0.0429878,-0.015878,-0.998949,1
6831,0,0,0,0,783,183,7797,998,8795,0.0278417,-0.012485,-0.999534,1
6419,0,0,0,0,1169,216,7804,1018,8822,0.0233098,-0.000410456,-0.999728,1
6408,0,0,0,0,753,175,7336,1023,8359,0.0328351,0.00862111,-0.999424,1
6877,0,0,0,0,805,182,7864,1098,8962,0.0419966,0.0215959,-0.998884,1
6535,0,0,0,0,725,175,7435,868,8303,0.0402446,0.0289732,-0.99877,1
6600,0,0,0,0,747,174,7521,849,8370,0.042243,0.05924,-0.99735,1
6695,0,0,0,0,694,168,7557,815,8372,0.0311975,0.0774466,-0.996508,1
6768,0,0,0,0,713,167,7648,711,8359,0.0188338,0.0924038,-0.995544,1
7203,0,0,0,0,655,163,8021,669,8690,0.00534489,0.10453,-0.994507,1
6389,0,0,0,0,625,150,7164,615,7779,0.00442435,0.111263,-0.993781,1
6328,0,0,0,0,614,147,7089,560,7649,0.000388919,0.0970815,-0.995276,1
6378,0,0,0,0,603,141,7122,583,7705,0.00111212,0.0758159,-0.997121,1
6436,0,0,0,0,650,144,7230,578,7808,-0.0008466,0.0590819,-0.998253,1
6490,0,0,0,0,556,148,7194,549,7743,-0.000617884,0.0354185,-0.999372,1
6665,0,0,0,0,547,140,7352,550,7902,0.00442189,0.0338636,-0.999417,1
6616,0,0,0,0,544,140,7300,519,7819,0.00695531,0.0288991,-0.999558,1
6348,0,0,0,0,543,148,7039,469,7508,0.0107194,-0.00159002,-0.999941,1
6379,0,0,0,0,543,152,7074,442,7516,0.00172146,0.0140926,-0.999899,1
6166,0,0,0,0,543,136,6845,439,7284,-0.00925296,0.028491,-0.999551,1
6460,0,0,0,0,559,143,7162,394,7556,-0.00146551,0.037166,-0.999308,1
6452,0,0,0,0,622,150,7224,413,7637,-0.00984406,0.0459741,-0.998894,1
6384,0,0,0,0,617,155,7156,354,7510,-0.00598762,0.0475106,-0.998853,1
6433,0,0,0,0,609,157,7199,323,7522,0.00179329,0.0624187,-0.998048,1
6252,0,0,0,0,610,156,7018,334,7352,0.012936,0.0474525,-0.99879,1
6551,0,0,0,0,680,164,7395,328,7723,0.0111025,0.0651502,-0.997814,1
6471,0,0,0,0,704,181,7356,331,7687,-0.00269697,0.193394,-0.981117,1
6514,0,0,0,0,771,196,7481,310,7791,-0.0102771,0.115353,-0.993271,1
4250,0,0,0,0,570,140,4960,222,5182,-0.0193848,0.0840543,-0.996273,1
6267,0,0,0,0,901,224,7392,334,7726,-0.0348225,0.0678133,-0.99709,1
6287,0,0,0,0,997,284,7568,361,7929,-0.0383049,0.0785213,-0.996176,1
6465,0,0,0,0,980,245,7690,324,8014,-0.0457167,0.0860581,-0.995241,1
6304,0,0,0,0,943,232,7479,325,7804,-0.0354332,0.0994532,-0.994411,1
6002,0,0,0,0,920,227,7149,316,7465,-0.0219436,0.126181,-0.991765,1
6123,0,0,0,0,881,221,7225,328,7553,-0.00714038,0.117984,-0.99299,1
6075,0,0,0,0,835,203,7113,368,7481,0.00280407,0.133145,-0.991093,1
5937,0,0,0,0,752,180,6869,348,7217,0.007128,0.0955301,-0.995401,1
6073,0,0,0,0,715,173,6961,538,7499,0.00682303,0.0596899,-0.998194,1
6167,0,0,0,0,692,163,7022,709,7731,0.0158488,0.0857968,-0.996187,1
6303,0,0,0,0,626,148,7077,635,7712,0.032732,0.0889214,-0.995501,1
6133,0,0,0,0,628,147,6908,568,7476,0.0232481,0.0902523,-0.995648,1
6875,0,0,0,0,751,165,7791,556,8347,0.0205991,0.104705,-0.99429,1
6373,0,0,0,0,865,197,7435,505,7940,0.0326464,0.149306,-0.988252,1
6346,0,0,0,0,740,168,7254,456,7710,0.0430175,0.184031,-0.981979,1
6438,0,0,0,0,769,177,7384,390,7774,0.042401,0.239171,-0.970051,1
6124,0,0,0,0,739,173,7036,380,7416,0.0388728,0.255917,-0.965917,1
6137,0,0,0,0,725,177,7039,350,7389,0.0268837,0.285973,-0.95786,1
5888,0,0,0,0,707,172,6767,360,7127,0.0313064,0.315242,-0.948495,1
6376,0,0,0,0,694,177,7247,311,7558,0.0145136,0.344442,-0.938695,1
6500,0,0,0,0,797,180,7477,286,7763,0.00682374,0.381036,-0.924535,1
5812,0,0,0,0,719,184,6715,303,7018,0.00482175,0.43371,-0.901039,1
6001,0,0,0,0,686,174,6861,266,7127,0.00885297,0.462781,-0.886428,1
5765,0,0,0,0,693,173,6631,271,6902,0.0038677,0.502916,-0.864327,1
5864,0,0,0,0,711,180,6755,261,7016,-0.00866169,0.539021,-0.842247,1
5883,0,0,0,0,718,181,6782,255,7037,-0.0185214,0.575701,-0.817451,1
5948,0,0,0,0,835,184,6967,265,7232,-0.0250827,0.620884,-0.783501,1
6070,0,0,0,0,749,182,7001,243,7244,-0.0469185,0.660724,-0.749161,1
6139,0,0,0,0,745,194,7078,220,7298,-0.0427338,0.688473,-0.724002,1
6107,0,0,0,0,781,186,7074,-1000,-1000,-1,-1,-1,1
6021,0,0,0,0,700,177,6898,309,7207,-0.0125546,0.0905752,-0.99581,1
6278,0,0,0,0,650,167,7095,338,7433,-0.0145636,0.152743,-0.988159,1
6292,0,0,0,0,591,149,7032,333,7365,-0.0135099,0.138872,-0.990218,1
6146,0,0,0,0,506,135,6787,329,7116,-0.0240123,0.125925,-0.991749,1
6295,0,0,0,0,472,126,6893,287,7180,-0.0254433,0.129862,-0.991206,1
6139,0,0,0,0,430,108,6677,315,6992,-0.0112116,0.126138,-0.991949,1
4272,0,0,0,0,329,78,4679,203,4882,0.00671094,0.0514682,-0.998652,1
6380,0,0,0,0,469,124,6973,309,7282,0.0180296,0.00801677,-0.999805,1
6043,0,0,0,0,472,116,6631,287,6918,0.0103242,-0.00345572,-0.999941,1
5419,0,0,0,0,488,126,6033,303,6336,0.00682694,0.0215683,-0.999744,1
5405,0,0,0,0,536,138,6079,301,6380,-0.00243848,-0.0418453,-0.999121,1
6092,0,0,0,0,618,156,6866,335,7201,-0.0136456,-0.0914115,-0.99572,1
6379,0,0,0,0,663,172,7214,337,7551,-0.0197706,-0.0618996,-0.997886,1
5694,0,0,0,0,754,184,6632,350,6982,-0.0177502,-0.0341789,-0.999258,1
6549,0,0,0,0,844,234,7627,404,8031,-0.0180515,0.0074244,-0.99981,1
6122,0,0,0,0,806,203,7131,387,7518,-0.00880697,-0.0379643,-0.99924,1
4039,0,0,0,0,616,159,4814,289,5103,0.00851718,-0.0588111,-0.998233,1
7328,0,0,0,0,1015,282,8625,475,9100,0.0252539,-0.0568166,-0.998065,1
5220,0,0,0,0,600,152,5972,314,6286,0.0326288,-0.0597353,-0.997681,1
6844,0,0,0,0,903,197,7944,484,8428,0.0344722,-0.0662234,-0.997209,1
5768,0,0,0,0,775,187,6730,464,7194,0.0303022,-0.0507714,-0.99825,1
5943,0,0,0,0,757,182,6882,562,7444,0.0379253,-0.0392373,-0.99851,1
5745,0,0,0,0,745,179,6669,547,7216,0.0544008,-0.0369457,-0.997835,1
6588,0,0,0,0,923,218,7729,614,8343,0.0771625,-0.0119479,-0.996947,1
6739,0,0,0,0,760,176,7675,502,8177,0.0946243,0.0107378,-0.995455,1
5941,0,0,0,0,718,164,6823,488,7311,0.104958,0.0402934,-0.99366,1
5899,0,0,0,0,663,155,6717,506,7223,0.0836925,0.065056,-0.994366,1
5747,0,0,0,0,702,156,6605,530,7135,0.0606562,0.0962701,-0.993505,1
5883,0,0,0,0,707,156,6746,511,7257,0.0383259,0.1397,-0.989452,1
5725,0,0,0,0,670,153,6548,474,7022,0.0206049,0.162972,-0.986415,1
6144,0,0,0,0,653,153,6950,476,7426,-0.0172191,0.30624,-0.951798,1
6587,0,0,0,0,673,153,7413,427,7840,-0.0294837,0.352974,-0.935169,1
5828,0,0,0,0,433,115,6376,301,6677,-0.0339304,0.345955,-0.937637,1
3995,0,0,0,0,404,96,4495,309,4804,-0.0394291,0.386651,-0.921383,1
5728,0,0,0,0,612,139,6479,404,6883,-0.0489276,0.464014,-0.884475,1
6531,0,0,0,0,588,138,7257,371,7628,-0.0467137,0.515129,-0.855839,1
6583,0,0,0,0,521,134,7238,342,7580,-0.0577402,0.555468,-0.829531,1
5597,0,0,0,0,518,126,6241,354,6595,-0.0696909,0.604831,-0.793299,1
5595,0,0,0,0,480,122,6197,371,6568,-0.0804134,0.664787,-0.742692,1
5617,0,0,0,0,508,124,6249,-1000,-1000,-1,-1,-1,1
5782,0,0,0,0,476,122,6380,332,6712,-0.0458791,0.0185513,-0.998775,1
5700,0,0,0,0,500,134,6334,319,6653,-0.0661706,0.0112631,-0.997745,1
5542,0,0,0,0,533,131,6206,348,6554,-0.0731853,0.0035233,-0.997312,1
5617,0,0,0,0,561,141,6319,300,6619,-0.0778259,0.00862646,-0.99693,1
6093,0,0,0,0,665,152,6910,297,7207,-0.0552954,-0.00945038,-0.998425,1
5757,0,0,0,0,656,155,6568,295,6863,-0.037908,0.0060687,-0.999263,1
5773,0,0,0,0,648,164,6585,273,6858,-0.0216863,0.00591395,-0.999747,1
6269,0,0,0,0,784,199,7252,309,7561,-0.0237541,0.0141224,-0.999618,1
6259,0,0,0,0,866,216,7341,307,7648,-0.0194695,0.00657625,-0.999789,1
6196,0,0,0,0,862,200,7258,305,7563,-0.0266951,0.0121639,-0.99957,1
6224,0,0,0,0,946,236,7406,327,7733,-0.0349016,0.0173773,-0.99924,1
6171,0,0,0,0,942,274,7387,329,7716,-0.0381331,0.0605113,-0.997439,1
6190,0,0,0,0,983,240,7413,278,7691,-0.0257488,0.0367696,-0.998992,1
6037,0,0,0,0,904,230,7171,257,7428,-0.020252,0.0599382,-0.997997,1
5987,0,0,0,0,895,249,7131,248,7379,-0.066457,0.186946,-0.98012,1
6011,0,0,0,0,864,212,7087,283,7370,-0.0602047,0.130609,-0.989604,1
6178,0,0,0,0,767,129,7074,180,7254,-0.0522503,0.0660289,-0.996449,1
6355,0,0,0,0,716,199,7270,346,7616,-0.0540571,0.115809,-0.991799,1
4189,0,0,0,0,454,111,4754,336,5090,-0.0285881,0.252795,-0.967098,1
6652,0,0,0,0,719,163,7534,703,8237,-0.00939131,0.256664,-0.966455,1
4897,0,0,0,0,406,95,5398,310,5708,0.00196634,0.218527,-0.975829,1
5123,0,0,0,0,496,119,5738,297,6035,-0.00575173,0.282901,-0.959132,1
6572,0,0,0,0,642,155,7369,356,7725,-0.0366374,0.359,-0.932618,1
6291,0,0,0,0,649,152,7092,356,7448,-0.0296426,0.41422,-0.909694,1
6212,0,0,0,0,679,182,7073,346,7419,0.0280399,0.545288,-0.83778,1
6288,0,0,0,0,654,157,7099,364,7463,0.0440414,0.589469,-0.806589,1
4616,0,0,0,0,398,97,5111,216,5327,0.0388828,0.593421,-0.803953,1
2841,0,0,0,0,323,76,3240,176,3416,0.0332772,0.623121,-0.781417,1
6327,0,0,0,0,686,157,7170,358,7528,0.021591,0.700219,-0.713602,1
7066,0,0,0,0,740,186,7992,-1000,-1000,-1,-1,-1,1
5703,0,0,0,0,713,174,6590,290,6880,-0.0104886,0.053718,-0.998501,1
5554,0,0,0,0,777,185,6516,280,6796,-0.0148473,0.0721008,-0.997287,1
5479,0,0,0,0,784,183,6446,245,6691,-0.00316263,0.0777037,-0.996972,1
6041,0,0,0,0,699,205,6945,236,7181,-0.0106006,0.134626,-0.99084,1
5576,0,0,0,0,672,167,6415,260,6675,-0.029142,0.163212,-0.986161,1
3859,0,0,0,0,434,116,4409,176,4585,-0.0149861,0.107736,-0.994067,1
2907,0,0,0,0,322,77,3306,148,3454,-0.00281791,0.0691228,-0.997604,1
2708,0,0,0,0,261,79,3048,126,3174,0.00644357,0.0605845,-0.998142,1
6396,0,0,0,0,518,135,7049,307,7356,0.0158386,0.0306936,-0.999403,1
5830,0,0,0,0,416,109,6355,264,6619,0.0133307,0.0485493,-0.998732,1
5538,0,0,0,0,389,102,6029,273,6302,0.00667889,0.0384566,-0.999238,1
5596,0,0,0,0,371,94,6061,305,6366,0.0094562,0.0650132,-0.99784,1
5335,0,0,0,0,341,90,5766,287,6053,0.01235,0.0625843,-0.997963,1
5384,0,0,0,0,343,91,5818,278,6096,0.00985072,0.129516,-0.991528,1
4811,0,0,0,0,256,68,5135,197,5332,0.00940211,0.0719108,-0.997367,1
2895,0,0,0,0,227,60,3182,154,3336,0.00604228,-0.0109396,-0.999922,1
5568,0,0,0,0,516,146,6230,299,6529,0.013103,-0.0679839,-0.9976,1
5884,0,0,0,0,622,157,6663,326,6989,0.0157826,-0.0865292,-0.996124,1
6699,0,0,0,0,779,200,7678,391,8069,0.0210783,-0.106291,-0.994112,1
6792,0,0,0,0,874,267,7933,438,8371,0.00541319,-0.0283676,-0.999583,1
5470,0,0,0,0,557,139,6166,270,6436,0.00185657,-0.0469334,-0.998896,1
2966,0,0,0,0,444,109,3519,241,3760,0.00636573,-0.0928619,-0.995659,1
5778,0,0,0,0,830,207,6815,466,7281,0.0122533,-0.0963156,-0.995275,1
6914,0,0,0,0,940,226,8080,666,8746,0.0245371,-0.0844282,-0.996127,1
6496,0,0,0,0,1129,314,7939,543,8482,0.0389539,-0.0527409,-0.997848,1
4612,0,0,0,0,581,165,5358,423,5781,0.0655514,-0.0361479,-0.997194,1
4543,0,0,0,0,576,132,5251,415,5666,0.10337,0.00207526,-0.994641,1
6165,0,0,0,0,740,169,7074,496,7570,0.123298,0.0280258,-0.991974,1
6939,0,0,0,0,693,169,7801,487,8288,0.125715,0.05478,-0.990553,1
6512,0,0,0,0,756,182,7450,570,8020,0.106955,0.122708,-0.986663,1
6381,0,0,0,0,750,167,7298,564,7862,0.097478,0.174387,-0.97984,1
4338,0,0,0,0,493,110,4941,338,5279,0.0977597,0.158193,-0.982557,1
3167,0,0,0,0,369,83,3619,247,3866,0.101261,0.164821,-0.981112,1
6115,0,0,0,0,632,148,6895,425,7320,0.100127,0.224205,-0.969385,1
6616,0,0,0,0,732,158,7506,483,7989,0.0974437,0.262435,-0.960017,1
6500,0,0,0,0,693,189,7382,502,7884,0.0856639,0.301961,-0.949464,1
6353,0,0,0,0,676,151,7180,472,7652,0.0586904,0.34107,-0.938204,1
6447,0,0,0,0,635,155,7237,445,7682,0.026549,0.373291,-0.927334,1
5971,0,0,0,0,539,130,6640,388,7028,-0.0050049,0.415704,-0.909486,1
5534,0,0,0,0,559,134,6227,361,6588,-0.0183061,0.471866,-0.88148,1
6440,0,0,0,0,624,153,7217,398,7615,-0.0181477,0.526423,-0.850029,1
5828,0,0,0,0,567,138,6533,347,6880,0.000756246,0.571682,-0.820475,1
6226,0,0,0,0,628,153,7007,407,7414,0.0228669,0.635074,-0.772113,1
6471,0,0,0,0,614,163,7248,-1000,-1000,-1,-1,-1,1
6653,0,0,0,0,602,152,7407,375,7782,0.005301,0.0510041,-0.998684,1
3219,0,0,0,0,303,78,3600,186,3786,-0.00747459,-0.0259222,-0.999636,1
3616,0,0,0,0,367,92,4075,196,4271,-0.000205889,-0.00845735,-0.999964,1
6368,0,0,0,0,643,164,7175,322,7497,0.0036871,0.0647196,-0.997897,1
6326,0,0,0,0,715,198,7239,317,7556,0.00178462,0.107829,-0.994168,1
6403,0,0,0,0,694,178,7275,265,7540,-0.0218724,0.166814,-0.985746,1
6612,0,0,0,0,831,194,7637,308,7945,-0.0522364,0.308836,-0.94968,1
4194,0,0,0,0,530,144,4868,160,5028,-0.044376,0.26032,-0.964502,1
3180,0,0,0,0,418,105,3703,140,3843,-0.0359181,0.188684,-0.981381,1
6235,0,0,0,0,919,223,7377,276,7653,-0.0348319,0.143318,-0.989064,1
6169,0,0,0,0,1093,250,7512,281,7793,-0.0278733,0.120784,-0.992287,1
6075,0,0,0,0,974,243,7292,297,7589,-0.0273861,0.0994314,-0.994668,1
6468,0,0,0,0,926,238,7632,295,7927,-0.0370024,0.0943697,-0.994849,1
6528,0,0,0,0,923,237,7688,309,7997,-0.0469373,0.0705401,-0.996404,1
5873,0,0,0,0,895,236,7004,339,7343,-0.0525296,0.079187,-0.995475,1
6274,0,0,0,0,859,212,7345,336,7681,-0.0446688,0.0619464,-0.997079,1
5920,0,0,0,0,802,214,6936,348,7284,-0.0343668,0.0498371,-0.998166,1
6124,0,0,0,0,756,185,7065,382,7447,-0.0288106,0.0680229,-0.997268,1
6309,0,0,0,0,1053,255,7617,481,8098,-0.0119498,0.0827664,-0.996497,1
6229,0,0,0,0,710,171,7110,569,7679,0.00276262,0.0874408,-0.996166,1
6411,0,0,0,0,699,167,7277,655,7932,0.013487,0.0695234,-0.997489,1
6296,0,0,0,0,689,156,7141,646,7787,0.00133862,0.0744399,-0.997225,1
6310,0,0,0,0,637,147,7094,625,7719,-0.0193992,0.0657479,-0.997648,1
7139,0,0,0,0,670,150,7959,560,8519,-0.0338607,0.0587355,-0.997699,1
4330,0,0,0,0,415,97,4842,343,5185,-0.0375205,0.089508,-0.995279,1
4295,0,0,0,0,416,95,4806,342,5148,-0.0205767,0.0388806,-0.999032,1
5551,0,0,0,0,556,126,6233,386,6619,0.00438988,0.0536268,-0.998551,1
6522,0,0,0,0,632,168,7322,328,7650,0.0670654,0.0922219,-0.993477,1
6477,0,0,0,0,639,147,7263,243,7506,0.099284,0.1297,-0.98657,1
6150,0,0,0,0,632,153,6935,216,7151,0.0858608,0.145598,-0.985611,1
7037,0,0,0,0,709,166,7912,224,8136,0.0744677,0.199594,-0.977045,1
5795,0,0,0,0,782,179,6756,249,7005,0.0564867,0.324043,-0.944354,1
5979,0,0,0,0,781,196,6956,231,7187,0.0528201,0.345629,-0.936883,1
5535,0,0,0,0,740,192,6467,225,6692,0.0527257,0.368091,-0.928294,1
5673,0,0,0,0,794,194,6661,210,6871,0.0343125,0.42554,-0.904289,1
5320,0,0,0,0,809,197,6326,222,6548,0.0407882,0.354571,-0.934139,1
5506,0,0,0,0,811,204,6521,239,6760,0.0266918,0.272421,-0.961808,1
6235,0,0,0,0,891,223,7349,255,7604,0.0166373,0.149108,-0.988681,1
5501,0,0,0,0,798,194,6493,285,6778,0.0124206,0.0806477,-0.996665,1
6725,0,0,0,0,704,182,7611,249,7860,-0.0173358,0.131786,-0.991127,1
6480,0,0,0,0,710,183,7373,273,7646,-0.0104182,0.0756606,-0.997079,1
5524,0,0,0,0,578,142,6244,241,6485,-0.00876343,0.0565946,-0.998359,1
3839,0,0,0,0,329,90,4258,123,4381,-0.00204735,0.0118188,-0.999928,1
5387,0,0,0,0,463,109,5959,246,6205,0.00928564,0.0151705,-0.999842,1
5289,0,0,0,0,365,95,5749,239,5988,0.0124956,0.0759628,-0.997032,1
5235,0,0,0,0,361,93,5689,236,5925,-0.00399893,0.0409702,-0.999152,1
5879,0,0,0,0,412,109,6400,276,6676,-0.0125932,0.0483721,-0.99875,1
5473,0,0,0,0,521,134,6128,309,6437,-0.00203424,-0.0378386,-0.999282,1
6180,0,0,0,0,699,176,7055,328,7383,-0.00649529,-0.0754652,-0.997127,1
6549,0,0,0,0,799,208,7556,339,7895,0.00366088,-0.0922476,-0.995729,1
6436,0,0,0,0,853,192,7481,293,7774,0.00681446,-0.115168,-0.993323,1
5678,0,0,0,0,796,201,6675,344,7019,0.0111046,-0.109593,-0.993914,1
5655,0,0,0,0,854,209,6718,369,7087,0.0151864,-0.102259,-0.994642,1
6450,0,0,0,0,937,262,7649,437,8086,0.0150314,0.0162331,-0.999755,1
6515,0,0,0,0,923,232,7670,496,8166,0.0160732,-0.0341713,-0.999287,1
3564,0,0,0,0,464,118,4146,265,4411,0.0165151,-0.0702608,-0.997392,1
5756,0,0,0,0,727,180,6663,542,7205,-0.00229756,-0.0432842,-0.99906,1
6342,0,0,0,0,856,209,7407,576,7983,-0.0211429,0.00175456,-0.999775,1
6424,0,0,0,0,775,186,7385,467,7852,-0.0238501,0.0673742,-0.997443,1
6718,0,0,0,0,795,208,7721,429,8150,-0.00744716,0.0932136,-0.995618,1
6657,0,0,0,0,798,185,7640,435,8075,0.00856705,0.113661,-0.993483,1
6771,0,0,0,0,781,180,7732,468,8200,0.0253595,0.138428,-0.990048,1
6653,0,0,0,0,792,177,7622,487,8109,0.0409075,0.165159,-0.985418,1
6577,0,0,0,0,751,167,7495,442,7937,0.0598614,0.205921,-0.976736,1
3408,0,0,0,0,366,84,3858,205,4063,0.0711661,0.237337,-0.968817,1
5225,0,0,0,0,561,127,5913,328,6241,0.0828593,0.276161,-0.957533,1
6477,0,0,0,0,825,167,7469,394,7863,0.0866367,0.317896,-0.944159,1
6614,0,0,0,0,640,146,7400,392,7792,0.0741869,0.353158,-0.932618,1
6615,0,0,0,0,598,144,7357,402,7759,0.0628275,0.362796,-0.929748,1
6428,0,0,0,0,547,126,7101,374,7475,0.0507262,0.387243,-0.920581,1
5760,0,0,0,0,491,114,6365,362,6727,0.0320055,0.400059,-0.915931,1
6213,0,0,0,0,551,127,6891,415,7306,0.00989897,0.421518,-0.906766,1
6436,0,0,0,0,561,154,7151,414,7565,-0.00672886,0.442159,-0.896912,1
6356,0,0,0,0,613,150,7119,421,7540,-0.0113677,0.479416,-0.877514,1
6405,0,0,0,0,603,147,7155,391,7546,-0.0144472,0.522665,-0.852416,1
6480,0,0,0,0,654,164,7298,367,7665,-0.0298354,0.577592,-0.81578,1
6104,0,0,0,0,609,152,6865,306,7171,-0.0328454,0.615395,-0.787534,1
6170,0,0,0,0,608,156,6934,301,7235,-0.0144145,0.674312,-0.738306,1
6390,0,0,0,0,625,154,7169,-1000,-1000,-1,-1,-1,1
6377,0,0,0,0,602,156,7135,358,7493,-0.00343969,0.0391915,-0.999226,1
6897,0,0,0,0,596,153,7646,339,7985,-0.0102895,0.0317559,-0.999443,1
6272,0,0,0,0,594,149,7015,364,7379,-0.00866426,0.0475156,-0.998833,1
6427,0,0,0,0,602,185,7214,336,7550,-0.00358827,0.0368433,-0.999315,1
6176,0,0,0,0,623,156,6955,325,7280,-0.00589915,0.0335743,-0.999419,1
6239,0,0,0,0,648,163,7050,295,7345,-0.0115803,0.0381061,-0.999207,1
6292,0,0,0,0,674,170,7136,320,7456,-0.0129637,0.042658,-0.999006,1
6267,0,0,0,0,700,177,7144,282,7426,-0.0288389,0.0221455,-0.999339,1
6970,0,0,0,0,765,190,7925,297,8222,-0.0416209,0.0172576,-0.998984,1
6171,0,0,0,0,792,201,7164,298,7462,-0.0386199,0.00276564,-0.99925,1
6262,0,0,0,0,865,213,7340,311,7651,-0.0329456,0.0110614,-0.999396,1
6134,0,0,0,0,868,220,7222,318,7540,-0.0256948,0.0151341,-0.999555,1
6034,0,0,0,0,884,223,7141,299,7440,-0.0239144,0.029915,-0.999266,1
5820,0,0,0,0,925,228,6973,311,7284,-0.0184006,0.0506327,-0.998548,1
5874,0,0,0,0,954,230,7058,320,7378,-0.0243674,0.0428186,-0.998786,1
5829,0,0,0,0,905,223,6957,334,7291,-0.0368112,0.0348586,-0.998714,1
6040,0,0,0,0,888,240,7168,356,7524,-0.0346803,0.0623473,-0.997452,1
5987,0,0,0,0,858,210,7055,376,7431,-0.0443297,0.061132,-0.997145,1
6018,0,0,0,0,796,192,7006,385,7391,-0.0352761,0.0558577,-0.997815,1
6043,0,0,0,0,703,176,6922,349,7271,-0.0438172,0.049339,-0.997821,1
7373,0,0,0,0,748,175,8296,427,8723,-0.0464854,0.0687615,-0.99655,1
6190,0,0,0,0,693,162,7045,582,7627,-0.0277786,0.0680698,-0.997294,1
6584,0,0,0,0,691,161,7436,551,7987,-0.0293753,0.0921173,-0.995315,1
6213,0,0,0,0,642,152,7007,554,7561,-0.0191966,0.0798788,-0.99662,1
6484,0,0,0,0,714,173,7371,553,7924,-0.0212673,0.0653216,-0.997638,1
6527,0,0,0,0,621,148,7296,507,7803,-0.0185833,0.0666701,-0.997602,1
6433,0,0,0,0,590,136,7159,460,7619,-0.00414271,0.0465972,-0.998905,1
6427,0,0,0,0,626,153,7206,473,7679,0.00779392,0.0382793,-0.999237,1
6444,0,0,0,0,542,126,7112,316,7428,0.0309491,0.0602513,-0.997703,1
6082,0,0,0,0,648,177,6907,243,7150,0.0448955,0.148983,-0.98782,1
5887,0,0,0,0,573,141,6601,258,6859,0.0617095,0.208879,-0.975993,1
6171,0,0,0,0,651,164,6986,235,7221,0.0656083,0.263677,-0.962377,1
5771,0,0,0,0,744,206,6721,222,6943,0.04681,0.278986,-0.959154,1
6011,0,0,0,0,863,209,7083,245,7328,0.0287536,0.313649,-0.949103,1
7123,0,0,0,0,906,257,8286,270,8556,0.0110736,0.371155,-0.928505,1
6028,0,0,0,0,842,220,7090,242,7332,0.00355419,0.322609,-0.946526,1
6441,0,0,0,0,792,200,7433,222,7655,-0.0138421,0.305397,-0.952124,1
5917,0,0,0,0,689,171,6777,227,7004,-0.0418652,0.286029,-0.957306,1
6090,0,0,0,0,547,141,6778,239,7017,-0.055831,0.26566,-0.962449,1
6031,0,0,0,0,483,122,6636,269,6905,-0.0724635,0.293747,-0.953133,1
5999,0,0,0,0,432,109,6540,279,6819,-0.0716758,0.2953,-0.952712,1
6040,0,0,0,0,411,108,6559,294,6853,-0.0568448,0.295116,-0.953769,1
6123,0,0,0,0,456,121,6700,315,7015,-0.0242359,0.268478,-0.962981,1
6151,0,0,0,0,561,148,6860,306,7166,0.00390503,0.203301,-0.979109,1
5464,0,0,0,0,607,152,6223,302,6525,0.0212681,0.133455,-0.990827,1
6573,0,0,0,0,750,228,7551,318,7869,0.0397271,0.292764,-0.955359,1
6271,0,0,0,0,751,198,7220,332,7552,0.021366,0.345144,-0.938307,1
3298,0,0,0,0,404,102,3804,176,3980,0.0272376,0.288215,-0.957178,1
2787,0,0,0,0,392,98,3277,139,3416,0.0170746,0.27776,-0.960499,1
5720,0,0,0,0,804,205,6729,285,7014,0.0140226,0.280707,-0.959691,1
6236,0,0,0,0,876,202,7314,260,7574,0.0223423,0.288102,-0.957339,1
5677,0,0,0,0,758,191,6626,251,6877,0.0513632,0.293633,-0.954537,1
6336,0,0,0,0,727,179,7242,259,7501,0.0669835,0.330036,-0.941589,1
6319,0,0,0,0,980,172,7471,237,7708,0.0580165,0.384804,-0.921173,1
6395,0,0,0,0,809,183,7387,258,7645,0.039871,0.417497,-0.907803,1
5860,0,0,0,0,702,189,6751,224,6975,-0.00859417,0.576591,-0.816988,1
6052,0,0,0,0,679,156,6887,202,7089,-0.0377969,0.684503,-0.728029,1
6606,0,0,0,0,794,177,7577,-1000,-1000,-1,-1,-1,1
6408,0,0,0,0,722,162,7292,614,7906,0.0579914,0.0634809,-0.996297,1
6647,0,0,0,0,771,175,7593,673,8266,0.0809274,0.104108,-0.991268,1
6599,0,0,0,0,755,200,7554,601,8155,0.00134402,0.176367,-0.984324,1
6341,0,0,0,0,639,144,7124,549,7673,-0.0170052,0.173951,-0.984608,1
5499,0,0,0,0,428,95,6022,386,6408,-0.0200983,0.178802,-0.98368,1
5282,0,0,0,0,525,121,5928,495,6423,-0.0141549,0.212332,-0.977095,1
5931,0,0,0,0,564,146,6641,484,7125,-0.00344035,0.262194,-0.965009,1
6253,0,0,0,0,634,138,7025,437,7462,0.0131422,0.321467,-0.94683,1
5836,0,0,0,0,617,143,6596,421,7017,0.0187091,0.399122,-0.916707,1
5849,0,0,0,0,644,150,6643,417,7060,0.0102786,0.509952,-0.860141,1
5704,0,0,0,0,603,152,6459,365,6824,-0.00811374,0.554934,-0.831855,1
5538,0,0,0,0,648,153,6339,327,6666,-0.0147506,0.55318,-0.832931,1
5477,0,0,0,0,545,141,6163,296,6459,-0.0230842,0.631121,-0.775341,1
5532,0,0,0,0,582,135,6249,-1000,-1000,-1,-1,-1,1
5694,0,0,0,0,480,123,6297,326,6623,-0.00406114,0.0325342,-0.999462,1
5698,0,0,0,0,473,121,6292,319,6611,-0.0122422,0.0514645,-0.9986,1
5438,0,0,0,0,492,126,6056,341,6397,-0.0124045,0.0229596,-0.999659,1
5529,0,0,0,0,508,127,6164,283,6447,-0.0225396,-0.00883399,-0.999707,1
5557,0,0,0,0,543,141,6241,281,6522,-0.0261823,0.00194308,-0.999655,1
5473,0,0,0,0,597,166,6236,325,6561,-0.0639488,0.109629,-0.991913,1
5684,0,0,0,0,631,161,6476,256,6732,-0.0538102,0.0575921,-0.996889,1
3976,0,0,0,0,480,158,4614,179,4793,-0.0482857,0.0261701,-0.998491,1
5231,0,0,0,0,745,205,6181,257,6438,-0.0419832,0.0603391,-0.997295,1
5306,0,0,0,0,815,218,6339,252,6591,-0.040492,0.108562,-0.993265,1
5101,0,0,0,0,809,206,6116,221,6337,-0.0432463,0.0950954,-0.994528,1
5290,0,0,0,0,807,200,6297,223,6520,-0.0491165,0.138544,-0.989138,1
5067,0,0,0,0,769,191,6027,279,6306,-0.0476664,0.138202,-0.989256,1
5040,0,0,0,0,708,210,5958,278,6236,-0.0382601,0.101518,-0.994098,1
5982,0,0,0,0,661,162,6805,369,7174,-0.0364666,0.12286,-0.991754,1
5313,0,0,0,0,606,148,6067,423,6490,-0.0286313,0.0882076,-0.99569,1
6359,0,0,0,0,690,164,7213,574,7787,-0.010803,0.22989,-0.973157,1
6252,0,0,0,0,657,168,7077,564,7641,-0.021126,0.215524,-0.97627,1
7528,0,0,0,0,613,148,8289,504,8793,-0.0127349,0.176757,-0.984172,1
2497,0,0,0,0,259,56,2812,174,2986,-0.0185468,0.14673,-0.989003,1
5561,0,0,0,0,498,118,6177,358,6535,0.00422837,0.22476,-0.974405,1
6115,0,0,0,0,476,113,6704,344,7048,0.0147945,0.277402,-0.96064,1
6201,0,0,0,0,549,130,6880,395,7275,0.021375,0.459469,-0.887937,1
5728,0,0,0,0,510,125,6363,298,6661,0.0346919,0.483469,-0.874674,1
5273,0,0,0,0,573,143,5989,322,6311,0.017214,0.51043,-0.859747,1
6364,0,0,0,0,743,195,7302,335,7637,-0.0199403,0.522115,-0.852642,1
5391,0,0,0,0,708,192,6291,311,6602,-0.058981,0.556285,-0.828896,1
5272,0,0,0,0,760,190,6222,278,6500,-0.0994099,0.577631,-0.810223,1
5262,0,0,0,0,808,226,6296,276,6572,-0.127762,0.591405,-0.796189,1
6169,0,0,0,0,1007,226,7402,316,7718,-0.141931,0.629661,-0.763795,1
6122,0,0,0,0,895,224,7241,353,7594,-0.146409,0.675817,-0.722382,1
6012,0,0,0,0,856,219,7087,-1000,-1000,-1,-1,-1,1
5393,0,0,0,0,736,188,6317,325,6642,-0.00614086,0.0380012,-0.999259,1
9147,0,0,0,0,1072,291,10510,380,10890,-0.00700954,0.0608554,-0.998122,1
5356,0,0,0,0,636,160,6152,283,6435,-0.0023566,0.055432,-0.99846,1
6444,0,0,0,0,599,139,7182,275,7457,-0.00677674,0.0485079,-0.9988,1
6199,0,0,0,0,612,146,6957,304,7261,-0.00627962,0.0699299,-0.997532,1
6336,0,0,0,0,458,142,6936,309,7245,0.00485342,0.0702877,-0.997515,1
5556,0,0,0,0,377,99,6032,249,6281,0.00635694,0.0889572,-0.996015,1
5189,0,0,0,0,356,94,5639,236,5875,0.00857087,0.0698177,-0.997523,1
6039,0,0,0,0,429,108,6576,298,6874,0.00643428,0.0750539,-0.997159,1
5760,0,0,0,0,377,104,6241,282,6523,0.000409136,0.127964,-0.991779,1
5827,0,0,0,0,497,136,6460,380,6840,0.00433595,0.098357,-0.995142,1
5338,0,0,0,0,478,121,5937,300,6237,0.00177309,0.0775329,-0.996988,1
6244,0,0,0,0,497,129,6870,318,7188,0.000972901,0.0497222,-0.998763,1
6350,0,0,0,0,630,160,7140,378,7518,-0.0013612,0.0440323,-0.999029,1
5816,0,0,0,0,604,155,6575,334,6909,0.000516084,0.0577856,-0.998329,1
6483,0,0,0,0,647,166,7296,358,7654,0.0116818,0.0365308,-0.999264,1
6050,0,0,0,0,721,177,6948,345,7293,0.0165609,0.0394423,-0.999085,1
5969,0,0,0,0,763,224,6956,391,7347,0.0273125,0.0267147,-0.99927,1
6144,0,0,0,0,827,203,7174,371,7545,0.0319379,0.0487819,-0.998299,1
5681,0,0,0,0,814,207,6702,410,7112,0.0392159,0.0230123,-0.998966,1
6619,0,0,0,0,919,234,7772,448,8220,0.0291648,0.0321903,-0.999056,1
6718,0,0,0,0,924,222,7864,454,8318,0.00521984,0.119818,-0.992782,1
6417,0,0,0,0,810,203,7430,392,7822,-0.0284484,0.209427,-0.97741,1
6793,0,0,0,0,764,197,7754,308,8062,-0.0703939,0.234558,-0.96955,1
6392,0,0,0,0,730,178,7300,280,7580,-0.0842533,0.242239,-0.966551,1
6628,0,0,0,0,802,181,7611,309,7920,-0.108776,0.292873,-0.949944,1
7658,0,0,0,0,821,185,8664,313,8977,-0.119732,0.361281,-0.924738,1
5716,0,0,0,0,672,150,6538,278,6816,-0.118279,0.392615,-0.912066,1
6910,0,0,0,0,799,171,7880,340,8220,-0.0966118,0.413457,-0.905384,1
6681,0,0,0,0,693,174,7548,332,7880,-0.0805096,0.432611,-0.897979,1
6702,0,0,0,0,675,148,7525,354,7879,-0.0644658,0.448183,-0.891614,1
7286,0,0,0,0,552,126,7964,398,8362,-0.0624694,0.449824,-0.89093,1
6491,0,0,0,0,484,111,7086,343,7429,-0.0631169,0.465114,-0.882998,1
6664,0,0,0,0,501,143,7308,395,7703,-0.0467281,0.501558,-0.863861,1
6662,0,0,0,0,565,119,7346,376,7722,-0.0284495,0.540085,-0.84113,1
6402,0,0,0,0,506,119,7027,366,7393,-0.0054316,0.566593,-0.82398,1
6429,0,0,0,0,487,119,7035,386,7421,0.0300234,0.601902,-0.798006,1
6611,0,0,0,0,443,111,7165,398,7563,0.0663216,0.618245,-0.783182,1
6376,0,0,0,0,405,109,6890,379,7269,0.0938446,0.629936,-0.770957,1
6522,0,0,0,0,377,100,6999,396,7395,0.113208,0.651901,-0.749806,1
5603,0,0,0,0,323,83,6009,-1000,-1000,-1,-1,-1,1
2846,0,0,0,0,183,56,3085,211,3296,-0.00715993,0.0150333,-0.999861,1
2710,0,0,0,0,160,42,2912,187,3099,-0.0109114,0.0462362,-0.998871,1
5344,0,0,0,0,343,84,5771,334,6105,-0.00974727,0.0696586,-0.997523,1
6297,0,0,0,0,418,103,6818,352,7170,-0.0227005,0.0448213,-0.998737,1
5415,0,0,0,0,367,91,5873,313,6186,-0.0221248,0.0294303,-0.999322,1
5453,0,0,0,0,409,102,5964,296,6260,-0.0296817,0.0128579,-0.999477,1
5360,0,0,0,0,423,109,5892,296,6188,-0.0463436,-0.00675533,-0.998903,1
5604,0,0,0,0,460,119,6183,299,6482,-0.0485938,-0.0200049,-0.998618,1
5519,0,0,0,0,512,130,6161,286,6447,-0.0459186,-0.0232243,-0.998675,1
5420,0,0,0,0,590,141,6151,284,6435,-0.0327461,-0.0690969,-0.997072,1
5478,0,0,0,0,640,155,6273,297,6570,-0.0275094,-0.0530182,-0.998215,1
5642,0,0,0,0,675,168,6485,253,6738,-0.0246928,-0.0738044,-0.996967,1
5851,0,0,0,0,721,214,6786,255,7041,-0.0225315,-0.0684788,-0.997398,1
5565,0,0,0,0,727,184,6476,251,6727,-0.0287725,-0.0757302,-0.996713,1
5459,0,0,0,0,821,192,6472,268,6740,-0.0389178,-0.0695052,-0.996822,1
5342,0,0,0,0,776,192,6310,301,6611,-0.0450041,-0.100244,-0.993945,1
5448,0,0,0,0,787,229,6464,269,6733,-0.0436371,-0.0993539,-0.994095,1
5302,0,0,0,0,793,209,6304,265,6569,-0.0390544,-0.097774,-0.994442,1
5738,0,0,0,0,818,207,6763,260,7023,-0.0367149,-0.0949875,-0.994801,1
5434,0,0,0,0,823,204,6461,276,6737,-0.0381097,-0.0958839,-0.994663,1
5358,0,0,0,0,834,210,6402,288,6690,-0.0397774,-0.105397,-0.993634,1
5334,0,0,0,0,961,216,6511,297,6808,-0.0383256,-0.0857962,-0.995575,1
5337,0,0,0,0,958,223,6518,323,6841,-0.0423984,-0.0902242,-0.995019,1
5392,0,0,0,0,918,226,6536,337,6873,-0.0334276,-0.0792508,-0.996294,1
5360,0,0,0,0,952,226,6538,380,6918,-0.0217363,-0.0666457,-0.99754,1
5378,0,0,0,0,969,230,6577,390,6967,-0.02068,-0.0617122,-0.99788,1
5510,0,0,0,0,917,226,6653,389,7042,-0.0132266,-0.0432585,-0.998976,1
5547,0,0,0,0,987,225,6759,437,7196,-0.0095301,-0.0440042,-0.998986,1
5407,0,0,0,0,952,246,6605,424,7029,-0.00185751,-0.0370607,-0.999311,1
5628,0,0,0,0,937,222,6787,495,7282,0.0140476,-0.0229561,-0.999638,1
5327,0,0,0,0,912,239,6478,480,6958,0.0314632,-0.0246039,-0.999202,1
5700,0,0,0,0,912,219,6831,547,7378,0.0429315,-0.0278019,-0.998691,1
5246,0,0,0,0,860,208,6314,519,6833,0.0589404,-0.0243262,-0.997965,1
5425,0,0,0,0,827,191,6443,582,7025,0.0681697,-0.0194709,-0.997484,1
5541,0,0,0,0,808,189,6538,584,7122,0.0874477,-0.0188585,-0.995991,1
5614,0,0,0,0,817,219,6650,670,7320,0.0960626,-0.0258629,-0.995039,1
5710,0,0,0,0,861,181,6752,668,7420,0.1136,-0.0398304,-0.992728,1
5816,0,0,0,0,771,175,6762,632,7394,0.12248,-0.0577324,-0.99079,1
5905,0,0,0,0,721,163,6789,595,7384,0.125757,-0.0730361,-0.989369,1
6069,0,0,0,0,704,158,6931,490,7421,0.132054,-0.0788905,-0.988098,1
5748,0,0,0,0,646,148,6542,413,6955,0.136048,-0.0979345,-0.98585,1
5739,0,0,0,0,633,140,6512,332,6844,0.131917,-0.103863,-0.985804,1
5772,0,0,0,0,574,137,6483,384,6867,0.139387,-0.0995514,-0.985221,1
6393,0,0,0,0,692,155,7240,438,7678,0.124543,-0.0878244,-0.98832,1
5709,0,0,0,0,621,140,6470,443,6913,0.10418,-0.084084,-0.990998,1
5809,0,0,0,0,627,145,6581,501,7082,0.0867345,-0.0837432,-0.992705,1
5866,0,0,0,0,687,155,6708,446,7154,0.0880434,-0.104999,-0.990567,1
6527,0,0,0,0,758,162,7447,460,7907,0.07626,-0.119276,-0.989928,1
5848,0,0,0,0,831,168,6847,454,7301,0.0764558,-0.130479,-0.988499,1
6640,0,0,0,0,760,177,7577,369,7946,0.0747202,-0.134801,-0.988051,1
5594,0,0,0,0,827,176,6597,377,6974,0.0760156,-0.145735,-0.986399,1
6183,0,0,0,0,865,195,7243,331,7574,0.0727002,-0.145855,-0.986631,1
5398,0,0,0,0,722,167,6287,325,6612,0.0744382,-0.141183,-0.987181,1
5296,0,0,0,0,678,160,6134,290,6424,0.0748541,-0.144795,-0.986626,1
5255,0,0,0,0,682,162,6099,349,6448,0.0710665,-0.144876,-0.986894,1
5796,0,0,0,0,696,162,6654,333,6987,0.0545332,-0.143297,-0.988176,1
5553,0,0,0,0,684,195,6432,486,6918,0.0500941,-0.153465,-0.986884,1
5131,0,0,0,0,746,166,6043,388,6431,0.0445243,-0.156699,-0.986642,1
5986,0,0,0,0,742,196,6924,429,7353,0.0372962,-0.158701,-0.986622,1
5765,0,0,0,0,745,174,6684,395,7079,0.0357454,-0.166217,-0.985441,1
5781,0,0,0,0,697,171,6649,407,7056,0.0316214,-0.173823,-0.984269,1
5588,0,0,0,0,712,171,6471,371,6842,0.0304585,-0.182628,-0.98271,1
5729,0,0,0,0,678,169,6576,317,6893,0.0271785,-0.180645,-0.983173,1
5806,0,0,0,0,744,173,6723,305,7028,0.0402151,-0.192531,-0.980467,1
5703,0,0,0,0,625,152,6480,253,6733,0.0497969,-0.20241,-0.978034,1
4907,0,0,0,0,729,156,5792,231,6023,0.050295,-0.209375,-0.976541,1
5150,0,0,0,0,591,148,5889,231,6120,0.0518126,-0.212225,-0.975846,1
5764,0,0,0,0,685,166,6615,259,6874,0.0480971,-0.204044,-0.977779,1
6222,0,0,0,0,704,171,7097,265,7362,0.0483715,-0.206495,-0.977251,1
5704,0,0,0,0,678,163,6545,248,6793,0.0561602,-0.21668,-0.974626,1
6015,0,0,0,0,702,181,6898,254,7152,0.0543985,-0.224796,-0.972886,1
5758,0,0,0,0,609,164,6531,254,6785,0.0573525,-0.241318,-0.96875,1
5993,0,0,0,0,609,159,6761,249,7010,0.0576156,-0.248148,-0.967007,1
5931,0,0,0,0,571,137,6639,250,6889,0.0537003,-0.248122,-0.967239,1
5811,0,0,0,0,496,125,6432,243,6675,0.0445616,-0.231148,-0.971897,1
5927,0,0,0,0,523,123,6573,245,6818,0.0379654,-0.226984,-0.973158,1
5876,0,0,0,0,468,138,6482,241,6723,0.0382267,-0.230597,-0.972298,1
6634,0,0,0,0,453,118,7205,271,7476,0.0303689,-0.233689,-0.971837,1
6433,0,0,0,0,444,118,6995,233,7228,0.0272348,-0.232035,-0.972326,1
5830,0,0,0,0,440,111,6381,231,6612,0.021359,-0.227992,-0.973429,1
5927,0,0,0,0,452,124,6503,199,6702,0.0319267,-0.238258,-0.970677,1
2285,0,0,0,0,158,40,2483,91,2574,0.031866,-0.226657,-0.973453,1
5911,0,0,0,0,391,129,6431,224,6655,0.0414235,-0.245126,-0.968606,1
5926,0,0,0,0,413,128,6467,245,6712,0.0448145,-0.262353,-0.963931,1
5944,0,0,0,0,437,114,6495,225,6720,0.0437441,-0.259653,-0.964711,1
5539,0,0,0,0,458,118,6115,204,6319,0.0364934,-0.270384,-0.962061,1
5837,0,0,0,0,490,129,6456,232,6688,0.0208562,-0.240862,-0.970335,1
6248,0,0,0,0,604,160,7012,222,7234,0.0123548,-0.217207,-0.976047,1
5959,0,0,0,0,650,165,6774,235,7009,0.0176522,-0.228258,-0.973441,1
5668,0,0,0,0,852,169,6689,197,6886,0.0171521,-0.233101,-0.972301,1
5435,0,0,0,0,671,192,6298,224,6522,0.0348346,-0.284908,-0.957922,1
5604,0,0,0,0,727,183,6514,221,6735,0.0484049,-0.332969,-0.941695,1
6763,0,0,0,0,1049,244,8056,273,8329,0.0563232,-0.34972,-0.93516,1
6169,0,0,0,0,794,200,7163,232,7395,0.0575521,-0.384347,-0.921393,1
5809,0,0,0,0,1013,317,7139,323,7462,0.0481814,-0.346138,-0.936946,1
5792,0,0,0,0,836,255,6883,265,7148,0.0300328,-0.298009,-0.954091,1
5984,0,0,0,0,945,225,7154,255,7409,0.0366753,-0.338981,-0.940078,1
5834,0,0,0,0,866,220,6920,272,7192,0.0284456,-0.3134,-0.949195,1
6074,0,0,0,0,931,228,7233,320,7553,0.00543372,-0.217597,-0.976023,1
5909,0,0,0,0,877,230,7016,312,7328,-0.0060094,-0.191983,-0.98138,1
5974,0,0,0,0,879,224,7077,275,7352,-0.0237137,-0.156693,-0.987363,1
5830,0,0,0,0,872,221,6923,286,7209,-0.0384472,-0.115009,-0.99262,1
5634,0,0,0,0,862,216,6712,308,7020,-0.0364406,-0.145926,-0.988624,1
5659,0,0,0,0,865,213,6737,292,7029,-0.0357217,-0.144085,-0.98892,1
5601,0,0,0,0,836,218,6655,342,6997,-0.0354468,-0.134427,-0.990289,1
5749,0,0,0,0,787,199,6735,382,7117,-0.0349023,-0.149073,-0.98821,1
5693,0,0,0,0,732,187,6612,383,6995,-0.0166291,-0.171112,-0.985111,1
5667,0,0,0,0,665,162,6494,433,6927,-0.0102316,-0.180786,-0.983469,1
5764,0,0,0,0,614,153,6531,372,6903,-0.0147,-0.228121,-0.973522,1
5906,0,0,0,0,614,147,6667,274,6941,-0.0250042,-0.281478,-0.959242,1
6004,0,0,0,0,587,139,6730,240,6970,-0.0306738,-0.331078,-0.943105,1
6162,0,0,0,0,615,140,6917,267,7184,-0.0277624,-0.465342,-0.884696,1
5958,0,0,0,0,506,101,6565,185,6750,-0.037043,-0.473746,-0.879882,1
3948,0,0,0,0,443,101,4492,201,4693,-0.0332324,-0.494093,-0.868773,1
4666,0,0,0,0,525,121,5312,203,5515,-0.0167145,-0.560758,-0.827811,1
5855,0,0,0,0,662,155,6672,257,6929,0.00340108,-0.630937,-0.775826,1
6141,0,0,0,0,637,150,6928,299,7227,0.00440857,-0.68397,-0.729497,1
6026,0,0,0,0,536,131,6693,-1000,-1000,-1,-1,-1,1
5553,0,0,0,0,441,111,6105,320,6425,0.00243221,-0.119203,-0.992867,1
5697,0,0,0,0,381,99,6177,398,6575,0.0250444,-0.262129,-0.964708,1
5438,0,0,0,0,365,109,5912,391,6303,0.0404312,-0.303319,-0.952031,1
5422,0,0,0,0,347,97,5866,354,6220,0.0333565,-0.302934,-0.952428,1
6291,0,0,0,0,443,115,6849,384,7233,0.0240864,-0.285873,-0.957965,1
6314,0,0,0,0,570,134,7018,402,7420,0.0192768,-0.2864,-0.957916,1
6365,0,0,0,0,635,161,7161,362,7523,0.0194624,-0.263498,-0.964464,1
6632,0,0,0,0,777,226,7635,320,7955,0.0155794,-0.309742,-0.950693,1
5833,0,0,0,0,722,186,6741,293,7034,0.0227728,-0.267087,-0.963403,1
5969,0,0,0,0,817,202,6988,248,7236,0.0453104,-0.358672,-0.932363,1
5773,0,0,0,0,831,211,6815,222,7037,0.0283622,-0.302045,-0.952872,1
6532,0,0,0,0,985,236,7753,236,7989,0.0188755,-0.314257,-0.94915,1
5692,0,0,0,0,941,222,6855,196,7051,0.023757,-0.267194,-0.96335,1
6208,0,0,0,0,857,219,7284,204,7488,0.0233426,-0.297185,-0.954535,1
6156,0,0,0,0,1020,284,7460,243,7703,0.0260301,-0.317416,-0.947929,1
5504,0,0,0,0,868,217,6589,228,6817,0.0352622,-0.315447,-0.948288,1
5166,0,0,0,0,855,211,6232,233,6465,0.024818,-0.302592,-0.952797,1
6302,0,0,0,0,951,231,7484,270,7754,-0.000679314,-0.308477,-0.951232,1
5981,0,0,0,0,853,218,7052,276,7328,-0.0268886,-0.430552,-0.902165,1
5649,0,0,0,0,682,173,6504,295,6799,-0.0274801,-0.438604,-0.89826,1
4167,0,0,0,0,437,103,4707,207,4914,-0.0113714,-0.353594,-0.93533,1
6176,0,0,0,0,552,158,6886,485,7371,-0.0093262,-0.341229,-0.939934,1
6404,0,0,0,0,630,139,7173,630,7803,-0.020974,-0.460046,-0.887648,1
6024,0,0,0,0,345,79,6448,318,6766,-0.0237695,-0.456395,-0.88946,1
2625,0,0,0,0,213,49,2887,182,3069,-0.0301014,-0.410725,-0.911262,1
3147,0,0,0,0,291,68,3506,209,3715,-0.0549961,-0.451061,-0.890797,1
6369,0,0,0,0,612,173,7154,437,7591,-0.0958785,-0.505614,-0.857416,1
6464,0,0,0,0,663,154,7281,396,7677,-0.145014,-0.542527,-0.827427,1
6143,0,0,0,0,668,185,6996,357,7353,-0.188533,-0.592197,-0.783427,1
6076,0,0,0,0,667,160,6903,-1000,-1000,-1,-1,-1,1
6168,0,0,0,0,759,181,7108,389,7497,-0.0992631,-0.234181,-0.967112,1
4678,0,0,0,0,640,128,5446,267,5713,-0.0832345,-0.257338,-0.96273,1
2945,0,0,0,0,402,100,3447,129,3576,-0.0746246,-0.273003,-0.959114,1
5839,0,0,0,0,806,199,6844,267,7111,-0.0953982,-0.434067,-0.895815,1
5790,0,0,0,0,824,199,6813,256,7069,-0.0815003,-0.416075,-0.905671,1
5913,0,0,0,0,735,192,6840,208,7048,-0.0447077,-0.359172,-0.9322,1
5947,0,0,0,0,625,157,6729,194,6923,-0.0249656,-0.366048,-0.930261,1
5785,0,0,0,0,461,120,6366,231,6597,-0.0213488,-0.399854,-0.91633,1
6016,0,0,0,0,404,100,6520,208,6728,-0.0496925,-0.390539,-0.919244,1
6626,0,0,0,0,474,128,7228,224,7452,-0.0805122,-0.378781,-0.921978,1
5929,0,0,0,0,513,134,6576,269,6845,-0.0849477,-0.354745,-0.931096,1
6103,0,0,0,0,680,200,6983,250,7233,-0.0486448,-0.338522,-0.9397,1
6463,0,0,0,0,754,197,7414,278,7692,-0.0239763,-0.335043,-0.941898,1
6590,0,0,0,0,824,214,7628,298,7926,-0.0226081,-0.32907,-0.944035,1
6471,0,0,0,0,903,223,7597,329,7926,-0.0212962,-0.328907,-0.944122,1
6449,0,0,0,0,953,233,7635,336,7971,-0.0190542,-0.321552,-0.9467,1
6423,0,0,0,0,942,238,7603,336,7939,-0.0183778,-0.311496,-0.95007,1
6349,0,0,0,0,943,236,7528,387,7915,-0.0085209,-0.313929,-0.949408,1
6522,0,0,0,0,893,224,7639,374,8013,-0.0107752,-0.297415,-0.954688,1
6224,0,0,0,0,880,219,7323,365,7688,-0.0172852,-0.302497,-0.952994,1
6475,0,0,0,0,853,229,7557,351,7908,-0.0320725,-0.351763,-0.93554,1
5684,0,0,0,0,736,183,6603,308,6911,-0.041394,-0.386307,-0.921441,1
6481,0,0,0,0,837,206,7524,349,7873,-0.0386253,-0.485378,-0.873451,1
6428,0,0,0,0,768,214,7410,321,7731,-0.0102374,-0.564402,-0.825437,1
6527,0,0,0,0,737,182,7446,232,7678,0.0140636,-0.641395,-0.767082,1
6318,0,0,0,0,708,165,7191,-1000,-1000,-1,-1,-1,1
6718,0,0,0,0,475,140,7333,477,7810,0.00225132,-0.11999,-0.992773,1
5847,0,0,0,0,642,134,6623,869,7492,-0.010595,-0.193514,-0.98104,1
5904,0,0,0,0,590,140,6634,576,7210,-0.0175631,-0.325264,-0.94546,1
7800,0,0,0,0,709,162,8671,582,9253,-0.0761635,-0.525951,-0.847097,1
6455,0,0,0,0,699,159,7313,476,7789,-0.0838679,-0.565301,-0.82061,1
3936,0,0,0,0,363,84,4383,212,4595,-0.0790578,-0.571833,-0.816552,1
2633,0,0,0,0,292,70,2995,152,3147,-0.0859135,-0.605373,-0.791291,1
6361,0,0,0,0,630,154,7145,303,7448,-0.0988437,-0.682583,-0.724092,1
7051,0,0,0,0,655,167,7873,-1000,-1000,-1,-1,-1,1
6528,0,0,0,0,647,151,7326,402,7728,-0.0263489,-0.0966296,-0.994972,1
6164,0,0,0,0,549,137,6850,430,7280,-0.0221848,-0.230013,-0.972935,1
7442,0,0,0,0,506,128,8076,466,8542,-0.00714675,-0.314283,-0.949302,1
6470,0,0,0,0,468,119,7057,411,7468,-0.00244054,-0.334142,-0.94252,1
6634,0,0,0,0,520,129,7283,379,7662,0.00369485,-0.325462,-0.945548,1
6371,0,0,0,0,652,159,7182,341,7523,0.000472697,-0.353804,-0.935319,1
6353,0,0,0,0,687,172,7212,296,7508,-0.0056669,-0.330346,-0.943843,1
5779,0,0,0,0,776,193,6748,285,7033,0.000288085,-0.334119,-0.942531,1
5792,0,0,0,0,822,209,6823,278,7101,0.00630102,-0.327848,-0.944709,1
6673,0,0,0,0,1021,246,7940,339,8279,0.00717656,-0.344337,-0.938819,1
5439,0,0,0,0,847,215,6501,289,6790,0.00438005,-0.342816,-0.939392,1
5745,0,0,0,0,940,246,6931,299,7230,0.00531578,-0.360195,-0.932862,1
5537,0,0,0,0,849,236,6622,327,6949,0.0123255,-0.35938,-0.93311,1
5658,0,0,0,0,885,209,6752,331,7083,0.0243107,-0.344223,-0.938573,1
5319,0,0,0,0,1160,264,6743,435,7178,0.0272889,-0.337851,-0.940804,1
5972,0,0,0,0,774,192,6938,417,7355,0.0353761,-0.352995,-0.934956,1
6141,0,0,0,0,987,247,7375,592,7967,0.0297665,-0.351565,-0.93569,1
6465,0,0,0,0,596,145,7206,553,7759,0.000432726,-0.374046,-0.92741,1
5618,0,0,0,0,545,123,6286,472,6758,0.018715,-0.385051,-0.922705,1
5860,0,0,0,0,503,121,6484,444,6928,0.0245522,-0.405099,-0.913943,1
6344,0,0,0,0,610,149,7103,399,7502,0.0262951,-0.421371,-0.906507,1
5641,0,0,0,0,570,135,6346,300,6646,0.0193707,-0.463426,-0.885924,1
5446,0,0,0,0,596,143,6185,276,6461,0.0449084,-0.543584,-0.838153,1
5345,0,0,0,0,621,148,6114,257,6371,0.0512249,-0.601826,-0.796983,1
5231,0,0,0,0,657,158,6046,246,6292,0.0717334,-0.637483,-0.767117,1
5403,0,0,0,0,780,174,6357,227,6584,0.121343,-0.668351,-0.733882,1
5856,0,0,0,0,846,206,6908,269,7177,0.116346,-0.68984,-0.714552,1
6049,0,0,0,0,890,214,7153,-1000,-1000,-1,-1,-1,1
6018,0,0,0,0,912,228,7158,300,7458,-0.0061962,-0.229413,-0.97331,1
6040,0,0,0,0,772,196,7008,300,7308,-0.0243974,-0.323501,-0.945913,1
5975,0,0,0,0,726,188,6889,274,7163,-0.0224046,-0.284592,-0.958387,1
6274,0,0,0,0,682,170,7126,331,7457,-0.0206518,-0.318411,-0.947728,1
6022,0,0,0,0,555,141,6718,293,7011,-0.00365644,-0.330569,-0.943775,1
5252,0,0,0,0,430,113,5795,256,6051,0.0031173,-0.325402,-0.945571,1
6014,0,0,0,0,426,110,6550,291,6841,0.00353653,-0.320725,-0.947166,1
6315,0,0,0,0,431,116,6862,288,7150,-0.0108982,-0.329192,-0.9442,1
5965,0,0,0,0,453,116,6534,281,6815,-0.0133668,-0.319281,-0.947566,1
6082,0,0,0,0,512,134,6728,292,7020,0.00988864,-0.305551,-0.952124,1
6105,0,0,0,0,635,156,6896,328,7224,0.0281044,-0.303859,-0.952302,1
5951,0,0,0,0,671,167,6789,300,7089,0.0417371,-0.335187,-0.941227,1
6312,0,0,0,0,815,209,7336,370,7706,0.044884,-0.33894,-0.939737,1
6384,0,0,0,0,828,203,7415,293,7708,0.0373092,-0.310119,-0.949966,1
5806,0,0,0,0,1000,208,7014,326,7340,0.0392428,-0.269053,-0.962326,1
6262,0,0,0,0,892,228,7382,397,7779,0.0402115,-0.287702,-0.956875,1
6477,0,0,0,0,924,214,7615,400,8015,0.0335546,-0.338636,-0.940319,1
7034,0,0,0,0,808,198,8040,377,8417,0.0228703,-0.398405,-0.916925,1
6675,0,0,0,0,736,179,7590,277,7867,0.00114095,-0.429128,-0.903243,1
6481,0,0,0,0,663,157,7301,286,7587,-0.0229744,-0.460818,-0.887197,1
6452,0,0,0,0,639,150,7241,327,7568,-0.035883,-0.49548,-0.867878,1
6746,0,0,0,0,650,160,7556,324,7880,-0.0352352,-0.535911,-0.843539,1
6531,0,0,0,0,701,184,7416,309,7725,-0.0299116,-0.59591,-0.802494,1
6571,0,0,0,0,750,170,7491,312,7803,-0.0481691,-0.617618,-0.785002,1
6648,0,0,0,0,832,182,7662,310,7972,-0.0639516,-0.63746,-0.767825,1
6262,0,0,0,0,739,168,7169,286,7455,-0.0667967,-0.668752,-0.740479,1
5912,0,0,0,0,763,169,6844,263,7107,-0.0786469,-0.697818,-0.711944,1
5683,0,0,0,0,701,163,6547,-1000,-1000,-1,-1,-1,1
6696,0,0,0,0,778,187,7661,392,8053,-0.0139251,-0.170273,-0.985299,1
6353,0,0,0,0,711,173,7237,558,7795,0.0147364,-0.322759,-0.946366,1
4127,0,0,0,0,414,103,4644,283,4927,0.0298045,-0.392674,-0.919195,1
6341,0,0,0,0,562,142,7045,333,7378,0.0431397,-0.48185,-0.875191,1
6261,0,0,0,0,519,127,6907,275,7182,0.0456722,-0.469971,-0.881499,1
6439,0,0,0,0,548,132,7119,288,7407,0.0543472,-0.456057,-0.88829,1
6282,0,0,0,0,602,154,7038,302,7340,0.0549729,-0.46605,-0.883049,1
6372,0,0,0,0,755,182,7309,303,7612,0.0388816,-0.533314,-0.845023,1
7393,0,0,0,0,881,208,8482,305,8787,0.036007,-0.526287,-0.849544,1
6609,0,0,0,0,951,222,7782,290,8072,0.0399804,-0.478505,-0.877174,1
6591,0,0,0,0,954,258,7803,305,8108,0.0232324,-0.429229,-0.902897,1
6287,0,0,0,0,964,266,7517,311,7828,0.0101609,-0.374756,-0.927068,1
6267,0,0,0,0,970,247,7484,390,7874,0.00107975,-0.37527,-0.926915,1
6162,0,0,0,0,984,242,7388,328,7716,-0.00172242,-0.373051,-0.927809,1
6133,0,0,0,0,963,237,7333,454,7787,0.0110134,-0.371703,-0.928286,1
6084,0,0,0,0,871,218,7173,357,7530,0.0329586,-0.399671,-0.916066,1
6231,0,0,0,0,799,201,7231,375,7606,0.0360663,-0.362309,-0.93136,1
6190,0,0,0,0,978,193,7361,470,7831,0.0427661,-0.347783,-0.936599,1
6056,0,0,0,0,703,187,6946,449,7395,0.0301776,-0.313339,-0.949162,1
6284,0,0,0,0,634,153,7071,541,7612,0.0241026,-0.303317,-0.952585,1
6508,0,0,0,0,622,147,7277,656,7933,0.0182376,-0.289076,-0.957132,1
6537,0,0,0,0,661,148,7346,629,7975,0.0151306,-0.280019,-0.959875,1
7463,0,0,0,0,637,149,8249,700,8949,0.0311172,-0.280057,-0.959479,1
6479,0,0,0,0,432,108,7019,448,7467,0.0464046,-0.286644,-0.956913,1
7438,0,0,0,0,673,153,8264,525,8789,0.0427142,-0.284629,-0.957686,1
6507,0,0,0,0,741,158,7406,483,7889,0.0446574,-0.287445,-0.956756,1
6424,0,0,0,0,684,185,7293,451,7744,0.0370625,-0.309471,-0.950186,1
6403,0,0,0,0,775,169,7347,355,7702,0.0335667,-0.305472,-0.951609,1
6474,0,0,0,0,801,178,7453,270,7723,0.0497677,-0.375093,-0.92565,1
6204,0,0,0,0,805,209,7218,236,7454,0.046634,-0.382887,-0.922618,1
6133,0,0,0,0,508,124,6765,165,6930,0.0576996,-0.419397,-0.905968,1
5459,0,0,0,0,696,193,6348,239,6587,0.0661765,-0.476407,-0.876731,1
6157,0,0,0,0,842,204,7203,290,7493,0.0727155,-0.534596,-0.841974,1
6051,0,0,0,0,859,212,7122,273,7395,0.0786847,-0.613177,-0.786017,1
5978,0,0,0,0,924,245,7147,318,7465,0.0912031,-0.686173,-0.721698,1
5933,0,0,0,0,839,213,6985,-1000,-1000,-1,-1,-1,1
6234,0,0,0,0,892,255,7381,255,7636,0.0312749,-0.236016,-0.971246,1
6079,0,0,0,0,797,205,7081,270,7351,0.025427,-0.282493,-0.958932,1
6170,0,0,0,0,774,192,7136,271,7407,0.0274379,-0.300329,-0.953441,1
6114,0,0,0,0,706,175,6995,299,7294,0.0192947,-0.292211,-0.956159,1
6068,0,0,0,0,587,151,6806,280,7086,0.0307525,-0.293198,-0.955557,1
6380,0,0,0,0,492,128,7000,318,7318,0.0433681,-0.296666,-0.953996,1
6503,0,0,0,0,442,122,7067,282,7349,0.0477048,-0.342217,-0.938409,1
6547,0,0,0,0,431,114,7092,285,7377,0.042326,-0.330441,-0.942877,1
6122,0,0,0,0,712,182,7016,389,7405,0.0393356,-0.336559,-0.94084,1
6118,0,0,0,0,516,135,6769,295,7064,0.0357957,-0.339089,-0.940073,1
6103,0,0,0,0,622,158,6883,315,7198,0.0321295,-0.304177,-0.952073,1
6270,0,0,0,0,753,184,7207,332,7539,0.0355333,-0.284191,-0.958109,1
6500,0,0,0,0,810,202,7512,389,7901,0.0299599,-0.254598,-0.966583,1
6511,0,0,0,0,876,224,7611,379,7990,0.0386179,-0.264884,-0.963507,1
6606,0,0,0,0,884,226,7716,344,8060,0.0489684,-0.26005,-0.964353,1
6487,0,0,0,0,927,228,7642,393,8035,0.0645084,-0.252059,-0.965559,1
6532,0,0,0,0,878,223,7633,367,8000,0.0532837,-0.2322,-0.971208,1
7119,0,0,0,0,1007,217,8343,425,8768,0.0401821,-0.266636,-0.962959,1
6435,0,0,0,0,804,202,7441,482,7923,0.0422814,-0.314112,-0.948444,1
6584,0,0,0,0,718,204,7506,399,7905,0.0890219,-0.482175,-0.87154,1
6135,0,0,0,0,465,109,6709,210,6919,0.108583,-0.577753,-0.808957,1
2482,0,0,0,0,249,59,2790,100,2890,0.116802,-0.5964,-0.794144,1
2416,0,0,0,0,227,52,2695,93,2788,0.10134,-0.628438,-0.77123,1
6593,0,0,0,0,683,146,7422,207,7629,0.0870517,-0.649369,-0.755474,1
6524,0,0,0,0,706,157,7387,216,7603,0.0177162,-0.603249,-0.797356,1
6967,0,0,0,0,778,164,7909,259,8168,-0.0315982,-0.601546,-0.798213,1
6590,0,0,0,0,728,164,7482,331,7813,-0.0524507,-0.661146,-0.748421,1
6530,0,0,0,0,752,183,7465,-1000,-1000,-1,-1,-1,1
6843,0,0,0,0,1073,182,8098,236,8334,-0.00167931,-0.0910734,-0.995843,1
3118,0,0,0,0,315,75,3508,121,3629,-0.0103116,-0.147611,-0.988992,1
2209,0,0,0,0,256,62,2527,170,2697,-0.0209994,-0.243778,-0.969604,1
6504,0,0,0,0,787,233,7524,549,8073,-0.0171182,-0.328344,-0.944403,1
6483,0,0,0,0,667,168,7318,480,7798,-0.00921038,-0.354522,-0.935002,1
6390,0,0,0,0,588,152,7130,412,7542,0.0147061,-0.359222,-0.933136,1
6431,0,0,0,0,594,143,7168,415,7583,0.0517537,-0.360617,-0.931277,1
6352,0,0,0,0,292,76,6720,217,6937,0.0602668,-0.33183,-0.941412,1
4173,0,0,0,0,318,81,4572,226,4798,0.0473242,-0.279616,-0.958945,1
6467,0,0,0,0,628,152,7247,374,7621,0.049872,-0.29039,-0.955608,1
6563,0,0,0,0,752,181,7496,319,7815,0.0465336,-0.302158,-0.952121,1
6306,0,0,0,0,550,135,6991,174,7165,0.0468106,-0.340598,-0.939043,1
4310,0,0,0,0,580,145,5035,199,5234,0.0391355,-0.356557,-0.933454,1
6719,0,0,0,0,982,237,7938,298,8236,0.0323021,-0.382335,-0.923459,1
6419,0,0,0,0,930,239,7588,273,7861,0.0294561,-0.355126,-0.934354,1
6282,0,0,0,0,938,265,7485,274,7759,0.028527,-0.317164,-0.947942,1
6278,0,0,0,0,889,228,7395,308,7703,0.0226864,-0.335171,-0.941884,1
6219,0,0,0,0,900,216,7335,291,7626,0.0258322,-0.430643,-0.902152,1
6162,0,0,0,0,821,194,7177,312,7489,0.0297155,-0.360248,-0.932383,1
6141,0,0,0,0,695,173,7009,362,7371,0.0272024,-0.337891,-0.940792,1
7436,0,0,0,0,627,155,8218,461,8679,0.00331412,-0.36345,-0.931608,1
6320,0,0,0,0,625,143,7088,575,7663,-0.00264129,-0.504985,-0.863124,1
6533,0,0,0,0,418,92,7043,395,7438,0.005171,-0.486317,-0.873767,1
3180,0,0,0,0,381,108,3669,360,4029,0.00588823,-0.393747,-0.9192,1
3680,0,0,0,0,359,83,4122,306,4428,-0.00402108,-0.342136,-0.939642,1
6473,0,0,0,0,656,173,7302,500,7802,0.00262284,-0.316817,-0.948483,1
6244,0,0,0,0,668,156,7068,519,7587,0.00690783,-0.313931,-0.949421,1
6399,0,0,0,0,761,167,7327,483,7810,0.0157133,-0.297569,-0.954571,1
6156,0,0,0,0,706,167,7029,317,7346,0.00356333,-0.302984,-0.952989,1
6322,0,0,0,0,774,178,7274,298,7572,0.00578222,-0.330034,-0.943952,1
6005,0,0,0,0,1094,260,7359,341,7700,0.038831,-0.394137,-0.918231,1
6052,0,0,0,0,829,196,7077,273,7350,0.0625828,-0.471702,-0.879534,1
7264,0,0,0,0,866,214,8344,238,8582,0.0776851,-0.538496,-0.83904,1
6034,0,0,0,0,945,218,7197,241,7438,0.10263,-0.58281,-0.806101,1
6561,0,0,0,0,905,294,7760,267,8027,0.111337,-0.654012,-0.748246,1
5993,0,0,0,0,830,209,7032,-1000,-1000,-1,-1,-1,1
6464,0,0,0,0,839,206,7509,239,7748,0.0195263,-0.233685,-0.972116,1
6106,0,0,0,0,809,207,7122,277,7399,0.0319694,-0.278278,-0.959968,1
6225,0,0,0,0,757,213,7195,266,7461,0.0333499,-0.310162,-0.950099,1
6138,0,0,0,0,821,187,7146,239,7385,0.0377257,-0.304018,-0.951919,1
6069,0,0,0,0,643,166,6878,251,7129,0.0477497,-0.317762,-0.946967,1
6158,0,0,0,0,581,150,6889,225,7114,0.0538695,-0.326576,-0.943635,1
5961,0,0,0,0,517,133,6611,217,6828,0.0722435,-0.321581,-0.944122,1
6110,0,0,0,0,479,119,6708,212,6920,0.0875008,-0.321358,-0.942907,1
5813,0,0,0,0,600,168,6581,292,6873,0.0979948,-0.356957,-0.928966,1
6022,0,0,0,0,416,109,6547,232,6779,0.0861365,-0.348768,-0.933243,1
6743,0,0,0,0,443,119,7305,265,7570,0.0758894,-0.342346,-0.936504,1
5858,0,0,0,0,509,131,6498,247,6745,0.0484604,-0.325103,-0.944436,1
6034,0,0,0,0,610,156,6800,271,7071,0.0178869,-0.29423,-0.955567,1
6202,0,0,0,0,723,184,7109,294,7403,0.0148195,-0.306753,-0.951674,1
6429,0,0,0,0,800,202,7431,310,7741,0.0154529,-0.271372,-0.96235,1
7248,0,0,0,0,845,220,8313,323,8636,0.0203045,-0.252163,-0.967472,1
6353,0,0,0,0,858,216,7427,314,7741,0.00350444,-0.254465,-0.967076,1
6348,0,0,0,0,890,258,7496,429,7925,0.000380446,-0.3545,-0.935056,1
5608,0,0,0,0,567,135,6310,242,6552,0.00794561,-0.376906,-0.926217,1
3211,0,0,0,0,375,96,3682,185,3867,0.0180549,-0.426866,-0.904134,1
6712,0,0,0,0,710,176,7598,313,7911,0.0251945,-0.545375,-0.837813,1
6626,0,0,0,0,658,106,7390,163,7553,0.0166598,-0.628165,-0.777902,1
4322,0,0,0,0,441,101,4864,139,5003,-0.00140872,-0.666908,-0.745139,1
6647,0,0,0,0,676,151,7474,205,7679,-0.0417586,-0.663232,-0.747248,1
6484,0,0,0,0,662,146,7292,224,7516,-0.0631518,-0.664451,-0.744659,1
6323,0,0,0,0,667,149,7139,187,7326,-0.0663409,-0.685892,-0.724673,1
6674,0,0,0,0,784,160,7618,-1000,-1000,-1,-1,-1,1
6633,0,0,0,0,713,165,7511,681,8192,-0.003851,-0.0537316,-0.998548,1
6539,0,0,0,0,780,182,7501,944,8445,0.00793181,-0.0851022,-0.996341,1
6941,0,0,0,0,760,171,7872,975,8847,0.00984265,-0.0840685,-0.996411,1
6513,0,0,0,0,730,171,7414,907,8321,0.0111249,-0.0703722,-0.997459,1
6427,0,0,0,0,738,168,7333,903,8236,-0.000167761,-0.0364694,-0.999335,1
6586,0,0,0,0,566,114,7266,546,7812,-0.00469187,-0.0367682,-0.999313,1
3006,0,0,0,0,291,67,3364,323,3687,-0.00794742,-0.0460781,-0.998906,1
4619,0,0,0,0,547,123,5289,611,5900,-0.0143615,-0.0522645,-0.99853,1
6598,0,0,0,0,777,172,7547,852,8399,-0.015213,-0.0795746,-0.996713,1
6685,0,0,0,0,730,169,7584,838,8422,-0.00739481,-0.0771215,-0.996994,1
3224,0,0,0,0,367,83,3674,417,4091,-0.00745782,-0.0717952,-0.997392,1
3633,0,0,0,0,421,98,4152,478,4630,0.0011602,-0.0625318,-0.998042,1
6488,0,0,0,0,876,173,7537,820,8357,0.00305424,-0.0499234,-0.998748,1
6184,0,0,0,0,686,155,7025,763,7788,0.00210626,-0.0472418,-0.998881,1
5886,0,0,0,0,663,152,6701,827,7528,0.00505433,-0.0557986,-0.998429,1
5762,0,0,0,0,665,147,6574,742,7316,0.0388679,-0.0590043,-0.997501,1
5781,0,0,0,0,667,149,6597,747,7344,0.0475412,-0.0521138,-0.997509,1
5714,0,0,0,0,675,174,6563,724,7287,0.0231012,-0.0388966,-0.998976,1
6255,0,0,0,0,724,155,7134,743,7877,0.0170861,-0.0360623,-0.999204,1
5951,0,0,0,0,628,148,6727,761,7488,0.0215378,-0.0633705,-0.997758,1
5000,0,0,0,0,479,102,5581,536,6117,0.0127712,-0.0792802,-0.996771,1
3584,0,0,0,0,407,103,4094,494,4588,0.00196725,-0.0819009,-0.996638,1
6317,0,0,0,0,641,149,7107,869,7976,-0.00327537,-0.0799568,-0.996793,1
6480,0,0,0,0,813,180,7473,871,8344,0.00947104,-0.0984293,-0.995099,1
5637,0,0,0,0,681,155,6473,765,7238,0.0133732,-0.102864,-0.994605,1
5633,0,0,0,0,655,147,6435,747,7182,0.014738,-0.107022,-0.994147,1
5184,0,0,0,0,593,138,5915,667,6582,0.0193013,-0.115439,-0.993127,1
5796,0,0,0,0,661,154,6611,727,7338,0.0194336,-0.126302,-0.991801,1
5665,0,0,0,0,663,153,6481,697,7178,0.0110391,-0.137062,-0.990501,1
5695,0,0,0,0,672,153,6520,627,7147,-0.000995673,-0.167257,-0.985913,1
5663,0,0,0,0,670,156,6489,894,7383,0.00324784,-0.252319,-0.967639,1
6382,0,0,0,0,679,171,7232,959,8191,0.0136736,-0.297926,-0.954491,1
5954,0,0,0,0,710,184,6848,742,7590,0.0202176,-0.332078,-0.943035,1
5986,0,0,0,0,674,163,6823,607,7430,0.0253046,-0.374858,-0.926737,1
6383,0,0,0,0,705,171,7259,562,7821,0.0354803,-0.44237,-0.89613,1
6013,0,0,0,0,586,149,6748,380,7128,0.0369547,-0.456121,-0.88915,1
6409,0,0,0,0,551,137,7097,335,7432,0.00832778,-0.526993,-0.849829,1
5469,0,0,0,0,490,122,6081,288,6369,-0.0181465,-0.592925,-0.805053,1
6334,0,0,0,0,569,134,7037,-1000,-1000,-1,-1,-1,1
5912,0,0,0,0,425,106,6443,268,6711,0.00159246,-0.126013,-0.992027,1
6777,0,0,0,0,481,124,7382,379,7761,0.00918199,-0.299565,-0.954032,1
6452,0,0,0,0,626,143,7221,372,7593,0.0171842,-0.367353,-0.929923,1
5837,0,0,0,0,562,140,6539,303,6842,0.0312803,-0.369551,-0.928684,1
6505,0,0,0,0,627,158,7290,273,7563,0.0345661,-0.306089,-0.951375,1
5987,0,0,0,0,727,180,6894,298,7192,0.031099,-0.30194,-0.95282,1
6448,0,0,0,0,944,237,7629,353,7982,0.0256591,-0.323381,-0.945921,1
5820,0,0,0,0,808,204,6832,302,7134,0.0214608,-0.279881,-0.959795,1
6473,0,0,0,0,948,237,7658,317,7975,0.0102924,-0.317324,-0.948261,1
6244,0,0,0,0,845,213,7302,285,7587,0.00501331,-0.345177,-0.938524,1
6140,0,0,0,0,932,227,7299,316,7615,-0.000209768,-0.354248,-0.935152,1
6161,0,0,0,0,870,228,7259,314,7573,-0.000502879,-0.377079,-0.926181,1
5217,0,0,0,0,763,190,6170,336,6506,0.00755915,-0.380941,-0.924568,1
6086,0,0,0,0,752,199,7037,342,7379,0.0175092,-0.379328,-0.925097,1
5169,0,0,0,0,661,161,5991,391,6382,0.00793936,-0.34142,-0.939877,1
6973,0,0,0,0,759,174,7906,507,8413,0.00594613,-0.341303,-0.939934,1
6364,0,0,0,0,695,166,7225,599,7824,-0.015681,-0.330741,-0.943591,1
6333,0,0,0,0,721,167,7221,623,7844,-0.0179369,-0.34513,-0.938383,1
6466,0,0,0,0,739,166,7371,624,7995,0.00879736,-0.372395,-0.928033,1
6711,0,0,0,0,749,168,7628,516,8144,0.0114846,-0.385265,-0.922734,1
6347,0,0,0,0,709,172,7228,477,7705,0.0315852,-0.395519,-0.917915,1
6233,0,0,0,0,783,169,7185,435,7620,0.0416325,-0.377489,-0.925078,1
5685,0,0,0,0,679,184,6548,312,6860,0.0304957,-0.397654,-0.917029,1
5563,0,0,0,0,675,162,6400,241,6641,0.00196662,-0.427763,-0.903889,1
6150,0,0,0,0,772,192,7114,273,7387,-0.0237365,-0.455761,-0.889786,1
6366,0,0,0,0,880,264,7510,300,7810,-0.0411112,-0.502365,-0.863678,1
6174,0,0,0,0,839,203,7216,315,7531,-0.049537,-0.548304,-0.83481,1
6344,0,0,0,0,861,211,7416,325,7741,-0.0388443,-0.588056,-0.807887,1
7011,0,0,0,0,888,225,8124,329,8453,-0.0236247,-0.646328,-0.762694,1
6046,0,0,0,0,902,243,7191,305,7496,0.00382205,-0.688363,-0.725356,1
6367,0,0,0,0,906,243,7516,-1000,-1000,-1,-1,-1,1
6011,0,0,0,0,873,213,7097,258,7355,0.0174988,-0.193318,-0.98098,1
6167,0,0,0,0,846,216,7229,242,7471,0.0231835,-0.269306,-0.962776,1
5909,0,0,0,0,811,198,6918,222,7140,0.0425053,-0.32478,-0.944834,1
6354,0,0,0,0,730,188,7272,225,7497,0.0518016,-0.338097,-0.939684,1
6262,0,0,0,0,691,171,7124,244,7368,0.0467469,-0.353007,-0.934452,1
6546,0,0,0,0,648,162,7356,248,7604,0.0488893,-0.340425,-0.939,1
6523,0,0,0,0,578,153,7254,283,7537,0.0419972,-0.321613,-0.945939,1
6164,0,0,0,0,555,140,6859,281,7140,0.030165,-0.312536,-0.949427,1
6338,0,0,0,0,479,126,6943,289,7232,0.024053,-0.314104,-0.949084,1
5925,0,0,0,0,446,111,6482,299,6781,0.0226782,-0.31021,-0.950397,1
6013,0,0,0,0,425,112,6550,298,6848,0.0351917,-0.334152,-0.941862,1
6059,0,0,0,0,477,124,6660,297,6957,0.0461364,-0.330868,-0.942548,1
6166,0,0,0,0,590,153,6909,303,7212,0.0613246,-0.341278,-0.93796,1
6305,0,0,0,0,742,190,7237,348,7585,0.046074,-0.314924,-0.947998,1
6398,0,0,0,0,862,215,7475,347,7822,0.0458761,-0.298015,-0.953458,1
6484,0,0,0,0,916,231,7631,344,7975,0.0330126,-0.289076,-0.956737,1
6988,0,0,0,0,929,230,8147,356,8503,0.0183856,-0.310481,-0.950402,1
6462,0,0,0,0,831,196,7489,222,7711,0.038412,-0.385218,-0.922026,1
4614,0,0,0,0,571,140,5325,233,5558,0.0278469,-0.398484,-0.916752,1
6489,0,0,0,0,792,192,7473,299,7772,0.0010523,-0.407378,-0.913259,1
6626,0,0,0,0,760,185,7571,288,7859,-0.0339738,-0.405115,-0.913634,1
6702,0,0,0,0,964,173,7839,273,8112,-0.0449779,-0.417059,-0.907766,1
4729,0,0,0,0,466,112,5307,195,5502,-0.065407,-0.421729,-0.90436,1
3619,0,0,0,0,441,103,4163,183,4346,-0.0997787,-0.437045,-0.893888,1
6658,0,0,0,0,819,186,7663,267,7930,-0.119973,-0.466983,-0.87609,1
6573,0,0,0,0,799,183,7555,275,7830,-0.121452,-0.501522,-0.856578,1
7131,0,0,0,0,849,187,8167,276,8443,-0.145844,-0.541226,-0.828133,1
6600,0,0,0,0,805,184,7589,298,7887,-0.131023,-0.60032,-0.788955,1
6561,0,0,0,0,814,192,7567,318,7885,-0.125009,-0.651967,-0.747871,1
6688,0,0,0,0,818,195,7701,-1000,-1000,-1,-1,-1,1
6429,0,0,0,0,1182,290,7901,297,8198,-0.0195181,-0.184965,-0.982551,1
6367,0,0,0,0,823,212,7402,433,7835,-0.0157501,-0.32959,-0.943993,1
7086,0,0,0,0,735,196,8017,488,8505,0.0259859,-0.369269,-0.928959,1
5393,0,0,0,0,520,128,6041,349,6390,0.0395823,-0.39276,-0.918789,1
5876,0,0,0,0,401,104,6381,356,6737,0.0422448,-0.406059,-0.91287,1
5923,0,0,0,0,383,98,6404,302,6706,0.0455432,-0.418157,-0.907232,1
5497,0,0,0,0,476,121,6094,291,6385,0.0437231,-0.401153,-0.914967,1
5648,0,0,0,0,593,150,6391,288,6679,0.0442469,-0.379102,-0.924296,1
5651,0,0,0,0,668,169,6488,254,6742,0.0373709,-0.338252,-0.940313,1
5611,0,0,0,0,722,183,6516,247,6763,0.0392594,-0.344089,-0.938116,1
5746,0,0,0,0,788,196,6730,259,6989,0.0461397,-0.327825,-0.943611,1
5594,0,0,0,0,807,204,6605,246,6851,0.0499776,-0.32499,-0.944396,1
6169,0,0,0,0,955,207,7331,260,7591,0.0484483,-0.300461,-0.952563,1
5543,0,0,0,0,849,211,6603,274,6877,0.0452753,-0.298789,-0.953245,1
5335,0,0,0,0,842,211,6388,301,6689,0.0399741,-0.381734,-0.923407,1
5282,0,0,0,0,874,209,6365,351,6716,0.0309163,-0.324924,-0.945235,1
5216,0,0,0,0,819,214,6249,348,6597,0.0360203,-0.296295,-0.954417,1
5130,0,0,0,0,793,197,6120,310,6430,0.0467822,-0.350864,-0.935257,1
5273,0,0,0,0,843,193,6309,346,6655,0.0372767,-0.293643,-0.955188,1
5288,0,0,0,0,835,190,6313,329,6642,0.0210798,-0.302434,-0.952937,1
5390,0,0,0,0,726,180,6296,395,6691,0.00908141,-0.315487,-0.948887,1
6437,0,0,0,0,722,173,7332,441,7773,-0.00976638,-0.319684,-0.947474,1
5714,0,0,0,0,720,182,6616,565,7181,-0.00246861,-0.296392,-0.955063,1
6447,0,0,0,0,1066,291,7804,754,8558,-3.87484e-05,-0.410601,-0.911815,1
5762,0,0,0,0,703,163,6628,589,7217,0.0192693,-0.409748,-0.911995,1
4371,0,0,0,0,475,112,4958,363,5321,0.0146855,-0.365374,-0.930745,1
2963,0,0,0,0,351,87,3401,242,3643,0.0161473,-0.319498,-0.947449,1
5539,0,0,0,0,632,167,6338,389,6727,0.029361,-0.323824,-0.945662,1
5569,0,0,0,0,660,150,6379,360,6739,0.014796,-0.371612,-0.92827,1
5864,0,0,0,0,677,156,6697,297,6994,-0.00982376,-0.343031,-0.939273,1
5512,0,0,0,0,673,162,6347,225,6572,-0.000445426,-0.317366,-0.948303,1
5768,0,0,0,0,788,188,6744,238,6982,-0.00175054,-0.348428,-0.937334,1
5600,0,0,0,0,700,173,6473,205,6678,-0.00543534,-0.396964,-0.917818,1
5429,0,0,0,0,816,184,6429,217,6646,-0.00833959,-0.469343,-0.882977,1
5217,0,0,0,0,768,188,6173,305,6478,-0.0111849,-0.517247,-0.855763,1
5327,0,0,0,0,781,192,6300,238,6538,-0.000424622,-0.581149,-0.813797,1
5701,0,0,0,0,778,194,6673,285,6958,0.0116251,-0.652017,-0.758115,1
5512,0,0,0,0,776,199,6487,249,6736,0.026331,-0.69782,-0.715789,1
5494,0,0,0,0,769,195,6458,-1000,-1000,-1,-1,-1,1
5619,0,0,0,0,758,187,6564,226,6790,0.00767284,-0.23941,-0.970888,1
6098,0,0,0,0,743,183,7024,243,7267,0.0134647,-0.283715,-0.958814,1
5310,0,0,0,0,693,197,6200,238,6438,0.0178169,-0.30735,-0.95143,1
5414,0,0,0,0,663,167,6244,223,6467,0.046628,-0.331042,-0.942463,1
5399,0,0,0,0,567,142,6108,206,6314,0.0697401,-0.365859,-0.928053,1
5308,0,0,0,0,464,119,5891,230,6121,0.0768782,-0.426976,-0.900989,1
5755,0,0,0,0,391,101,6247,233,6480,0.0685457,-0.411528,-0.908816,1
5247,0,0,0,0,399,103,5749,278,6027,0.0361529,-0.370081,-0.928296,1
5439,0,0,0,0,477,123,6039,292,6331,0.0434603,-0.50237,-0.86356,1
5655,0,0,0,0,650,159,6464,314,6778,0.03997,-0.468852,-0.882372,1
4475,0,0,0,0,505,128,5108,192,5300,0.0522922,-0.427736,-0.90239,1
2931,0,0,0,0,438,107,3476,143,3619,0.0607862,-0.408659,-0.91066,1
5691,0,0,0,0,798,203,6692,270,6962,0.0668854,-0.492243,-0.867884,1
5978,0,0,0,0,818,201,6997,245,7242,0.047752,-0.579118,-0.813844,1
5885,0,0,0,0,822,204,6911,186,7097,0.0307009,-0.69113,-0.722078,1
6412,0,0,0,0,965,241,7618,-1000,-1000,-1,-1,-1,1
5981,0,0,0,0,877,208,7066,494,7560,0.0241526,-0.179126,-0.98353,1
5753,0,0,0,0,833,202,6788,699,7487,0.0394494,-0.258175,-0.965292,1
6851,0,0,0,0,1008,233,8092,557,8649,0.0449852,-0.39995,-0.915432,1
5839,0,0,0,0,867,226,6932,488,7420,0.0336204,-0.411597,-0.910746,1
5827,0,0,0,0,562,126,6515,323,6838,0.0256265,-0.423365,-0.905597,1
4087,0,0,0,0,580,126,4793,286,5079,0.0138054,-0.451436,-0.892197,1
5793,0,0,0,0,734,171,6698,407,7105,0.0147009,-0.522072,-0.852774,1
5993,0,0,0,0,722,193,6908,366,7274,0.0117105,-0.569339,-0.82202,1
6599,0,0,0,0,821,194,7614,400,8014,0.0200364,-0.699,-0.714841,1
6536,0,0,0,0,727,175,7438,325,7763,0.0129068,-0.706324,-0.707771,1
5770,0,0,0,0,627,132,6529,233,6762,0.00602683,-0.701916,-0.712234,1
4001,0,0,0,0,490,135,4626,-1000,-1000,-1,-1,-1,1
5825,0,0,0,0,575,167,6567,331,6898,-0.037947,-0.198528,-0.97936,1
6361,0,0,0,0,491,123,6975,353,7328,-0.0341545,-0.376908,-0.925621,1
6464,0,0,0,0,545,126,7135,429,7564,-0.00187287,-0.48014,-0.87719,1
6520,0,0,0,0,482,117,7119,433,7552,0.014754,-0.448596,-0.893613,1
6409,0,0,0,0,496,119,7024,323,7347,0.0293478,-0.392023,-0.919487,1
6403,0,0,0,0,683,168,7254,378,7632,0.0572042,-0.306417,-0.950177,1
5475,0,0,0,0,532,131,6138,280,6418,0.0712036,-0.30707,-0.94902,1
5688,0,0,0,0,613,152,6453,310,6763,0.0794529,-0.284422,-0.955401,1
5509,0,0,0,0,684,164,6357,231,6588,0.0891962,-0.284082,-0.954642,1
5885,0,0,0,0,765,191,6841,225,7066,0.0922282,-0.238222,-0.966822,1
5738,0,0,0,0,1101,229,7068,217,7285,0.0894811,-0.313277,-0.945437,1
5872,0,0,0,0,952,227,7051,210,7261,0.077838,-0.308307,-0.948097,1
5889,0,0,0,0,1145,284,7318,211,7529,0.0759188,-0.3352,-0.939083,1
5705,0,0,0,0,1058,260,7023,205,7228,0.0381272,-0.362961,-0.931024,1
6300,0,0,0,0,1061,267,7628,260,7888,0.0294623,-0.397577,-0.917096,1
5519,0,0,0,0,1079,263,6861,300,7161,0.0172642,-0.382423,-0.923826,1
6261,0,0,0,0,1103,269,7633,300,7933,0.0156313,-0.390394,-0.920515,1
6704,0,0,0,0,1641,349,8694,461,9155,0.0127506,-0.371055,-0.928523,1
6485,0,0,0,0,1040,262,7787,554,8341,0.00494401,-0.360757,-0.932647,1
6042,0,0,0,0,996,244,7282,548,7830,0.0122789,-0.373352,-0.927609,1
6348,0,0,0,0,911,219,7478,473,7951,0.01287,-0.380928,-0.924515,1
6374,0,0,0,0,910,202,7486,389,7875,0.00196822,-0.35315,-0.935565,1
5871,0,0,0,0,801,181,6853,402,7255,0.0226793,-0.347366,-0.937455,1
6428,0,0,0,0,839,194,7461,436,7897,0.0420997,-0.365604,-0.929818,1
5748,0,0,0,0,761,175,6684,324,7008,0.0769684,-0.41666,-0.905798,1
6423,0,0,0,0,750,185,7358,319,7677,0.076668,-0.470097,-0.879278,1
6751,0,0,0,0,897,204,7852,329,8181,0.0751291,-0.52152,-0.849925,1
6409,0,0,0,0,829,246,7484,309,7793,0.0842991,-0.604195,-0.792365,1
6888,0,0,0,0,1043,227,8158,301,8459,0.0874524,-0.696762,-0.711951,1
6040,0,0,0,0,778,189,7007,-1000,-1000,-1,-1,-1,1
6364,0,0,0,0,859,255,7478,248,7726,0.0274442,-0.220997,-0.974888,1
6435,0,0,0,0,802,191,7428,253,7681,0.0290799,-0.302625,-0.952666,1
6209,0,0,0,0,682,163,7054,254,7308,0.0229715,-0.312716,-0.949569,1
6049,0,0,0,0,498,129,6676,275,6951,0.0248587,-0.313815,-0.949159,1
6122,0,0,0,0,452,117,6691,265,6956,0.0324051,-0.310983,-0.949863,1
6235,0,0,0,0,530,146,6911,256,7167,0.0524576,-0.296776,-0.953505,1
6428,0,0,0,0,437,115,6980,188,7168,0.0704841,-0.305224,-0.949669,1
5477,0,0,0,0,506,126,6109,192,6301,0.0677426,-0.297554,-0.952299,1
5520,0,0,0,0,558,141,6219,219,6438,0.00348699,-0.2932,-0.956045,1
6697,0,0,0,0,861,194,7752,294,8046,-0.0128528,-0.297448,-0.954652,1
6602,0,0,0,0,1008,250,7860,385,8245,-0.0312497,-0.25098,-0.967488,1
6518,0,0,0,0,954,249,7721,363,8084,-0.0403366,-0.212533,-0.976321,1
4095,0,0,0,0,672,165,4932,239,5171,-0.0549184,-0.152278,-0.986811,1
7040,0,0,0,0,1089,257,8386,415,8801,-0.0600486,-0.140647,-0.988237,1
6228,0,0,0,0,1034,255,7517,379,7896,-0.0815053,-0.11083,-0.990492,1
7017,0,0,0,0,1123,266,8406,349,8755,-0.0905398,-0.129251,-0.98747,1
6046,0,0,0,0,1038,279,7363,279,7642,-0.109276,-0.116172,-0.9872,1
5946,0,0,0,0,993,252,7191,275,7466,-0.105606,-0.153486,-0.982491,1
6879,0,0,0,0,1008,247,8134,197,8331,-0.0859592,-0.230223,-0.969334,1
6481,0,0,0,0,964,246,7691,235,7926,-0.124518,-0.348776,-0.928898,1
6759,0,0,0,0,1020,245,8024,239,8263,-0.160295,-0.316402,-0.934984,1
3137,0,0,0,0,513,136,3786,139,3925,-0.18074,-0.275518,-0.944152,1
5535,0,0,0,0,715,209,6459,202,6661,-0.19838,-0.301561,-0.93258,1
5819,0,0,0,0,969,224,7012,276,7288,-0.202679,-0.330824,-0.92167,1
6478,0,0,0,0,958,223,7659,268,7927,-0.212119,-0.39663,-0.893135,1
6037,0,0,0,0,936,215,7188,291,7479,-0.203229,-0.476662,-0.855273,1
6125,0,0,0,0,889,198,7212,303,7515,-0.188311,-0.635907,-0.748439,1
5939,0,0,0,0,783,182,6904,300,7204,-0.189599,-0.658407,-0.72839,1
5012,0,0,0,0,508,118,5638,186,5824,-0.194571,-0.674636,-0.712045,1
3091,0,0,0,0,386,92,3569,-1000,-1000,-1,-1,-1,1
5908,0,0,0,0,805,225,6938,324,7262,-0.018405,-0.285569,-0.958181,1
5887,0,0,0,0,802,193,6882,667,7549,-0.00858854,-0.220087,-0.975442,1
5772,0,0,0,0,745,135,6652,431,7083,0.000767372,-0.167905,-0.985803,1
5181,0,0,0,0,689,172,6042,525,6567,0.0183806,-0.168511,-0.985528,1
5636,0,0,0,0,667,169,6472,519,6991,0.014472,-0.183782,-0.98286,1
5618,0,0,0,0,552,137,6307,502,6809,0.00778336,-0.191223,-0.981516,1
5746,0,0,0,0,508,123,6377,492,6869,-0.00121496,-0.212436,-0.977174,1
5724,0,0,0,0,548,132,6404,522,6926,-0.00720549,-0.221831,-0.975058,1
6711,0,0,0,0,702,174,7587,498,8085,0.00155683,-0.23351,-0.972353,1
5984,0,0,0,0,909,220,7113,446,7559,0.00880474,-0.25324,-0.967363,1
6296,0,0,0,0,1193,274,7763,462,8225,0.00723603,-0.24559,-0.969347,1
6473,0,0,0,0,1289,306,8068,470,8538,0.0070904,-0.236317,-0.97165,1
6406,0,0,0,0,1367,338,8111,515,8626,0.0221805,-0.243763,-0.969581,1
6341,0,0,0,0,1334,353,8028,505,8533,0.0273721,-0.241535,-0.970006,1
6165,0,0,0,0,1335,329,7829,527,8356,0.0182208,-0.233859,-0.9721,1
6224,0,0,0,0,1380,331,7935,518,8453,0.0111495,-0.232234,-0.972596,1
6127,0,0,0,0,1383,326,7836,489,8325,0.0172148,-0.227736,-0.973571,1
6160,0,0,0,0,1257,311,7728,426,8154,0.0328497,-0.271465,-0.961887,1
6103,0,0,0,0,1224,299,7626,381,8007,0.0342538,-0.276311,-0.960458,1
5933,0,0,0,0,1176,280,7389,310,7699,0.0506417,-0.283853,-0.957529,1
6087,0,0,0,0,1125,299,7511,294,7805,0.0611054,-0.28798,-0.955685,1
6236,0,0,0,0,1146,283,7665,296,7961,0.0532245,-0.304955,-0.950878,1
6150,0,0,0,0,1154,305,7609,333,7942,0.0359615,-0.304597,-0.951802,1
6240,0,0,0,0,1149,301,7690,449,8139,0.0313984,-0.298747,-0.953816,1
6132,0,0,0,0,1164,301,7597,552,8149,0.0377366,-0.286587,-0.957311,1
6233,0,0,0,0,1094,264,7591,594,8185,0.0309803,-0.28606,-0.957711,1
6089,0,0,0,0,1063,245,7397,626,8023,0.0339055,-0.270601,-0.962094,1
5877,0,0,0,0,963,231,7071,401,7472,0.0349175,-0.258985,-0.96525,1
5922,0,0,0,0,925,221,7068,515,7583,0.0306857,-0.259607,-0.965227,1
5787,0,0,0,0,929,213,6929,462,7391,0.024282,-0.260119,-0.965271,1
6562,0,0,0,0,945,234,7741,451,8192,0.0183234,-0.274901,-0.961298,1
6286,0,0,0,0,847,193,7326,444,7770,0.02071,-0.264116,-0.964269,1
6331,0,0,0,0,926,208,7465,493,7958,0.0285116,-0.267865,-0.963034,1
5716,0,0,0,0,798,187,6701,420,7121,0.0284536,-0.251594,-0.967414,1
5894,0,0,0,0,844,206,6944,325,7269,0.0223816,-0.261462,-0.964954,1
6191,0,0,0,0,827,196,7214,280,7494,0.0216692,-0.280885,-0.959497,1
5542,0,0,0,0,870,196,6608,275,6883,0.0189567,-0.301865,-0.953162,1
6368,0,0,0,0,972,254,7594,315,7909,0.0247425,-0.308245,-0.950985,1
6579,0,0,0,0,941,228,7748,256,8004,0.0337219,-0.313518,-0.948983,1
6478,0,0,0,0,1029,231,7738,226,7964,0.0409911,-0.312724,-0.948959,1
6610,0,0,0,0,968,228,7806,197,8003,0.0425928,-0.318307,-0.94703,1
6143,0,0,0,0,971,222,7336,192,7528,0.038444,-0.339571,-0.939794,1
6594,0,0,0,0,953,262,7809,217,8026,0.0399389,-0.35191,-0.935181,1
7011,0,0,0,0,1186,237,8434,218,8652,0.0376268,-0.378911,-0.924668,1
6442,0,0,0,0,979,266,7687,263,7950,0.0338315,-0.383823,-0.922787,1
7132,0,0,0,0,1310,277,8719,234,8953,0.0289878,-0.379698,-0.924656,1
6321,0,0,0,0,1021,241,7583,258,7841,0.0240949,-0.369557,-0.928896,1
8088,0,0,0,0,1501,357,9946,290,10236,0.0281356,-0.312594,-0.94947,1
3024,0,0,0,0,399,105,3528,81,3609,0.034095,-0.290143,-0.956376,1
3766,0,0,0,0,626,141,4533,106,4639,0.0170309,-0.189393,-0.981754,1
6349,0,0,0,0,1228,246,7823,282,8105,0.00758054,-0.137923,-0.990414,1
6126,0,0,0,0,982,235,7343,242,7585,0.00666862,-0.096998,-0.995262,1
6290,0,0,0,0,1002,248,7540,299,7839,0.00446682,-0.0769789,-0.997023,1
6157,0,0,0,0,984,239,7380,351,7731,0.000530488,-0.0677305,-0.997704,1
6209,0,0,0,0,1021,242,7472,386,7858,-0.00186112,-0.0579424,-0.998318,1
6140,0,0,0,0,996,238,7374,397,7771,-0.00306095,-0.0425396,-0.99909,1
6276,0,0,0,0,1006,254,7536,442,7978,-0.0047156,-0.0351031,-0.999372,1
6210,0,0,0,0,989,248,7447,434,7881,-0.0052713,-0.0290716,-0.999563,1
6237,0,0,0,0,989,241,7467,453,7920,-0.00523549,-0.0268553,-0.999626,1
6896,0,0,0,0,988,243,8127,407,8534,-0.00699563,-0.0237963,-0.999692,1
6189,0,0,0,0,985,238,7412,495,7907,-0.0103293,-0.0174829,-0.999794,1
6243,0,0,0,0,1009,242,7494,513,8007,-0.0110874,-0.0190108,-0.999758,1
6165,0,0,0,0,1014,242,7421,480,7901,-0.0125024,-0.0182628,-0.999755,1
6321,0,0,0,0,987,250,7558,480,8038,-0.0146224,-0.0173391,-0.999743,1
6280,0,0,0,0,1030,247,7557,639,8196,-0.0127791,-0.0193948,-0.99973,1
6853,0,0,0,0,981,260,8094,467,8561,-0.0121075,-0.0181497,-0.999762,1
6971,0,0,0,0,1004,245,8220,485,8705,-0.0141186,-0.0182541,-0.999734,1
6135,0,0,0,0,983,240,7358,484,7842,-0.0143911,-0.0189114,-0.999718,1
6162,0,0,0,0,1036,236,7434,476,7910,-0.0147883,-0.0205895,-0.999679,1
6334,0,0,0,0,991,243,7568,498,8066,-0.0152388,-0.0201435,-0.999681,1
6236,0,0,0,0,1018,241,7495,504,7999,-0.0133575,-0.0185663,-0.999738,1
6826,0,0,0,0,991,243,8060,482,8542,-0.0125271,-0.0188372,-0.999744,1
6177,0,0,0,0,986,243,7406,487,7893,-0.0134036,-0.0191929,-0.999726,1
6471,0,0,0,0,991,244,7706,496,8202,-0.0136188,-0.0190466,-0.999726,1
7251,0,0,0,0,995,256,8502,514,9016,-0.012435,-0.0168757,-0.99978,1
6324,0,0,0,0,1016,270,7610,484,8094,-0.0120542,-0.0179834,-0.999766,1
6264,0,0,0,0,998,241,7503,498,8001,-0.0136673,-0.0195113,-0.999716,1
6292,0,0,0,0,987,237,7516,486,8002,-0.014741,-0.0183355,-0.999723,1
6184,0,0,0,0,1040,246,7470,489,7959,-0.0139678,-0.019018,-0.999722,1
6261,0,0,0,0,1013,243,7517,523,8040,-0.0130449,-0.0184074,-0.999745,1
6448,0,0,0,0,1002,247,7697,483,8180,-0.0120166,-0.0172664,-0.999779,1
6365,0,0,0,0,1037,246,7648,476,8124,-0.0115344,-0.0185251,-0.999762,1
6159,0,0,0,0,1022,240,7421,470,7891,-0.0121708,-0.0185145,-0.999755,1
5570,0,0,0,0,884,214,6668,457,7125,-0.0108148,-0.0175402,-0.999788,1
6302,0,0,0,0,993,242,7537,482,8019,-0.0108467,-0.0162073,-0.99981,1
7359,0,0,0,0,1016,246,8621,476,9097,-0.015112,-0.0187358,-0.99971,1
6163,0,0,0,0,1018,244,7425,492,7917,-0.0187799,-0.0208788,-0.999606,1
6258,0,0,0,0,1024,243,7525,503,8028,-0.0172711,-0.0211701,-0.999627,1
6567,0,0,0,0,1085,278,7930,528,8458,-0.0112693,-0.0201129,-0.999734,1
6635,0,0,0,0,1465,329,8429,542,8971,-0.00813567,-0.0186266,-0.999793,1
5684,0,0,0,0,951,238,6873,425,7298,-0.01044,-0.0195937,-0.999754,1
5637,0,0,0,0,950,227,6814,435,7249,-0.0123378,-0.0273452,-0.99955,1
6308,0,0,0,0,943,220,7471,401,7872,-0.0191918,-0.0422948,-0.998921,1
5866,0,0,0,0,1012,242,7120,363,7483,-0.0174925,-0.06131,-0.997965,1
5923,0,0,0,0,1051,239,7213,351,7564,-0.0115304,-0.0938883,-0.995516,1
5847,0,0,0,0,980,243,7070,308,7378,-0.0105915,-0.112916,-0.993548,1
6738,0,0,0,0,1138,247,8123,308,8431,-0.00930049,-0.144852,-0.98941,1
5846,0,0,0,0,992,242,7080,292,7372,-0.00727257,-0.147085,-0.989097,1
5718,0,0,0,0,975,229,6922,269,7191,-0.00818226,-0.15978,-0.987119,1
5625,0,0,0,0,833,207,6665,279,6944,-0.00519229,-0.155033,-0.987896,1
5565,0,0,0,0,792,195,6552,267,6819,-0.00167363,-0.195644,-0.980674,1
5637,0,0,0,0,741,186,6564,317,6881,0.00816988,-0.199082,-0.979949,1
5587,0,0,0,0,736,182,6505,320,6825,0.00580087,-0.18833,-0.982089,1
6362,0,0,0,0,933,223,7518,351,7869,0.00140206,-0.228928,-0.973442,1
5884,0,0,0,0,672,170,6726,388,7114,-0.00603756,-0.197521,-0.98028,1
3929,0,0,0,0,465,115,4509,308,4817,-0.0108985,-0.14744,-0.989011,1
5126,0,0,0,0,696,158,5980,415,6395,-0.00370258,-0.135454,-0.990777,1
6282,0,0,0,0,756,190,7228,501,7729,0.0010497,-0.132602,-0.991169,1
6590,0,0,0,0,873,251,7714,518,8232,-0.00369165,-0.121606,-0.992572,1
6028,0,0,0,0,946,220,7194,534,7728,-0.0124628,-0.0970804,-0.995198,1
6553,0,0,0,0,974,238,7765,548,8313,-0.017473,-0.11603,-0.993092,1
6167,0,0,0,0,687,171,7025,421,7446,-0.0226698,-0.113919,-0.993231,1
4361,0,0,0,0,1022,226,5609,399,6008,-0.0211043,-0.101455,-0.994616,1
6066,0,0,0,0,1091,258,7415,574,7989,-0.0170688,-0.107004,-0.994112,1
6373,0,0,0,0,1022,260,7655,580,8235,-0.00738942,-0.125314,-0.99209,1
6227,0,0,0,0,1037,251,7515,540,8055,-0.0048971,-0.150084,-0.988661,1
6384,0,0,0,0,1127,286,7797,425,8222,0.0128666,-0.212545,-0.977067,1
5780,0,0,0,0,696,175,6651,227,6878,0.0273892,-0.252807,-0.967129,1
3218,0,0,0,0,560,136,3914,128,4042,0.0477741,-0.294822,-0.954357,1
6032,0,0,0,0,1031,289,7352,226,7578,0.0580133,-0.292751,-0.954427,1
6602,0,0,0,0,1083,286,7971,241,8212,0.0659581,-0.343108,-0.936977,1
6275,0,0,0,0,1142,278,7695,246,7941,0.0944768,-0.381031,-0.919722,2
6137,0,0,0,0,1215,287,7639,198,7837,0.0958114,-0.375925,-0.921684,2
6371,0,0,0,0,1214,290,7875,215,8090,0.11999,-0.414183,-0.90225,2
6154,0,0,0,0,1678,301,8133,262,8395,0.0432174,-0.339444,-0.939633,2
7118,0,0,0,0,1530,331,8979,338,9317,0.031819,-0.351114,-0.935792,2
7567,0,0,0,0,1171,316,9054,354,9408,0.0163682,-0.379564,-0.92502,2
7225,0,0,0,0,1303,317,8845,387,9232,-0.00999437,-0.466224,-0.88461,2
4652,0,0,0,0,798,186,5636,269,5905,0.0063864,-0.466477,-0.88451,2
4597,0,0,0,0,774,172,5543,248,5791,0.0168413,-0.457026,-0.889294,2
6119,0,0,0,0,1026,234,7379,357,7736,0.0323818,-0.472267,-0.880861,2
6117,0,0,0,0,920,215,7252,362,7614,0.0432575,-0.496335,-0.867053,2
6472,0,0,0,0,894,207,7573,395,7968,0.0547093,-0.522979,-0.850588,2
7095,0,0,0,0,974,229,8298,450,8748,0.0686714,-0.558566,-0.826612,2
6501,0,0,0,0,867,205,7573,418,7991,0.0657343,-0.559602,-0.82615,2
6958,0,0,0,0,980,238,8176,488,8664,0.0761403,-0.623152,-0.778386,2
4967,0,0,0,0,657,119,5743,234,5977,0.0691379,-0.603063,-0.794692,2
3259,0,0,0,0,493,120,3872,228,4100,0.0698151,-0.641276,-0.764128,2
6658,0,0,0,0,961,259,7878,-1000,-1000,-1,-1,-1,2
6706,0,0,0,0,948,237,7891,884,8775,0.0193048,-0.116137,-0.993046,2
6653,0,0,0,0,836,207,7696,774,8470,0.0112924,-0.141281,-0.989905,2
6784,0,0,0,0,766,201,7751,762,8513,0.0164736,-0.120463,-0.992581,2
6633,0,0,0,0,834,190,7657,724,8381,0.0419188,-0.133135,-0.990211,2
6654,0,0,0,0,831,196,7681,716,8397,0.0422762,-0.127993,-0.990874,2
6868,0,0,0,0,965,240,8073,658,8731,0.0581507,-0.259098,-0.964099,2
5839,0,0,0,0,689,166,6694,417,7111,0.058355,-0.220478,-0.973645,2
3425,0,0,0,0,573,140,4138,334,4472,0.0531161,-0.168128,-0.984333,2
2783,0,0,0,0,486,121,3390,231,3621,0.0471059,-0.140541,-0.988954,2
7046,0,0,0,0,1175,292,8513,555,9068,0.0498711,-0.179817,-0.982435,2
6049,0,0,0,0,1266,327,7642,549,8191,0.0484316,-0.198315,-0.978941,2
5923,0,0,0,0,1237,308,7468,563,8031,0.0560159,-0.209927,-0.976111,2
6669,0,0,0,0,1470,356,8495,663,9158,0.0460605,-0.226649,-0.972887,2
6599,0,0,0,0,1502,354,8455,664,9119,0.0336409,-0.262906,-0.964235,2
6513,0,0,0,0,1526,374,8413,502,8915,0.0263193,-0.264655,-0.963984,2
6503,0,0,0,0,1472,365,8340,347,8687,0.0217013,-0.294845,-0.955299,2
6597,0,0,0,0,1722,369,8688,452,9140,0.0221464,-0.26994,-0.962622,2
6895,0,0,0,0,1338,334,8567,536,9103,0.0157937,-0.275555,-0.961155,2
7404,0,0,0,0,1410,393,9207,829,10036,0.00999173,-0.311044,-0.950343,2
6831,0,0,0,0,1387,342,8560,679,9239,0.00543628,-0.368302,-0.92969,2
7022,0,0,0,0,1266,303,8591,454,9045,0.00496931,-0.447503,-0.894268,2
5926,0,0,0,0,1052,249,7227,379,7606,0.0277009,-0.549684,-0.834913,2
6959,0,0,0,0,1178,273,8410,380,8790,0.0513626,-0.644964,-0.762485,2
6757,0,0,0,0,1299,278,8334,-1000,-1000,-1,-1,-1,2
6500,0,0,0,0,1168,289,7957,642,8599,0.0256715,-0.211689,-0.977,2
6581,0,0,0,0,1430,313,8324,388,8712,0.0280382,-0.216901,-0.975791,2
6400,0,0,0,0,1324,322,8046,444,8490,0.03096,-0.195149,-0.980285,2
5862,0,0,0,0,1125,271,7258,426,7684,0.0498019,-0.221075,-0.973984,2
5707,0,0,0,0,1081,286,7074,509,7583,0.0534353,-0.208127,-0.976641,2
7355,0,0,0,0,1308,296,8959,571,9530,0.0523567,-0.177916,-0.982652,2
6437,0,0,0,0,1140,269,7846,560,8406,0.0437984,-0.175762,-0.983458,2
6490,0,0,0,0,1111,270,7871,534,8405,0.0327856,-0.165759,-0.985621,2
6569,0,0,0,0,1003,245,7817,523,8340,0.0307832,-0.149151,-0.988335,2
6532,0,0,0,0,992,241,7765,555,8320,0.0283384,-0.135613,-0.990356,2
2543,0,0,0,0,376,93,3012,228,3240,0.0227612,-0.11191,-0.993458,2
6392,0,0,0,0,938,227,7557,522,8079,0.0526544,-0.133049,-0.98971,2
6361,0,0,0,0,864,215,7440,392,7832,0.0623417,-0.119428,-0.990884,2
6548,0,0,0,0,888,223,7659,421,8080,0.0648339,-0.113311,-0.991442,2
5907,0,0,0,0,853,215,6975,373,7348,0.071823,-0.120895,-0.990064,2
6272,0,0,0,0,958,232,7462,386,7848,0.0598264,-0.118038,-0.991205,2
6122,0,0,0,0,978,241,7341,411,7752,0.049019,-0.120738,-0.991473,2
5974,0,0,0,0,1032,247,7253,413,7666,0.0389595,-0.118225,-0.992222,2
6092,0,0,0,0,1018,251,7361,406,7767,0.0301419,-0.117406,-0.992626,2
6045,0,0,0,0,1031,251,7327,413,7740,0.0412395,-0.152404,-0.987457,2
6115,0,0,0,0,1013,249,7377,404,7781,0.0531527,-0.199635,-0.978428,2
6014,0,0,0,0,1040,261,7315,349,7664,0.067614,-0.308074,-0.948957,2
6924,0,0,0,0,1241,303,8468,318,8786,0.0900694,-0.420259,-0.902923,2
6298,0,0,0,0,1352,333,7983,328,8311,0.12195,-0.517754,-0.846793,2
6101,0,0,0,0,1106,273,7480,226,7706,0.160146,-0.585579,-0.794639,2
6299,0,0,0,0,1271,305,7875,-1000,-1000,-1,-1,-1,2
6693,0,0,0,0,1219,290,8202,803,9005,0.0468235,-0.111086,-0.992707,2
4767,0,0,0,0,896,203,5866,274,6140,0.070986,-0.167705,-0.983278,2
4317,0,0,0,0,816,224,5357,219,5576,0.0493806,-0.202581,-0.97802,2
6559,0,0,0,0,1250,297,8106,328,8434,0.00587287,-0.200214,-0.979735,2
6393,0,0,0,0,1329,325,8047,387,8434,0.00531681,-0.263433,-0.964663,2
6333,0,0,0,0,1172,275,7780,382,8162,-0.00707784,-0.307761,-0.951437,2
6213,0,0,0,0,1116,290,7619,413,8032,-0.0156251,-0.346512,-0.937916,2
6961,0,0,0,0,1197,285,8443,487,8930,0.00501993,-0.498883,-0.866655,2
6552,0,0,0,0,988,228,7768,434,8202,0.0074557,-0.520867,-0.853605,2
4514,0,0,0,0,649,176,5339,290,5629,0.00826777,-0.503879,-0.863735,2
4930,0,0,0,0,749,178,5857,360,6217,0.00140951,-0.538886,-0.842378,2
5874,0,0,0,0,893,215,6982,393,7375,-0.000312666,-0.602079,-0.798437,2
6123,0,0,0,0,876,219,7218,404,7622,0.0130314,-0.619873,-0.784594,2
5722,0,0,0,0,862,207,6791,388,7179,0.0211162,-0.676772,-0.73589,2
6012,0,0,0,0,783,191,6986,392,7378,0.0212117,-0.7054,-0.708492,2
5908,0,0,0,0,712,175,6795,372,7167,0.0309205,-0.652607,-0.757066,2
6674,0,0,0,0,757,184,7615,385,8000,0.0602665,-0.561574,-0.825229,2
5931,0,0,0,0,681,165,6777,350,7127,0.0468544,-0.267039,-0.962546,2
6117,0,0,0,0,654,164,6935,521,7456,0.0469949,-0.148879,-0.987738,2
5706,0,0,0,0,732,177,6615,526,7141,0.0642347,-0.150376,-0.98654,2
6057,0,0,0,0,870,198,7125,450,7575,0.0686941,-0.156448,-0.985294,2
6974,0,0,0,0,815,237,8026,344,8370,0.0721749,-0.189562,-0.979212,2
6733,0,0,0,0,884,226,7843,282,8125,0.0722194,-0.213179,-0.97434,2
5980,0,0,0,0,1071,259,7310,289,7599,0.0707258,-0.223872,-0.972049,2
5980,0,0,0,0,1181,289,7450,278,7728,0.0620448,-0.214082,-0.974843,2
6081,0,0,0,0,1257,334,7672,312,7984,0.0819434,-0.214045,-0.973381,2
5880,0,0,0,0,1331,333,7544,252,7796,0.0683054,-0.188639,-0.979668,2
5795,0,0,0,0,1427,338,7560,289,7849,0.0629627,-0.172072,-0.98307,2
5684,0,0,0,0,1293,324,7301,264,7565,0.0474986,-0.170749,-0.984169,2
5737,0,0,0,0,1288,323,7348,273,7621,0.0442499,-0.193702,-0.980062,2
5853,0,0,0,0,1323,316,7492,243,7735,0.0396509,-0.206808,-0.977578,2
6266,0,0,0,0,1332,327,7925,275,8200,0.032739,-0.222245,-0.974441,2
6346,0,0,0,0,1347,331,8024,313,8337,0.0196399,-0.24133,-0.970244,2
6262,0,0,0,0,1445,344,8051,466,8517,0.0229544,-0.275121,-0.961135,2
6270,0,0,0,0,1407,348,8025,621,8646,0.0130527,-0.223416,-0.974636,2
4382,0,0,0,0,967,235,5584,452,6036,0.0191792,-0.192981,-0.981015,2
6240,0,0,0,0,1374,352,7966,608,8574,0.0153676,-0.185078,-0.982604,2
6174,0,0,0,0,1289,317,7780,605,8385,0.00673079,-0.164769,-0.986309,2
6209,0,0,0,0,1295,484,7988,844,8832,0.00312247,-0.145804,-0.989309,2
6172,0,0,0,0,1330,315,7817,640,8457,0.00278532,-0.124643,-0.992198,2
6038,0,0,0,0,1729,380,8147,721,8868,-0.00348009,-0.106187,-0.99434,2
5831,0,0,0,0,1214,270,7315,602,7917,-0.0084198,-0.0963239,-0.995314,2
6642,0,0,0,0,1014,242,7898,602,8500,-0.00800067,-0.0770549,-0.996995,2
5830,0,0,0,0,1055,258,7143,507,7650,-0.00982778,-0.0677398,-0.997655,2
6087,0,0,0,0,1147,246,7480,577,8057,-0.00917163,-0.0631654,-0.997961,2
5893,0,0,0,0,1019,247,7159,613,7772,-0.0119106,-0.0548275,-0.998425,2
5825,0,0,0,0,1015,248,7088,644,7732,-0.0230915,-0.0563697,-0.998143,2
5941,0,0,0,0,1019,264,7224,700,7924,-0.0208925,-0.0441025,-0.998808,2
5892,0,0,0,0,1012,245,7149,666,7815,-0.0128125,-0.0363456,-0.999257,2
5715,0,0,0,0,981,266,6962,698,7660,-0.00730996,-0.02907,-0.999551,2
5738,0,0,0,0,986,239,6963,740,7703,-0.00425064,-0.0210028,-0.99977,2
5832,0,0,0,0,998,243,7073,726,7799,-0.0025139,-0.0138313,-0.999901,2
6597,0,0,0,0,1172,278,8047,806,8853,-0.000548029,-0.0112749,-0.999936,2
6526,0,0,0,0,1562,330,8418,713,9131,0.000835339,-0.0117471,-0.999931,2
6260,0,0,0,0,1070,258,7588,647,8235,-0.000677097,-0.0187813,-0.999823,2
5807,0,0,0,0,922,187,6916,491,7407,-0.00157629,-0.0241878,-0.999706,2
5270,0,0,0,0,953,228,6451,630,7081,-0.00259474,-0.0284755,-0.999591,2
5851,0,0,0,0,1126,261,7238,652,7890,-0.00433869,-0.0349711,-0.999379,2
6478,0,0,0,0,1100,258,7836,641,8477,-0.00647667,-0.0398281,-0.999186,2
5912,0,0,0,0,1128,259,7299,634,7933,-0.0124861,-0.0450273,-0.998908,2
5724,0,0,0,0,1076,269,7069,660,7729,-0.0148248,-0.0462465,-0.99882,2
6791,0,0,0,0,1153,255,8199,681,8880,-0.0168871,-0.0405028,-0.999037,2
6447,0,0,0,0,1099,284,7830,666,8496,-0.012585,-0.0258006,-0.999588,2
6815,0,0,0,0,1177,293,8285,797,9082,-0.0122461,-0.0127327,-0.999844,2
7001,0,0,0,0,1228,313,8542,873,9415,-0.0173186,-0.00265062,-0.999846,2
5331,0,0,0,0,734,177,6242,531,6773,-0.0131744,-0.00850157,-0.999877,2
4424,0,0,0,0,728,179,5331,554,5885,-0.0114166,-0.00917626,-0.999893,2
6379,0,0,0,0,1055,259,7693,798,8491,-0.0142719,-0.00532858,-0.999884,2
5985,0,0,0,0,1063,286,7334,820,8154,-0.0142609,-0.0105373,-0.999843,2
6693,0,0,0,0,1222,321,8236,1008,9244,-0.0149533,-0.0144313,-0.999784,2
6999,0,0,0,0,1226,262,8487,915,9402,-0.0153664,-0.0195382,-0.999691,2
6449,0,0,0,0,1426,263,8138,839,8977,-0.0155672,-0.0228598,-0.999618,2
5983,0,0,0,0,1085,262,7330,790,8120,-0.01326,-0.0247105,-0.999607,2
5918,0,0,0,0,1064,258,7240,813,8053,-0.0123749,-0.0262495,-0.999579,2
6712,0,0,0,0,1185,311,8208,915,9123,-0.0131591,-0.0267957,-0.999554,2
6588,0,0,0,0,1194,297,8079,877,8956,-0.0112888,-0.0249604,-0.999625,2
6051,0,0,0,0,1049,255,7355,883,8238,-0.00973717,-0.0247288,-0.999647,2
6082,0,0,0,0,1072,292,7446,816,8262,-0.00893758,-0.0261725,-0.999618,2
7106,0,0,0,0,1208,289,8603,915,9518,-0.0108857,-0.0285708,-0.999532,2
6264,0,0,0,0,1070,262,7596,1020,8616,-0.0134452,-0.028383,-0.999507,2
6929,0,0,0,0,1166,281,8376,859,9235,-0.0120978,-0.0267827,-0.999568,2
7810,0,0,0,0,1228,287,9325,916,10241,-0.00644301,-0.0265676,-0.999626,2
6863,0,0,0,0,1231,285,8379,871,9250,-0.00238127,-0.0262881,-0.999652,2
6224,0,0,0,0,1053,251,7528,738,8266,0.00134417,-0.0244368,-0.999701,2
6686,0,0,0,0,1158,250,8094,752,8846,0.00319902,-0.0231968,-0.999726,2
5803,0,0,0,0,738,193,6734,479,7213,0.00293518,-0.0239123,-0.99971,2
7816,0,0,0,0,1206,289,9311,781,10092,0.000934935,-0.0268795,-0.999638,2
5854,0,0,0,0,705,168,6727,456,7183,-0.000205719,-0.0275016,-0.999622,2
3114,0,0,0,0,536,131,3781,453,4234,-0.00118792,-0.0274925,-0.999621,2
5774,0,0,0,0,1074,246,7094,694,7788,-0.00249636,-0.0269727,-0.999633,2
6159,0,0,0,0,1019,245,7423,716,8139,-0.0023826,-0.0262556,-0.999652,2
6068,0,0,0,0,1043,249,7360,696,8056,-0.00425683,-0.0267772,-0.999632,2
6095,0,0,0,0,1041,245,7381,694,8075,-0.0025514,-0.026748,-0.999639,2
