Downsample[ns],BuildFilTree[ns],SearchFil[ns],DeleteFil[ns],BuildTreeSub[ns],SearchSub[ns],DeleteSub[ns],PreProcTotal[ns],Plane[ns],Total[ns],nx,ny,nz,planeCount
6063,4105,97,499,0,1377,273,12414,175,12589,-0.117566,0.152262,-0.981323,0
6211,4136,34,483,0,988,265,12117,284,12401,0.00685168,0.0371275,-0.999287,0
6411,4082,39,486,0,1091,192,12301,284,12585,0.00963235,0.0343651,-0.999363,0
4336,2788,21,325,0,708,189,8367,283,8650,0.0102675,0.0336606,-0.999381,0
4229,3040,23,333,0,690,185,8500,308,8808,0.0083492,0.0331392,-0.999416,0
5607,3797,28,433,0,890,265,11020,372,11392,0.00642597,0.0332782,-0.999425,0
5631,4125,29,355,0,662,197,10999,277,11276,0.00467271,0.0345516,-0.999392,0
4085,2692,20,300,0,633,171,7901,243,8144,0.00516535,0.035949,-0.99934,0
5977,4079,32,469,0,1001,264,11822,367,12189,0.00567269,0.0368076,-0.999306,0
6043,4034,34,488,0,1002,263,11864,395,12259,0.00600944,0.0382143,-0.999251,0
6017,4015,31,472,0,984,266,11785,373,12158,0.0058289,0.0413034,-0.99913,0
4297,2750,22,328,0,698,182,8277,227,8504,0.00631818,0.0440473,-0.99901,0
5490,4015,35,576,0,989,248,11353,268,11621,0.00578671,0.0477438,-0.998843,0
5935,4081,30,475,0,1001,268,11790,291,12081,0.00815627,0.0535197,-0.998534,0
6054,4033,32,474,0,1013,336,11942,385,12327,0.0136749,0.0609885,-0.998045,0
6169,4211,33,528,0,1063,274,12278,337,12615,0.0121331,0.0597347,-0.998141,0
4363,2964,21,326,0,724,210,8608,216,8824,0.0121126,0.0611603,-0.998055,0
5383,3655,28,424,0,894,238,10622,312,10934,0.00925674,0.0650236,-0.997841,0
5378,3775,29,438,0,934,254,10808,298,11106,0.0115504,0.067028,-0.997684,0
5978,4244,32,523,0,1032,277,12086,370,12456,0.0139565,0.0694035,-0.997491,0
5961,4227,31,483,0,1037,191,11930,308,12238,0.0150711,0.0690021,-0.997503,0
4212,2764,24,317,0,679,179,8175,326,8501,0.0147389,0.0666236,-0.997669,0
6166,3966,32,460,0,973,270,11867,504,12371,0.012284,0.0812229,-0.99662,0
6240,3970,33,525,0,1008,267,12043,475,12518,0.0100184,0.0834203,-0.996464,0
6264,3911,33,490,0,989,257,11944,466,12410,0.01165,0.0831313,-0.996471,0
6042,4142,32,469,0,1052,272,12009,491,12500,0.0157136,0.0844517,-0.996304,0
6194,4125,32,537,0,1024,271,12183,565,12748,0.017461,0.08103,-0.996559,0
6478,4255,36,509,0,1050,267,12595,384,12979,0.0164593,0.0826805,-0.99644,0
5516,3636,28,423,0,941,241,10785,439,11224,0.0132726,0.0859456,-0.996211,0
5709,3819,29,456,0,911,259,11183,381,11564,0.0124646,0.0930977,-0.995579,0
5548,3433,29,395,0,892,223,10520,347,10867,0.0127562,0.0905588,-0.995809,0
5866,3762,33,433,0,922,240,11256,360,11616,0.0140492,0.0957611,-0.995305,0
5885,3580,21,298,0,622,165,10571,239,10810,0.0145472,0.102456,-0.994631,0
5221,3057,29,403,0,772,209,9691,300,9991,0.0167062,0.0958993,-0.995251,0
5683,3277,30,437,0,830,224,10481,306,10787,0.0164659,0.099257,-0.994926,0
5589,3216,31,385,0,843,234,10298,328,10626,0.0106518,0.108862,-0.994,0
5403,3090,30,369,0,829,211,9932,347,10279,0.00649397,0.103315,-0.994628,0
5462,2970,30,354,0,753,197,9766,384,10150,0.00224283,0.101627,-0.99482,0
5392,2802,29,339,0,764,195,9521,416,9937,-0.000977676,0.095945,-0.995386,0
5342,2777,30,329,0,681,186,9345,450,9795,0.00443558,0.0896532,-0.995963,0
5456,2580,30,319,0,682,181,9248,471,9719,0.0126453,0.0857258,-0.996239,0
5240,2500,28,314,0,680,208,8970,487,9457,0.016864,0.0872064,-0.996047,0
5459,2482,29,309,0,747,231,9257,517,9774,0.0167912,0.0805325,-0.996611,0
5628,2700,30,323,0,715,186,9582,514,10096,0.0149362,0.0808961,-0.996611,0
5293,2648,27,326,0,679,206,9179,563,9742,0.0208896,0.0779292,-0.99674,0
6298,2514,29,326,0,689,184,10040,485,10525,0.0231338,0.0884788,-0.995809,0
5502,2510,27,467,0,1001,291,9798,651,10449,0.0227587,0.0808762,-0.996464,0
2795,1283,16,182,0,357,95,4728,251,4979,0.0223222,0.0709721,-0.997229,0
5271,2348,32,305,0,613,168,8737,420,9157,0.0210929,0.0755148,-0.996922,0
6096,2365,29,290,0,582,159,9521,433,9954,0.0158767,0.0785769,-0.996782,0
6176,2014,27,265,0,540,148,9170,393,9563,0.0106425,0.0882741,-0.996039,0
5136,1780,37,260,0,488,135,7836,336,8172,0.0105615,0.0925962,-0.995648,0
5831,1883,32,265,0,543,134,8688,346,9034,0.0132683,0.0969516,-0.995201,0
5264,1564,30,212,0,425,117,7612,300,7912,0.0172624,0.0918857,-0.99562,0
5297,1483,29,204,0,404,112,7529,283,7812,0.022611,0.078908,-0.996625,0
5306,1506,29,205,0,396,111,7553,257,7810,0.0228954,0.0565979,-0.998135,0
5810,1721,29,265,0,432,119,8376,255,8631,0.0263455,0.0698965,-0.997206,0
5356,1768,29,253,0,492,132,8030,261,8291,0.029984,0.0558296,-0.99799,0
5421,1998,28,254,0,540,142,8383,257,8640,0.0212261,0.0814311,-0.996453,0
5593,2206,27,302,0,659,164,8951,189,9140,0.0322669,0.0451158,-0.998461,0
5525,2466,29,324,0,627,171,9142,176,9318,-0.0102283,0.1193,-0.992806,0
3893,1962,22,258,0,511,147,6793,132,6925,-0.0182399,0.156639,-0.987487,0
5757,3007,29,404,0,769,228,10194,185,10379,0.0418915,-0.0656379,-0.996964,0
5843,3138,29,381,0,766,213,10370,260,10630,0.0404959,-0.0257184,-0.998849,0
5225,3036,26,353,0,712,199,9551,238,9789,0.0387926,-0.0196366,-0.999054,0
6119,3377,33,403,0,827,227,10986,278,11264,0.0276326,-0.0010694,-0.999618,0
5424,2398,21,284,0,570,158,8855,160,9015,0.0232041,0.00265462,-0.999727,0
3240,1742,18,215,0,437,121,5773,162,5935,0.0228045,0.0133342,-0.999651,0
6096,3491,30,417,0,848,234,11116,375,11491,0.0253032,0.0256641,-0.99935,0
4113,2587,23,311,0,615,167,7816,251,8067,0.0415936,0.029998,-0.998684,0
6080,3775,32,457,0,1039,264,11647,376,12023,0.0559022,0.124041,-0.990701,0
4043,2159,17,256,0,544,145,7164,223,7387,0.0610436,0.115642,-0.991413,0
2597,1772,12,180,0,374,101,5036,138,5174,0.0497846,0.113014,-0.992345,0
4163,2925,22,365,0,716,195,8386,258,8644,0.0624502,0.150396,-0.986651,0
6138,4578,33,547,0,1083,291,12670,407,13077,0.0565686,0.203097,-0.977523,0
6341,4584,31,535,0,1288,308,13087,460,13547,0.0294845,0.313965,-0.948977,0
4082,2578,22,285,0,580,156,7703,164,7867,-0.0367464,0.157296,-0.986868,0
2191,1583,12,181,0,406,107,4480,151,4631,-0.0391488,0.104445,-0.99376,0
5605,3931,26,448,0,1011,304,11325,454,11779,-0.0475537,0.106259,-0.993201,0
6425,4420,32,493,0,1072,280,12722,547,13269,-0.0561483,0.112231,-0.992095,0
4274,2852,18,332,0,730,187,8393,396,8789,-0.0456758,0.117081,-0.992071,0
6069,4153,28,478,0,1088,281,12097,627,12724,-0.0469275,0.139098,-0.989166,0
6595,4064,30,505,0,1216,278,12688,790,13478,-0.022724,0.156889,-0.987355,0
6347,4176,29,483,0,779,193,12007,647,12654,-0.0130948,0.120415,-0.992637,0
4441,2994,19,339,0,769,194,8756,685,9441,0.00186601,0.100026,-0.994983,0
4621,3003,19,357,0,749,198,8947,748,9695,0.00882106,0.0821113,-0.996584,0
4406,2891,18,338,0,756,195,8604,800,9404,0.0179628,0.0818658,-0.996481,0
6350,4231,29,475,0,1048,321,12454,1068,13522,0.017126,0.103741,-0.994457,0
6478,3817,22,342,0,725,189,11573,708,12281,0.0165252,0.120485,-0.992578,0
3381,2094,16,392,0,760,172,6815,518,7333,0.00713399,0.102142,-0.994744,0
6272,4168,31,478,0,1511,378,12838,899,13737,0.00911314,0.106297,-0.994293,0
4282,2887,23,324,0,690,189,8395,517,8912,0.0122567,0.0994218,-0.99497,0
6204,4130,32,494,0,911,211,11982,525,12507,-0.00128072,0.120646,-0.992695,0
4326,2650,21,329,0,678,183,8187,519,8706,-0.0130527,0.119682,-0.992727,0
6216,3818,30,473,0,990,289,11816,668,12484,-0.0114319,0.12531,-0.992052,0
6201,3753,26,497,0,974,261,11712,647,12359,-0.0137537,0.125987,-0.991936,0
5531,3399,24,417,0,905,244,10520,563,11083,-0.0208628,0.117738,-0.992826,0
6036,3740,24,414,0,897,239,11350,527,11877,-0.0222555,0.129935,-0.991273,0
6186,3880,25,470,0,1042,266,11869,550,12419,-0.0176329,0.140142,-0.989974,0
4222,2758,17,339,0,708,192,8236,405,8641,-0.0194202,0.129671,-0.991367,0
6072,3906,21,448,0,1069,257,11773,481,12254,-0.00220215,0.150648,-0.988585,0
6198,4471,23,491,0,1109,297,12589,554,13143,0.00919828,0.167928,-0.985756,0
4146,3178,18,398,0,806,214,8760,329,9089,0.0151491,0.180403,-0.983476,0
5998,4714,27,549,0,1128,312,12728,443,13171,0.0294022,0.21442,-0.976299,0
5849,5079,26,565,0,1085,222,12826,302,13128,0.0162771,0.213765,-0.97675,0
4096,3301,18,437,0,832,225,8909,315,9224,0.0128172,0.210814,-0.977442,0
5811,5128,33,821,0,1210,330,13333,454,13787,0.00887339,0.244835,-0.969524,0
5929,4825,27,442,0,836,256,12315,344,12659,-0.00154843,0.270394,-0.962748,0
3724,3131,18,365,0,757,204,8199,308,8507,-0.00794873,0.252336,-0.967607,0
4776,3810,23,447,0,932,252,10240,452,10692,-0.0145218,0.22629,-0.973952,0
5907,4372,27,479,0,1056,276,12117,569,12686,-0.019157,0.234694,-0.97188,0
3907,3137,21,328,0,702,184,8279,505,8784,-0.0174159,0.23501,-0.971837,0
5891,4051,30,457,0,965,252,11646,654,12300,-0.0115603,0.258132,-0.966041,0
5802,4016,30,448,0,968,253,11517,542,12059,-0.00425971,0.225697,-0.974188,0
6029,4587,30,467,0,1097,290,12500,530,13030,-0.00608765,0.211043,-0.977458,0
6277,3750,23,391,0,805,212,11458,331,11789,-0.00464712,0.192589,-0.981268,0
3291,2562,16,302,0,655,170,6996,306,7302,0.00289923,0.162778,-0.986658,0
6407,5281,35,615,0,1304,339,13981,598,14579,0.00285548,0.160173,-0.987085,0
4423,3662,25,419,0,973,236,9738,390,10128,0.00117841,0.144158,-0.989554,0
6168,5543,35,680,0,1445,362,14233,479,14712,0.00286378,0.134541,-0.990904,0
6124,4941,32,587,0,980,223,12887,312,13199,0.00669187,0.119126,-0.992857,0
4190,3595,21,395,0,854,220,9275,295,9570,0.00494387,0.103343,-0.994633,0
6254,4886,30,614,0,1258,337,13379,442,13821,0.00483665,0.0995667,-0.995019,0
6348,4868,54,645,0,1667,330,13912,510,14422,0.00431797,0.0772132,-0.997005,0
6202,4996,29,572,0,1262,364,13425,575,14000,0.00375495,0.0585739,-0.998276,0
5947,4871,32,520,0,814,218,12402,342,12744,0.00512312,0.0490496,-0.998783,0
4282,3347,21,411,0,810,222,9093,348,9441,0.00735105,0.0481453,-0.998813,0
4293,3358,21,389,0,804,218,9083,360,9443,0.0136261,0.066232,-0.997711,0
6110,4613,33,657,0,1153,291,12857,476,13333,0.0142178,0.100907,-0.994794,0
5372,4280,25,526,0,1039,282,11524,416,11940,0.00824146,0.128829,-0.991633,0
5538,4257,25,501,0,1026,278,11625,341,11966,0.00168251,0.153145,-0.988202,0
5259,4238,26,520,0,1023,284,11350,312,11662,0.00804304,0.172075,-0.985051,0
5952,4700,29,545,0,1134,307,12667,422,13089,0.0158839,0.186495,-0.982327,0
5808,4362,29,604,0,1087,282,12172,293,12465,0.00995113,0.186913,-0.982326,0
3979,3054,20,363,0,743,204,8363,253,8616,0.000290044,0.168017,-0.985784,0
5893,4487,31,532,0,1095,305,12343,385,12728,-0.0115698,0.151246,-0.988428,0
5793,4380,30,536,0,1043,217,11999,298,12297,-0.00957721,0.141427,-0.989902,0
4215,2842,21,365,0,748,194,8385,308,8693,0.00245274,0.126702,-0.991938,0
6016,4046,28,473,0,1037,276,11876,486,12362,0.00377738,0.182453,-0.983207,0
6073,2604,20,308,0,639,174,9818,316,10134,0.00640674,0.165391,-0.986207,0
2479,1425,12,173,0,361,97,4547,212,4759,0.0108789,0.137026,-0.990508,0
2318,1212,17,184,0,292,80,4103,187,4290,0.0112598,0.130178,-0.991427,0
5791,2458,29,364,0,725,189,9556,442,9998,0.00914667,0.140471,-0.990043,0
5713,2350,30,292,0,610,168,9163,318,9481,0.0041179,0.138114,-0.990408,0
3784,1383,18,186,0,430,128,5929,296,6225,0.00481329,0.126287,-0.991982,0
5655,1893,29,266,0,533,168,8544,396,8940,0.00498111,0.134896,-0.990847,0
5589,1837,28,236,0,480,130,8300,409,8709,0.00971342,0.134103,-0.99092,0
5518,1850,28,245,0,516,139,8296,421,8717,0.00472468,0.144093,-0.989553,0
5572,2131,30,286,0,591,160,8770,454,9224,0.00999747,0.143148,-0.989651,0
4025,1326,15,171,0,349,94,5980,218,6198,0.0177208,0.134053,-0.990816,0
2419,1113,16,149,0,300,79,4076,152,4228,0.0259634,0.0911002,-0.995503,0
5983,2719,30,351,0,736,197,10016,371,10387,0.0367581,0.0632221,-0.997322,0
5834,2861,31,364,0,794,210,10094,378,10472,0.0371947,0.0602963,-0.997487,0
5856,2992,32,382,0,809,246,10317,374,10691,0.0386237,0.0452214,-0.99823,0
6044,3226,31,408,0,816,224,10749,302,11051,0.0297629,0.0616011,-0.997657,0
6184,3400,30,411,0,828,229,11082,309,11391,0.020396,0.117671,-0.992843,0
5845,2415,21,319,0,585,162,9347,172,9519,0.0191655,0.0620185,-0.997891,0
2469,1396,24,155,0,312,87,4443,121,4564,0.0399568,0.0277326,-0.998817,0
5948,3599,30,464,0,925,174,11140,243,11383,0.0421117,0.0833017,-0.995634,0
3056,1535,13,187,0,381,104,5276,155,5431,0.0383675,0.0447783,-0.99826,0
2775,1724,14,200,0,416,113,5242,169,5411,0.0422379,0.0362138,-0.998451,0
6178,3584,32,458,0,866,239,11357,360,11717,0.0411107,0.0528494,-0.997756,0
6145,3507,22,285,0,608,191,10758,249,11007,0.0536279,0.0406837,-0.997732,0
4123,2376,21,278,0,583,158,7539,282,7821,0.0496729,0.064343,-0.996691,0
6271,3459,46,404,0,887,227,11294,445,11739,0.0576526,0.0726037,-0.995693,0
6405,3434,31,402,0,867,160,11299,299,11598,0.0547491,0.080744,-0.99523,0
4203,2432,21,275,0,598,155,7684,302,7986,0.0502607,0.0735633,-0.996023,0
6192,3325,28,413,0,1245,397,11600,546,12146,0.0477855,0.081594,-0.99552,0
6183,3397,28,404,0,905,231,11148,502,11650,0.0453239,0.0871886,-0.99516,0
4289,2579,20,297,0,668,171,8024,413,8437,0.0224572,0.0809737,-0.996463,0
6214,4068,33,693,0,1272,309,12589,708,13297,0.00885144,0.0850791,-0.996335,0
6981,4032,29,481,0,1105,276,12904,767,13671,0.0103182,0.177335,-0.984096,0
5691,2831,19,335,0,659,164,9699,536,10235,0.00982861,0.125921,-0.991992,0
2716,1751,12,193,0,394,102,5168,335,5503,0.0130373,0.0708886,-0.997399,0
2309,1359,12,164,0,363,95,4302,341,4643,0.0133848,0.0550713,-0.998393,0
6216,4019,36,711,0,1278,272,12532,958,13490,-0.00299302,0.0885747,-0.996065,0
6127,3579,29,477,0,933,257,11402,801,12203,-0.0125836,0.143464,-0.989576,0
6211,3936,32,472,0,897,245,11793,572,12365,-0.0231752,0.157531,-0.987242,0
4163,2302,20,281,0,614,162,7542,477,8019,-0.0327967,0.159486,-0.986655,0
6119,3414,32,408,0,881,233,11087,645,11732,-0.0367534,0.149733,-0.988043,0
6293,3536,31,500,0,901,243,11504,639,12143,-0.0317219,0.177537,-0.983603,0
5481,3164,27,375,0,795,235,10077,526,10603,-0.0419892,0.159913,-0.986238,0
5539,3113,28,373,0,796,211,10060,371,10431,-0.0256994,0.145307,-0.989053,0
3812,2100,20,253,0,556,144,6885,355,7240,-0.0184842,0.127087,-0.991719,0
5908,3278,48,428,0,837,227,10726,526,11252,-0.0190745,0.182513,-0.983018,0
5796,3284,28,400,0,865,239,10612,506,11118,-0.00645584,0.190659,-0.981635,0
5946,3324,27,400,0,847,238,10782,376,11158,-0.00545277,0.191407,-0.981496,0
4115,2434,19,296,0,623,165,7652,335,7987,0.000642404,0.188142,-0.982142,0
5905,3782,27,459,0,957,297,11427,484,11911,0.0111179,0.223296,-0.974687,0
5899,4233,28,485,0,1128,285,12058,480,12538,0.00658828,0.234494,-0.972095,0
4610,2811,15,279,0,618,158,8491,242,8733,0.000510283,0.244326,-0.969693,0
2974,2284,13,287,0,577,159,6294,236,6530,-0.00463,0.221495,-0.975151,0
5840,4401,28,546,0,1116,304,12235,484,12719,-0.00466725,0.217865,-0.975968,0
5879,4377,29,545,0,1148,301,12279,487,12766,-0.00584362,0.195801,-0.980626,0
5205,3956,27,482,0,987,267,10924,451,11375,-0.00373427,0.168839,-0.985637,0
5143,3901,26,453,0,959,281,10763,453,11216,-0.0043068,0.155747,-0.987788,0
5225,3838,25,454,0,965,286,10793,424,11217,-0.00535148,0.150359,-0.988617,0
5731,4153,29,492,0,1122,284,11811,492,12303,-0.00717523,0.149596,-0.988721,0
5746,4076,30,490,0,1020,273,11635,487,12122,-0.00966651,0.141489,-0.989893,0
5764,4021,29,474,0,1061,307,11656,542,12198,-0.00820271,0.137031,-0.990533,0
5789,3931,42,472,0,1017,267,11518,473,11991,-0.00454778,0.132103,-0.991226,0
5199,3519,26,418,0,894,234,10290,461,10751,0.000146791,0.133122,-0.9911,0
5689,3815,29,487,0,982,261,11263,489,11752,-0.000163534,0.133347,-0.991069,0
5642,3730,27,449,0,958,253,11059,524,11583,-0.00146665,0.128222,-0.991744,0
6197,3727,29,471,0,976,256,11656,533,12189,-0.0056061,0.121642,-0.992558,0
5808,3703,29,444,0,947,248,11179,537,11716,-0.0110383,0.109873,-0.993884,0
5682,3620,29,455,0,960,247,10993,478,11471,-0.0114942,0.101677,-0.994751,0
5710,3566,28,434,0,936,250,10924,491,11415,-0.00838152,0.0965894,-0.995289,0
5834,3785,29,438,0,985,252,11323,536,11859,-0.00659112,0.0952138,-0.995435,0
5758,3616,28,441,0,949,246,11038,505,11543,-0.0053543,0.0998714,-0.994986,0
5693,3786,28,483,0,956,257,11203,519,11722,-0.00719123,0.106015,-0.994338,0
5758,3707,37,473,0,1008,257,11240,512,11752,-0.00675393,0.110104,-0.993897,0
5774,3619,28,444,0,954,248,11067,522,11589,-0.004548,0.108249,-0.994113,0
5226,3333,26,400,0,913,231,10129,477,10606,-0.00353189,0.105863,-0.994374,0
5754,3695,27,451,0,968,266,11161,505,11666,-0.00429628,0.103618,-0.994608,0
5695,3625,28,442,0,944,245,10979,530,11509,-0.00680169,0.100034,-0.994961,0
3820,1918,16,230,0,502,130,6616,281,6897,-0.00763101,0.101395,-0.994817,0
2449,1555,12,189,0,409,108,4722,233,4955,-0.00723738,0.103791,-0.994573,0
5762,3645,27,452,0,980,249,11115,543,11658,-0.00675762,0.107691,-0.994161,0
5800,3647,29,445,0,947,251,11119,558,11677,-0.00598861,0.107371,-0.994201,0
3995,2493,19,302,0,651,194,7654,370,8024,-0.00739133,0.106171,-0.99432,0
5859,3639,27,440,0,937,248,11150,525,11675,-0.00851363,0.10551,-0.994382,0
5793,3696,28,459,0,939,250,11165,543,11708,-0.00773176,0.105516,-0.994388,0
5846,3625,28,438,0,942,245,11124,514,11638,-0.00872277,0.105488,-0.994382,0
5646,3642,28,437,0,953,247,10953,519,11472,-0.00950996,0.106888,-0.994226,0
6097,3528,28,437,0,933,248,11271,548,11819,-0.0095711,0.107859,-0.99412,0
5756,3576,48,435,0,963,276,11054,518,11572,-0.00984556,0.110422,-0.993836,0
5159,3226,25,392,0,885,225,9912,471,10383,-0.0100444,0.112833,-0.993563,0
5768,3629,27,474,0,954,247,11099,517,11616,-0.0118831,0.114592,-0.993341,0
5837,3616,28,425,0,919,249,11074,522,11596,-0.01295,0.115053,-0.993275,0
6018,3521,42,400,0,662,168,10811,415,11226,-0.0116551,0.115018,-0.993295,0
3888,2457,19,294,0,638,170,7466,363,7829,-0.00913679,0.115208,-0.993299,0
6324,3435,28,421,0,906,238,11352,509,11861,-0.00754119,0.119715,-0.99278,0
6513,3926,33,472,0,1037,307,12288,581,12869,-0.00651016,0.123674,-0.992301,0
6543,3497,27,416,0,914,236,11633,500,12133,-0.00747134,0.121847,-0.992521,0
6313,3452,34,436,0,762,209,11206,358,11564,-0.0101649,0.11917,-0.992822,0
5771,3370,46,414,0,1032,320,10953,627,11580,-0.00900534,0.114918,-0.993334,0
6157,3396,29,430,0,884,228,11124,516,11640,-0.00562051,0.110065,-0.993909,0
6652,3476,20,283,0,613,160,11204,358,11562,-0.0055033,0.108122,-0.994122,0
3974,2402,31,331,0,633,164,7535,340,7875,-0.00679789,0.105774,-0.994367,0
6830,4299,30,490,0,1032,267,12948,566,13514,-0.00956793,0.104123,-0.994518,0
4362,2503,22,369,0,686,177,8119,383,8502,-0.0106386,0.103961,-0.994524,0
4334,2532,21,308,0,669,188,8052,386,8438,-0.0110086,0.101159,-0.994809,0
6413,3455,28,440,0,891,238,11465,562,12027,-0.0109236,0.101257,-0.9948,0
5875,3493,29,413,0,793,223,10826,339,11165,-0.0107797,0.100224,-0.994906,0
6913,3789,29,424,0,897,220,12272,347,12619,-0.0100103,0.0997397,-0.994963,0
3916,2413,21,290,0,626,163,7429,358,7787,-0.00869765,0.102158,-0.99473,0
5936,3495,27,464,0,697,166,10785,355,11140,-0.00965779,0.102572,-0.994679,0
4014,2389,19,314,0,665,167,7568,351,7919,-0.0103149,0.105144,-0.994404,0
6553,3796,27,471,0,909,240,11996,519,12515,-0.0100377,0.104834,-0.994439,0
5723,3461,28,455,0,934,239,10840,543,11383,-0.00974784,0.105462,-0.994376,0
5730,3425,27,428,0,912,239,10761,533,11294,-0.00896025,0.107634,-0.99415,0
6100,3414,26,426,0,986,272,11224,575,11799,-0.00844154,0.108251,-0.994088,0
6466,3713,53,423,0,1289,254,12198,516,12714,-0.00810978,0.110189,-0.993878,0
3929,2438,19,302,0,631,168,7487,354,7841,-0.00881725,0.110133,-0.993878,0
5707,3491,29,426,0,947,242,10842,521,11363,-0.00860298,0.111071,-0.993775,0
6422,3734,28,418,0,929,265,11796,521,12317,-0.00806116,0.109773,-0.993924,0
5781,3461,28,424,0,935,242,10871,542,11413,-0.00694593,0.111625,-0.993726,0
5659,3471,32,425,0,936,242,10765,532,11297,-0.00811782,0.111748,-0.993703,0
5810,3557,29,435,0,967,245,11043,505,11548,-0.011337,0.11192,-0.993653,0
5766,3499,32,429,0,926,242,10894,538,11432,-0.0119175,0.111197,-0.993727,0
5693,3524,29,424,0,911,240,10821,524,11345,-0.0108201,0.112489,-0.993594,0
5712,3529,29,434,0,911,244,10859,501,11360,-0.0106007,0.11247,-0.993599,0
5695,3502,29,421,0,931,240,10818,504,11322,-0.0106536,0.113117,-0.993525,0
5774,3446,32,421,0,953,235,10861,509,11370,-0.00996511,0.114297,-0.993397,0
5795,3473,29,428,0,940,243,10908,517,11425,-0.0104017,0.11529,-0.993277,0
5777,3457,28,451,0,930,242,10885,520,11405,-0.0109196,0.116427,-0.993139,0
5327,3068,49,374,0,816,214,9848,448,10296,-0.0106027,0.115918,-0.993202,0
5829,3462,30,417,0,907,237,10882,515,11397,-0.00968777,0.114674,-0.993356,0
4985,2352,19,287,0,648,153,8444,261,8705,-0.00999689,0.114535,-0.993369,0
3020,1785,14,216,0,492,125,5652,267,5919,-0.00839393,0.111682,-0.993709,0
6494,3766,53,435,0,1010,268,12026,547,12573,-0.0089352,0.114998,-0.993326,0
5804,3429,28,416,0,938,235,10850,516,11366,-0.00973141,0.117668,-0.993005,1
3998,2343,20,283,0,661,164,7469,351,7820,-0.0070071,0.117368,-0.993064,1
5858,3553,28,418,0,929,237,11023,533,11556,-0.0086188,0.115749,-0.993241,1
5805,3378,28,414,0,879,230,10734,431,11165,-0.0148556,0.112596,-0.99353,1
5792,3381,29,407,0,918,229,10756,398,11154,-0.0176954,0.110168,-0.993756,1
6541,3850,29,454,0,1256,374,12504,441,12945,-0.0156549,0.111522,-0.993639,1
3643,1882,15,223,0,519,128,6410,195,6605,-0.0101211,0.111449,-0.993719,1
2130,1229,11,151,0,324,84,3929,164,4093,-0.00846555,0.112447,-0.993622,1
5889,3411,29,397,0,859,220,10805,426,11231,-0.00754336,0.116144,-0.993204,1
5689,3360,33,402,0,864,226,10574,432,11006,-0.0081375,0.117521,-0.993037,1
5891,3354,33,393,0,853,221,10745,458,11203,-0.0102399,0.117998,-0.992961,1
4067,2247,19,274,0,612,173,7392,337,7729,-0.0113473,0.116495,-0.993126,1
5589,3336,36,555,0,964,246,10726,400,11126,-0.0124464,0.117456,-0.993,1
6275,3284,28,396,0,879,226,11088,407,11495,-0.00882238,0.115426,-0.993277,1
6496,3423,37,474,0,913,223,11566,434,12000,-0.0057038,0.113333,-0.993541,1
3928,2219,20,269,0,646,156,7238,327,7565,-0.00495892,0.11455,-0.993405,1
5854,3174,29,391,0,839,234,10521,410,10931,-0.00463258,0.116436,-0.993187,1
5706,3297,37,398,0,841,221,10500,386,10886,-0.00455222,0.118423,-0.992953,1
5276,2818,24,372,0,757,201,9448,363,9811,-0.00438711,0.120788,-0.992669,1
6100,3406,29,397,0,855,220,11007,406,11413,-0.00493855,0.121079,-0.992631,1
5863,3196,28,387,0,875,239,10588,412,11000,-0.00715335,0.122075,-0.992495,1
5880,3133,29,384,0,991,227,10644,420,11064,-0.00680341,0.122437,-0.992453,1
5241,2909,26,344,0,744,216,9480,468,9948,-0.00677704,0.127407,-0.991827,1
5941,3177,34,432,0,910,223,10717,407,11124,-0.0046438,0.1319,-0.991252,1
5773,3048,46,382,0,907,218,10374,396,10770,-0.00169693,0.128814,-0.991667,1
5850,3055,29,378,0,879,217,10408,430,10838,0.00110826,0.125518,-0.992091,1
5751,3162,31,392,0,818,211,10365,394,10759,0.00244215,0.124438,-0.992224,1
5895,3131,28,377,0,949,223,10603,398,11001,0.00139817,0.127123,-0.991886,1
5733,2986,27,390,0,828,210,10174,416,10590,0.000624045,0.125714,-0.992066,1
5761,3029,30,371,0,856,213,10260,425,10685,0.00120028,0.128409,-0.991721,1
6200,3081,30,367,0,799,201,10678,445,11123,0.00336046,0.132994,-0.991111,1
5874,3013,31,406,0,812,242,10378,357,10735,0.00645678,0.138555,-0.990334,1
5309,2657,28,321,0,699,177,9191,437,9628,0.00626929,0.141106,-0.989975,1
5720,2903,39,385,0,768,200,10015,507,10522,0.0019783,0.134744,-0.990878,1
5772,2853,31,346,0,776,197,9975,513,10488,0.00291246,0.106169,-0.994344,1
6131,2915,29,365,0,772,195,10407,513,10920,0.00407389,0.0991165,-0.995067,1
5737,2894,40,356,0,795,198,10020,309,10329,0.00289866,0.11512,-0.993347,1
6520,2870,28,344,0,769,194,10725,495,11220,0.0072819,0.128067,-0.991739,1
5990,2796,31,421,0,780,202,10220,539,10759,0.00899762,0.132146,-0.991189,1
5931,2833,32,349,0,770,193,10108,618,10726,0.00440002,0.14871,-0.988871,1
5787,2744,32,332,0,613,128,9636,451,10087,0.00528787,0.156599,-0.987648,1
3982,1851,22,225,0,504,147,6731,488,7219,0.00750366,0.170608,-0.98531,1
5814,2708,30,328,0,774,212,9866,723,10589,0.0110397,0.173827,-0.984714,1
6364,2740,32,341,0,739,211,10427,628,11055,0.0242903,0.216514,-0.975977,1
3298,1479,16,181,0,400,101,5475,291,5766,0.0188089,0.178851,-0.983696,1
5913,3076,32,387,0,563,143,10114,370,10484,0.00811332,0.160161,-0.987058,1
3786,2004,19,279,0,537,137,6762,369,7131,-0.00162797,0.149923,-0.988696,1
6255,3263,35,394,0,858,219,11024,569,11593,0.000241601,0.141629,-0.98992,1
6069,3301,33,405,0,941,232,10981,588,11569,0.00495763,0.133298,-0.991064,1
6130,3476,34,461,0,925,240,11266,538,11804,0.0127998,0.138961,-0.990215,1
5388,3397,30,400,0,889,266,10370,506,10876,0.0195734,0.13755,-0.990301,1
5524,3466,28,418,0,908,233,10577,503,11080,0.0254975,0.135531,-0.990445,1
6064,4063,30,507,0,1073,276,12013,492,12505,0.0258867,0.144825,-0.989119,1
5410,3667,27,437,0,916,261,10718,398,11116,0.0238294,0.141451,-0.989658,1
5339,3665,49,455,0,936,246,10690,369,11059,0.0176452,0.130508,-0.99129,1
5921,3974,37,494,0,972,276,11674,416,12090,0.0146458,0.135006,-0.990737,1
5262,3539,28,411,0,888,233,10361,366,10727,0.00429441,0.125275,-0.992113,1
6623,4313,34,504,0,703,188,12365,293,12658,0.0021125,0.130495,-0.991447,1
4284,2779,22,322,0,711,183,8301,273,8574,0.00244672,0.107926,-0.994156,1
5791,3630,28,432,0,910,237,11028,405,11433,-0.00531157,0.114189,-0.993445,1
5755,3830,34,435,0,911,221,11186,258,11444,-0.000176391,0.12047,-0.992717,1
5166,3326,27,390,0,819,221,9949,344,10293,0.0119394,0.120379,-0.992656,1
6212,3975,28,483,0,1068,310,12076,370,12446,0.025443,0.130963,-0.991061,1
4449,2571,21,314,0,657,175,8187,292,8479,0.0205613,0.111293,-0.993575,1
6124,3156,29,399,0,922,238,10868,370,11238,0.00940344,0.122884,-0.992376,1
5801,2924,29,391,0,822,212,10179,375,10554,0.00533394,0.129977,-0.991503,1
5824,2277,19,210,0,443,115,8888,260,9148,0.0155044,0.143745,-0.989493,1
5066,1569,26,240,0,457,122,7480,343,7823,0.0307779,0.153311,-0.987699,1
5502,1434,29,205,0,437,116,7723,389,8112,0.0354711,0.183253,-0.982426,1
5512,1420,28,213,0,404,109,7686,398,8084,0.0322476,0.154563,-0.987457,1
5344,1498,28,213,0,443,120,7646,341,7987,0.0254849,0.173428,-0.984517,1
5534,1914,30,261,0,530,144,8413,345,8758,0.029722,0.155771,-0.987346,1
5826,2382,29,306,0,634,167,9344,383,9727,0.0294091,0.173848,-0.984333,1
5843,2660,32,337,0,691,187,9750,352,10102,0.0173361,0.242308,-0.970044,1
5896,2894,31,364,0,782,207,10174,333,10507,0.0140834,0.367707,-0.929835,1
4037,2106,23,288,0,537,146,7137,205,7342,0.00311159,0.500777,-0.86557,1
5989,3151,34,382,0,806,245,10607,255,10862,-0.00419832,0.591683,-0.80616,1
6021,3029,21,306,0,546,149,10072,165,10237,-0.0150073,0.662588,-0.748834,1
4136,2165,21,294,0,520,114,7250,-1000,-1000,-1,-1,-1,1
3080,1554,16,188,0,402,107,5347,213,5560,0.00807697,0.0128342,-0.999885,1
5809,2897,33,498,0,1025,263,10525,427,10952,0.0113716,0.00449792,-0.999925,1
5939,2620,31,331,0,708,182,9811,466,10277,0.00186479,0.0107484,-0.99994,1
7385,2600,27,328,0,686,177,11203,383,11586,-0.00640457,0.0299039,-0.999532,1
5862,2428,26,304,0,649,117,9386,226,9612,0.0204765,0.0471409,-0.998678,1
5374,2158,24,288,0,601,151,8596,289,8885,0.0600814,0.0639858,-0.996141,1
5423,2069,23,259,0,575,145,8494,335,8829,0.0828916,0.0972086,-0.991806,1
5478,2076,23,258,0,654,151,8640,394,9034,0.0738224,0.111765,-0.990989,1
5426,2603,30,394,0,753,164,9370,389,9759,0.0798937,0.122339,-0.989268,1
5513,2402,24,292,0,675,163,9069,415,9484,0.0842861,0.144494,-0.985909,1
6714,2921,26,350,0,801,198,11010,424,11434,0.0810985,0.179101,-0.980483,1
4192,2128,29,247,0,586,142,7324,282,7606,0.052776,0.228819,-0.972037,1
7042,3298,31,415,0,888,205,11879,373,12252,0.0174884,0.31167,-0.950029,1
6038,3062,28,374,0,813,246,10561,407,10968,-0.00446668,0.375654,-0.926749,1
6612,3254,28,361,0,806,203,11264,432,11696,0.003776,0.469406,-0.882975,1
5448,2598,28,337,0,727,183,9321,362,9683,0.017392,0.541831,-0.840308,1
5322,2540,26,312,0,673,173,9046,325,9371,0.0450705,0.6423,-0.765127,1
5869,2735,33,349,0,710,185,9881,-1000,-1000,-1,-1,-1,1
5931,2438,30,312,0,657,170,9538,391,9929,-0.0197766,-0.0387108,-0.999055,1
5813,2530,29,342,0,661,169,9544,411,9955,-0.0364659,-0.0352525,-0.998713,1
5220,2137,27,281,0,648,160,8473,321,8794,-0.0468022,-0.056168,-0.997324,1
5687,2270,27,300,0,673,192,9149,377,9526,-0.0635206,-0.0467326,-0.996886,1
5698,2318,26,329,0,625,169,9165,405,9570,-0.0559954,-0.0192193,-0.998246,1
5774,2291,47,305,0,631,167,9215,368,9583,-0.0325513,0.0225929,-0.999215,1
5743,2432,26,320,0,675,180,9376,400,9776,-0.0127587,0.0767048,-0.996972,1
5820,2662,26,349,0,731,209,9797,398,10195,-0.0109605,0.0743365,-0.997173,1
5761,2880,25,377,0,895,219,10157,406,10563,-0.0184556,0.06892,-0.997451,1
5697,3131,26,397,0,876,259,10386,404,10790,-0.0199867,0.0278763,-0.999412,1
5846,3297,25,401,0,841,226,10636,318,10954,-0.0156315,0.00269895,-0.999874,1
4003,2188,16,292,0,598,174,7271,201,7472,-0.0207613,0.00456725,-0.999774,1
5534,3042,46,399,0,815,260,10096,296,10392,-0.0164498,0.0403153,-0.999052,1
5466,3066,27,423,0,913,224,10119,329,10448,-0.0176031,0.0382815,-0.999112,1
5463,3593,29,381,0,793,211,10470,364,10834,-0.0162727,0.0405711,-0.999044,1
6030,2965,25,383,0,813,205,10421,387,10808,-0.0257844,0.0674794,-0.997388,1
5635,2940,31,463,0,838,202,10109,416,10525,-0.0415267,0.0781567,-0.996076,1
5548,2508,28,322,0,728,182,9316,521,9837,-0.039283,0.0874621,-0.995393,1
5752,3223,31,381,0,696,182,10265,730,10995,-0.0252978,0.0889246,-0.995717,1
6053,2900,36,391,0,824,212,10416,818,11234,0.00227887,0.140166,-0.990125,1
5190,2072,27,263,0,615,149,8316,757,9073,0.011059,0.145694,-0.989268,1
5108,2120,29,264,0,586,145,8252,598,8850,0.0030986,0.137303,-0.990524,1
5745,2499,31,310,0,697,175,9457,641,10098,-0.012858,0.129675,-0.991473,1
5779,2888,31,337,0,766,191,9992,632,10624,-0.0223028,0.131881,-0.991015,1
5937,2777,31,344,0,770,209,10068,561,10629,-0.0197203,0.12158,-0.992386,1
4011,2061,21,260,0,546,141,7040,333,7373,-0.0129843,0.124209,-0.992171,1
5751,3489,37,542,0,812,218,10849,313,11162,-0.00639864,0.128361,-0.991707,1
5666,3113,28,370,0,798,209,10184,239,10423,-0.0664454,0.21402,-0.974567,1
5672,3032,32,363,0,762,199,10060,176,10236,-0.0162185,0.237647,-0.971216,1
5452,2220,19,248,0,527,139,8605,121,8726,0.0041298,0.139294,-0.990242,1
2487,1298,13,160,0,327,86,4371,103,4474,0.0137032,0.0336065,-0.999341,1
3026,1643,16,206,0,444,117,5452,153,5605,-0.0154745,0.0504802,-0.998605,1
5492,2896,28,367,0,769,208,9760,279,10039,-0.0322038,0.0666238,-0.997258,1
6151,3078,29,399,0,762,206,10625,296,10921,-0.0265885,0.0731217,-0.996969,1
5564,2769,29,353,0,735,197,9647,303,9950,-0.0278503,0.0493474,-0.998393,1
5535,2443,28,324,0,678,179,9187,315,9502,-0.0310002,0.0441322,-0.998545,1
5491,2143,29,293,0,595,160,8711,320,9031,-0.0271089,0.0460361,-0.998572,1
5419,1859,28,250,0,523,143,8222,342,8564,-0.0405854,0.0703872,-0.996694,1
5536,2390,36,279,0,544,138,8923,344,9267,-0.0399082,0.0634122,-0.997189,1
5404,1505,29,215,0,437,121,7711,338,8049,-0.0310824,0.0450221,-0.998502,1
5315,1496,28,206,0,423,114,7582,364,7946,-0.0152596,0.00210748,-0.999881,1
5326,1624,47,229,0,465,127,7818,402,8220,-0.0138516,-0.00806893,-0.999872,1
5637,2002,29,264,0,540,176,8648,378,9026,0.000717886,-0.0331153,-0.999451,1
6078,2044,26,277,0,552,155,9132,294,9426,-0.0179311,-0.00697351,-0.999815,1
5822,2560,30,335,0,668,182,9597,329,9926,-0.0515831,0.016882,-0.998526,1
6016,2737,48,419,0,722,202,10144,369,10513,-0.0628972,0.0047653,-0.998009,1
5661,2812,33,363,0,759,202,9830,321,10151,-0.0698152,0.02528,-0.99724,1
5938,2879,31,372,0,889,217,10326,341,10667,-0.0713599,0.0066175,-0.997429,1
5689,2918,32,369,0,787,203,9998,397,10395,-0.0659255,0.0187525,-0.997648,1
5702,2748,31,347,0,732,200,9760,412,10172,-0.0616729,0.0241795,-0.997803,1
6448,2593,34,333,0,704,183,10295,399,10694,-0.0839807,0.0947032,-0.991957,1
5800,2472,28,326,0,681,175,9482,278,9760,-0.10269,0.156179,-0.982376,1
6786,2407,29,383,0,662,118,10385,182,10567,-0.113322,0.251359,-0.961237,1
4172,1544,19,196,0,473,139,6543,174,6717,-0.121332,0.314019,-0.941632,1
5820,2116,26,271,0,653,165,9051,229,9280,-0.133967,0.399682,-0.906811,1
6628,2204,25,277,0,666,157,9957,222,10179,-0.127514,0.436635,-0.890556,1
5804,2208,25,283,0,652,158,9130,224,9354,-0.11192,0.484627,-0.867531,1
5922,2243,25,290,0,656,158,9294,242,9536,-0.0851458,0.537024,-0.839259,1
5855,2261,28,324,0,604,114,9186,174,9360,-0.0574304,0.574582,-0.816429,1
4150,1570,19,215,0,455,113,6522,189,6711,-0.0322251,0.603304,-0.79686,1
6856,2491,34,358,0,734,215,10688,-1000,-1000,-1,-1,-1,1
6464,1711,26,201,0,413,105,8920,615,9535,-0.0259447,0.0634925,-0.997645,1
2804,803,12,106,0,245,62,4032,259,4291,-0.0281738,0.034969,-0.998991,1
3195,1007,21,134,0,304,77,4738,282,5020,-0.0425876,0.0467219,-0.998,1
6342,1854,35,260,0,510,135,9136,466,9602,-0.0550287,0.0935809,-0.99409,1
5515,1434,31,236,0,413,125,7754,407,8161,-0.0525289,0.0725224,-0.995982,1
6214,1282,30,184,0,377,99,8186,348,8534,-0.0531743,0.0710356,-0.996055,1
5643,1360,30,192,0,431,109,7765,348,8113,-0.0484701,0.0670778,-0.99657,1
5451,1462,29,231,0,414,137,7724,291,8015,-0.0597543,0.139488,-0.988419,1
5475,1621,27,227,0,504,131,7985,274,8259,-0.0646944,0.176077,-0.982248,1
5700,1791,25,309,0,776,204,8805,324,9129,-0.0500224,0.204499,-0.977588,1
5603,2002,25,269,0,572,153,8624,246,8870,-0.0291734,0.237342,-0.970988,1
5993,2668,25,309,0,629,169,9793,248,10041,-0.0347186,0.20864,-0.977376,1
5760,2503,24,331,0,701,187,9506,230,9736,-0.029873,0.149058,-0.988377,1
6045,2995,26,367,0,743,203,10379,251,10630,-0.026715,0.136226,-0.990317,1
5585,2909,24,371,0,760,216,9865,247,10112,-0.018656,0.159781,-0.986976,1
5298,3511,26,366,0,753,201,10155,250,10405,-0.0122962,0.141143,-0.989913,1
5300,2738,24,360,0,788,207,9417,262,9679,-0.0102615,0.140165,-0.990075,1
5360,2879,34,446,0,723,197,9639,266,9905,-0.0176694,0.114407,-0.993277,1
5681,3173,33,359,0,722,198,10166,263,10429,-0.01113,0.125782,-0.991995,1
5357,2245,26,306,0,642,180,8756,283,9039,-0.00926482,0.0910454,-0.995804,1
5266,2056,28,282,0,598,195,8425,386,8811,-0.0167815,0.0945621,-0.995377,1
5705,1966,29,264,0,610,152,8726,563,9289,-0.0271356,0.0754659,-0.996779,1
6537,1953,28,265,0,576,146,9505,627,10132,-0.0421818,0.0830792,-0.99565,1
5562,1928,37,355,0,768,176,8826,600,9426,-0.0339274,0.071817,-0.996841,1
5628,1756,31,231,0,520,146,8312,479,8791,-0.0305352,0.0575249,-0.997877,1
5940,1946,28,249,0,560,136,8859,470,9329,-0.0463787,0.0927669,-0.994607,1
5773,1959,30,255,0,575,141,8733,489,9222,-0.0392044,0.0697338,-0.996795,1
5760,1937,31,251,0,569,140,8688,419,9107,-0.0371885,0.0552869,-0.997778,1
5875,1891,30,250,0,552,139,8737,244,8981,-0.0313749,0.0799785,-0.996303,1
5703,1891,29,248,0,552,138,8561,228,8789,-0.0377201,0.112273,-0.992961,1
5483,1768,29,237,0,505,130,8152,228,8380,-0.0234973,0.157099,-0.987303,1
5502,1764,27,237,0,556,137,8223,221,8444,-0.00579227,0.203922,-0.97897,1
5081,1960,28,292,0,533,144,8038,231,8269,0.00467882,0.278471,-0.960433,1
5266,2023,25,266,0,570,148,8298,235,8533,0.005935,0.215587,-0.976467,1
5352,2286,25,291,0,663,166,8783,220,9003,0.014786,0.241632,-0.970255,1
3498,1549,13,162,0,352,94,5668,123,5791,0.0117641,0.115943,-0.993186,1
2157,1106,11,140,0,314,90,3818,125,3943,0.0108571,0.0435347,-0.998993,1
5315,2616,27,344,0,745,195,9242,241,9483,-0.00272947,0.0547431,-0.998497,1
5947,2604,32,388,0,720,206,9897,132,10029,-0.0386868,0.0401452,-0.998445,1
5141,1595,28,215,0,424,115,7518,127,7645,-0.0654966,0.0403638,-0.997036,1
5222,1796,34,264,0,487,131,7934,168,8102,-0.0775661,0.0739231,-0.994243,1
5279,1544,33,237,0,417,115,7625,217,7842,-0.0827209,0.131933,-0.987801,1
5264,1277,27,189,0,371,101,7229,202,7431,-0.0852964,0.198491,-0.976384,1
6106,1441,30,222,0,382,105,8286,246,8532,-0.0799188,0.22581,-0.970888,1
5415,1163,26,186,0,320,88,7198,230,7428,-0.0707766,0.233273,-0.969832,1
5396,1131,27,166,0,367,94,7181,217,7398,-0.0546461,0.212348,-0.975665,1
5475,1082,31,171,0,390,96,7245,234,7479,-0.0504982,0.214654,-0.975384,1
6238,1184,38,185,0,354,97,8096,234,8330,-0.042168,0.246703,-0.968173,1
5277,1336,27,198,0,400,132,7370,249,7619,-0.0182533,0.146387,-0.989059,1
5966,1794,27,231,0,455,126,8599,246,8845,-0.00321974,0.0442079,-0.999017,1
5012,1271,18,189,0,354,98,6942,173,7115,-0.00412486,0.0444437,-0.999003,1
2937,1082,16,146,0,296,82,4559,151,4710,-0.0022973,0.0285418,-0.99959,1
5888,2327,29,299,0,669,173,9385,295,9680,0.00456074,0.0302116,-0.999533,1
5858,2442,28,330,0,650,175,9483,294,9777,0.00861841,0.00973099,-0.999916,1
5986,2691,29,346,0,758,201,10011,321,10332,0.00361932,-0.00509363,-0.99998,1
4013,1874,20,244,0,545,136,6832,225,7057,-0.00142528,0.00713056,-0.999974,1
5752,2820,27,362,0,754,200,9915,337,10252,-0.0099569,0.0869254,-0.996165,1
5822,2839,28,366,0,755,206,10016,320,10336,-0.0238931,0.11527,-0.993047,1
3892,1999,22,252,0,552,141,6858,233,7091,-0.0345759,0.124104,-0.991667,1
7115,2738,28,350,0,794,198,11223,289,11512,-0.0340501,0.12482,-0.991595,1
5865,2701,30,340,0,765,196,9897,207,10104,-0.0265147,0.123596,-0.991978,1
4213,2178,23,233,0,478,144,7269,194,7463,-0.0156968,0.140876,-0.989903,1
6196,2434,27,318,0,719,181,9875,262,10137,-0.018276,0.143899,-0.989423,1
3971,1606,20,234,0,509,123,6463,214,6677,-0.0360452,0.131135,-0.990709,1
6442,2397,28,323,0,782,188,10160,299,10459,-0.0711383,0.153818,-0.985535,1
5517,2120,28,292,0,634,167,8758,260,9018,-0.0767278,0.144726,-0.986492,1
4454,1467,18,196,0,442,110,6687,173,6860,-0.082537,0.132057,-0.9878,1
2980,1136,15,151,0,350,85,4717,156,4873,-0.0658369,0.113118,-0.991398,1
7416,2763,26,290,0,695,181,11371,382,11753,-0.0610495,0.110143,-0.992039,1
5883,2183,33,303,0,671,188,9261,271,9532,-0.065265,0.0902445,-0.993779,1
4045,1532,18,188,0,433,106,6322,227,6549,-0.0710777,0.0760227,-0.99457,1
6082,2840,30,285,0,656,159,10052,338,10390,-0.0572613,0.0647082,-0.99626,1
5921,2210,27,311,0,567,128,9164,264,9428,-0.0282437,0.0548009,-0.998098,1
5343,2005,24,249,0,572,139,8332,357,8689,0.00422179,0.0440429,-0.999021,1
5922,2160,27,282,0,630,157,9178,412,9590,0.0261065,0.0447869,-0.998655,1
6725,2375,26,275,0,661,158,10220,422,10642,0.0375542,0.0413861,-0.998437,1
5866,2080,28,274,0,636,191,9075,479,9554,0.0628701,0.0281779,-0.997624,1
6177,2213,26,323,0,642,154,9535,548,10083,0.0795678,0.0167918,-0.996688,1
5930,2208,30,387,0,644,174,9373,423,9796,0.0818187,-0.000809204,-0.996647,1
4224,1458,18,205,0,451,124,6480,496,6976,0.0757773,-0.00786989,-0.997094,1
3923,1442,19,181,0,537,107,6209,510,6719,0.0691051,-0.00731543,-0.997583,1
5936,2094,26,267,0,684,159,9166,769,9935,0.0557702,-0.0100962,-0.998393,1
5752,2063,27,267,0,695,161,8965,868,9833,0.0429878,-0.015878,-0.998949,1
6589,2364,34,362,0,478,116,9943,644,10587,0.0269774,-0.00717842,-0.99961,1
4326,1609,18,213,0,505,120,6791,673,7464,0.0233098,-0.000410456,-0.999728,1
6688,2312,38,296,0,739,219,10292,955,11247,0.0336998,0.015483,-0.999312,1
6481,2278,31,291,0,706,171,9958,966,10924,0.0419966,0.0215959,-0.998884,1
4227,1508,25,218,0,441,112,6531,575,7106,0.0402446,0.0289732,-0.99877,1
5901,2007,29,255,0,644,152,8988,751,9739,0.042243,0.05924,-0.99735,1
5940,1949,26,272,0,568,145,8900,747,9647,0.0311975,0.0774466,-0.996508,1
5844,1834,28,246,0,627,144,8723,633,9356,0.0188338,0.0924038,-0.995544,1
5825,1837,28,237,0,530,134,8591,555,9146,0.00534489,0.10453,-0.994507,1
4023,1185,20,159,0,349,88,5824,396,6220,0.00512992,0.104782,-0.994482,1
6523,1626,29,221,0,516,127,9042,565,9607,-7.85923e-05,0.102832,-0.994699,1
5762,1668,21,172,0,318,84,8025,343,8368,0.00111212,0.0758159,-0.997121,1
6321,1606,30,214,0,448,117,8736,510,9246,-0.0008466,0.0590819,-0.998253,1
5858,1515,31,207,0,442,115,8168,488,8656,-0.000617884,0.0354185,-0.999372,1
7268,1463,29,210,0,440,114,9524,498,10022,0.00442189,0.0338636,-0.999417,1
5738,2179,39,213,0,433,115,8717,447,9164,0.0053321,0.0189305,-0.999807,1
6497,1547,43,208,0,491,165,8951,410,9361,0.0107194,-0.00159002,-0.999941,1
3785,1026,21,140,0,299,78,5349,269,5618,0.00399239,0.0022855,-0.999989,1
5480,1483,29,208,0,435,114,7749,367,8116,-0.00925296,0.028491,-0.999551,1
6639,1795,33,245,0,502,133,9347,397,9744,-0.00146551,0.037166,-0.999308,1
4353,1182,22,166,0,345,92,6160,283,6443,-0.00625975,0.0180757,-0.999817,1
5923,1697,50,231,0,476,128,8505,319,8824,-0.00598762,0.0475106,-0.998853,1
6389,1698,27,237,0,500,136,8987,294,9281,0.00179329,0.0624187,-0.998048,1
5762,1735,38,241,0,511,137,8424,308,8732,0.012936,0.0474525,-0.99879,1
6188,1870,52,278,0,534,140,9062,237,9299,0.0111025,0.0651502,-0.997814,1
7054,2849,30,317,0,639,173,11062,311,11373,-0.00269697,0.193394,-0.981117,1
3906,1384,13,155,0,327,89,5874,145,6019,-0.0102771,0.115353,-0.993271,1
2540,1038,12,136,0,291,76,4093,122,4215,-0.0173883,0.064116,-0.997791,1
5603,2691,25,372,0,721,223,9635,297,9932,-0.0357855,0.0870267,-0.995563,1
5610,3070,29,383,0,792,214,10098,287,10385,-0.0403603,0.0979756,-0.99437,1
6191,3197,25,365,0,782,207,10767,288,11055,-0.0457167,0.0860581,-0.995241,1
5666,2871,42,366,0,758,205,9908,316,10224,-0.0327766,0.118658,-0.992394,1
5322,2668,27,344,0,760,200,9321,276,9597,-0.0219436,0.126181,-0.991765,1
5405,2642,25,338,0,754,192,9356,319,9675,-0.0114506,0.136826,-0.990529,1
5545,2697,23,342,0,677,185,9469,264,9733,0.00280407,0.133145,-0.991093,1
2215,887,13,119,0,269,72,3575,132,3707,0.00598365,0.0822849,-0.996591,1
5395,1925,32,258,0,621,152,8383,472,8855,0.0046147,0.0730955,-0.997314,1
5539,1812,30,286,0,576,155,8398,600,8998,0.0158488,0.0857968,-0.996187,1
6446,2024,34,253,0,591,144,9492,609,10101,0.032732,0.0889214,-0.995501,1
6158,1914,38,253,0,567,138,9068,572,9640,0.02237,0.104249,-0.9943,1
6391,2006,35,345,0,635,119,9531,364,9895,0.0206735,0.119308,-0.992642,1
6586,2308,37,336,0,634,169,10070,503,10573,0.0326464,0.149306,-0.988252,1
6305,2127,34,285,0,653,160,9564,454,10018,0.0430175,0.184031,-0.981979,1
6958,2626,35,312,0,595,149,10675,383,11058,0.042401,0.239171,-0.970051,1
4064,1422,23,185,0,436,106,6236,248,6484,0.0375894,0.24538,-0.968698,1
6100,2421,37,328,0,684,172,9742,382,10124,0.0268837,0.285973,-0.95786,1
5868,2274,39,406,0,921,178,9686,382,10068,0.0313064,0.315242,-0.948495,1
6261,2290,32,296,0,561,223,9663,338,10001,0.0135734,0.35126,-0.93618,1
6309,2437,33,301,0,631,164,9875,345,10220,0.00645321,0.388542,-0.921408,1
5704,2180,31,297,0,676,171,9059,275,9334,0.00482175,0.43371,-0.901039,1
5246,1998,29,266,0,552,144,8235,235,8470,0.0100117,0.469006,-0.883138,1
5496,1960,29,265,0,555,165,8470,235,8705,0.0038677,0.502916,-0.864327,1
5864,2032,29,278,0,598,155,8956,230,9186,-0.00866169,0.539021,-0.842247,1
5394,2194,27,283,0,576,153,8627,253,8880,-0.0194047,0.583039,-0.812212,1
6477,2551,31,430,0,718,202,10409,267,10676,-0.026435,0.636906,-0.770488,1
5323,2276,38,345,0,586,158,8726,287,9013,-0.0469185,0.660724,-0.749161,1
3661,1486,20,200,0,413,111,5891,137,6028,-0.04204,0.679397,-0.732566,1
6040,2128,26,286,0,580,156,9216,-1000,-1000,-1,-1,-1,1
5452,2051,26,274,0,646,158,8607,248,8855,-0.0141073,0.108471,-0.994,1
3844,1280,31,176,0,359,142,5832,177,6009,-0.0145636,0.152743,-0.988159,1
6103,1536,28,233,0,457,124,8481,259,8740,-0.0135099,0.138872,-0.990218,1
5350,1323,26,202,0,414,110,7425,257,7682,-0.0240123,0.125925,-0.991749,1
5331,1164,26,179,0,338,93,7131,262,7393,-0.0252395,0.115189,-0.993023,1
5245,1107,28,165,0,353,91,6989,258,7247,-0.0112116,0.126138,-0.991949,1
6170,1181,45,176,0,364,95,8031,269,8300,0.013651,0.0771011,-0.99693,1
5907,1349,29,192,0,372,102,7951,282,8233,0.0180296,0.00801677,-0.999805,1
5197,1332,27,194,0,397,108,7255,304,7559,0.0103242,-0.00345572,-0.999941,1
5325,1510,28,216,0,438,129,7646,326,7972,0.00617416,0.0303569,-0.99952,1
5421,1672,29,238,0,482,132,7974,301,8275,-0.00243848,-0.0418453,-0.999121,1
6458,1887,28,261,0,568,150,9352,335,9687,-0.0136456,-0.0914115,-0.99572,1
5732,2157,28,308,0,596,163,8984,350,9334,-0.0197706,-0.0618996,-0.997886,1
5810,2372,29,351,0,445,123,9130,269,9399,-0.0177502,-0.0341789,-0.999258,1
6264,2348,27,300,0,643,170,9752,340,10092,-0.0180515,0.0074244,-0.99981,1
5769,2666,30,340,0,728,220,9753,356,10109,-0.00880697,-0.0379643,-0.99924,1
5899,2729,31,359,0,730,196,9944,394,10338,0.00851718,-0.0588111,-0.998233,1
5929,3214,31,372,0,830,208,10584,397,10981,0.0252539,-0.0568166,-0.998065,1
6809,1800,21,241,0,500,135,9506,295,9801,0.0326288,-0.0597353,-0.997681,1
3115,1324,16,172,0,370,96,5093,244,5337,0.0344722,-0.0662234,-0.997209,1
5645,2362,28,314,0,672,176,9197,468,9665,0.0303022,-0.0507714,-0.99825,1
5969,2311,29,307,0,663,171,9450,537,9987,0.0379253,-0.0392373,-0.99851,1
5615,2245,28,307,0,656,176,9027,549,9576,0.0546549,-0.0289095,-0.998087,1
6402,2193,26,290,0,650,164,9725,530,10255,0.077915,-0.00270233,-0.996956,1
5793,2338,28,293,0,657,164,9273,501,9774,0.0946243,0.0107378,-0.995455,1
5744,2055,26,275,0,628,156,8884,493,9377,0.104958,0.0402934,-0.99366,1
6690,2001,26,259,0,606,146,9728,502,10230,0.0791119,0.0754808,-0.994004,1
6151,2085,33,264,0,635,149,9317,524,9841,0.0572309,0.106705,-0.992642,1
5726,2038,27,263,0,652,152,8858,514,9372,0.0383259,0.1397,-0.989452,1
5588,2084,25,258,0,649,154,8758,474,9232,0.0155185,0.185597,-0.982503,1
6444,1995,26,260,0,597,143,9465,489,9954,-0.0176238,0.312132,-0.949875,1
5761,2144,32,370,0,466,107,8880,320,9200,-0.0294837,0.352974,-0.935169,1
3031,958,11,107,0,240,59,4406,179,4585,-0.0339304,0.345955,-0.937637,1
5969,1776,28,240,0,532,132,8677,423,9100,-0.0400346,0.417712,-0.907697,1
5654,1697,29,250,0,509,130,8269,427,8696,-0.0489629,0.475179,-0.878526,1
5847,1659,31,240,0,491,130,8398,373,8771,-0.0467137,0.515129,-0.855839,1
5688,1598,31,222,0,471,126,8136,345,8481,-0.0577402,0.555468,-0.829531,1
6406,1707,33,245,0,503,133,9027,402,9429,-0.0716377,0.615022,-0.785249,1
6199,1691,42,255,0,486,131,8804,442,9246,-0.0807647,0.677011,-0.731528,1
6283,1761,34,239,0,491,129,8937,-1000,-1000,-1,-1,-1,1
6552,1731,34,235,0,504,129,9185,385,9570,-0.0458791,0.0185513,-0.998775,1
5910,1556,28,208,0,430,116,8248,317,8565,-0.0721267,0.030385,-0.996932,1
6316,1836,54,311,0,514,140,9171,352,9523,-0.0722861,0.0261429,-0.997041,1
5600,1696,26,236,0,510,170,8238,302,8540,-0.0778259,0.00862646,-0.99693,1
5604,1867,27,212,0,363,97,8170,206,8376,-0.0552954,-0.00945038,-0.998425,1
6542,2080,26,285,0,543,148,9624,292,9916,-0.0366248,0.0237352,-0.999047,1
5499,2062,24,281,0,584,155,8605,307,8912,-0.0216863,0.00591395,-0.999747,1
6160,2230,25,330,0,629,171,9545,277,9822,-0.0237541,0.0141224,-0.999618,1
6200,3282,27,378,0,762,208,10857,301,11158,-0.0207593,0.0199327,-0.999586,1
5491,2635,24,348,0,723,213,9434,273,9707,-0.0282375,0.0252204,-0.999283,1
6243,3228,25,402,0,838,232,10968,343,11311,-0.038374,0.0331183,-0.998715,1
6084,3215,28,411,0,852,238,10828,332,11160,-0.0381331,0.0605113,-0.997439,1
6059,3190,30,409,0,835,229,10752,278,11030,-0.0246427,0.0507512,-0.998407,1
5898,3075,28,416,0,816,223,10456,258,10714,-0.020252,0.0599382,-0.997997,1
6249,2971,29,415,0,1001,221,10886,253,11139,-0.066457,0.186946,-0.98012,1
3254,1366,26,184,0,374,100,5304,142,5446,-0.0602047,0.130609,-0.989604,1
1963,837,11,110,0,247,72,3240,97,3337,-0.0522503,0.0660289,-0.996449,1
6364,2156,25,266,0,605,167,9583,307,9890,-0.0540571,0.115809,-0.991799,1
9692,2962,41,397,0,641,163,13896,504,14400,-0.027337,0.270445,-0.962347,1
4528,1004,17,136,0,306,76,6067,293,6360,-0.00939131,0.256664,-0.966455,1
2546,720,11,97,0,184,45,3603,154,3757,0.00196634,0.218527,-0.975829,1
3238,921,16,126,0,281,70,4652,185,4837,-0.00575173,0.282901,-0.959132,1
6479,1938,32,257,0,682,161,9549,373,9922,-0.0366374,0.359,-0.932618,1
6208,2379,42,269,0,621,148,9667,382,10049,-0.0296426,0.41422,-0.909694,1
7058,2011,33,259,0,590,143,10094,362,10456,0.0280399,0.545288,-0.83778,1
6177,1928,28,231,0,536,145,9045,408,9453,0.0474242,0.6023,-0.79686,1
2994,1011,14,131,0,272,70,4492,137,4629,0.0388828,0.593421,-0.803953,1
1989,683,11,91,0,199,58,3031,127,3158,0.0332772,0.623121,-0.781417,1
5577,1993,31,303,0,569,150,8623,363,8986,0.021591,0.700219,-0.713602,1
6103,2381,29,316,0,671,208,9708,-1000,-1000,-1,-1,-1,1
6135,2785,31,345,0,718,189,10203,327,10530,-0.012657,0.0662178,-0.997725,1
4077,1838,19,233,0,529,136,6832,229,7061,-0.0148473,0.0721008,-0.997287,1
6393,2689,29,351,0,733,194,10389,278,10667,-0.00316263,0.0777037,-0.996972,1
6128,2515,30,335,0,732,168,9908,224,10132,-0.0106006,0.134626,-0.99084,1
6320,2435,52,361,0,700,182,10050,266,10316,-0.029142,0.163212,-0.986161,1
3968,1133,16,160,0,317,85,5679,143,5822,-0.0149861,0.107736,-0.994067,1
2479,800,13,111,0,230,62,3695,113,3808,-0.00281791,0.0691228,-0.997604,1
2704,802,14,116,0,246,64,3946,126,4072,0.00644357,0.0605845,-0.998142,1
5498,1449,26,204,0,415,112,7704,274,7978,0.0158386,0.0306936,-0.999403,1
5562,1250,26,182,0,372,100,7492,293,7785,0.0133307,0.0485493,-0.998732,1
5393,1185,27,174,0,348,92,7219,275,7494,0.00667889,0.0384566,-0.999238,1
6402,1244,31,219,0,363,101,8360,344,8704,0.0094562,0.0650132,-0.99784,1
6017,1147,34,203,0,357,100,7858,308,8166,0.01235,0.0625843,-0.997963,1
7058,1139,33,178,0,345,94,8847,318,9165,0.00820661,0.144397,-0.989486,1
4085,758,18,114,0,229,62,5266,198,5464,0.00940211,0.0719108,-0.997367,1
2849,681,13,101,0,204,55,3903,153,4056,0.00604228,-0.0109396,-0.999922,1
5676,1683,29,230,0,464,127,8209,299,8508,0.0131825,-0.0564985,-0.998316,1
6277,1926,30,270,0,559,150,9212,325,9537,0.0157826,-0.0865292,-0.996124,1
5821,1977,21,219,0,444,118,8600,248,8848,0.0210783,-0.106291,-0.994112,1
5945,2570,29,338,0,686,185,9753,373,10126,0.00541319,-0.0283676,-0.999583,1
3889,1513,17,186,0,382,103,6090,201,6291,0.00185657,-0.0469334,-0.998896,1
2423,1191,14,151,0,319,84,4182,180,4362,0.00636573,-0.0928619,-0.995659,1
5912,2767,30,373,0,782,205,10069,467,10536,0.0122533,-0.0963156,-0.995275,1
5952,2653,28,339,0,726,193,9891,546,10437,0.0245371,-0.0844282,-0.996127,1
6475,2510,30,323,0,670,127,10135,388,10523,0.0389539,-0.0527409,-0.997848,1
4097,1611,20,212,0,516,122,6578,382,6960,0.0676668,-0.0251414,-0.997391,1
6850,2552,34,357,0,736,189,10718,541,11259,0.105216,0.0238198,-0.994164,1
3975,1510,18,201,0,450,112,6266,342,6608,0.123298,0.0280258,-0.991974,1
5762,2166,26,299,0,635,156,9044,477,9521,0.125715,0.05478,-0.990553,1
6672,2148,37,323,0,640,172,9992,497,10489,0.101484,0.146634,-0.983971,1
5958,1372,18,179,0,423,101,8051,329,8380,0.097478,0.174387,-0.97984,1
2456,874,15,165,0,262,62,3834,196,4030,0.0960748,0.151198,-0.983824,1
2062,690,10,90,0,213,50,3115,171,3286,0.101261,0.164821,-0.981112,1
6532,2055,27,245,0,687,162,9708,499,10207,0.100127,0.224205,-0.969385,1
6523,2113,26,241,0,559,137,9599,432,10031,0.0972968,0.273942,-0.956812,1
5826,1829,27,233,0,540,132,8587,426,9013,0.0856639,0.301961,-0.949464,1
5849,1714,26,229,0,552,130,8500,417,8917,0.0586904,0.34107,-0.938204,1
5908,1563,27,252,0,494,126,8370,411,8781,0.026549,0.373291,-0.927334,1
5941,1619,27,222,0,488,124,8421,388,8809,-0.0050049,0.415704,-0.909486,1
5571,2007,32,252,0,487,128,8477,359,8836,-0.0183061,0.471866,-0.88148,1
6393,1698,28,235,0,528,135,9017,384,9401,-0.0181477,0.526423,-0.850029,1
5617,1704,30,236,0,492,131,8210,348,8558,0.000756246,0.571682,-0.820475,1
5466,1708,28,229,0,513,131,8075,349,8424,0.0228669,0.635074,-0.772113,1
5471,2036,31,245,0,499,132,8414,-1000,-1000,-1,-1,-1,1
5689,1791,19,161,0,332,88,8080,222,8302,0.005301,0.0510041,-0.998684,1
2487,820,13,102,0,207,55,3684,142,3826,-0.00747459,-0.0259222,-0.999636,1
2015,680,11,88,0,192,49,3035,111,3146,-0.0019194,-0.0273081,-0.999625,1
5584,1828,27,255,0,513,139,8346,286,8632,0.0036871,0.0647196,-0.997897,1
5540,1933,60,302,0,531,145,8511,263,8774,0.00178462,0.107829,-0.994168,1
6368,2589,30,328,0,582,167,10064,238,10302,-0.0218724,0.166814,-0.985746,1
6465,2360,29,322,0,657,179,10012,282,10294,-0.0522364,0.308836,-0.94968,1
4000,1224,14,165,0,338,91,5832,132,5964,-0.044627,0.277589,-0.959663,1
2603,1053,11,138,0,287,78,4170,106,4276,-0.0359181,0.188684,-0.981381,1
5935,2593,26,340,0,845,197,9936,243,10179,-0.0355475,0.159315,-0.986588,1
6121,3090,28,359,0,811,226,10635,315,10950,-0.0278733,0.120784,-0.992287,1
6104,3247,30,438,0,859,206,10884,262,11146,-0.0301212,0.11159,-0.993298,1
6107,2810,31,363,0,745,228,10284,264,10548,-0.0411665,0.105443,-0.993573,1
6207,3099,30,472,0,833,232,10873,312,11185,-0.0510144,0.0831739,-0.995228,1
5431,2635,26,366,0,756,199,9413,300,9713,-0.0525296,0.079187,-0.995475,1
6015,2762,30,373,0,690,187,10057,292,10349,-0.044634,0.0745364,-0.996219,1
5940,2575,25,303,0,647,167,9657,310,9967,-0.0378611,0.068433,-0.996937,1
5629,2124,26,301,0,636,162,8878,354,9232,-0.0273327,0.084651,-0.996036,1
5556,2018,26,265,0,583,149,8597,411,9008,-0.0119498,0.0827664,-0.996497,1
6266,2170,31,310,0,685,163,9625,568,10193,0.00392659,0.0986976,-0.99511,1
6323,2125,31,281,0,637,158,9555,671,10226,0.0134836,0.081084,-0.996616,1
6338,1964,35,288,0,626,146,9397,631,10028,0.00133862,0.0744399,-0.997225,1
6344,1629,31,223,0,516,122,8865,519,9384,-0.0193992,0.0657479,-0.997648,1
6497,1894,32,255,0,659,146,9483,551,10034,-0.0338607,0.0587355,-0.997699,1
5736,1618,29,216,0,517,123,8239,458,8697,-0.0371648,0.10074,-0.994218,1
6302,1524,29,212,0,520,121,8708,470,9178,-0.020868,0.0518466,-0.998437,1
4331,1080,21,145,0,360,82,6019,265,6284,-0.000687518,0.0432325,-0.999065,1
6194,1713,31,235,0,539,136,8848,343,9191,0.0670654,0.0922219,-0.993477,1
5948,1800,32,210,0,363,90,8443,167,8610,0.099284,0.1297,-0.98657,1
3936,1305,20,220,0,382,119,5982,145,6127,0.0858608,0.145598,-0.985611,1
5134,1835,26,245,0,561,140,7941,181,8122,0.0744677,0.199594,-0.977045,1
6260,2478,30,316,0,705,188,9977,305,10282,0.0564867,0.324043,-0.944354,1
3441,1277,14,178,0,352,93,5355,111,5466,0.0528201,0.345629,-0.936883,1
2403,1100,12,144,0,299,80,4038,99,4137,0.0554993,0.356324,-0.932713,1
6389,2996,26,341,0,705,188,10645,218,10863,0.0343125,0.42554,-0.904289,1
4512,2192,21,255,0,379,103,7462,115,7577,0.0401435,0.364378,-0.930386,1
2368,1144,12,170,0,315,84,4093,96,4189,0.0290819,0.253069,-0.967011,1
5423,2617,27,342,0,717,193,9319,238,9557,0.0166373,0.149108,-0.988681,1
5406,2630,47,342,0,723,205,9353,239,9592,0.0094192,0.100633,-0.994879,1
5551,2290,27,302,0,633,170,8973,271,9244,-0.0173358,0.131786,-0.991127,1
5429,2006,27,289,0,626,197,8574,295,8869,-0.0128311,0.0874966,-0.996082,1
3466,918,14,126,0,259,69,4852,126,4978,-0.00876343,0.0565946,-0.998359,1
2802,810,14,111,0,246,63,4046,125,4171,-0.00204735,0.0118188,-0.999928,1
5820,1233,28,205,0,368,100,7754,249,8003,0.00928564,0.0151705,-0.999842,1
5292,1109,29,164,0,327,86,7007,239,7246,0.0124956,0.0759628,-0.997032,1
4718,1030,26,151,0,291,77,6293,217,6510,-0.00399893,0.0409702,-0.999152,1
5988,1264,29,194,0,390,104,7969,241,8210,-0.0125932,0.0483721,-0.99875,1
5448,1722,28,233,0,475,128,8034,273,8307,-0.00203424,-0.0378386,-0.999282,1
5478,1969,29,301,0,558,152,8487,316,8803,-0.00649529,-0.0754652,-0.997127,1
5824,2263,31,336,0,621,168,9243,310,9553,0.00366088,-0.0922476,-0.995729,1
5729,2461,32,333,0,677,186,9418,300,9718,0.00681446,-0.115168,-0.993323,1
5767,2607,35,500,0,924,204,10037,315,10352,0.0111046,-0.109593,-0.993914,1
5713,2744,30,357,0,741,200,9785,350,10135,0.0152206,-0.0886842,-0.995943,1
5924,2727,30,364,0,777,205,10027,366,10393,0.0150314,0.0162331,-0.999755,1
5150,1851,23,246,0,511,138,7919,299,8218,0.0160732,-0.0341713,-0.999287,1
2997,1330,17,178,0,373,99,4994,248,5242,0.0165151,-0.0702608,-0.997392,1
5703,2291,30,343,0,681,178,9226,543,9769,-0.00609202,-0.0331084,-0.999433,1
5644,2234,29,332,0,646,172,9057,496,9553,-0.0211429,0.00175456,-0.999775,1
6478,2345,33,320,0,703,176,10055,467,10522,-0.0238501,0.0673742,-0.997443,1
5937,2162,29,289,0,645,160,9222,387,9609,-0.00744716,0.0932136,-0.995618,1
5938,2114,28,284,0,647,157,9168,385,9553,0.00856705,0.113661,-0.993483,1
6058,2126,26,279,0,635,151,9275,404,9679,0.0253595,0.138428,-0.990048,1
6150,2078,26,267,0,629,156,9306,407,9713,0.0409075,0.165159,-0.985418,1
5994,2170,24,257,0,625,145,9215,391,9606,0.0598614,0.205921,-0.976736,1
5761,1941,28,248,0,596,140,8714,363,9077,0.0723046,0.248258,-0.965992,1
8787,2470,29,357,0,812,138,12593,323,12916,0.0859784,0.296833,-0.951051,1
2442,778,12,124,0,264,68,3688,187,3875,0.0882866,0.296672,-0.95089,1
6004,1695,25,270,0,554,131,8679,352,9031,0.0741869,0.353158,-0.932618,1
5907,1542,29,206,0,485,115,8284,381,8665,0.0613147,0.370577,-0.926776,1
6177,1418,27,193,0,445,106,8366,364,8730,0.0507262,0.387243,-0.920581,1
5640,1369,26,188,0,440,104,7767,361,8128,0.0320055,0.400059,-0.915931,1
5652,1402,26,193,0,438,106,7817,383,8200,0.00705638,0.4293,-0.903135,1
6758,1419,27,199,0,442,111,8956,370,9326,-0.00956702,0.450944,-0.892501,1
5592,1493,37,208,0,460,118,7908,364,8272,-0.0113677,0.479416,-0.877514,1
5749,1623,30,225,0,473,125,8225,361,8586,-0.0144472,0.522665,-0.852416,1
5646,1706,30,234,0,511,133,8260,314,8574,-0.0298354,0.577592,-0.81578,1
5484,1770,30,236,0,488,132,8140,292,8432,-0.0333092,0.628066,-0.777447,1
5450,1812,31,239,0,488,129,8149,269,8418,-0.0144145,0.674312,-0.738306,1
5557,1838,28,235,0,483,136,8277,-1000,-1000,-1,-1,-1,1
5828,1723,27,237,0,527,136,8478,365,8843,-0.00343969,0.0391915,-0.999226,1
5718,1747,28,229,0,476,128,8326,299,8625,-0.0102895,0.0317559,-0.999443,1
5595,1714,28,227,0,488,130,8182,285,8467,-0.00866426,0.0475156,-0.998833,1
5526,1718,27,235,0,668,184,8358,325,8683,-0.00358827,0.0368433,-0.999315,1
5809,1805,26,244,0,498,135,8517,275,8792,-0.00589915,0.0335743,-0.999419,1
5670,1824,25,253,0,521,139,8432,290,8722,-0.0115803,0.0381061,-0.999207,1
5643,1908,25,262,0,540,146,8524,260,8784,-0.0129637,0.042658,-0.999006,1
5639,1996,26,275,0,561,151,8648,269,8917,-0.0288389,0.0221455,-0.999339,1
5488,2166,25,292,0,604,165,8740,266,9006,-0.0442163,0.0278715,-0.998633,1
5626,2265,25,310,0,640,186,9052,285,9337,-0.0386199,0.00276564,-0.99925,1
5971,2462,39,326,0,678,183,9659,309,9968,-0.0329456,0.0110614,-0.999396,1
5433,2529,25,340,0,713,203,9243,275,9518,-0.026257,0.0239207,-0.999369,1
5492,2672,25,344,0,730,193,9456,270,9726,-0.0239144,0.029915,-0.999266,1
5509,2856,24,352,0,730,200,9671,303,9974,-0.0165606,0.0649554,-0.997751,1
5523,2799,25,351,0,724,197,9619,288,9907,-0.0286042,0.055556,-0.998046,1
5336,3457,24,347,0,748,155,10067,241,10308,-0.0388463,0.046589,-0.998158,1
3724,1797,16,230,0,520,133,6420,220,6640,-0.0346803,0.0623473,-0.997452,1
5851,2707,30,378,0,660,181,9807,329,10136,-0.0462277,0.0737849,-0.996202,1
5528,2101,26,292,0,625,161,8733,324,9057,-0.0366955,0.0677567,-0.997027,1
5979,2251,32,299,0,634,169,9364,350,9714,-0.0455264,0.0690057,-0.996577,1
5968,2151,33,289,0,606,160,9207,426,9633,-0.0464854,0.0687615,-0.99655,1
5522,1758,28,245,0,539,138,8230,539,8769,-0.0287106,0.0841005,-0.996044,1
5592,1722,40,233,0,668,135,8390,487,8877,-0.0293753,0.0921173,-0.995315,1
5824,1713,30,219,0,494,121,8401,492,8893,-0.0191966,0.0798788,-0.99662,1
5901,1703,29,222,0,516,148,8519,498,9017,-0.023205,0.0770457,-0.996758,1
5847,1675,28,220,0,503,122,8395,479,8874,-0.0185833,0.0666701,-0.997602,1
5944,1160,22,146,0,332,79,7683,296,7979,-0.00414271,0.0465972,-0.998905,1
5538,1461,29,198,0,462,109,7797,398,8195,0.00779392,0.0382793,-0.999237,1
5478,1351,29,191,0,437,104,7590,268,7858,0.0309491,0.0602513,-0.997703,1
5360,1372,36,199,0,432,106,7505,218,7723,0.0448955,0.148983,-0.98782,1
5514,1597,27,217,0,589,136,8080,228,8308,0.0651675,0.225688,-0.972018,1
6179,1857,47,252,0,522,135,8992,213,9205,0.0656083,0.263677,-0.962377,1
5195,2192,26,286,0,596,159,8454,196,8650,0.04681,0.278986,-0.959154,1
5168,2416,26,320,0,657,177,8764,227,8991,0.021064,0.327392,-0.944654,1
5248,2672,26,343,0,733,190,9212,204,9416,0.0110736,0.371155,-0.928505,1
5295,2478,26,331,0,673,182,8985,201,9186,0.00355419,0.322609,-0.946526,1
6220,2324,27,307,0,636,170,9684,237,9921,-0.0184668,0.325789,-0.945262,1
5310,1980,27,269,0,551,148,8285,212,8497,-0.0418652,0.286029,-0.957306,1
5290,1488,29,226,0,455,120,7608,213,7821,-0.055831,0.26566,-0.962449,1
5676,1182,27,177,0,344,93,7499,238,7737,-0.0724635,0.293747,-0.953133,1
5211,1189,29,166,0,332,88,7015,244,7259,-0.0716758,0.2953,-0.952712,1
5775,1111,28,168,0,328,89,7499,279,7778,-0.0568448,0.295116,-0.953769,1
5227,1248,27,183,0,365,100,7150,251,7401,-0.0242359,0.268478,-0.962981,1
5338,1548,26,220,0,447,125,7704,299,8003,0.00390503,0.203301,-0.979109,1
5860,2018,28,267,0,536,148,8857,277,9134,0.0245276,0.146015,-0.988978,1
6480,2674,30,303,0,605,197,10289,312,10601,0.036926,0.307908,-0.950699,1
5801,2428,29,317,0,636,174,9385,290,9675,0.021366,0.345144,-0.938307,1
5584,2800,37,412,0,711,191,9735,305,10040,0.0246599,0.303818,-0.952411,1
3861,1795,20,236,0,486,131,6529,187,6716,0.0170746,0.27776,-0.960499,1
5549,2634,51,348,0,843,269,9694,318,10012,0.0140226,0.280707,-0.959691,1
5607,2562,50,442,0,715,198,9574,260,9834,0.0223423,0.288102,-0.957339,1
6755,2519,31,382,0,693,201,10581,298,10879,0.0519856,0.301668,-0.951995,1
5681,2270,29,306,0,724,179,9189,237,9426,0.0656747,0.338931,-0.938516,1
5657,2139,26,292,0,618,162,8894,227,9121,0.0580165,0.384804,-0.921173,1
5521,2007,26,272,0,589,157,8572,219,8791,0.039871,0.417497,-0.907803,1
5755,2029,26,273,0,633,155,8871,227,9098,-0.00859417,0.576591,-0.816988,1
5932,2433,28,281,0,630,153,9457,182,9639,-0.0377969,0.684503,-0.728029,1
5944,2197,29,274,0,631,150,9225,-1000,-1000,-1,-1,-1,1
6273,2049,27,269,0,633,151,9402,605,10007,0.0579914,0.0634809,-0.996297,1
5821,2042,40,261,0,636,166,8966,582,9548,0.0809274,0.104108,-0.991268,1
5780,1989,29,256,0,628,144,8826,538,9364,0.00134402,0.176367,-0.984324,1
5721,1326,19,168,0,405,95,7734,369,8103,-0.0170052,0.173951,-0.984608,1
3103,965,12,99,0,240,57,4476,231,4707,-0.0153767,0.1693,-0.985445,1
5861,1767,25,230,0,557,151,8591,534,9125,-0.0141549,0.212332,-0.977095,1
5830,1670,27,219,0,529,125,8400,484,8884,-0.00344035,0.262194,-0.965009,1
5900,1723,28,241,0,519,127,8538,429,8967,0.0131422,0.321467,-0.94683,1
5969,1834,29,240,0,536,135,8743,419,9162,0.0187091,0.399122,-0.916707,1
5809,1948,30,278,0,550,141,8756,409,9165,0.0102786,0.509952,-0.860141,1
5728,1890,48,261,0,543,161,8631,374,9005,-0.00811374,0.554934,-0.831855,1
3512,982,15,133,0,306,76,5024,171,5195,-0.0147506,0.55318,-0.832931,1
2311,760,13,106,0,210,55,3455,126,3581,-0.0233035,0.6217,-0.782909,1
5533,1639,31,224,0,507,128,8062,-1000,-1000,-1,-1,-1,1
5687,1496,30,214,0,475,116,8018,325,8343,-0.00285108,0.0269312,-0.999633,1
5622,1501,29,206,0,436,115,7909,312,8221,-0.0122422,0.0514645,-0.9986,1
5362,1547,28,212,0,474,123,7746,302,8048,-0.0124045,0.0229596,-0.999659,1
5962,1474,19,151,0,318,84,8008,196,8204,-0.0225396,-0.00883399,-0.999707,1
5073,1616,24,248,0,456,152,7569,253,7822,-0.0261823,0.00194308,-0.999655,1
5512,1845,27,250,0,553,145,8332,281,8613,-0.0639488,0.109629,-0.991913,1
5410,2044,24,280,0,570,156,8484,273,8757,-0.0577398,0.0858367,-0.994635,1
3478,1187,14,160,0,331,90,5260,132,5392,-0.0482857,0.0261701,-0.998491,1
3172,1491,15,196,0,439,111,5424,155,5579,-0.0419832,0.0603391,-0.997295,1
5313,2666,26,350,0,765,196,9316,271,9587,-0.0434273,0.130397,-0.99051,1
5182,2744,25,369,0,741,199,9260,225,9485,-0.0428287,0.118011,-0.992088,1
5217,2545,25,346,0,747,213,9093,232,9325,-0.0491165,0.138544,-0.989138,1
5164,2528,25,333,0,707,204,8961,304,9265,-0.0476664,0.138202,-0.989256,1
5070,2311,34,332,0,642,169,8558,269,8827,-0.0386307,0.117976,-0.992265,1
5263,2023,29,281,0,612,158,8366,351,8717,-0.0364666,0.12286,-0.991754,1
5667,1832,29,273,0,550,152,8503,459,8962,-0.0286313,0.0882076,-0.99569,1
5798,1809,28,246,0,557,168,8606,546,9152,-0.0140576,0.24884,-0.968443,1
4661,1276,23,192,0,379,96,6627,372,6999,-0.021126,0.215524,-0.97627,1
3146,735,14,95,0,211,51,4252,185,4437,-0.0100734,0.153649,-0.988074,1
2415,679,13,90,0,203,50,3450,168,3618,-0.0185468,0.14673,-0.989003,1
5664,1487,31,202,0,453,123,7960,363,8323,0.00422837,0.22476,-0.974405,1
5566,1388,30,190,0,433,105,7712,368,8080,0.0147945,0.277402,-0.96064,1
5781,1547,28,229,0,434,107,8126,329,8455,0.021375,0.459469,-0.887937,1
5382,1568,27,215,0,461,119,7772,326,8098,0.0331749,0.493311,-0.86922,1
3184,965,14,129,0,274,71,4637,158,4795,0.017214,0.51043,-0.859747,1
5142,2418,34,320,0,584,156,8654,297,8951,-0.0199403,0.522115,-0.852642,1
5218,2337,26,324,0,640,174,8719,291,9010,-0.058981,0.556285,-0.828896,1
5425,2536,27,362,0,695,192,9237,280,9517,-0.103311,0.58471,-0.804637,1
5297,2623,26,345,0,712,189,9192,274,9466,-0.127762,0.591405,-0.796189,1
5435,2711,27,345,0,738,191,9447,308,9755,-0.141931,0.629661,-0.763795,1
3689,1768,18,231,0,501,134,6341,196,6537,-0.14551,0.668263,-0.729556,1
5713,2519,27,331,0,774,203,9567,-1000,-1000,-1,-1,-1,1
3650,1728,19,239,0,460,124,6220,207,6427,-0.00565795,0.033742,-0.999415,1
5745,2279,28,311,0,638,196,9197,312,9509,-0.00591435,0.0508107,-0.998691,1
5399,2059,30,289,0,575,155,8507,286,8793,-0.00502297,0.0660125,-0.997806,1
5321,1681,29,232,0,485,141,7889,279,8168,-0.00677674,0.0485079,-0.9988,1
5391,1576,28,209,0,425,112,7741,272,8013,-0.00627962,0.0699299,-0.997532,1
5389,1323,28,183,0,365,99,7387,276,7663,0.00485342,0.0702877,-0.997515,1
5222,1153,28,183,0,389,98,7073,250,7323,0.00635694,0.0889572,-0.996015,1
5282,1098,29,164,0,319,97,6989,264,7253,0.00750484,0.0812647,-0.996664,1
5155,1099,29,163,0,317,86,6849,264,7113,0.00643428,0.0750539,-0.997159,1
5332,1180,31,171,0,338,93,7145,285,7430,0.000409136,0.127964,-0.991779,1
5437,1344,29,191,0,376,103,7480,289,7769,0.00433595,0.098357,-0.995142,1
5362,1419,29,203,0,440,116,7569,304,7873,0.00177309,0.0775329,-0.996988,1
5463,1523,31,218,0,447,119,7801,320,8121,0.000972901,0.0497222,-0.998763,1
5387,1711,28,241,0,498,133,7998,337,8335,-0.0013612,0.0440323,-0.999029,1
5432,2000,30,284,0,537,149,8432,331,8763,0.000516084,0.0577856,-0.998329,1
5687,2036,30,316,0,623,165,8857,355,9212,0.0121562,0.0450878,-0.998909,1
5945,2276,50,312,0,628,169,9380,362,9742,0.0165609,0.0394423,-0.999085,1
5838,2438,31,360,0,691,186,9544,355,9899,0.0284289,0.0374126,-0.998895,1
5881,2621,34,349,0,716,194,9795,374,10169,0.0319379,0.0487819,-0.998299,1
6549,2705,32,355,0,735,199,10575,392,10967,0.0372685,0.0346489,-0.998704,1
5739,2545,20,241,0,508,133,9186,277,9463,0.0291648,0.0321903,-0.999056,1
3894,1730,20,230,0,511,131,6516,274,6790,0.0085661,0.111721,-0.993703,1
5625,2279,29,341,0,661,175,9110,334,9444,-0.0284484,0.209427,-0.97741,1
5663,2196,29,293,0,613,159,8953,255,9208,-0.0703939,0.234558,-0.96955,1
5646,1987,30,286,0,589,150,8688,251,8939,-0.0842533,0.242239,-0.966551,1
5965,2095,27,290,0,606,154,9137,281,9418,-0.108776,0.292873,-0.949944,1
6047,2081,27,276,0,659,157,9247,296,9543,-0.119732,0.361281,-0.924738,1
5844,2299,35,416,0,862,202,9658,270,9928,-0.118279,0.392615,-0.912066,1
6735,2131,27,252,0,615,143,9903,243,10146,-0.0966118,0.413457,-0.905384,1
7532,1851,26,239,0,565,136,10349,285,10634,-0.0805096,0.432611,-0.897979,1
6166,1713,29,241,0,526,125,8800,323,9123,-0.0644658,0.448183,-0.891614,1
5860,1333,27,181,0,430,99,7930,313,8243,-0.0624694,0.449824,-0.89093,1
5798,1241,27,166,0,438,147,7817,396,8213,-0.0631169,0.465114,-0.882998,1
5939,1316,29,177,0,450,122,8033,359,8392,-0.0467281,0.501558,-0.863861,1
5777,1408,35,276,0,628,143,8267,395,8662,-0.0284495,0.540085,-0.84113,1
5845,1334,39,183,0,410,100,7911,350,8261,-0.0054316,0.566593,-0.82398,1
6018,1307,41,180,0,392,98,8036,344,8380,0.0300234,0.601902,-0.798006,1
5518,1171,31,188,0,417,97,7422,360,7782,0.0663216,0.618245,-0.783182,1
5398,996,35,147,0,308,78,6962,340,7302,0.0893029,0.620805,-0.778862,1
5278,980,29,144,0,301,77,6809,367,7176,0.113208,0.651901,-0.749806,1
5385,970,30,142,0,324,80,6931,-1000,-1000,-1,-1,-1,1
5156,913,29,135,0,279,73,6585,395,6980,-0.0092253,0.0243102,-0.999662,1
5783,722,19,101,0,199,51,6875,252,7127,-0.0123939,0.0705828,-0.997429,1
2872,542,15,76,0,159,41,3705,177,3882,-0.00876683,0.0595373,-0.998188,1
5843,1139,28,159,0,348,86,7603,318,7921,-0.0227005,0.0448213,-0.998737,1
5540,1139,29,164,0,329,86,7287,328,7615,-0.0221248,0.0294303,-0.999322,1
5475,1254,28,173,0,352,99,7381,312,7693,-0.0296817,0.0128579,-0.999477,1
5787,1389,68,189,0,381,101,7915,297,8212,-0.0463436,-0.00675533,-0.998903,1
5347,1464,26,200,0,414,110,7561,285,7846,-0.0485938,-0.0200049,-0.998618,1
5465,1670,35,221,0,484,129,8004,293,8297,-0.0459186,-0.0232243,-0.998675,1
5745,1852,38,243,0,500,134,8512,271,8783,-0.0327461,-0.0690969,-0.997072,1
5444,2061,25,295,0,546,152,8523,272,8795,-0.0275094,-0.0530182,-0.998215,1
5428,2164,25,282,0,586,156,8641,251,8892,-0.0246928,-0.0738044,-0.996967,1
5508,2376,26,309,0,654,171,9044,254,9298,-0.0225315,-0.0684788,-0.997398,1
6210,2704,29,361,0,763,207,10274,288,10562,-0.0305042,-0.0665866,-0.997314,1
5405,2517,27,333,0,687,184,9153,272,9425,-0.0421145,-0.0622541,-0.997171,1
5370,2572,24,339,0,688,230,9223,268,9491,-0.0500132,-0.0867692,-0.994972,1
5367,2656,27,346,0,705,191,9292,285,9577,-0.0437916,-0.0931192,-0.994691,1
6039,3029,28,418,0,839,196,10549,263,10812,-0.0384117,-0.0924304,-0.994978,1
5332,2716,25,391,0,758,204,9426,259,9685,-0.0350101,-0.0903454,-0.995295,1
5296,2727,27,361,0,744,203,9358,277,9635,-0.0381097,-0.0958839,-0.994663,1
6085,3131,29,413,0,901,232,10791,322,11113,-0.0379149,-0.0999401,-0.994271,1
4033,2555,20,280,0,578,176,7642,224,7866,-0.0383256,-0.0857962,-0.995575,1
6124,3440,30,458,0,885,238,11175,409,11584,-0.0395394,-0.0794738,-0.996052,1
5473,2947,24,409,0,808,225,9886,335,10221,-0.0320227,-0.0733785,-0.99679,1
6104,3079,25,389,0,844,221,10662,356,11018,-0.0191057,-0.0546197,-0.998324,1
5412,2953,41,397,0,831,247,9881,395,10276,-0.0177641,-0.0465843,-0.998756,1
6046,3232,26,427,0,846,223,10800,383,11183,-0.0106143,-0.035518,-0.999313,1
5323,2960,27,399,0,833,220,9762,413,10175,-0.00600915,-0.036547,-0.999314,1
6283,3521,29,434,0,934,243,11444,530,11974,0.0098439,-0.0199092,-0.999753,1
6203,2708,24,283,0,622,157,9997,360,10357,0.0210892,-0.015147,-0.999663,1
3878,2057,18,283,0,575,149,6960,335,7295,0.0314632,-0.0246039,-0.999202,1
5886,3091,27,374,0,869,214,10461,511,10972,0.0514194,-0.0186417,-0.998503,1
5551,2826,27,389,0,839,217,9849,528,10377,0.0729588,-0.00888958,-0.997295,1
5514,2837,29,357,0,779,191,9707,550,10257,0.079335,-0.0143646,-0.996745,1
5633,2652,27,324,0,738,178,9552,608,10160,0.0874477,-0.0188585,-0.995991,1
5843,2535,34,343,0,756,178,9689,702,10391,0.0960626,-0.0258629,-0.995039,1
5836,2510,30,305,0,709,171,9561,690,10251,0.125613,-0.0388983,-0.991316,1
3996,1696,23,204,0,478,113,6510,434,6944,0.12248,-0.0577324,-0.99079,1
7233,2519,40,339,0,819,177,11127,656,11783,0.135854,-0.0734998,-0.987999,1
4282,1552,23,198,0,461,110,6626,370,6996,0.132054,-0.0788905,-0.988098,1
6535,2262,36,294,0,651,157,9935,476,10411,0.144288,-0.101441,-0.984322,1
4236,1167,18,133,0,305,75,5934,189,6123,0.131917,-0.103863,-0.985804,1
6653,2064,33,265,0,587,145,9747,395,10142,0.147533,-0.0998263,-0.984006,1
6553,2606,34,267,0,587,145,10192,459,10651,0.130386,-0.0864211,-0.98769,1
6605,2152,32,280,0,635,156,9860,527,10387,0.10825,-0.083673,-0.990596,1
6662,2224,27,233,0,528,119,9793,342,10135,0.0922452,-0.0855125,-0.992058,1
5705,2028,31,286,0,628,147,8825,460,9285,0.0880434,-0.104999,-0.990567,1
5729,2084,32,287,0,755,217,9104,615,9719,0.07626,-0.119276,-0.989928,1
5801,2416,31,300,0,766,257,9571,577,10148,0.0764558,-0.130479,-0.988499,1
3846,1656,22,202,0,481,113,6320,255,6575,0.0747202,-0.134801,-0.988051,1
5744,2415,29,384,0,1003,210,9785,401,10186,0.0760156,-0.145735,-0.986399,1
5477,2421,29,300,0,675,165,9067,296,9363,0.0727002,-0.145855,-0.986631,1
5515,2261,28,322,0,659,165,8950,299,9249,0.0744382,-0.141183,-0.987181,1
5490,2163,29,277,0,682,159,8800,302,9102,0.081509,-0.148703,-0.985517,1
5249,2158,30,286,0,622,156,8501,366,8867,0.0765231,-0.147974,-0.986026,1
5280,2258,35,439,0,888,216,9116,380,9496,0.058346,-0.147245,-0.987378,1
5305,2146,46,298,0,650,162,8607,405,9012,0.0500941,-0.153465,-0.986884,1
5125,2161,26,281,0,629,160,8382,388,8770,0.0445243,-0.156699,-0.986642,1
5202,2092,28,277,0,596,152,8347,375,8722,0.0386482,-0.163537,-0.98578,1
5531,1968,26,265,0,573,146,8509,333,8842,0.0367636,-0.170219,-0.98472,1
5130,1910,27,294,0,561,152,8074,348,8422,0.0316214,-0.173823,-0.984269,1
4951,1863,27,256,0,589,146,7832,330,8162,0.0311583,-0.187248,-0.981818,1
5193,1908,27,254,0,549,140,8071,287,8358,0.0294895,-0.185228,-0.982253,1
5163,1953,26,258,0,553,144,8097,271,8368,0.0402151,-0.192531,-0.980467,1
4981,2178,35,265,0,571,146,8176,276,8452,0.0497969,-0.20241,-0.978034,1
5132,1894,27,279,0,538,146,8016,241,8257,0.0519288,-0.214044,-0.975443,1
5245,1919,29,284,0,632,149,8258,229,8487,0.0541238,-0.216478,-0.974786,1
5043,1876,27,250,0,527,142,7865,246,8111,0.050418,-0.20816,-0.976794,1
5747,2177,32,285,0,587,160,8988,279,9267,0.0483715,-0.206495,-0.977251,1
5669,2138,33,284,0,584,156,8864,249,9113,0.0579171,-0.221543,-0.973429,1
5928,2093,31,281,0,598,156,9087,245,9332,0.0560475,-0.230077,-0.971557,1
5798,1926,32,268,0,549,150,8723,239,8962,0.0573525,-0.241318,-0.96875,1
5338,1678,28,245,0,457,122,7868,234,8102,0.0576156,-0.248148,-0.967007,1
5197,1464,29,240,0,425,116,7471,244,7715,0.0549225,-0.252421,-0.966057,1
5342,1417,43,198,0,397,105,7502,247,7749,0.0454143,-0.234974,-0.97094,1
6159,1530,30,214,0,432,115,8480,243,8723,0.0379654,-0.226984,-0.973158,1
6265,1341,26,186,0,372,98,8288,211,8499,0.0382267,-0.230597,-0.972298,1
6021,1363,47,178,0,360,95,8064,237,8301,0.0303689,-0.233689,-0.971837,1
5219,1194,28,177,0,351,93,7062,220,7282,0.0272348,-0.232035,-0.972326,1
5386,1199,34,184,0,343,92,7238,213,7451,0.021359,-0.227992,-0.973429,1
5078,1116,28,174,0,394,95,6885,201,7086,0.0319267,-0.238258,-0.970677,1
5309,991,19,113,0,243,62,6737,134,6871,0.0326114,-0.231297,-0.972336,1
3556,743,19,109,0,220,59,4706,137,4843,0.0403174,-0.239739,-0.97,1
5308,1117,48,166,0,359,91,7089,204,7293,0.0448145,-0.262353,-0.963931,1
5286,1213,28,180,0,347,95,7149,200,7349,0.0437441,-0.259653,-0.964711,1
5425,1352,28,197,0,391,131,7524,221,7745,0.0364934,-0.270384,-0.962061,1
5190,1579,28,221,0,440,122,7580,219,7799,0.0208562,-0.240862,-0.970335,1
5308,1365,20,170,0,334,90,7287,140,7427,0.0123548,-0.217207,-0.976047,1
5593,2269,35,402,0,694,182,9175,223,9398,0.0176522,-0.228258,-0.973441,1
5482,2273,31,290,0,563,156,8795,197,8992,0.0171521,-0.233101,-0.972301,1
5448,2255,28,306,0,603,166,8806,223,9029,0.0348346,-0.284908,-0.957922,1
5505,2765,35,446,0,779,202,9732,233,9965,0.0484049,-0.332969,-0.941695,1
5512,2574,28,332,0,662,183,9291,243,9534,0.0563232,-0.34972,-0.93516,1
5637,2686,28,348,0,699,192,9590,279,9869,0.0575521,-0.384347,-0.921393,1
5656,2874,27,361,0,726,201,9845,248,10093,0.0481814,-0.346138,-0.936946,1
5984,2885,29,399,0,749,205,10251,259,10510,0.0311987,-0.304984,-0.951846,1
5873,2948,29,384,0,766,212,10212,286,10498,0.0366753,-0.338981,-0.940078,1
5297,2664,27,353,0,721,201,9263,231,9494,0.0284456,-0.3134,-0.949195,1
6073,3119,32,404,0,796,218,10642,288,10930,0.00543372,-0.217597,-0.976023,1
5971,3147,29,388,0,786,216,10537,186,10723,-0.00541485,-0.201564,-0.97946,1
5297,2713,27,360,0,730,197,9324,246,9570,-0.0237137,-0.156693,-0.987363,1
5804,3073,30,387,0,782,238,10314,283,10597,-0.0393974,-0.123316,-0.991585,1
5623,3057,29,378,0,776,231,10094,290,10384,-0.0364406,-0.145926,-0.988624,1
5633,2949,50,386,0,767,209,9994,290,10284,-0.0352117,-0.152827,-0.987625,1
5700,2797,43,359,0,736,198,9833,372,10205,-0.0356838,-0.145571,-0.988704,1
5760,2690,31,363,0,716,194,9754,357,10111,-0.0349023,-0.149073,-0.98821,1
5781,2446,30,318,0,669,178,9422,395,9817,-0.0166291,-0.171112,-0.985111,1
5965,2173,29,289,0,601,160,9217,426,9643,-0.00899661,-0.191262,-0.981498,1
5817,1994,28,256,0,821,223,9139,483,9622,-0.0147,-0.228121,-0.973522,1
3993,1249,18,165,0,400,93,5918,179,6097,-0.0250042,-0.281478,-0.959242,1
6128,1622,24,213,0,481,119,8587,258,8845,-0.0306738,-0.331078,-0.943105,1
5849,1873,27,237,0,545,133,8664,265,8929,-0.0277624,-0.465342,-0.884696,1
5836,1468,18,186,0,398,96,8002,188,8190,-0.037043,-0.473746,-0.879882,1
3944,1314,13,142,0,310,74,5797,135,5932,-0.0332324,-0.494093,-0.868773,1
5736,2037,32,261,0,615,149,8830,255,9085,-0.0126517,-0.576564,-0.816954,1
6227,2194,33,323,0,582,154,9513,257,9770,0.0089198,-0.647956,-0.761626,1
5582,1931,28,249,0,541,138,8469,286,8755,0.00440857,-0.68397,-0.729497,1
5518,1601,31,224,0,526,131,8031,-1000,-1000,-1,-1,-1,1
5750,1328,30,193,0,396,130,7827,341,8168,0.00504156,-0.137556,-0.990481,1
4973,1068,30,152,0,305,104,6632,359,6991,0.0250444,-0.262129,-0.964708,1
5323,1047,32,156,0,362,88,7008,442,7450,0.0404312,-0.303319,-0.952031,1
5531,992,22,109,0,216,56,6926,244,7170,0.0333565,-0.302934,-0.952428,1
6160,1221,29,177,0,355,94,8036,341,8377,0.0240864,-0.285873,-0.957965,1
5620,1533,28,206,0,428,115,7930,343,8273,0.0190226,-0.305723,-0.95193,1
5789,1883,26,253,0,509,136,8596,310,8906,0.0183276,-0.282066,-0.95922,1
5473,2139,25,281,0,583,158,8659,282,8941,0.0155794,-0.309742,-0.950693,1
5643,2592,25,319,0,675,179,9433,292,9725,0.0227728,-0.267087,-0.963403,1
5779,2646,26,350,0,813,212,9826,249,10075,0.0453807,-0.38071,-0.92358,1
5911,2846,24,371,0,750,224,10126,222,10348,0.0283622,-0.302045,-0.952872,1
5625,3032,25,375,0,821,237,10115,239,10354,0.0188755,-0.314257,-0.94915,1
5796,2956,24,390,0,552,148,9866,138,10004,0.023757,-0.267194,-0.96335,1
5021,2776,22,340,0,697,239,9095,194,9289,0.0233426,-0.297185,-0.954535,1
5597,2994,24,382,0,841,218,10056,205,10261,0.0287442,-0.330265,-0.94345,1
5335,2933,25,395,0,810,229,9727,229,9956,0.0340419,-0.328098,-0.94403,1
5262,2956,26,372,0,770,210,9596,219,9815,0.024818,-0.302592,-0.952797,1
3655,1992,18,242,0,534,138,6579,171,6750,-0.000679314,-0.308477,-0.951232,1
5183,2663,25,330,0,955,250,9406,294,9700,-0.0268886,-0.430552,-0.902165,1
5130,2703,27,301,0,618,164,8943,248,9191,-0.0274801,-0.438604,-0.89826,1
3204,1005,14,139,0,288,76,4726,157,4883,-0.0113714,-0.353594,-0.93533,1
2698,821,15,131,0,241,60,3966,232,4198,-0.0081381,-0.327959,-0.944657,1
5614,1499,29,203,0,464,114,7923,553,8476,-0.020974,-0.460046,-0.887648,1
5639,1463,33,199,0,453,107,7894,483,8377,-0.0237695,-0.456395,-0.88946,1
3498,773,15,103,0,239,57,4685,222,4907,-0.0326077,-0.430761,-0.901877,1
2763,774,15,105,0,240,58,3955,188,4143,-0.0549961,-0.451061,-0.890797,1
5674,1613,29,225,0,508,128,8177,369,8546,-0.0958785,-0.505614,-0.857416,1
5570,1760,29,230,0,519,126,8234,361,8595,-0.145014,-0.542527,-0.827427,1
5519,1742,30,244,0,598,145,8278,329,8607,-0.188533,-0.592197,-0.783427,1
5325,1867,29,251,0,537,144,8153,-1000,-1000,-1,-1,-1,1
5307,1954,27,268,0,603,152,8311,396,8707,-0.0926623,-0.224522,-0.970053,1
2738,1105,11,150,0,322,84,4410,174,4584,-0.0812961,-0.256823,-0.963033,1
2467,1078,13,145,0,304,85,4092,112,4204,-0.0752088,-0.280341,-0.95695,1
6084,2352,33,314,0,646,171,9600,217,9817,-0.0959019,-0.439009,-0.89335,1
5171,2591,28,317,0,698,225,9030,266,9296,-0.0819954,-0.419828,-0.903892,1
3600,1359,15,153,0,306,82,5515,98,5613,-0.0418274,-0.369915,-0.928124,1
4872,1461,22,212,0,393,108,7068,138,7206,-0.0255817,-0.37238,-0.927728,1
5336,1304,48,186,0,364,100,7338,187,7525,-0.0213488,-0.399854,-0.91633,1
5518,1027,27,172,0,297,83,7124,185,7309,-0.0496925,-0.390539,-0.919244,1
5420,1135,39,218,0,457,135,7404,255,7659,-0.0805122,-0.378781,-0.921978,1
5424,1466,28,208,0,409,113,7648,209,7857,-0.0849477,-0.354745,-0.931096,1
5338,2130,35,402,0,764,166,8835,265,9100,-0.0486448,-0.338522,-0.9397,1
5918,2319,28,305,0,601,166,9337,246,9583,-0.0239763,-0.335043,-0.941898,1
5623,2575,28,328,0,656,180,9390,280,9670,-0.0226081,-0.32907,-0.944035,1
5767,2745,29,350,0,715,194,9800,291,10091,-0.0212962,-0.328907,-0.944122,1
4521,1932,28,249,0,499,136,7365,206,7571,-0.0177176,-0.312201,-0.949851,1
5574,2832,29,361,0,743,203,9742,305,10047,-0.0183778,-0.311496,-0.95007,1
5648,2841,30,357,0,750,199,9825,333,10158,-0.0085209,-0.313929,-0.949408,1
5978,2709,28,384,0,787,253,10139,352,10491,-0.0107752,-0.297415,-0.954688,1
5687,2593,35,407,0,740,190,9652,324,9976,-0.0195159,-0.308658,-0.950973,1
5800,2769,49,340,0,681,185,9824,310,10134,-0.0320725,-0.351763,-0.93554,1
5507,2207,26,288,0,596,160,8784,298,9082,-0.041394,-0.386307,-0.921441,1
5848,2257,43,286,0,585,163,9182,296,9478,-0.0386253,-0.485378,-0.873451,1
5107,2337,28,274,0,595,158,8499,207,8706,-0.0102374,-0.564402,-0.825437,1
5690,2079,34,285,0,593,155,8836,207,9043,0.0140636,-0.641395,-0.767082,1
5899,1982,29,258,0,561,143,8872,-1000,-1000,-1,-1,-1,1
5675,1684,24,203,0,459,105,8150,428,8578,0.00225132,-0.11999,-0.992773,1
3761,1048,18,138,0,323,80,5368,551,5919,-0.010595,-0.193514,-0.98104,1
5802,1869,36,304,0,573,147,8731,618,9349,-0.0175631,-0.325264,-0.94546,1
5903,1948,29,243,0,558,133,8814,528,9342,-0.0761635,-0.525951,-0.847097,1
6023,1949,29,248,0,569,142,8960,416,9376,-0.0838679,-0.565301,-0.82061,1
3059,1076,15,138,0,334,63,4685,165,4850,-0.0790578,-0.571833,-0.816552,1
2462,825,12,113,0,252,63,3727,145,3872,-0.0859135,-0.605373,-0.791291,1
5728,2006,32,265,0,598,148,8777,327,9104,-0.0988437,-0.682583,-0.724092,1
5660,1784,45,252,0,524,138,8403,-1000,-1000,-1,-1,-1,1
5615,1636,31,270,0,475,127,8154,313,8467,-0.0263489,-0.0966296,-0.994972,1
5570,1483,32,213,0,449,117,7864,405,8269,-0.0221848,-0.230013,-0.972935,1
5491,1349,45,190,0,387,102,7564,422,7986,-0.00778721,-0.29451,-0.955617,1
5692,1262,34,184,0,371,126,7669,380,8049,-0.00244054,-0.334142,-0.94252,1
5684,1422,29,199,0,427,110,7871,339,8210,0.00369485,-0.325462,-0.945548,1
5116,1644,27,226,0,498,130,7641,272,7913,0.000472697,-0.353804,-0.935319,1
5711,2266,26,296,0,620,165,9084,299,9383,-0.0056669,-0.330346,-0.943843,1
5874,2779,25,335,0,691,193,9897,292,10189,0.000288085,-0.334119,-0.942531,1
5680,2796,24,364,0,744,226,9834,282,10116,0.00630102,-0.327848,-0.944709,1
5688,2888,26,367,0,761,208,9938,277,10215,0.00717656,-0.344337,-0.938819,1
6169,2993,24,376,0,783,151,10496,244,10740,0.0073832,-0.378196,-0.925696,1
3806,2050,17,260,0,540,160,6833,221,7054,0.00365141,-0.341128,-0.94001,1
4913,2658,29,329,0,804,237,8970,279,9249,0.0123255,-0.35938,-0.93311,1
5123,2695,22,322,0,672,180,9014,318,9332,0.0243107,-0.344223,-0.938573,1
4689,2372,24,391,0,634,171,8281,308,8589,0.0272889,-0.337851,-0.940804,1
5404,2233,27,323,0,685,189,8861,472,9333,0.0353761,-0.352995,-0.934956,1
5496,1929,25,298,0,538,141,8427,412,8839,0.0297665,-0.351565,-0.93569,1
5839,1617,26,273,0,534,154,8443,530,8973,0.00589204,-0.394098,-0.91905,1
3826,1066,20,139,0,318,77,5446,331,5777,0.018715,-0.385051,-0.922705,1
5598,1518,30,206,0,490,116,7958,427,8385,0.0245522,-0.405099,-0.913943,1
5570,1605,30,219,0,492,150,8066,355,8421,0.0262951,-0.421371,-0.906507,1
5631,1694,29,233,0,518,128,8233,301,8534,0.0193707,-0.463426,-0.885924,1
5393,1919,37,336,0,623,143,8451,298,8749,0.0449084,-0.543584,-0.838153,1
5280,1851,49,334,0,556,147,8217,248,8465,0.0526674,-0.616618,-0.785499,1
5356,2135,35,351,0,579,155,8611,253,8864,0.0812185,-0.658832,-0.747893,1
5217,2139,29,293,0,615,164,8457,226,8683,0.121343,-0.668351,-0.733882,1
5264,2308,27,321,0,656,177,8753,239,8992,0.116346,-0.68984,-0.714552,1
5270,2494,30,334,0,717,187,9032,-1000,-1000,-1,-1,-1,1
5288,2347,28,319,0,659,178,8819,276,9095,-0.0061962,-0.229413,-0.97331,1
5177,2204,27,305,0,621,168,8502,271,8773,-0.0243974,-0.323501,-0.945913,1
5240,2181,26,217,0,403,108,8175,167,8342,-0.0224046,-0.284592,-0.958387,1
4804,1705,25,229,0,501,130,7394,229,7623,-0.0206518,-0.318411,-0.947728,1
5261,1519,30,226,0,454,123,7613,288,7901,-0.00365644,-0.330569,-0.943775,1
5269,1316,28,210,0,388,106,7317,257,7574,0.0031173,-0.325402,-0.945571,1
5353,1179,30,200,0,341,95,7198,258,7456,0.00353653,-0.320725,-0.947166,1
5176,1194,28,172,0,349,93,7012,254,7266,-0.0108982,-0.329192,-0.9442,1
5370,1259,30,194,0,363,101,7317,263,7580,-0.0133668,-0.319281,-0.947566,1
5475,1707,36,314,0,554,157,8243,300,8543,0.0136624,-0.323377,-0.946171,1
5422,1746,28,239,0,491,134,8060,288,8348,0.0281044,-0.303859,-0.952302,1
5837,2146,27,288,0,602,161,9061,301,9362,0.0417371,-0.335187,-0.941227,1
5782,2429,31,326,0,658,177,9403,356,9759,0.0446542,-0.352238,-0.934845,1
5928,2748,29,375,0,793,194,10067,292,10359,0.0373092,-0.310119,-0.949966,1
5628,2746,29,356,0,725,198,9682,331,10013,0.0392428,-0.269053,-0.962326,1
5070,2346,27,311,0,698,179,8631,310,8941,0.0402115,-0.287702,-0.956875,1
6588,2539,33,381,0,745,189,10475,351,10826,0.030683,-0.350376,-0.936107,1
5575,2271,28,299,0,632,167,8972,321,9293,0.0228703,-0.398405,-0.916925,1
5729,2014,32,279,0,576,150,8780,247,9027,0.00114095,-0.429128,-0.903243,1
5705,1898,25,244,0,568,137,8577,239,8816,-0.0229744,-0.460818,-0.887197,1
6464,1734,26,224,0,531,129,9108,264,9372,-0.035883,-0.49548,-0.867878,1
5792,1738,26,226,0,550,135,8467,287,8754,-0.0352352,-0.535911,-0.843539,1
6495,1908,23,239,0,581,145,9391,276,9667,-0.0299116,-0.59591,-0.802494,1
5770,2013,26,258,0,653,148,8868,297,9165,-0.0481691,-0.617618,-0.785002,1
6119,2095,25,271,0,631,154,9295,301,9596,-0.0639516,-0.63746,-0.767825,1
6721,2474,29,308,0,713,203,10448,295,10743,-0.0667967,-0.668752,-0.740479,1
6751,2471,31,381,0,651,132,10417,-1000,-1000,-1,-1,-1,1
3998,1470,22,262,0,432,110,6294,251,6545,-0.0172943,-0.0897661,-0.995813,1
4611,1408,22,194,0,410,108,6753,432,7185,-0.00604321,-0.266328,-0.963864,1
5912,2071,31,264,0,792,214,9284,619,9903,0.0146324,-0.370645,-0.928659,1
6012,1930,33,243,0,494,133,8845,368,9213,0.0244091,-0.464315,-0.885334,1
5611,1487,55,211,0,492,158,8014,351,8365,0.0363731,-0.571538,-0.819769,1
5734,1403,38,197,0,386,104,7862,232,8094,0.0400602,-0.661749,-0.748655,1
6612,1463,30,260,0,397,116,8878,229,9107,0.0583863,-0.60711,-0.79247,1
5677,1689,39,235,0,479,130,8249,240,8489,0.0545535,-0.618167,-0.784152,1
6168,2150,27,279,0,635,167,9426,241,9667,0.0440773,-0.615354,-0.787018,1
5790,2345,26,309,0,643,173,9286,261,9547,0.0400761,-0.571161,-0.819859,1
5614,3168,26,385,0,689,185,10067,253,10320,0.0418817,-0.493449,-0.868766,1
5764,2936,32,550,0,1032,211,10525,314,10839,0.0263835,-0.439528,-0.897841,1
5674,2813,24,375,0,812,213,9911,275,10186,0.0101609,-0.374756,-0.927068,1
5603,3320,27,396,0,779,213,10338,281,10619,0.00107975,-0.37527,-0.926915,1
5858,2888,25,413,0,761,210,10155,293,10448,0.000249759,-0.392058,-0.91994,1
5471,2869,30,568,0,1019,227,10184,354,10538,0.0147079,-0.391811,-0.919928,1
5808,2562,23,366,0,701,190,9650,322,9972,0.0329586,-0.399671,-0.916066,1
5259,2459,27,306,0,669,170,8890,317,9207,0.0403866,-0.375234,-0.92605,1
5275,2034,26,281,0,605,169,8390,346,8736,0.0427661,-0.347783,-0.936599,1
5337,1819,27,248,0,562,136,8129,397,8526,0.0301776,-0.313339,-0.949162,1
6178,1949,33,307,0,618,154,9239,538,9777,0.0241026,-0.303317,-0.952585,1
6249,1850,31,247,0,594,137,9108,620,9728,0.0182307,-0.299597,-0.953892,1
5775,1719,29,217,0,532,123,8395,581,8976,0.0170382,-0.290134,-0.956834,1
5788,1625,29,335,0,795,194,8766,729,9495,0.0311172,-0.280057,-0.959479,1
5361,2024,30,206,0,503,114,8238,517,8755,0.0464046,-0.286644,-0.956913,1
5976,1703,29,242,0,560,152,8662,497,9159,0.0459769,-0.300935,-0.952536,1
6453,1946,30,239,0,572,136,9376,451,9827,0.0446574,-0.287445,-0.956756,1
5611,1852,32,242,0,577,138,8452,381,8833,0.0370625,-0.309471,-0.950186,1
6210,2098,33,257,0,574,138,9310,298,9608,0.0335667,-0.305472,-0.951609,1
6289,2580,34,304,0,742,191,10140,328,10468,0.0502484,-0.391874,-0.918646,1
5242,1429,19,200,0,423,105,7418,148,7566,0.046634,-0.382887,-0.922618,1
2474,910,12,123,0,263,67,3849,95,3944,0.0489993,-0.399743,-0.915317,1
3000,1210,17,164,0,354,93,4838,134,4972,0.0661765,-0.476407,-0.876731,1
6208,2640,49,338,0,665,180,10080,236,10316,0.0741285,-0.543808,-0.835929,1
6023,2771,31,372,0,824,211,10232,305,10537,0.0786847,-0.613177,-0.786017,1
6176,2747,30,392,0,584,140,10069,195,10264,0.0912031,-0.686173,-0.721698,1
3930,1781,31,243,0,592,151,6728,-1000,-1000,-1,-1,-1,1
6109,2616,32,451,0,735,204,10147,239,10386,0.0355531,-0.246497,-0.968491,1
6026,2595,31,389,0,744,199,9984,272,10256,0.025427,-0.282493,-0.958932,1
6144,2462,33,355,0,682,186,9862,275,10137,0.0274379,-0.300329,-0.953441,1
6235,2219,28,266,0,592,167,9507,294,9801,0.0201551,-0.304291,-0.952366,1
5594,1645,35,236,0,538,128,8176,261,8437,0.0307525,-0.293198,-0.955557,1
5353,1386,26,193,0,420,117,7495,285,7780,0.0433681,-0.296666,-0.953996,1
2804,644,14,89,0,187,50,3788,138,3926,0.0453613,-0.312685,-0.948773,1
6213,1369,36,232,0,431,122,8403,293,8696,0.0419544,-0.341962,-0.938777,1
6170,1471,30,213,0,416,109,8409,274,8683,0.0396842,-0.349869,-0.935958,1
4044,1172,20,154,0,315,94,5799,215,6014,0.0357957,-0.339089,-0.940073,1
6304,1858,29,262,0,563,150,9166,286,9452,0.0321295,-0.304177,-0.952073,1
6117,2397,32,317,0,665,183,9711,332,10043,0.0355333,-0.284191,-0.958109,1
6425,2898,53,358,0,718,223,10675,371,11046,0.0322459,-0.26429,-0.963904,1
6516,2917,33,385,0,778,160,10789,271,11060,0.0386179,-0.264884,-0.963507,1
4368,1960,22,256,0,529,166,7301,268,7569,0.0462896,-0.249191,-0.967347,1
5672,2731,30,351,0,741,197,9722,341,10063,0.0645084,-0.252059,-0.965559,1
5839,2537,29,360,0,702,195,9662,326,9988,0.0532837,-0.2322,-0.971208,1
5646,2546,28,332,0,675,182,9409,375,9784,0.0401821,-0.266636,-0.962959,1
5574,2280,39,306,0,642,171,9012,404,9416,0.0422814,-0.314112,-0.948444,1
5717,2001,31,287,0,586,159,8781,353,9134,0.0890219,-0.482175,-0.87154,1
5754,1701,24,187,0,372,96,8134,184,8318,0.108583,-0.577753,-0.808957,1
2925,756,12,94,0,216,52,4055,95,4150,0.118708,-0.612284,-0.781676,1
2788,776,13,114,0,242,56,3989,94,4083,0.100848,-0.637632,-0.763712,1
5903,1640,27,214,0,508,119,8411,176,8587,0.0870517,-0.649369,-0.755474,1
5660,1837,27,231,0,542,145,8442,189,8631,0.0177162,-0.603249,-0.797356,1
6006,1890,26,241,0,585,133,8881,237,9118,-0.0331069,-0.613502,-0.788999,1
6273,1948,26,252,0,595,141,9235,248,9483,-0.0485074,-0.676577,-0.734772,1
5996,2077,28,268,0,608,149,9126,-1000,-1000,-1,-1,-1,1
4010,1282,14,170,0,329,83,5888,113,6001,-0.00321545,-0.071517,-0.997434,1
2481,914,13,123,0,262,79,3872,101,3973,-0.0103116,-0.147611,-0.988992,1
2660,1000,13,136,0,315,78,4202,212,4414,-0.0209994,-0.243778,-0.969604,1
5641,2095,30,286,0,594,155,8801,559,9360,-0.0171182,-0.328344,-0.944403,1
5608,1904,45,256,0,532,142,8487,427,8914,-0.00921038,-0.354522,-0.935002,1
5489,1599,30,229,0,555,166,8068,379,8447,0.0147061,-0.359222,-0.933136,1
5472,1338,29,195,0,396,106,7536,342,7878,0.0517537,-0.360617,-0.931277,1
5559,1198,32,174,0,349,91,7403,289,7692,0.0602668,-0.33183,-0.941412,1
5558,1307,29,199,0,392,103,7588,276,7864,0.043958,-0.29767,-0.953656,1
5970,1653,27,258,0,481,130,8519,281,8800,0.049872,-0.29039,-0.955608,1
5575,2015,26,272,0,571,173,8632,273,8905,0.0465336,-0.302158,-0.952121,1
5641,2860,25,321,0,643,176,9666,234,9900,0.0468106,-0.340598,-0.939043,1
5761,2636,26,344,0,698,186,9651,266,9917,0.0397492,-0.376892,-0.925404,1
6288,2850,25,364,0,750,249,10526,225,10751,0.0323021,-0.382335,-0.923459,1
5615,2798,25,361,0,746,201,9746,236,9982,0.0294561,-0.355126,-0.934354,1
5522,2940,29,355,0,737,199,9782,243,10025,0.028898,-0.332406,-0.942694,1
5548,3248,27,343,0,757,210,10133,287,10420,0.0226864,-0.335171,-0.941884,1
6087,2930,26,332,0,818,213,10406,290,10696,0.0258322,-0.430643,-0.902152,1
4550,1490,15,179,0,281,76,6591,126,6717,0.0297155,-0.360248,-0.932383,1
1686,615,8,83,0,191,47,2630,97,2727,0.0272024,-0.337891,-0.940792,1
5063,1988,33,256,0,477,117,7934,353,8287,0.00331412,-0.36345,-0.931608,1
5869,1591,29,211,0,479,117,8296,525,8821,-0.00264129,-0.504985,-0.863124,1
5843,1542,29,204,0,513,134,8265,566,8831,0.005171,-0.486317,-0.873767,1
3500,806,29,110,0,257,60,4762,262,5024,0.00588823,-0.393747,-0.9192,1
2834,807,16,110,0,254,60,4081,238,4319,-0.00402108,-0.342136,-0.939642,1
6396,1943,33,262,0,693,152,9479,494,9973,0.00770119,-0.336631,-0.941605,1
6142,2056,34,264,0,565,131,9192,447,9639,0.00690783,-0.313931,-0.949421,1
6386,2137,40,283,0,681,157,9684,485,10169,0.0179471,-0.3083,-0.95112,1
5465,1849,50,256,0,587,141,8348,287,8635,0.00356333,-0.302984,-0.952989,1
5482,1923,31,266,0,579,147,8428,231,8659,0.00578222,-0.330034,-0.943952,1
6158,2284,34,341,0,661,174,9652,263,9915,0.0440931,-0.409078,-0.911434,1
5863,2474,46,301,0,712,184,9580,288,9868,0.0635442,-0.479741,-0.875106,1
6100,2723,30,365,0,762,202,10182,232,10414,0.0776851,-0.538496,-0.83904,1
5330,2556,25,354,0,710,190,9165,259,9424,0.10263,-0.58281,-0.806101,1
6107,2723,27,339,0,698,187,10081,221,10302,0.111337,-0.654012,-0.748246,1
5286,2395,28,329,0,698,185,8921,-1000,-1000,-1,-1,-1,1
5305,2282,26,310,0,640,172,8735,209,8944,0.0195089,-0.233759,-0.972099,1
5576,2320,25,334,0,620,169,9044,218,9262,0.034525,-0.289917,-0.956429,1
5344,2123,26,287,0,599,163,8542,218,8760,0.0333499,-0.310162,-0.950099,1
5361,2112,28,286,0,562,152,8501,241,8742,0.0377257,-0.304018,-0.951919,1
5355,1893,29,257,0,513,140,8187,222,8409,0.0477497,-0.317762,-0.946967,1
5409,1540,28,226,0,462,124,7789,234,8023,0.0515146,-0.316879,-0.947066,1
6126,1597,33,232,0,463,145,8596,218,8814,0.0722435,-0.321581,-0.944122,1
5948,1360,32,207,0,459,121,8127,221,8348,0.0875008,-0.321358,-0.942907,1
5918,1260,31,193,0,375,100,7877,258,8135,0.0979948,-0.356957,-0.928966,1
5849,1315,30,191,0,397,100,7882,233,8115,0.0861365,-0.348768,-0.933243,1
5914,1408,31,207,0,396,106,8062,250,8312,0.0758894,-0.342346,-0.936504,1
5998,1712,31,234,0,462,124,8561,265,8826,0.0484604,-0.325103,-0.944436,1
5823,1930,27,242,0,487,133,8642,272,8914,0.0178869,-0.29423,-0.955567,1
5862,2216,29,327,0,576,162,9172,263,9435,0.0148195,-0.306753,-0.951674,1
4007,1672,20,231,0,441,120,6491,191,6682,0.0135531,-0.258247,-0.965984,1
6756,2816,28,396,0,755,145,10896,195,11091,0.0203045,-0.252163,-0.967472,1
5649,2572,29,339,0,706,188,9483,280,9763,0.00350444,-0.254465,-0.967076,1
6513,2807,31,371,0,767,211,10700,356,11056,0.000380446,-0.3545,-0.935056,1
5844,1746,27,230,0,488,130,8465,226,8691,0.00794561,-0.376906,-0.926217,1
2555,967,15,128,0,272,70,4007,154,4161,0.0180549,-0.426866,-0.904134,1
2875,961,14,129,0,286,75,4340,138,4478,0.0251287,-0.522676,-0.852161,1
6617,2083,33,273,0,599,165,9770,305,10075,0.0166598,-0.628165,-0.777902,1
6453,1898,33,260,0,576,141,9361,222,9583,-0.00145815,-0.676312,-0.736613,1
7568,1296,27,195,0,449,94,9629,138,9767,-0.0417586,-0.663232,-0.747248,1
3242,1018,15,127,0,297,70,4769,112,4881,-0.0619048,-0.648812,-0.758427,1
5461,1720,23,239,0,490,117,8050,167,8217,-0.0663409,-0.685892,-0.724673,1
5247,1633,23,218,0,527,120,7768,-1000,-1000,-1,-1,-1,1
6631,2095,30,360,0,691,162,9969,680,10649,-0.00224373,-0.0565376,-0.998398,1
5827,1967,30,249,0,632,180,8885,802,9687,0.00872544,-0.0861758,-0.996242,1
6287,2125,29,276,0,670,160,9547,919,10466,0.0125306,-0.0849197,-0.996309,1
5627,1873,27,248,0,594,141,8510,819,9329,0.0122707,-0.0704643,-0.997439,1
6482,2194,30,276,0,665,160,9807,906,10713,0.00120505,-0.0350462,-0.999385,1
5780,1536,28,269,0,469,110,8192,531,8723,-0.00514057,-0.0358816,-0.999343,1
2568,867,10,112,0,280,65,3902,323,4225,-0.00675758,-0.0459036,-0.998923,1
5170,1752,25,226,0,535,129,7837,687,8524,-0.0184282,-0.0544763,-0.998345,1
5694,1971,27,247,0,633,148,8720,777,9497,-0.015213,-0.0795746,-0.996713,1
5648,1444,18,193,0,411,99,7813,510,8323,-0.00739481,-0.0771215,-0.996994,1
2730,848,12,119,0,271,63,4043,325,4368,-0.00745782,-0.0717952,-0.997392,1
2288,818,10,103,0,246,59,3524,307,3831,0.0011602,-0.0625318,-0.998042,1
5890,2037,25,248,0,593,143,8936,770,9706,0.00305424,-0.0499234,-0.998748,1
5696,1993,32,267,0,667,148,8803,786,9589,0.00210626,-0.0472418,-0.998881,1
5685,1952,26,250,0,597,144,8654,806,9460,0.00505433,-0.0557986,-0.998429,1
6400,2255,26,259,0,580,145,9665,754,10419,0.0388679,-0.0590043,-0.997501,1
5560,1927,25,242,0,579,139,8472,739,9211,0.0479694,-0.0490676,-0.997643,1
6065,1886,25,292,0,572,140,8980,727,9707,0.0231012,-0.0388966,-0.998976,1
6419,2165,32,265,0,567,166,9614,825,10439,0.0190034,-0.0378319,-0.999103,1
5821,1828,18,172,0,398,96,8333,531,8864,0.0215378,-0.0633705,-0.997758,1
2921,806,13,104,0,250,59,4153,325,4478,0.0119298,-0.0776653,-0.996908,1
2651,925,13,118,0,283,67,4057,353,4410,0.00196725,-0.0819009,-0.996638,1
6082,2176,60,251,0,585,142,9296,741,10037,-0.00327537,-0.0799568,-0.996793,1
6473,2058,26,250,0,662,181,9650,811,10461,0.0101046,-0.101358,-0.994799,1
5569,1323,18,175,0,409,99,7593,538,8131,0.0136531,-0.106527,-0.994216,1
2535,810,10,107,0,258,61,3781,322,4103,0.0147364,-0.102968,-0.994576,1
5659,2052,27,257,0,611,150,8756,758,9514,0.0193697,-0.119801,-0.992609,1
5929,1969,25,256,0,605,145,8929,730,9659,0.0186412,-0.132049,-0.991068,1
5830,1995,26,298,0,655,262,9066,901,9967,0.0110526,-0.144121,-0.989498,1
5949,2082,25,263,0,617,148,9084,589,9673,-0.000995673,-0.167257,-0.985913,1
5836,2090,26,267,0,613,152,8984,859,9843,0.00425484,-0.261988,-0.965062,1
5816,2064,45,272,0,605,154,8956,945,9901,0.0136736,-0.297926,-0.954491,1
6828,2356,30,311,0,684,174,10383,841,11224,0.0209959,-0.344133,-0.938686,1
6437,1969,27,266,0,590,171,9460,604,10064,0.0253046,-0.374858,-0.926737,1
3976,1393,19,182,0,394,102,6066,341,6407,0.0340815,-0.427479,-0.903382,1
6267,2040,35,283,0,633,165,9423,424,9847,0.0337556,-0.468797,-0.882661,1
6719,1926,33,269,0,550,146,9643,378,10021,0.00832778,-0.526993,-0.849829,1
4173,1190,22,161,0,356,91,5993,216,6209,-0.0181465,-0.592925,-0.805053,1
6651,1653,33,227,0,464,122,9150,-1000,-1000,-1,-1,-1,1
6105,1288,30,186,0,382,101,8092,293,8385,0.00159246,-0.126013,-0.992027,1
5709,1327,36,187,0,384,102,7745,335,8080,0.00918199,-0.299565,-0.954032,1
5631,1538,29,232,0,466,121,8017,325,8342,0.0171842,-0.367353,-0.929923,1
5550,1735,28,240,0,500,133,8186,306,8492,0.0312803,-0.369551,-0.928684,1
5543,2060,26,274,0,568,151,8622,276,8898,0.0345661,-0.306089,-0.951375,1
5750,2300,25,304,0,666,177,9222,281,9503,0.031099,-0.30194,-0.95282,1
5682,2555,25,344,0,694,188,9488,296,9784,0.0256591,-0.323381,-0.945921,1
5564,2733,40,356,0,752,207,9652,294,9946,0.0204447,-0.299084,-0.954008,1
5550,2877,24,368,0,763,206,9788,310,10098,0.0102924,-0.317324,-0.948261,1
5534,2923,26,366,0,765,226,9840,293,10133,0.00501331,-0.345177,-0.938524,1
5306,2870,24,367,0,759,223,9549,303,9852,-0.000209768,-0.354248,-0.935152,1
5372,2927,25,358,0,747,200,9629,313,9942,-0.000502879,-0.377079,-0.926181,1
5391,2633,25,331,0,691,185,9256,334,9590,0.00755915,-0.380941,-0.924568,1
3613,1714,32,211,0,442,116,6128,240,6368,0.0145085,-0.364442,-0.931113,1
5317,2118,26,283,0,670,157,8571,372,8943,0.0153755,-0.370449,-0.928726,1
5399,1961,27,257,0,649,150,8443,469,8912,0.00594613,-0.341303,-0.939934,1
5665,1895,29,250,0,582,153,8574,530,9104,-0.018119,-0.346449,-0.937894,1
6215,1969,29,254,0,562,136,9165,545,9710,-0.0179369,-0.34513,-0.938383,1
6036,1871,49,248,0,614,141,8959,553,9512,0.00983115,-0.389886,-0.920811,1
6330,2143,33,282,0,647,156,9591,496,10087,0.0114846,-0.385265,-0.922734,1
5505,1892,30,249,0,579,137,8392,421,8813,0.0315852,-0.395519,-0.917915,1
5638,1881,29,251,0,576,140,8515,381,8896,0.0434358,-0.386684,-0.921189,1
5466,2019,28,276,0,630,151,8570,278,8848,0.0304957,-0.397654,-0.917029,1
6060,2179,51,279,0,613,177,9359,243,9602,0.00196662,-0.427763,-0.903889,1
5425,2129,27,292,0,634,177,8684,244,8928,-0.0244553,-0.465499,-0.88471,1
6091,2139,28,294,0,637,198,9387,294,9681,-0.0411112,-0.502365,-0.863678,1
6230,2543,35,320,0,724,206,10058,326,10384,-0.0476341,-0.556583,-0.829426,1
6436,2865,32,374,0,787,259,10753,319,11072,-0.0350222,-0.596059,-0.802177,1
5577,2572,27,342,0,713,190,9421,284,9705,-0.0236247,-0.646328,-0.762694,1
3653,1895,19,275,0,500,134,6476,186,6662,-0.000357955,-0.681459,-0.731856,1
6031,2564,46,343,0,810,197,9991,-1000,-1000,-1,-1,-1,1
5364,2482,30,356,0,680,185,9097,235,9332,0.0174988,-0.193318,-0.98098,1
5995,2654,31,391,0,755,204,10030,249,10279,0.0231835,-0.269306,-0.962776,1
5270,2272,28,306,0,624,180,8680,217,8897,0.046096,-0.340182,-0.939229,1
6273,2319,29,413,0,655,181,9870,221,10091,0.051848,-0.351417,-0.934782,1
6102,2171,31,297,0,613,185,9399,238,9637,0.0494344,-0.363158,-0.930415,1
6230,1965,33,274,0,549,174,9225,264,9489,0.0488893,-0.340425,-0.939,1
2992,1168,17,122,0,292,68,4659,104,4763,0.0401993,-0.31353,-0.948727,1
2297,623,12,88,0,181,49,3250,107,3357,0.0268681,-0.294512,-0.95527,1
6176,1511,30,213,0,436,116,8482,291,8773,0.024053,-0.314104,-0.949084,1
5946,1321,30,192,0,385,135,8009,294,8303,0.0226782,-0.31021,-0.950397,1
6121,1361,40,193,0,458,112,8285,293,8578,0.0383341,-0.347242,-0.936992,1
4006,1033,20,141,0,284,78,5562,195,5757,0.0461364,-0.330868,-0.942548,1
6279,2058,30,263,0,570,151,9351,322,9673,0.0613246,-0.341278,-0.93796,1
5637,2237,28,298,0,631,168,8999,396,9395,0.046074,-0.314924,-0.947998,1
3891,1785,21,256,0,470,130,6553,220,6773,0.043309,-0.283537,-0.957983,1
5972,2733,38,383,0,729,198,10053,333,10386,0.0330126,-0.289076,-0.956737,1
5784,2735,30,352,0,715,196,9812,318,10130,0.0183856,-0.310481,-0.950402,1
5087,2302,26,342,0,631,171,8559,275,8834,0.0359628,-0.367921,-0.929161,1
5231,2142,26,285,0,625,173,8482,261,8743,0.0262666,-0.413437,-0.910154,1
5770,2292,30,300,0,634,165,9191,249,9440,0.0010523,-0.407378,-0.913259,1
5908,2735,31,315,0,611,162,9762,256,10018,-0.0339738,-0.405115,-0.913634,1
5776,2269,27,293,0,622,159,9146,272,9418,-0.0449779,-0.417059,-0.907766,1
6533,2122,27,277,0,613,153,9725,282,10007,-0.065407,-0.421729,-0.90436,1
5724,2143,28,278,0,664,158,8995,304,9299,-0.0969339,-0.447671,-0.888929,1
6751,2216,26,282,0,635,156,10066,268,10334,-0.118723,-0.479561,-0.86944,1
5604,2360,32,318,0,650,159,9123,248,9371,-0.122886,-0.511654,-0.850358,1
5834,2176,27,282,0,648,156,9123,245,9368,-0.145844,-0.541226,-0.828133,1
5757,2222,45,284,0,652,163,9123,281,9404,-0.131023,-0.60032,-0.788955,1
5693,2179,26,278,0,645,155,8976,304,9280,-0.125009,-0.651967,-0.747871,1
5724,2245,25,305,0,637,120,9056,-1000,-1000,-1,-1,-1,1
5125,2078,44,270,0,605,150,8272,226,8498,-0.0190894,-0.132211,-0.991038,1
5707,2266,29,303,0,639,164,9108,357,9465,-0.0269049,-0.298161,-0.954136,1
5547,2158,34,290,0,587,158,8774,409,9183,0.0177382,-0.375506,-0.92665,1
5471,1689,32,231,0,463,124,8010,347,8357,0.0372297,-0.386763,-0.921427,1
6487,1206,30,179,0,365,96,8363,330,8693,0.0399846,-0.398728,-0.916197,1
6267,1296,33,191,0,385,104,8276,369,8645,0.0448541,-0.406968,-0.91234,1
6172,1689,33,234,0,480,128,8736,382,9118,0.0449486,-0.41568,-0.9084,1
6515,2227,32,264,0,589,113,9740,218,9958,0.0457195,-0.397193,-0.916596,1
4677,1765,18,219,0,476,130,7285,191,7476,0.0373709,-0.338252,-0.940313,1
7334,2662,23,342,0,683,181,11225,248,11473,0.0421985,-0.35649,-0.933346,1
5727,2606,23,340,0,758,225,9679,258,9937,0.0461397,-0.327825,-0.943611,1
3899,1926,31,247,0,504,140,6747,191,6938,0.0473088,-0.310567,-0.949373,1
5584,2995,24,364,0,741,202,9910,286,10196,0.0484483,-0.300461,-0.952563,1
5786,2897,24,363,0,661,140,9871,229,10100,0.0467173,-0.310046,-0.949573,1
6351,3245,28,405,0,837,226,11092,321,11413,0.0397918,-0.393915,-0.918285,1
2964,1381,12,173,0,347,94,4971,171,5142,0.0309163,-0.324924,-0.945235,1
1953,1044,10,131,0,294,85,3517,118,3635,0.0360203,-0.296295,-0.954417,1
5227,2734,26,344,0,759,213,9303,307,9610,0.0472127,-0.363227,-0.930504,1
4642,1782,19,227,0,493,135,7298,223,7521,0.0372767,-0.293643,-0.955188,1
2751,1324,14,165,0,356,92,4702,173,4875,0.0235846,-0.28455,-0.958371,1
5431,2477,55,310,0,657,172,9102,369,9471,0.00730362,-0.331458,-0.943442,1
5618,2449,28,303,0,659,169,9226,443,9669,-0.00976638,-0.319684,-0.947474,1
5686,2322,29,310,0,655,167,9169,570,9739,-0.00246861,-0.296392,-0.955063,1
5790,2221,27,413,0,940,197,9588,653,10241,-3.87484e-05,-0.410601,-0.911815,1
5678,2191,29,312,0,640,161,9011,588,9599,0.0192693,-0.409748,-0.911995,1
3750,1280,17,150,0,330,82,5609,278,5887,0.0122744,-0.348628,-0.937181,1
2399,863,13,122,0,252,62,3711,184,3895,0.0161473,-0.319498,-0.947449,1
5491,1977,31,255,0,575,142,8471,388,8859,0.027204,-0.331587,-0.943032,1
5805,1971,30,301,0,904,151,9162,358,9520,0.0140202,-0.378849,-0.925352,1
5356,1417,20,188,0,438,107,7526,198,7724,-0.00982376,-0.343031,-0.939273,1
2628,888,13,123,0,261,67,3980,95,4075,0.00113203,-0.307375,-0.951588,1
5525,2149,30,292,0,654,193,8843,212,9055,-0.00345229,-0.358327,-0.93359,1
5463,2318,28,349,0,688,171,9017,200,9217,-0.00679905,-0.406104,-0.913802,1
5605,2409,26,317,0,663,173,9193,214,9407,-0.00833959,-0.469343,-0.882977,1
3748,1669,36,304,0,480,129,6366,187,6553,-0.0111849,-0.517247,-0.855763,1
5020,2350,24,332,0,636,172,8534,213,8747,0.00231541,-0.58846,-0.808523,1
5419,2568,28,346,0,714,189,9264,257,9521,0.0116251,-0.652017,-0.758115,1
5327,2477,27,335,0,703,194,9063,237,9300,0.0284225,-0.705488,-0.708152,1
5378,2475,26,335,0,695,185,9094,-1000,-1000,-1,-1,-1,1
5420,2420,25,395,0,941,217,9418,244,9662,0.00911206,-0.251978,-0.96769,1
4505,1589,18,220,0,449,122,6903,167,7070,0.0134647,-0.283715,-0.958814,1
5290,2300,26,306,0,626,169,8717,237,8954,0.0178169,-0.30735,-0.95143,1
5483,2083,25,322,0,603,163,8679,221,8900,0.0487905,-0.34324,-0.937979,1
4421,1347,18,172,0,352,94,6404,142,6546,0.0697401,-0.365859,-0.928053,1
5373,1444,26,202,0,417,110,7572,215,7787,0.0768782,-0.426976,-0.900989,1
6032,1359,30,195,0,415,114,8145,246,8391,0.0685457,-0.411528,-0.908816,1
5242,1263,27,181,0,358,97,7168,265,7433,0.0372469,-0.392446,-0.91902,1
6161,1725,30,262,0,483,132,8793,325,9118,0.0415875,-0.512848,-0.857472,1
6277,1730,20,197,0,389,107,8720,205,8925,0.03997,-0.468852,-0.882372,1
2855,1031,10,137,0,281,76,4390,115,4505,0.0491306,-0.407741,-0.911775,1
2258,1082,12,141,0,304,80,3877,121,3998,0.0607862,-0.408659,-0.91066,1
5682,2655,28,400,0,718,198,9681,270,9951,0.0722473,-0.507909,-0.858376,1
5843,2681,31,401,0,719,195,9870,234,10104,0.047752,-0.579118,-0.813844,1
5884,2838,31,376,0,779,199,10107,175,10282,0.0322039,-0.701697,-0.711747,1
5737,2740,37,348,0,727,201,9790,-1000,-1000,-1,-1,-1,1
5996,2792,36,347,0,771,250,10192,496,10688,0.0281887,-0.196761,-0.980046,1
7021,2727,29,347,0,780,199,11103,679,11782,0.0447066,-0.266376,-0.962832,1
6885,3883,31,394,0,925,241,12359,558,12917,0.0467442,-0.410837,-0.91051,1
4250,1755,14,180,0,413,101,6713,260,6973,0.034572,-0.421811,-0.906024,1
5789,2559,26,318,0,756,181,9629,427,10056,0.0267373,-0.433778,-0.900623,1
5854,2444,26,306,0,734,174,9538,421,9959,0.0204016,-0.465886,-0.884609,1
5854,2249,26,292,0,670,164,9255,440,9695,0.0147009,-0.522072,-0.852774,1
5244,1975,22,261,0,593,146,8241,330,8571,0.0117105,-0.569339,-0.82202,1
6570,2453,27,300,0,746,199,10295,380,10675,0.0200364,-0.699,-0.714841,1
4003,1459,15,158,0,349,88,6072,174,6246,0.0129068,-0.706324,-0.707771,1
3051,1172,16,156,0,337,88,4820,155,4975,0.00602683,-0.701916,-0.712234,1
2385,906,14,123,0,268,67,3763,-1000,-1000,-1,-1,-1,1
5683,1766,32,248,0,516,138,8383,328,8711,-0.037947,-0.198528,-0.97936,1
6199,1477,32,210,0,466,119,8503,369,8872,-0.0350065,-0.393879,-0.918496,1
6218,1289,29,184,0,380,100,8200,370,8570,-0.00187287,-0.48014,-0.87719,1
6331,1330,41,197,0,400,105,8404,354,8758,0.014754,-0.448596,-0.893613,1
6340,1380,32,216,0,437,114,8519,320,8839,0.0293478,-0.392023,-0.919487,1
6286,1623,30,248,0,476,123,8786,378,9164,0.0556075,-0.327629,-0.943169,1
6233,1876,29,271,0,542,139,9090,316,9406,0.0710919,-0.324926,-0.943064,1
6464,2283,28,295,0,636,173,9879,314,10193,0.0806046,-0.299826,-0.950582,1
6304,2583,31,449,0,709,184,10260,267,10527,0.0891962,-0.284082,-0.954642,1
4317,1942,20,244,0,518,138,7179,150,7329,0.0922282,-0.238222,-0.966822,1
6472,3138,28,367,0,862,233,11100,226,11326,0.0894731,-0.335753,-0.937691,1
6107,3277,32,416,0,838,226,10896,219,11115,0.077838,-0.308307,-0.948097,1
5718,3669,26,437,0,913,244,11007,210,11217,0.0765799,-0.350592,-0.933392,1
5625,3702,26,446,0,941,249,10989,214,11203,0.0381272,-0.362961,-0.931024,1
6478,4255,30,491,0,988,256,12498,265,12763,0.0294623,-0.397577,-0.917096,1
5581,3940,28,459,0,1017,267,11292,275,11567,0.0209746,-0.411101,-0.911348,1
5758,3988,30,460,0,969,282,11487,302,11789,0.0153974,-0.400283,-0.916262,1
6153,3892,29,458,0,969,258,11759,414,12173,0.0127506,-0.371055,-0.928523,1
5475,3271,26,392,0,847,221,10232,490,10722,0.00494401,-0.360757,-0.932647,1
6888,3878,35,456,0,966,172,12395,386,12781,0.0194317,-0.389057,-0.921009,1
5861,2985,31,369,0,832,207,10285,450,10735,0.01287,-0.380928,-0.924515,1
5831,2710,31,373,0,753,200,9898,410,10308,0.00196822,-0.35315,-0.935565,1
6575,2768,35,390,0,809,200,10777,466,11243,0.0226793,-0.347366,-0.937455,1
6289,2673,62,322,0,704,189,10239,441,10680,0.0480504,-0.380658,-0.923467,1
6382,2739,35,363,0,792,205,10516,371,10887,0.0838968,-0.452306,-0.887908,1
6086,2450,56,321,0,679,177,9769,317,10086,0.0752411,-0.482652,-0.872574,1
6468,2520,32,348,0,720,190,10278,298,10576,0.0751291,-0.52152,-0.849925,1
5998,2806,29,335,0,783,216,10167,239,10406,0.0842991,-0.604195,-0.792365,1
6514,3014,27,380,0,851,193,10979,253,11232,0.0874524,-0.696762,-0.711951,1
3140,1338,13,145,0,304,82,5022,-1000,-1000,-1,-1,-1,1
3299,1344,16,185,0,380,102,5326,129,5455,0.0233142,-0.20863,-0.977717,1
5791,2176,28,290,0,587,159,9031,226,9257,0.0290799,-0.302625,-0.952666,1
5461,1812,27,339,0,766,211,8616,288,8904,0.0229715,-0.312716,-0.949569,1
5404,1525,28,220,0,454,119,7750,226,7976,0.0248587,-0.313815,-0.949159,1
6109,1446,26,202,0,456,130,8369,219,8588,0.0324051,-0.310983,-0.949863,1
5412,1357,27,186,0,381,104,7467,213,7680,0.0524576,-0.296776,-0.953505,1
5738,1385,44,196,0,393,105,7861,203,8064,0.0736952,-0.317003,-0.945557,1
5316,1576,26,215,0,437,118,7688,192,7880,0.0677426,-0.297554,-0.952299,1
5420,1822,28,244,0,534,141,8189,220,8409,0.00430015,-0.30281,-0.953041,1
5649,2405,27,294,0,588,159,9122,262,9384,-0.0128528,-0.297448,-0.954652,1
5589,2481,47,326,0,702,186,9331,345,9676,-0.0317036,-0.23884,-0.970541,1
5668,2907,20,296,0,530,143,9564,227,9791,-0.0403366,-0.212533,-0.976321,1
5271,2998,28,369,0,759,206,9631,308,9939,-0.0525906,-0.162345,-0.985331,1
5994,3464,30,467,0,905,250,11110,392,11502,-0.0584633,-0.151375,-0.986746,1
6031,3595,32,458,0,981,258,11355,373,11728,-0.0815053,-0.11083,-0.990492,1
6060,3598,31,452,0,944,256,11341,389,11730,-0.0905398,-0.129251,-0.98747,1
6378,3655,28,454,0,933,254,11702,281,11983,-0.107868,-0.128291,-0.985853,1
3990,2462,19,310,0,618,167,7566,170,7736,-0.105606,-0.153486,-0.982491,1
5853,3644,30,424,0,894,235,11080,197,11277,-0.0859592,-0.230223,-0.969334,1
5931,3491,31,447,0,867,236,11003,218,11221,-0.127353,-0.360515,-0.924019,1
5017,2413,20,259,0,485,124,8318,126,8444,-0.160295,-0.316402,-0.934984,1
2490,1397,11,159,0,317,84,4458,93,4551,-0.18074,-0.275518,-0.944152,1
2258,1268,11,155,0,337,88,4117,117,4234,-0.199194,-0.291263,-0.935675,1
6092,3320,28,393,0,903,251,10987,277,11264,-0.204487,-0.341754,-0.917273,1
6019,3250,28,389,0,882,220,10788,270,11058,-0.212119,-0.39663,-0.893135,1
5583,2787,23,335,0,770,190,9688,260,9948,-0.203229,-0.476662,-0.855273,1
6062,2836,26,340,0,828,194,10286,302,10588,-0.188311,-0.635907,-0.748439,1
4059,1308,13,163,0,403,95,6041,146,6187,-0.190296,-0.664335,-0.722804,1
2086,850,12,113,0,208,51,3320,96,3416,-0.191116,-0.664929,-0.722042,1
1795,723,9,92,0,206,52,2877,-1000,-1000,-1,-1,-1,1
5939,2451,29,314,0,712,177,9622,245,9867,-0.018405,-0.285569,-0.958181,1
3935,1739,16,169,0,381,97,6337,371,6708,-0.00537067,-0.200053,-0.97977,1
3104,1353,28,174,0,377,99,5135,349,5484,-0.00656382,-0.151719,-0.988402,1
5820,2488,31,327,0,707,180,9553,607,10160,0.0183806,-0.168511,-0.985528,1
5612,2158,31,289,0,627,163,8880,516,9396,0.0137627,-0.206743,-0.978299,1
5668,1744,49,236,0,496,137,8330,520,8850,0.00640561,-0.213857,-0.976844,1
5895,1486,34,213,0,445,115,8188,489,8677,-0.00121496,-0.212436,-0.977174,1
5797,1640,32,223,0,506,130,8328,540,8868,-0.00720549,-0.221831,-0.975058,1
5879,2359,28,293,0,637,179,9375,509,9884,0.00412865,-0.254827,-0.966978,1
5496,2836,25,363,0,738,194,9652,428,10080,0.00880474,-0.25324,-0.967363,1
6473,4015,27,501,0,1030,269,12315,493,12808,0.00723603,-0.24559,-0.969347,1
6261,4465,26,524,0,1138,337,12751,518,13269,0.0078215,-0.255077,-0.966889,1
5586,4301,23,512,0,1109,301,11832,471,12303,0.0221805,-0.243763,-0.969581,1
6275,4894,26,587,0,1206,336,13324,539,13863,0.0273721,-0.241535,-0.970006,1
6205,4890,25,622,0,1073,233,13048,361,13409,0.0161148,-0.246865,-0.968916,1
4231,3427,17,432,0,846,223,9176,384,9560,0.0111495,-0.232234,-0.972596,1
6051,4683,26,562,0,1224,331,12877,492,13369,0.0227367,-0.248017,-0.968489,1
6092,4703,36,551,0,1162,308,12852,420,13272,0.0328497,-0.271465,-0.961887,1
4079,3111,43,359,0,752,201,8545,240,8785,0.0342538,-0.276311,-0.960458,1
5984,4200,28,479,0,1029,273,11993,340,12333,0.0536075,-0.293816,-0.954357,1
5885,4123,28,494,0,1052,280,11862,311,12173,0.0630688,-0.297199,-0.95273,1
6014,4085,27,474,0,1007,265,11872,299,12171,0.0532245,-0.304955,-0.950878,1
6039,4062,29,472,0,1010,267,11879,289,12168,0.0359615,-0.304597,-0.951802,1
4213,2795,21,331,0,743,193,8296,303,8599,0.0313984,-0.298747,-0.953816,1
6063,3919,31,536,0,1026,271,11846,553,12399,0.0403137,-0.297298,-0.953933,1
6131,3717,32,445,0,972,270,11567,587,12154,0.0309803,-0.28606,-0.957711,1
5990,3492,33,418,0,955,235,11123,585,11708,0.0356189,-0.277815,-0.959974,1
4142,2339,22,289,0,603,154,7549,364,7913,0.0349175,-0.258985,-0.96525,1
5843,3104,30,346,0,893,235,10451,639,11090,0.0306857,-0.259607,-0.965227,1
5753,2954,34,366,0,713,141,9961,320,10281,0.024282,-0.260119,-0.965271,1
5269,2540,29,323,0,702,176,9039,362,9401,0.0180729,-0.264969,-0.964087,1
5760,2709,38,334,0,739,183,9763,471,10234,0.02071,-0.264116,-0.964269,1
5685,2478,43,313,0,712,175,9406,433,9839,0.0285116,-0.267865,-0.963034,1
5811,2610,31,323,0,723,178,9676,425,10101,0.0267428,-0.271911,-0.961951,1
5696,2642,31,335,0,751,191,9646,378,10024,0.0223816,-0.261462,-0.964954,1
5693,2634,30,344,0,750,204,9655,270,9925,0.0216692,-0.280885,-0.959497,1
5615,2678,28,342,0,752,191,9606,259,9865,0.0189567,-0.301865,-0.953162,1
5729,2757,28,346,0,772,192,9824,261,10085,0.0247425,-0.308245,-0.950985,1
5626,2694,29,346,0,831,201,9727,224,9951,0.0333475,-0.316447,-0.948024,1
5679,2758,29,352,0,788,191,9797,201,9998,0.0409911,-0.312724,-0.948959,1
5698,2743,28,348,0,756,191,9764,207,9971,0.0423333,-0.32129,-0.946034,1
5971,2648,26,351,0,754,194,9944,172,10116,0.0390179,-0.342637,-0.938657,1
5782,2698,29,351,0,863,203,9926,192,10118,0.0403466,-0.358268,-0.932747,1
5427,2789,28,357,0,771,196,9568,213,9781,0.0376268,-0.378911,-0.924668,1
5428,2805,28,361,0,914,211,9747,209,9956,0.0338315,-0.383823,-0.922787,1
5539,2816,28,412,0,788,205,9788,205,9993,0.0289878,-0.379698,-0.924656,1
5896,3566,33,360,0,838,206,10899,204,11103,0.0238149,-0.373078,-0.927495,1
4315,1818,19,237,0,513,132,7034,142,7176,0.0281356,-0.312594,-0.94947,1
2224,1164,12,153,0,328,84,3965,74,4039,0.034095,-0.290143,-0.956376,1
5812,2841,28,393,0,804,209,10087,167,10254,0.0162657,-0.189073,-0.981828,1
5446,2875,25,337,0,786,208,9677,204,9881,0.00758054,-0.137923,-0.990414,1
5485,2790,28,368,0,793,206,9670,215,9885,0.00666862,-0.096998,-0.995262,1
5486,2877,29,377,0,789,206,9764,265,10029,0.00446682,-0.0769789,-0.997023,1
5542,2839,26,362,0,794,236,9799,310,10109,0.00057792,-0.0690414,-0.997614,1
5071,2622,25,336,0,722,187,8963,295,9258,-0.00186112,-0.0579424,-0.998318,1
5264,2561,25,352,0,720,190,9112,315,9427,-0.00306095,-0.0425396,-0.99909,1
5488,2942,28,371,0,795,227,9851,359,10210,-0.00447926,-0.0349195,-0.99938,1
5484,2957,34,427,0,936,220,10058,412,10470,-0.00487708,-0.0289323,-0.999569,1
5412,2894,27,370,0,794,262,9759,433,10192,-0.00523549,-0.0268553,-0.999626,1
6207,2859,27,381,0,812,210,10496,406,10902,-0.00663877,-0.0236187,-0.999699,1
5458,2805,32,408,0,833,213,9749,412,10161,-0.0104281,-0.0175974,-0.999791,1
5486,2844,28,402,0,797,211,9768,480,10248,-0.0110874,-0.0190108,-0.999758,1
5599,2918,30,420,0,833,247,10047,466,10513,-0.0125024,-0.0182628,-0.999755,1
5628,2921,28,409,0,817,213,10016,424,10440,-0.0149977,-0.017326,-0.999737,1
5658,3075,29,374,0,796,232,10164,480,10644,-0.0125614,-0.0192463,-0.999736,1
5945,2152,33,256,0,546,142,9074,305,9379,-0.0121075,-0.0181497,-0.999762,1
2949,1527,15,194,0,423,109,5217,228,5445,-0.013703,-0.0181591,-0.999741,1
5397,2804,28,367,0,796,204,9596,427,10023,-0.0143911,-0.0189114,-0.999718,1
5483,2815,49,447,0,813,214,9821,424,10245,-0.0152785,-0.0206352,-0.99967,1
5538,2861,28,366,0,922,223,9938,445,10383,-0.0152388,-0.0201435,-0.999681,1
5512,2818,28,366,0,842,213,9779,454,10233,-0.0133575,-0.0185663,-0.999738,1
5570,2843,29,368,0,847,243,9900,431,10331,-0.0123805,-0.0188314,-0.999746,1
5531,2870,27,444,0,825,233,9930,429,10359,-0.0134036,-0.0191929,-0.999726,1
5582,2954,28,367,0,799,205,9935,471,10406,-0.0136188,-0.0190466,-0.999726,1
6077,2855,28,440,0,825,214,10439,431,10870,-0.0121513,-0.0168857,-0.999784,1
5642,2919,28,370,0,642,144,9745,291,10036,-0.01191,-0.0180266,-0.999767,1
3767,2056,19,253,0,573,144,6812,301,7113,-0.0136673,-0.0195113,-0.999716,1
5508,2872,33,394,0,796,207,9810,422,10232,-0.0150331,-0.0183575,-0.999718,1
5526,2909,30,373,0,854,215,9907,506,10413,-0.0139678,-0.019018,-0.999722,1
5573,2855,29,366,0,858,215,9896,455,10351,-0.0130449,-0.0184074,-0.999745,1
6187,3145,28,376,0,817,217,10770,427,11197,-0.0112388,-0.017399,-0.999785,1
5495,2927,28,373,0,875,212,9910,419,10329,-0.0115344,-0.0185251,-0.999762,1
5684,2877,29,412,0,816,215,10033,448,10481,-0.0118568,-0.0184013,-0.99976,1
5679,2934,28,373,0,802,208,10024,427,10451,-0.0108148,-0.0175402,-0.999788,1
5434,2892,27,370,0,799,210,9732,430,10162,-0.0108467,-0.0162073,-0.99981,1
5542,2872,28,364,0,798,224,9828,422,10250,-0.015112,-0.0187358,-0.99971,1
5583,3104,29,375,0,800,211,10102,459,10561,-0.0196739,-0.0207794,-0.999591,1
5593,2942,27,305,0,631,158,9656,305,9961,-0.0174716,-0.0211986,-0.999623,1
4261,2037,20,259,0,578,147,7302,364,7666,-0.0121902,-0.0200684,-0.999724,1
5570,2973,28,375,0,811,256,10013,442,10455,-0.00813567,-0.0186266,-0.999793,1
4318,1940,18,260,0,414,122,7072,253,7325,-0.01044,-0.0195937,-0.999754,1
2848,1564,14,215,0,418,109,5168,214,5382,-0.0127602,-0.0252732,-0.999599,1
2884,1579,14,197,0,435,130,5239,191,5430,-0.0194842,-0.0389879,-0.99905,1
5643,3326,27,403,0,859,223,10481,363,10844,-0.0174925,-0.06131,-0.997965,1
6103,3483,25,414,0,878,277,11180,350,11530,-0.0115304,-0.0938883,-0.995516,1
3919,2289,20,290,0,614,164,7296,216,7512,-0.0105915,-0.112916,-0.993548,1
5716,3303,41,419,0,904,236,10619,292,10911,-0.00930049,-0.144852,-0.98941,1
5568,3191,34,477,0,861,237,10368,264,10632,-0.0081658,-0.159424,-0.987176,1
5016,2876,24,405,0,805,223,9349,240,9589,-0.00818226,-0.15978,-0.987119,1
5522,2826,27,379,0,838,212,9804,279,10083,-0.00519229,-0.155033,-0.987896,1
5588,2490,25,350,0,701,196,9350,307,9657,-0.00167363,-0.195644,-0.980674,1
5528,2513,31,477,0,936,243,9728,299,10027,0.00816988,-0.199082,-0.979949,1
5525,2546,27,318,0,666,176,9258,322,9580,0.00507656,-0.20514,-0.97872,1
6488,2342,28,297,0,622,164,9941,348,10289,0.00140206,-0.228928,-0.973442,1
5718,2215,45,296,0,615,161,9050,387,9437,-0.00603756,-0.197521,-0.98028,1
5667,2244,38,289,0,608,161,9007,423,9430,-0.00730165,-0.157444,-0.987501,1
5718,2411,27,302,0,638,169,9265,468,9733,-0.00011167,-0.14476,-0.989467,1
5784,2522,28,322,0,681,180,9517,481,9998,0.0010497,-0.132602,-0.991169,1
5785,2721,38,377,0,1041,300,10262,608,10870,-0.00369165,-0.121606,-0.992572,1
5927,3027,29,379,0,806,212,10380,533,10913,-0.0123534,-0.105762,-0.994315,1
6687,3304,29,457,0,945,232,11654,548,12202,-0.0185839,-0.125803,-0.991881,1
6336,3374,20,303,0,619,165,10817,395,11212,-0.0223314,-0.122795,-0.992181,1
4210,2421,20,297,0,655,171,7774,384,8158,-0.0211043,-0.101455,-0.994616,1
4263,2441,20,305,0,640,170,7839,414,8253,-0.0170688,-0.107004,-0.994112,1
6037,3483,30,472,0,931,248,11201,572,11773,-0.00738942,-0.125314,-0.99209,1
6037,4048,35,467,0,912,252,11751,533,12284,-0.0048971,-0.150084,-0.988661,1
6015,3475,40,516,0,933,247,11226,427,11653,0.0128666,-0.212545,-0.977067,1
5995,2425,21,301,0,629,168,9539,227,9766,0.0273892,-0.252807,-0.967129,1
3355,1905,16,233,0,485,132,6126,129,6255,0.0477741,-0.294822,-0.954357,1
6120,3753,30,478,0,924,248,11553,225,11778,0.0573974,-0.302323,-0.951476,1
6101,4373,30,483,0,952,267,12206,233,12439,0.0659581,-0.343108,-0.936977,1
4523,2809,20,333,0,726,190,8601,158,8759,0.0944768,-0.381031,-0.919722,2
6252,4451,30,511,0,1124,300,12668,211,12879,0.0958114,-0.375925,-0.921684,2
6185,4387,30,513,0,809,198,12122,176,12298,0.122031,-0.422378,-0.898168,2
5837,4010,25,458,0,1026,257,11613,207,11820,0.0448563,-0.349686,-0.935793,2
5771,3873,27,465,0,994,255,11385,274,11659,0.031819,-0.351114,-0.935792,2
6274,4119,29,478,0,1089,269,12258,344,12602,0.0163682,-0.379564,-0.92502,2
6382,4008,52,541,0,1050,411,12444,453,12897,-0.00979858,-0.475809,-0.879494,2
3160,1580,13,193,0,415,101,5462,168,5630,0.0063864,-0.466477,-0.88451,2
1734,923,9,106,0,242,60,3074,94,3168,0.0157062,-0.443186,-0.896292,2
2196,1161,10,140,0,316,79,3902,130,4032,0.030758,-0.464788,-0.884888,2
6209,3198,41,374,0,838,208,10868,391,11259,0.0462975,-0.505109,-0.861813,2
6149,2965,29,365,0,595,143,10246,277,10523,0.0569247,-0.532136,-0.844743,2
6224,3023,30,359,0,787,200,10623,382,11005,0.0686714,-0.558566,-0.826612,2
6030,2996,32,361,0,808,202,10429,400,10829,0.0657343,-0.559602,-0.82615,2
6073,3270,33,364,0,896,207,10843,411,11254,0.0761403,-0.623152,-0.778386,2
3942,1568,15,189,0,451,123,6288,229,6517,0.0708228,-0.612464,-0.787319,2
2497,1273,13,157,0,339,89,4368,173,4541,0.0698151,-0.641276,-0.764128,2
5931,2971,32,365,0,806,234,10339,-1000,-1000,-1,-1,-1,2
6139,2983,38,545,0,1045,206,10956,782,11738,0.0194494,-0.111999,-0.993518,2
6047,2499,38,338,0,756,204,9882,707,10589,0.0113819,-0.13772,-0.990406,2
6686,2301,27,261,0,614,161,10050,628,10678,0.0164781,-0.120087,-0.992627,2
4011,1510,20,193,0,418,109,6261,447,6708,0.0327206,-0.100473,-0.994402,2
6103,2288,29,291,0,628,162,9501,690,10191,0.0422762,-0.127993,-0.990874,2
5915,2657,30,377,0,702,187,9868,608,10476,0.0581507,-0.259098,-0.964099,2
5938,2191,20,258,0,554,145,9106,385,9491,0.058355,-0.220478,-0.973645,2
3152,1827,15,224,0,497,137,5852,322,6174,0.0493537,-0.184048,-0.981677,2
2598,1574,12,196,0,428,111,4919,219,5138,0.0471059,-0.140541,-0.988954,2
6054,3707,25,445,0,941,275,11447,482,11929,0.0498711,-0.179817,-0.982435,2
5915,4549,29,548,0,1288,303,12632,540,13172,0.0505309,-0.220266,-0.97413,2
5870,4398,26,515,0,1131,312,12252,587,12839,0.0519415,-0.232872,-0.971119,2
4047,3074,31,401,0,802,220,8575,401,8976,0.0460605,-0.226649,-0.972887,2
5800,4568,26,563,0,1190,316,12463,566,13029,0.0336409,-0.262906,-0.964235,2
5888,4745,28,574,0,1231,328,12794,443,13237,0.0245141,-0.287306,-0.957525,2
5788,4591,26,559,0,1151,316,12431,351,12782,0.0217013,-0.294845,-0.955299,2
5748,4470,28,527,0,1112,297,12182,364,12546,0.0207719,-0.287605,-0.957524,2
5384,3885,26,461,0,968,268,10992,431,11423,0.0157937,-0.275555,-0.961155,2
6232,4659,31,572,0,1150,320,12964,736,13700,0.0212782,-0.334728,-0.942075,2
6229,4237,34,528,0,1166,293,12487,618,13105,0.00543571,-0.396681,-0.91794,2
6086,3832,32,466,0,734,183,11333,292,11625,0.00986001,-0.46317,-0.886214,2
5372,3272,29,389,0,854,217,10133,358,10491,0.0277009,-0.549684,-0.834913,2
5252,3011,29,370,0,799,201,9662,306,9968,0.0513626,-0.644964,-0.762485,2
5782,3454,29,384,0,846,215,10710,-1000,-1000,-1,-1,-1,2
5243,3367,27,435,0,875,231,10178,559,10737,0.0256715,-0.211689,-0.977,2
5048,3644,26,432,0,966,247,10363,314,10677,0.0280382,-0.216901,-0.975791,2
5282,3787,25,459,0,939,244,10736,332,11068,0.03096,-0.195149,-0.980285,2
7114,4872,28,518,0,1061,289,13882,428,14310,0.0498019,-0.221075,-0.973984,2
5771,3903,30,461,0,993,269,11427,479,11906,0.0602852,-0.217275,-0.974247,2
5404,3335,25,426,0,871,230,10291,466,10757,0.0574166,-0.196835,-0.978754,2
5768,3511,27,413,0,871,229,10819,529,11348,0.0437984,-0.175762,-0.983458,2
5691,3233,28,386,0,874,197,10409,432,10841,0.0327856,-0.165759,-0.985621,2
5682,3173,31,466,0,718,198,10268,419,10687,0.0355433,-0.160777,-0.986351,2
5657,3043,29,421,0,774,206,10130,511,10641,0.0348528,-0.145294,-0.988774,2
5619,2832,28,356,0,747,199,9781,483,10264,0.0386562,-0.130669,-0.990672,2
5660,2707,26,316,0,661,178,9548,401,9949,0.0526544,-0.133049,-0.98971,2
5548,2580,28,330,0,675,184,9345,365,9710,0.0711605,-0.129361,-0.989041,2
5643,2617,25,306,0,717,193,9501,370,9871,0.0648339,-0.113311,-0.991442,2
5863,2971,34,408,0,780,211,10267,373,10640,0.071823,-0.120895,-0.990064,2
5880,3099,28,399,0,828,223,10457,404,10861,0.0598264,-0.118038,-0.991205,2
5937,3270,49,426,0,860,235,10777,389,11166,0.0492271,-0.12705,-0.990674,2
6153,3549,30,455,0,921,248,11356,425,11781,0.0389595,-0.118225,-0.992222,2
4237,2464,43,315,0,653,169,7881,296,8177,0.0301419,-0.117406,-0.992626,2
5514,3240,27,393,0,840,240,10254,351,10605,0.0412395,-0.152404,-0.987457,2
5387,3354,26,401,0,848,225,10241,340,10581,0.0523217,-0.2096,-0.976386,2
5366,3454,25,406,0,842,228,10321,314,10635,0.0670908,-0.318227,-0.945638,2
5577,3462,24,413,0,913,245,10634,252,10886,0.0900694,-0.420259,-0.902923,2
5409,3655,26,425,0,916,238,10669,234,10903,0.12195,-0.517754,-0.846793,2
6207,4047,29,526,0,1012,269,12090,231,12321,0.164393,-0.592849,-0.788356,2
6153,4058,28,480,0,1039,272,12030,-1000,-1000,-1,-1,-1,2
6208,3014,20,337,0,731,192,10502,543,11045,0.0468235,-0.111086,-0.992707,2
2742,1801,12,220,0,471,121,5367,183,5550,0.070986,-0.167705,-0.983278,2
2165,1548,10,179,0,392,100,4394,113,4507,0.0487789,-0.191981,-0.980186,2
6329,4546,30,534,0,1105,290,12834,330,13164,0.00587287,-0.200214,-0.979735,2
6267,4339,27,502,0,1154,289,12578,406,12984,0.00531681,-0.263433,-0.964663,2
6412,4200,28,479,0,1065,277,12461,421,12882,-0.00707784,-0.307761,-0.951437,2
6244,3891,28,468,0,1048,263,11942,459,12401,-0.0156251,-0.346512,-0.937916,2
6272,3566,27,423,0,939,238,11465,420,11885,0.00501993,-0.498883,-0.866655,2
6045,2966,20,277,0,615,157,10080,301,10381,0.00972959,-0.536362,-0.843932,2
2911,1365,11,158,0,354,90,4889,173,5062,0.00992937,-0.497385,-0.867473,2
2052,1143,11,130,0,280,72,3688,148,3836,0.00335411,-0.524953,-0.851124,2
5728,3098,32,378,0,808,210,10254,401,10655,-0.0010511,-0.613774,-0.789481,2
5912,3006,30,373,0,811,214,10346,381,10727,0.0112295,-0.632997,-0.774073,2
5225,2600,30,317,0,669,180,9021,357,9378,0.0211162,-0.676772,-0.73589,2
5506,2492,30,298,0,635,164,9125,345,9470,0.0212117,-0.7054,-0.708492,2
6095,2375,34,322,0,658,179,9663,370,10033,0.0309205,-0.652607,-0.757066,2
5992,2324,32,333,0,622,187,9490,370,9860,0.0602665,-0.561574,-0.825229,2
5909,2297,31,283,0,592,155,9267,351,9618,0.0468544,-0.267039,-0.962546,2
5779,2250,30,290,0,590,155,9094,478,9572,0.0469949,-0.148879,-0.987738,2
5480,2087,26,274,0,585,154,8606,480,9086,0.0642347,-0.150376,-0.98654,2
7198,3161,36,519,0,981,269,12164,514,12678,0.0658091,-0.180164,-0.981433,2
5959,2792,32,442,0,679,158,10062,210,10272,0.0732642,-0.210055,-0.974941,2
4013,2062,19,305,0,554,148,7101,190,7291,0.0696494,-0.193424,-0.97864,2
5737,3578,28,446,0,955,255,10999,290,11289,0.0707258,-0.223872,-0.972049,2
5803,4267,28,529,0,1088,291,12006,280,12286,0.0691321,-0.250109,-0.965746,2
4053,3222,17,384,0,784,215,8675,190,8865,0.0819434,-0.214045,-0.973381,2
5783,4837,26,585,0,1169,337,12737,251,12988,0.0709075,-0.21726,-0.973535,2
5755,4897,27,577,0,1173,322,12751,268,13019,0.0643123,-0.186833,-0.980284,2
5734,4866,29,794,0,1434,359,13216,265,13481,0.0513248,-0.211113,-0.976113,2
5659,4668,26,573,0,1146,310,12382,258,12640,0.0442499,-0.193702,-0.980062,2
5729,4917,26,575,0,1153,316,12716,245,12961,0.040286,-0.226253,-0.973235,2
5899,4872,29,571,0,1162,319,12852,256,13108,0.0326705,-0.24049,-0.970102,2
5974,4961,29,580,0,1193,325,13062,280,13342,0.0196399,-0.24133,-0.970244,2
6242,5000,30,601,0,1257,337,13467,462,13929,0.0264756,-0.28619,-0.957807,2
3746,2756,15,316,0,593,142,7568,267,7835,0.0130527,-0.223416,-0.974636,2
2397,1817,12,221,0,461,120,5028,238,5266,0.0191792,-0.192981,-0.981015,2
5846,4498,28,570,0,1108,293,12343,538,12881,0.0153676,-0.185078,-0.982604,2
5866,4299,29,518,0,1055,278,12045,566,12611,0.00673079,-0.164769,-0.986309,2
3987,2914,21,363,0,778,199,8262,406,8668,0.00312247,-0.145804,-0.989309,2
6030,4598,32,594,0,1156,339,12749,837,13586,0.00234933,-0.134693,-0.990885,2
6240,4292,22,387,0,784,202,11927,438,12365,-0.00394628,-0.112283,-0.993668,2
3066,2073,16,245,0,551,140,6091,347,6438,-0.00782425,-0.0903915,-0.995876,2
5988,3619,31,433,0,942,235,11248,551,11799,-0.00756973,-0.0815037,-0.996644,2
5636,3565,33,423,0,910,246,10813,580,11393,-0.00982778,-0.0677398,-0.997655,2
5749,3621,32,425,0,911,234,10972,552,11524,-0.00917163,-0.0631654,-0.997961,2
5775,3929,32,426,0,923,242,11327,524,11851,-0.012039,-0.0573115,-0.998284,2
6160,3594,30,428,0,921,236,11369,643,12012,-0.0238741,-0.0571657,-0.998079,2
5908,2775,43,291,0,624,163,9804,361,10165,-0.0207083,-0.0447324,-0.998784,2
2432,1466,20,177,0,380,100,4575,286,4861,-0.0136847,-0.0354011,-0.999279,2
3928,2382,21,282,0,637,162,7412,456,7868,-0.00821474,-0.0293163,-0.999536,2
5692,3703,47,617,0,1186,255,11500,739,12239,-0.00381158,-0.0200647,-0.999791,2
5915,3666,31,421,0,904,238,11175,744,11919,-0.0025139,-0.0138313,-0.999901,2
6095,3738,31,425,0,1006,253,11548,678,12226,-0.000548029,-0.0112749,-0.999936,2
6686,4139,32,430,0,1078,265,12630,634,13264,0.000871809,-0.011617,-0.999932,2
5835,3231,21,302,0,651,171,10211,446,10657,-0.000729113,-0.019156,-0.999816,2
3112,1673,14,187,0,409,105,5500,290,5790,-0.00158081,-0.0236416,-0.999719,2
2352,1525,12,178,0,393,103,4563,286,4849,-0.00259474,-0.0284755,-0.999591,2
5902,4408,40,520,0,956,306,12132,749,12881,-0.00472443,-0.0363174,-0.999329,2
5962,3104,20,317,0,660,173,10236,449,10685,-0.00647667,-0.0398281,-0.999186,2
4796,3122,25,385,0,822,208,9358,497,9855,-0.0124861,-0.0450273,-0.998908,2
4853,3072,27,382,0,806,207,9347,528,9875,-0.0152573,-0.0479344,-0.998734,2
5818,3669,29,465,0,960,265,11206,637,11843,-0.0167423,-0.0405095,-0.999039,2
5910,3705,29,460,0,1012,276,11392,677,12069,-0.0122487,-0.0244669,-0.999626,2
5874,3659,52,470,0,1010,253,11318,702,12020,-0.0122461,-0.0127327,-0.999844,2
6475,3753,30,438,0,951,252,11899,742,12641,-0.0173186,-0.00265062,-0.999846,2
3062,1753,13,188,0,406,109,5531,330,5861,-0.0131744,-0.00850157,-0.999877,2
2101,1314,12,157,0,342,90,4016,279,4295,-0.0114166,-0.00917626,-0.999893,2
6128,3690,32,437,0,957,279,11523,773,12296,-0.0142719,-0.00532858,-0.999884,2
5798,3770,30,445,0,989,257,11289,801,12090,-0.0166016,-0.00852018,-0.999826,2
6634,4269,36,557,0,1093,285,12874,949,13823,-0.0160536,-0.0137897,-0.999776,2
5809,3780,39,442,0,966,254,11290,822,12112,-0.0153664,-0.0195382,-0.999691,2
6040,3798,31,449,0,997,254,11569,829,12398,-0.0155672,-0.0228598,-0.999618,2
5972,3901,30,476,0,1052,261,11692,842,12534,-0.0139048,-0.0247221,-0.999598,2
5877,3801,31,349,0,668,181,10907,557,11464,-0.0129039,-0.0264404,-0.999567,2
4106,2596,21,303,0,682,174,7882,554,8436,-0.0127613,-0.0268506,-0.999558,2
5911,3705,30,433,0,972,247,11298,775,12073,-0.011411,-0.0246888,-0.99963,2
6014,3716,31,438,0,1006,253,11458,817,12275,-0.00975789,-0.0246952,-0.999647,2
6128,3743,31,444,0,990,267,11603,893,12496,-0.00893758,-0.0261725,-0.999618,2
6663,4251,34,484,0,1077,243,12752,614,13366,-0.0115821,-0.0287915,-0.999518,2
4495,2743,23,324,0,708,181,8474,599,9073,-0.0134452,-0.028383,-0.999507,2
5919,3662,30,426,0,952,243,11232,764,11996,-0.0119805,-0.0265938,-0.999575,2
5904,3611,30,428,0,938,243,11154,791,11945,-0.00644301,-0.0265676,-0.999626,2
4031,2470,20,304,0,641,165,7631,542,8173,-0.00238127,-0.0262881,-0.999652,2
5918,3557,47,461,0,930,246,11159,686,11845,0.00134417,-0.0244368,-0.999701,2
5813,3563,29,428,0,952,245,11030,691,11721,0.00335053,-0.0231887,-0.999725,2
4342,2257,16,222,0,486,125,7448,357,7805,0.00293518,-0.0239123,-0.99971,2
6071,3702,28,437,0,1026,243,11507,720,12227,0.000623969,-0.027113,-0.999632,2
4333,1875,15,221,0,489,127,7060,352,7412,-0.000205719,-0.0275016,-0.999622,2
2483,1526,15,185,0,401,104,4714,290,5004,-0.00118792,-0.0274925,-0.999621,2
5930,3465,31,423,0,963,245,11057,670,11727,-0.00249636,-0.0269727,-0.999633,2
6085,3567,49,423,0,923,240,11287,709,11996,-0.00275997,-0.0262615,-0.999651,2
6124,3854,31,453,0,978,246,11686,713,12399,-0.00433886,-0.0269445,-0.999628,2
5921,3177,22,287,0,632,165,10204,480,10684,-0.0025514,-0.026748,-0.999639,2
