Downsample[ns],BuildFilTree[ns],SearchFil[ns],DeleteFil[ns],BuildTreeSub[ns],SearchSub[ns],DeleteSub[ns],PreProcTotal[ns],Plane[ns],Total[ns],nx,ny,nz,planeCount
5189,3877,74,464,0,911,258,10773,437,11210,-0.0229969,0.0363344,-0.999075,0
5336,3724,36,478,0,876,261,10711,724,11435,0.0181987,0.00404329,-0.999826,0
5413,4063,36,488,0,905,278,11183,748,11931,0.019529,0.00106448,-0.999809,0
5142,3714,34,532,0,905,278,10605,909,11514,0.0212721,0.000981583,-0.999773,0
5069,3647,32,439,0,814,232,10233,742,10975,0.0219537,0.000919525,-0.999758,0
5080,3593,36,439,0,784,224,10156,726,10882,0.0223894,-0.000258232,-0.999749,0
4612,3318,35,437,0,785,222,9409,688,10097,0.0217553,-0.000254519,-0.999763,0
5098,3168,37,474,0,762,210,9749,719,10468,0.0227144,0.00236743,-0.999739,0
4230,2860,28,382,0,683,248,8431,659,9090,0.0216469,0.000713399,-0.999765,0
5120,3543,42,471,0,811,243,10230,734,10964,0.0221454,0.00879796,-0.999716,0
5422,3517,43,431,0,842,247,10502,729,11231,0.0201309,0.0104385,-0.999743,0
5370,3633,40,444,0,819,265,10571,713,11284,0.0200329,0.00771998,-0.99977,0
5184,3747,48,421,0,981,253,10634,788,11422,0.0209404,0.00893765,-0.999741,0
5263,3722,36,456,0,825,263,10565,731,11296,0.017764,0.0112562,-0.999779,0
3841,2509,22,320,0,617,205,7514,512,8026,0.020506,0.0112681,-0.999726,0
5212,3584,36,455,0,809,229,10325,769,11094,0.0189602,0.0117863,-0.999751,0
5245,3478,48,452,0,983,251,10457,773,11230,0.0156765,0.00934044,-0.999834,0
5492,3685,43,455,0,982,235,10892,876,11768,0.0209909,0.0121348,-0.999706,0
2269,1356,16,173,0,310,82,4206,250,4456,0.0198285,0.0109362,-0.999744,0
4298,2985,29,334,0,694,274,8614,587,9201,0.0209895,0.0113428,-0.999715,0
5013,2893,27,369,0,754,189,9245,595,9840,0.0202677,0.0103927,-0.999741,0
2994,1657,17,194,0,395,108,5365,332,5697,0.021657,0.00848805,-0.999729,0
2425,1585,15,215,0,380,106,4726,327,5053,0.0202811,0.00885128,-0.999755,0
5638,3539,36,420,0,899,282,10814,754,11568,0.019254,0.00941674,-0.99977,0
5405,3565,35,466,0,865,265,10601,749,11350,0.021096,0.00909804,-0.999736,0
5848,3620,33,367,0,567,194,10629,524,11153,0.0200234,0.00925342,-0.999757,0
5227,3591,34,407,0,832,237,10328,732,11060,0.0218781,0.00960527,-0.999714,0
4295,2679,38,231,0,456,127,7826,395,8221,0.0208666,0.010758,-0.999724,0
2759,1674,15,174,0,359,97,5078,322,5400,0.0206988,0.00888287,-0.999746,0
5310,3622,36,405,0,819,260,10452,769,11221,0.022169,0.00661081,-0.999732,0
5816,3576,35,436,0,855,230,10948,759,11707,0.0195,0.00862652,-0.999773,0
5332,3613,35,458,0,940,160,10538,489,11027,0.0205411,0.00965087,-0.999742,0
3377,2423,28,268,0,557,148,6801,458,7259,0.0201467,0.0104167,-0.999743,0
5472,3818,35,425,0,844,241,10835,793,11628,0.0206295,0.0106481,-0.99973,0
5312,3548,24,334,0,582,183,9983,535,10518,0.0198656,0.011008,-0.999742,0
2816,1871,28,344,0,643,186,5888,518,6406,0.0223105,0.00959103,-0.999705,0
5487,3694,37,492,0,838,260,10808,744,11552,0.019942,0.00967701,-0.999754,0
5425,4297,43,534,0,1201,354,11854,947,12801,0.0184314,0.0130379,-0.999745,0
5256,3301,25,277,0,556,171,9586,585,10171,0.0192701,0.0112118,-0.999751,0
2682,1454,15,170,0,342,96,4759,309,5068,0.0201716,0.0102822,-0.999744,0
5543,3445,39,445,0,828,252,10552,809,11361,0.0189792,0.0111565,-0.999758,0
4743,2355,23,274,0,559,156,8110,420,8530,0.0195722,0.00939898,-0.999764,0
2768,1794,18,211,0,429,143,5363,403,5766,0.0195661,0.0112686,-0.999745,0
5213,3515,35,460,0,819,260,10302,785,11087,0.0185244,0.0105258,-0.999773,0
5682,3559,35,487,0,600,178,10541,515,11056,0.0182786,0.0106875,-0.999776,0
3653,2350,24,313,0,586,181,7107,516,7623,0.0202375,0.0108883,-0.999736,0
5312,3448,32,507,0,846,263,10408,740,11148,0.0182879,0.00908727,-0.999791,0
5588,3547,35,459,0,822,281,10732,744,11476,0.0189176,0.00911869,-0.999779,0
5309,3508,33,455,0,840,227,10372,758,11130,0.0190466,0.0120829,-0.999746,0
5336,3500,32,409,0,874,251,10402,791,11193,0.0198829,0.0103481,-0.999749,0
5303,3559,34,467,0,875,228,10466,776,11242,0.0193475,0.0124164,-0.999736,0
5442,3560,35,457,0,763,158,10415,570,10985,0.0211626,0.00977644,-0.999728,0
3642,2418,24,304,0,577,158,7123,516,7639,0.0190176,0.0128653,-0.999736,0
5260,3593,34,438,0,828,261,10414,766,11180,0.0188646,0.0110911,-0.999761,0
6571,3460,53,574,0,876,261,11795,736,12531,0.0188326,0.0110712,-0.999761,0
3868,2395,24,326,0,595,179,7387,521,7908,0.0191766,0.00966686,-0.999769,0
3699,3331,31,419,0,693,189,8362,526,8888,0.0189906,0.0113167,-0.999756,0
4836,3320,29,438,0,758,249,9630,686,10316,0.0196867,0.0102972,-0.999753,0
5589,4567,43,572,0,1059,286,12116,855,12971,0.0205218,0.00997068,-0.99974,0
4856,3171,32,430,0,827,206,9522,646,10168,0.0195313,0.00965785,-0.999763,0
3413,2257,21,288,0,537,147,6663,461,7124,0.0197992,0.00904394,-0.999763,0
5258,3374,34,452,0,833,227,10178,799,10977,0.0180468,0.0102942,-0.999784,0
5229,3586,33,457,0,847,251,10403,764,11167,0.0197131,0.00922588,-0.999763,0
5156,3490,34,448,0,863,228,10219,767,10986,0.0191423,0.0102044,-0.999765,0
5341,3512,33,409,0,869,231,10395,523,10918,0.0181104,0.010744,-0.999778,0
3632,2715,25,310,0,569,179,7430,531,7961,0.0188995,0.0091653,-0.999779,0
5060,3432,32,454,0,865,236,10079,670,10749,0.0192448,0.0102621,-0.999762,0
5407,3610,35,449,0,874,284,10659,747,11406,0.0193028,0.00993449,-0.999764,0
5242,3200,32,446,0,1090,320,10330,708,11038,0.0189127,0.0096512,-0.999775,0
4804,3074,51,432,0,723,218,9302,643,9945,0.0197481,0.00877555,-0.999766,0
4734,3157,40,363,0,749,202,9245,762,10007,0.0205526,0.0107703,-0.999731,0
5298,3495,34,453,0,830,255,10365,757,11122,0.0194218,0.00850699,-0.999775,0
4705,3142,30,409,0,766,231,9283,646,9929,0.0205397,0.0101285,-0.999738,0
4810,2909,22,257,0,563,148,8709,490,9199,0.0193412,0.0101161,-0.999762,0
3472,2315,22,289,0,538,147,6783,496,7279,0.0178761,0.00875691,-0.999802,0
5336,3175,32,413,0,793,238,9987,702,10689,0.0182571,0.00983068,-0.999785,0
4832,3105,28,378,0,728,205,9276,684,9960,0.0164153,0.0102041,-0.999813,0
4981,3224,31,440,0,1104,283,10063,646,10709,0.0186966,0.00990738,-0.999776,0
5561,3490,35,405,0,810,226,10527,761,11288,0.0181565,0.00974825,-0.999788,0
5332,3551,43,427,0,807,241,10401,732,11133,0.019398,0.00984617,-0.999763,0
4764,3203,36,444,0,762,221,9430,647,10077,0.0189838,0.00803848,-0.999788,0
5273,3616,40,434,0,839,245,10447,740,11187,0.0185656,0.00653534,-0.999806,0
5271,3734,41,432,0,834,234,10546,754,11300,0.0173623,0.00719834,-0.999823,0
5246,3565,42,414,0,860,231,10358,727,11085,0.0211312,0.00508633,-0.999764,0
5147,3393,32,368,0,747,207,9894,648,10542,0.0175313,0.00712544,-0.999821,0
5256,3673,34,462,0,819,234,10478,709,11187,0.0213414,0.004239,-0.999763,0
5578,3536,34,450,0,1187,319,11104,604,11708,0.0203195,0.00506492,-0.999781,0
3667,2353,23,294,0,576,173,7086,548,7634,0.0196251,0.00468022,-0.999796,0
5790,3169,33,395,0,767,229,10383,672,11055,0.019663,0.00629865,-0.999787,0
4989,3299,32,412,0,713,224,9669,656,10325,0.0203423,0.00714484,-0.999768,0
3806,2210,22,301,0,533,165,7037,479,7516,0.0205409,0.00544948,-0.999774,0
4370,2796,33,357,0,649,184,8389,579,8968,0.019488,0.00418278,-0.999801,0
5212,3486,30,425,0,818,240,10211,755,10966,0.0195184,0.00440001,-0.9998,0
5181,4308,40,551,0,610,168,10858,476,11334,0.0203396,0.00366171,-0.999786,0
7361,3591,54,581,0,836,287,12710,695,13405,0.0202333,0.00432063,-0.999786,0
5574,2899,19,230,0,421,134,9277,386,9663,0.0206426,0.00349783,-0.999781,0
2021,1232,22,155,0,299,89,3818,261,4079,0.0205106,0.00188089,-0.999788,0
1825,1177,13,135,0,270,76,3496,242,3738,0.0202138,0.00377987,-0.999789,0
5112,3055,30,354,0,754,216,9521,665,10186,0.0214511,0.00367426,-0.999763,0
4850,3139,30,397,0,730,201,9347,668,10015,0.0213111,0.0025458,-0.99977,0
5171,3010,30,386,0,768,254,9619,674,10293,0.0216737,0.00142367,-0.999764,0
4830,3074,31,391,0,691,222,9239,669,9908,0.022302,0.000923184,-0.999751,0
5031,2987,32,424,0,694,192,9360,645,10005,0.0237831,0.000654675,-0.999717,0
4721,2838,30,374,0,641,211,8815,576,9391,0.0207263,0.00320633,-0.99978,0
3306,1939,22,231,0,452,128,6078,444,6522,0.02399,-0.000236087,-0.999712,0
4617,2782,31,343,0,654,179,8606,670,9276,0.0223554,-0.00298188,-0.999746,0
4739,2748,31,376,0,745,205,8844,666,9510,0.0208029,0.00073248,-0.999783,0
4715,2714,30,328,0,612,200,8599,651,9250,0.0237239,0.00486711,-0.999707,0
5109,2624,31,299,0,604,170,8837,642,9479,0.0241794,0.0103702,-0.999654,0
4499,2240,36,269,0,574,155,7773,612,8385,0.0237172,0.0183123,-0.999551,0
6092,2915,34,353,0,723,193,10310,752,11062,0.0259025,0.0337205,-0.999096,0
5602,2820,34,388,0,706,203,9753,798,10551,0.0294512,0.0556071,-0.998018,0
5436,2896,30,334,0,595,190,9481,171,9652,0.0176839,0.106592,-0.994146,0
4926,2553,31,348,0,599,193,8650,288,8938,0.020122,0.0854163,-0.996142,0
5064,2500,52,287,0,579,170,8652,214,8866,0.0235115,0.0858489,-0.996031,0
5590,2714,34,321,0,665,177,9501,248,9749,0.0247856,0.0979368,-0.994884,0
5554,2944,34,327,0,776,197,9832,305,10137,0.0231943,0.121835,-0.992279,0
5775,2727,29,299,0,680,197,9707,260,9967,0.045869,0.108824,-0.993002,0
5286,2332,23,188,0,411,101,8341,160,8501,0.0612047,0.118356,-0.991083,0
3666,1541,22,175,0,351,98,5853,184,6037,0.0703045,0.103143,-0.992179,0
5430,1945,26,265,0,453,129,8248,282,8530,0.071558,0.114955,-0.99079,0
4897,1780,28,224,0,469,147,7545,294,7839,0.066909,0.111242,-0.991538,0
5139,1804,37,288,0,476,139,7883,325,8208,0.0640559,0.126129,-0.989944,0
4751,1889,27,221,0,439,123,7450,311,7761,0.0575824,0.118475,-0.991286,0
4728,1880,25,315,0,463,127,7538,314,7852,0.0515737,0.128458,-0.990373,0
4745,1814,33,262,0,491,166,7511,343,7854,0.0606265,0.118062,-0.991154,0
4880,1929,28,295,0,459,152,7743,347,8090,0.0645039,0.148929,-0.986742,0
5194,1834,25,247,0,462,150,7912,361,8273,0.0627184,0.133975,-0.988998,0
4607,1792,26,253,0,464,147,7289,378,7667,0.0595381,0.14932,-0.986995,0
5325,1777,27,263,0,449,149,7990,370,8360,0.0389558,0.186449,-0.981692,0
4205,1649,27,256,0,446,147,6730,404,7134,0.0246505,0.223971,-0.974284,0
4775,1775,38,234,0,457,139,7418,431,7849,0.0235749,0.22382,-0.974345,0
4471,1532,27,189,0,364,103,6686,468,7154,0.0188176,0.200281,-0.979558,0
4651,1468,29,193,0,368,105,6814,581,7395,0.020872,0.170281,-0.985174,0
4678,1385,42,234,0,433,117,6889,604,7493,0.0230092,0.153405,-0.987896,0
4510,1267,27,183,0,390,123,6500,610,7110,0.0316451,0.134033,-0.990471,0
4281,1320,27,189,0,325,107,6249,591,6840,0.035923,0.133121,-0.990449,0
4001,1012,26,175,0,290,81,5585,545,6130,0.0405453,0.130538,-0.990614,0
4605,1094,29,187,0,303,105,6323,668,6991,0.0423937,0.141423,-0.989041,0
4397,1246,28,188,0,328,109,6296,612,6908,0.0469619,0.144989,-0.988318,0
4462,1271,27,175,0,318,94,6347,585,6932,0.0421162,0.133266,-0.990185,0
4167,1295,24,169,0,322,94,6071,542,6613,0.034662,0.130817,-0.9908,0
4101,1425,41,187,0,398,135,6287,556,6843,0.0160698,0.145703,-0.989198,0
4066,1703,24,249,0,441,140,6623,524,7147,0.0030008,0.156756,-0.987633,0
4589,2236,34,309,0,552,196,7916,531,8447,-0.000156691,0.182013,-0.983296,0
4285,2340,25,320,0,559,183,7712,470,8182,0.0134179,0.17619,-0.984265,0
4509,2676,26,348,0,612,199,8370,475,8845,0.0316675,0.182786,-0.982643,0
4546,2940,27,384,0,679,217,8793,489,9282,0.0410005,0.165928,-0.985285,0
4668,3178,25,368,0,724,205,9168,455,9623,0.0301718,0.177259,-0.983702,0
5237,3837,26,415,0,795,292,10602,540,11142,0.0321962,0.154335,-0.987494,0
4982,5079,34,688,0,1145,282,12210,646,12856,0.0462378,0.146441,-0.988138,0
4549,4039,24,425,0,917,242,10196,653,10849,0.0549327,0.140291,-0.988585,0
4858,5033,24,495,0,1032,280,11722,757,12479,0.0514213,0.162355,-0.985392,0
6631,5464,24,546,0,1156,306,14127,830,14957,0.0367307,0.225269,-0.973604,0
5049,4315,30,429,0,699,182,10704,527,11231,0.0267455,0.17187,-0.984757,0
2499,2032,13,216,0,462,122,5344,398,5742,0.0302434,0.119899,-0.992325,0
3098,2755,15,306,0,651,172,6997,650,7647,0.021277,0.132765,-0.990919,0
6600,6011,27,559,0,1156,304,14657,1205,15862,0.0110733,0.15911,-0.987199,0
6332,5166,36,642,0,1255,370,13801,1294,15095,-0.00492986,0.250425,-0.968123,0
3936,2697,37,342,0,612,154,7778,565,8343,0.00318246,0.193815,-0.981033,0
2177,1583,12,172,0,369,101,4414,412,4826,0.0102284,0.132797,-0.99109,0
6210,4550,32,561,0,887,226,12466,973,13439,-0.0028652,0.160471,-0.987036,0
4125,3065,20,314,0,701,183,8408,1026,9434,-0.0101434,0.13424,-0.990897,0
5785,4745,34,443,0,958,252,12217,1533,13750,-0.0167327,0.206664,-0.978269,0
4988,2557,17,225,0,489,129,8405,662,9067,-0.0221855,0.174494,-0.984408,0
2422,1364,10,153,0,330,88,4367,406,4773,-0.0130068,0.116055,-0.993158,0
2204,1476,11,150,0,314,90,4245,368,4613,-0.0156925,0.105194,-0.994328,0
5083,3436,31,397,0,842,236,10025,1034,11059,-0.0219175,0.133909,-0.990751,0
5042,3575,27,410,0,812,247,10113,827,10940,-0.0213595,0.130652,-0.991198,0
5639,3304,26,398,0,771,262,10400,806,11206,-0.0131518,0.130399,-0.991374,0
3427,2224,17,264,0,536,160,6628,495,7123,-0.00635292,0.116451,-0.993176,0
4405,2904,23,388,0,711,210,8641,594,9235,-0.00297306,0.118399,-0.992962,0
4499,2975,25,389,0,762,196,8846,621,9467,-0.00646129,0.10335,-0.994624,0
4767,2840,23,318,0,672,182,8802,619,9421,-0.0178291,0.0969835,-0.995126,0
4287,2589,24,350,0,656,217,8123,621,8744,-0.0248276,0.0970175,-0.994973,0
4574,2819,26,416,0,714,235,8784,666,9450,-0.0273542,0.108268,-0.993745,0
4703,2830,29,284,0,632,183,8661,679,9340,-0.0199008,0.101676,-0.994618,0
4633,2805,25,435,0,709,301,8908,612,9520,-0.0096779,0.126045,-0.991977,0
5327,2989,25,412,0,707,188,9648,563,10211,0.00514643,0.167842,-0.985801,0
6320,2886,25,433,0,701,242,10607,522,11129,0.00880421,0.214443,-0.976697,0
4990,3048,24,409,0,699,227,9397,461,9858,-0.000657246,0.237908,-0.971287,0
4641,3387,25,358,0,743,203,9357,396,9753,-0.0209824,0.289939,-0.956815,0
3208,2278,22,280,0,517,166,6471,296,6767,-0.0227086,0.293717,-0.955623,0
4232,3195,28,407,0,743,238,8843,319,9162,-0.0138257,0.311902,-0.950014,0
4803,3801,26,473,0,841,287,10231,327,10558,-0.010459,0.285593,-0.958294,0
5241,3862,35,500,0,870,272,10780,346,11126,-0.00780646,0.225619,-0.974184,0
4372,3531,29,441,0,806,237,9416,265,9681,-0.00436191,0.183107,-0.983083,0
4946,3857,32,483,0,980,277,10575,331,10906,-0.00707614,0.171008,-0.985244,0
4887,3955,36,456,0,945,249,10528,238,10766,-0.00995239,0.197186,-0.980316,0
5011,3910,25,454,0,887,278,10565,293,10858,-0.00392738,0.218385,-0.975855,0
4935,3967,27,506,0,882,261,10578,265,10843,0.000276484,0.231332,-0.972875,0
5049,3953,27,527,0,874,246,10676,216,10892,-0.00268797,0.210247,-0.977645,0
5010,4579,29,497,0,865,258,11238,402,11640,-0.0298091,0.176826,-0.983791,0
3204,2566,17,318,0,569,159,6833,226,7059,-0.034437,0.171261,-0.984624,0
5492,4036,35,493,0,879,281,11216,340,11556,-0.057823,0.183462,-0.981325,0
5086,4067,36,497,0,908,276,10870,358,11228,-0.0426556,0.182124,-0.98235,0
5134,3902,36,482,0,824,265,10643,381,11024,-0.0225248,0.172361,-0.984776,0
5107,3840,42,469,0,832,246,10536,339,10875,-0.0147818,0.170682,-0.985215,0
5156,3720,44,431,0,808,236,10395,193,10588,0.212564,0.444477,-0.870205,0
5081,3337,37,432,0,752,226,9865,253,10118,0.158899,0.21665,-0.963231,0
5539,3210,33,363,0,725,217,10087,237,10324,0.113762,0.279955,-0.953249,0
5049,2914,40,367,0,646,200,9216,255,9471,0.0218333,0.278315,-0.960242,0
3492,2033,27,241,0,461,136,6390,226,6616,-0.015163,0.251271,-0.967798,0
5017,2856,31,388,0,685,188,9165,515,9680,-0.0472724,0.273954,-0.96058,0
5081,3091,30,356,0,691,195,9444,405,9849,-0.0618705,0.257068,-0.964411,0
5194,3451,35,588,0,1023,223,10514,337,10851,-0.0963291,0.286884,-0.95311,0
5022,3605,27,419,0,754,216,10043,261,10304,-0.0800116,0.215479,-0.973225,0
5191,3481,28,402,0,760,216,10078,282,10360,-0.0553094,0.182537,-0.981642,0
5159,3460,29,408,0,810,224,10090,275,10365,-0.0383562,0.204508,-0.978113,0
5076,3240,29,395,0,765,235,9740,243,9983,-0.0304822,0.178854,-0.983403,0
4951,2967,30,407,0,706,198,9259,322,9581,-0.0263685,0.133356,-0.990717,0
4227,2481,27,290,0,532,152,7709,288,7997,-0.0300131,0.0934962,-0.995167,0
4627,2261,25,307,0,551,152,7923,361,8284,-0.0163202,0.0991731,-0.994936,0
4692,2382,29,376,0,599,160,8238,338,8576,-0.0171218,0.0887824,-0.995904,0
5002,2572,29,330,0,604,172,8709,346,9055,0.011564,0.156311,-0.98764,0
4173,1910,19,213,0,410,114,6839,208,7047,0.0262076,0.155845,-0.987434,0
2621,1241,17,160,0,293,81,4413,190,4603,0.0390633,0.182659,-0.9824,0
4949,2234,35,273,0,555,164,8210,421,8631,0.0502918,0.171741,-0.983857,0
5134,2185,32,331,0,519,138,8339,486,8825,0.0448619,0.17876,-0.982869,0
5514,2386,34,245,0,499,135,8813,534,9347,0.0324158,0.210763,-0.977,0
5292,1652,28,243,0,420,123,7758,535,8293,0.0163699,0.210678,-0.977419,0
5089,1863,32,258,0,489,130,7861,650,8511,0.017012,0.186503,-0.982307,0
4949,1397,29,191,0,356,130,7052,583,7635,0.0220344,0.167604,-0.985608,0
4969,1321,29,183,0,347,102,6951,570,7521,0.0281577,0.160648,-0.98661,0
4711,1305,31,180,0,342,98,6667,583,7250,0.0303733,0.153796,-0.987636,0
4702,1271,30,181,0,327,96,6607,595,7202,0.0312161,0.143749,-0.989122,0
4771,1869,38,212,0,386,130,7406,551,7957,0.0259978,0.143069,-0.989371,0
4844,1469,29,246,0,395,137,7120,531,7651,0.0340248,0.136305,-0.990082,0
4710,1775,28,264,0,449,131,7357,535,7892,0.0440311,0.151348,-0.987499,0
4966,2019,35,300,0,463,174,7957,502,8459,0.0457625,0.152858,-0.987188,0
4062,1543,21,224,0,361,123,6334,358,6692,0.0403112,0.152272,-0.987516,0
4988,2504,28,302,0,555,164,8541,523,9064,-0.0193298,0.244093,-0.969559,0
4717,1953,19,226,0,438,126,7479,391,7870,-0.00794578,0.182879,-0.983103,0
2653,1691,14,186,0,375,105,5024,261,5285,-0.00110848,0.136469,-0.990644,0
5124,3506,27,387,0,779,215,10038,518,10556,-0.0321143,0.174041,-0.984215,0
5139,3791,27,427,0,954,243,10581,543,11124,-0.0491473,0.205135,-0.977499,0
5607,4716,28,544,0,1042,279,12216,440,12656,-0.0117461,0.180471,-0.98351,0
5901,5256,34,620,0,883,240,12934,336,13270,0.021282,0.171313,-0.984987,0
4221,3767,19,406,0,889,231,9533,362,9895,0.023104,0.160866,-0.986706,0
5682,4902,25,569,0,1153,321,12652,582,13234,0.0163641,0.165982,-0.985993,0
4090,3434,18,378,0,799,210,8929,551,9480,0.00646956,0.144908,-0.989424,0
6501,5084,28,615,0,1219,322,13769,762,14531,-0.0207824,0.143775,-0.989392,0
6215,5268,20,411,0,826,240,12980,739,13719,-0.027075,0.128888,-0.991289,0
3230,2467,13,300,0,648,162,6820,589,7409,-0.0222654,0.102654,-0.994468,0
6005,4336,26,525,0,1020,303,12215,1284,13499,-0.0212775,0.103489,-0.994403,0
6016,3784,21,360,0,647,196,11024,908,11932,-0.0208877,0.108509,-0.993876,0
2885,1854,14,208,0,473,140,5574,621,6195,-0.0136389,0.106195,-0.994252,0
5537,3572,28,472,0,842,274,10725,1087,11812,-0.0118568,0.140202,-0.990052,0
5608,3536,28,410,0,854,230,10666,734,11400,-0.0094604,0.142164,-0.989798,0
3791,2572,31,306,0,613,167,7480,677,8157,-0.0188452,0.131707,-0.99111,0
5619,3994,28,522,0,977,289,11429,1014,12443,-0.0130945,0.132616,-0.991081,0
5720,4083,31,606,0,1029,297,11766,831,12597,-0.0163316,0.127781,-0.991668,0
3792,2826,21,397,0,694,204,7934,611,8545,-0.0162018,0.121988,-0.992399,0
5541,3998,28,552,0,989,300,11408,852,12260,0.00522131,0.223301,-0.974736,0
3603,1998,16,278,0,496,145,6536,405,6941,0.000880769,0.177867,-0.984054,0
2208,1546,12,193,0,365,113,4437,318,4755,-0.00189643,0.145079,-0.989418,0
5148,3652,25,419,0,837,272,10353,732,11085,0.0121266,0.21951,-0.975535,0
5086,3419,17,308,0,571,181,9582,442,10024,0.00392714,0.257416,-0.966293,0
2588,1974,13,233,0,435,139,5382,304,5686,-0.00321293,0.259969,-0.965612,0
2577,2021,12,245,0,456,141,5452,269,5721,-0.00925465,0.308596,-0.951148,0
4942,3658,29,383,0,794,218,10024,403,10427,-0.0155461,0.364364,-0.931127,0
4540,3524,23,414,0,831,218,9550,370,9920,-0.0240133,0.370381,-0.928569,0
4461,3553,23,381,0,759,226,9403,315,9718,-0.017404,0.393851,-0.91901,0
4547,3610,25,401,0,751,212,9546,337,9883,-0.00971659,0.385433,-0.922685,0
4855,3797,34,393,0,830,224,10133,323,10456,0.0145953,0.339251,-0.940583,0
5007,4241,29,478,0,962,302,11019,424,11443,0.0313566,0.288924,-0.956838,0
4939,3387,29,450,0,813,214,9832,441,10273,0.0426012,0.303203,-0.951973,0
5121,3617,35,457,0,886,226,10342,454,10796,0.0264948,0.40699,-0.913048,0
5207,2849,23,317,0,568,178,9142,344,9486,0.008878,0.356365,-0.934305,0
2785,1944,17,247,0,456,122,5571,255,5826,-0.00823402,0.289232,-0.957224,0
4702,3213,27,464,0,785,229,9420,290,9710,-0.0480488,0.337986,-0.939924,0
5225,3236,28,377,0,780,212,9858,283,10141,-0.0689881,0.350123,-0.93416,0
5115,3146,30,407,0,738,199,9635,357,9992,-0.0510415,0.328483,-0.94313,0
4463,2821,44,374,0,665,202,8569,291,8860,-0.0145598,0.295637,-0.955189,0
4957,2394,27,285,0,544,158,8365,218,8583,0.0286873,0.251811,-0.967351,0
5067,2209,30,301,0,558,148,8313,-1000,-1000,-1,-1,-1,0
5007,1495,20,227,0,409,125,7283,254,7537,0.014633,0.205947,-0.978454,0
2679,1134,16,143,0,287,76,4335,154,4489,0.00475263,0.16615,-0.986089,0
5300,2072,24,225,0,437,123,8181,336,8517,0.0103723,0.190178,-0.981695,0
5113,2002,39,298,0,510,165,8127,443,8570,0.0234823,0.226603,-0.973704,0
4996,1808,35,294,0,522,138,7793,484,8277,0.0229555,0.229938,-0.972934,0
4830,1573,27,265,0,482,147,7324,593,7917,0.0210462,0.210472,-0.977373,0
4363,1539,25,256,0,566,157,6906,663,7569,0.0200758,0.189309,-0.981712,0
4280,1550,27,185,0,411,134,6587,567,7154,0.0160942,0.174102,-0.984596,0
4795,1655,30,219,0,475,125,7299,597,7896,0.0170822,0.159083,-0.987117,0
4827,1978,36,237,0,482,187,7747,643,8390,0.0211668,0.160129,-0.986869,0
4882,2000,34,261,0,472,148,7797,598,8395,0.0311155,0.161651,-0.986357,0
4851,2241,36,278,0,515,162,8083,595,8678,0.0376481,0.155913,-0.987053,0
4928,2413,36,312,0,808,240,8737,685,9422,0.0362898,0.156078,-0.987078,0
5121,2557,29,306,0,604,170,8787,508,9295,0.0321288,0.152938,-0.987713,0
5104,2954,28,331,0,642,183,9242,533,9775,0.0248937,0.149813,-0.988401,0
4885,2831,31,341,0,626,191,8905,489,9394,0.00552389,0.167887,-0.985791,0
4725,3005,26,333,0,660,190,8939,486,9425,0.00175332,0.145478,-0.98936,0
4723,3158,27,365,0,701,197,9171,594,9765,0.0073421,0.142583,-0.989756,0
5407,3957,30,404,0,812,253,10863,602,11465,0.0200733,0.141737,-0.989701,0
5696,4135,46,566,0,872,267,11582,572,12154,0.0489129,0.180181,-0.982417,0
5654,3986,32,447,0,769,169,11057,390,11447,0.0758639,0.163183,-0.983675,0
2933,1966,21,290,0,498,125,5833,274,6107,0.0638924,0.113069,-0.991531,0
2837,2293,18,262,0,529,151,6090,267,6357,0.0902247,0.100327,-0.990855,0
5747,4395,31,471,0,1008,265,11917,590,12507,0.0531422,0.17038,-0.983944,0
5426,4098,26,443,0,957,250,11200,605,11805,0.0221702,0.201255,-0.979288,0
5447,3693,38,430,0,895,232,10735,730,11465,0.00632932,0.153996,-0.988051,0
5571,3410,38,451,0,741,154,10365,623,10988,-0.00847329,0.125483,-0.99206,0
3558,2282,18,265,0,602,144,6869,668,7537,-0.00799065,0.0784339,-0.996887,0
5598,3499,45,467,0,827,217,10653,984,11637,-0.000618205,0.0682122,-0.997671,0
5191,2817,18,261,0,542,157,8986,621,9607,0.00321747,0.0422423,-0.999102,0
2701,1639,15,207,0,390,121,5073,472,5545,0.00311117,0.0288204,-0.99958,0
4158,2478,22,323,0,682,248,7911,932,8843,-0.00585535,0.031602,-0.999483,0
5589,3399,31,438,0,841,255,10553,885,11438,-0.0141291,0.0423299,-0.999004,0
5555,3474,32,424,0,794,245,10524,866,11390,-0.0201663,0.0908524,-0.99566,0
5396,2635,20,236,0,441,116,8844,468,9312,-0.0142615,0.0723825,-0.997275,0
2355,1493,13,184,0,357,97,4499,352,4851,-0.0148584,0.0525389,-0.998508,0
5181,3244,25,364,0,779,206,9799,715,10514,-0.00819857,0.067964,-0.997654,0
5506,3769,27,467,0,873,232,10874,798,11672,-0.00922449,0.0624578,-0.998005,0
3750,2565,21,302,0,572,181,7391,650,8041,-0.00856905,0.0613253,-0.998081,0
5362,3413,25,413,0,863,231,10307,729,11036,-0.00287356,0.0796527,-0.996819,0
5264,3710,28,462,0,887,234,10585,712,11297,-0.011763,0.0931343,-0.995584,0
5357,3841,29,560,0,999,241,11027,697,11724,-0.00936681,0.188277,-0.982071,0
4631,3834,34,424,0,792,231,9946,543,10489,-0.00714564,0.178165,-0.983975,0
2483,1906,12,232,0,444,120,5197,349,5546,-0.010656,0.113049,-0.993532,0
4804,3412,26,447,0,857,218,9764,605,10369,-0.00945988,0.155878,-0.987731,0
5083,3798,21,412,0,866,214,10394,625,11019,-0.00416641,0.184704,-0.982785,0
4979,4351,33,482,0,827,230,10902,524,11426,0.00422073,0.332506,-0.943092,0
5313,3642,24,407,0,847,248,10481,495,10976,0.00908308,0.331689,-0.943345,0
2624,1786,10,172,0,381,109,5082,207,5289,0.00424225,0.264294,-0.964433,0
1768,1240,10,140,0,293,92,3543,155,3698,0.00391231,0.25805,-0.966124,0
5137,3539,23,376,0,741,229,10045,386,10431,0.00245735,0.265451,-0.964121,0
4511,3104,23,392,0,711,225,8966,381,9347,0.0237291,0.261897,-0.964804,0
4466,3193,23,347,0,690,195,8914,355,9269,0.0348925,0.271457,-0.961818,0
4526,3312,26,387,0,756,228,9235,423,9658,0.0319781,0.261676,-0.964626,0
4627,3445,32,375,0,799,206,9484,395,9879,0.0371183,0.255085,-0.966206,0
4684,3180,30,447,0,746,224,9311,492,9803,0.0510049,0.224234,-0.9732,0
4562,3797,31,384,0,709,221,9704,517,10221,0.0307309,0.179649,-0.983251,0
5196,3275,35,384,0,771,211,9872,578,10450,0.0101407,0.166006,-0.986073,0
5067,3274,33,431,0,763,252,9820,620,10440,-0.00664132,0.165401,-0.986204,0
5233,3366,29,456,0,788,292,10164,740,10904,-0.0197034,0.178386,-0.983763,0
5089,3414,34,466,0,854,265,10122,639,10761,0.00565317,0.170619,-0.985321,0
5128,3468,34,422,0,873,230,10155,655,10810,0.0330272,0.164531,-0.985819,0
6785,5028,43,633,0,1255,345,14089,771,14860,0.0449408,0.150665,-0.987563,0
2663,1881,17,219,0,447,122,5349,269,5618,0.0395064,0.134785,-0.990087,0
5127,3312,28,364,0,856,227,9914,386,10300,0.0388348,0.128806,-0.990909,0
4616,3136,32,387,0,794,223,9188,382,9570,0.0370822,0.123316,-0.991674,0
4528,3184,35,380,0,742,215,9084,344,9428,0.0431638,0.1167,-0.992229,0
5367,3490,32,413,0,860,244,10406,318,10724,0.0525222,0.108019,-0.99276,0
4616,3153,29,368,0,804,204,9174,243,9417,0.0567719,0.10896,-0.992424,0
5117,3552,34,418,0,861,224,10206,256,10462,0.0551926,0.118839,-0.991378,0
5097,3554,35,415,0,874,241,10216,363,10579,0.055938,0.124256,-0.990672,0
5122,3528,35,453,0,876,236,10250,324,10574,0.0578479,0.121873,-0.990858,0
3515,2472,23,327,0,575,152,7064,285,7349,0.0620718,0.121627,-0.990633,0
5219,3316,29,414,0,814,216,10008,370,10378,0.0602416,0.121085,-0.990812,0
4841,3250,31,401,0,746,220,9489,398,9887,0.0503978,0.122872,-0.991142,0
4835,3005,37,419,0,751,230,9277,384,9661,0.0529856,0.124934,-0.990749,0
4605,2858,47,371,0,1020,266,9167,454,9621,0.0522424,0.118663,-0.991559,0
5015,2785,30,363,0,693,189,9075,382,9457,0.0577488,0.110067,-0.992245,0
5274,3178,33,385,0,780,211,9861,377,10238,0.0562781,0.101842,-0.993207,0
5647,3919,40,443,0,789,210,11048,387,11435,0.0504644,0.0826303,-0.995302,0
4931,2818,30,344,0,716,202,9041,201,9242,0.0422265,0.0635523,-0.997085,0
4707,2859,31,345,0,822,287,9051,1100,10151,0.0193861,-0.0065714,-0.999791,0
4973,2873,31,338,0,721,197,9133,915,10048,0.0231361,-0.00109819,-0.999732,0
5029,3216,32,488,0,824,269,9858,1052,10910,0.0253964,0.00920271,-0.999635,0
5112,3196,33,431,0,771,217,9760,970,10730,0.0307239,0.0235856,-0.99925,0
4962,2958,41,399,0,723,194,9277,849,10126,0.0363583,0.022314,-0.99909,0
4704,2953,36,402,0,726,205,9026,915,9941,0.036788,0.0243654,-0.999026,0
5257,3271,35,430,0,800,215,10008,1037,11045,0.035292,0.0238484,-0.999092,0
5071,3212,38,456,0,867,218,9862,1010,10872,0.0354302,0.0147783,-0.999263,0
5138,3080,39,378,0,763,215,9613,937,10550,0.0320755,0.0127659,-0.999404,0
5142,2839,32,352,0,682,232,9279,997,10276,0.031259,0.00937878,-0.999467,0
4113,2658,28,311,0,668,176,7954,831,8785,0.0333942,0.0131032,-0.999356,0
5500,3461,39,505,0,860,218,10583,1014,11597,0.0322439,0.0112872,-0.999416,0
4997,3313,32,382,0,869,236,9829,1015,10844,0.031342,0.0123439,-0.999433,0
5490,3249,33,503,0,778,218,10271,1043,11314,0.0315103,0.0113535,-0.999439,0
4586,2900,31,388,0,764,248,8917,902,9819,0.0313079,0.0121597,-0.999436,0
4579,2884,30,384,0,718,197,8792,900,9692,0.0308839,0.0104286,-0.999469,0
4941,2974,32,379,0,736,196,9258,868,10126,0.0365364,0.012522,-0.999254,0
5063,2982,32,340,0,785,193,9395,869,10264,0.0341024,0.0141448,-0.999318,0
5129,3232,34,426,0,783,225,9829,954,10783,0.0281061,0.0227225,-0.999347,0
3765,2277,24,237,0,414,131,6848,503,7351,0.0291725,0.0122716,-0.999499,0
2224,1357,18,186,0,338,100,4223,412,4635,0.031413,0.0152216,-0.999391,0
5182,3631,51,506,0,804,247,10421,962,11383,0.032706,0.0112702,-0.999401,0
5180,3293,48,647,0,765,218,10151,978,11129,0.0328999,0.0112853,-0.999395,0
5104,3285,39,444,0,830,288,9990,945,10935,0.0296138,0.0104381,-0.999507,0
5068,3065,36,353,0,861,230,9613,926,10539,0.0299816,0.00889892,-0.999511,0
4640,3801,43,454,0,843,228,10009,946,10955,0.0287744,0.0106269,-0.999529,0
4767,3029,39,410,0,705,221,9171,835,10006,0.0332249,0.0134487,-0.999357,0
4855,2938,32,427,0,747,201,9200,903,10103,0.0300757,0.0136038,-0.999455,0
4607,2828,30,369,0,742,194,8770,867,9637,0.0367634,0.0188052,-0.999147,0
5060,3157,36,380,0,845,216,9694,919,10613,0.03428,0.0174789,-0.999259,0
4865,3162,29,344,0,805,220,9425,832,10257,0.0364864,0.0165382,-0.999197,0
5298,3261,33,415,0,766,246,10019,966,10985,0.0334642,0.014373,-0.999337,0
5070,3404,48,465,0,860,258,10105,953,11058,0.0329433,0.0171111,-0.999311,0
5158,3054,36,369,0,733,208,9558,819,10377,0.0343,0.0165704,-0.999274,0
5016,3274,33,444,0,797,251,9815,972,10787,0.0371572,0.0187464,-0.999134,0
5113,3339,34,514,0,837,253,10090,942,11032,0.0372364,0.0194776,-0.999117,0
5208,3285,32,392,0,776,213,9906,988,10894,0.0371906,0.0172828,-0.999159,0
5020,2976,32,372,0,752,211,9363,937,10300,0.0337839,0.0195536,-0.999238,0
4611,2859,37,399,0,708,218,8832,821,9653,0.0361621,0.0179884,-0.999184,0
4655,2863,42,454,0,765,219,8998,870,9868,0.0350245,0.0172115,-0.999238,0
5266,3259,54,395,0,783,232,9989,912,10901,0.0336829,0.0186364,-0.999259,0
5406,3311,40,474,0,795,238,10264,948,11212,0.0336028,0.0171515,-0.999288,0
5031,3292,38,453,0,808,247,9869,935,10804,0.0339214,0.0194261,-0.999236,0
5092,3247,47,406,0,787,227,9806,960,10766,0.0327797,0.0192277,-0.999278,0
5082,3240,35,427,0,786,218,9788,936,10724,0.0337883,0.0194013,-0.999241,0
5124,3285,39,379,0,758,212,9797,704,10501,0.0348937,0.0165717,-0.999254,0
5233,3175,33,424,0,860,218,9943,975,10918,0.034806,0.0184189,-0.999224,0
3508,1915,20,225,0,433,131,6232,487,6719,0.03372,0.0165591,-0.999294,0
2153,1352,14,183,0,336,106,4144,398,4542,0.0337285,0.0176336,-0.999275,0
5215,3172,33,376,0,783,215,9794,890,10684,0.0350222,0.020844,-0.999169,0
5102,3220,33,433,0,760,240,9788,895,10683,0.0336413,0.0198246,-0.999237,0
5485,3217,34,389,0,834,214,10173,938,11111,0.0359781,0.0162091,-0.999221,0
3541,2200,24,259,0,558,170,6752,664,7416,0.0336947,0.0134246,-0.999342,0
4590,3561,37,453,0,1026,278,9945,1018,10963,0.0321729,0.0124193,-0.999405,0
4518,2858,30,339,0,740,189,8674,850,9524,0.0318942,0.0153997,-0.999373,0
4520,2910,32,345,0,705,193,8705,940,9645,0.0321892,0.0144984,-0.999377,0
5394,3099,31,375,0,873,215,9987,896,10883,0.0322985,0.015872,-0.999352,0
5659,3602,35,395,0,884,235,10810,919,11729,0.0320468,0.0142284,-0.999385,0
4690,2936,31,344,0,700,202,8903,833,9736,0.0311286,0.0174882,-0.999362,0
5004,3065,31,382,0,695,228,9405,877,10282,0.0320747,0.0180196,-0.999323,0
4694,2968,30,362,0,685,193,8932,916,9848,0.0320879,0.0153295,-0.999367,0
4767,2881,35,408,0,714,218,9023,867,9890,0.0321696,0.0162093,-0.999351,0
3270,2045,22,196,0,381,123,6037,487,6524,0.0319082,0.0160797,-0.999361,0
2442,1508,21,187,0,364,107,4629,445,5074,0.0300074,0.0148065,-0.99944,0
4544,2856,38,366,0,691,206,8701,925,9626,0.0318714,0.0117804,-0.999423,0
4708,3032,30,381,0,751,202,9104,834,9938,0.0348697,0.0145026,-0.999287,0
5409,3369,33,416,0,811,276,10314,951,11265,0.036176,0.0154507,-0.999226,0
5096,3287,31,381,0,762,212,9769,931,10700,0.0346759,0.0152058,-0.999283,0
5072,3474,41,510,0,933,255,10285,979,11264,0.0340467,0.0114285,-0.999355,0
3579,2271,22,319,0,651,204,7046,654,7700,0.0328153,0.0136456,-0.999368,0
5163,3128,30,409,0,697,236,9663,870,10533,0.0349154,0.0160399,-0.999262,0
5418,2963,37,365,0,710,214,9707,747,10454,0.0325971,0.0131763,-0.999382,0
3287,2092,22,253,0,496,157,6307,611,6918,0.0330587,0.0127828,-0.999372,0
4700,2913,31,419,0,691,220,8974,892,9866,0.032595,0.0119842,-0.999397,0
5670,2895,30,409,0,760,215,9979,850,10829,0.0314561,0.00998507,-0.999455,0
4669,2937,30,373,0,712,222,8943,771,9714,0.0302983,0.00998457,-0.999491,0
3296,2383,28,278,0,523,152,6660,657,7317,0.0308193,0.0120891,-0.999452,0
4857,2910,30,394,0,735,194,9120,883,10003,0.0331787,0.0161859,-0.999318,0
5209,3412,34,446,0,791,249,10141,918,11059,0.0324604,0.0158781,-0.999347,0
5179,2248,33,298,0,535,198,8491,797,9288,0.0336668,0.0189293,-0.999254,0
2135,1413,15,192,0,349,107,4211,395,4606,0.0331558,0.0182344,-0.999284,0
5383,4185,42,523,0,1176,309,11618,1016,12634,0.0337153,0.0169962,-0.999287,0
4966,3440,35,480,0,794,247,9962,938,10900,0.0311415,0.0144695,-0.99941,0
4559,2885,29,410,0,739,199,8821,857,9678,0.0313176,0.0161999,-0.999378,0
5103,3328,35,488,0,819,249,10022,973,10995,0.031018,0.0158337,-0.999393,0
5088,3466,39,461,0,817,217,10088,966,11054,0.0303997,0.0157099,-0.999414,0
5246,2867,29,273,0,523,157,9095,627,9722,0.0305948,0.0154296,-0.999413,0
2659,1663,18,203,0,402,114,5059,478,5537,0.029478,0.015477,-0.999446,0
4688,2919,35,400,0,700,222,8964,854,9818,0.0303077,0.0132057,-0.999453,0
4889,3304,30,439,0,754,231,9647,932,10579,0.0302674,0.0144246,-0.999438,0
4590,3212,38,485,0,819,196,9340,867,10207,0.0311731,0.0139673,-0.999416,0
4931,3388,44,444,0,779,247,9833,952,10785,0.0301321,0.0146649,-0.999438,0
4802,3478,32,353,0,693,193,9551,871,10422,0.0287221,0.0139317,-0.99949,0
3185,2056,21,278,0,509,138,6187,610,6797,0.0327266,0.0138651,-0.999368,0
5124,3662,41,459,0,836,248,10370,886,11256,0.033197,0.0133423,-0.99936,0
5617,3521,43,601,0,1163,285,11230,900,12130,0.0327478,0.0109433,-0.999404,0
4813,3263,27,330,0,564,142,9139,597,9736,0.0325668,0.0134685,-0.999379,1
4121,2667,26,317,0,621,173,7925,755,8680,0.0313206,0.016381,-0.999375,1
4845,2861,29,338,0,698,192,8963,812,9775,0.0325345,0.0149323,-0.999359,1
4590,2825,31,369,0,713,193,8721,845,9566,0.0292497,0.0147822,-0.999463,1
5268,3270,32,406,0,806,254,10036,978,11014,0.0302215,0.0127457,-0.999462,1
5122,3527,86,618,0,947,248,10548,1011,11559,0.0297925,0.0126884,-0.999476,1
5287,3448,35,441,0,842,262,10315,1027,11342,0.0308405,0.0129184,-0.999441,1
5406,3384,46,496,0,851,232,10415,969,11384,0.0296943,0.0149496,-0.999447,1
3452,2252,27,302,0,593,163,6789,627,7416,0.0321736,0.014691,-0.999374,1
5042,3859,92,478,0,758,228,10457,928,11385,0.0292025,0.0168083,-0.999432,1
4633,2871,29,366,0,706,230,8835,882,9717,0.0291994,0.0160204,-0.999445,1
4544,2976,32,432,0,739,228,8951,911,9862,0.0310911,0.0149295,-0.999405,1
4856,3107,40,532,0,883,243,9661,847,10508,0.0322549,0.0157445,-0.999356,1
4580,2924,31,402,0,506,138,8581,585,9166,0.0329597,0.00931713,-0.999413,1
4107,2670,27,335,0,645,203,7987,794,8781,0.0314301,0.00990483,-0.999457,1
4174,2772,27,359,0,629,221,8182,771,8953,0.031727,0.00930698,-0.999453,1
4140,2668,33,373,0,646,225,8085,820,8905,0.031241,0.00804374,-0.99948,1
5070,3289,42,452,0,664,181,9698,666,10364,0.030705,0.00910468,-0.999487,1
2653,1701,28,228,0,417,120,5147,537,5684,0.0301921,0.00877816,-0.999506,1
5096,3357,44,558,0,827,259,10141,960,11101,0.0312001,0.00692669,-0.999489,1
5310,3654,39,514,0,793,227,10537,942,11479,0.0308592,0.00805356,-0.999491,1
5484,3330,52,392,0,760,267,10285,945,11230,0.0321418,0.00703751,-0.999459,1
4633,2919,37,356,0,703,205,8853,810,9663,0.0325684,0.00240654,-0.999467,1
5636,3300,42,452,0,785,230,10445,955,11400,0.0339632,0.00340816,-0.999417,1
5287,3259,49,450,0,788,225,10058,945,11003,0.0330187,0.00377312,-0.999448,1
5207,3564,90,580,0,994,289,10724,698,11422,0.0322303,0.00444251,-0.999471,1
3545,2251,25,289,0,531,169,6810,646,7456,0.0302516,0.00150064,-0.999541,1
3516,2269,24,308,0,546,165,6828,644,7472,0.032718,0.0046348,-0.999454,1
5190,3239,37,422,0,767,231,9886,1004,10890,0.0313158,0.00383562,-0.999502,1
5183,3208,34,449,0,802,223,9899,984,10883,0.0327972,0.00478396,-0.999451,1
5019,3427,36,461,0,810,246,9999,937,10936,0.0310823,0.00256482,-0.999514,1
5163,3268,33,484,0,799,244,9991,994,10985,0.0313866,0.00442467,-0.999498,1
5150,3251,33,380,0,793,217,9824,930,10754,0.0294336,0.00444967,-0.999557,1
5079,3210,33,464,0,810,219,9815,968,10783,0.0305943,0.00256084,-0.999529,1
5129,3282,33,428,0,792,246,9910,960,10870,0.0341254,0.00178238,-0.999416,1
5118,3419,74,473,0,805,236,10125,984,11109,0.0286479,0.00147571,-0.999589,1
5123,3188,57,399,0,764,228,9759,965,10724,0.0309082,0.00320125,-0.999517,1
5112,3259,54,403,0,787,231,9846,965,10811,0.0311613,0.00243791,-0.999511,1
5152,3198,39,392,0,760,226,9767,925,10692,0.0292909,0.00389277,-0.999563,1
5040,3347,46,414,0,782,239,9868,662,10530,0.0267088,0.000563997,-0.999643,1
4501,2912,31,367,0,686,205,8702,859,9561,0.0273146,-0.00174212,-0.999625,1
5066,3257,38,434,0,786,239,9820,961,10781,0.0298729,0.000658368,-0.999553,1
5842,3233,34,431,0,821,215,10576,981,11557,0.03262,0.00430882,-0.999459,1
5139,3264,46,440,0,807,247,9943,926,10869,0.032873,0.0078759,-0.999428,1
3595,2346,23,261,0,557,157,6939,664,7603,0.0292047,0.00270167,-0.99957,1
5153,3233,34,444,0,803,250,9917,1018,10935,0.0304593,6.71516e-05,-0.999536,1
5134,3358,43,444,0,760,189,9928,681,10609,0.0303247,-0.000909404,-0.99954,1
5423,3317,35,516,0,840,250,10381,667,11048,0.0317269,-0.00096296,-0.999496,1
4610,2913,30,444,0,738,225,8960,919,9879,0.0292727,0.00204965,-0.999569,1
4592,2934,42,402,0,746,205,8921,889,9810,0.0286238,0.00595822,-0.999572,1
4567,3061,31,433,0,741,224,9057,905,9962,0.02705,0.00784119,-0.999603,1
4621,2989,35,466,0,727,225,9063,848,9911,0.0331671,0.00897321,-0.99941,1
5070,3235,41,395,0,760,230,9731,947,10678,0.0339716,0.00499534,-0.99941,1
5142,3279,40,441,0,861,255,10018,1049,11067,0.0310106,0.00501178,-0.999506,1
3454,2365,24,296,0,563,153,6855,682,7537,0.0323494,-0.00370582,-0.99947,1
5130,3313,32,392,0,792,262,9921,1012,10933,0.0285928,-0.00270176,-0.999587,1
5008,3556,32,432,0,844,226,10098,953,11051,0.0257141,0.0032398,-0.999664,1
5718,3287,34,397,0,797,257,10490,707,11197,0.0264837,0.00709255,-0.999624,1
2686,1674,16,174,0,490,131,5171,451,5622,0.0310553,0.00960651,-0.999472,1
3601,2408,22,272,0,619,156,7078,687,7765,0.0362797,0.0132283,-0.999254,1
5128,3474,32,413,0,1003,233,10283,1062,11345,0.033905,0.0106062,-0.999369,1
5214,3518,33,462,0,866,262,10355,984,11339,0.0338907,0.00673466,-0.999403,1
5666,3625,34,404,0,815,226,10770,983,11753,0.0301179,0.0121288,-0.999473,1
5146,3463,36,453,0,849,241,10188,942,11130,0.0296034,0.0159544,-0.999434,1
5319,3451,41,469,0,856,231,10367,966,11333,0.0310732,0.015661,-0.999394,1
5397,3552,43,458,0,758,171,10379,780,11159,0.0332856,0.0163399,-0.999312,1
5330,3521,40,510,0,840,266,10507,984,11491,0.03358,0.0316249,-0.998936,1
5089,3558,36,474,0,867,274,10298,1014,11312,0.0370726,0.0474872,-0.998184,1
3535,2557,22,359,0,620,186,7279,688,7967,0.0372021,0.0571743,-0.997671,1
4996,3255,30,388,0,809,267,9745,939,10684,0.0419992,0.0773885,-0.996116,1
5519,3382,51,393,0,761,243,10349,176,10525,0.0601933,0.130897,-0.989567,1
5368,3614,38,422,0,882,239,10563,579,11142,0.0584455,0.201577,-0.977727,1
4888,3570,28,410,0,807,224,9927,453,10380,0.0647139,0.195679,-0.97853,1
4770,3587,26,441,0,832,247,9903,378,10281,0.0629362,0.185366,-0.980652,1
5342,4044,29,457,0,875,239,10986,426,11412,0.0550316,0.186793,-0.980857,1
5161,3430,27,425,0,784,257,10084,351,10435,0.0383699,0.160565,-0.986279,1
4784,3574,27,388,0,768,219,9760,323,10083,0.0357602,0.127152,-0.991238,1
4742,3662,25,410,0,905,223,9967,367,10334,0.0472528,0.095974,-0.994262,1
3359,2527,20,302,0,607,174,6989,268,7257,0.04888,0.076405,-0.995878,1
4847,3750,28,392,0,816,232,10065,412,10477,0.0502942,0.0660136,-0.99655,1
4630,3519,26,418,0,855,213,9661,372,10033,0.0390356,0.0752212,-0.996402,1
4907,3466,26,452,0,741,237,9829,392,10221,0.0297004,0.0784344,-0.996477,1
5269,3597,28,434,0,854,229,10411,495,10906,0.0260929,0.0776811,-0.996637,1
5728,3629,30,468,0,857,224,10936,515,11451,0.0335265,0.0875137,-0.995599,1
5362,4070,30,398,0,781,174,10815,413,11228,0.0353355,0.107634,-0.993562,1
3500,2193,22,294,0,521,160,6690,398,7088,0.042723,0.0950321,-0.994557,1
4566,2705,27,365,0,631,206,8500,600,9100,0.0450603,0.121407,-0.991579,1
4786,2436,28,291,0,591,164,8296,519,8815,0.0442148,0.111021,-0.992834,1
5672,2732,30,345,0,660,206,9645,659,10304,0.046427,0.115119,-0.992266,1
5127,2261,25,275,0,559,151,8398,618,9016,0.0457333,0.113055,-0.992536,1
5218,2261,27,303,0,576,155,8540,689,9229,0.0439584,0.127047,-0.990922,1
5117,2349,48,337,0,578,156,8585,734,9319,0.0396448,0.11234,-0.992879,1
5684,2553,28,338,0,598,163,9364,728,10092,0.0412124,0.139973,-0.989297,1
3672,1897,19,259,0,415,115,6377,414,6791,0.0363109,0.121832,-0.991886,1
4756,2465,28,343,0,660,163,8415,469,8884,0.0284712,0.13785,-0.990044,1
4543,2456,26,327,0,659,198,8209,431,8640,0.0186826,0.123607,-0.992155,1
4589,2720,27,306,0,624,175,8441,460,8901,0.0128676,0.133122,-0.991016,1
5589,3531,28,368,0,733,227,10476,416,10892,0.0114611,0.154109,-0.987987,1
5284,3336,17,271,0,508,167,9583,246,9829,0.0262393,0.153946,-0.987731,1
2648,1820,14,218,0,401,139,5240,151,5391,0.0828033,0.0420722,-0.995677,1
4790,3572,45,585,0,1099,274,10365,519,10884,0.0772774,-0.00170044,-0.997008,1
4708,3553,27,404,0,735,235,9662,510,10172,0.0538734,-0.0147514,-0.998439,1
4640,3301,24,366,0,729,206,9266,511,9777,0.0378177,-0.0081322,-0.999252,1
5256,3804,35,548,0,897,268,10808,497,11305,0.0543469,0.00777602,-0.998492,1
5312,4050,26,521,0,865,294,11068,516,11584,0.0949034,0.0584086,-0.993771,1
5477,3397,19,338,0,626,191,10048,343,10391,0.106278,0.0394524,-0.993553,1
5207,2980,18,350,0,662,202,9419,264,9683,0.095523,0.0316708,-0.994923,1
2632,2154,24,261,0,494,147,5712,265,5977,0.0937637,0.0335219,-0.99503,1
5304,4573,35,470,0,1056,269,11707,574,12281,0.0811219,0.075749,-0.993822,1
5133,4329,43,589,0,684,203,10981,309,11290,0.0956318,0.0626434,-0.993444,1
5504,4426,28,540,0,1039,304,11841,475,12316,0.082806,0.0621698,-0.994625,1
6159,5266,29,600,0,1223,325,13602,598,14200,0.0578972,0.0651052,-0.996197,1
4267,3449,20,451,0,834,231,9252,494,9746,0.0267167,0.0432577,-0.998707,1
6943,5021,28,643,0,1268,338,14241,811,15052,-0.00151154,0.0526987,-0.998609,1
4409,3310,23,389,0,800,240,9171,555,9726,-0.0159628,0.0153009,-0.999756,1
4305,3336,22,385,0,797,233,9078,633,9711,-0.0120586,-0.0232558,-0.999657,1
5604,4235,24,479,0,1065,277,11684,992,12676,-0.00612765,-0.0209619,-0.999762,1
5370,4081,24,459,0,1031,268,11233,764,11997,0.00987744,-0.0754573,-0.9971,1
4063,2815,17,335,0,760,255,8245,684,8929,0.0061566,-0.0962671,-0.995336,1
5673,3989,24,491,0,920,248,11345,920,12265,-0.00618543,-0.0874325,-0.996151,1
5407,3788,23,412,0,934,240,10804,884,11688,-0.0186577,-0.0613039,-0.997945,1
6167,2781,18,304,0,621,180,10071,586,10657,-0.0226613,-0.0572732,-0.998101,1
2873,1929,18,250,0,450,141,5661,396,6057,-0.025184,-0.0463459,-0.998608,1
6331,3338,34,386,0,795,225,11109,694,11803,-0.0333073,-0.0180565,-0.999282,1
5732,3463,28,403,0,974,234,10834,625,11459,-0.0121725,-0.00936792,-0.999882,1
6011,3584,21,280,0,620,160,10676,428,11104,-0.00086045,-0.011713,-0.999931,1
2410,1537,14,176,0,367,99,4603,260,4863,0.00531919,-0.0118659,-0.999915,1
5214,3311,34,470,0,851,266,10146,602,10748,0.0190967,0.0158691,-0.999692,1
4832,3379,25,439,0,839,224,9738,583,10321,0.0146422,0.00589614,-0.999875,1
4814,3414,28,402,0,802,217,9677,517,10194,-0.00922997,-0.00468422,-0.999946,1
4591,3533,28,447,0,832,252,9683,547,10230,-0.0232177,-0.00135397,-0.999729,1
4705,3628,23,463,0,801,252,9872,525,10397,-0.0234376,-0.010007,-0.999675,1
4684,3575,23,409,0,815,224,9730,490,10220,-0.0147512,0.0171081,-0.999745,1
4526,3462,22,437,0,790,247,9484,518,10002,-0.00791705,-0.00713611,-0.999943,1
5018,4031,31,490,0,874,280,10724,552,11276,-0.00304504,0.00724194,-0.999969,1
5360,3915,30,489,0,875,286,10955,594,11549,-0.00718326,0.00684885,-0.999951,1
5404,3692,30,499,0,879,245,10749,521,11270,-0.0285177,0.174318,-0.984276,1
5100,2715,18,323,0,569,185,8910,348,9258,-0.0213509,0.113476,-0.993311,1
3748,2452,13,252,0,474,143,7082,264,7346,-0.0198447,0.0772058,-0.996818,1
5093,4072,26,489,0,890,269,10839,476,11315,-0.0137825,0.0914374,-0.995715,1
5098,3918,24,436,0,890,304,10670,494,11164,-0.00564669,0.0881823,-0.996088,1
4792,3782,34,469,0,825,244,10146,434,10580,0.0159679,0.0782806,-0.996803,1
5231,4148,54,465,0,977,273,11148,552,11700,0.021706,0.0801777,-0.996544,1
5573,4318,37,541,0,948,247,11664,387,12051,0.0160806,0.0674554,-0.997593,1
3521,3017,27,332,0,660,205,7762,412,8174,0.00372045,0.049264,-0.998779,1
5369,4259,38,487,0,986,280,11419,662,12081,-0.00337773,0.0442975,-0.999013,1
6213,4025,25,315,0,638,182,11398,457,11855,0.00544794,0.0450185,-0.998971,1
4985,4165,29,465,0,939,247,10830,663,11493,0.00857703,0.0446747,-0.998965,1
5207,4356,33,492,0,1043,275,11406,817,12223,0.00886738,0.0641325,-0.997902,1
5381,4232,39,501,0,1029,289,11471,896,12367,0.00602602,0.0908682,-0.995845,1
4858,4535,36,450,0,950,260,11089,800,11889,0.00165592,0.113498,-0.993537,1
4792,3923,29,479,0,938,279,10440,789,11229,-0.00145712,0.109426,-0.993994,1
5811,4328,40,483,0,1000,270,11932,841,12773,0.00813068,0.105774,-0.994357,1
5484,3936,37,449,0,938,285,11129,716,11845,0.0131228,0.108953,-0.99396,1
3463,2780,25,371,0,676,185,7500,548,8048,0.0168393,0.0895433,-0.995841,1
5762,4304,33,575,0,1054,283,12011,880,12891,0.00270367,0.093568,-0.995609,1
4989,4011,28,495,0,970,281,10774,628,11402,0.0048929,0.103583,-0.994609,1
6722,4716,30,579,0,1091,315,13453,477,13930,-0.0132637,0.0661869,-0.997719,1
4992,4072,33,466,0,911,249,10723,349,11072,-0.0056584,0.0118042,-0.999914,1
5577,4202,31,452,0,907,286,11455,399,11854,-0.00589,0.0188447,-0.999805,1
4737,3510,26,423,0,746,239,9681,299,9980,0.00597444,0.0307902,-0.999508,1
4581,2754,25,354,0,614,171,8499,314,8813,0.00843347,0.0190056,-0.999784,1
5132,3059,30,344,0,733,236,9534,443,9977,0.00458502,0.0595878,-0.998213,1
5490,2724,30,378,0,716,212,9550,473,10023,0.0030443,0.0319727,-0.999484,1
5277,2301,25,310,0,593,188,8694,492,9186,0.0126569,0.0473781,-0.998797,1
5313,2167,73,319,0,526,172,8570,551,9121,0.0239127,0.0324853,-0.999186,1
4681,835,16,133,0,204,68,5937,254,6191,0.0490062,-0.0441804,-0.997821,1
5914,1423,31,210,0,351,119,8048,456,8504,0.0770409,-0.0699654,-0.99457,1
4797,1257,25,176,0,372,97,6724,350,7074,0.0857562,-0.0463271,-0.995238,1
4717,1528,29,200,0,354,106,6934,361,7295,0.0814566,-0.0707219,-0.994165,1
4743,1614,28,216,0,387,115,7103,355,7458,0.0688757,-0.110142,-0.991526,1
4621,1850,25,267,0,420,137,7320,355,7675,0.0427407,-0.102956,-0.993767,1
4815,1996,25,243,0,457,140,7676,422,8098,0.045261,-0.0840082,-0.995437,1
4768,2439,29,284,0,562,184,8266,389,8655,0.0544096,-0.069959,-0.996065,1
4696,2507,35,314,0,555,179,8286,367,8653,0.0449354,-0.0546689,-0.997493,1
4867,2826,28,332,0,637,178,8868,449,9317,0.0500792,-0.032899,-0.998203,1
5704,3151,31,475,0,759,195,10315,453,10768,0.063291,0.0241816,-0.997702,1
5015,3337,27,364,0,810,207,9760,340,10100,0.110824,-0.0223412,-0.993589,1
4620,3088,25,391,0,730,194,9048,629,9677,0.0621972,0.00445224,-0.998054,1
5210,3745,24,444,0,828,233,10484,353,10837,0.030767,0.0294943,-0.999091,1
5171,3852,42,552,0,913,266,10796,386,11182,-0.0124775,0.108114,-0.99406,1
5230,3809,24,484,0,909,239,10695,440,11135,-0.0177743,0.148922,-0.988689,1
3616,2790,22,332,0,638,180,7578,292,7870,-0.00690037,0.13459,-0.990877,1
3636,2878,22,336,0,642,175,7689,277,7966,0.00537555,0.144351,-0.989512,1
6098,4391,34,495,0,1058,278,12354,384,12738,-0.00500016,0.219905,-0.975508,1
5737,4697,32,541,0,979,228,12214,335,12549,-0.00617178,0.194368,-0.980909,1
3144,2081,15,250,0,491,132,6113,229,6342,0.00406117,0.0649886,-0.997878,1
2505,1904,12,228,0,465,133,5247,301,5548,-0.00690675,0.0323015,-0.999454,1
5659,4284,28,545,0,1092,292,11900,775,12675,-0.0123397,0.0494963,-0.998698,1
6112,4385,27,523,0,1034,278,12359,934,13293,-0.0212306,0.0282535,-0.999375,1
3666,2727,36,431,0,667,193,7720,740,8460,-0.0141881,-0.0432967,-0.998961,1
5795,4066,29,455,0,882,253,11480,907,12387,-0.0201424,-0.0327201,-0.999262,1
5816,3953,25,467,0,972,252,11485,872,12357,-0.026288,-0.0383869,-0.998917,1
5789,3900,27,497,0,947,252,11412,797,12209,-0.0236826,-0.0406907,-0.998891,1
5272,3486,30,451,0,866,237,10342,668,11010,-0.0162982,-0.0362772,-0.999209,1
5134,3399,33,473,0,861,220,10120,616,10736,-0.0125654,-0.0344357,-0.999328,1
5065,3307,31,434,0,799,238,9874,565,10439,-0.00982442,-0.0139188,-0.999855,1
5035,3619,53,501,0,842,236,10286,510,10796,0.0115846,0.0152652,-0.999816,1
5237,3493,31,406,0,804,234,10205,474,10679,0.0106369,0.00148248,-0.999942,1
4949,3615,26,442,0,938,228,10198,487,10685,0.0119593,-0.0124916,-0.99985,1
4845,3702,28,479,0,852,241,10147,430,10577,0.00527661,-0.0285664,-0.999578,1
5431,3824,22,465,0,891,252,10885,549,11434,-0.0245355,0.0654511,-0.997554,1
5471,3132,18,311,0,639,171,9742,313,10055,-0.0375157,0.0456518,-0.998253,1
2244,1536,9,149,0,429,85,4452,159,4611,-0.0321756,-0.0141394,-0.999382,1
4922,3491,24,428,0,772,245,9882,489,10371,-0.0438055,0.000845078,-0.99904,1
4590,3333,26,379,0,731,219,9278,371,9649,-0.0445239,-0.00875832,-0.99897,1
4677,3216,27,431,0,718,205,9274,372,9646,-0.0489059,0.0773683,-0.995802,1
4467,3213,26,411,0,882,216,9215,363,9578,-0.0481188,0.0521088,-0.997482,1
3192,2036,20,255,0,407,144,6054,203,6257,-0.0417704,0.0200079,-0.998927,1
3374,2547,16,292,0,586,177,6992,289,7281,-0.033832,2.32451e-05,-0.999428,1
4422,3378,23,384,0,724,250,9181,393,9574,-0.0209862,0.0122337,-0.999705,1
4433,3380,23,422,0,800,216,9274,358,9632,-0.00584986,0.00688305,-0.999959,1
4811,3632,29,438,0,786,233,9929,319,10248,-0.00150968,0.0123239,-0.999923,1
4742,3674,30,507,0,821,231,10005,310,10315,0.00791351,0.0231874,-0.9997,1
4956,3575,24,444,0,782,263,10044,309,10353,0.00490188,0.0352948,-0.999365,1
3193,3360,23,423,0,557,198,7754,240,7994,0.00783673,0.0347444,-0.999365,1
5306,3758,43,483,0,877,248,10715,316,11031,-0.00935614,0.0366471,-0.999284,1
4635,3524,34,419,0,808,238,9658,223,9881,-0.0332646,0.0402462,-0.998636,1
4832,3152,26,433,0,765,203,9411,192,9603,-0.0484545,-0.0125464,-0.998747,1
5028,3800,36,538,0,818,250,10470,217,10687,-0.0803042,0.0677789,-0.994463,1
5030,3732,38,423,0,834,239,10296,299,10595,-0.0370898,0.00502667,-0.999299,1
5119,2613,24,325,0,594,209,8884,175,9059,-0.0189607,0.00134747,-0.999819,1
2640,1925,20,252,0,455,174,5466,213,5679,-0.0167018,0.00102446,-0.99986,1
4625,3340,45,445,0,829,255,9539,302,9841,-0.010364,0.0287043,-0.999534,1
4720,4145,35,438,0,854,222,10414,322,10736,-0.00744021,0.0221239,-0.999728,1
4713,3571,36,428,0,843,245,9836,399,10235,-0.014414,0.0129622,-0.999812,1
5349,3707,39,437,0,864,249,10645,377,11022,-0.0123932,0.0111214,-0.999861,1
4854,4192,38,695,0,1260,338,11377,238,11615,-0.0210423,0.0628447,-0.997801,1
4328,3762,24,422,0,757,237,9530,220,9750,-0.0239963,0.0701699,-0.997246,1
4388,3347,25,406,0,724,242,9132,214,9346,-0.0297006,0.0911075,-0.995398,1
4150,3077,25,354,0,659,210,8475,257,8732,-0.0274672,0.0657104,-0.997461,1
4110,3310,37,336,0,700,219,8712,242,8954,-0.0239103,0.0614241,-0.997825,1
4460,2981,23,338,0,656,204,8662,283,8945,-0.00731762,0.0218412,-0.999735,1
5964,2931,25,342,0,623,177,10062,347,10409,0.00697895,0.015521,-0.999855,1
4747,2582,25,438,0,860,256,8908,458,9366,0.0182297,0.0194098,-0.999645,1
5541,2502,30,292,0,567,164,9096,411,9507,0.0112045,0.0484213,-0.998764,1
5188,2239,27,274,0,534,168,8430,433,8863,-0.000894218,0.0380885,-0.999274,1
5248,1955,28,241,0,462,138,8072,451,8523,9.63653e-05,0.0265969,-0.999646,1
5149,1537,34,242,0,422,129,7513,455,7968,0.00680829,0.0057989,-0.99996,1
4809,1387,35,230,0,345,116,6922,459,7381,0.0139081,-0.00494898,-0.999891,1
5028,1359,32,193,0,349,101,7062,423,7485,0.0190983,-0.0211657,-0.999594,1
5106,1607,29,286,0,381,133,7542,454,7996,0.0224448,-0.0166213,-0.99961,1
4902,1750,29,260,0,474,124,7539,491,8030,0.00566402,-0.0119474,-0.999913,1
4941,2025,29,297,0,567,174,8033,411,8444,-0.0108697,-0.00949852,-0.999896,1
4705,2385,27,329,0,556,156,8158,420,8578,-0.019085,-0.0171951,-0.99967,1
4885,2688,27,367,0,626,187,8780,396,9176,0.0029053,-0.0262334,-0.999652,1
5145,2968,29,405,0,713,201,9461,353,9814,0.0267991,0.0127043,-0.99956,1
5133,3263,30,371,0,757,242,9796,346,10142,0.0707447,-0.0165464,-0.997357,1
4560,3327,34,371,0,717,216,9225,389,9614,0.124106,-0.0505407,-0.990981,1
5145,4113,33,456,0,914,252,10913,448,11361,0.130709,0.0143084,-0.991318,1
5484,4509,25,479,0,965,260,11722,398,12120,0.0808563,0.09646,-0.992047,1
6220,5545,35,654,0,1327,371,14152,580,14732,0.0697982,0.158551,-0.984881,1
4445,3824,20,413,0,892,235,9829,369,10198,0.0552688,0.177713,-0.982529,1
6660,5424,27,608,0,916,253,13888,411,14299,0.0567386,0.179242,-0.982168,1
4271,3711,19,430,0,860,240,9531,432,9963,0.043272,0.130988,-0.990439,1
6172,5110,25,624,0,1245,344,13520,688,14208,0.0126324,0.0729382,-0.997256,1
6212,4013,18,354,0,787,205,11589,561,12150,-0.017987,-0.0383771,-0.999101,1
2669,2079,14,211,0,460,120,5553,416,5969,-0.0309081,-0.0625534,-0.997563,1
5864,4403,29,636,0,1037,298,12267,856,13123,-0.0471945,-0.0254178,-0.998562,1
5961,4329,31,479,0,929,258,11987,779,12766,-0.0533023,0.010733,-0.998521,1
3640,2848,37,303,0,634,191,7653,431,8084,-0.0558139,-0.00233918,-0.998438,1
5759,4394,37,503,0,959,272,11924,616,12540,-0.0551159,0.000555964,-0.99848,1
5823,4156,31,454,0,932,258,11654,615,12269,-0.056259,-0.00866009,-0.998379,1
7824,3533,22,334,0,642,209,12564,394,12958,-0.0404942,-0.0209699,-0.99896,1
2998,2152,15,256,0,531,136,6088,276,6364,-0.0347051,-0.0509689,-0.998097,1
5608,3968,26,438,0,895,246,11181,530,11711,-0.0152177,0.0868464,-0.996105,1
5560,2751,24,311,0,611,179,9436,339,9775,-0.0222746,0.0519547,-0.998401,1
2311,1550,12,158,0,307,90,4428,161,4589,-0.0323298,-0.0275212,-0.999098,1
1825,1272,11,146,0,286,85,3625,166,3791,-0.0253573,-0.0177542,-0.999521,1
5608,3773,26,444,0,854,272,10977,443,11420,-0.0263617,0.0552093,-0.998127,1
4994,3456,25,407,0,780,221,9883,430,10313,-0.0360629,0.0560365,-0.997777,1
3394,2391,17,307,0,591,175,6875,306,7181,-0.0334737,0.0638388,-0.997399,1
5208,3286,25,409,0,753,217,9898,356,10254,-0.0203477,0.0957068,-0.995202,1
4890,3211,26,375,0,762,213,9477,431,9908,-0.00628052,0.0971495,-0.99525,1
3171,2187,21,273,0,485,170,6307,209,6516,-0.00362983,0.0932505,-0.995636,1
3118,2137,16,283,0,489,155,6198,184,6382,-0.00567389,0.0520906,-0.998626,1
4669,3031,28,345,0,649,198,8920,209,9129,-0.014789,0.105819,-0.994275,1
4656,2900,23,325,0,700,213,8817,212,9029,-0.00319645,0.0967342,-0.995305,1
4479,2900,29,315,0,623,231,8577,201,8778,-0.00971322,0.0465253,-0.99887,1
4930,3076,27,392,0,698,223,9346,234,9580,-0.0349162,0.102748,-0.994094,1
4243,2774,25,379,0,629,224,8274,264,8538,-0.0269008,0.086362,-0.995901,1
5472,3471,31,455,0,766,243,10438,339,10777,-0.0176782,0.0651455,-0.997719,1
4958,3239,31,395,0,768,212,9603,342,9945,-0.000899781,0.0456111,-0.998959,1
6303,3495,30,473,0,782,247,11330,341,11671,0.00572522,0.0465619,-0.998899,1
4964,3384,34,456,0,814,184,9836,265,10101,0.00437961,0.0488769,-0.998795,1
3527,2396,35,292,0,583,163,6996,220,7216,0.00285377,0.0538996,-0.998542,1
4889,3388,35,437,0,769,232,9750,304,10054,-0.0168336,0.066068,-0.997673,1
4861,3642,33,448,0,824,247,10055,168,10223,-0.0364418,0.0968912,-0.994628,1
3753,2757,30,381,0,621,171,7713,168,7881,-0.032057,0.103082,-0.994156,1
4621,3554,31,402,0,780,228,9616,210,9826,-0.0259672,0.0870939,-0.995862,1
4679,3312,30,364,0,691,206,9282,205,9487,-0.0244252,0.0599965,-0.9979,1
4546,3218,33,357,0,631,192,8977,256,9233,-0.0172969,0.036392,-0.999188,1
4551,2741,25,315,0,604,172,8408,201,8609,-0.0114486,0.0145476,-0.999829,1
4653,2846,25,338,0,584,165,8611,215,8826,-0.00490675,-0.0102868,-0.999935,1
4877,2837,29,304,0,593,195,8835,311,9146,-0.00212988,-0.0303518,-0.999537,1
5503,2829,32,374,0,658,195,9591,262,9853,0.00537222,-0.0231781,-0.999717,1
4927,2736,33,332,0,617,190,8835,282,9117,0.0119403,-0.0373749,-0.99923,1
4661,2527,30,302,0,577,171,8268,275,8543,0.0190576,-0.0348345,-0.999211,1
4828,2723,30,299,0,543,169,8592,289,8881,0.019649,-0.0270107,-0.999442,1
5483,2679,33,321,0,600,185,9301,341,9642,0.0249377,-0.0141307,-0.999589,1
5116,2662,34,316,0,588,183,8899,343,9242,0.0270324,-0.00364356,-0.999628,1
5695,2626,28,307,0,635,185,9476,390,9866,0.0270998,-0.00661763,-0.999611,1
5369,2671,28,359,0,605,168,9200,392,9592,0.0265501,-0.000466574,-0.999647,1
5747,2661,28,346,0,647,168,9597,401,9998,0.0168378,0.000538493,-0.999858,1
5606,2355,26,276,0,536,180,8979,383,9362,0.00373055,0.00760214,-0.999964,1
5219,2200,29,246,0,469,158,8321,441,8762,-0.00738071,0.00755098,-0.999944,1
5197,1966,26,242,0,483,150,8064,419,8483,-0.00272872,-0.0149886,-0.999884,1
5541,1873,33,247,0,445,140,8279,408,8687,-0.00396779,-0.0292056,-0.999566,1
4421,1640,30,208,0,374,122,6795,346,7141,-0.00426799,-0.0525586,-0.998609,1
5564,1764,32,225,0,450,123,8158,413,8571,-0.00507636,-0.0749159,-0.997177,1
4371,1442,26,197,0,355,107,6498,361,6859,0.000443206,-0.0782041,-0.996937,1
4946,1736,30,267,0,457,150,7586,431,8017,-0.000270935,-0.0820974,-0.996624,1
4957,1765,29,219,0,419,119,7508,441,7949,0.00551344,-0.0704402,-0.997501,1
4639,1526,25,208,0,376,109,6883,335,7218,0.00641462,-0.11305,-0.993569,1
4426,1385,25,206,0,386,116,6544,302,6846,0.00442823,-0.230005,-0.973179,1
4737,1518,34,209,0,370,123,6991,304,7295,0.00457914,-0.260187,-0.965547,1
4766,1659,39,221,0,385,116,7186,336,7522,0.00943041,-0.13644,-0.990604,1
4716,2009,29,227,0,404,119,7504,398,7902,0.0144707,-0.141351,-0.989854,1
4804,2262,27,302,0,525,147,8067,365,8432,0.00711885,-0.103931,-0.994559,1
4440,2181,24,291,0,487,140,7563,354,7917,-0.00338223,-0.131492,-0.991311,1
4220,2224,26,304,0,529,171,7474,402,7876,-0.0104538,-0.0936099,-0.995554,1
4787,2639,27,357,0,620,173,8603,411,9014,-0.0199186,-0.061154,-0.99793,1
4797,2746,29,318,0,666,178,8734,453,9187,-0.0251906,-0.030585,-0.999215,1
4425,2665,27,342,0,603,168,8230,417,8647,-0.0331076,-0.0194911,-0.999262,1
4814,2965,26,335,0,663,216,9019,436,9455,-0.0339637,-0.00177816,-0.999421,1
5116,3173,26,357,0,723,202,9597,374,9971,-0.0243239,0.122533,-0.992166,1
3372,2380,17,239,0,485,128,6621,166,6787,0.036895,0.198769,-0.979352,1
5267,4256,29,501,0,963,271,11287,346,11633,0.108093,0.163654,-0.980578,1
4894,4396,33,648,0,1002,257,11230,289,11519,0.202051,0.0590803,-0.977591,1
5466,4414,24,530,0,1035,284,11753,322,12075,0.194193,0.0727894,-0.978259,1
5342,4457,26,549,0,1098,308,11780,444,12224,0.147137,0.097157,-0.984333,1
5356,4421,25,508,0,1076,283,11669,445,12114,0.0893699,0.104109,-0.990542,1
6214,5111,29,577,0,1250,324,13505,579,14084,0.0424764,0.0923343,-0.994822,1
6307,5127,20,420,0,862,229,12965,448,13413,0.00560409,0.0823857,-0.996585,1
5757,4737,24,562,0,1128,301,12509,583,13092,0.00400315,0.0499352,-0.998744,1
5086,4254,36,484,0,1077,273,11210,580,11790,0.00802795,0.0211946,-0.999743,1
4979,3956,22,444,0,961,252,10614,680,11294,-0.0154582,-0.0612128,-0.998005,1
5171,3980,26,481,0,968,247,10873,851,11724,-0.0219011,-0.0382782,-0.999027,1
5612,4031,26,391,0,822,232,11114,785,11899,-0.0466318,-0.00727034,-0.998886,1
5204,3459,32,466,0,830,214,10205,654,10859,-0.0619145,-0.00224857,-0.998079,1
5103,3243,27,446,0,799,205,9823,594,10417,-0.0674739,-0.00426476,-0.997712,1
3527,2333,19,302,0,524,179,6884,403,7287,-0.060828,-0.0216293,-0.997914,1
5478,3521,27,413,0,778,221,10438,517,10955,-0.0538923,0.00764829,-0.998517,1
5739,3554,27,415,0,851,243,10829,552,11381,-0.0441965,-0.00550651,-0.999008,1
4906,3332,29,446,0,759,251,9723,516,10239,-0.0412784,-0.0199993,-0.998948,1
4825,3334,23,438,0,762,247,9629,431,10060,-0.0381105,0.00562941,-0.999258,1
4741,3368,22,417,0,740,235,9523,438,9961,-0.0396099,0.0175018,-0.999062,1
4606,3291,23,412,0,731,233,9296,440,9736,-0.0419928,0.0709146,-0.996598,1
5222,3511,24,508,0,797,257,10319,387,10706,-0.038727,0.0638833,-0.997206,1
4906,3429,31,426,0,747,229,9768,428,10196,-0.0418262,0.100129,-0.994095,1
5165,3275,25,390,0,744,209,9808,375,10183,-0.0403508,0.0980879,-0.994359,1
4835,3475,26,374,0,515,148,9373,253,9626,-0.0443184,0.095344,-0.994457,1
3385,2280,17,262,0,490,139,6573,232,6805,-0.0462821,0.0700622,-0.996468,1
4329,2879,22,315,0,601,195,8341,290,8631,-0.0606015,0.0887988,-0.994204,1
4173,2478,22,295,0,571,164,7703,191,7894,-0.0695174,0.126617,-0.989513,1
4787,2459,24,301,0,616,161,8348,179,8527,-0.0803028,0.170046,-0.982159,1
4550,2627,33,309,0,585,169,8273,196,8469,-0.0491036,0.116097,-0.992023,1
5058,2996,50,351,0,608,201,9264,257,9521,-0.0550666,0.177313,-0.982613,1
4744,2532,21,253,0,423,136,8109,172,8281,-0.0825037,0.149711,-0.985282,1
4478,2646,27,372,0,620,200,8343,237,8580,-0.0670029,0.143275,-0.987412,1
5214,3389,38,440,0,796,246,10123,255,10378,-0.0494379,0.0697603,-0.996338,1
5356,3432,34,471,0,809,221,10323,269,10592,-0.024797,0.0128623,-0.99961,1
3756,2541,19,366,0,575,185,7442,189,7631,-0.0269013,-0.0063896,-0.999618,1
5208,3968,26,486,0,783,215,10686,240,10926,-0.0219382,-0.00691033,-0.999735,1
4951,3635,27,496,0,808,253,10170,267,10437,0.0338207,0.465133,-0.884594,1
4693,3583,28,439,0,771,245,9759,212,9971,0.0718661,0.469694,-0.879899,1
5072,3298,33,423,0,715,229,9770,262,10032,0.054503,0.496672,-0.866226,1
3229,2150,19,309,0,487,159,6353,196,6549,0.0686931,0.549347,-0.832766,1
5194,3183,27,451,0,731,228,9814,278,10092,0.0072854,0.500459,-0.865729,1
5097,2985,31,414,0,671,208,9406,264,9670,-0.0571664,0.0308594,-0.997888,1
5235,2675,28,372,0,648,183,9141,251,9392,-0.0836325,-0.0366973,-0.995821,1
5248,2466,30,364,0,595,183,8886,309,9195,-0.077682,-0.0443521,-0.995991,1
5221,2182,35,296,0,520,164,8418,286,8704,-0.0574041,-0.0958038,-0.993744,1
5338,2061,29,295,0,578,151,8452,319,8771,-0.0359652,-0.0385016,-0.998611,1
5290,1711,29,217,0,452,120,7819,368,8187,-0.0319537,-0.032808,-0.998951,1
4996,1314,28,177,0,383,100,6998,322,7320,-0.0453719,-0.0992343,-0.994029,1
5965,1116,27,193,0,315,106,7722,393,8115,-0.0493005,-0.0328515,-0.998244,1
5009,1130,27,163,0,321,102,6752,372,7124,-0.0528458,-0.0126748,-0.998522,1
4968,1047,27,149,0,290,83,6564,400,6964,-0.048295,-0.0278421,-0.998445,1
5271,1200,28,205,0,311,89,7104,373,7477,-0.0444915,-0.0280537,-0.998616,1
4763,1314,25,197,0,364,97,6760,368,7128,-0.0358169,-0.0202731,-0.999153,1
4642,1460,29,209,0,376,123,6839,379,7218,-0.0524746,-0.0309694,-0.998142,1
5001,1684,29,243,0,400,142,7499,397,7896,-0.0618399,-0.0189671,-0.997906,1
4899,2276,36,363,0,650,191,8415,480,8895,-0.0726755,-0.0121295,-0.997282,1
3240,1468,21,189,0,436,100,5454,267,5721,-0.077707,-0.0111273,-0.996914,1
4588,2226,28,268,0,526,192,7828,352,8180,-0.0641101,-0.0134367,-0.997852,1
4684,2205,31,281,0,501,150,7852,339,8191,-0.0613367,-0.0376593,-0.997406,1
4486,2361,29,269,0,503,146,7794,371,8165,-0.0680307,-0.0453053,-0.996654,1
4421,2338,29,285,0,559,152,7784,482,8266,-0.0583131,-0.0150766,-0.998184,1
4656,2500,26,315,0,623,162,8282,458,8740,-0.052361,-0.00441545,-0.998618,1
4659,2683,28,316,0,672,196,8554,346,8900,-0.0228644,0.0256433,-0.99941,1
5000,3126,30,427,0,733,191,9507,347,9854,0.0318013,0.0201494,-0.999291,1
4972,3456,33,452,0,831,231,9975,329,10304,0.0919002,-0.0209227,-0.995548,1
5403,4159,31,511,0,982,279,11365,428,11793,0.0544832,0.0205912,-0.998302,1
5891,4666,36,600,0,1151,298,12642,526,13168,0.00744076,0.095123,-0.995438,1
6220,5837,36,851,0,1571,237,14752,414,15166,-0.0107708,0.119388,-0.992789,1
3586,2765,16,340,0,660,188,7555,289,7844,-0.00590577,0.125606,-0.992063,1
5585,4438,24,515,0,1093,331,11986,484,12470,0.0207544,0.158639,-0.987119,1
5547,4571,25,541,0,1072,301,12057,407,12464,0.0266301,0.166675,-0.985652,1
4368,2897,19,372,0,718,221,8595,362,8957,0.00416221,0.152502,-0.988294,1
4640,3182,24,358,0,763,208,9175,434,9609,-0.0415602,-0.0565838,-0.997532,1
5081,3206,25,462,0,773,214,9761,756,10517,-0.0671631,-0.0713103,-0.99519,1
5178,3228,28,418,0,829,193,9874,482,10356,-0.0679445,-0.0804324,-0.994442,1
5681,3568,26,442,0,896,301,10914,647,11561,-0.0641303,-0.0578778,-0.996262,1
5487,3400,29,412,0,743,146,10217,409,10626,-0.0594937,-0.0552224,-0.9967,1
3701,2413,24,293,0,545,168,7144,394,7538,-0.0526311,-0.0548195,-0.997108,1
5457,3685,31,494,0,869,279,10815,634,11449,-0.0354692,-0.0506686,-0.998086,1
5927,3831,29,482,0,942,249,11460,584,12044,-0.0320975,-0.062029,-0.997558,1
5455,3743,29,405,0,829,256,10717,341,11058,-0.0333519,-0.0675218,-0.99716,1
4634,2614,24,300,0,586,172,8330,332,8662,-0.0411606,-0.0663662,-0.996946,1
5450,3809,34,482,0,868,273,10916,503,11419,-0.0352297,0.0890885,-0.9954,1
5338,2861,18,315,0,617,192,9341,328,9669,-0.0551329,0.0706432,-0.995977,1
2563,1493,11,192,0,345,95,4699,187,4886,-0.0597402,-0.00729516,-0.998187,1
2338,1589,15,201,0,363,111,4617,196,4813,-0.0669054,-0.0181988,-0.997593,1
5073,2860,26,377,0,655,198,9189,377,9566,-0.0724802,0.0111917,-0.997307,1
4638,3567,34,451,0,723,208,9621,377,9998,-0.0778947,0.0443929,-0.995973,1
5531,2802,28,381,0,647,210,9599,366,9965,-0.0658386,0.0407469,-0.996998,1
4716,3227,29,459,0,642,203,9276,355,9631,-0.0647589,0.0455853,-0.996859,1
4439,2571,32,322,0,591,183,8138,290,8428,-0.0446761,0.0552013,-0.997475,1
4447,2540,30,313,0,566,179,8075,272,8347,-0.0450188,0.0577156,-0.997318,1
4471,2382,24,328,0,544,186,7935,207,8142,-0.0691082,0.0642621,-0.995537,1
4602,2194,30,277,0,483,158,7744,231,7975,-0.0485643,0.0135914,-0.998728,1
3895,1866,28,236,0,411,138,6574,175,6749,-0.0677389,0.0272259,-0.997332,1
4990,2040,38,248,0,426,148,7890,248,8138,0.089538,0.217023,-0.972051,1
4536,1238,20,157,0,269,91,6311,130,6441,0.0462346,0.218166,-0.974816,1
3291,1238,19,174,0,292,97,5111,150,5261,0.0686831,0.143564,-0.987255,1
5358,2164,25,266,0,519,148,8480,236,8716,0.142444,0.237807,-0.960811,1
5053,2527,23,373,0,806,236,9018,249,9267,0.0658296,0.0620725,-0.995898,1
2878,1444,12,173,0,376,110,4993,120,5113,0.0678739,0.0176266,-0.997538,1
3915,2383,19,279,0,566,216,7378,179,7557,0.151581,0.00539826,-0.98843,1
4251,2661,18,347,0,588,193,8058,139,8197,-0.122841,-0.112436,-0.986037,1
4575,2803,19,337,0,588,190,8512,-1000,-1000,-1,-1,-1,1
4729,3129,28,296,0,456,149,8787,132,8919,-0.0550102,0.141785,-0.988368,1
3885,2011,20,245,0,431,142,6734,124,6858,-0.068289,-0.0186206,-0.997492,1
4957,2752,26,340,0,651,211,8937,-1000,-1000,-1,-1,-1,1
5070,2582,29,349,0,693,217,8940,248,9188,-0.0356235,-0.0606425,-0.997524,1
5257,2432,31,341,0,558,185,8804,295,9099,-0.0237399,-0.0315904,-0.999219,1
5320,2368,29,289,0,556,151,8713,330,9043,-0.0174031,-0.00350483,-0.999842,1
5579,2335,32,339,0,553,180,9018,350,9368,-0.0204704,-0.00635965,-0.99977,1
5223,2203,31,328,0,579,178,8542,332,8874,-0.0287477,-0.0326443,-0.999053,1
5084,2240,29,257,0,493,142,8245,347,8592,-0.0292709,-0.0512879,-0.998255,1
5326,2416,52,410,0,797,222,9223,459,9682,-0.0140088,-0.066751,-0.997671,1
5354,2289,28,300,0,530,178,8679,420,9099,0.00396746,-0.087008,-0.9962,1
4914,1976,22,174,0,339,100,7525,262,7787,0.0035382,-0.0918076,-0.995771,1
4496,1828,23,229,0,449,127,7152,333,7485,-0.0126267,-0.0705107,-0.997431,1
4485,1858,28,224,0,484,134,7213,404,7617,-0.0273312,-0.0655349,-0.997476,1
4997,1817,28,227,0,415,132,7616,390,8006,-0.0352275,-0.0366139,-0.998708,1
4359,1234,24,227,0,418,120,6382,350,6732,-0.0409872,-0.0363302,-0.998499,1
4794,1769,28,215,0,392,120,7318,400,7718,-0.0383171,-0.0366962,-0.998592,1
4483,1587,30,203,0,367,115,6785,431,7216,-0.0300156,-0.0254178,-0.999226,1
3988,1308,26,167,0,301,93,5883,399,6282,-0.0308416,-0.00383375,-0.999517,1
4226,1503,45,263,0,415,123,6575,452,7027,-0.013796,-0.0321619,-0.999387,1
4356,1443,28,189,0,427,136,6579,435,7014,-0.00813074,-0.023879,-0.999682,1
4330,1803,29,221,0,462,136,6981,459,7440,-0.0527595,0.073446,-0.995903,1
4384,2160,31,257,0,514,144,7490,437,7927,-0.0593865,0.0182028,-0.998069,1
4808,2574,27,308,0,624,168,8509,465,8974,-0.0606769,-0.0290266,-0.997735,1
4914,3465,29,372,0,730,195,9705,504,10209,-0.0881025,-0.0348472,-0.995502,1
5442,3880,29,495,0,912,251,11009,610,11619,-0.0885782,-0.0615706,-0.994164,1
4738,3893,31,441,0,960,257,10320,561,10881,-0.0773401,-0.0608763,-0.995145,1
5470,4917,34,567,0,1137,319,12444,565,13009,-0.0898252,-0.0501107,-0.994696,1
6092,6036,36,630,0,1353,361,14508,731,15239,-0.0713556,-0.032329,-0.996927,1
4311,4445,24,494,0,982,267,10523,528,11051,-0.0432939,-0.0427844,-0.998146,1
5791,5566,30,607,0,1337,351,13682,695,14377,-0.035731,-0.0492356,-0.998148,1
4214,3795,23,433,0,858,240,9563,503,10066,-0.0319462,-0.0572781,-0.997847,1
5504,5298,24,557,0,1168,313,12864,787,13651,-0.0268581,-0.081305,-0.996327,1
5456,4641,44,517,0,1055,287,12000,847,12847,-0.0363029,-0.107561,-0.993536,1
5449,4394,26,490,0,967,263,11589,689,12278,-0.045719,-0.0890307,-0.994979,1
3763,2866,27,355,0,716,176,7903,446,8349,-0.0447304,-0.0712426,-0.996456,1
4725,3517,27,526,0,1146,328,10269,592,10861,-0.0417559,-0.0717407,-0.996549,1
4949,3355,24,388,0,717,169,9602,341,9943,-0.0316459,-0.0406434,-0.998672,1
3411,2447,18,393,0,806,224,7299,368,7667,-0.0331013,-0.0690334,-0.997065,1
4417,3130,21,393,0,697,214,8872,434,9306,-0.0363339,-0.0794837,-0.996174,1
6449,3980,35,445,0,904,271,12084,547,12631,-0.0432764,-0.0675255,-0.996779,1
5516,3900,25,498,0,935,284,11158,486,11644,-0.0481209,-0.0594487,-0.997071,1
5038,3450,32,420,0,819,243,10002,407,10409,-0.0565432,-0.00746264,-0.998372,1
4648,3182,23,392,0,722,225,9192,388,9580,-0.058298,-0.013683,-0.998205,1
4477,2878,23,372,0,696,230,8676,409,9085,-0.0669445,0.0131235,-0.99767,1
4143,2464,42,297,0,560,160,7666,328,7994,-0.0512332,0.0356717,-0.998049,1
4073,2353,22,273,0,524,151,7396,309,7705,-0.0452829,0.0317809,-0.998469,1
4057,2272,22,254,0,560,157,7322,301,7623,-0.0303719,0.10232,-0.994288,1
4145,2013,22,258,0,460,135,7033,213,7246,-0.0313317,0.115526,-0.99281,1
3797,1958,23,239,0,483,134,6634,262,6896,-0.0316932,0.110793,-0.993338,1
4261,2124,27,283,0,491,143,7329,225,7554,-0.0363394,0.241847,-0.969634,1
4130,1896,24,230,0,427,125,6832,171,7003,-0.0479569,0.232696,-0.971366,1
2810,1424,18,171,0,319,93,4835,129,4964,-0.0677311,0.21974,-0.973204,1
4667,2379,29,342,0,529,157,8103,350,8453,-0.0615853,0.0624439,-0.996147,1
4780,3416,33,465,0,819,234,9747,356,10103,-0.0400018,0.127921,-0.990977,1
7344,3466,36,389,0,709,220,12164,214,12378,-0.00910597,0.222808,-0.97482,1
5135,3860,29,416,0,866,231,10537,244,10781,0.0194103,0.196499,-0.980312,1
4965,3809,28,432,0,867,318,10419,281,10700,0.0298252,0.17613,-0.983915,1
5551,4554,26,458,0,1005,285,11879,294,12173,0.00678204,0.169911,-0.985436,1
4861,4159,29,463,0,923,265,10700,229,10929,-0.0252212,0.125968,-0.991714,1
5491,4144,37,476,0,911,271,11330,214,11544,0.0502485,0.108238,-0.992854,1
4045,2484,17,239,0,458,131,7374,116,7490,0.0413447,-0.0169453,-0.999001,1
4926,3480,30,395,0,747,223,9801,225,10026,0.020344,-0.061087,-0.997925,1
3317,2456,31,275,0,527,157,6763,153,6916,0.00952384,-0.0763838,-0.997033,1
4815,3315,25,397,0,724,203,9479,247,9726,-0.00927317,-0.0606816,-0.998114,1
4715,2617,17,258,0,505,141,8253,183,8436,-0.0279607,0.00346182,-0.999603,1
2110,1413,15,162,0,308,91,4099,95,4194,-0.033194,-0.0159751,-0.999321,1
5309,3171,31,348,0,667,197,9723,231,9954,-0.0385876,-0.0279183,-0.998865,1
4926,2930,33,326,0,648,185,9048,262,9310,-0.0286924,-0.0304686,-0.999124,1
5308,2816,33,313,0,646,197,9313,342,9655,-0.0199099,-0.0500445,-0.998549,1
5473,2736,28,337,0,623,188,9385,341,9726,-0.0140305,-0.0549479,-0.998391,1
4855,2425,31,342,0,590,176,8419,336,8755,-0.00846629,-0.0522405,-0.998599,1
4872,2057,30,269,0,460,147,7835,334,8169,-0.0081783,-0.0498035,-0.998726,1
4942,1607,28,207,0,378,112,7274,363,7637,0.000320364,0.042881,-0.99908,1
4477,994,28,133,0,226,70,5928,398,6326,-0.00125864,0.00659972,-0.999977,1
2845,618,17,83,0,165,47,3775,270,4045,-0.0038983,-0.0736359,-0.997278,1
3246,815,22,142,0,201,68,4494,248,4742,-0.0182095,-0.0755477,-0.996976,1
3811,912,24,171,0,270,110,5298,365,5663,-0.0308471,-0.0397797,-0.998732,1
3784,1027,24,171,0,254,88,5348,328,5676,-0.0193595,-0.0651073,-0.99769,1
4291,1134,34,216,0,272,90,6037,415,6452,-0.0226843,-0.0642812,-0.997674,1
3655,1134,26,150,0,336,104,5405,365,5770,-0.0202838,-0.0318596,-0.999287,1
3800,1238,25,202,0,317,90,5672,353,6025,-0.0295849,-0.0134598,-0.999472,1
4152,1441,26,232,0,379,142,6372,428,6800,-0.0487413,-0.0310982,-0.998327,1
4603,1635,27,263,0,447,127,7102,444,7546,-0.0484609,-0.0298949,-0.998378,1
4195,2013,35,351,0,488,150,7232,283,7515,-0.0330389,0.0347034,-0.998851,1
4640,2025,28,247,0,571,139,7650,279,7929,0.011226,0.135946,-0.990653,1
4571,2648,29,327,0,604,193,8372,289,8661,0.0496868,0.260982,-0.964064,1
4971,3354,27,406,0,761,254,9773,360,10133,0.0394277,0.331613,-0.942591,1
5195,4237,34,561,0,966,280,11273,342,11615,0.0203083,0.378468,-0.925391,1
5814,5596,27,600,0,838,258,13133,251,13384,0.0176134,0.396567,-0.917837,1
3420,3526,18,409,0,828,220,8421,263,8684,0.0232301,0.435641,-0.899821,1
8435,6243,48,903,0,1539,400,17568,342,17910,0.0305305,0.515815,-0.856156,1
6251,6001,26,690,0,1382,262,14612,272,14884,0.0321006,0.573612,-0.818498,1
3264,3099,15,340,0,722,193,7633,212,7845,0.0476984,0.641005,-0.766053,1
6171,5705,33,647,0,1250,333,14139,-1000,-1000,-1,-1,-1,1
4602,3772,16,322,0,614,185,9511,408,9919,-0.00969237,-0.0497974,-0.998712,1
2892,2352,14,260,0,543,164,6225,360,6585,-0.0108425,-0.0674265,-0.997665,1
5716,4827,29,570,0,1096,316,12554,671,13225,-0.0225867,-0.0726338,-0.997103,1
5746,4625,34,566,0,1065,322,12358,674,13032,-0.0401217,-0.0656996,-0.997033,1
4085,3145,23,351,0,701,202,8507,389,8896,-0.0401881,-0.0809168,-0.99591,1
5899,4598,34,548,0,1019,310,12408,589,12997,-0.0437588,-0.0809463,-0.995757,1
5655,4391,35,496,0,999,281,11857,542,12399,-0.0441618,-0.0870897,-0.995221,1
5591,4307,34,476,0,963,276,11647,501,12148,-0.0404704,-0.0867884,-0.995404,1
5909,4152,24,319,0,636,185,11225,357,11582,-0.0361257,-0.0894559,-0.995335,1
4987,3634,30,438,0,831,263,10183,495,10678,-0.024288,-0.0969565,-0.994992,1
4824,3614,29,382,0,790,247,9886,399,10285,-0.038284,-0.0917805,-0.995043,1
4467,3179,23,406,0,756,204,9035,413,9448,-0.0480423,-0.0696718,-0.996412,1
4881,3184,24,408,0,736,234,9467,428,9895,-0.0569268,-0.0293407,-0.997947,1
4769,2876,28,383,0,660,206,8922,393,9315,-0.0691757,-0.0266337,-0.997249,1
4324,2682,29,356,0,595,183,8169,396,8565,-0.058915,-0.022943,-0.997999,1
4206,2371,25,316,0,556,177,7651,370,8021,-0.042558,-0.0181844,-0.998929,1
4220,2567,25,311,0,562,152,7837,345,8182,-0.0260241,0.0267849,-0.999302,1
4219,2415,28,328,0,507,152,7649,357,8006,-0.0282786,0.0217927,-0.999363,1
4238,2176,30,309,0,533,154,7440,299,7739,-0.0210578,0.0569595,-0.998154,1
4225,2064,25,369,0,670,139,7492,291,7783,-0.0102721,0.16613,-0.98605,1
4870,2110,25,278,0,681,164,8128,227,8355,-0.00894387,0.163683,-0.986473,1
3540,1100,19,156,0,246,87,5148,125,5273,-0.0294596,0.0358372,-0.998923,1
4292,2021,28,267,0,437,162,7207,205,7412,-0.00461767,0.112786,-0.993609,1
4465,2288,29,304,0,494,177,7757,206,7963,-0.00164523,0.0979638,-0.995189,1
4436,2534,30,334,0,543,218,8095,271,8366,0.0193287,0.213705,-0.976707,1
4235,2557,27,318,0,643,176,7956,207,8163,-0.0204582,0.202282,-0.979114,1
5029,3452,32,414,0,816,230,9973,238,10211,-0.0740465,0.161752,-0.984049,1
5404,4197,35,507,0,942,295,11380,263,11643,-0.0807907,0.0976156,-0.99194,1
5572,4548,34,551,0,760,219,11684,216,11900,-0.0179501,0.0792835,-0.996691,1
5677,4553,37,553,0,1057,313,12190,227,12417,-0.0122297,0.123004,-0.992331,1
3830,2985,21,353,0,666,185,8040,141,8181,-0.00799009,0.0747103,-0.997173,1
5607,4500,36,487,0,895,254,11779,315,12094,-0.0114462,0.0804069,-0.996696,1
5497,3508,32,438,0,773,212,10460,250,10710,-0.015092,0.0618101,-0.997974,1
5460,2750,28,361,0,712,189,9500,263,9763,0.000991858,0.0451293,-0.998981,1
5056,2070,30,281,0,527,173,8137,298,8435,0.00262619,0.0235695,-0.999719,1
4993,1637,30,208,0,383,118,7369,381,7750,0.0103814,0.000517785,-0.999946,1
4707,1469,28,203,0,417,115,6939,364,7303,0.0129012,-0.00193555,-0.999915,1
4654,1603,28,205,0,430,112,7032,373,7405,-0.00134484,-0.0218414,-0.999761,1
4547,1663,28,237,0,390,119,6984,345,7329,-0.00383686,-0.0532414,-0.998574,1
4506,1589,28,241,0,396,119,6879,361,7240,-0.00130746,-0.0563872,-0.998408,1
4567,1583,26,225,0,361,130,6892,426,7318,0.00832685,-0.0712117,-0.997426,1
4544,1428,27,190,0,403,104,6696,375,7071,0.00987778,-0.0697421,-0.997516,1
4204,1341,36,176,0,379,102,6238,367,6605,0.0101563,-0.0830679,-0.996492,1
4567,1279,27,165,0,340,91,6469,339,6808,0.00981059,-0.0957081,-0.995361,1
4314,1370,25,159,0,306,102,6276,295,6571,0.00559737,-0.127994,-0.991759,1
4424,1050,25,146,0,255,82,5982,265,6247,0.00555288,-0.139812,-0.990162,1
4547,945,25,174,0,249,76,6016,284,6300,0.0265913,-0.22825,-0.973239,1
3935,881,25,135,0,203,66,5245,256,5501,0.0288838,-0.206191,-0.978085,1
3995,860,28,125,0,230,68,5306,293,5599,0.0452307,-0.268592,-0.962192,1
3960,827,27,127,0,213,65,5219,287,5506,0.0563897,-0.336949,-0.939833,1
3961,1021,28,170,0,281,85,5546,285,5831,0.0387282,-0.434831,-0.899679,1
3763,1105,30,167,0,248,100,5413,242,5655,0.0699738,-0.371169,-0.925925,1
3851,1315,29,262,0,301,96,5854,265,6119,0.0184256,-0.463359,-0.885979,1
3856,1439,29,214,0,361,113,6012,376,6388,0.00785097,-0.315684,-0.948832,1
3917,1518,28,244,0,396,147,6250,396,6646,0.0127089,-0.202231,-0.979255,1
4058,1560,29,204,0,348,130,6329,372,6701,0.0170113,-0.0956007,-0.995274,1
4034,1515,28,228,0,352,107,6264,346,6610,0.00994976,-0.068359,-0.997611,1
4077,1558,29,195,0,354,106,6319,307,6626,0.00766237,-0.0302127,-0.999514,1
4091,1772,27,251,0,665,122,6928,306,7234,0.00324902,-0.00396531,-0.999987,1
3760,1775,25,236,0,412,126,6334,231,6565,0.0726475,-0.00209345,-0.997355,1
4371,2530,67,287,0,563,157,7975,315,8290,0.143736,0.0454016,-0.988574,1
4432,2874,28,337,0,769,139,8579,264,8843,0.186242,-0.00552949,-0.982488,1
3866,2085,23,201,0,374,119,6668,243,6911,0.201665,-0.0773482,-0.976396,1
2775,2070,16,254,0,497,149,5761,316,6077,0.221182,-0.0847209,-0.971545,1
4833,4015,28,420,0,899,250,10445,624,11069,0.215678,-0.0686093,-0.974051,1
4805,3780,42,419,0,891,238,10175,531,10706,0.221924,-0.0492875,-0.973817,1
4691,4256,22,480,0,1021,285,10755,564,11319,0.212895,-0.00841998,-0.977039,1
5675,5367,28,616,0,1214,399,13299,715,14014,0.177645,0.0520972,-0.982715,1
5809,4253,24,572,0,1034,277,11969,401,12370,0.160782,0.082273,-0.983555,1
2701,2577,12,305,0,594,168,6357,315,6672,0.134964,0.0919745,-0.986572,1
4478,4842,26,655,0,1548,336,11885,499,12384,0.1092,0.106687,-0.988278,1
4807,4344,21,517,0,1035,300,11024,524,11548,0.0813385,0.105845,-0.99105,1
4605,4281,21,491,0,1026,274,10698,541,11239,0.063146,0.10083,-0.992898,1
6234,5491,37,719,0,1423,492,14396,811,15207,0.0424593,0.115263,-0.992427,1
4800,4327,23,418,0,870,191,10629,326,10955,0.0290102,0.0888757,-0.99562,1
3692,3301,17,372,0,794,207,8383,438,8821,0.025161,0.0789868,-0.996558,1
4587,4157,20,452,0,973,269,10458,576,11034,0.0343555,0.0768066,-0.996454,1
4517,3608,21,420,0,1270,360,10196,586,10782,0.0177684,0.0100439,-0.999792,1
5441,4055,25,440,0,960,253,11174,788,11962,0.00156505,0.0011408,-0.999998,1
8214,5478,35,561,0,837,205,15330,467,15797,-0.00910546,-0.00462048,-0.999948,1
5934,4038,28,448,0,933,258,11639,572,12211,-0.00786446,0.00762175,-0.99994,1
3611,2610,26,292,0,627,167,7333,370,7703,0.00535425,0.0234081,-0.999712,1
5910,4001,29,491,0,931,263,11625,446,12071,0.00576424,0.0683518,-0.997645,1
4947,3884,25,418,0,867,234,10375,381,10756,-0.0153863,0.0339649,-0.999305,1
5155,3829,29,468,0,835,259,10575,399,10974,-0.0333238,-0.00504077,-0.999432,1
4675,3324,32,454,0,771,222,9478,406,9884,-0.0413599,-0.0334139,-0.998585,1
4097,2790,25,349,0,685,179,8125,343,8468,-0.04288,-0.030623,-0.998611,1
4815,3353,22,343,0,681,180,9394,313,9707,-0.0389138,-0.0211702,-0.999018,1
4120,2518,22,302,0,629,167,7758,358,8116,-0.0281231,-0.0168185,-0.999463,1
4030,2381,23,294,0,549,155,7432,328,7760,-0.0223996,-0.0426821,-0.998838,1
4369,2488,30,349,0,582,175,7993,368,8361,-0.0273873,-0.0655555,-0.997473,1
4405,2260,29,282,0,516,188,7680,369,8049,-0.0254991,-0.0741644,-0.99692,1
3847,2217,23,253,0,451,152,6943,323,7266,-0.019025,-0.107066,-0.99407,1
4359,2279,28,281,0,499,158,7604,305,7909,-0.0191925,-0.0928119,-0.995499,1
4399,2383,30,261,0,463,151,7687,348,8035,-0.0155984,-0.107519,-0.994081,1
4285,1941,29,252,0,445,148,7100,334,7434,-0.0133514,-0.0965489,-0.995239,1
4083,1964,30,301,0,436,143,6957,328,7285,-0.0273842,-0.0841446,-0.996077,1
4073,1865,29,242,0,422,140,6771,334,7105,-0.0314009,-0.0635882,-0.997482,1
4256,1834,30,241,0,421,143,6925,296,7221,-0.0349283,-0.00315536,-0.999385,1
3683,1642,27,228,0,439,126,6145,264,6409,-0.0408736,0.0251159,-0.998849,1
4492,1902,29,240,0,418,139,7220,276,7496,-0.0398414,0.0373066,-0.998509,1
3770,1714,29,209,0,364,121,6207,189,6396,-0.0296376,0.0523296,-0.99819,1
4051,1745,30,249,0,391,120,6586,171,6757,-0.0138499,0.0715798,-0.997339,1
4289,1998,30,247,0,475,145,7184,229,7413,-0.0138512,0.111318,-0.993688,1
4418,2549,39,273,0,474,151,7904,178,8082,0.0513694,0.208674,-0.976635,1
4544,2565,31,290,0,574,186,8190,229,8419,0.0338712,0.248088,-0.968145,1
4738,2864,33,362,0,681,206,8884,239,9123,-0.0630292,0.406425,-0.911508,1
5065,3551,27,457,0,792,220,10112,287,10399,-0.153603,0.578319,-0.80122,1
5776,3325,20,327,0,624,202,10274,-1000,-1000,-1,-1,-1,1
3619,2805,19,356,0,619,171,7589,214,7803,0.353016,0.0588066,-0.933767,1
5687,4065,29,432,0,974,246,11433,198,11631,-0.21864,0.191964,-0.956737,1
4926,4478,31,471,0,871,251,11028,171,11199,-0.291406,0.263563,-0.919574,1
5446,3994,31,417,0,849,237,10974,317,11291,-0.146371,0.662972,-0.734196,1
3538,2965,21,302,0,626,173,7625,170,7795,-0.180268,0.608381,-0.772901,1
4837,3761,29,419,0,858,250,10154,249,10403,-0.15068,0.673182,-0.723962,1
4903,3862,29,464,0,916,241,10415,217,10632,-0.145306,0.666516,-0.731193,1
5012,3714,30,414,0,791,234,10195,-1000,-1000,-1,-1,-1,1
4531,3122,24,344,0,727,191,8939,211,9150,0.0422369,0.011926,-0.999036,1
5314,3549,27,389,0,862,221,10362,295,10657,0.0357586,0.0541339,-0.997893,1
8057,4528,35,536,0,1112,305,14573,385,14958,0.00957515,0.0674206,-0.997679,1
3613,2001,19,233,0,442,125,6433,252,6685,-0.000620428,0.104743,-0.994499,1
4989,2407,37,342,0,510,187,8472,363,8835,-0.0138163,0.129849,-0.991438,1
4309,1547,25,207,0,353,120,6561,293,6854,0.000882443,0.107027,-0.994256,1
4127,1355,30,179,0,310,100,6101,210,6311,0.0138959,0.0362777,-0.999245,1
4679,1042,32,152,0,251,92,6248,342,6590,0.0239011,0.0858449,-0.996022,1
4306,706,31,119,0,170,68,5400,338,5738,0.0143078,0.0161418,-0.999767,1
4216,610,29,112,0,147,63,5177,339,5516,0.0167887,-0.00460512,-0.999848,1
4136,488,32,96,0,183,49,4984,393,5377,0.0280018,-0.0074575,-0.99958,1
4065,487,25,85,0,157,48,4867,379,5246,0.0430138,0.0167455,-0.998934,1
3966,435,28,112,0,145,53,4739,324,5063,0.0221776,-0.0198723,-0.999557,1
4023,425,28,81,0,115,45,4717,342,5059,0.0193699,-0.0357792,-0.999172,1
4050,471,27,85,0,126,44,4803,367,5170,0.021067,-0.0367103,-0.999104,1
4050,665,28,126,0,202,53,5124,421,5545,0.00967438,-0.0438312,-0.998992,1
3953,709,38,135,0,196,62,5093,418,5511,-0.0100495,-0.0243128,-0.999654,1
3915,816,26,136,0,192,64,5149,379,5528,-0.0180335,-0.0428737,-0.998918,1
4305,1088,29,188,0,269,102,5981,499,6480,-0.0425716,-0.0190933,-0.998911,1
4057,1513,34,245,0,384,119,6352,514,6866,-0.057345,-0.0138448,-0.998258,1
4159,1812,30,231,0,443,137,6812,447,7259,-0.0649384,-0.0070815,-0.997864,1
4906,2897,28,310,0,704,216,9061,434,9495,-0.0603579,0.0145437,-0.998071,1
4848,3374,31,383,0,860,222,9718,293,10011,-0.0615258,0.133673,-0.989114,1
4683,4137,33,551,0,942,269,10615,147,10762,0.0340123,0.210525,-0.976997,1
4601,4605,27,550,0,997,318,11098,244,11342,0.0742806,0.326532,-0.942263,1
5918,5685,34,711,0,1357,337,14042,311,14353,0.118854,0.343778,-0.931499,1
5483,5303,30,661,0,1310,351,13138,420,13558,0.136617,0.35929,-0.923172,1
4943,4914,24,550,0,1145,306,11882,360,12242,0.145032,0.38749,-0.910394,1
5533,5161,26,601,0,1252,332,12905,406,13311,0.141075,0.393957,-0.908238,1
3918,3582,18,411,0,854,231,9014,292,9306,0.128752,0.406428,-0.904566,1
5913,4982,25,542,0,1134,304,12900,492,13392,0.104536,0.41202,-0.905159,1
5940,4752,38,558,0,1057,285,12630,407,13037,0.0830011,0.411384,-0.907675,1
5231,4151,25,458,0,1083,298,11246,438,11684,0.0822445,0.427094,-0.900459,1
5247,3758,26,461,0,969,253,10714,495,11209,0.0944412,0.500676,-0.860467,1
5802,3767,30,443,0,931,249,11222,434,11656,0.101408,0.566947,-0.817489,1
5619,3613,70,445,0,855,232,10834,491,11325,0.13796,0.680812,-0.719348,1
5658,3551,32,423,0,799,227,10690,-1000,-1000,-1,-1,-1,1
5578,3359,32,378,0,803,146,10296,360,10656,-0.00657785,0.0787361,-0.996874,1
3639,2140,21,286,0,507,161,6754,381,7135,-0.00672329,0.0602081,-0.998163,1
5149,2968,29,401,0,747,192,9486,463,9949,0.00692273,0.0905126,-0.995871,1
4826,2823,28,373,0,623,201,8874,476,9350,-0.00609417,0.0730977,-0.997306,1
4710,2674,26,292,0,557,159,8418,480,8898,-0.0146128,0.104355,-0.994433,1
3828,2002,27,310,0,485,148,6800,386,7186,-0.0177434,0.108861,-0.993899,1
4101,1914,23,243,0,437,129,6847,341,7188,-0.0180423,0.120298,-0.992574,1
3998,1809,25,228,0,410,136,6606,300,6906,-0.0042942,0.189289,-0.981912,1
4335,2019,25,263,0,474,141,7257,371,7628,-0.00771073,0.165968,-0.986101,1
3946,1790,25,241,0,402,120,6524,262,6786,0.0084458,0.202832,-0.979177,1
3857,1712,28,234,0,390,128,6349,241,6590,-0.00672196,0.177984,-0.98401,1
3843,1761,27,240,0,400,129,6400,229,6629,0.0153698,0.21363,-0.976794,1
3720,1872,27,242,0,416,133,6410,222,6632,0.0144406,0.211108,-0.977356,1
4024,1985,31,250,0,445,144,6879,204,7083,0.0104146,0.227136,-0.973807,1
4158,2560,27,259,0,549,169,7722,238,7960,0.0088528,0.201992,-0.979347,1
4171,2403,24,330,0,567,181,7676,214,7890,0.000820804,0.170267,-0.985398,1
4311,2414,26,336,0,543,152,7782,219,8001,0.0130261,0.150575,-0.988513,1
4267,2529,26,275,0,616,169,7882,210,8092,0.0638092,0.177074,-0.982127,1
4700,2657,29,464,0,631,173,8654,224,8878,0.0439313,0.14316,-0.988724,1
4078,2412,26,282,0,617,164,7579,205,7784,0.0285861,0.106881,-0.993861,1
4788,3010,29,342,0,612,171,8952,332,9284,0.00285196,0.0733281,-0.997304,1
4020,2308,26,280,0,589,202,7425,261,7686,0.0113825,0.0776848,-0.996913,1
4522,2581,31,347,0,604,207,8292,270,8562,0.00685906,0.0801561,-0.996759,1
4770,2428,32,336,0,576,183,8325,259,8584,0.0135961,0.0996418,-0.994931,1
4155,2494,26,321,0,674,158,7828,245,8073,0.0243008,0.121879,-0.992247,1
4555,2774,33,311,0,667,175,8515,280,8795,0.0217087,0.142343,-0.989579,1
4318,2542,27,342,0,606,166,8001,185,8186,0.0910254,0.303264,-0.948549,1
4742,3190,38,400,0,691,229,9290,275,9565,0.0400904,0.158334,-0.986571,1
4239,3731,34,525,0,1014,308,9851,287,10138,0.0604711,0.167841,-0.983958,1
4579,3503,29,413,0,683,189,9396,178,9574,0.0720988,0.144272,-0.986908,1
3095,2792,25,461,0,836,245,7454,217,7671,0.0763535,0.148569,-0.98595,1
4451,3823,29,465,0,874,234,9876,265,10141,0.0733548,0.131317,-0.988623,1
5181,3581,31,518,0,840,262,10413,253,10666,0.0777306,0.148488,-0.985855,1
4536,3701,31,475,0,869,264,9876,269,10145,0.0672985,0.146641,-0.986898,1
4851,3926,30,458,0,870,288,10423,268,10691,0.0440302,0.107588,-0.99322,1
4408,3712,31,462,0,841,262,9716,256,9972,0.010294,0.0580201,-0.998262,1
4915,4236,36,501,0,919,314,10921,190,11111,-0.0230414,-0.0108465,-0.999676,1
4549,3730,33,446,0,825,233,9816,176,9992,0.00633665,0.0231896,-0.999711,1
5010,3921,31,414,0,811,230,10417,361,10778,0.0214489,0.0575723,-0.998111,1
5046,3845,37,422,0,818,256,10424,186,10610,-0.00960882,-0.000647182,-0.999954,1
4580,3656,38,458,0,962,352,10046,210,10256,0.0333813,0.0960199,-0.99482,1
4633,3615,31,511,0,886,261,9937,228,10165,0.00515673,0.0206987,-0.999772,1
4457,4344,29,437,0,870,206,10343,276,10619,0.0271603,0.049379,-0.998411,1
2528,2017,16,254,0,464,142,5421,103,5524,0.00697526,0.0196973,-0.999782,1
4411,3880,32,417,0,841,260,9841,400,10241,0.0239736,0.0540557,-0.99825,1
5060,4029,35,460,0,894,281,10759,181,10940,-0.00963619,0.0734643,-0.997251,1
3522,2112,22,273,0,503,142,6574,104,6678,-0.00603722,0.0479336,-0.998832,1
2552,2002,21,259,0,464,134,5432,196,5628,0.0318171,0.0535953,-0.998056,1
5136,3964,42,540,0,937,269,10888,190,11078,-0.0165093,-0.000232314,-0.999864,1
4487,3628,30,458,0,832,257,9692,-1000,-1000,-1,-1,-1,1
4362,3571,33,454,0,863,232,9515,394,9909,0.0179892,0.0696616,-0.997408,1
4349,3646,31,478,0,834,250,9588,230,9818,0.00833233,0.0329171,-0.999423,1
5238,4104,33,467,0,958,261,11061,409,11470,0.0181159,0.0689309,-0.997457,1
5260,3526,31,441,0,852,254,10364,192,10556,0.0055504,0.0301961,-0.999529,1
3268,2530,22,330,0,589,183,6922,273,7195,0.0144605,0.0636428,-0.997868,1
4825,3868,36,456,0,890,248,10323,225,10548,0.0296199,0.0558571,-0.997999,1
4841,3937,36,517,0,931,330,10592,233,10825,0.00457735,0.0300712,-0.999537,1
2708,2147,22,280,0,491,153,5801,232,6033,0.0152225,0.0622334,-0.997946,1
4307,3616,36,477,0,1190,312,9938,177,10115,0.0234583,0.0642751,-0.997656,1
4637,3621,30,454,0,858,258,9858,215,10073,0.00642258,0.038546,-0.999236,1
4529,3646,31,411,0,815,229,9661,349,10010,0.0200372,0.073045,-0.997127,1
4364,3641,31,451,0,806,227,9520,221,9741,-0.00209283,0.0286684,-0.999587,1
4441,3561,38,435,0,823,231,9529,374,9903,0.0171047,0.0652379,-0.997723,1
4892,4006,97,539,0,921,310,10765,248,11013,0.0247952,0.0532856,-0.998271,1
5149,4040,39,518,0,972,258,10976,199,11175,0.0261974,0.0539519,-0.9982,1
4591,3737,37,480,0,931,293,10069,247,10316,0.0266891,0.0547024,-0.998146,1
4875,4059,40,478,0,951,270,10673,250,10923,0.0245649,0.0506073,-0.998417,1
4362,3596,34,422,0,815,264,9493,197,9690,0.0245836,0.048894,-0.998501,1
4436,3686,29,508,0,838,252,9749,194,9943,-0.0364696,-0.00537685,-0.99932,1
4123,3439,27,427,0,763,227,9006,179,9185,-0.00811955,0.0257362,-0.999636,1
4799,4024,31,468,0,970,274,10566,435,11001,0.0174807,0.0587751,-0.998118,1
4440,3751,30,532,0,951,282,9986,198,10184,0.029816,0.0598093,-0.997764,1
4518,3856,30,413,0,807,227,9851,183,10034,0.0038216,0.0312414,-0.999505,1
4850,4018,34,531,0,967,298,10698,426,11124,0.0145539,0.0601497,-0.998083,1
4821,4007,34,517,0,904,307,10590,193,10783,0.0203673,0.0483415,-0.998623,1
4960,3969,41,461,0,1012,298,10741,207,10948,-0.0826936,-0.017196,-0.996427,1
5212,4389,33,519,0,1065,288,11506,258,11764,-0.0204127,0.0132198,-0.999704,1
4909,3913,44,493,0,890,263,10512,191,10703,-0.0119854,0.0159103,-0.999802,1
5459,4041,34,526,0,900,272,11232,216,11448,-0.275438,-0.0125464,-0.961237,1
4306,3531,31,408,0,805,231,9312,257,9569,0.0228129,0.0210496,-0.999518,1
5184,3955,36,504,0,898,270,10847,452,11299,0.0160872,0.0620584,-0.997943,1
4925,4057,41,653,0,1251,256,11183,233,11416,0.0171882,0.0551442,-0.99833,1
4930,3964,35,507,0,955,264,10655,197,10852,0.0092049,0.0443432,-0.998974,1
4834,3901,32,496,0,964,313,10540,423,10963,0.0083083,0.0889699,-0.996,1
4941,4023,33,535,0,935,289,10756,250,11006,0.00366009,0.0309077,-0.999516,1
4921,3996,35,518,0,908,313,10691,443,11134,0.0113696,0.075782,-0.99706,1
5128,4162,36,462,0,919,268,10975,229,11204,0.0206841,0.0532946,-0.998365,1
3404,2680,27,313,0,616,172,7212,170,7382,0.0267904,0.0618572,-0.997725,1
4810,3927,38,514,0,947,266,10502,195,10697,0.00811148,0.0376861,-0.999257,1
4855,4025,34,510,0,927,258,10609,475,11084,0.0166793,0.0643192,-0.99779,1
4810,3959,33,552,0,952,321,10627,242,10869,0.00556313,0.0339814,-0.999407,1
4768,4011,39,476,0,899,286,10479,424,10903,0.0118792,0.0753833,-0.997084,1
5262,4094,40,488,0,895,284,11063,245,11308,0.0308691,0.0610722,-0.997656,1
4947,3965,42,545,0,621,185,10305,144,10449,0.028828,0.0524747,-0.998206,1
3455,2801,29,381,0,806,183,7655,147,7802,0.0258431,0.0507623,-0.998376,1
3407,2871,24,373,0,642,178,7495,151,7646,0.0270052,0.0492674,-0.99842,1
4858,4150,43,525,0,897,285,10758,239,10997,0.0255204,0.0492176,-0.998462,1
4876,4452,41,461,0,953,280,11063,289,11352,0.0193582,0.0468255,-0.998715,1
4942,4085,34,521,0,918,307,10807,210,11017,0.0223866,0.0422199,-0.998857,1
4890,4047,33,521,0,932,290,10713,210,10923,0.0272842,0.0480502,-0.998472,1
4859,4064,33,515,0,988,288,10747,217,10964,0.0320706,0.047296,-0.998366,1
5143,4004,34,521,0,1001,255,10958,222,11180,0.000308436,0.0308866,-0.999523,1
5015,3937,23,358,0,635,200,10168,296,10464,0.0125559,0.0797445,-0.996736,1
4452,3624,30,497,0,859,260,9722,201,9923,0.00383603,0.0372836,-0.999297,1
4880,3914,34,629,0,1284,261,11002,487,11489,0.0164128,0.0694015,-0.997454,1
4954,3398,24,344,0,658,190,9568,160,9728,0.00796804,0.0363876,-0.999306,1
3777,2686,23,342,0,604,166,7598,309,7907,0.0126024,0.0759934,-0.997029,1
5054,4070,33,567,0,1352,387,11463,276,11739,0.00447937,0.0439922,-0.999022,1
3374,2722,22,314,0,621,203,7256,280,7536,0.00802771,0.0694283,-0.997555,1
5133,4759,41,682,0,1337,297,12249,195,12444,0.00273517,0.0376075,-0.999289,1
5113,4136,35,504,0,917,258,10963,427,11390,0.0149257,0.0710882,-0.997358,1
4957,4000,34,494,0,913,254,10652,224,10876,0.0131113,0.0434555,-0.998969,1
5091,3903,33,456,0,937,256,10676,388,11064,0.0164516,0.0732026,-0.997181,1
4883,3855,32,472,0,885,306,10433,227,10660,-0.00373312,0.0229774,-0.999729,1
5015,4027,35,467,0,917,294,10755,470,11225,0.0119755,0.0736691,-0.997211,1
4886,4072,36,510,0,982,291,10777,226,11003,0.0077978,0.0285568,-0.999562,1
5035,4022,34,515,0,962,290,10858,439,11297,0.0113254,0.0794177,-0.996777,1
4872,4065,40,483,0,916,278,10654,268,10922,0.00105933,0.0322558,-0.999479,2
4913,3984,40,490,0,935,290,10652,426,11078,0.0174247,0.0589053,-0.998111,2
5385,4034,35,478,0,844,264,11040,268,11308,0.0248996,0.0603554,-0.997866,2
4394,3634,38,410,0,812,226,9514,200,9714,0.0168764,0.0462662,-0.998787,2
4854,3568,36,428,0,814,242,9942,384,10326,0.012122,0.0793109,-0.996776,2
4413,3557,29,411,0,811,227,9448,200,9648,0.0216329,0.0556702,-0.998215,2
5028,4094,34,530,0,951,280,10917,210,11127,0.0288713,0.056008,-0.998013,2
4893,4000,41,544,0,959,291,10728,247,10975,0.0276855,0.055501,-0.998075,2
3340,2750,29,349,0,620,183,7271,138,7409,0.0142341,0.0386448,-0.999152,2
3400,2782,24,350,0,649,184,7389,308,7697,0.0153254,0.0727071,-0.997236,2
5221,4006,35,518,0,935,291,11006,262,11268,0.0245077,0.0472091,-0.998584,2
5554,3979,35,341,0,651,186,10746,151,10897,0.024351,0.0449879,-0.998691,2
2556,1821,15,218,0,402,109,5121,73,5194,-0.0117145,0.0108386,-0.999873,2
2647,1887,16,218,0,425,118,5311,103,5414,0.0533012,0.0209517,-0.998359,2
4953,3974,34,515,0,980,282,10738,235,10973,0.00164659,0.0163875,-0.999864,2
5155,4141,34,579,0,1002,309,11220,463,11683,0.0120673,0.0749885,-0.997111,2
4918,3989,33,525,0,1086,290,10841,249,11090,0.00523616,0.0428858,-0.999066,2
4952,4049,42,528,0,927,266,10764,436,11200,0.0149416,0.078572,-0.996796,2
4903,4032,33,509,0,936,351,10764,248,11012,0.0247772,0.0588048,-0.997962,2
5019,3991,36,476,0,911,258,10691,218,10909,-0.000357312,0.0245087,-0.9997,2
4838,3587,30,424,0,827,254,9960,365,10325,0.0125604,0.0684822,-0.997573,2
5047,4012,33,460,0,928,253,10733,211,10944,0.0037462,0.03199,-0.999481,2
4861,3958,31,454,0,895,277,10476,473,10949,0.0163808,0.067939,-0.997555,2
4919,4016,33,514,0,1024,291,10797,224,11021,-0.00145109,0.0249369,-0.999688,2
4950,4061,35,507,0,1033,292,10878,466,11344,0.0115236,0.0713003,-0.997388,2
5676,4055,33,499,0,919,285,11467,159,11626,0.0210118,0.0449819,-0.998767,2
3392,2742,22,314,0,651,176,7297,128,7425,0.02483,0.0413397,-0.998837,2
4940,4021,34,518,0,917,295,10725,229,10954,0.030881,0.0481613,-0.998362,2
4935,4072,32,567,0,947,290,10843,241,11084,0.0277611,0.045546,-0.998576,2
5504,4091,33,489,0,933,283,11333,217,11550,-0.0134996,0.00608288,-0.99989,2
5027,4026,34,513,0,936,318,10854,197,11051,-0.0866891,0.00559521,-0.99622,2
3694,2848,31,321,0,652,177,7723,158,7881,-0.0130057,0.00538782,-0.999901,2
4980,4041,40,488,0,961,275,10785,208,10993,-0.119865,0.00780725,-0.992759,2
5175,4068,32,484,0,909,257,10925,233,11158,-0.0209752,0.011333,-0.999716,2
5092,4048,34,460,0,970,278,10882,244,11126,-0.0991047,0.00576004,-0.99506,2
4997,4186,49,525,0,687,176,10620,164,10784,-0.0164548,0.00198988,-0.999863,2
2783,1674,22,203,0,385,111,5178,78,5256,-0.104539,0.00889382,-0.994481,2
5323,4014,41,504,0,903,268,11053,263,11316,-0.016329,0.0107497,-0.999809,2
4998,4106,34,470,0,925,277,10810,216,11026,-0.284901,-0.0136767,-0.958459,2
3471,2826,27,498,0,622,207,7651,201,7852,0.0136204,0.0119563,-0.999836,2
4908,3937,36,460,0,904,276,10521,429,10950,0.0132147,0.0606546,-0.998071,2
5013,4049,35,515,0,904,279,10795,234,11029,-0.00207106,0.0134626,-0.999907,2
4931,4125,36,526,0,945,281,10844,446,11290,0.0132118,0.0674331,-0.997636,2
5054,4032,36,502,0,906,256,10786,247,11033,0.00849386,0.0266261,-0.999609,2
5125,4057,58,545,0,1010,238,11033,317,11350,0.011601,0.0682637,-0.9976,2
4489,3596,32,465,0,846,249,9677,216,9893,0.0226721,0.0388536,-0.998988,2
4939,3988,34,525,0,942,283,10711,202,10913,0.00983332,0.0232348,-0.999682,2
4949,4099,53,465,0,914,258,10738,422,11160,0.0172524,0.0574634,-0.998199,2
5143,4593,35,477,0,964,287,11499,232,11731,0.024535,0.0409749,-0.998859,2
4041,2751,35,322,0,654,212,8015,153,8168,0.0277805,0.0382666,-0.998881,2
4930,3999,38,540,0,946,284,10737,278,11015,0.00284041,0.0136857,-0.999902,2
4912,4024,33,532,0,956,297,10754,433,11187,0.0171431,0.060401,-0.998027,2
4901,4050,36,475,0,866,263,10591,208,10799,0.0238789,0.0435707,-0.998765,2
4988,4152,33,522,0,926,292,10913,222,11135,0.0014677,0.0118894,-0.999928,2
5092,4132,34,471,0,935,262,10926,447,11373,0.0114137,0.0698551,-0.997492,2
5081,4109,33,543,0,919,318,11003,250,11253,0.0202188,0.032711,-0.99926,2
5058,4074,36,552,0,925,294,10939,451,11390,0.00853975,0.072124,-0.997359,2
5085,4010,34,501,0,909,306,10845,265,11110,0.00349616,0.0207826,-0.999778,2
5021,4042,40,465,0,909,315,10792,409,11201,0.0102729,0.0696925,-0.997516,2
5091,4103,39,601,0,938,301,11073,255,11328,0.00219647,0.021866,-0.999758,2
3521,2770,24,323,0,624,177,7439,311,7750,0.0156025,0.0510511,-0.998574,2
5283,4118,40,523,0,939,269,11172,216,11388,0.0240418,0.0363588,-0.99905,2
4913,3995,35,525,0,955,265,10688,241,10929,0.0384717,0.0287268,-0.998847,2
5120,4209,40,531,0,925,291,11116,224,11340,0.0121156,0.00973956,-0.999879,2
5067,4150,41,562,0,934,300,11054,468,11522,0.0155884,0.0580613,-0.998191,2
5321,4072,33,467,0,903,256,11052,212,11264,0.022928,0.0364795,-0.999071,2
5019,4066,35,488,0,986,280,10874,255,11129,0.0284252,0.0144237,-0.999492,2
3518,2834,22,372,0,646,212,7604,333,7937,0.021112,0.0563512,-0.998188,2
5105,4116,39,514,0,950,267,10991,233,11224,0.00355294,0.0174739,-0.999841,2
5253,4178,47,524,0,903,257,11162,474,11636,0.0173135,0.0542418,-0.998378,2
3578,2735,29,327,0,625,208,7502,139,7641,0.00519625,0.019165,-0.999803,2
3425,2772,29,316,0,664,265,7471,298,7769,0.00834893,0.0724046,-0.99734,2
4864,3920,30,414,0,813,227,10268,208,10476,-0.00109693,0.0153158,-0.999882,2
5294,4222,44,673,0,1103,277,11613,435,12048,0.0113984,0.0606974,-0.998091,2
4957,4025,35,543,0,979,294,10833,254,11087,0.00409291,0.0259174,-0.999656,2
5135,4074,34,609,0,962,335,11149,524,11673,0.0136923,0.0664084,-0.997699,2
5036,4016,34,521,0,970,259,10836,250,11086,0.0186177,0.0459591,-0.99877,2
5158,4108,36,613,0,966,306,11187,248,11435,-0.0173486,-0.000105936,-0.999849,2
4989,4133,40,616,0,953,305,11036,193,11229,-0.136415,-0.00417801,-0.990643,2
5174,4180,37,547,0,953,286,11177,280,11457,-0.0341216,-0.00766826,-0.999388,2
5214,4226,34,520,0,945,259,11198,201,11399,-0.00281399,0.00707735,-0.999971,2
5166,4420,41,449,0,681,204,10961,302,11263,0.0155816,0.0633081,-0.997872,2
3530,2794,29,347,0,623,185,7508,152,7660,0.0202045,0.0365646,-0.999127,2
5140,4376,36,428,0,902,291,11173,212,11385,0.0235252,0.0285085,-0.999317,2
5230,4223,34,527,0,957,255,11226,218,11444,0.021463,0.0138657,-0.999673,2
5250,3792,23,334,0,649,179,10227,142,10369,0.000476088,-0.00668659,-0.999978,2
4247,3371,28,430,0,792,238,9106,374,9480,0.018506,0.0529167,-0.998427,2
4386,3403,34,441,0,804,238,9306,170,9476,-0.00651986,0.0069551,-0.999955,2
4750,3785,34,475,0,947,286,10277,389,10666,0.0183033,0.0545877,-0.998341,2
4589,3812,38,498,0,943,281,10161,236,10397,0.02426,0.0411949,-0.998857,2
3210,2678,23,338,0,606,165,7020,148,7168,-0.00921318,0.00315333,-0.999953,2
5151,4094,35,529,0,955,258,11022,206,11228,0.0209187,-0.047252,-0.998664,2
5028,4157,35,614,0,996,310,11140,474,11614,0.0138189,0.0555071,-0.998363,2
5504,4136,51,400,0,691,201,10983,164,11147,0.00452916,0.0186787,-0.999815,2
5068,4128,34,516,0,924,303,10973,538,11511,0.0138122,0.0564737,-0.998309,2
5103,4141,32,532,0,941,295,11044,239,11283,-0.00515415,0.00729167,-0.99996,2
5164,4169,36,619,0,991,295,11274,453,11727,0.0107479,0.0492924,-0.998727,2
5099,4170,33,589,0,965,292,11148,240,11388,0.0198152,0.0387769,-0.999051,2
4793,3611,35,497,0,823,265,10024,223,10247,0.0265294,0.0456631,-0.998605,2
5055,4042,41,581,0,1072,312,11103,272,11375,0.0256741,0.033704,-0.999102,2
5226,4210,59,578,0,916,306,11295,209,11504,-0.00976607,-0.0050224,-0.99994,2
5202,4044,34,468,0,917,256,10921,-1000,-1000,-1,-1,-1,2
4493,3675,33,433,0,850,250,9734,383,10117,0.0141493,0.0670242,-0.997651,2
5091,4042,45,541,0,948,258,10925,265,11190,-0.00386464,0.00764298,-0.999963,2
5059,4161,36,528,0,974,301,11059,461,11520,0.0151356,0.0582234,-0.998189,2
5026,3951,29,471,0,900,193,10570,189,10759,0.000884263,0.0189247,-0.999821,2
4126,3281,28,422,0,772,213,8842,387,9229,0.0159806,0.0470522,-0.998765,2
5031,4131,35,513,0,1084,263,11057,227,11284,-0.0109478,0.00123357,-0.999939,2
5160,4050,33,507,0,973,317,11040,232,11272,-0.169467,0.12927,-0.977021,2
5136,4035,43,541,0,834,274,10863,285,11148,-0.038391,0.0177958,-0.999104,2
3237,2612,20,364,0,657,187,7077,139,7216,-0.0231844,0.0440219,-0.998761,2
5045,4217,39,555,0,910,290,11056,235,11291,-0.0110725,0.0314937,-0.999443,2
5444,3872,36,548,0,824,263,10987,160,11147,-0.104029,0.178028,-0.978511,2
4495,3765,29,420,0,833,232,9774,274,10048,-0.0217892,0.0375489,-0.999057,2
5076,4183,34,559,0,954,262,11068,232,11300,0.00392883,0.00199569,-0.99999,2
3495,2818,23,359,0,647,204,7546,298,7844,0.0178474,0.0465245,-0.998758,2
5363,4200,35,531,0,941,291,11361,210,11571,-0.00674072,0.000567414,-0.999977,2
4548,4235,44,552,0,930,237,10546,167,10713,-0.0115688,-0.0169377,-0.99979,2
2484,2019,16,273,0,477,157,5426,108,5534,-0.249835,0.259888,-0.93276,2
4246,3118,26,406,0,711,217,8724,224,8948,0.0168572,0.00117279,-0.999857,2
4986,4030,29,510,0,872,312,10739,508,11247,0.0131394,0.057156,-0.998279,2
4595,3615,36,422,0,864,267,9799,223,10022,-0.00858238,0.00631711,-0.999943,2
4129,3411,27,425,0,756,240,8988,362,9350,0.0119708,0.0534575,-0.998498,2
5259,4172,43,503,0,961,287,11225,259,11484,-0.0167047,-0.00710142,-0.999835,2
5242,4776,37,546,0,975,200,11776,137,11913,-0.31466,0.387235,-0.866624,2
3571,2772,22,319,0,672,178,7534,177,7711,0.0417232,0.00576834,-0.999113,2
5129,3984,33,485,0,953,260,10844,238,11082,-0.00476948,-0.0110764,-0.999927,2
5106,4073,34,463,0,993,284,10953,455,11408,0.0140156,0.0533975,-0.998475,2
5090,4324,44,577,0,748,196,10979,157,11136,-0.00997362,0.00524258,-0.999937,2
2881,2187,19,240,0,396,134,5857,190,6047,0.0141283,0.0485724,-0.99872,2
5074,3964,36,466,0,924,259,10723,284,11007,-0.0169455,-0.00582124,-0.999839,2
5145,3817,31,415,0,858,260,10526,182,10708,-0.175934,0.120628,-0.976983,2
5025,4137,44,592,0,931,263,10992,252,11244,-0.0413659,0.0195696,-0.998952,2
4734,3609,29,418,0,842,234,9866,181,10047,-0.0250565,0.0428587,-0.998767,2
5081,4026,39,501,0,919,258,10824,228,11052,-0.0121029,0.0268489,-0.999566,2
4900,4101,46,501,0,1046,191,10785,340,11125,0.015432,0.0476882,-0.998743,2
3469,2746,23,384,0,629,179,7430,142,7572,-0.00973012,0.0048317,-0.999941,2
5160,4161,47,565,0,966,292,11191,459,11650,0.0125297,0.0498457,-0.998678,2
5104,4036,34,466,0,970,259,10869,241,11110,-0.0128345,-0.000342387,-0.999918,2
4656,3647,30,447,0,843,263,9886,180,10066,-0.0669604,-0.000861696,-0.997755,2
4535,3629,40,417,0,819,229,9669,227,9896,-0.0174659,0.00312419,-0.999843,2
5398,4099,34,474,0,996,257,11258,184,11442,0.0120641,0.0168999,-0.999784,2
5051,4130,42,636,0,956,276,11091,461,11552,0.00982878,0.0585865,-0.998234,2
5046,4091,42,534,0,935,295,10943,272,11215,0.0184906,0.0390948,-0.999064,2
5313,4107,48,566,0,995,269,11298,205,11503,-0.00224465,0.00536316,-0.999983,2
5547,4085,37,478,0,912,274,11333,420,11753,0.00752581,0.0626096,-0.99801,2
5140,4087,51,511,0,971,366,11126,269,11395,-0.00439414,0.00888822,-0.999951,2
5189,4071,39,540,0,942,297,11078,477,11555,0.0139005,0.0505804,-0.998623,2
5093,4005,45,544,0,940,291,10918,266,11184,-0.0101616,-0.00425595,-0.999939,2
5136,4088,43,503,0,920,269,10959,193,11152,-0.37097,0.324754,-0.870009,2
5155,4041,38,427,0,949,277,10887,252,11139,0.0446116,-0.0158244,-0.998879,2
4623,4326,36,569,0,1253,341,11148,198,11346,-0.0227691,-0.00252837,-0.999738,2
4697,3750,31,456,0,871,282,10087,168,10255,0.0365279,0.0198898,-0.999135,2
3244,2591,22,296,0,814,247,7214,170,7384,-0.0123966,-0.0141162,-0.999823,2
4311,3363,26,416,0,747,230,9093,153,9246,-0.370939,0.374321,-0.849876,2
4273,3396,28,406,0,778,263,9144,210,9354,0.0225084,0.00566311,-0.999731,2
4179,3389,28,420,0,789,239,9044,182,9226,-0.135644,0.000626207,-0.990757,2
4244,3419,28,408,0,798,233,9130,195,9325,-0.0403665,-0.00507684,-0.999172,2
4197,3352,32,630,0,1112,280,9603,197,9800,-0.0065123,0.0321348,-0.999462,2
4323,3454,28,404,0,752,238,9199,210,9409,-0.00291373,0.0154514,-0.999876,2
4171,3291,30,386,0,750,228,8856,390,9246,0.00870549,0.0593198,-0.998201,2
4987,3993,41,484,0,931,273,10709,225,10934,0.0172513,0.0247963,-0.999544,2
5132,4070,44,586,0,920,278,11030,192,11222,-0.00340459,-0.00187054,-0.999992,2
5010,4124,42,488,0,933,278,10875,419,11294,0.0131155,0.0536099,-0.998476,2
5053,3922,44,540,0,919,291,10769,264,11033,-0.0138812,-0.00883157,-0.999865,2
5173,4062,44,487,0,912,273,10951,183,11134,-0.11544,0.248811,-0.961648,2
5238,4059,28,325,0,633,177,10460,207,10667,-0.000838494,0.00824842,-0.999966,2
2680,2172,22,254,0,484,144,5756,219,5975,0.0117898,0.0566718,-0.998323,2
5114,4098,40,482,0,1312,379,11425,285,11710,0.0152957,0.023584,-0.999605,2
2616,2147,19,245,0,482,134,5643,96,5739,-0.0076954,-0.00856283,-0.999934,2
5109,4125,33,480,0,941,258,10946,192,11138,-0.283708,0.307729,-0.908192,2
5201,3970,36,492,0,1056,263,11018,256,11274,0.0327505,-0.00824071,-0.99943,2
5187,3776,29,481,0,938,257,10668,188,10856,0.0338515,-0.0278492,-0.999039,2
5010,4050,43,657,0,939,299,10998,445,11443,0.0113765,0.0592174,-0.99818,2
5115,4172,40,537,0,949,294,11107,256,11363,-0.00609458,0.0028485,-0.999977,2
5054,4069,41,552,0,933,276,10925,418,11343,0.0153989,0.0419696,-0.999,2
5198,4013,40,599,0,919,295,11064,215,11279,-0.0165333,-0.0144105,-0.999759,2
5121,3689,30,473,0,866,265,10444,388,10832,0.0103305,0.0536593,-0.998506,2
4710,3775,33,491,0,854,263,10126,214,10340,-0.0154941,-0.0126761,-0.9998,2
4608,3740,31,470,0,829,261,9939,192,10131,-0.166347,0.158256,-0.973285,2
4656,3670,29,461,0,823,269,9908,259,10167,-0.00809175,0.000880548,-0.999967,2
5058,4100,34,532,0,985,272,10981,449,11430,0.0107279,0.0472564,-0.998825,2
4893,3687,41,498,0,906,259,10284,242,10526,0.0195054,0.0319503,-0.999299,2
4594,3690,30,419,0,837,293,9863,222,10085,-0.00386845,0.00132961,-0.999992,2
4679,3634,30,430,0,824,234,9831,358,10189,0.00853508,0.0567618,-0.998351,2
3206,2588,21,294,0,845,224,7178,151,7329,-0.00896803,-0.00445147,-0.99995,2
5240,3982,40,476,0,910,343,10991,406,11397,0.0133915,0.0467454,-0.998817,2
4994,3793,39,483,0,855,286,10450,198,10648,-0.0126784,-0.00511174,-0.999907,2
5266,4123,37,529,0,950,262,11167,473,11640,0.00763831,0.0630465,-0.997981,2
4795,3972,36,488,0,899,248,10438,276,10714,-0.00971222,0.00496616,-0.999941,2
3315,2719,23,387,0,611,168,7223,292,7515,0.0117018,0.0510847,-0.998626,2
4514,3663,29,415,0,851,233,9705,199,9904,-0.00205368,0.00775859,-0.999968,2
4515,3702,36,472,0,856,238,9819,381,10200,0.0201617,0.0461772,-0.99873,2
4604,3823,33,495,0,876,254,10085,228,10313,-0.00653508,-0.000302098,-0.999979,2
5103,4239,36,557,0,996,300,11231,453,11684,0.0190931,0.0326912,-0.999283,2
4837,3908,32,482,0,876,264,10399,216,10615,-0.00210129,-0.0238653,-0.999713,2
5359,4228,32,479,0,1006,266,11370,421,11791,0.0196834,0.0454823,-0.998771,2
5022,3984,31,419,0,892,179,10527,145,10672,-0.0143795,-0.0112082,-0.999834,2
5065,4378,44,493,0,976,294,11250,433,11683,0.00287885,0.0359868,-0.999348,2
5434,4767,42,562,0,1063,181,12049,140,12189,0.0153932,0.0563536,-0.998292,2
4771,3649,32,428,0,845,241,9966,206,10172,-0.019466,0.0319346,-0.9993,2
4601,3668,36,426,0,755,238,9724,170,9894,-0.199602,0.0626299,-0.977874,2
3035,2146,18,239,0,471,132,6041,118,6159,0.0194633,0.0395281,-0.999029,2
3209,2328,18,282,0,546,195,6578,142,6720,0.00357789,0.0557233,-0.99844,2
5288,4560,30,472,0,927,258,11535,216,11751,-0.00965959,0.125682,-0.992024,2
5411,4007,36,504,0,886,247,11091,155,11246,-0.0162233,0.105961,-0.994238,2
4543,3284,32,375,0,715,216,9165,225,9390,-0.0169578,0.159978,-0.986975,2
4961,3327,34,435,0,742,218,9717,244,9961,-0.0158413,0.116918,-0.993015,2
4453,2667,33,312,0,619,249,8333,254,8587,-0.0154828,0.141816,-0.989772,2
5028,2748,37,331,0,597,184,8925,309,9234,-0.00851724,0.234414,-0.972099,2
5166,2527,35,356,0,570,176,8830,316,9146,-0.0107091,0.255875,-0.966651,2
2599,1225,14,143,0,292,91,4364,136,4500,0.00082359,0.15395,-0.988078,2
4771,2246,45,299,0,488,154,8003,356,8359,0.00989402,0.11391,-0.993442,2
4860,2223,39,292,0,507,143,8064,437,8501,0.00722641,0.101958,-0.994762,2
5110,1711,29,244,0,397,118,7609,358,7967,0.0178,0.104127,-0.994405,2
4011,887,17,125,0,229,67,5336,194,5530,0.0286033,0.091916,-0.995356,2
1270,344,11,51,0,93,37,1806,102,1908,0.0291378,0.111857,-0.993297,2
1461,379,12,56,0,104,28,2040,128,2168,0.030735,0.0904455,-0.995427,2
4692,1171,29,200,0,334,101,6527,398,6925,0.0341831,0.136999,-0.989981,2
4498,993,30,173,0,263,87,6044,385,6429,0.0322479,0.117458,-0.992554,2
4549,798,26,164,0,278,90,5905,425,6330,0.0266946,0.156107,-0.987379,2
3912,646,32,107,0,159,63,4919,349,5268,0.0249273,0.116125,-0.992922,2
3900,492,31,107,0,161,57,4748,338,5086,0.0116332,0.0733062,-0.997242,2
4155,592,67,101,0,135,60,5110,392,5502,-0.00462704,0.0703586,-0.997511,2
4252,492,34,95,0,203,67,5143,474,5617,-0.0173198,0.0735875,-0.997138,2
4235,482,29,84,0,125,44,4999,444,5443,-0.0314929,0.081346,-0.996188,2
4057,480,28,105,0,160,65,4895,387,5282,-0.0422642,0.0959446,-0.994489,2
4174,624,36,121,0,165,114,5234,394,5628,-0.0315965,0.0998821,-0.994497,2
4213,806,33,126,0,247,75,5500,391,5891,-0.0165193,0.0688177,-0.997492,2
4004,844,35,142,0,271,92,5388,517,5905,-0.00207344,0.0427914,-0.999082,2
4429,1056,33,156,0,266,79,6019,413,6432,0.00947249,0.0258177,-0.999622,2
4216,1124,34,183,0,302,103,5962,464,6426,0.021107,0.0181508,-0.999612,2
4426,1406,27,185,0,438,111,6593,479,7072,0.0363432,0.0200456,-0.999138,2
4543,1885,28,248,0,484,133,7321,517,7838,0.0483621,0.019419,-0.998641,2
4864,2558,29,289,0,627,177,8544,356,8900,0.0895508,0.00168972,-0.995981,2
4633,3448,26,306,0,612,171,9196,286,9482,0.0971416,0.00768386,-0.995241,2
4967,4164,36,528,0,987,260,10942,309,11251,0.110157,0.019104,-0.993731,2
5748,5239,27,593,0,1305,333,13245,329,13574,0.121775,0.0512746,-0.991232,2
6563,5272,19,516,0,973,276,13619,327,13946,0.0972222,0.168774,-0.980848,2
3265,3094,15,374,0,725,205,7678,382,8060,0.0784464,0.232093,-0.969525,2
6307,6017,29,744,0,1337,384,14818,684,15502,0.0721588,0.333582,-0.939955,2
4637,3954,19,514,0,894,247,10265,417,10682,0.0740274,0.37453,-0.924255,2
5415,4459,25,542,0,1146,317,11904,540,12444,0.0783153,0.436034,-0.896516,2
5592,3844,30,512,0,953,176,11107,344,11451,0.0747331,0.456847,-0.886401,2
5777,3878,34,522,0,952,249,11412,431,11843,0.0720384,0.512888,-0.855428,2
4016,2604,28,435,0,740,181,8004,390,8394,0.0579767,0.560209,-0.82632,2
5710,3383,35,440,0,825,259,10652,404,11056,0.0505176,0.639513,-0.767119,2
5794,3267,50,376,0,759,209,10455,-1000,-1000,-1,-1,-1,2
3695,2198,25,248,0,508,164,6838,271,7109,-0.0364304,0.0967002,-0.994647,2
4844,2885,31,363,0,642,240,9005,423,9428,-0.0625772,0.160025,-0.985127,2
4613,2307,27,296,0,635,154,8032,474,8506,-0.0444521,0.156428,-0.986688,2
4352,1909,23,226,0,494,145,7149,399,7548,-0.0455387,0.201579,-0.978413,2
4250,1815,32,286,0,661,196,7240,451,7691,-0.0403452,0.209678,-0.976938,2
4108,1811,25,264,0,506,156,6870,434,7304,-0.0575389,0.286488,-0.956355,2
4057,1952,25,257,0,445,126,6862,360,7222,-0.0662309,0.276392,-0.95876,2
4174,1852,24,218,0,492,145,6905,363,7268,-0.0546297,0.166192,-0.984579,2
2798,1208,16,175,0,300,84,4581,261,4842,-0.0596676,0.178387,-0.98215,2
4076,1769,42,259,0,425,121,6692,369,7061,-0.0673089,0.181974,-0.980997,2
3952,1739,25,266,0,480,123,6585,387,6972,-0.0753337,0.219983,-0.97259,2
3974,1666,25,266,0,433,163,6527,385,6912,-0.0651401,0.230458,-0.9709,2
3933,1737,26,222,0,477,153,6548,379,6927,-0.0404814,0.223186,-0.973935,2
4174,1923,27,234,0,483,174,7015,376,7391,-0.0347031,0.24056,-0.970014,2
4040,2191,28,267,0,512,189,7227,397,7624,-0.00882329,0.262673,-0.964845,2
4378,2880,30,416,0,747,226,8677,376,9053,-0.00562609,0.2679,-0.96343,2
4610,3881,31,482,0,859,273,10136,391,10527,0.0097865,0.275589,-0.961226,2
4932,4259,35,474,0,964,265,10929,328,11257,0.00541092,0.282525,-0.959245,2
4990,4794,44,750,0,1233,375,12186,389,12575,-0.0118044,0.285961,-0.958168,2
5551,5147,36,602,0,1094,337,12767,385,13152,-0.0284874,0.25649,-0.966127,2
5601,5092,32,410,0,735,207,12077,199,12276,-0.0343066,0.286165,-0.957566,2
3731,3250,22,336,0,654,184,8177,176,8353,-0.0470356,0.274366,-0.960474,2
4665,3520,27,507,0,770,212,9701,265,9966,-0.047081,0.22228,-0.973845,2
4377,3065,28,377,0,686,188,8721,272,8993,-0.0278306,0.173001,-0.984528,2
4731,2905,28,391,0,674,187,8916,320,9236,-0.0272332,0.166041,-0.985743,2
4550,2252,29,380,0,541,168,7920,311,8231,-0.0329113,0.175927,-0.983853,2
4519,1688,30,271,0,430,120,7058,304,7362,-0.014181,0.170138,-0.985318,2
4587,1419,34,227,0,383,106,6756,374,7130,-0.00442113,0.125373,-0.9921,2
4644,1312,28,198,0,348,97,6627,307,6934,-0.00452155,0.133467,-0.991043,2
4765,1370,34,222,0,376,119,6886,284,7170,-0.013216,0.119672,-0.992726,2
4787,1488,30,229,0,391,122,7047,265,7312,-0.0333841,0.15009,-0.988108,2
4745,1573,24,251,0,361,112,7066,275,7341,-0.0615142,0.178863,-0.981949,2
4707,1531,27,197,0,396,120,6978,377,7355,-0.0643904,0.187096,-0.980229,2
4590,1494,27,223,0,342,103,6779,365,7144,-0.0435773,0.160828,-0.98602,2
4174,1164,23,165,0,295,91,5912,418,6330,-0.0375615,0.190383,-0.980991,2
4189,1199,30,188,0,287,99,5992,366,6358,-0.0279461,0.157352,-0.987147,2
4154,1149,33,175,0,268,105,5884,393,6277,-0.0289235,0.163197,-0.986169,2
4100,1074,33,208,0,382,118,5915,488,6403,-0.00561786,0.146393,-0.989211,2
2856,638,17,93,0,169,51,3824,258,4082,0.00766496,0.132302,-0.99118,2
4578,1371,29,168,0,313,96,6555,517,7072,-0.00759026,0.145784,-0.989287,2
4379,981,29,164,0,255,72,5880,392,6272,-0.0225633,0.12564,-0.991819,2
3868,873,32,133,0,211,76,5193,348,5541,-0.0113652,0.0712204,-0.997396,2
3927,864,30,128,0,207,75,5231,346,5577,-0.0100948,0.0337283,-0.99938,2
3802,819,30,204,0,252,91,5198,379,5577,-0.0209426,0.0465474,-0.998697,2
4357,922,36,147,0,241,85,5788,430,6218,-0.0232603,0.0633214,-0.997722,2
4364,1000,32,180,0,268,105,5949,401,6350,-0.0204501,0.0772189,-0.996804,2
4415,1173,32,173,0,300,122,6215,369,6584,-0.00802224,0.112101,-0.993664,2
4478,1358,34,213,0,371,114,6568,367,6935,0.0140858,0.120618,-0.992599,2
5370,1680,30,232,0,439,160,7911,302,8213,0.0683596,0.103767,-0.99225,2
4756,2106,30,256,0,515,153,7816,402,8218,0.106696,0.0737314,-0.991554,2
5024,2428,31,305,0,652,179,8619,498,9117,0.130017,0.0790048,-0.988359,2
4998,2976,34,442,0,785,210,9445,550,9995,0.144063,0.110018,-0.983434,2
3453,1927,15,235,0,434,119,6183,294,6477,0.14598,0.0621053,-0.987336,2
5160,3625,23,467,0,676,150,10101,337,10438,0.139929,0.034909,-0.989546,2
3328,2739,17,308,0,646,175,7213,402,7615,0.123771,0.0238518,-0.992024,2
6202,4888,27,549,0,1182,331,13179,610,13789,0.115496,0.0305858,-0.992837,2
5629,5019,27,582,0,1197,325,12779,504,13283,0.106323,0.0383737,-0.993591,2
6075,5692,28,678,0,1323,371,14167,363,14530,0.101142,0.0470735,-0.993758,2
4211,4203,18,469,0,973,262,10136,324,10460,0.101759,0.0426231,-0.993896,2
6548,6078,27,785,0,1525,429,15392,465,15857,0.0988685,0.0448575,-0.994089,2
6230,3947,15,406,0,819,230,11647,207,11854,0.116467,0.0614901,-0.991289,2
2759,2718,12,335,0,706,198,6728,177,6905,0.126771,0.102127,-0.986661,2
6672,6829,29,764,0,1694,460,16448,562,17010,0.0774934,0.184144,-0.97984,2
4418,4670,19,525,0,1088,323,11043,481,11524,0.0505333,0.162662,-0.985387,2
5284,5579,25,616,0,1278,368,13150,593,13743,0.0303054,0.142567,-0.989321,2
5132,5414,22,672,0,1330,347,12917,604,13521,0.0198774,0.122865,-0.992224,2
4774,5023,21,572,0,1203,312,11905,541,12446,0.0137686,0.111607,-0.993657,2
4747,4969,21,557,0,1187,336,11817,406,12223,0.00902122,0.130672,-0.991385,2
5773,5952,22,662,0,1374,374,14157,711,14868,0.00668697,0.151845,-0.988382,2
5691,5918,24,669,0,1282,264,13848,553,14401,-0.00206976,0.159222,-0.987241,2
4145,4120,22,453,0,944,268,9952,556,10508,-0.00555639,0.159999,-0.987101,2
5275,5017,22,563,0,1200,319,12396,681,13077,-0.0101482,0.155894,-0.987722,2
6440,6000,26,659,0,1381,266,14772,715,15487,-0.0103084,0.144762,-0.989413,2
3226,3120,14,477,0,737,190,7764,464,8228,-0.00837555,0.118216,-0.992953,2
6232,5534,26,680,0,1328,317,14117,583,14700,-0.00718149,0.104253,-0.994525,2
4234,3779,17,468,0,918,237,9653,562,10215,-0.00828277,0.0910009,-0.995816,2
6128,5445,27,655,0,1300,349,13904,843,14747,-0.00721985,0.0845816,-0.99639,2
6638,4801,19,500,0,922,255,13135,558,13693,-0.0116893,0.0795922,-0.996759,2
2678,2160,11,239,0,469,133,5690,295,5985,-0.0154173,0.0769097,-0.996919,2
1900,1715,9,213,0,398,114,4349,249,4598,-0.0196269,0.0755641,-0.996948,2
5602,4804,24,597,0,1164,305,12496,718,13214,-0.0192769,0.0762916,-0.996899,2
5423,4794,31,680,0,1171,254,12353,533,12886,-0.019607,0.0755195,-0.996951,2
6046,5367,32,689,0,1650,353,14137,842,14979,-0.0194899,0.075225,-0.996976,2
3383,2684,11,250,0,533,149,7010,350,7360,-0.019817,0.0728783,-0.997144,2
2176,1915,12,239,0,466,128,4936,288,5224,-0.0195641,0.0717389,-0.997232,2
5469,4771,25,583,0,1181,339,12368,727,13095,-0.0221276,0.0704621,-0.997269,2
6341,5304,27,604,0,1249,336,13861,518,14379,-0.0211056,0.0686074,-0.99742,2
4189,3746,30,422,0,868,277,9532,555,10087,-0.0227198,0.0684023,-0.997399,2
5496,4876,27,645,0,1160,321,12525,657,13182,-0.0259675,0.06883,-0.99729,2
4970,4333,26,502,0,1029,314,11174,663,11837,-0.0278882,0.070791,-0.997101,2
5212,4512,24,555,0,1055,311,11669,624,12293,-0.0291922,0.0711923,-0.997035,2
4998,4380,29,532,0,1030,303,11272,723,11995,-0.030499,0.0702529,-0.997063,2
6138,5493,36,668,0,1516,386,14237,797,15034,-0.0299196,0.0706673,-0.997051,2
3549,2462,14,275,0,566,162,7028,341,7369,-0.0278451,0.0719256,-0.997021,2
1872,1637,10,210,0,376,101,4206,213,4419,-0.0280986,0.071038,-0.997078,2
6271,5457,32,646,0,1301,406,14113,769,14882,-0.0269711,0.0699892,-0.997183,2
4219,3860,21,422,0,914,266,9702,560,10262,-0.0253756,0.0696299,-0.99725,2
4302,3762,18,451,0,895,249,9677,548,10225,-0.0251984,0.0717197,-0.997106,2
5494,4821,23,559,0,1176,304,12377,703,13080,-0.0268441,0.0742348,-0.996879,2
5413,4890,22,533,0,1211,331,12400,509,12909,-0.0289098,0.0745844,-0.996795,2
5011,4369,22,530,0,1067,304,11303,625,11928,-0.027641,0.0711357,-0.997084,2
5207,4454,21,487,0,1066,296,11531,616,12147,-0.0289131,0.0706008,-0.997085,2
3580,3281,15,388,0,756,226,8246,471,8717,-0.0299127,0.0689225,-0.997173,2
6404,5800,28,637,0,1325,372,14566,751,15317,-0.0302136,0.0672594,-0.997278,2
4450,3885,22,448,0,806,181,9792,409,10201,-0.0289012,0.065961,-0.997404,2
4809,3903,18,403,0,832,221,10186,473,10659,-0.0283497,0.0689818,-0.997215,2
6144,4994,30,618,0,1205,344,13335,821,14156,-0.0298612,0.0689017,-0.997177,2
4133,3601,17,393,0,849,224,9217,541,9758,-0.0287548,0.0700458,-0.997129,2
6171,5554,25,681,0,1319,441,14191,839,15030,-0.0296198,0.0680285,-0.997244,2
4009,2806,12,293,0,565,149,7834,343,8177,-0.0302622,0.0686487,-0.997182,2
2222,1984,10,238,0,476,125,5055,287,5342,-0.0286032,0.0673148,-0.997322,2
6075,5247,22,610,0,1199,322,13475,742,14217,-0.0298431,0.0670089,-0.997306,2
3904,4201,18,440,0,837,228,9628,472,10100,-0.031463,0.0678698,-0.997198,2
6008,5474,30,626,0,1455,496,14089,662,14751,-0.0310593,0.0693583,-0.997108,2
5689,4916,23,578,0,1252,335,12793,680,13473,-0.0326622,0.0706637,-0.996965,2
5563,5307,30,586,0,832,225,12543,495,13038,-0.0340079,0.0697982,-0.996981,2
3920,3616,16,416,0,853,244,9065,495,9560,-0.0306595,0.0687612,-0.997162,2
5803,4647,21,532,0,1133,317,12453,669,13122,-0.0269105,0.0700463,-0.997181,2
6117,5725,26,719,0,1387,326,14300,548,14848,-0.0281859,0.0708071,-0.997092,2
3193,2398,11,282,0,621,162,6667,332,6999,-0.0288819,0.0698449,-0.99714,2
5476,4064,18,401,0,850,227,11036,504,11540,-0.0282031,0.0684992,-0.997252,2
5682,5074,18,436,0,836,246,12292,504,12796,-0.0272584,0.0686009,-0.997272,2
