Downsample[ns],BuildFilTree[ns],SearchFil[ns],DeleteFil[ns],BuildTreeSub[ns],SearchSub[ns],DeleteSub[ns],PreProcTotal[ns],Plane[ns],Total[ns],nx,ny,nz,planeCount
4966,3393,8170,425,0,760,214,17928,165,18093,-0.0321093,0.109998,-0.993413,0
4680,3292,41,487,0,758,221,9479,163,9642,-0.0386614,0.0465765,-0.998166,0
4648,3274,34,382,0,752,213,9303,328,9631,-0.0374828,0.0703156,-0.99682,0
4711,3370,35,396,0,752,209,9473,124,9597,-0.0435118,0.0306883,-0.998581,0
4756,3272,36,380,0,751,210,9405,322,9727,-0.0344232,0.0667814,-0.997174,0
4766,3502,34,402,0,781,220,9705,112,9817,-0.0633801,0.0281985,-0.997591,0
4697,3239,42,382,0,803,222,9385,315,9700,-0.0306546,0.0696212,-0.997102,0
4731,3238,34,402,0,771,213,9389,135,9524,-0.0337531,0.0284215,-0.999026,0
4751,3300,36,385,0,759,213,9444,345,9789,-0.0328902,0.0732537,-0.996771,0
4829,3338,34,429,0,789,214,9633,122,9755,-0.0443323,0.0185882,-0.998844,0
4707,3219,34,389,0,753,211,9313,317,9630,-0.0414606,0.0721478,-0.996532,0
4770,3454,44,595,0,983,239,10085,133,10218,-0.0429718,0.038628,-0.998329,0
4748,3212,33,380,0,743,208,9324,313,9637,-0.0368851,0.0735618,-0.996608,0
4733,4029,43,503,0,757,214,10279,201,10480,-0.0153328,0.0511208,-0.998575,0
4770,3291,34,386,0,750,208,9439,122,9561,-0.0469763,0.00796721,-0.998864,0
4669,3280,40,410,0,780,215,9394,326,9720,-0.0397418,0.0681344,-0.996884,0
4158,2253,24,266,0,537,146,7384,77,7461,-0.0631013,0.0250245,-0.997693,0
4768,3331,36,386,0,755,212,9488,343,9831,-0.0316054,0.0716162,-0.996931,0
5740,3326,35,457,0,759,217,10534,125,10659,-0.0411741,0.0431501,-0.99822,0
4627,3223,34,426,0,788,217,9315,316,9631,-0.0370656,0.0708876,-0.996795,0
4844,3228,33,382,0,752,210,9449,117,9566,-0.0560499,0.0203902,-0.99822,0
4624,3208,36,401,0,830,247,9346,306,9652,-0.0261364,0.0759932,-0.996766,0
3904,2364,23,261,0,509,109,7170,73,7243,-0.0158066,0.0552875,-0.998345,0
2480,1708,18,199,0,399,110,4914,63,4977,-0.0164512,0.0528141,-0.998469,0
4883,3341,34,377,0,749,207,9591,114,9705,-0.0443245,0.0195683,-0.998826,0
4913,3331,33,383,0,788,220,9668,325,9993,-0.0331158,0.0735948,-0.996738,0
4859,3305,34,381,0,769,212,9560,141,9701,-0.0316162,0.0401275,-0.998694,0
4858,3397,35,402,0,751,211,9654,321,9975,-0.0272255,0.0736212,-0.996915,0
4655,3267,34,383,0,772,212,9323,132,9455,-0.0224239,0.0505059,-0.998472,0
4791,3208,35,380,0,789,216,9419,309,9728,-0.0333968,0.0773068,-0.996448,0
5495,3497,34,388,0,767,210,10391,133,10524,-0.0329236,0.0392946,-0.998685,0
4638,3334,35,384,0,745,217,9353,315,9668,-0.0281663,0.0746035,-0.996815,0
4633,3665,34,381,0,786,213,9712,127,9839,-0.0222133,0.0509747,-0.998453,0
4813,3274,34,401,0,752,221,9495,317,9812,-0.0263512,0.0741744,-0.996897,0
4795,3258,34,408,0,798,231,9524,134,9658,-0.0182284,0.0519211,-0.998485,0
4726,3334,33,300,0,541,147,9081,75,9156,-0.0215794,0.0416113,-0.998901,0
3289,2298,23,263,0,521,193,6587,227,6814,-0.0315607,0.0768493,-0.996543,0
4826,3249,43,434,0,856,214,9622,128,9750,-0.0415805,0.0342885,-0.998547,0
4842,3271,33,374,0,754,211,9485,322,9807,-0.0310375,0.0725182,-0.996884,0
4856,3272,35,382,0,749,209,9503,130,9633,-0.0442815,0.0189193,-0.99884,0
4731,3326,39,387,0,789,215,9487,343,9830,-0.0306089,0.0769557,-0.996565,0
4720,3241,33,384,0,753,208,9339,126,9465,-0.0263274,0.0434013,-0.998711,0
5029,3492,35,386,0,753,212,9907,310,10217,-0.0290791,0.075347,-0.996733,0
4656,3230,35,379,0,748,208,9256,124,9380,-0.0168239,0.0637503,-0.997824,0
4871,3285,34,382,0,753,208,9533,138,9671,-0.0240636,0.0372284,-0.999017,0
4623,3506,44,445,0,743,211,9572,341,9913,-0.0264723,0.0766814,-0.996704,0
5289,3402,34,383,0,748,209,10065,179,10244,-0.014007,0.0589605,-0.998162,0
6043,3514,35,415,0,765,213,10985,128,11113,-0.0127017,0.0506755,-0.998634,0
4714,3252,34,385,0,751,209,9345,109,9454,-0.0213891,0.0432081,-0.998837,0
5366,3609,34,385,0,752,211,10357,313,10670,-0.0293012,0.0758785,-0.996686,0
4719,3504,33,382,0,749,207,9594,136,9730,-0.0395195,0.0456665,-0.998175,0
3277,1895,19,203,0,397,112,5903,170,6073,-0.0290188,0.073789,-0.996852,0
4796,3454,43,540,0,786,246,9865,125,9990,-0.0284132,0.0497371,-0.998358,0
5126,3283,34,383,0,804,223,9853,310,10163,-0.0321192,0.0700779,-0.997024,0
4694,3385,34,385,0,758,219,9475,124,9599,-0.0441531,0.022152,-0.998779,0
5384,3751,40,456,0,856,243,10730,399,11129,-0.0340323,0.0649135,-0.99731,0
4675,2431,24,293,0,574,159,8156,89,8245,-0.0564504,0.0382187,-0.997674,0
2633,1818,20,215,0,423,120,5229,178,5407,-0.038696,0.0641354,-0.997191,0
4691,3310,33,405,0,749,210,9398,115,9513,-0.0603159,0.0366231,-0.997507,0
4744,3257,34,459,0,784,221,9499,310,9809,-0.030446,0.0704696,-0.997049,0
4919,3222,34,395,0,762,212,9544,129,9673,-0.0228733,0.0527224,-0.998347,0
6136,3732,38,433,0,851,255,11445,125,11570,-0.0412475,0.0364158,-0.998485,0
4675,3246,33,378,0,750,210,9292,316,9608,-0.0330201,0.0720975,-0.996851,0
5702,3689,38,444,0,849,236,10958,137,11095,-0.0323349,0.039637,-0.998691,0
4841,3346,40,543,0,913,233,9916,306,10222,-0.0273767,0.0757416,-0.996752,0
5038,3413,34,419,0,753,213,9870,132,10002,-0.014243,0.0610442,-0.998033,0
5875,4048,36,432,0,888,238,11517,149,11666,-0.045403,0.0117125,-0.9989,0
5300,3699,34,389,0,800,239,10461,357,10818,-0.0382407,0.0724304,-0.99664,0
5537,3912,38,453,0,848,239,11027,137,11164,-0.0443193,0.0253464,-0.998696,0
5321,3435,35,381,0,751,211,10134,309,10443,-0.0350737,0.0752338,-0.996549,0
5004,3230,33,381,0,753,209,9610,128,9738,-0.0423571,0.0408913,-0.998265,0
5641,3814,35,466,0,756,217,10929,308,11237,-0.0266624,0.0737159,-0.996923,0
4773,3373,34,385,0,756,244,9565,153,9718,-0.0204792,0.0529709,-0.998386,0
6917,3545,38,491,0,780,244,12015,111,12126,-0.0239492,0.0393836,-0.998937,0
4829,3066,24,264,0,524,146,8853,217,9070,-0.024658,0.0703771,-0.997216,0
4353,2992,35,367,0,720,194,8661,119,8780,-0.0227,0.0490311,-0.998539,0
4836,3329,38,604,0,1134,355,10296,167,10463,-0.0395287,0.044359,-0.998233,0
2505,1704,18,203,0,422,114,4966,161,5127,-0.0263906,0.0700799,-0.997192,0
5503,3415,34,485,0,767,216,10420,124,10544,-0.0277102,0.0513917,-0.998294,0
4707,3296,52,382,0,760,211,9408,102,9510,-0.0228656,0.0567233,-0.998128,0
4948,3333,34,385,0,784,236,9720,119,9839,-0.042779,0.0256031,-0.998756,0
4909,3422,34,385,0,824,217,9791,308,10099,-0.0312176,0.0653833,-0.997372,0
4769,3469,34,387,0,826,246,9731,122,9853,-0.0291989,0.046655,-0.998484,0
4821,4129,36,385,0,841,216,10428,313,10741,-0.0301948,0.0680971,-0.997222,0
4685,3231,34,376,0,751,209,9286,124,9410,-0.0448488,0.0188495,-0.998816,0
4663,3200,52,385,0,749,227,9276,320,9596,-0.0376037,0.0713407,-0.996743,0
4729,3256,34,374,0,746,209,9348,121,9469,-0.0428895,0.040023,-0.998278,0
4800,3278,34,386,0,910,273,9681,301,9982,-0.0308263,0.069145,-0.99713,0
4849,3285,35,382,0,800,239,9590,125,9715,-0.0254618,0.0431104,-0.998746,0
5035,3604,33,410,0,762,216,10060,347,10407,-0.0283119,0.0709907,-0.997075,0
4854,3459,36,390,0,754,215,9708,128,9836,-0.0332182,0.0396055,-0.998663,0
4760,3470,48,620,0,784,220,9902,309,10211,-0.0251701,0.0718367,-0.997099,0
4757,3302,32,385,0,764,212,9452,129,9581,-0.0441341,0.0186224,-0.998852,0
4708,3330,33,392,0,793,220,9476,315,9791,-0.0385118,0.0664296,-0.997048,0
4717,3506,34,398,0,830,222,9707,115,9822,-0.0495464,0.030775,-0.998298,0
4837,3531,35,403,0,792,223,9821,335,10156,-0.0357878,0.0613574,-0.997474,0
5121,3740,33,419,0,818,227,10358,114,10472,-0.0473615,0.0467239,-0.997784,0
4989,3966,35,423,0,896,237,10546,318,10864,-0.0323862,0.0668135,-0.99724,0
4873,3591,34,405,0,843,227,9973,117,10090,-0.0298631,0.0425869,-0.998646,0
5449,3572,35,407,0,800,224,10487,305,10792,-0.024031,0.0678951,-0.997403,0
4917,3662,35,411,0,794,222,10041,124,10165,-0.0263235,0.0414791,-0.998793,0
4845,3475,37,406,0,794,225,9782,300,10082,-0.0300815,0.0695915,-0.997122,0
4785,3673,35,412,0,863,231,9999,125,10124,-0.0406481,0.039062,-0.99841,0
4895,3789,37,413,0,848,232,10214,294,10508,-0.0285069,0.0676604,-0.997301,0
4948,3626,35,500,0,810,285,10204,121,10325,-0.0223279,0.031522,-0.999254,0
4826,4049,44,565,0,607,160,10251,212,10463,-0.0283959,0.0722426,-0.996983,0
3329,2514,24,281,0,556,154,6858,85,6943,-0.0204287,0.0513375,-0.998472,0
5882,3661,37,409,0,820,225,11034,109,11143,-0.0454716,0.00943305,-0.998921,0
4876,3520,35,404,0,863,246,9944,304,10248,-0.0305393,0.0732664,-0.996845,0
4777,3455,36,443,0,868,228,9807,119,9926,-0.0131507,0.0601538,-0.998102,0
4870,3472,35,406,0,868,225,9876,131,10007,-0.0156786,0.0441261,-0.998903,0
4974,3553,45,442,0,833,229,10076,297,10373,-0.0289754,0.0773375,-0.996584,0
5011,3517,34,406,0,847,227,10042,162,10204,-0.0422353,0.0496436,-0.997874,0
5133,3703,41,411,0,876,230,10394,329,10723,-0.0250733,0.0749887,-0.996869,0
4877,3535,38,464,0,949,228,10091,167,10258,-0.0388216,0.0410763,-0.998402,0
4926,3783,48,479,0,787,257,10280,306,10586,-0.0263479,0.0698779,-0.997208,0
7359,4532,30,443,0,823,235,13422,112,13534,-0.0275124,0.0353915,-0.998995,0
5004,3476,35,409,0,785,222,9931,313,10244,-0.0283079,0.0656381,-0.997442,0
4820,3413,34,398,0,818,222,9705,140,9845,-0.0260404,0.0836511,-0.996155,0
3308,1840,18,210,0,425,117,5918,73,5991,-0.00945824,0.0549172,-0.998446,0
2787,2083,20,240,0,476,132,5738,75,5813,-0.0252667,0.037318,-0.998984,0
4742,3355,34,399,0,769,217,9516,317,9833,-0.0215071,0.0694227,-0.997355,0
4818,3304,33,382,0,753,211,9501,123,9624,-0.0270369,0.0342563,-0.999047,0
5128,3184,35,408,0,746,214,9715,293,10008,-0.0408819,0.0755003,-0.996307,0
4929,3113,35,368,0,731,203,9379,122,9501,-0.0203823,0.06483,-0.997688,0
5179,3071,34,398,0,718,200,9600,148,9748,-0.0221601,0.0517226,-0.998416,0
4796,3070,37,371,0,735,204,9213,303,9516,-0.0403899,0.0770193,-0.996211,0
5004,3065,34,354,0,731,197,9385,127,9512,-0.0140914,0.0600187,-0.998098,0
4923,2867,34,416,0,724,191,9155,122,9277,-0.0284681,0.0787706,-0.996486,0
4870,2771,36,338,0,647,180,8842,137,8979,-0.0180046,0.0726469,-0.997195,0
4898,2731,35,328,0,635,177,8804,121,8925,-0.0221452,0.0752814,-0.996916,0
5595,2922,34,322,0,625,174,9672,122,9794,-0.0228124,0.101482,-0.994576,0
5580,2878,34,321,0,618,174,9605,151,9756,-0.0230536,0.104879,-0.994218,0
6057,2682,34,324,0,616,204,9917,173,10090,-0.040836,0.0798047,-0.995974,0
5436,2685,34,316,0,616,171,9258,147,9405,-0.0232823,0.0600921,-0.997921,0
6261,2846,37,314,0,618,169,10245,122,10367,-0.0396916,0.087192,-0.995401,0
6278,2561,35,341,0,580,167,9962,154,10116,-0.0532277,0.123391,-0.99093,0
5738,2561,33,324,0,554,158,9368,142,9510,-0.0482142,0.112579,-0.992472,0
5992,2282,35,298,0,516,146,9269,170,9439,-0.0318885,0.100241,-0.994452,0
3750,1399,33,170,0,330,92,5774,96,5870,-0.0262961,0.0903493,-0.995563,0
5332,1885,30,227,0,446,126,8046,153,8199,-0.032962,0.0830642,-0.995999,0
5246,1733,32,208,0,424,114,7757,136,7893,-0.0316603,0.0853105,-0.995851,0
5366,1564,31,194,0,363,103,7621,146,7767,-0.0226465,0.126903,-0.991657,0
5319,1472,36,184,0,366,130,7507,206,7713,-0.00343294,0.109113,-0.994023,0
5243,1321,29,221,0,312,93,7219,163,7382,0.0133181,0.0796406,-0.996735,0
5297,1268,41,161,0,296,105,7168,186,7354,0.0196136,0.0965296,-0.995137,0
5117,1247,33,157,0,332,88,6974,184,7158,0.00882789,0.112601,-0.993601,0
5122,1117,31,146,0,280,97,6793,202,6995,-0.00985278,0.0936381,-0.995558,0
4845,947,32,127,0,221,64,6236,175,6411,-0.0217774,0.108075,-0.993904,0
4809,770,37,111,0,188,55,5970,155,6125,0.00314239,0.0502003,-0.998734,0
4618,656,30,98,0,154,47,5603,153,5756,0.0278817,0.0239437,-0.999324,0
4549,561,29,86,0,138,43,5406,162,5568,0.0189872,0.0871979,-0.99601,0
4584,467,29,76,0,142,40,5338,152,5490,0.052925,-0.0104903,-0.998543,0
4355,449,29,73,0,110,35,5051,150,5201,0.0324325,0.0919102,-0.995239,0
4645,402,27,68,0,98,32,5272,126,5398,0.0375439,0.0804933,-0.996048,0
4747,383,27,70,0,93,30,5350,137,5487,0.0332466,0.061065,-0.99758,0
4370,340,35,73,0,79,30,4927,141,5068,0.0305961,0.0342308,-0.998945,0
3780,275,24,53,0,64,73,4269,136,4405,0.0859797,-0.087061,-0.992486,0
4319,250,26,52,0,84,26,4757,146,4903,0.0300179,-0.0402364,-0.998739,0
4621,257,28,58,0,62,24,5050,159,5209,0.046233,-0.103103,-0.993596,0
4198,276,37,57,0,56,22,4646,182,4828,0.0715619,-0.227134,-0.971231,0
4434,326,28,58,0,66,25,4937,156,5093,0.0710239,-0.233759,-0.969697,0
3883,274,26,54,0,91,35,4363,136,4499,0.0668916,-0.207952,-0.975849,0
3898,352,26,60,0,98,29,4463,142,4605,0.0601286,-0.166392,-0.984225,0
3849,339,26,84,0,91,43,4432,138,4570,0.0852629,-0.259605,-0.961944,0
3738,318,25,60,0,76,27,4244,144,4388,0.075793,-0.255967,-0.96371,0
3708,317,26,59,0,76,27,4213,143,4356,0.0650766,-0.23081,-0.97082,0
3694,328,26,72,0,89,33,4242,147,4389,0.0713215,-0.219421,-0.97302,0
3637,360,26,64,0,87,30,4204,160,4364,0.0653718,-0.165367,-0.984063,0
3644,435,27,74,0,101,34,4315,196,4511,0.0607997,-0.138117,-0.988548,0
3739,477,27,81,0,115,38,4477,162,4639,0.050703,-0.105499,-0.993126,0
3635,585,26,91,0,136,44,4517,174,4691,0.0620573,-0.144864,-0.987504,0
3704,673,27,104,0,163,51,4722,169,4891,0.0531404,-0.143972,-0.988154,0
3894,770,36,136,0,186,62,5084,204,5288,0.0638641,-0.103817,-0.992544,0
3949,840,28,121,0,241,70,5249,247,5496,0.0719533,-0.124788,-0.989571,0
4647,1080,31,152,0,261,78,6249,332,6581,0.0792922,-0.124516,-0.989044,0
3894,1047,26,142,0,258,76,5443,282,5725,0.0719738,-0.122887,-0.989807,0
3866,1133,28,157,0,306,87,5577,269,5846,0.063171,-0.116713,-0.991155,0
3968,1278,29,170,0,312,89,5846,310,6156,0.0533351,-0.119785,-0.991366,0
3943,1369,27,187,0,344,99,5969,339,6308,0.0438491,-0.106869,-0.993306,0
4263,1531,35,227,0,386,113,6555,363,6918,0.0260079,-0.0773041,-0.996668,0
4326,1740,28,220,0,424,152,6890,434,7324,0.0276358,-0.0825977,-0.9962,0
4241,1880,27,256,0,506,136,7046,423,7469,0.0203696,-0.074359,-0.997023,0
4799,2056,31,324,0,569,183,7962,555,8517,0.0210802,-0.0479522,-0.998627,0
4246,2165,28,260,0,519,144,7362,570,7932,0.0224644,-0.027915,-0.999358,0
4405,2181,27,269,0,542,149,7573,518,8091,0.0312589,-0.0104396,-0.999457,0
4647,2315,29,283,0,576,158,8008,530,8538,0.0379223,-0.0167132,-0.999141,0
4629,2412,27,294,0,599,164,8125,613,8738,0.0366306,-0.00775528,-0.999299,0
4743,2669,36,411,0,936,232,9027,690,9717,0.031859,0.00957553,-0.999447,0
4597,2846,32,339,0,708,190,8712,592,9304,0.00934656,0.0372933,-0.999261,0
4907,3372,28,381,0,889,222,9799,565,10364,-0.0168192,0.039974,-0.999059,0
2668,1933,16,221,0,465,122,5425,213,5638,-0.0279251,0.0388196,-0.998856,0
3033,2332,19,287,0,576,168,6415,239,6654,-0.0362172,0.04547,-0.998309,0
5173,4583,30,539,0,1087,288,11700,331,12031,-0.0484253,0.0450778,-0.997809,0
5814,4713,20,400,0,848,225,12020,228,12248,-0.0701269,0.043732,-0.996579,0
6319,6005,31,522,0,941,253,14071,247,14318,-0.0874742,0.0426028,-0.995255,0
3183,3363,20,379,0,749,202,7896,192,8088,-0.10669,0.0239431,-0.994004,0
3714,3864,18,439,0,899,240,9174,195,9369,-0.128311,0.0302494,-0.991273,0
6290,6341,30,820,0,1519,407,15407,362,15769,-0.135146,0.0614197,-0.98892,0
6314,5979,21,524,0,1599,324,14761,254,15015,-0.14511,0.108787,-0.983417,0
3231,3532,15,450,0,855,230,8313,263,8576,-0.128763,0.132794,-0.982744,0
6361,7287,30,823,0,1630,316,16447,418,16865,-0.113887,0.165957,-0.979535,0
4384,4898,19,568,0,1183,318,11370,437,11807,-0.0874422,0.187647,-0.978336,0
5614,6324,27,747,0,1507,393,14612,600,15212,-0.0685947,0.189429,-0.979496,0
3956,4319,18,466,0,978,262,9999,457,10456,-0.0521621,0.182177,-0.981881,0
6123,6479,36,708,0,1464,397,15207,745,15952,-0.0409722,0.180022,-0.982809,0
5948,5897,29,653,0,1167,255,13949,508,14457,-0.0360262,0.164028,-0.985798,0
5898,5643,28,619,0,1331,348,13867,668,14535,-0.0356975,0.154401,-0.987363,0
4034,3695,19,422,0,888,238,9296,529,9825,-0.0412917,0.149636,-0.987878,0
5856,5354,31,583,0,1282,330,13436,775,14211,-0.0381428,0.147248,-0.988364,0
5727,4984,41,565,0,1005,218,12540,516,13056,-0.0356933,0.146203,-0.98861,0
5765,4876,30,549,0,1169,306,12695,797,13492,-0.046061,0.153692,-0.987045,0
5704,4348,29,519,0,1066,310,11976,725,12701,-0.0533471,0.159573,-0.985744,0
6459,5346,30,497,0,680,182,13194,431,13625,-0.0716998,0.175401,-0.981883,0
5443,3799,29,433,0,997,246,10947,581,11528,-0.0834595,0.197898,-0.976663,0
5945,3567,30,441,0,862,249,11094,562,11656,-0.0936162,0.212445,-0.972678,0
5345,3496,31,387,0,808,239,10306,535,10841,-0.0899312,0.233734,-0.968133,0
4562,2732,27,323,0,657,176,8477,409,8886,-0.079292,0.247248,-0.965702,0
4511,2470,39,302,0,633,164,8119,364,8483,-0.0778685,0.272984,-0.958862,0
4413,2189,27,259,0,535,143,7566,373,7939,-0.0693455,0.252442,-0.965124,0
4089,2029,33,330,0,663,138,7282,377,7659,-0.0664516,0.254513,-0.964784,0
4477,1993,31,244,0,584,141,7470,406,7876,-0.0681056,0.247511,-0.966488,0
4802,2057,31,263,0,465,132,7750,384,8134,-0.0658463,0.244055,-0.967523,0
4283,1822,31,219,0,470,124,6949,372,7321,-0.0601877,0.241072,-0.968639,0
4182,1580,28,203,0,403,112,6508,364,6872,-0.0643938,0.213141,-0.974897,0
3947,1623,29,242,0,393,114,6348,379,6727,-0.0719673,0.220636,-0.972697,0
4015,1508,32,204,0,366,106,6231,328,6559,-0.106467,0.315961,-0.94278,0
3778,1467,29,188,0,374,106,5942,326,6268,-0.0936154,0.249573,-0.96382,0
3656,1432,37,186,0,343,99,5753,320,6073,-0.0921785,0.217649,-0.971665,0
3682,1382,36,181,0,342,98,5721,295,6016,-0.093387,0.16063,-0.982587,0
3665,1341,24,177,0,331,96,5634,308,5942,-0.091334,0.0977691,-0.991009,0
4061,1442,33,185,0,326,95,6142,278,6420,-0.130843,0.162978,-0.977915,0
3735,1321,24,211,0,325,121,5737,266,6003,-0.129305,0.153132,-0.97971,0
3700,1364,28,175,0,375,128,5770,314,6084,-0.114603,0.174504,-0.977964,0
3711,1407,34,186,0,387,121,5846,308,6154,-0.110365,0.201355,-0.973281,0
3780,1356,25,171,0,312,91,5735,256,5991,-0.0985022,0.179093,-0.978889,0
3875,1614,37,255,0,486,132,6399,321,6720,-0.091651,0.18913,-0.977665,0
3902,1313,27,177,0,317,92,5828,276,6104,-0.0947665,0.206161,-0.973918,0
3694,1466,26,175,0,316,93,5770,261,6031,-0.0931099,0.213693,-0.972454,0
3934,1396,26,175,0,317,93,5941,235,6176,-0.0855903,0.20457,-0.975103,0
3791,1309,26,174,0,317,93,5710,226,5936,-0.0814036,0.196998,-0.977019,0
5494,1385,29,181,0,318,93,7500,230,7730,-0.0983954,0.23732,-0.966435,0
3682,1348,27,178,0,320,118,5673,214,5887,-0.0948394,0.224267,-0.969902,0
4431,1545,31,243,0,384,101,6735,215,6950,-0.099266,0.260732,-0.960294,0
4034,1475,29,186,0,339,99,6162,187,6349,-0.0989865,0.222663,-0.969857,0
3941,1664,29,229,0,371,109,6343,199,6542,-0.106881,0.263556,-0.958705,0
4995,1911,31,219,0,462,121,7739,156,7895,-0.120148,0.304984,-0.944748,0
4183,1940,30,229,0,428,136,6946,153,7099,-0.0970083,0.214872,-0.971812,0
3949,1982,27,240,0,451,129,6778,114,6892,-0.0731904,0.177484,-0.981398,0
4021,2131,31,273,0,522,139,7117,104,7221,-0.101039,0.25611,-0.961353,0
4206,2071,30,249,0,472,135,7163,131,7294,-0.0918968,0.20503,-0.974432,0
4459,2499,31,256,0,498,140,7883,115,7998,-0.0920432,0.216206,-0.972,0
3942,2133,29,246,0,464,132,6946,111,7057,-0.0905113,0.211976,-0.973074,0
5502,2161,32,277,0,532,144,8648,178,8826,-0.0705803,0.173802,-0.982248,0
3986,2095,30,247,0,466,134,6958,113,7071,-0.0671538,0.139144,-0.987993,0
4731,2209,30,250,0,467,135,7822,106,7928,-0.105628,0.267494,-0.957753,0
4325,2210,29,252,0,473,135,7424,123,7547,-0.0549889,0.142123,-0.98832,0
4558,2380,33,280,0,528,152,7931,123,8054,-0.0569539,0.154787,-0.986305,0
4237,2141,29,262,0,478,140,7287,119,7406,-0.0771403,0.148649,-0.985877,0
4404,2378,34,252,0,482,161,7711,123,7834,-0.0537637,0.1339,-0.989535,0
4822,2371,34,332,0,538,159,8256,214,8470,-0.0405202,0.12803,-0.990942,0
4098,2137,29,255,0,498,138,7155,115,7270,-0.0458778,0.117506,-0.992012,0
4234,2131,31,288,0,506,145,7335,101,7436,-0.0816209,0.114617,-0.990051,0
3938,2151,29,254,0,485,139,6996,111,7107,-0.0996662,0.224418,-0.969383,0
4708,2664,33,297,0,594,164,8460,116,8576,0.16399,-0.367181,-0.915579,0
4531,2314,30,263,0,491,143,7772,147,7919,-0.0281566,0.107296,-0.993828,0
4053,2264,30,258,0,483,138,7226,118,7344,-0.0463617,0.123509,-0.99126,0
5063,2634,34,330,0,577,166,8804,203,9007,-0.0511557,0.107426,-0.992896,0
4457,2379,37,264,0,529,166,7832,182,8014,-0.0631798,0.119865,-0.990778,0
4861,2165,27,261,0,488,143,7945,197,8142,-0.0669416,0.126257,-0.989736,0
4499,2458,34,296,0,642,212,8141,113,8254,-0.0720517,0.134362,-0.988309,0
4213,2152,30,259,0,536,149,7339,187,7526,-0.0520848,0.114755,-0.992027,0
4545,2532,29,266,0,493,142,8007,105,8112,-0.0520808,0.126373,-0.990615,0
4508,2536,33,306,0,633,170,8186,208,8394,-0.0540605,0.115003,-0.991893,0
4652,2351,29,256,0,487,140,7915,108,8023,-0.162747,0.507056,-0.846409,0
3989,2375,31,268,0,496,142,7301,134,7435,-0.0717864,0.179368,-0.981159,0
4030,2164,29,289,0,493,142,7147,109,7256,-0.0734479,0.189098,-0.979207,0
4053,2164,29,257,0,517,143,7163,101,7264,-0.127134,0.285952,-0.949773,0
4143,2247,30,287,0,492,144,7343,118,7461,-0.0438967,0.128352,-0.990757,0
4676,2517,44,295,0,555,159,8246,125,8371,-0.13041,0.235984,-0.962967,0
4182,2197,49,263,0,500,142,7333,185,7518,-0.0391932,0.121825,-0.991778,0
4341,2262,30,269,0,524,148,7574,109,7683,-0.0582389,0.146204,-0.987539,0
3990,2226,29,259,0,487,140,7131,200,7331,-0.0444104,0.121263,-0.991626,0
4110,2211,33,295,0,490,145,7284,110,7394,-0.0758769,0.199604,-0.976934,0
4065,2222,30,262,0,521,143,7243,116,7359,-0.088825,0.190198,-0.977719,0
4083,2223,33,261,0,534,147,7281,100,7381,-0.108089,0.266235,-0.957829,0
4303,2198,30,259,0,527,164,7481,118,7599,-0.107328,0.226701,-0.968033,0
3994,2205,30,257,0,482,139,7107,101,7208,-0.0999195,0.253159,-0.962251,0
4129,2195,29,257,0,482,139,7231,122,7353,-0.0778444,0.215872,-0.973314,0
4326,2370,46,418,0,688,202,8050,151,8201,-0.085339,0.185193,-0.97899,0
4004,2260,29,260,0,481,139,7173,213,7386,-0.0442195,0.125102,-0.991158,0
4908,2232,33,309,0,514,146,8142,115,8257,-0.221428,0.566544,-0.793724,0
4094,2249,31,297,0,528,145,7344,140,7484,-0.0648649,0.189038,-0.979825,1
4801,2288,40,331,0,541,146,8147,156,8303,-0.0899416,0.200092,-0.97564,1
4598,2237,29,262,0,495,142,7763,104,7867,-0.0629928,0.150041,-0.986671,1
4674,2469,31,259,0,527,159,8119,115,8234,-0.0574204,0.146423,-0.987554,1
4477,2169,29,259,0,491,142,7567,184,7751,-0.0419988,0.127914,-0.990895,1
4855,2514,31,289,0,492,142,8323,226,8549,-0.0419423,0.122312,-0.991605,1
4169,2571,40,302,0,504,146,7732,179,7911,-0.0389,0.11921,-0.992107,1
4950,2264,36,261,0,490,141,8142,107,8249,-0.0916119,0.185252,-0.978411,1
3935,2225,29,255,0,490,142,7076,180,7256,-0.0454509,0.126707,-0.990898,1
4136,2176,30,290,0,542,147,7321,114,7435,0.0311601,-0.113971,-0.992995,1
4082,2233,29,259,0,489,162,7254,141,7395,-0.0423699,0.067605,-0.996812,1
4047,2269,31,263,0,513,144,7267,110,7377,-0.050824,0.0947817,-0.9942,1
5402,2414,33,288,0,548,159,8844,212,9056,-0.0499793,0.133543,-0.989782,1
3939,2224,31,267,0,499,142,7102,178,7280,-0.0547091,0.138752,-0.988815,1
4571,2243,28,259,0,524,151,7776,116,7892,-0.142967,0.542932,-0.827517,1
5392,2339,51,259,0,493,141,8675,141,8816,-0.0607678,0.162326,-0.984864,1
4400,2456,27,259,0,488,141,7771,108,7879,-0.0744435,0.213229,-0.974162,1
5113,2294,30,267,0,487,148,8339,101,8440,-0.0673859,0.173923,-0.982451,1
4494,2544,35,306,0,551,159,8089,206,8295,-0.0545506,0.134442,-0.989419,1
4413,2405,33,285,0,578,162,7876,209,8085,-0.0494019,0.134805,-0.98964,1
5453,2378,29,256,0,555,169,8840,209,9049,-0.0504187,0.137092,-0.989274,1
3929,2152,31,279,0,487,143,7021,182,7203,-0.0476773,0.13641,-0.989505,1
5191,2602,34,293,0,546,163,8829,139,8968,-0.0261436,-0.0765545,-0.996723,1
3973,2277,29,256,0,564,174,7273,163,7436,-0.0487103,0.12858,-0.990502,1
4029,2126,40,176,0,366,100,6837,71,6908,0.0324864,-0.261425,-0.964677,1
3609,1950,28,233,0,437,149,6406,134,6540,-0.0237182,-0.0144352,-0.999614,1
4530,2383,29,258,0,490,140,7830,136,7966,-0.0404873,0.0970625,-0.994455,1
4934,2368,34,290,0,552,183,8361,118,8479,-0.0280813,0.0527344,-0.998214,1
4553,2375,32,290,0,537,154,7941,133,8074,-0.0182237,0.027129,-0.999466,1
4870,2343,39,255,0,585,159,8251,141,8392,-0.0178368,0.0394358,-0.999063,1
3982,2127,31,257,0,485,138,7020,147,7167,-0.00787343,0.04371,-0.999013,1
4434,2400,35,322,0,576,162,7929,153,8082,-0.0459621,0.104305,-0.993483,1
4631,2731,33,321,0,551,164,8431,167,8598,-0.044351,0.0939839,-0.994585,1
4403,2348,33,283,0,541,155,7763,125,7888,-0.0601933,0.148795,-0.987034,1
4879,2486,33,286,0,544,156,8384,200,8584,-0.0445106,0.130597,-0.990436,1
5083,2851,32,311,0,565,159,9001,123,9124,-0.0123111,0.066003,-0.997743,1
4403,2418,33,286,0,543,156,7839,143,7982,-0.0533487,0.118218,-0.991554,1
5631,2584,42,415,0,830,203,9705,216,9921,-0.0460161,0.127422,-0.990781,1
4580,2458,33,329,0,541,160,8101,119,8220,0.0570395,0.143363,-0.988025,1
4827,2458,35,287,0,542,155,8304,184,8488,-0.0446304,0.147932,-0.98799,1
4387,2448,34,284,0,539,155,7847,124,7971,-0.0604694,0.148396,-0.987078,1
4545,2558,34,377,0,543,159,8216,115,8331,-0.0685719,0.147025,-0.986753,1
4589,2510,34,287,0,588,161,8169,215,8384,-0.0506029,0.131078,-0.99008,1
4605,2360,32,259,0,466,98,7820,-1000,-1000,-1,-1,-1,1
5351,2532,36,292,0,546,159,8916,154,9070,-0.0402376,0.0915711,-0.994985,1
4599,2315,32,284,0,556,184,7970,144,8114,-0.0250551,0.0576717,-0.998021,1
4816,2431,34,326,0,540,156,8303,160,8463,-0.0332727,0.0759398,-0.996557,1
4563,2354,32,346,0,595,161,8051,134,8185,-0.0323065,0.0699863,-0.997025,1
4664,2434,31,283,0,610,158,8180,127,8307,-0.0209152,0.0417766,-0.998908,1
5228,2722,32,307,0,576,172,9037,150,9187,-0.0360655,0.0690948,-0.996958,1
4646,2442,39,317,0,560,183,8187,122,8309,-0.0411492,0.104341,-0.99369,1
4592,2329,29,257,0,480,138,7825,-1000,-1000,-1,-1,-1,1
4400,2404,34,286,0,547,156,7827,151,7978,-0.0422414,0.0877233,-0.995249,1
4764,2583,33,288,0,554,158,8380,117,8497,-0.0672054,0.124237,-0.989974,1
4430,2435,31,289,0,587,162,7934,113,8047,-0.0954677,0.19349,-0.976446,1
4530,2405,32,284,0,567,159,7977,198,8175,-0.0508172,0.130308,-0.99017,1
4413,2495,33,289,0,587,159,7976,149,8125,-0.0658617,0.167689,-0.983638,1
4428,2449,36,313,0,570,198,7994,228,8222,-0.0607824,0.107064,-0.992392,1
4520,2429,33,287,0,540,155,7964,113,8077,-0.0411223,0.0631155,-0.997159,1
4563,2443,33,288,0,537,155,8019,123,8142,-0.0304085,0.0367759,-0.998861,1
4658,2428,33,286,0,540,155,8100,143,8243,-0.0294833,0.0465914,-0.998479,1
4260,2095,29,271,0,519,142,7316,116,7432,-0.0456554,0.0482811,-0.99779,1
4579,2599,35,288,0,557,159,8217,133,8350,-0.0391491,0.126887,-0.991144,1
4516,2486,33,310,0,539,157,8041,-1000,-1000,-1,-1,-1,1
4477,2726,33,293,0,543,159,8231,146,8377,-0.0412035,0.0591305,-0.9974,1
5655,2604,31,306,0,584,162,9342,140,9482,-0.0425306,0.0964068,-0.994433,1
4497,2609,36,289,0,547,157,8135,124,8259,-0.0439714,0.0703286,-0.996554,1
4547,2346,34,305,0,619,172,8023,132,8155,-0.0265207,0.0275824,-0.999268,1
4425,2357,33,313,0,534,155,7817,135,7952,-0.0376952,0.0604605,-0.997459,1
4503,2344,31,287,0,650,197,8012,122,8134,-0.0391985,0.0739619,-0.99649,1
4480,2464,32,298,0,608,190,8072,157,8229,-0.0346528,0.0528092,-0.998003,1
4537,2440,38,288,0,591,161,8055,130,8185,-0.032828,0.0553432,-0.997928,1
3977,2170,30,254,0,481,137,7049,115,7164,-0.0352446,0.0544528,-0.997894,1
4550,2392,28,258,0,536,171,7935,141,8076,-0.0861381,0.324524,-0.941947,1
4684,2592,32,300,0,500,146,8254,117,8371,-0.08614,0.228916,-0.969627,1
4393,2372,30,279,0,528,173,7775,177,7952,-0.0706403,0.201993,-0.976836,1
5153,2726,40,343,0,604,191,9057,182,9239,-0.0702836,0.214662,-0.974156,1
4305,2441,35,294,0,605,163,7843,177,8020,-0.112934,0.219744,-0.968999,1
4124,2510,31,296,0,577,163,7701,176,7877,-0.0943479,0.201214,-0.974993,1
4375,2552,31,309,0,636,173,8076,204,8280,-0.0584964,0.180975,-0.981747,1
4485,2753,31,314,0,600,171,8354,177,8531,-0.0917946,0.208245,-0.97376,1
4716,2942,32,338,0,657,185,8870,109,8979,-0.165907,0.148053,-0.974964,1
4759,3238,31,368,0,715,202,9313,135,9448,-0.0760352,0.188373,-0.97915,1
5278,3798,37,407,0,798,247,10565,226,10791,-0.0506559,0.207705,-0.976879,1
4569,3598,32,412,0,807,229,9647,260,9907,-0.0472906,0.205425,-0.97753,1
5124,4074,37,426,0,862,274,10797,247,11044,-0.0322711,0.202146,-0.978823,1
5467,4003,33,431,0,912,245,11091,213,11304,-0.0204818,0.206634,-0.978204,1
5223,3938,34,436,0,1031,336,10998,234,11232,-0.0189094,0.204919,-0.978596,1
5296,4370,39,496,0,971,272,11444,117,11561,-0.0587444,0.18872,-0.980272,1
5183,4336,40,575,0,1070,281,11485,129,11614,-0.0685938,0.185976,-0.980157,1
5368,4292,41,496,0,1003,273,11473,136,11609,-0.0864005,0.138968,-0.986521,1
5511,4359,40,506,0,984,280,11680,217,11897,-0.0256223,0.198108,-0.979845,1
5209,4233,35,447,0,945,290,11159,133,11292,-0.0681133,0.149964,-0.986342,1
4727,3876,41,541,0,888,253,10326,189,10515,-0.0112054,0.199,-0.979936,1
5642,4641,33,451,0,1012,300,12079,136,12215,-0.0515537,0.172067,-0.983735,1
4948,4117,35,446,0,946,252,10744,118,10862,-0.0554298,0.183481,-0.981459,1
5646,4396,38,458,0,892,249,11679,197,11876,-0.137366,0.342407,-0.929456,1
5279,3251,33,386,0,714,198,9861,164,10025,-0.146129,0.459841,-0.875895,1
3139,1869,21,213,0,424,129,5795,81,5876,-0.0411809,0.163685,-0.985653,1
4333,2431,32,285,0,533,154,7768,191,7959,-0.175579,0.63191,-0.754892,1
4359,2223,31,270,0,482,138,7503,132,7635,-0.158678,0.658765,-0.735425,1
4418,1967,31,237,0,436,125,7214,153,7367,-0.141553,0.642147,-0.753399,1
4317,1815,28,220,0,416,119,6915,154,7069,-0.136764,0.592317,-0.794013,1
4408,1755,30,217,0,414,118,6942,118,7060,-0.0654334,0.406957,-0.911101,1
4581,1458,22,149,0,283,80,6573,83,6656,-0.0538398,0.345854,-0.936742,1
4235,1488,27,223,0,335,98,6406,108,6514,-0.0423172,0.157853,-0.986555,1
4480,1522,31,190,0,347,115,6685,137,6822,-0.0136153,0.111678,-0.993651,1
4452,1391,31,177,0,328,94,6473,139,6612,-0.019746,0.1612,-0.986724,1
4706,1314,28,170,0,362,92,6672,125,6797,-0.00537533,0.0801932,-0.996765,1
5305,833,20,110,0,196,57,6521,119,6640,-0.00944529,0.156618,-0.987614,1
4070,962,23,167,0,241,71,5534,130,5664,-0.00987752,0.193356,-0.981079,1
4399,1089,28,142,0,257,73,5988,145,6133,-0.0162548,0.226324,-0.973916,1
4878,1037,31,144,0,265,76,6431,168,6599,-0.0262317,0.257438,-0.965939,1
4499,872,27,124,0,221,63,5806,158,5964,-0.0371829,0.293774,-0.955152,1
4447,813,32,120,0,209,60,5681,160,5841,-0.0430284,0.288591,-0.956485,1
2810,433,14,58,0,102,29,3446,101,3547,-0.0301554,0.278175,-0.960057,1
1517,244,9,36,0,63,18,1887,69,1956,-0.0180487,0.240463,-0.970491,1
4811,716,28,103,0,178,53,5889,244,6133,-0.0257234,0.295387,-0.955031,1
5028,615,28,102,0,165,48,5986,232,6218,-0.0287214,0.321029,-0.946634,1
4934,528,28,88,0,160,62,5800,219,6019,-0.0334881,0.312046,-0.949477,1
5295,495,26,82,0,139,61,6098,241,6339,-0.0271859,0.308092,-0.950968,1
4761,479,27,80,0,134,39,5520,202,5722,-0.0101244,0.22345,-0.974663,1
4484,459,28,77,0,125,37,5210,205,5415,-0.0160926,0.243771,-0.969699,1
4285,393,25,70,0,115,35,4923,223,5146,-0.0173413,0.252705,-0.967388,1
4188,394,28,67,0,106,32,4815,247,5062,-0.0141179,0.278186,-0.960423,1
4089,382,27,65,0,105,32,4700,295,4995,0.0217481,0.228035,-0.97341,1
4033,399,28,70,0,110,40,4680,253,4933,0.0339889,0.199161,-0.979377,1
4162,433,29,76,0,116,37,4853,258,5111,0.0259826,0.195174,-0.980424,1
3910,581,27,91,0,149,46,4804,246,5050,0.0272009,0.191559,-0.981104,1
3928,688,26,99,0,163,50,4954,262,5216,0.0388481,0.165293,-0.985479,1
3916,729,25,109,0,184,56,5019,223,5242,0.0356433,0.123433,-0.991713,1
3885,820,31,120,0,210,63,5129,238,5367,0.0401629,0.102994,-0.993871,1
4527,1114,36,175,0,271,81,6204,294,6498,0.0305318,0.0885317,-0.995605,1
3911,1168,27,162,0,292,85,5645,324,5969,0.0132508,0.0812701,-0.996604,1
4690,1593,32,232,0,421,115,7083,385,7468,0.00359307,0.101998,-0.994778,1
4500,1688,30,213,0,435,120,6986,359,7345,6.11298e-05,0.0946979,-0.995506,1
4953,2379,38,276,0,564,155,8365,404,8769,-0.0105016,0.12819,-0.991694,1
4628,2691,36,328,0,674,179,8536,464,9000,-0.0121511,0.149895,-0.988627,1
4742,3387,31,382,0,879,220,9641,408,10049,0.0106811,0.14019,-0.990067,1
5183,4172,31,460,0,948,256,11050,342,11392,0.0473467,0.173034,-0.983777,1
5811,5519,36,608,0,1190,313,13477,285,13762,0.110858,0.207358,-0.971964,1
4000,3968,21,436,0,914,245,9584,242,9826,0.130043,0.208044,-0.969436,1
6255,6378,35,723,0,1433,270,15094,268,15362,0.131138,0.216412,-0.967455,1
5678,5869,28,668,0,1370,371,13984,404,14388,0.125668,0.24039,-0.962507,1
4025,5563,25,709,0,1521,417,12260,416,12676,0.0878176,0.260893,-0.961365,1
3750,4134,20,474,0,970,261,9609,352,9961,0.0556193,0.279732,-0.958466,1
6301,6974,29,805,0,1640,442,16191,645,16836,0.0166531,0.290299,-0.956791,1
4390,5307,22,532,0,1130,284,11665,382,12047,-0.0132314,0.275759,-0.961136,1
3202,3439,15,373,0,790,215,8034,360,8394,-0.0354668,0.264339,-0.963777,1
6004,6090,32,678,0,1420,377,14601,741,15342,-0.0498449,0.275949,-0.959879,1
4210,3684,21,413,0,966,271,9565,525,10090,-0.0532731,0.261895,-0.963625,1
5856,4593,29,526,0,1174,301,12479,822,13301,-0.0593286,0.27978,-0.958229,1
3836,2759,19,333,0,705,180,7832,582,8414,-0.0525647,0.265822,-0.962588,1
3650,2510,20,273,0,584,158,7195,477,7672,-0.0569675,0.26943,-0.961334,1
5531,3010,31,351,0,773,200,9896,574,10470,-0.0512553,0.286735,-0.956638,1
5023,2855,31,333,0,701,185,9128,528,9656,-0.0582446,0.312567,-0.948108,1
5122,2645,31,342,0,655,220,9015,459,9474,-0.0655909,0.318011,-0.945816,1
4884,2617,40,421,0,730,192,8884,407,9291,-0.0631012,0.321708,-0.944734,1
4873,2408,33,287,0,600,159,8360,382,8742,-0.0586108,0.282382,-0.95751,1
5578,2397,33,272,0,588,154,9022,360,9382,-0.0566426,0.292863,-0.954475,1
4626,2192,30,277,0,585,165,7875,350,8225,-0.0501612,0.254977,-0.965645,1
4898,2014,29,247,0,495,136,7819,332,8151,-0.0469787,0.228754,-0.97235,1
5219,2159,36,285,0,471,134,8304,377,8681,-0.0437404,0.224696,-0.973447,1
4871,1985,30,226,0,448,126,7686,297,7983,-0.0423951,0.187231,-0.981401,1
4095,1741,29,218,0,426,120,6629,317,6946,-0.0481991,0.224418,-0.9733,1
4201,1777,29,228,0,451,122,6808,285,7093,-0.0493296,0.206869,-0.977124,1
3956,1636,28,207,0,448,143,6418,274,6692,-0.0493758,0.202821,-0.97797,1
4514,1792,30,282,0,433,132,7183,295,7478,-0.0485015,0.286829,-0.956753,1
4193,1745,32,221,0,424,122,6737,287,7024,-0.0487405,0.223222,-0.973548,1
3784,1497,26,193,0,367,106,5973,255,6228,-0.0487366,0.212534,-0.975937,1
4339,1599,28,203,0,398,114,6681,312,6993,-0.0534241,0.238723,-0.969617,1
4303,1501,26,172,0,315,92,6409,217,6626,-0.0583283,0.228536,-0.971787,1
4318,1358,29,185,0,335,99,6324,244,6568,-0.0533422,0.223484,-0.973247,1
4181,1448,26,184,0,331,97,6267,220,6487,-0.0714865,0.241597,-0.96774,1
4407,1367,28,186,0,333,98,6419,243,6662,-0.0645109,0.224663,-0.972299,1
3672,1304,28,168,0,305,90,5567,194,5761,-0.0581166,0.241203,-0.968733,1
4335,1493,29,203,0,360,106,6526,220,6746,-0.0714463,0.271019,-0.959919,1
4307,1537,31,203,0,367,108,6553,203,6756,-0.0767541,0.26286,-0.961776,1
4263,1616,31,213,0,386,116,6625,207,6832,-0.0733237,0.270123,-0.96003,1
4373,1694,28,207,0,363,142,6807,199,7006,-0.0783728,0.284335,-0.955516,1
4510,1795,31,233,0,426,124,7119,218,7337,-0.0733783,0.294291,-0.952895,1
3893,1630,28,251,0,392,117,6311,163,6474,-0.076182,0.289038,-0.954282,1
4647,2104,33,254,0,538,144,7720,205,7925,-0.0718296,0.302079,-0.950573,1
3985,1563,21,198,0,378,106,6251,101,6352,-0.0638595,0.323296,-0.944141,1
1103,684,9,71,0,142,39,2048,37,2085,-0.0533293,0.350921,-0.934885,1
1244,669,9,80,0,167,48,2217,37,2254,-0.0565634,0.354043,-0.933517,1
4938,2708,33,321,0,718,183,8901,134,9035,-0.0515588,0.245093,-0.968128,1
4900,3327,34,352,0,669,190,9472,181,9653,-0.0749255,0.309981,-0.947786,1
4373,2799,30,333,0,658,183,8376,204,8580,-0.0737832,0.310916,-0.947569,1
5642,3818,45,417,0,802,262,10986,173,11159,-0.0595794,0.330047,-0.942082,1
5444,4246,37,468,0,966,284,11445,149,11594,-0.0453966,0.29765,-0.953595,1
4971,4237,39,555,0,952,264,11018,109,11127,-0.0396565,0.397195,-0.916877,1
4845,4257,34,489,0,991,272,10888,142,11030,-0.031369,0.45686,-0.888985,1
5003,4366,34,543,0,1158,283,11387,141,11528,0.0316187,0.465924,-0.88426,1
4901,4526,35,540,0,1041,285,11328,161,11489,0.0734134,0.445617,-0.892208,1
5243,4730,36,530,0,1130,294,11963,156,12119,0.0236526,0.324295,-0.94566,1
5050,4752,36,546,0,1049,294,11727,137,11864,-0.0829541,0.314626,-0.945584,1
5267,3992,26,399,0,859,197,10740,68,10808,-0.0947274,0.304343,-0.947841,1
2073,1745,15,196,0,409,110,4548,56,4604,-0.0833667,0.32159,-0.943202,1
3321,2305,23,261,0,586,145,6641,85,6726,-0.0709378,0.184886,-0.980196,1
4702,2951,44,362,0,656,181,8896,121,9017,-0.0313422,0.27021,-0.962291,1
4467,2393,37,323,0,549,159,7928,108,8036,-0.0205151,0.30781,-0.951227,1
5018,2203,32,286,0,456,134,8129,107,8236,-0.00127543,0.250125,-0.968213,1
4392,1719,30,209,0,379,110,6839,-1000,-1000,-1,-1,-1,1
4470,1403,30,183,0,326,95,6507,181,6688,-0.000170314,0.32613,-0.945325,1
4288,1108,20,111,0,196,57,5780,73,5853,-0.00265163,0.473181,-0.880961,1
2845,585,15,79,0,136,40,3700,56,3756,0.00801785,0.0471315,-0.998856,1
4388,1113,28,151,0,268,78,6026,153,6179,-0.0249729,0.281,-0.959383,1
4372,1215,27,163,0,290,84,6151,212,6363,-0.0316258,0.248048,-0.968231,1
4418,1224,35,196,0,313,88,6274,192,6466,-0.0274515,0.273633,-0.961442,1
4410,1132,28,151,0,279,80,6080,214,6294,-0.0248937,0.299089,-0.9539,1
5161,1278,33,170,0,296,86,7024,233,7257,-0.0186074,0.276064,-0.960959,1
5285,1125,31,155,0,319,87,7002,249,7251,-0.0223611,0.294036,-0.955533,1
5203,961,31,141,0,252,73,6661,264,6925,-0.0279798,0.333715,-0.942259,1
5219,887,30,132,0,239,68,6575,275,6850,-0.0361673,0.317851,-0.94745,1
3866,513,19,76,0,137,40,4651,181,4832,-0.031074,0.323755,-0.94563,1
3122,479,19,72,0,126,37,3855,172,4027,-0.023297,0.33457,-0.942083,1
4299,633,26,97,0,168,50,5273,271,5544,-0.0144994,0.263725,-0.964489,1
4313,612,26,97,0,166,49,5263,265,5528,-0.0020009,0.219506,-0.975609,1
4767,616,30,96,0,164,50,5723,305,6028,-0.00476361,0.26335,-0.964689,1
4143,525,27,89,0,140,44,4968,263,5231,-0.0078524,0.225874,-0.974125,1
4664,523,31,91,0,139,43,5491,288,5779,-0.00906315,0.168608,-0.985642,1
4030,425,26,72,0,149,51,4753,252,5005,-0.0216607,0.173498,-0.984596,1
4145,374,26,67,0,104,33,4749,248,4997,-0.0163434,0.148895,-0.988718,1
4094,363,26,64,0,96,32,4675,256,4931,-0.0296199,0.140053,-0.989701,1
3900,363,27,64,0,94,31,4479,258,4737,-0.0321427,0.177849,-0.983533,1
4081,390,27,73,0,104,34,4709,259,4968,-0.0231458,0.149047,-0.988559,1
3912,525,28,84,0,132,41,4722,247,4969,-0.0113717,0.0700283,-0.99748,1
3916,678,29,100,0,171,52,4946,262,5208,-0.0179564,0.0598679,-0.998045,1
3951,885,30,124,0,210,73,5273,279,5552,-0.0287084,0.0978625,-0.994786,1
4040,1054,26,141,0,295,81,5637,295,5932,-0.0239174,0.0842892,-0.996154,1
4150,1368,30,206,0,318,97,6169,307,6476,-0.0225027,0.103422,-0.994383,1
4198,1807,28,214,0,406,115,6768,340,7108,-0.0246368,0.109086,-0.993727,1
4342,1990,27,239,0,470,132,7200,349,7549,-0.0223231,0.0983729,-0.994899,1
4397,2282,32,273,0,604,158,7746,373,8119,-0.0188197,0.0866255,-0.996063,1
4451,2515,29,297,0,585,181,8058,407,8465,-0.0208787,0.068851,-0.997408,1
4552,2604,28,309,0,609,171,8273,411,8684,-0.0259373,0.0570515,-0.998034,1
4666,2797,28,318,0,630,176,8615,403,9018,-0.0303015,0.0678875,-0.997233,1
4631,2696,28,326,0,758,188,8627,415,9042,-0.0339997,0.0711438,-0.996886,1
5142,2906,28,342,0,705,193,9316,439,9755,-0.0331303,0.0783099,-0.996378,1
4894,3134,28,350,0,709,193,9308,436,9744,-0.0458683,0.0962212,-0.994303,1
4684,3125,31,401,0,750,207,9198,478,9676,-0.0673916,0.135545,-0.988477,1
4835,3469,28,383,0,799,225,9739,607,10346,-0.0781429,0.15355,-0.985046,1
4919,3626,28,409,0,871,235,10088,603,10691,-0.0814279,0.157489,-0.984158,1
5225,4370,29,520,0,1011,272,11427,536,11963,-0.0866666,0.167452,-0.982064,1
4386,3379,20,377,0,785,231,9178,347,9525,-0.0912752,0.177105,-0.97995,1
5773,5334,32,597,0,1812,451,13999,482,14481,-0.0959759,0.188053,-0.977458,1
5921,4849,22,431,0,945,243,12411,284,12695,-0.110493,0.190053,-0.975536,1
3194,2976,16,353,0,749,194,7482,199,7681,-0.143653,0.183421,-0.972482,1
6228,5789,28,696,0,1347,263,14351,268,14619,-0.185601,0.197653,-0.962541,1
4388,4332,20,524,0,1015,278,10557,325,10882,-0.185944,0.227992,-0.955743,1
5996,5925,27,687,0,1715,348,14698,409,15107,-0.173064,0.280287,-0.944187,1
4142,4381,20,470,0,1005,266,10284,379,10663,-0.151145,0.315714,-0.936739,1
4937,5541,24,593,0,1384,496,12975,665,13640,-0.129887,0.361991,-0.923088,1
6502,6384,30,680,0,1253,268,15117,474,15591,-0.119772,0.387898,-0.913887,1
6260,5744,31,629,0,1325,393,14382,720,15102,-0.11269,0.402543,-0.908438,1
4163,3558,19,433,0,888,231,9292,457,9749,-0.104695,0.387145,-0.916056,1
4068,3448,19,378,0,848,229,8990,505,9495,-0.0899483,0.352402,-0.931516,1
5971,4883,30,568,0,1212,330,12994,854,13848,-0.0786633,0.304418,-0.949285,1
2511,1974,13,230,0,477,138,5343,389,5732,-0.0629074,0.256203,-0.964574,1
4362,3412,22,378,0,828,237,9239,599,9838,-0.0587746,0.232518,-0.970815,1
6212,4594,27,504,0,1141,293,12771,732,13503,-0.0593206,0.220053,-0.973683,1
6059,4643,32,451,0,764,200,12149,481,12630,-0.0537564,0.213868,-0.975382,1
4025,3101,20,367,0,792,221,8526,456,8982,-0.0481715,0.212081,-0.976064,1
5423,4243,31,545,0,1019,289,11550,572,12122,-0.0440629,0.215782,-0.975447,1
5430,4164,27,482,0,1071,271,11445,582,12027,-0.0375065,0.222399,-0.974234,1
5969,4696,27,531,0,1215,307,12745,667,13412,-0.036799,0.223624,-0.973981,1
6453,4810,40,539,0,803,210,12855,446,13301,-0.0405273,0.220542,-0.974535,1
4072,3403,19,363,0,787,205,8849,430,9279,-0.0446522,0.217474,-0.975044,1
5884,4735,29,531,0,1191,303,12673,606,13279,-0.0456167,0.218101,-0.974859,1
5933,4792,29,538,0,964,213,12469,423,12892,-0.0441318,0.222557,-0.97392,1
4002,3335,19,367,0,805,208,8736,432,9168,-0.0449076,0.22512,-0.973296,1
6036,5106,42,562,0,1142,299,13187,648,13835,-0.0435131,0.230579,-0.97208,1
5874,4811,32,530,0,1205,307,12759,672,13431,-0.0437922,0.230872,-0.971998,1
5699,3223,20,364,0,737,157,10200,354,10554,-0.0420844,0.229727,-0.972345,1
2509,1859,9,187,0,413,106,5083,245,5328,-0.0412691,0.228603,-0.972645,1
2620,2048,12,246,0,510,134,5570,304,5874,-0.0380118,0.229137,-0.972652,1
5911,4629,28,555,0,1139,300,12562,684,13246,-0.040771,0.227772,-0.972861,1
5965,4595,30,525,0,1131,317,12563,679,13242,-0.0399414,0.229623,-0.97246,1
4033,3224,19,366,0,818,208,8668,462,9130,-0.039117,0.229554,-0.97251,1
5854,4665,29,556,0,1207,302,12613,661,13274,-0.0405277,0.227771,-0.972871,1
5963,4687,28,533,0,1151,329,12691,657,13348,-0.0373923,0.228773,-0.972761,1
4076,3255,22,414,0,794,212,8773,455,9228,-0.0384298,0.224928,-0.973617,1
5968,4758,29,538,0,1199,329,12821,641,13462,-0.0355722,0.227936,-0.973026,1
5851,4670,29,547,0,1180,305,12582,529,13111,-0.0364548,0.227926,-0.972996,1
4037,3232,20,388,0,795,209,8681,462,9143,-0.0390709,0.227932,-0.972893,1
6036,4614,27,530,0,1137,321,12665,646,13311,-0.0376156,0.226897,-0.973192,1
5212,4345,26,523,0,1072,287,11465,573,12038,-0.0375081,0.225363,-0.973553,1
5377,4206,25,479,0,1088,274,11449,565,12014,-0.0368543,0.224748,-0.97372,1
5937,4657,28,535,0,1155,299,12611,631,13242,-0.0394819,0.223194,-0.973974,1
5916,4540,26,497,0,1098,213,12290,426,12716,-0.0407542,0.226303,-0.973204,1
4080,3272,19,368,0,788,206,8733,460,9193,-0.0393126,0.227152,-0.973066,1
5935,4651,28,565,0,1159,313,12651,650,13301,-0.0386154,0.227515,-0.973009,1
6004,4329,25,475,0,1023,268,12124,583,12707,-0.0379197,0.227729,-0.972986,1
3740,3008,17,337,0,762,195,8059,412,8471,-0.0342962,0.228527,-0.972933,1
5848,4405,27,490,0,1034,272,12076,593,12669,-0.0335807,0.226211,-0.973499,1
5883,4738,28,531,0,1144,300,12624,554,13178,-0.0332598,0.22695,-0.973338,1
5921,4697,36,545,0,1142,302,12643,631,13274,-0.0363246,0.22566,-0.973529,1
5863,4504,18,343,0,748,194,11670,404,12074,-0.0393406,0.226863,-0.973132,1
3759,3044,18,341,0,731,194,8087,401,8488,-0.0401934,0.228214,-0.972781,1
5686,4388,26,475,0,1161,292,12028,585,12613,-0.0400272,0.226838,-0.97311,1
5880,4225,25,507,0,1020,272,11929,598,12527,-0.0375638,0.228663,-0.972781,1
5434,4464,26,480,0,1046,306,11756,606,12362,-0.0389721,0.226229,-0.973294,1
6038,4683,27,503,0,1156,305,12712,646,13358,-0.0411654,0.225086,-0.973469,1
6104,4699,19,369,0,791,207,12189,446,12635,-0.0434796,0.225854,-0.97319,1
3134,2550,15,277,0,607,159,6742,332,7074,-0.0432344,0.226518,-0.973047,1
5977,4602,26,475,0,1028,311,12419,602,13021,-0.0438101,0.225681,-0.973216,1
5928,4285,24,540,0,1034,272,12083,582,12665,-0.0411172,0.22795,-0.972804,1
5484,4378,24,475,0,832,194,11387,414,11801,-0.0408341,0.227036,-0.97303,1
4937,4005,22,436,0,948,247,10595,520,11115,-0.0410138,0.227433,-0.97293,1
5607,4332,24,481,0,1047,274,11765,591,12356,-0.042426,0.228388,-0.972645,1
5353,4340,25,481,0,1061,281,11541,416,11957,-0.042204,0.228575,-0.972611,1
4842,3944,24,471,0,941,249,10471,517,10988,-0.0429441,0.227878,-0.972742,1
6021,4871,35,583,0,1177,306,12993,634,13627,-0.0439289,0.224903,-0.97339,1
4163,2559,15,299,0,608,161,7805,349,8154,-0.0455396,0.22576,-0.973118,2
2129,1698,10,190,0,408,109,4544,226,4770,-0.0457116,0.225634,-0.973139,2
5235,4382,26,485,0,1045,271,11444,565,12009,-0.0463629,0.227003,-0.97279,2
5261,4736,28,513,0,1034,272,11844,580,12424,-0.0445956,0.227981,-0.972644,2
5918,4337,24,475,0,1086,286,12126,575,12701,-0.0417784,0.227392,-0.972907,2
4477,3025,15,264,0,569,149,8499,321,8820,-0.0389123,0.228834,-0.972687,2
2400,1945,12,215,0,475,122,5169,264,5433,-0.0382164,0.227985,-0.972914,2
5614,4242,24,479,0,1032,270,11661,572,12233,-0.0369575,0.228997,-0.972725,2
6036,4782,29,536,0,1214,316,12913,649,13562,-0.0391719,0.228875,-0.972667,2
5469,4365,25,546,0,1158,293,11856,574,12430,-0.0370031,0.228546,-0.97283,2
5425,3585,18,342,0,773,196,10339,415,10754,-0.0359022,0.230036,-0.97252,2
2954,2333,13,263,0,578,151,6292,324,6616,-0.0338376,0.229013,-0.972835,2
5982,4781,28,540,0,1237,310,12878,639,13517,-0.0340248,0.229849,-0.972631,2
5278,4325,31,491,0,1037,271,11433,596,12029,-0.0358805,0.228935,-0.97278,2
5351,4395,26,483,0,1031,270,11556,568,12124,-0.0363886,0.229319,-0.972671,2
4797,3847,22,434,0,930,258,10288,546,10834,-0.0366883,0.229978,-0.972504,2
5871,4625,26,501,0,1183,275,12481,637,13118,-0.0346407,0.231207,-0.972288,2
5970,4747,28,532,0,1148,207,12632,450,13082,-0.0338517,0.230901,-0.972388,2
4065,3418,20,388,0,819,209,8919,441,9360,-0.0341372,0.230281,-0.972525,2
5547,4258,28,478,0,1047,281,11639,592,12231,-0.0334714,0.23131,-0.972304,2
5771,4542,25,481,0,1036,272,12127,612,12739,-0.0321193,0.232606,-0.972041,2
5221,4359,26,510,0,1034,279,11429,587,12016,-0.0343475,0.230685,-0.972422,2
5333,4204,25,513,0,1066,271,11412,572,11984,-0.0337062,0.230037,-0.972598,2
5647,4498,25,499,0,1022,203,11894,428,12322,-0.0353123,0.230071,-0.972533,2
3824,3130,18,360,0,734,192,8258,414,8672,-0.0370043,0.231188,-0.972205,2
5472,4451,25,532,0,1035,271,11786,610,12396,-0.0397384,0.230587,-0.97224,2
5462,4390,26,481,0,1029,275,11663,615,12278,-0.0406684,0.229982,-0.972345,2
3937,3076,18,362,0,734,193,8320,432,8752,-0.0413851,0.230107,-0.972285,2
6322,5078,29,540,0,1134,269,13372,622,13994,-0.0407695,0.230349,-0.972254,2
5299,4284,30,483,0,1060,272,11428,600,12028,-0.0402023,0.230399,-0.972265,2
3751,3232,24,494,0,1105,278,8884,562,9446,-0.0398704,0.23293,-0.971676,2
4939,3916,22,432,0,946,246,10501,556,11057,-0.0404351,0.232237,-0.971818,2
5438,4245,26,508,0,1048,272,11537,612,12149,-0.0383231,0.233465,-0.97161,2
5366,4290,26,503,0,1034,270,11489,612,12101,-0.0371621,0.230813,-0.972288,2
5418,4154,25,500,0,1051,194,11342,422,11764,-0.0387903,0.228155,-0.972852,2
6006,4509,27,471,0,1076,271,12360,602,12962,-0.0377253,0.227643,-0.973014,2
5372,4308,24,478,0,1047,272,11501,591,12092,-0.0405835,0.227421,-0.97295,2
5419,4518,26,478,0,1021,269,11731,604,12335,-0.0409936,0.231706,-0.971922,2
3729,3084,27,353,0,729,205,8127,438,8565,-0.0385771,0.232275,-0.971885,2
5855,4757,33,551,0,1300,332,12828,688,13516,-0.0424603,0.227676,-0.972811,2
5966,4217,20,362,0,792,204,11561,467,12028,-0.0460149,0.226298,-0.972971,2
3100,2449,15,276,0,610,177,6627,352,6979,-0.0545272,0.226063,-0.972585,2
6125,4654,26,497,0,1007,287,12596,598,13194,-0.059876,0.23545,-0.97004,2
5225,4151,28,510,0,1029,285,11228,666,11894,-0.0623622,0.243857,-0.967804,2
5401,4285,26,484,0,879,187,11262,495,11757,-0.0634335,0.251406,-0.965801,2
4764,3640,24,404,0,884,227,9943,646,10589,-0.0638177,0.252973,-0.965366,2
5418,3850,30,463,0,962,249,10972,732,11704,-0.0684336,0.254726,-0.964589,2
5104,3774,27,435,0,910,237,10487,740,11227,-0.0698312,0.248965,-0.965992,2
5076,3584,25,425,0,911,233,10254,764,11018,-0.0676709,0.249913,-0.965901,2
5623,3732,28,426,0,958,245,11012,828,11840,-0.066801,0.26043,-0.963179,2
5555,3698,30,416,0,904,234,10837,841,11678,-0.0617797,0.272133,-0.960275,2
5445,3468,30,397,0,898,230,10468,761,11229,-0.0580827,0.278455,-0.958691,2
5564,3334,30,411,0,877,231,10447,745,11192,-0.0502624,0.289779,-0.955773,2
5441,3336,30,384,0,831,217,10239,717,10956,-0.0478385,0.299153,-0.953005,2
5324,3285,30,377,0,849,218,10083,691,10774,-0.05071,0.298445,-0.953079,2
5381,3232,30,365,0,784,205,9997,650,10647,-0.0508523,0.293503,-0.954605,2
5315,3114,30,356,0,792,202,9809,613,10422,-0.0488002,0.296837,-0.953681,2
5357,2990,29,346,0,761,196,9679,610,10289,-0.0488504,0.304931,-0.951121,2
5267,2863,28,337,0,753,193,9441,566,10007,-0.0514094,0.305193,-0.950902,2
5414,2803,30,347,0,701,188,9483,548,10031,-0.0585396,0.318992,-0.945948,2
5186,2663,29,315,0,704,182,9079,525,9604,-0.0693467,0.320793,-0.944607,2
5254,2623,31,307,0,665,172,9052,543,9595,-0.0936552,0.320983,-0.942443,2
5672,2585,30,304,0,624,165,9380,502,9882,-0.108786,0.32197,-0.940479,2
4970,2338,31,290,0,628,165,8422,493,8915,-0.114317,0.323574,-0.939272,2
4909,2295,32,276,0,580,152,8244,442,8686,-0.116781,0.335151,-0.934899,2
4909,2162,31,267,0,547,147,8063,414,8477,-0.116982,0.373805,-0.920101,2
4722,2003,38,280,0,538,142,7723,422,8145,-0.109543,0.376179,-0.920049,2
4683,1979,31,239,0,492,130,7554,386,7940,-0.107051,0.353811,-0.929171,2
4412,1876,32,229,0,462,124,7135,381,7516,-0.115229,0.382582,-0.916708,2
4497,1731,41,307,0,439,120,7135,368,7503,-0.0947284,0.448923,-0.888535,2
4120,2215,37,297,0,621,173,7463,455,7918,-0.0775047,0.458695,-0.885207,2
3684,1429,24,208,0,357,101,5803,310,6113,-0.0640287,0.465621,-0.882665,2
3902,1511,26,194,0,385,110,6128,318,6446,-0.0602774,0.475707,-0.877536,2
3816,1467,31,222,0,371,123,6030,304,6334,-0.0641347,0.44241,-0.894517,2
3872,1864,32,263,0,538,153,6722,311,7033,-0.0669415,0.4078,-0.910614,2
3943,1438,27,195,0,369,104,6076,335,6411,-0.0780888,0.375558,-0.923503,2
3875,1712,29,192,0,357,103,6268,281,6549,-0.0858757,0.384764,-0.919012,2
3819,1434,25,186,0,351,100,5915,298,6213,-0.0902526,0.361636,-0.927941,2
3743,1403,28,182,0,347,100,5803,286,6089,-0.0918698,0.355722,-0.930066,2
4039,1415,35,188,0,356,101,6134,252,6386,-0.0829705,0.335462,-0.938393,2
3982,1490,28,192,0,390,107,6189,251,6440,-0.073378,0.299457,-0.951284,2
3808,1479,27,193,0,363,127,5997,261,6258,-0.0661349,0.307609,-0.949212,2
4089,1659,27,208,0,425,119,6527,266,6793,-0.0647117,0.345773,-0.936084,2
4067,1797,48,221,0,480,126,6739,241,6980,-0.0643624,0.380448,-0.92256,2
3927,1879,26,232,0,441,126,6631,230,6861,-0.0633374,0.38642,-0.920146,2
4251,1920,28,242,0,464,146,7051,216,7267,-0.0541183,0.399082,-0.915317,2
3987,1840,28,230,0,439,126,6650,181,6831,-0.043104,0.41118,-0.910534,2
4256,1891,27,246,0,439,128,6987,175,7162,-0.045052,0.403821,-0.913728,2
4123,2183,28,259,0,465,133,7191,159,7350,-0.044815,0.396689,-0.916859,2
4235,2210,28,294,0,565,172,7504,138,7642,-0.0485734,0.409705,-0.910924,2
4226,2445,28,292,0,567,161,7719,134,7853,-0.0533854,0.368489,-0.928098,2
4322,2846,29,404,0,644,188,8433,117,8550,-0.0481781,0.386327,-0.921103,2
4443,3162,30,360,0,755,236,8986,116,9102,-0.0257805,0.393709,-0.918874,2
4717,3396,42,435,0,1047,230,9867,-1000,-1000,-1,-1,-1,2
4558,3711,35,434,0,867,240,9845,133,9978,-0.044847,0.377133,-0.925072,2
4714,3948,33,449,0,892,250,10286,110,10396,-0.058571,0.413792,-0.908485,2
4809,4160,34,470,0,939,280,10692,138,10830,-0.0421778,0.352107,-0.935009,2
4983,4136,37,509,0,969,269,10903,280,11183,-0.0378269,0.366044,-0.929828,2
5052,4584,35,495,0,1152,291,11609,117,11726,-0.0425966,0.363637,-0.930566,2
5189,4337,37,525,0,983,311,11382,113,11495,-0.0181327,0.352693,-0.935563,2
5052,4487,38,608,0,1047,290,11522,129,11651,-0.0321451,0.327372,-0.944349,2
5148,4610,39,538,0,1080,305,11720,117,11837,-0.12108,0.304103,-0.944913,2
5201,4721,35,602,0,1058,299,11916,171,12087,-0.0477949,0.342745,-0.938212,2
5083,4441,35,499,0,999,275,11332,160,11492,-0.0255186,0.336593,-0.941305,2
4743,3894,33,439,0,866,241,10216,136,10352,-0.043745,0.31701,-0.947413,2
4407,3902,36,393,0,751,213,9702,118,9820,-0.0248907,0.338921,-0.940485,2
4146,2913,31,331,0,643,182,8246,120,8366,-0.0122302,0.299301,-0.95408,2
4124,2405,31,315,0,547,158,7580,116,7696,-0.0611558,0.290093,-0.955042,2
3897,2020,28,249,0,480,136,6810,134,6944,-0.068506,0.34768,-0.935107,2
4453,1657,32,205,0,378,110,6835,131,6966,-0.0873933,0.384917,-0.918804,2
3902,1279,29,170,0,307,89,5776,136,5912,-0.0789723,0.374456,-0.923876,2
4147,1044,32,170,0,262,73,5728,141,5869,-0.075532,0.375103,-0.923901,2
3984,776,30,115,0,196,60,5161,140,5301,-0.0530273,0.345527,-0.936909,2
4156,636,26,101,0,160,49,5128,144,5272,-0.0321141,0.33331,-0.94227,2
4359,578,52,105,0,146,45,5285,180,5465,-0.00560846,0.350738,-0.936457,2
5095,614,54,104,0,136,41,6044,141,6185,0.0260356,0.411741,-0.910929,2
4564,517,36,85,0,129,39,5370,127,5497,0.0310635,0.476789,-0.878469,2
4255,309,27,54,0,83,25,4753,85,4838,0.0595003,0.358795,-0.931518,2
2503,242,15,40,0,65,19,2884,63,2947,0.0691261,0.435569,-0.897497,2
4800,450,28,79,0,121,36,5514,112,5626,0.0798969,0.50308,-0.860539,2
4663,404,28,72,0,112,33,5312,122,5434,0.078964,0.57512,-0.814249,2
4519,355,27,66,0,98,30,5095,159,5254,0.075623,0.534338,-0.841881,2
4238,353,28,69,0,101,30,4819,153,4972,0.0611416,0.402227,-0.913496,2
4386,414,28,76,0,114,35,5053,223,5276,0.0399137,0.371154,-0.927713,2
4196,422,28,74,0,130,37,4887,264,5151,0.0230976,0.30241,-0.952898,2
4042,420,36,71,0,119,35,4723,268,4991,0.0213383,0.326802,-0.944852,2
4475,385,28,64,0,100,30,5082,261,5343,0.0261235,0.340194,-0.939992,2
4783,380,33,76,0,107,33,5412,302,5714,0.0286595,0.307895,-0.950989,2
4563,326,30,62,0,93,29,5103,259,5362,0.0199912,0.249117,-0.968267,2
4831,269,28,72,0,72,25,5297,188,5485,0.0309566,0.169344,-0.985071,2
2155,247,27,59,0,68,20,2576,148,2724,0.01613,0.121002,-0.992521,2
5018,618,30,96,0,185,52,5999,341,6340,-0.00910457,0.135931,-0.990677,2
4270,779,30,114,0,202,58,5453,337,5790,-0.0241535,0.168071,-0.985479,2
4190,970,28,133,0,249,71,5641,337,5978,-0.0277405,0.221427,-0.974782,2
4424,1313,32,190,0,308,119,6386,464,6850,-0.0187283,0.262449,-0.964764,2
4521,1595,30,196,0,402,108,6852,393,7245,-0.00437042,0.305932,-0.952043,2
4257,1990,28,218,0,439,136,7068,360,7428,0.0041701,0.331885,-0.943311,2
4931,2633,29,338,0,634,174,8739,339,9078,-0.00818034,0.369775,-0.929085,2
5342,3491,31,407,0,872,230,10373,257,10630,-0.00402755,0.328008,-0.944666,2
5786,4587,30,552,0,1064,302,12321,403,12724,-0.00978932,0.331709,-0.943331,2
4206,3394,21,392,0,817,221,9051,206,9257,-0.00183517,0.261658,-0.965159,2
6064,5150,27,668,0,1039,245,13193,318,13511,-0.0331254,0.298049,-0.953976,2
4296,3967,19,460,0,986,250,9978,137,10115,-0.0084155,0.293099,-0.956045,2
6673,6563,29,761,0,1559,418,16003,323,16326,-0.00719366,0.367815,-0.929871,2
6883,5240,21,517,0,825,218,13704,289,13993,-0.044949,0.38198,-0.923077,2
2774,2876,13,363,0,681,177,6884,281,7165,-0.0491417,0.345589,-0.937099,2
6506,6717,20,502,0,1106,284,15135,527,15662,-0.0295726,0.358677,-0.932993,2
4460,4382,19,470,0,983,264,10578,490,11068,-0.026857,0.351625,-0.935756,2
5592,5482,29,568,0,1209,318,13198,703,13901,-0.0361705,0.365344,-0.93017,2
4044,3416,21,377,0,781,206,8845,537,9382,-0.0494054,0.35376,-0.93403,2
7366,4852,30,541,0,1095,207,14091,718,14809,-0.0643851,0.372242,-0.9259,2
4164,2591,21,305,0,519,159,7759,674,8433,-0.0691699,0.362437,-0.929438,2
4886,2342,26,282,0,629,161,8326,833,9159,-0.0991491,0.403435,-0.90962,2
6341,2547,34,297,0,639,167,10025,847,10872,-0.11592,0.44283,-0.889081,2
5798,2096,23,193,0,373,98,8581,443,9024,-0.122832,0.488902,-0.863647,2
3833,1330,22,167,0,351,92,5795,391,6186,-0.110313,0.475571,-0.872733,2
5797,1892,30,216,0,557,141,8633,551,9184,-0.119499,0.524541,-0.842957,2
4983,1689,34,217,0,429,114,7466,458,7924,-0.118079,0.508236,-0.853085,2
2535,840,16,123,0,222,70,3806,186,3992,-0.109784,0.464065,-0.878972,2
2815,934,17,119,0,247,65,4197,268,4465,-0.105121,0.449271,-0.887189,2
4981,1612,30,199,0,406,108,7336,436,7772,-0.121792,0.492351,-0.861833,2
4581,1426,35,220,0,265,74,6601,296,6897,-0.114422,0.475828,-0.872064,2
3034,930,18,122,0,246,67,4417,238,4655,-0.107828,0.497611,-0.860672,2
4305,1294,28,188,0,320,91,6226,279,6505,-0.0253268,0.377919,-0.925492,2
4632,1359,34,199,0,293,86,6603,406,7009,-0.0122682,0.310977,-0.950338,2
4243,1061,25,142,0,271,85,5827,339,6166,-0.0246976,0.28731,-0.957519,2
4131,1068,25,142,0,279,92,5737,328,6065,-0.035894,0.308975,-0.950393,2
3929,1500,26,148,0,279,80,5962,293,6255,-0.0278958,0.310733,-0.950088,2
3881,1136,26,149,0,281,80,5553,242,5795,-0.0632119,0.372102,-0.926037,2
3852,1218,26,158,0,292,86,5632,245,5877,-0.0654843,0.349941,-0.93448,2
3917,1273,25,160,0,345,133,5853,271,6124,-0.0704666,0.377121,-0.92348,2
4328,1362,29,181,0,328,96,6324,201,6525,-0.0751542,0.404465,-0.91146,2
3929,1436,28,234,0,318,97,6042,171,6213,-0.0777972,0.424782,-0.901947,2
4554,1652,29,212,0,402,138,6987,176,7163,-0.0867654,0.45205,-0.887763,2
4750,1876,30,231,0,452,127,7466,180,7646,-0.094218,0.433672,-0.896131,2
4130,1896,27,227,0,425,123,6828,158,6986,-0.105695,0.458299,-0.882491,2
4718,2474,32,333,0,537,156,8250,176,8426,-0.102006,0.451136,-0.886606,2
4245,2701,29,289,0,619,178,8061,133,8194,-0.1028,0.471251,-0.875988,2
4741,2741,29,333,0,610,174,8628,121,8749,-0.0959925,0.449664,-0.888025,2
4406,2875,29,368,0,676,186,8540,111,8651,-0.0846166,0.548382,-0.831936,2
4715,3277,31,373,0,1114,308,9818,151,9969,-0.0794962,0.425732,-0.90135,2
5345,3912,29,419,0,889,287,10881,175,11056,-0.0590156,0.485693,-0.872135,2
4752,4283,32,446,0,807,233,10553,180,10733,-0.0608666,0.46311,-0.884209,2
4890,3696,40,426,0,868,238,10158,110,10268,-0.0698326,0.457435,-0.886497,2
4851,3633,33,435,0,927,252,10131,110,10241,-0.0892843,0.443339,-0.891896,2
5020,3860,44,478,0,922,253,10577,104,10681,-0.0521717,0.42105,-0.905536,2
5720,4266,33,460,0,937,264,11680,359,12039,-0.0601359,0.409347,-0.910395,2
5214,4153,32,502,0,959,272,11132,338,11470,-0.069047,0.417452,-0.906072,2
5204,4151,33,511,0,1024,276,11199,106,11305,-0.112638,0.400929,-0.909158,2
6615,4747,37,526,0,1027,285,13237,147,13384,-0.0835116,0.449679,-0.889277,2
3656,2692,32,375,0,604,171,7530,110,7640,-0.0540551,0.409356,-0.910772,2
4493,3072,34,360,0,795,220,8974,116,9090,-0.0517716,0.427415,-0.902572,2
4176,2559,31,306,0,586,178,7836,129,7965,-0.0706448,0.412019,-0.908432,2
4508,2455,32,308,0,560,169,8032,218,8250,-0.004124,0.389877,-0.920858,2
4389,2009,29,231,0,408,139,7205,127,7332,-0.0574392,0.422081,-0.904736,2
3788,1447,26,212,0,342,101,5916,107,6023,0.0242567,0.317635,-0.947903,2
4457,1207,32,168,0,352,95,6311,114,6425,-0.105192,0.427955,-0.897658,2
4517,994,32,141,0,236,73,5993,139,6132,-0.0510862,0.43827,-0.89739,2
4579,844,38,150,0,190,60,5861,129,5990,-0.0207956,0.392947,-0.919326,2
5121,649,33,134,0,192,53,6182,131,6313,-0.0604754,0.541956,-0.838228,2
4138,561,26,89,0,142,43,4999,124,5123,-0.0856779,0.594205,-0.799737,2
4201,510,26,81,0,135,41,4994,127,5121,-0.054258,0.503249,-0.862437,2
4384,524,32,104,0,125,39,5208,152,5360,-0.0261883,0.461926,-0.886532,2
4265,494,26,79,0,129,39,5032,120,5152,-0.0144835,0.454425,-0.890667,2
5233,556,35,109,0,165,54,6152,149,6301,-0.0202507,0.475136,-0.87968,2
4375,468,26,81,0,125,38,5113,136,5249,-0.0021067,0.431698,-0.902016,2
5034,737,34,119,0,171,45,6140,204,6344,0.00502375,0.415285,-0.909677,2
6103,592,89,97,0,152,45,7078,173,7251,0.021274,0.424218,-0.90531,2
6343,537,29,122,0,170,49,7250,169,7419,0.0257494,0.450978,-0.892163,2
3335,304,19,51,0,81,24,3814,99,3913,0.0309891,0.452963,-0.890991,2
2401,221,14,36,0,60,18,2750,87,2837,0.0267071,0.454949,-0.890117,2
4700,475,28,81,0,129,38,5451,195,5646,0.00739325,0.481932,-0.876177,2
4566,536,28,86,0,141,42,5399,245,5644,-0.0194351,0.478119,-0.87808,2
4916,657,32,90,0,206,53,5954,282,6236,-0.0350125,0.452298,-0.891179,2
4900,643,31,102,0,181,52,5909,367,6276,-0.0463943,0.462223,-0.885549,2
4396,645,28,96,0,164,46,5375,348,5723,-0.0450524,0.402276,-0.914409,2
4492,577,28,97,0,207,54,5455,360,5815,-0.052076,0.39982,-0.915113,2
4184,594,27,92,0,171,47,5115,331,5446,-0.0517588,0.398205,-0.915835,2
4217,654,29,100,0,176,50,5226,306,5532,-0.0454319,0.377607,-0.924851,2
4748,878,31,131,0,235,66,6089,332,6421,-0.0276416,0.368335,-0.929282,2
4816,1159,33,162,0,302,85,6557,378,6935,-0.0216201,0.381697,-0.924035,2
4922,1836,33,242,0,427,119,7579,347,7926,-0.0132741,0.392521,-0.919647,2
5314,2705,29,286,0,568,156,9058,330,9388,-0.00973584,0.418196,-0.908304,2
6086,3692,32,423,0,862,234,11329,298,11627,-0.0558694,0.481407,-0.874715,2
6564,4289,23,360,0,727,187,12150,184,12334,-0.110936,0.43662,-0.89278,2
5546,4171,25,475,0,1046,271,11534,341,11875,-0.147506,0.384264,-0.911363,2
5620,4517,28,537,0,1111,295,12108,421,12529,-0.161153,0.387142,-0.907827,2
6482,5449,32,612,0,1349,350,14274,633,14907,-0.124557,0.399748,-0.908123,2
4366,3793,22,438,0,914,239,9772,481,10253,-0.087186,0.386415,-0.918195,2
6971,6298,41,697,0,1201,263,15471,559,16030,-0.0510606,0.400006,-0.915089,2
4331,3319,20,376,0,869,255,9170,648,9818,-0.0422206,0.387903,-0.920733,2
4090,2703,21,307,0,677,176,7974,700,8674,-0.0434436,0.364828,-0.930061,2
5390,2845,26,338,0,741,191,9531,952,10483,-0.0654279,0.382972,-0.92144,2
3501,1521,19,189,0,460,108,5798,633,6431,-0.0774629,0.376606,-0.923129,2
4880,1809,28,233,0,507,132,7589,764,8353,-0.0773103,0.392308,-0.916579,2
4936,1647,31,219,0,485,123,7441,650,8091,-0.0665135,0.40731,-0.910865,2
5605,1826,34,240,0,499,133,8337,665,9002,-0.0763364,0.435553,-0.89692,2
5627,1782,34,234,0,478,127,8282,602,8884,-0.0911585,0.43947,-0.89362,2
3687,1163,23,152,0,309,82,5416,415,5831,-0.0948026,0.422421,-0.901428,2
4602,1559,31,204,0,406,108,6910,523,7433,-0.0987939,0.422415,-0.901002,2
4562,1496,27,190,0,440,123,6838,477,7315,-0.0947394,0.410458,-0.906945,2
4340,1487,29,195,0,422,111,6584,447,7031,-0.0859613,0.40068,-0.912177,2
4735,1629,34,210,0,418,114,7140,487,7627,-0.0756771,0.408761,-0.909498,2
4622,1550,29,209,0,413,136,6959,480,7439,-0.073253,0.405426,-0.911188,2
4066,1350,26,180,0,351,97,6070,409,6479,-0.0586745,0.405887,-0.912038,2
3829,1268,26,174,0,334,95,5726,372,6098,-0.0561466,0.394272,-0.917277,2
4198,1316,24,176,0,332,94,6140,344,6484,-0.0653047,0.40279,-0.91296,2
3898,1380,24,197,0,349,99,5947,341,6288,-0.0712051,0.423014,-0.903321,2
4482,1675,28,216,0,415,118,6934,315,7249,-0.0936794,0.489891,-0.866736,2
4684,1779,25,197,0,382,108,7175,250,7425,-0.090398,0.430443,-0.89808,2
3981,1650,25,223,0,412,115,6406,155,6561,-0.0918074,0.393698,-0.914644,2
4241,1536,28,201,0,403,110,6519,118,6637,-0.0822189,0.410118,-0.908319,2
4625,2108,30,219,0,468,123,7573,-1000,-1000,-1,-1,-1,2
4793,1676,28,199,0,399,117,7212,157,7369,-0.107705,0.353454,-0.929231,2
4316,2049,34,279,0,602,186,7466,190,7656,-0.102552,0.402746,-0.909549,2
4281,2053,37,270,0,462,137,7240,137,7377,-0.115545,0.38788,-0.914439,2
4953,2668,32,364,0,610,177,8804,155,8959,-0.016037,0.505795,-0.862505,2
5048,2927,28,324,0,614,176,9117,143,9260,-0.0455716,0.45046,-0.891633,2
4720,2648,29,331,0,656,184,8568,143,8711,-0.0307537,0.451727,-0.891626,2
4759,2658,28,329,0,639,191,8604,204,8808,-0.0511784,0.386576,-0.920837,2
5403,2810,30,328,0,638,179,9388,244,9632,-0.0428946,0.380124,-0.92394,2
4821,2325,29,301,0,611,168,8255,194,8449,-0.0235435,0.375352,-0.926583,2
5545,2694,36,339,0,651,184,9449,210,9659,-0.0122651,0.375108,-0.9269,2
4869,2326,36,302,0,588,205,8326,161,8487,-0.00398193,0.379652,-0.925121,2
5781,2684,32,345,0,645,192,9679,187,9866,0.0331849,0.386628,-0.921638,2
2171,953,14,122,0,232,66,3558,70,3628,0.0342224,0.378836,-0.924831,2
3305,1327,22,174,0,312,91,5231,119,5350,0.0613352,0.386479,-0.920257,2
4893,1645,32,236,0,461,146,7413,171,7584,0.0993608,0.43059,-0.897062,2
4882,1615,40,233,0,414,108,7292,225,7517,0.0934587,0.428842,-0.898532,2
4215,1202,27,171,0,286,86,5987,-1000,-1000,-1,-1,-1,2
4680,1059,28,152,0,258,79,6256,-1000,-1000,-1,-1,-1,2
3885,822,26,118,0,188,59,5098,-1000,-1000,-1,-1,-1,2
3891,603,26,94,0,153,48,4815,-1000,-1000,-1,-1,-1,2
4519,591,30,101,0,163,60,5464,-1000,-1000,-1,-1,-1,2
4784,555,29,95,0,141,48,5652,-1000,-1000,-1,-1,-1,2
4700,540,30,93,0,153,47,5563,-1000,-1000,-1,-1,-1,2
4284,447,26,89,0,132,44,5022,128,5150,0.0271949,0.381772,-0.923857,2
4759,533,36,91,0,135,44,5598,-1000,-1000,-1,-1,-1,2
4938,557,29,112,0,157,49,5842,155,5997,-0.00716142,0.329359,-0.944178,2
4311,429,27,75,0,116,36,4994,100,5094,-0.144415,0.47544,-0.867814,2
4557,433,26,77,0,169,41,5303,171,5474,-0.109947,0.455769,-0.883282,2
4579,457,27,73,0,115,34,5285,184,5469,-0.0793537,0.424112,-0.902126,2
5396,494,31,85,0,144,42,6192,241,6433,-0.070925,0.472536,-0.878453,2
4813,455,26,89,0,119,36,5538,199,5737,-0.0437747,0.453315,-0.890275,2
3128,300,17,51,0,80,24,3600,129,3729,-0.0150038,0.357892,-0.933642,2
2829,283,16,48,0,79,24,3279,131,3410,-0.0123115,0.364141,-0.931262,2
4269,491,26,81,0,170,47,5084,207,5291,-0.0462964,0.367018,-0.929061,2
4197,475,27,78,0,127,39,4943,240,5183,-0.0318989,0.348219,-0.93687,2
4183,431,30,93,0,120,40,4897,286,5183,-0.0267306,0.302137,-0.95289,2
4679,565,31,88,0,134,41,5538,348,5886,-0.0385149,0.323169,-0.945557,2
4841,590,31,91,0,147,44,5744,380,6124,-0.0409152,0.301549,-0.952573,2
4615,729,41,112,0,190,57,5744,416,6160,-0.0470789,0.29233,-0.955158,2
4863,1171,32,149,0,262,77,6554,411,6965,-0.0509922,0.324484,-0.944516,2
4329,1612,32,177,0,319,91,6560,409,6969,-0.046763,0.304809,-0.951265,2
5022,1916,30,220,0,454,135,7777,442,8219,-0.0358275,0.305697,-0.951455,2
5419,2741,33,328,0,643,182,9346,473,9819,-0.0138621,0.368155,-0.929661,2
5103,3136,32,371,0,776,209,9627,486,10113,-0.0225797,0.39219,-0.919607,2
5696,3922,31,454,0,944,252,11299,572,11871,-0.0577913,0.411758,-0.909459,2
5355,3905,27,440,0,956,248,10931,392,11323,-0.0509943,0.380671,-0.923304,2
6441,4658,30,540,0,1099,209,12977,373,13350,-0.0487369,0.373704,-0.926267,2
3444,2869,19,338,0,653,185,7508,394,7902,-0.0500101,0.351437,-0.934875,2
6431,5084,30,580,0,1707,336,14168,769,14937,-0.035753,0.354417,-0.934404,2
6460,4821,29,543,0,1214,213,13280,596,13876,-0.0242359,0.365769,-0.93039,2
5280,3791,24,434,0,956,266,10751,750,11501,-0.0304309,0.327272,-0.94444,2
5418,3316,26,393,0,833,214,10200,933,11133,-0.0466681,0.336841,-0.940404,2
5699,2553,28,355,0,484,139,9258,699,9957,-0.0646402,0.325574,-0.943304,2
3432,1527,19,188,0,405,126,5697,607,6304,-0.0771734,0.325281,-0.942463,2
6041,2452,34,317,0,671,170,9685,920,10605,-0.082337,0.32253,-0.942971,2
5785,2184,32,266,0,518,139,8924,746,9670,-0.0796937,0.317599,-0.94487,2
3509,1304,22,165,0,344,91,5435,442,5877,-0.0583887,0.324905,-0.943943,2
5738,2572,44,255,0,576,180,9365,702,10067,-0.0482758,0.353621,-0.934142,2
4882,1660,32,254,0,561,190,7579,726,8305,-0.0503981,0.338052,-0.939777,2
4668,1546,36,205,0,399,108,6962,498,7460,-0.0518648,0.343399,-0.937756,2
5005,1590,31,213,0,429,102,7370,446,7816,-0.0530515,0.368387,-0.928158,2
4623,1566,28,195,0,407,110,6929,480,7409,-0.0892212,0.463895,-0.881386,2
4403,962,20,130,0,249,69,5833,284,6117,-0.0742625,0.391338,-0.917246,2
2917,954,19,128,0,244,69,4331,252,4583,-0.0743128,0.377249,-0.923125,2
3849,1267,26,169,0,313,88,5712,323,6035,-0.0804383,0.382359,-0.920506,2
4376,1345,30,186,0,367,101,6405,334,6739,-0.0868873,0.409359,-0.908227,2
3840,1270,28,173,0,320,91,5722,260,5982,-0.0774991,0.414932,-0.906546,2
4003,1282,26,179,0,329,93,5912,227,6139,-0.0819817,0.424825,-0.901555,2
4597,1663,29,339,0,678,149,7455,214,7669,-0.0881258,0.448834,-0.889259,2
4113,1568,27,197,0,368,104,6377,151,6528,-0.0903386,0.441026,-0.892936,2
4513,1802,25,204,0,382,110,7036,126,7162,-0.0876951,0.422397,-0.902159,2
4024,1645,28,212,0,398,115,6422,111,6533,-0.0695935,0.43977,-0.89541,2
3973,1723,27,245,0,412,120,6500,194,6694,-0.0763353,0.331697,-0.940293,2
4069,1999,33,348,0,656,154,7259,217,7476,-0.0894828,0.268566,-0.959096,2
4201,2079,31,259,0,493,142,7205,168,7373,-0.0723299,0.243675,-0.967156,2
4478,2559,33,351,0,554,195,8170,198,8368,-0.0622523,0.303942,-0.950655,2
4642,2430,35,467,0,791,235,8600,319,8919,-0.0132844,0.292971,-0.956029,2
4707,1994,28,253,0,491,99,7572,204,7776,-0.00653369,0.39055,-0.920558,2
4890,1967,33,272,0,480,139,7781,198,7979,-0.0390943,0.408366,-0.911981,2
4908,2149,29,292,0,485,208,8071,255,8326,-0.0842196,0.417587,-0.904725,2
4885,1893,29,232,0,436,125,7600,151,7751,-0.102879,0.507765,-0.855331,2
4585,1831,31,221,0,611,193,7472,215,7687,-0.0807064,0.4672,-0.88046,2
4566,1550,26,193,0,347,102,6784,-1000,-1000,-1,-1,-1,2
5584,1107,28,149,0,262,81,7211,-1000,-1000,-1,-1,-1,2
4604,788,28,116,0,220,69,5825,-1000,-1000,-1,-1,-1,2
4457,554,27,89,0,134,42,5303,-1000,-1000,-1,-1,-1,2
4599,373,27,71,0,100,33,5203,110,5313,-0.0388661,0.283827,-0.958088,2
4414,345,27,67,0,122,35,5010,-1000,-1000,-1,-1,-1,2
4480,344,26,65,0,101,29,5045,164,5209,-0.049902,0.305636,-0.95084,2
4588,335,27,63,0,101,28,5142,187,5329,-0.0646853,0.401413,-0.91361,2
5665,329,28,66,0,137,45,6270,251,6521,-0.0494389,0.403564,-0.913615,2
4951,287,33,68,0,124,32,5495,236,5731,-0.0411513,0.400108,-0.915544,2
5367,296,27,56,0,78,24,5848,285,6133,-0.0400574,0.411822,-0.910384,2
4609,252,28,50,0,71,22,5032,245,5277,-0.0298714,0.365531,-0.93032,2
4882,235,37,52,0,72,23,5301,267,5568,-0.0429741,0.36787,-0.928884,2
4753,230,29,52,0,69,22,5155,266,5421,-0.0598926,0.369685,-0.927225,2
4113,201,33,48,0,56,19,4470,253,4723,-0.0439992,0.327195,-0.943932,2
5451,224,52,51,0,56,21,5855,263,6118,-0.0448048,0.306411,-0.950844,2
4110,130,25,35,0,37,14,4351,189,4540,-0.0487367,0.289116,-0.956053,2
3639,118,19,28,0,34,13,3851,182,4033,-0.040419,0.254477,-0.966234,2
4660,217,30,55,0,61,23,5046,325,5371,-0.0437155,0.25989,-0.964648,2
4660,258,34,55,0,73,25,5105,336,5441,-0.0433464,0.264604,-0.963382,2
4036,306,29,59,0,81,33,4544,235,4779,-0.0364662,0.23549,-0.971192,2
4052,404,27,72,0,102,34,4691,207,4898,-0.0408811,0.336267,-0.940879,2
4243,686,29,103,0,184,55,5300,291,5591,-0.0378819,0.339932,-0.939687,2
4369,1137,31,161,0,297,83,6078,373,6451,-0.0356209,0.331433,-0.942806,2
5733,2114,34,266,0,470,133,8750,395,9145,-0.0233603,0.316855,-0.948186,2
5042,3057,30,367,0,782,200,9478,435,9913,-0.0246873,0.352529,-0.935475,2
5687,3992,29,486,0,982,298,11474,385,11859,-0.0412995,0.369194,-0.928434,2
5489,3818,25,477,0,1012,283,11104,357,11461,-0.0484166,0.368475,-0.928376,2
6621,4762,32,581,0,1221,306,13523,474,13997,-0.0493205,0.333517,-0.941453,2
6598,4220,21,407,0,852,223,12321,452,12773,-0.044132,0.294059,-0.954768,2
6495,4320,21,391,0,872,223,12322,691,13013,-0.0470641,0.333099,-0.941716,2
3220,2953,15,324,0,617,158,7287,410,7697,-0.0300825,0.246781,-0.968604,2
6306,4156,28,462,0,1113,277,12342,1186,13528,-0.0508336,0.306329,-0.950567,2
5525,3450,28,393,0,657,154,10207,613,10820,-0.0404659,0.221011,-0.974431,2
4984,2493,25,293,0,647,168,8610,1026,9636,-0.036159,0.188457,-0.981415,2
4566,2086,35,245,0,574,156,7662,912,8574,-0.0383924,0.225166,-0.973564,2
3133,1289,20,154,0,339,99,5034,557,5591,-0.0412671,0.226816,-0.973063,2
5682,2003,32,286,0,544,147,8694,772,9466,-0.0388842,0.288291,-0.956753,2
4665,1766,29,217,0,478,124,7279,698,7977,-0.0393864,0.308063,-0.95055,2
4454,1462,31,214,0,403,108,6672,630,7302,-0.0369954,0.321135,-0.946311,2
4125,1360,27,178,0,373,124,6187,686,6873,-0.0207731,0.420699,-0.906962,2
4092,1273,25,172,0,337,91,5990,523,6513,-0.0269457,0.409524,-0.911901,2
3899,1175,23,160,0,317,108,5682,498,6180,-0.0361716,0.324286,-0.945267,2
3664,1219,25,191,0,307,89,5495,494,5989,-0.0360868,0.321559,-0.946202,2
4062,1244,34,158,0,303,84,5885,501,6386,-0.026207,0.325401,-0.945213,2
3977,1287,25,165,0,316,88,5858,450,6308,-0.0331374,0.329129,-0.943703,2
3745,1355,25,174,0,341,94,5734,451,6185,-0.0330695,0.351098,-0.935755,2
3842,1455,25,188,0,372,103,5985,352,6337,-0.0357039,0.377445,-0.925343,2
3964,1615,25,204,0,405,114,6327,300,6627,-0.0466558,0.417196,-0.907618,2
3941,1791,33,223,0,480,147,6615,260,6875,-0.0615816,0.421482,-0.904743,2
4220,1966,26,247,0,484,135,7078,243,7321,-0.0568998,0.390392,-0.918889,2
4179,2098,28,268,0,512,141,7226,235,7461,-0.0640831,0.38358,-0.921282,2
4224,2351,29,282,0,573,158,7617,247,7864,-0.0561018,0.35983,-0.93133,2
4293,2520,30,303,0,653,199,7998,231,8229,-0.0534462,0.353459,-0.933922,2
4212,2556,35,308,0,620,170,7901,212,8113,-0.0450986,0.332144,-0.94215,2
4365,2696,29,356,0,661,180,8287,194,8481,-0.0485044,0.337192,-0.940186,2
4368,2883,30,340,0,691,189,8501,196,8697,-0.0533266,0.315976,-0.947267,2
4453,2956,32,353,0,725,194,8713,197,8910,-0.0712606,0.30189,-0.950676,2
4521,3045,36,425,0,742,204,8973,256,9229,-0.0723681,0.283222,-0.95632,2
4521,3027,29,362,0,770,204,8913,242,9155,-0.0580276,0.271477,-0.960694,2
4556,3190,31,368,0,796,205,9146,199,9345,-0.0511905,0.267215,-0.962276,2
4493,3133,31,365,0,780,204,9006,161,9167,-0.0507339,0.257559,-0.96493,2
4489,3092,32,375,0,756,205,8949,112,9061,-0.0458535,0.254698,-0.965933,2
4466,3123,30,365,0,762,206,8952,715,9667,-0.0227414,0.167339,-0.985637,2
4806,3173,31,398,0,747,246,9401,737,10138,-0.0177753,0.1715,-0.985024,2
4794,3109,33,366,0,793,210,9305,744,10049,-0.0110097,0.169362,-0.985492,2
4563,3073,30,377,0,676,150,8869,513,9382,-0.014479,0.169772,-0.985377,2
4051,2822,29,331,0,675,186,8094,678,8772,-0.0198006,0.168373,-0.985524,2
4470,3185,38,365,0,800,210,9068,732,9800,-0.0213837,0.167568,-0.985629,2
4639,3192,34,394,0,793,213,9265,723,9988,-0.0227793,0.167567,-0.985597,2
4523,3166,32,381,0,773,219,9094,776,9870,-0.020913,0.162985,-0.986407,2
4463,3201,33,368,0,752,240,9057,785,9842,-0.022512,0.164904,-0.986053,2
4495,3202,32,374,0,778,210,9091,761,9852,-0.0227336,0.165986,-0.985866,2
4563,3204,40,395,0,761,235,9198,769,9967,-0.0254206,0.167624,-0.985523,2
3661,2146,21,255,0,526,133,6742,420,7162,-0.0247287,0.167457,-0.985569,2
2873,1985,20,234,0,533,149,5794,485,6279,-0.0245142,0.165775,-0.985859,2
4621,3186,32,403,0,791,212,9245,845,10090,-0.023518,0.164431,-0.986108,2
4901,3274,33,372,0,802,215,9597,799,10396,-0.0199344,0.164263,-0.986215,2
4606,3690,31,370,0,754,212,9663,811,10474,-0.0229099,0.167615,-0.985586,2
4513,3093,31,370,0,755,208,8970,778,9748,-0.0229126,0.165355,-0.985968,2
4557,3139,31,384,0,760,217,9088,761,9849,-0.0233641,0.166559,-0.985755,2
4510,3095,32,383,0,763,210,8993,744,9737,-0.0242541,0.164743,-0.986038,2
4519,3177,29,377,0,764,210,9076,785,9861,-0.0216865,0.166245,-0.985846,2
4596,3114,30,404,0,759,210,9113,748,9861,-0.0236155,0.169492,-0.985249,2
4653,3122,32,366,0,756,209,9138,774,9912,-0.0257361,0.166289,-0.985741,2
4583,3180,32,375,0,766,208,9144,776,9920,-0.0239468,0.165393,-0.985937,2
4593,3095,31,394,0,788,212,9113,827,9940,-0.0249431,0.161894,-0.986493,2
4533,3148,32,368,0,788,208,9077,799,9876,-0.0249925,0.16247,-0.986397,2
4582,3067,30,366,0,777,211,9033,834,9867,-0.0236762,0.163432,-0.98627,2
4605,3086,33,365,0,755,205,9049,826,9875,-0.024132,0.159753,-0.986862,2
4700,3531,33,371,0,767,208,9610,879,10489,-0.0238985,0.164703,-0.986054,2
4767,3162,33,365,0,803,210,9340,868,10208,-0.0254526,0.168724,-0.985335,2
4754,3509,34,401,0,756,210,9664,894,10558,-0.0253146,0.164807,-0.986001,2
5056,3175,37,366,0,755,206,9595,849,10444,-0.0254696,0.166917,-0.985642,2
4733,3626,37,414,0,853,296,9959,921,10880,-0.0246128,0.16382,-0.986183,2
4881,3186,40,408,0,750,207,9472,872,10344,-0.0267403,0.164865,-0.985954,2
4756,3541,39,415,0,803,258,9812,1069,10881,-0.0257639,0.163983,-0.986127,2
5088,3327,36,406,0,795,331,9983,891,10874,-0.0264491,0.165981,-0.985774,2
4937,3087,40,367,0,798,211,9440,861,10301,-0.026342,0.164347,-0.986051,2
4984,3113,33,363,0,793,210,9496,931,10427,-0.027031,0.167387,-0.985521,2
4684,3124,34,420,0,797,213,9272,1008,10280,-0.0281055,0.16521,-0.985858,2
4768,3213,38,371,0,778,208,9376,874,10250,-0.0274531,0.16329,-0.986196,2
4653,3463,40,571,0,1031,216,9974,951,10925,-0.0269716,0.164964,-0.985931,2
4797,3207,47,384,0,826,212,9473,914,10387,-0.0258902,0.162574,-0.986357,2
5558,3590,38,417,0,901,299,10803,1060,11863,-0.0273561,0.167015,-0.985575,2
4691,2777,23,281,0,553,157,8482,628,9110,-0.0270724,0.169592,-0.985143,2
2697,1799,18,193,0,419,110,5236,464,5700,-0.0251309,0.16433,-0.986085,2
4719,3167,32,368,0,1012,314,9612,1155,10767,-0.0255682,0.165614,-0.985859,2
4665,3114,39,393,0,797,217,9225,923,10148,-0.0264667,0.166623,-0.985665,2
4652,3531,39,526,0,790,214,9752,899,10651,-0.0272354,0.168261,-0.985366,2
4988,3210,33,449,0,759,216,9655,893,10548,-0.0269654,0.168747,-0.98529,2
5482,3081,52,388,0,761,209,9973,900,10873,-0.0248198,0.169254,-0.98526,2
4541,3085,31,366,0,760,205,8988,926,9914,-0.0258518,0.171451,-0.984853,2
4573,3072,41,412,0,761,209,9068,951,10019,-0.0272386,0.16807,-0.985399,2
5283,3551,40,456,0,922,238,10490,1078,11568,-0.0274018,0.168164,-0.985378,2
4723,2962,32,360,0,781,206,9064,897,9961,-0.0281749,0.166651,-0.985613,2
4535,3059,32,371,0,765,208,8970,905,9875,-0.0282942,0.170169,-0.985009,2
5089,3270,31,364,0,759,207,9720,939,10659,-0.0286228,0.169583,-0.9851,2
5115,3372,35,403,0,845,230,10000,1067,11067,-0.0275572,0.166575,-0.985644,2
5235,3288,31,398,0,760,208,9920,950,10870,-0.0280131,0.172698,-0.984576,2
5118,3542,34,409,0,857,231,10191,1124,11315,-0.0266864,0.174807,-0.984241,2
5699,3987,39,505,0,1128,324,11682,1267,12949,-0.0280008,0.176884,-0.983833,2
2462,1567,17,190,0,413,108,4757,499,5256,-0.0259368,0.17393,-0.984416,2
5954,3621,39,415,0,890,237,11156,1033,12189,-0.0281172,0.174551,-0.984247,2
5145,3039,31,395,0,759,208,9577,960,10537,-0.0281152,0.177404,-0.983736,2
5173,3671,38,439,0,949,237,10507,1114,11621,-0.0274615,0.177104,-0.983809,2
5152,3867,41,419,0,1106,242,10827,1083,11910,-0.0290686,0.17395,-0.984325,2
5309,3430,38,368,0,868,230,10243,1143,11386,-0.0295897,0.172026,-0.984648,3
4563,3650,41,465,0,799,211,9729,957,10686,-0.0296863,0.171849,-0.984676,3
5299,3454,36,406,0,849,263,10307,1078,11385,-0.0306347,0.170736,-0.984841,3
6250,3389,32,407,0,862,214,11154,965,12119,-0.0285057,0.176763,-0.983841,3
5330,3291,38,367,0,768,207,10001,1004,11005,-0.0302572,0.179548,-0.983284,3
4625,3050,32,366,0,796,209,9078,946,10024,-0.027116,0.181817,-0.982958,3
5235,3430,36,412,0,858,233,10204,1135,11339,-0.0304415,0.185998,-0.982078,3
5206,3352,37,408,0,908,237,10148,1106,11254,-0.0320348,0.186124,-0.982004,3
5299,3469,37,413,0,941,244,10403,1123,11526,-0.0332641,0.186397,-0.981911,3
2784,1712,17,205,0,434,122,5274,571,5845,-0.0303511,0.188127,-0.981676,3
5333,3416,37,413,0,867,296,10362,1224,11586,-0.0307505,0.194975,-0.980326,3
5411,2940,37,360,0,760,208,9716,1027,10743,-0.0300191,0.194766,-0.98039,3
5559,3685,39,430,0,936,280,10929,1190,12119,-0.0285205,0.200626,-0.979253,3
5484,3918,41,420,0,900,238,11001,1155,12156,-0.0271823,0.198752,-0.979673,3
5407,3353,41,409,0,897,235,10342,1040,11382,-0.0315888,0.197432,-0.979808,3
5769,3227,33,377,0,769,207,10382,1085,11467,-0.033982,0.199708,-0.979266,3
4828,2990,33,363,0,771,207,9192,1056,10248,-0.0299502,0.202009,-0.978926,3
5367,3369,37,408,0,916,236,10333,1189,11522,-0.0283575,0.202547,-0.978862,3
5320,3544,37,414,0,870,231,10416,1208,11624,-0.0268784,0.202638,-0.978885,3
5303,3332,39,421,0,877,237,10209,1187,11396,-0.0270359,0.202885,-0.978829,3
4764,2973,33,363,0,874,211,9218,1070,10288,-0.0282174,0.206571,-0.978025,3
5049,2990,31,376,0,783,211,9440,1097,10537,-0.0290785,0.208977,-0.977488,3
4753,3152,32,369,0,793,216,9315,1064,10379,-0.0268578,0.21011,-0.977309,3
5252,3407,40,420,0,868,234,10221,1237,11458,-0.0269888,0.209591,-0.977417,3
4811,3064,35,412,0,770,213,9305,997,10302,-0.0247197,0.211392,-0.977089,3
4396,2690,29,326,0,688,185,8314,1029,9343,-0.0272843,0.208146,-0.977717,3
5434,3313,37,416,0,866,230,10296,1186,11482,-0.0250732,0.206345,-0.978158,3
5522,3099,34,345,0,717,194,9911,1025,10936,-0.0236589,0.205393,-0.978394,3
4872,2785,31,340,0,707,191,8926,1031,9957,-0.020981,0.205836,-0.978362,3
4821,2826,40,355,0,709,229,8980,975,9955,-0.0241139,0.206713,-0.978104,3
4820,3030,34,356,0,723,197,9160,983,10143,-0.0233541,0.204651,-0.978556,3
4702,2857,32,353,0,745,198,8887,1011,9898,-0.0195107,0.204748,-0.97862,3
5129,2823,33,352,0,756,203,9296,987,10283,-0.017706,0.205506,-0.978496,3
4814,2960,33,353,0,733,218,9111,999,10110,-0.0195482,0.20444,-0.978684,3
4775,2956,34,357,0,735,199,9056,1000,10056,-0.0193205,0.204636,-0.978648,3
4826,2936,35,380,0,752,205,9134,1027,10161,-0.0240032,0.205012,-0.978465,3
5019,2977,32,354,0,743,200,9325,989,10314,-0.0212336,0.204057,-0.978729,3
5515,3188,33,361,0,754,203,10054,1035,11089,-0.0217066,0.208234,-0.977838,3
4939,2975,33,352,0,731,198,9228,1162,10390,-0.0188847,0.209412,-0.977645,3
4894,2939,32,341,0,503,136,8845,656,9501,-0.0196291,0.211333,-0.977217,3
4436,2664,30,327,0,770,189,8416,887,9303,-0.020004,0.211237,-0.97723,3
4403,2672,30,320,0,658,179,8262,847,9109,-0.0195958,0.209669,-0.977576,3
4545,2728,29,324,0,682,194,8502,845,9347,-0.0244513,0.211599,-0.977051,3
4895,2889,33,356,0,759,203,9135,963,10098,-0.0254306,0.211415,-0.977065,3
5416,2976,31,359,0,764,203,9749,921,10670,-0.02839,0.208811,-0.977544,3
4989,2952,34,363,0,777,205,9320,1003,10323,-0.0279341,0.212701,-0.976718,3
5100,3059,34,360,0,738,200,9491,909,10400,-0.0178104,0.207713,-0.978028,3
5332,3594,32,381,0,543,143,10025,680,10705,-0.0243638,0.200674,-0.979355,3
3396,2013,22,247,0,517,138,6333,644,6977,-0.0285646,0.19895,-0.979593,3
4401,2722,30,323,0,660,180,8316,837,9153,-0.0265516,0.198251,-0.979791,3
5028,2971,32,475,0,1111,259,9876,1044,10920,-0.0233085,0.19972,-0.979576,3
5094,2982,33,378,0,758,202,9447,971,10418,-0.0245067,0.202453,-0.978985,3
5797,2913,37,403,0,732,200,10082,995,11077,-0.0288064,0.202321,-0.978896,3
3419,2020,23,244,0,502,136,6344,645,6989,-0.0287435,0.200661,-0.979239,3
4975,2969,34,413,0,736,205,9332,959,10291,-0.0283772,0.203583,-0.978646,3
4873,2991,35,361,0,744,202,9206,1087,10293,-0.024816,0.207654,-0.977888,3
5328,2955,34,359,0,731,198,9605,886,10491,-0.0216488,0.212236,-0.976979,3
4924,2982,34,362,0,746,203,9251,919,10170,-0.0348385,0.223835,-0.974004,3
5057,3060,33,435,0,760,208,9553,948,10501,-0.0359616,0.242659,-0.969445,3
5045,3270,36,379,0,820,217,9767,962,10729,-0.0401923,0.254421,-0.966258,3
5030,3269,33,388,0,805,218,9743,974,10717,-0.0376147,0.248063,-0.968013,3
5321,3408,35,396,0,815,222,10197,1028,11225,-0.0363614,0.25397,-0.966528,3
5112,3421,34,391,0,848,221,10027,1060,11087,-0.032839,0.251865,-0.967205,3
3520,2262,24,279,0,537,142,6764,76,6840,-0.0891895,0.328142,-0.940408,3
5607,2852,33,340,0,758,194,9784,565,10349,-0.0450052,0.361287,-0.931368,3
4657,2561,40,332,0,638,173,8401,491,8892,-0.0420816,0.362937,-0.930863,3
5558,2351,31,277,0,546,149,8912,271,9183,-0.0391074,0.323947,-0.945266,3
4398,1828,30,228,0,450,123,7057,198,7255,-0.040054,0.337504,-0.940471,3
4484,1795,37,210,0,345,96,6967,155,7122,-0.0523154,0.447197,-0.892904,3
4172,1156,26,157,0,300,83,5894,151,6045,-0.0325657,0.416208,-0.908686,3
4154,967,30,131,0,265,69,5616,157,5773,-0.0304444,0.370894,-0.928176,3
4964,814,29,120,0,225,61,6213,230,6443,0.00252063,0.291317,-0.956623,3
4478,763,29,115,0,212,58,5655,279,5934,0.0200293,0.269616,-0.962759,3
5058,783,28,114,0,221,58,6262,339,6601,0.0270912,0.244679,-0.969226,3
4896,828,28,122,0,216,57,6147,462,6609,0.0187295,0.224846,-0.974214,3
5177,685,28,105,0,204,54,6253,500,6753,0.00744915,0.218728,-0.975757,3
4693,705,31,108,0,207,55,5799,509,6308,-0.00338968,0.217594,-0.976034,3
4600,674,26,103,0,207,54,5664,535,6199,-0.0141852,0.206907,-0.978258,3
5027,679,27,108,0,209,69,6119,624,6743,-0.0221467,0.212882,-0.976827,3
5222,672,48,106,0,246,61,6355,607,6962,-0.0181956,0.212103,-0.977078,3
4441,661,28,102,0,200,53,5485,556,6041,-0.0115346,0.205163,-0.97866,3
5328,609,29,99,0,185,51,6301,630,6931,-0.0127945,0.214283,-0.976688,3
4362,596,28,90,0,210,52,5338,630,5968,-0.0395184,0.228831,-0.972664,3
4225,546,26,91,0,209,56,5153,590,5743,-0.0762503,0.301352,-0.950459,3
4121,557,27,92,0,175,47,5019,610,5629,-0.0512887,0.239161,-0.969624,3
2935,444,20,76,0,129,36,3640,392,4032,-0.0552255,0.237695,-0.969769,3
4282,1024,30,142,0,255,72,5805,387,6192,-0.0537327,0.230084,-0.971686,3
4521,1922,29,229,0,459,128,7288,455,7743,-0.0395305,0.226515,-0.973205,3
4897,2699,29,320,0,693,182,8820,619,9439,-0.0314343,0.249458,-0.967875,3
4916,3495,29,395,0,831,223,9889,665,10554,-0.0272499,0.229647,-0.972892,3
5280,3950,29,444,0,975,253,10931,672,11603,-0.0172072,0.240301,-0.970546,3
5458,4428,31,513,0,1094,287,11811,773,12584,-0.00511892,0.248337,-0.96866,3
5520,4586,31,513,0,1123,293,12066,703,12769,0.0136835,0.236262,-0.971593,3
3989,3222,22,412,0,783,203,8631,570,9201,0.01499,0.217953,-0.975844,3
5820,4447,30,519,0,1167,301,12284,1013,13297,-0.0087302,0.218417,-0.975816,3
5949,4459,31,514,0,1129,292,12374,1062,13436,-0.0342232,0.216578,-0.975665,3
4301,3252,23,377,0,849,207,9009,700,9709,-0.0536638,0.218991,-0.97425,3
5561,4094,27,490,0,1042,267,11481,792,12273,-0.0603009,0.210866,-0.975653,3
5648,4163,24,473,0,1050,269,11627,806,12433,-0.0583179,0.205298,-0.976961,3
6170,4711,27,568,0,1208,308,12992,1081,14073,-0.0537793,0.206422,-0.976984,3
4150,3205,18,370,0,786,202,8731,753,9484,-0.0370719,0.177067,-0.9835,3
5943,4297,27,478,0,1101,278,12124,1156,13280,-0.0248738,0.134411,-0.990613,3
5910,3946,27,443,0,1021,261,11608,1238,12846,-0.0220047,0.131117,-0.991123,3
5899,3723,30,419,0,937,240,11248,1378,12626,-0.00989827,0.138238,-0.99035,3
5380,3357,29,382,0,657,155,9960,823,10783,-0.0112675,0.1431,-0.989644,3
3545,1922,19,228,0,506,135,6355,688,7043,-0.0176016,0.137098,-0.990401,3
5066,2644,30,307,0,675,176,8898,945,9843,-0.0200455,0.133778,-0.990809,3
5135,2585,30,316,0,626,169,8861,854,9715,-0.0262179,0.135724,-0.9904,3
4913,2428,32,248,0,522,153,8296,776,9072,-0.0185846,0.135779,-0.990565,3
4590,1573,27,207,0,454,118,6969,691,7660,-0.020027,0.157127,-0.987375,3
4407,1439,26,186,0,389,103,6550,640,7190,-0.0207212,0.169676,-0.985282,3
4091,1274,32,223,0,353,99,6072,608,6680,-0.0199273,0.181777,-0.983138,3
4095,1243,25,164,0,352,90,5969,545,6514,-0.023643,0.210523,-0.977303,3
3815,1199,32,159,0,340,112,5657,540,6197,-0.0268251,0.22007,-0.975115,3
3822,1109,23,152,0,303,83,5492,505,5997,-0.026962,0.229347,-0.972971,3
3767,1205,30,272,0,448,110,5832,607,6439,-0.0228624,0.243576,-0.969612,3
3741,1144,24,153,0,305,84,5451,450,5901,-0.0291844,0.223571,-0.974251,3
3719,1317,26,196,0,466,127,5851,422,6273,-0.0415512,0.23236,-0.971742,3
4004,1404,25,180,0,396,103,6112,372,6484,-0.0595814,0.277189,-0.958966,3
3991,1559,24,199,0,390,106,6269,307,6576,-0.0620895,0.300526,-0.95175,3
4005,1758,27,220,0,433,120,6563,269,6832,-0.0625307,0.325158,-0.94359,3
4119,2213,28,266,0,537,146,7309,233,7542,-0.0390115,0.3481,-0.936645,3
4409,2813,29,333,0,652,181,8417,194,8611,-0.0117445,0.35722,-0.933946,3
2436,1285,33,149,0,316,83,4302,129,4431,-0.00886579,0.342104,-0.93962,3
4977,3132,33,369,0,772,204,9487,368,9855,-0.0055927,0.366051,-0.930578,3
4937,3211,36,381,0,862,216,9643,403,10046,-0.00959777,0.364766,-0.93105,3
4921,3181,33,406,0,786,208,9535,438,9973,-0.0227918,0.377986,-0.925531,3
5112,2915,34,344,0,708,185,9298,454,9752,-0.0216578,0.357251,-0.933757,3
4548,2463,29,287,0,582,156,8065,334,8399,-0.00258427,0.371934,-0.928256,3
3459,1330,22,163,0,333,89,5396,194,5590,0.00387547,0.306145,-0.951977,3
4960,1861,28,201,0,433,110,7593,257,7850,0.00123028,0.309133,-0.951018,3
4328,1325,28,172,0,375,96,6324,215,6539,-0.0216888,0.329162,-0.944024,3
4338,1038,27,139,0,271,73,5886,247,6133,-0.0559139,0.25476,-0.965386,3
4392,626,27,95,0,196,54,5390,344,5734,-0.0678508,0.242571,-0.967758,3
4528,677,33,111,0,196,54,5599,349,5948,-0.0574189,0.232506,-0.970898,3
4744,734,27,110,0,204,56,5875,385,6260,-0.0313961,0.229433,-0.972818,3
4616,753,27,109,0,204,79,5788,393,6181,-0.00836445,0.222388,-0.974922,3
4518,722,45,127,0,270,61,5743,361,6104,0.00117443,0.222667,-0.974894,3
4377,767,27,111,0,216,60,5558,386,5944,0.00274318,0.228952,-0.973434,3
4362,791,26,114,0,222,61,5576,424,6000,-0.00515311,0.23576,-0.971798,3
4247,825,27,118,0,233,63,5513,467,5980,-0.0159768,0.22584,-0.974033,3
4244,802,46,116,0,223,62,5493,467,5960,-0.0371788,0.230033,-0.972472,3
4319,865,28,123,0,234,64,5633,523,6156,-0.0463249,0.214254,-0.975679,3
4201,865,30,125,0,262,70,5553,512,6065,-0.04066,0.205105,-0.977895,3
4289,1029,27,137,0,269,74,5825,586,6411,-0.0376106,0.190434,-0.980979,3
4410,1180,28,158,0,318,118,6212,591,6803,-0.0256772,0.199704,-0.97952,3
4543,1580,28,200,0,413,119,6883,546,7429,-0.0296001,0.228363,-0.973126,3
5848,2163,31,281,0,558,140,9021,422,9443,-0.0364931,0.253115,-0.966748,3
5042,2722,35,308,0,667,204,8978,384,9362,-0.0346643,0.27615,-0.960489,3
5369,3627,29,407,0,884,224,10540,339,10879,-0.0669398,0.286526,-0.955731,3
5860,4448,20,341,0,750,192,11611,269,11880,-0.0712908,0.314223,-0.946669,3
6324,4873,29,553,0,1250,314,13343,432,13775,-0.0575412,0.336549,-0.939906,3
6407,5211,30,618,0,975,245,13486,350,13836,-0.0361434,0.33433,-0.941763,3
4475,3567,21,424,0,891,282,9660,426,10086,-0.0069521,0.300402,-0.953787,3
6188,4370,29,515,0,824,185,12111,461,12572,0.00900964,0.26996,-0.962829,3
3696,2103,20,247,0,576,143,6785,588,7373,0.00639669,0.179754,-0.983691,3
5199,2587,27,298,0,690,175,8976,1149,10125,-0.000772824,0.185685,-0.982609,3
5344,2346,35,406,0,847,217,9195,1052,10247,-0.0166209,0.172846,-0.984809,3
5045,2030,30,306,0,598,145,8154,910,9064,-0.0296994,0.170173,-0.984966,3
4738,1915,31,227,0,487,125,7523,836,8359,-0.0378321,0.175235,-0.9838,3
4633,1650,29,201,0,429,112,7054,784,7838,-0.0413128,0.176037,-0.983516,3
4467,1476,27,207,0,403,106,6686,678,7364,-0.0478482,0.177575,-0.982943,3
4275,1445,26,190,0,381,101,6418,612,7030,-0.0524844,0.192159,-0.979959,3
4145,1405,28,204,0,364,98,6244,582,6826,-0.0377865,0.209132,-0.977157,3
3827,1305,23,172,0,353,95,5775,564,6339,-0.0296122,0.226172,-0.973637,3
3957,1311,28,171,0,344,93,5904,498,6402,-0.0396335,0.241782,-0.969521,3
3844,1290,24,172,0,341,93,5764,451,6215,-0.0629112,0.270159,-0.960758,3
3805,1385,25,173,0,357,96,5841,423,6264,-0.0668143,0.243893,-0.967498,3
3860,1499,25,194,0,389,105,6072,347,6419,-0.0960314,0.263896,-0.959759,3
3969,1528,26,197,0,403,131,6254,324,6578,-0.112032,0.270118,-0.956287,3
4005,1796,30,225,0,460,126,6642,345,6987,-0.121868,0.301038,-0.945793,3
4233,2182,29,286,0,535,150,7415,289,7704,-0.10565,0.293379,-0.95014,3
4322,2633,32,313,0,632,174,8106,251,8357,-0.0765047,0.317528,-0.945158,3
4786,3178,35,397,0,817,207,9420,402,9822,-0.046267,0.409942,-0.910937,3
4976,3414,35,418,0,820,221,9884,381,10265,-0.0313288,0.346755,-0.937432,3
5027,3456,34,448,0,865,254,10084,481,10565,-0.0205265,0.351099,-0.936113,3
4701,3174,33,358,0,756,203,9225,485,9710,-0.0159493,0.325822,-0.945296,3
4307,2122,31,254,0,497,139,7350,270,7620,-0.0203371,0.290103,-0.956779,3
4133,1182,29,159,0,297,85,5885,226,6111,-0.0525061,0.481321,-0.87497,3
4338,812,26,115,0,226,62,5579,222,5801,-0.0457803,0.396237,-0.917006,3
4461,675,33,104,0,217,56,5546,224,5770,-0.0332821,0.299826,-0.953413,3
4535,660,27,99,0,186,51,5558,233,5791,-0.0441774,0.251151,-0.966939,3
4957,639,26,97,0,187,50,5956,307,6263,-0.0371553,0.251705,-0.967091,3
5035,657,27,101,0,196,53,6069,374,6443,-0.0201237,0.234328,-0.971949,3
4768,554,27,90,0,185,48,5672,420,6092,-0.00545807,0.240395,-0.97066,3
4562,496,28,83,0,159,42,5370,428,5798,0.00456869,0.22088,-0.97529,3
4346,441,27,78,0,164,41,5097,422,5519,0.00157684,0.210908,-0.977505,3
4677,359,28,70,0,117,32,5283,418,5701,0.00208905,0.205251,-0.978707,3
4283,276,29,57,0,112,30,4787,419,5206,0.00692252,0.185938,-0.982537,3
4080,219,28,47,0,68,20,4462,395,4857,0.0123276,0.170633,-0.985258,3
4882,213,26,48,0,65,20,5254,392,5646,0.0227045,0.185894,-0.982307,3
4007,305,27,60,0,95,28,4522,382,4904,0.0257721,0.179808,-0.983364,3
4226,531,28,86,0,148,43,5062,365,5427,0.0250892,0.180688,-0.98322,3
4220,810,28,120,0,223,63,5464,485,5949,0.0192222,0.172563,-0.984811,3
4380,1162,30,159,0,323,102,6156,486,6642,-0.0105478,0.203446,-0.979029,3
4655,1648,29,200,0,400,108,7040,434,7474,-0.00323296,0.185219,-0.982692,3
4613,1854,24,228,0,523,139,7381,362,7743,0.0326302,0.136898,-0.990048,3
4889,2202,28,271,0,615,163,8168,567,8735,0.0260167,0.148046,-0.988638,3
4883,2801,29,330,0,714,185,8942,459,9401,0.0596748,0.146879,-0.987353,3
5468,3684,30,424,0,903,237,10746,510,11256,0.0685662,0.168263,-0.983355,3
5815,4498,28,500,0,1074,280,12195,421,12616,0.0531551,0.173777,-0.983349,3
5395,4377,31,547,0,1080,336,11766,655,12421,0.0353558,0.187307,-0.981665,3
5771,4637,26,529,0,1131,294,12388,791,13179,0.030251,0.155597,-0.987357,3
5880,4596,32,590,0,1193,296,12587,866,13453,0.0145478,0.146724,-0.98907,3
6083,4938,43,685,0,1137,214,13100,757,13857,-0.0443851,0.199926,-0.978805,3
2949,1619,13,176,0,393,101,5251,524,5775,-0.0163149,0.133126,-0.990965,3
5230,2662,28,322,0,719,185,9146,1118,10264,-0.00729226,0.115698,-0.993258,3
5111,2168,29,262,0,669,157,8396,966,9362,-0.000805798,0.130172,-0.991491,3
4965,1866,31,235,0,507,132,7736,864,8600,-0.00987201,0.1345,-0.990864,3
4993,1785,31,224,0,508,126,7667,795,8462,-0.0107972,0.134261,-0.990887,3
4915,1557,29,219,0,432,148,7300,710,8010,-0.0272207,0.316396,-0.948236,3
4547,981,20,131,0,275,74,6028,517,6545,-0.019684,0.228882,-0.973255,3
2334,704,15,92,0,195,51,3391,325,3716,-0.0218343,0.195351,-0.98049,3
4061,1184,26,157,0,313,83,5824,435,6259,-0.0357675,0.243971,-0.969123,3
4075,895,26,122,0,234,64,5416,371,5787,-0.0412114,0.262234,-0.964124,3
3782,820,24,119,0,228,65,5038,372,5410,-0.042234,0.2678,-0.962548,3
3725,1051,26,142,0,268,75,5287,358,5645,-0.03945,0.273805,-0.960976,3
3702,1228,25,171,0,343,92,5561,343,5904,-0.0418921,0.299099,-0.953302,3
3793,1460,25,184,0,373,109,5944,338,6282,-0.0346134,0.42709,-0.903546,3
4044,1748,29,245,0,427,117,6610,311,6921,-0.0171323,0.424998,-0.905032,3
4166,2280,38,270,0,544,148,7446,286,7732,-0.0144431,0.345704,-0.938233,3
4855,2953,31,325,0,772,188,9124,343,9467,-0.000580039,0.416577,-0.9091,3
4792,3077,23,272,0,588,145,8897,329,9226,0.000533371,0.329567,-0.944132,3
3304,2362,22,271,0,572,148,6679,322,7001,0.00933761,0.283505,-0.958925,3
4810,3670,36,416,0,874,230,10036,482,10518,0.0130902,0.25949,-0.965657,3
4846,3636,34,453,0,907,238,10114,458,10572,0.012152,0.221819,-0.975012,3
5091,3747,34,436,0,969,268,10545,474,11019,0.00922954,0.206156,-0.978476,3
5273,4444,36,473,0,957,246,11429,499,11928,0.00170227,0.19377,-0.981045,3
5448,3607,24,353,0,719,177,10328,328,10656,-0.00367852,0.179573,-0.983738,3
3522,2836,25,321,0,667,194,7565,323,7888,-0.00110116,0.166045,-0.986118,3
5191,3971,39,468,0,996,293,10958,436,11394,-0.0019799,0.160759,-0.986992,3
5423,4212,35,451,0,1004,254,11379,474,11853,-0.00479059,0.155412,-0.987838,3
5957,4509,35,510,0,1114,287,12412,500,12912,-0.00147338,0.144285,-0.989535,3
4087,2502,18,262,0,575,149,7593,230,7823,0.0106305,0.132237,-0.991161,3
1900,1443,10,151,0,324,85,3913,39,3952,0.0139113,0.126737,-0.991839,3
1998,1656,14,188,0,408,109,4373,443,4816,0.0409583,0.107755,-0.993333,3
5365,4336,43,498,0,1081,285,11608,1150,12758,0.0439861,0.104639,-0.993537,3
5096,4236,34,485,0,1464,294,11609,1169,12778,0.0405773,0.107205,-0.993409,3
5386,4321,34,490,0,1063,281,11575,1258,12833,0.0412186,0.109276,-0.993156,3
3603,3026,24,341,0,726,193,7913,765,8678,0.0392432,0.112131,-0.992918,3
5249,4422,32,495,0,1046,278,11522,1137,12659,0.0391446,0.112426,-0.992889,3
5223,4315,33,483,0,1054,293,11401,1126,12527,0.0415451,0.11272,-0.992758,3
5117,4290,33,518,0,1038,304,11300,1145,12445,0.0426217,0.116609,-0.992263,3
5397,4265,33,520,0,1015,277,11507,1154,12661,0.040484,0.116195,-0.992401,3
3540,2975,24,337,0,701,190,7767,760,8527,0.0387378,0.116316,-0.992457,3
5129,4356,34,482,0,1052,280,11333,1115,12448,0.0410106,0.115065,-0.992511,3
5936,4710,36,487,0,1084,300,12553,1148,13701,0.0416769,0.11262,-0.992764,3
5278,4406,36,533,0,1061,285,11599,1118,12717,0.0417294,0.112978,-0.992721,3
5382,4386,35,486,0,1078,266,11633,780,12413,0.0431154,0.11137,-0.992843,3
3578,2514,19,257,0,544,146,7058,612,7670,0.0418645,0.111652,-0.992865,3
5432,4354,34,490,0,1027,278,11615,1150,12765,0.0406939,0.110994,-0.992988,3
5314,4361,42,541,0,1019,276,11553,1110,12663,0.0407063,0.111723,-0.992905,3
5236,4411,45,337,0,725,192,10946,792,11738,0.0452278,0.114047,-0.992445,3
4696,3893,32,498,0,920,280,10319,957,11276,0.0506204,0.117757,-0.991751,3
5199,4428,37,494,0,1026,276,11460,1088,12548,0.0507715,0.123328,-0.991066,3
5238,4241,32,481,0,857,203,11052,778,11830,0.0502912,0.124375,-0.99096,3
5182,4316,33,482,0,1076,279,11368,1081,12449,0.0440816,0.123672,-0.991344,3
5144,4249,34,476,0,1036,276,11215,1135,12350,0.0379062,0.117443,-0.992356,3
5375,4288,34,479,0,991,191,11358,766,12124,0.0408628,0.113586,-0.992687,3
3557,2901,24,328,0,712,205,7727,746,8473,0.0456048,0.114496,-0.992376,3
5213,4417,34,478,0,1157,309,11608,1159,12767,0.04488,0.111198,-0.992784,3
5254,4268,34,484,0,1054,276,11370,1106,12476,0.0389284,0.107758,-0.993415,3
5157,4275,38,475,0,1000,269,11214,1093,12307,0.0368421,0.112103,-0.993013,3
5184,4247,35,484,0,1012,272,11234,1076,12310,0.0384758,0.119806,-0.992051,3
5305,4594,35,505,0,1037,306,11782,1181,12963,0.0489708,0.129776,-0.990333,3
5598,3123,24,340,0,712,202,9999,753,10752,0.048118,0.12485,-0.991008,3
2248,1695,14,182,0,364,110,4613,409,5022,0.0440509,0.120925,-0.991684,3
2419,1788,15,193,0,410,108,4933,453,5386,0.0422306,0.116392,-0.992305,3
5439,4456,44,520,0,1022,274,11755,1124,12879,0.0424035,0.111005,-0.992915,3
5252,4198,33,482,0,993,297,11255,1065,12320,0.0418542,0.112263,-0.992797,3
2837,2531,19,251,0,525,140,6303,615,6918,0.0391856,0.115674,-0.992514,3
5140,4344,36,481,0,1024,270,11295,1102,12397,0.0392223,0.118525,-0.992176,3
5203,4241,34,478,0,999,269,11224,1100,12324,0.0402626,0.117831,-0.992217,3
4289,2994,29,346,0,815,206,8679,789,9468,0.040433,0.116171,-0.992406,3
3571,2986,43,328,0,689,185,7802,738,8540,0.0400574,0.116381,-0.992397,3
5564,4285,34,497,0,1095,305,11780,1168,12948,0.0387714,0.116929,-0.992383,3
5394,4418,24,337,0,699,188,11060,761,11821,0.0391855,0.117927,-0.992249,3
2729,2308,19,260,0,535,144,5995,597,6592,0.0398962,0.118808,-0.992115,3
5357,4432,36,481,0,1018,272,11596,1130,12726,0.0419036,0.119864,-0.991906,3
5657,3477,23,349,0,709,189,10404,787,11191,0.0419156,0.118852,-0.992027,3
2733,2298,20,267,0,528,142,5988,585,6573,0.0414282,0.118181,-0.992127,3
4622,4091,32,441,0,901,242,10329,1041,11370,0.0396821,0.117295,-0.992304,3
5122,4173,33,472,0,1061,300,11161,1110,12271,0.0402583,0.117391,-0.992269,3
5041,3803,32,429,0,1037,247,10589,1010,11599,0.0408401,0.1178,-0.992197,3
4627,3797,31,425,0,905,242,10027,989,11016,0.0396798,0.118061,-0.992213,3
4726,3467,29,386,0,844,223,9675,902,10577,0.0397588,0.117861,-0.992234,3
5229,4240,33,503,0,1236,377,11618,1398,13016,0.038631,0.118433,-0.99221,3
5273,4185,34,477,0,996,269,11234,1128,12362,0.0396121,0.117046,-0.992336,3
5261,4291,34,478,0,1002,269,11335,1143,12478,0.0392613,0.116647,-0.992397,3
5163,4226,33,498,0,1006,271,11197,1105,12302,0.0394808,0.115904,-0.992475,3
3553,2980,30,448,0,692,237,7940,753,8693,0.0389186,0.115377,-0.992559,3
5058,3843,29,480,0,1197,276,10883,1089,11972,0.0388028,0.115799,-0.992514,3
4719,3736,33,431,0,986,248,10153,982,11135,0.0387786,0.115734,-0.992523,3
5136,4569,36,482,0,1035,271,11529,1070,12599,0.0390801,0.115417,-0.992548,3
5283,4181,33,517,0,1025,281,11320,802,12122,0.0384966,0.115276,-0.992587,3
4705,3866,28,441,0,929,266,10235,979,11214,0.0386351,0.114756,-0.992642,3
5188,4261,35,483,0,995,311,11273,1094,12367,0.0385246,0.114531,-0.992672,3
5259,4161,35,479,0,1018,276,11228,1124,12352,0.0377758,0.11483,-0.992667,3
5205,4305,37,480,0,1055,276,11358,1134,12492,0.0385057,0.11411,-0.992722,3
5646,4257,25,338,0,698,189,11153,767,11920,0.0384083,0.114606,-0.992668,3
5242,4219,30,427,0,1006,274,11198,1147,12345,0.0384952,0.114753,-0.992648,3
5375,4043,23,313,0,687,176,10617,709,11326,0.0373212,0.112963,-0.992898,3
4890,4054,30,454,0,900,245,10573,935,11508,0.0380126,0.113871,-0.992768,3
3342,2652,22,301,0,671,176,7164,697,7861,0.0378508,0.11408,-0.99275,3
5148,4151,34,468,0,1086,272,11159,1134,12293,0.0371565,0.113517,-0.992841,3
4987,3717,30,414,0,1014,242,10404,1022,11426,0.0358045,0.112949,-0.992956,3
4626,3559,29,432,0,879,235,9760,1066,10826,0.0352991,0.113334,-0.99293,3
5050,3976,28,435,0,898,237,10624,1010,11634,0.0342335,0.112697,-0.993039,3
5285,4008,34,456,0,1313,340,11436,1140,12576,0.0336343,0.113078,-0.993017,3
5187,4168,35,463,0,972,291,11116,895,12011,0.0338288,0.113231,-0.992993,3
3562,2835,24,319,0,696,185,7621,798,8419,0.0338176,0.112985,-0.993021,3
