Downsample[ns],BuildFilTree[ns],SearchFil[ns],DeleteFil[ns],BuildTreeSub[ns],SearchSub[ns],DeleteSub[ns],PreProcTotal[ns],Plane[ns],Total[ns],nx,ny,nz,planeCount
0,0,0,0,0,5236,944,6180,3321,9501,-0.038764,0.144899,-0.988687,0
0,0,0,0,0,5652,959,6611,10854,17465,-0.0360867,0.10231,-0.994098,0
0,0,0,0,0,3549,606,4155,6788,10943,-0.0293601,0.0867717,-0.995795,0
0,0,0,0,0,4592,777,5369,7910,13279,-0.0235887,0.0814418,-0.996399,0
0,0,0,0,0,4447,764,5211,8020,13231,-0.0197891,0.0795738,-0.996633,0
0,0,0,0,0,5328,934,6262,8947,15209,-0.0158616,0.0795828,-0.996702,0
0,0,0,0,0,3818,958,4776,7679,12455,-0.0139831,0.0793818,-0.996746,0
0,0,0,0,0,4835,849,5684,8610,14294,-0.0126409,0.0792964,-0.996771,0
0,0,0,0,0,5666,943,6609,8886,15495,-0.0115374,0.0793651,-0.996779,0
0,0,0,0,0,7009,1317,8326,9551,17877,-0.0120281,0.0791984,-0.996786,0
0,0,0,0,0,2277,402,2679,4124,6803,-0.0128261,0.0787115,-0.996815,0
0,0,0,0,0,5764,847,6611,8690,15301,-0.0128757,0.0788648,-0.996802,0
0,0,0,0,0,4934,857,5791,7692,13483,-0.0127449,0.079278,-0.996771,0
0,0,0,0,0,4071,604,4675,6186,10861,-0.0118331,0.0792311,-0.996786,0
0,0,0,0,0,5389,935,6324,9696,16020,-0.0124443,0.0784401,-0.996841,0
0,0,0,0,0,5818,898,6716,6755,13471,-0.0126902,0.0789457,-0.996798,0
0,0,0,0,0,2197,339,2536,3422,5958,-0.0121739,0.0790319,-0.996798,0
0,0,0,0,0,2704,495,3199,5109,8308,-0.0120204,0.0787376,-0.996823,0
0,0,0,0,0,5568,942,6510,9694,16204,-0.0123296,0.0788587,-0.99681,0
0,0,0,0,0,3754,641,4395,6697,11092,-0.0130907,0.0787154,-0.996811,0
0,0,0,0,0,5427,967,6394,9613,16007,-0.0126075,0.0788331,-0.996808,0
0,0,0,0,0,4010,718,4728,6632,11360,-0.0116398,0.0791024,-0.996799,0
0,0,0,0,0,2830,494,3324,4358,7682,-0.0110806,0.0786443,-0.996841,0
0,0,0,0,0,1919,340,2259,3425,5684,-0.0109136,0.0782548,-0.996874,0
0,0,0,0,0,5334,842,6176,8628,14804,-0.0123468,0.0784545,-0.996841,0
0,0,0,0,0,5841,992,6833,9024,15857,-0.0129574,0.0783322,-0.996843,0
0,0,0,0,0,3726,646,4372,6584,10956,-0.0117099,0.0792389,-0.996787,0
0,0,0,0,0,5588,1032,6620,9515,16135,-0.0115903,0.0778511,-0.996898,0
0,0,0,0,0,3735,684,4419,6639,11058,-0.011705,0.0782674,-0.996864,0
0,0,0,0,0,5091,842,5933,8098,14031,-0.0116797,0.0783556,-0.996857,0
0,0,0,0,0,4408,789,5197,7844,13041,-0.0115589,0.0785795,-0.996841,0
0,0,0,0,0,4833,869,5702,8651,14353,-0.0114486,0.0782617,-0.996867,0
0,0,0,0,0,4853,839,5692,7698,13390,-0.0114088,0.0779437,-0.996892,0
0,0,0,0,0,4459,774,5233,7840,13073,-0.0112534,0.078163,-0.996877,0
0,0,0,0,0,5533,938,6471,9822,16293,-0.0114371,0.0781733,-0.996874,0
0,0,0,0,0,3716,510,4226,4877,9103,-0.0112446,0.0780164,-0.996889,0
0,0,0,0,0,1973,335,2308,3441,5749,-0.0111894,0.0782099,-0.996874,0
0,0,0,0,0,2447,419,2866,4346,7212,-0.0115624,0.0781044,-0.996878,0
0,0,0,0,0,5988,1021,7009,9739,16748,-0.0114968,0.0779758,-0.996889,0
0,0,0,0,0,4931,903,5834,8855,14689,-0.0117064,0.0780979,-0.996877,0
0,0,0,0,0,3458,601,4059,6306,10365,-0.011337,0.0776611,-0.996915,0
0,0,0,0,0,5146,912,6058,9075,15133,-0.0116404,0.0773103,-0.996939,0
0,0,0,0,0,4981,872,5853,8620,14473,-0.0112928,0.0777546,-0.996909,0
0,0,0,0,0,4022,603,4625,6247,10872,-0.0116536,0.078065,-0.99688,0
0,0,0,0,0,5567,904,6471,9110,15581,-0.0117879,0.0784773,-0.996846,0
0,0,0,0,0,5084,856,5940,8713,14653,-0.011152,0.0782792,-0.996869,0
0,0,0,0,0,3423,611,4034,6116,10150,-0.0105119,0.0781997,-0.996882,0
0,0,0,0,0,5410,1017,6427,9591,16018,-0.0099206,0.0779229,-0.99691,0
0,0,0,0,0,5384,938,6322,9024,15346,-0.0105226,0.0776309,-0.996927,0
0,0,0,0,0,5463,1154,6617,8792,15409,-0.010961,0.0771932,-0.996956,0
0,0,0,0,0,5111,951,6062,8676,14738,-0.0102916,0.0773923,-0.996948,0
0,0,0,0,0,3598,635,4233,5312,9545,-0.0099239,0.0774771,-0.996945,0
0,0,0,0,0,2181,396,2577,3911,6488,-0.0101812,0.0775076,-0.99694,0
0,0,0,0,0,6427,999,7426,9463,16889,-0.00965611,0.0775392,-0.996943,0
0,0,0,0,0,3519,633,4152,6171,10323,-0.00992338,0.0776333,-0.996933,0
0,0,0,0,0,5552,910,6462,9386,15848,-0.0117515,0.077031,-0.996959,0
0,0,0,0,0,3449,624,4073,4820,8893,-0.0115743,0.077513,-0.996924,0
0,0,0,0,0,1869,332,2201,3272,5473,-0.0122396,0.078054,-0.996874,0
0,0,0,0,0,5589,1160,6749,10078,16827,-0.0116848,0.0781505,-0.996873,0
0,0,0,0,0,4204,744,4948,6561,11509,-0.0114263,0.0783614,-0.99686,0
0,0,0,0,0,4873,1163,6036,8760,14796,-0.0116861,0.0781696,-0.996872,0
0,0,0,0,0,4842,840,5682,8609,14291,-0.0115614,0.0786354,-0.996836,0
0,0,0,0,0,3613,811,4424,6240,10664,-0.0114811,0.0789169,-0.996815,0
0,0,0,0,0,5353,1048,6401,9737,16138,-0.0109626,0.078383,-0.996863,0
0,0,0,0,0,3570,603,4173,6101,10274,-0.0112121,0.0785167,-0.99685,0
0,0,0,0,0,6171,999,7170,8932,16102,-0.0105719,0.0785007,-0.996858,0
0,0,0,0,0,3514,601,4115,6190,10305,-0.0118722,0.0782415,-0.996864,0
0,0,0,0,0,5231,823,6054,7858,13912,-0.0119097,0.0778649,-0.996893,0
0,0,0,0,0,4567,773,5340,8352,13692,-0.0123263,0.0774524,-0.99692,0
0,0,0,0,0,4708,700,5408,7175,12583,-0.0121344,0.0785713,-0.996835,0
0,0,0,0,0,4161,722,4883,7974,12857,-0.0122306,0.078214,-0.996862,0
0,0,0,0,0,4070,698,4768,7077,11845,-0.0121523,0.0786518,-0.996828,0
0,0,0,0,0,6215,951,7166,9657,16823,-0.0119466,0.0782828,-0.99686,0
0,0,0,0,0,3811,648,4459,6543,11002,-0.0113927,0.0785618,-0.996844,0
0,0,0,0,0,5702,936,6638,9622,16260,-0.0115597,0.0785563,-0.996843,0
0,0,0,0,0,5928,944,6872,8252,15124,-0.011435,0.0783388,-0.996861,0
0,0,0,0,0,2903,500,3403,5161,8564,-0.012168,0.0782439,-0.99686,0
0,0,0,0,0,4502,805,5307,8121,13428,-0.0122013,0.0780711,-0.996873,0
0,0,0,0,0,4477,808,5285,8063,13348,-0.0118917,0.078143,-0.996871,0
0,0,0,0,0,4482,759,5241,8017,13258,-0.0115447,0.0784316,-0.996853,0
0,0,0,0,0,4333,762,5095,7806,12901,-0.0117044,0.0784191,-0.996852,0
0,0,0,0,0,4952,845,5797,8555,14352,-0.011381,0.0777836,-0.996905,0
0,0,0,0,0,5598,850,6448,8625,15073,-0.0115798,0.0778875,-0.996895,0
0,0,0,0,0,5394,1004,6398,9544,15942,-0.0120716,0.077544,-0.996916,0
0,0,0,0,0,6046,957,7003,8055,15058,-0.0127324,0.077362,-0.996922,0
0,0,0,0,0,2816,490,3306,5235,8541,-0.0136508,0.0771986,-0.996922,0
0,0,0,0,0,5339,931,6270,9490,15760,-0.013279,0.0777147,-0.996887,0
0,0,0,0,0,5549,939,6488,8855,15343,-0.0124763,0.0777352,-0.996896,0
0,0,0,0,0,3813,649,4462,6593,11055,-0.0115883,0.0780594,-0.996881,0
0,0,0,0,0,7136,862,7998,6907,14905,-0.0111814,0.0779146,-0.996897,0
0,0,0,0,0,2822,464,3286,4798,8084,-0.0111242,0.0779552,-0.996895,0
0,0,0,0,0,5514,887,6401,8517,14918,-0.0113393,0.077573,-0.996922,0
0,0,0,0,0,3780,648,4428,6222,10650,-0.0122237,0.0771811,-0.996942,0
0,0,0,0,0,5555,937,6492,9537,16029,-0.0127191,0.0771277,-0.99694,0
0,0,0,0,0,5384,938,6322,9316,15638,-0.0121056,0.077313,-0.996933,0
0,0,0,0,0,3705,714,4419,6760,11179,-0.0129622,0.0782345,-0.996851,0
0,0,0,0,0,5311,929,6240,8994,15234,-0.0122688,0.0779525,-0.996882,0
0,0,0,0,0,5343,930,6273,9607,15880,-0.0114694,0.0782402,-0.996869,0
0,0,0,0,0,3750,669,4419,6719,11138,-0.0107415,0.077314,-0.996949,0
0,0,0,0,0,4967,839,5806,8822,14628,-0.0100601,0.0761426,-0.997046,0
0,0,0,0,0,3451,599,4050,6066,10116,-0.00934863,0.0753815,-0.997111,0
0,0,0,0,0,5368,993,6361,9652,16013,-0.00794013,0.0744212,-0.997195,0
0,0,0,0,0,5321,932,6253,7238,13491,-0.00814465,0.0722507,-0.997353,0
0,0,0,0,0,2895,493,3388,4834,8222,-0.00734643,0.0711277,-0.99744,0
0,0,0,0,0,5533,932,6465,9265,15730,-0.00658662,0.0701034,-0.997518,0
0,0,0,0,0,5484,933,6417,7249,13666,-0.00673277,0.0689429,-0.997598,0
0,0,0,0,0,2887,518,3405,4815,8220,-0.00592997,0.0685135,-0.997633,0
0,0,0,0,0,5531,958,6489,9241,15730,-0.00653295,0.0679456,-0.997668,0
0,0,0,0,0,5579,927,6506,7410,13916,-0.00558369,0.067842,-0.99768,0
0,0,0,0,0,2850,508,3358,4775,8133,-0.00533057,0.0675532,-0.997701,0
0,0,0,0,0,3447,595,4042,5914,9956,-0.00519974,0.0670723,-0.997735,0
0,0,0,0,0,5408,970,6378,9145,15523,-0.00519852,0.0670676,-0.997735,0
0,0,0,0,0,4072,641,4713,6232,10945,-0.00640606,0.0661554,-0.997789,0
0,0,0,0,0,4886,857,5743,8475,14218,-0.00454207,0.0670302,-0.997741,0
0,0,0,0,0,3493,600,4093,5702,9795,-0.0051456,0.0665767,-0.997768,0
0,0,0,0,0,5767,988,6755,8859,15614,-0.00501445,0.0671562,-0.99773,0
0,0,0,0,0,5355,933,6288,8414,14702,-0.0053243,0.0666982,-0.997759,0
0,0,0,0,0,5548,1009,6557,9261,15818,-0.00363259,0.0656399,-0.997837,0
0,0,0,0,0,5459,973,6432,7284,13716,-0.00647593,0.0648617,-0.997873,0
0,0,0,0,0,2508,411,2919,3629,6548,-0.00742388,0.065401,-0.997831,0
0,0,0,0,0,1665,286,1951,2682,4633,-0.00669061,0.0664596,-0.997767,0
0,0,0,0,0,5435,983,6418,8909,15327,-0.0035331,0.0677716,-0.997695,0
0,0,0,0,0,4315,688,5003,6236,11239,-0.00640786,0.0686046,-0.997623,0
0,0,0,0,0,4934,922,5856,8031,13887,-0.0105557,0.0719453,-0.997353,0
0,0,0,0,0,4981,915,5896,7835,13731,-0.0123873,0.07741,-0.996922,0
0,0,0,0,0,4618,781,5399,7185,12584,-0.0120148,0.0808436,-0.996654,0
0,0,0,0,0,5805,961,6766,8784,15550,-0.0129312,0.0851528,-0.996284,0
0,0,0,0,0,4000,669,4669,6097,10766,-0.0141776,0.0843043,-0.996339,0
0,0,0,0,0,5868,977,6845,8494,15339,-0.020246,0.0916536,-0.995585,0
0,0,0,0,0,9403,1065,10468,6552,17020,-0.0219428,0.0990915,-0.994836,0
0,0,0,0,0,3153,520,3673,4193,7866,-0.0228051,0.100903,-0.994635,0
0,0,0,0,0,6050,1089,7139,7329,14468,-0.0295347,0.120221,-0.992308,0
0,0,0,0,0,6627,1015,7642,6189,13831,-0.0402166,0.131488,-0.990502,0
0,0,0,0,0,4407,711,5118,4220,9338,-0.0503634,0.128085,-0.990484,0
0,0,0,0,0,6490,1043,7533,5726,13259,-0.0630838,0.134937,-0.988844,0
0,0,0,0,0,7029,1091,8120,5914,14034,-0.0692965,0.143114,-0.987277,0
0,0,0,0,0,6730,1070,7800,6087,13887,-0.0787642,0.161133,-0.983785,0
0,0,0,0,0,4747,751,5498,4399,9897,-0.0734877,0.16262,-0.983948,0
0,0,0,0,0,6874,1195,8069,7016,15085,-0.0650373,0.16239,-0.984581,0
0,0,0,0,0,4837,783,5620,6182,11802,-0.058049,0.162293,-0.985034,0
0,0,0,0,0,6433,1060,7493,9810,17303,-0.0632886,0.173956,-0.982718,0
0,0,0,0,0,5897,990,6887,9703,16590,-0.0650887,0.193393,-0.97896,0
0,0,0,0,0,4374,722,5096,7891,12987,-0.0569407,0.203405,-0.977438,0
0,0,0,0,0,7430,1206,8636,11656,20292,-0.0323832,0.232316,-0.972101,0
0,0,0,0,0,3929,654,4583,8076,12659,-0.00595343,0.207476,-0.978222,0
0,0,0,0,0,7564,1259,8823,15643,24466,0.0308085,0.204877,-0.978303,0
0,0,0,0,0,3154,530,3684,7900,11584,0.0391931,0.113265,-0.992791,0
0,0,0,0,0,2850,489,3339,8771,12110,0.0155347,0.133017,-0.990992,0
0,0,0,0,0,4710,789,5499,14523,20022,-0.0275346,0.197476,-0.979921,0
0,0,0,0,0,3588,608,4196,11675,15871,-0.0535394,0.217658,-0.974556,0
0,0,0,0,0,4217,713,4930,14008,18938,-0.0569385,0.21746,-0.974407,0
0,0,0,0,0,3909,658,4567,13347,17914,-0.0520077,0.233041,-0.971075,0
0,0,0,0,0,3841,659,4500,13075,17575,-0.0593236,0.22701,-0.972084,0
0,0,0,0,0,3041,574,3615,10636,14251,-0.0703303,0.235094,-0.969425,0
0,0,0,0,0,6796,1138,7934,16846,24780,-0.099691,0.255805,-0.961575,0
0,0,0,0,0,2386,402,2788,8434,11222,-0.0960419,0.255495,-0.962028,0
0,0,0,0,0,3092,529,3621,11136,14757,-0.0934849,0.270709,-0.958111,0
0,0,0,0,0,5850,997,6847,18126,24973,-0.0864275,0.270072,-0.958953,0
0,0,0,0,0,2600,451,3051,9786,12837,-0.0725796,0.266065,-0.961219,0
0,0,0,0,0,3293,566,3859,12565,16424,-0.0612119,0.250978,-0.966056,0
0,0,0,0,0,6135,1061,7196,16394,23590,-0.0588672,0.265849,-0.962216,0
0,0,0,0,0,2183,379,2562,8441,11003,-0.0457218,0.249503,-0.967294,0
0,0,0,0,0,4689,891,5580,16488,22068,-0.0295111,0.242266,-0.969761,0
0,0,0,0,0,4258,775,5033,16602,21635,0.000908636,0.0995305,-0.995034,0
0,0,0,0,0,4252,708,4960,15389,20349,0.0508337,-0.152139,-0.987051,0
0,0,0,0,0,2551,435,2986,10091,13077,0.0778653,-0.286372,-0.954949,0
0,0,0,0,0,6091,1015,7106,18766,25872,0.0712391,-0.262831,-0.962208,0
0,0,0,0,0,6287,1023,7310,20124,27434,0.0677828,-0.211433,-0.975039,0
0,0,0,0,0,2503,424,2927,10266,13193,0.0731875,-0.200353,-0.976986,0
0,0,0,0,0,2680,469,3149,11163,14312,0.0808088,-0.202096,-0.976026,0
0,0,0,0,0,5149,929,6078,19766,25844,0.0709194,-0.212553,-0.974572,0
0,0,0,0,0,2818,487,3305,11264,14569,0.0577849,-0.229607,-0.971567,0
0,0,0,0,0,4175,725,4900,16083,20983,0.0551072,-0.225554,-0.972671,0
0,0,0,0,0,3903,673,4576,20433,25009,0.0670334,-0.184725,-0.980502,0
0,0,0,0,0,5118,983,6101,15973,22074,0.082363,-0.152341,-0.98489,0
0,0,0,0,0,2393,402,2795,8969,11764,0.0858937,-0.156869,-0.983877,0
0,0,0,0,0,3974,673,4647,15095,19742,0.0723573,-0.122759,-0.989795,0
0,0,0,0,0,5632,939,6571,17781,24352,0.0627807,-0.111968,-0.991727,0
0,0,0,0,0,2730,484,3214,10734,13948,0.0505448,-0.11033,-0.992609,0
0,0,0,0,0,4291,767,5058,15783,20841,0.0307369,-0.0978981,-0.994722,0
0,0,0,0,0,5523,997,6520,19951,26471,0.0222273,-0.0944173,-0.995285,0
0,0,0,0,0,2917,527,3444,10607,14051,0.0286955,-0.102533,-0.994316,0
0,0,0,0,0,3329,598,3927,12190,16117,0.0212681,-0.0906104,-0.995659,0
0,0,0,0,0,5589,1049,6638,18804,25442,0.027098,-0.0692616,-0.99723,0
0,0,0,0,0,2930,529,3459,10449,13908,0.029035,-0.0636034,-0.997553,0
0,0,0,0,0,4176,778,4954,14756,19710,0.0347038,-0.0524378,-0.998021,0
0,0,0,0,0,4223,742,4965,14405,19370,0.027801,-0.0519277,-0.998264,0
0,0,0,0,0,5858,1015,6873,16226,23099,0.0199086,-0.0336819,-0.999234,0
0,0,0,0,0,3005,538,3543,9942,13485,0.0126089,-0.0315627,-0.999422,0
0,0,0,0,0,5796,1050,6846,17736,24582,-0.00620048,-0.00829212,-0.999946,0
0,0,0,0,0,3046,545,3591,9090,12681,-0.0242423,-0.0129488,-0.999622,0
0,0,0,0,0,4605,833,5438,12977,18415,-0.0310645,-0.0185537,-0.999345,0
0,0,0,0,0,5828,1023,6851,12279,19130,-0.0312994,-0.032594,-0.998978,0
0,0,0,0,0,2981,545,3526,6634,10160,-0.027753,-0.0592238,-0.997859,0
0,0,0,0,0,5702,1040,6742,10351,17093,-0.0334239,-0.0452082,-0.998418,0
0,0,0,0,0,4000,717,4717,6175,10892,-0.0336978,-0.0705535,-0.996939,0
0,0,0,0,0,5741,1062,6803,7318,14121,-0.0312033,-0.0689254,-0.997134,0
0,0,0,0,0,3947,716,4663,4062,8725,-0.0104634,-0.0682147,-0.997616,0
0,0,0,0,0,5870,1076,6946,4368,11314,0.0139515,-0.0544396,-0.99842,0
0,0,0,0,0,5603,1072,6675,3099,9774,0.0317728,-0.0452333,-0.998471,0
0,0,0,0,0,5575,1088,6663,1903,8566,0.0432043,-0.0286638,-0.998655,0
0,0,0,0,0,5512,1014,6526,973,7499,0.0160679,0.0327705,-0.999334,0
0,0,0,0,0,5726,1014,6740,793,7533,0.0362934,0.239542,-0.970207,0
0,0,0,0,0,5550,1210,6760,9491,16251,-0.00338118,0.294473,-0.955654,0
0,0,0,0,0,3953,743,4696,7242,11938,-0.0208782,0.316137,-0.948484,0
0,0,0,0,0,5853,1085,6938,11071,18009,-0.0362973,0.355817,-0.933851,0
0,0,0,0,0,3977,762,4739,7785,12524,-0.0504706,0.366295,-0.929129,0
0,0,0,0,0,3858,708,4566,7476,12042,-0.0659049,0.373325,-0.925357,0
0,0,0,0,0,5996,1072,7068,10190,17258,-0.0783035,0.374814,-0.923787,0
0,0,0,0,0,5891,803,6694,6769,13463,-0.0753053,0.356116,-0.931402,0
0,0,0,0,0,2140,391,2531,4827,7358,-0.0639076,0.302927,-0.950868,0
0,0,0,0,0,4121,767,4888,10683,15571,-0.0463128,0.165741,-0.985081,0
0,0,0,0,0,4724,800,5524,11154,16678,-0.0546571,0.134835,-0.989359,0
0,0,0,0,0,2616,477,3093,8075,11168,-0.0612124,0.11767,-0.991164,0
0,0,0,0,0,6189,1143,7332,17938,25270,-0.0793005,0.137352,-0.987343,0
0,0,0,0,0,3259,608,3867,9925,13792,-0.0724316,0.105236,-0.991806,0
0,0,0,0,0,2521,469,2990,8827,11817,-0.0727579,0.114067,-0.990805,0
0,0,0,0,0,6174,1130,7304,20448,27752,-0.069826,0.143785,-0.987142,0
0,0,0,0,0,3180,578,3758,12248,16006,-0.0697144,0.140923,-0.987563,0
0,0,0,0,0,3765,692,4457,14854,19311,-0.0667325,0.12926,-0.989363,0
0,0,0,0,0,2879,527,3406,12202,15608,-0.0644912,0.126718,-0.98984,0
0,0,0,0,0,3509,628,4137,14414,18551,-0.064376,0.11759,-0.990973,0
0,0,0,0,0,3166,573,3739,13727,17466,-0.0608144,0.124169,-0.990396,0
0,0,0,0,0,3864,701,4565,16253,20818,-0.059147,0.146555,-0.987433,0
0,0,0,0,0,2398,427,2825,10674,13499,-0.0609645,0.143947,-0.987706,0
0,0,0,0,0,2707,509,3216,12661,15877,-0.0654828,0.142023,-0.987695,0
0,0,0,0,0,5406,1045,6451,22149,28600,-0.105189,0.242764,-0.964366,0
0,0,0,0,0,2318,414,2732,9391,12123,-0.087781,0.193936,-0.977079,0
0,0,0,0,0,1267,231,1498,6209,7707,-0.0838619,0.167095,-0.982368,0
0,0,0,0,0,2457,460,2917,12145,15062,-0.0850442,0.155253,-0.984207,0
0,0,0,0,0,3622,712,4334,17381,21715,-0.0861066,0.150123,-0.98491,0
0,0,0,0,0,5280,964,6244,20853,27097,-0.132493,0.235546,-0.962789,0
0,0,0,0,0,2243,410,2653,9150,11803,-0.109884,0.194016,-0.974825,0
0,0,0,0,0,1274,243,1517,6235,7752,-0.0983712,0.17069,-0.980402,0
0,0,0,0,0,5466,957,6423,19538,25961,-0.0931645,0.178297,-0.979556,0
0,0,0,0,0,2171,393,2564,10598,13162,-0.0792424,0.149526,-0.985577,0
0,0,0,0,0,2971,542,3513,14495,18008,-0.0684901,0.13975,-0.987815,0
0,0,0,0,0,3790,698,4488,17225,21713,-0.0634532,0.13541,-0.988756,0
0,0,0,0,0,2810,508,3318,13627,16945,-0.0615143,0.122921,-0.990508,0
0,0,0,0,0,2926,637,3563,15617,19180,-0.0601294,0.119886,-0.990965,0
0,0,0,0,0,4676,755,5431,18176,23607,-0.0616027,0.117669,-0.99114,0
0,0,0,0,0,5173,944,6117,18627,24744,-0.0658719,0.125906,-0.989853,0
0,0,0,0,0,2148,394,2542,10548,13090,-0.0622772,0.117768,-0.991086,0
0,0,0,0,0,3485,695,4180,17892,22072,-0.0632432,0.130052,-0.989488,0
0,0,0,0,0,3800,668,4468,17164,21632,-0.0595399,0.113068,-0.991802,0
0,0,0,0,0,3047,670,3717,12615,16332,-0.0494033,0.109231,-0.992788,0
0,0,0,0,0,5388,920,6308,21402,27710,-0.0528881,0.162551,-0.985282,0
0,0,0,0,0,2828,512,3340,9537,12877,-0.038304,0.164322,-0.985663,0
0,0,0,0,0,1610,295,1905,6651,8556,-0.0257778,0.174469,-0.984325,0
0,0,0,0,0,2020,380,2400,8366,10766,-0.0227201,0.176516,-0.984036,0
0,0,0,0,0,5374,973,6347,20655,27002,-0.0194456,0.166932,-0.985777,0
0,0,0,0,0,2840,537,3377,11030,14407,-0.0146228,0.158198,-0.987299,0
0,0,0,0,0,2158,385,2543,9065,11608,-0.00996593,0.160642,-0.986962,0
0,0,0,0,0,6261,1001,7262,18273,25535,-0.00561173,0.16633,-0.986054,0
0,0,0,0,0,2278,405,2683,9323,12006,-0.00633565,0.169033,-0.98559,0
0,0,0,0,0,6081,965,7046,18659,25705,-0.00621446,0.175408,-0.984476,0
0,0,0,0,0,2272,406,2678,9292,11970,-0.00650277,0.175906,-0.984386,0
0,0,0,0,0,3457,664,4121,13118,17239,-0.00775478,0.172633,-0.984956,0
0,0,0,0,0,4371,847,5218,16402,21620,-0.00525309,0.172516,-0.984993,0
0,0,0,0,0,5316,1002,6318,15519,21837,-0.00341415,0.175924,-0.984398,0
0,0,0,0,0,2238,414,2652,9295,11947,-0.00304549,0.178991,-0.983846,0
0,0,0,0,0,5243,992,6235,19443,25678,-0.00370492,0.178594,-0.983916,0
0,0,0,0,0,2785,511,3296,11487,14783,-0.00390452,0.177979,-0.984026,0
0,0,0,0,0,3354,643,3997,14074,18071,-0.00317446,0.180627,-0.983547,0
0,0,0,0,0,5319,1013,6332,19671,26003,-0.00194281,0.180086,-0.983649,0
0,0,0,0,0,5307,962,6269,13816,20085,0.000670502,0.18491,-0.982755,0
0,0,0,0,0,1883,341,2224,7811,10035,0.000229883,0.183715,-0.98298,0
0,0,0,0,0,2961,532,3493,12129,15622,-0.000200242,0.181948,-0.983308,0
0,0,0,0,0,4723,944,5667,17773,23440,-0.00120579,0.184225,-0.982883,0
0,0,0,0,0,2604,488,3092,10736,13828,0.00023777,0.185966,-0.982556,0
0,0,0,0,0,5392,992,6384,19509,25893,-0.000585211,0.178187,-0.983997,0
0,0,0,0,0,3341,613,3954,13827,17781,-0.000752261,0.176001,-0.98439,0
0,0,0,0,0,4295,800,5095,16834,21929,0.0013606,0.175189,-0.984534,0
0,0,0,0,0,3126,591,3717,12919,16636,0.00277731,0.179472,-0.983759,0
0,0,0,0,0,3895,708,4603,16427,21030,0.000570778,0.176529,-0.984295,0
0,0,0,0,0,2948,532,3480,12138,15618,-0.00018734,0.177848,-0.984058,0
0,0,0,0,0,5446,963,6409,18289,24698,-0.00199633,0.178488,-0.98394,0
0,0,0,0,0,2253,403,2656,9243,11899,0.000519706,0.172913,-0.984937,0
0,0,0,0,0,3121,568,3689,12820,16509,0.00222734,0.176857,-0.984234,0
0,0,0,0,0,3950,740,4690,15776,20466,0.00338179,0.18002,-0.983657,0
0,0,0,0,0,5336,958,6294,17499,23793,0.0025878,0.176272,-0.984338,0
0,0,0,0,0,2238,423,2661,9214,11875,0.00113271,0.176224,-0.984349,0
0,0,0,0,0,3115,568,3683,13024,16707,-5.82284e-06,0.170153,-0.985418,0
0,0,0,0,0,5305,1015,6320,19842,26162,-0.000428951,0.174489,-0.984659,0
0,0,0,0,0,2788,513,3301,10817,14118,0.00176441,0.177083,-0.984194,0
0,0,0,0,0,3217,565,3782,12953,16735,0.00393106,0.178002,-0.984022,0
0,0,0,0,0,3904,966,4870,16262,21132,0.00232155,0.175447,-0.984486,0
0,0,0,0,0,3015,532,3547,12055,15602,0.00118862,0.176967,-0.984216,0
0,0,0,0,0,5604,886,6490,17594,24084,0.00230727,0.180254,-0.983617,0
0,0,0,0,0,2593,475,3068,10731,13799,0.00141369,0.177763,-0.984072,0
0,0,0,0,0,4000,709,4709,16070,20779,0.00159366,0.174544,-0.984648,0
0,0,0,0,0,2938,548,3486,12285,15771,0.000199249,0.176073,-0.984377,0
0,0,0,0,0,3015,532,3547,12126,15673,-0.000177182,0.175056,-0.984558,1
0,0,0,0,0,5530,891,6421,18142,24563,0.00102984,0.182573,-0.983192,1
0,0,0,0,0,2676,489,3165,10732,13897,6.73497e-05,0.183766,-0.98297,1
0,0,0,0,0,2543,449,2992,10205,13197,0.00221197,0.18472,-0.982789,1
0,0,0,0,0,5615,906,6521,17962,24483,0.00318029,0.182786,-0.983148,1
0,0,0,0,0,2630,474,3104,10781,13885,0.00289745,0.179935,-0.983674,1
0,0,0,0,0,6118,966,7084,18110,25194,0.00303899,0.182643,-0.983175,1
0,0,0,0,0,2223,449,2672,9391,12063,0.00276336,0.179221,-0.983805,1
0,0,0,0,0,3886,707,4593,16163,20756,0.00239958,0.179986,-0.983666,1
0,0,0,0,0,3456,567,4023,12108,16131,0.000587751,0.175611,-0.98446,1
0,0,0,0,0,3684,659,4343,14831,19174,0.000208228,0.175747,-0.984435,1
0,0,0,0,0,4936,786,5722,17472,23194,0.00218906,0.181584,-0.983373,1
0,0,0,0,0,3154,584,3738,12597,16335,0.00271803,0.182112,-0.983274,1
0,0,0,0,0,2995,533,3528,12133,15661,0.0012301,0.174977,-0.984572,1
0,0,0,0,0,5244,955,6199,20542,26741,0.00120515,0.181804,-0.983334,1
0,0,0,0,0,2847,501,3348,10807,14155,0.00155071,0.179613,-0.983736,1
0,0,0,0,0,2487,446,2933,10372,13305,0.00121315,0.177171,-0.984179,1
0,0,0,0,0,4758,905,5663,18555,24218,0.00482688,0.183186,-0.983067,1
0,0,0,0,0,2602,474,3076,10676,13752,0.00153994,0.181414,-0.983406,1
0,0,0,0,0,5311,995,6306,19806,26112,0.00180743,0.177923,-0.984043,1
0,0,0,0,0,2837,501,3338,10970,14308,0.00230375,0.185717,-0.982601,1
0,0,0,0,0,2360,415,2775,9205,11980,0.0026635,0.186498,-0.982452,1
0,0,0,0,0,5303,1054,6357,19348,25705,0.00185882,0.181098,-0.983463,1
0,0,0,0,0,2762,497,3259,11141,14400,-0.000615073,0.174631,-0.984634,1
0,0,0,0,0,3125,564,3689,13089,16778,-0.000496243,0.18332,-0.983053,1
0,0,0,0,0,3124,569,3693,12886,16579,0.000416879,0.184903,-0.982757,1
0,0,0,0,0,3897,708,4605,15446,20051,0.0018398,0.187169,-0.982326,1
0,0,0,0,0,2675,444,3119,9736,12855,0.000139725,0.180403,-0.983593,1
0,0,0,0,0,3429,606,4035,13926,17961,-0.000771938,0.167732,-0.985832,1
0,0,0,0,0,4498,788,5286,16257,21543,-0.000162955,0.171245,-0.985228,1
0,0,0,0,0,2482,451,2933,10155,13088,0.000582507,0.173301,-0.984869,1
0,0,0,0,0,5289,965,6254,19385,25639,0.000653533,0.183361,-0.983045,1
0,0,0,0,0,2772,501,3273,11028,14301,-0.00278557,0.167032,-0.985948,1
0,0,0,0,0,2471,448,2919,10131,13050,0.00159715,0.180199,-0.983629,1
0,0,0,0,0,5484,986,6470,19241,25711,0.00122631,0.176543,-0.984292,1
0,0,0,0,0,2786,496,3282,11366,14648,6.66955e-05,0.172583,-0.984995,1
0,0,0,0,0,3423,609,4032,13805,17837,-0.000154958,0.178908,-0.983866,1
0,0,0,0,0,5365,968,6333,18620,24953,-0.000952154,0.178938,-0.98386,1
0,0,0,0,0,2240,407,2647,9288,11935,-0.00127655,0.177445,-0.98413,1
0,0,0,0,0,5007,976,5983,19159,25142,0.00121887,0.182702,-0.983168,1
0,0,0,0,0,3467,633,4100,13462,17562,0.00156495,0.182743,-0.98316,1
0,0,0,0,0,5245,1143,6388,20749,27137,-0.000656213,0.175128,-0.984545,1
0,0,0,0,0,2756,470,3226,8642,11868,-0.00110101,0.174459,-0.984664,1
0,0,0,0,0,1412,266,1678,5593,7271,0.000682775,0.181293,-0.983429,1
0,0,0,0,0,4716,904,5620,16533,22153,-0.000150485,0.179203,-0.983812,1
0,0,0,0,0,2610,468,3078,10777,13855,-0.000995699,0.17912,-0.983827,1
0,0,0,0,0,5368,1031,6399,19119,25518,8.82121e-05,0.182169,-0.983267,1
0,0,0,0,0,2658,472,3130,10920,14050,-0.00155776,0.173224,-0.984881,1
0,0,0,0,0,2189,387,2576,9066,11642,-0.00167339,0.169301,-0.985563,1
0,0,0,0,0,4797,854,5651,18850,24501,-0.000415297,0.171507,-0.985183,1
0,0,0,0,0,2594,477,3071,10985,14056,-0.000467171,0.17129,-0.98522,1
0,0,0,0,0,3894,722,4616,16354,20970,-0.000898408,0.167611,-0.985853,1
0,0,0,0,0,4749,861,5610,18663,24273,-0.000145898,0.168641,-0.985678,1
0,0,0,0,0,3432,617,4049,13696,17745,-0.0002538,0.172973,-0.984926,1
0,0,0,0,0,2607,526,3133,10743,13876,-0.0010546,0.170206,-0.985408,1
0,0,0,0,0,5977,1119,7096,19003,26099,-7.50864e-05,0.174594,-0.984641,1
0,0,0,0,0,4772,854,5626,14111,19737,-0.00132891,0.176846,-0.984238,1
0,0,0,0,0,2126,405,2531,8872,11403,-0.000241567,0.177897,-0.984049,1
0,0,0,0,0,5509,981,6490,20889,27379,-0.000693132,0.179596,-0.98374,1
0,0,0,0,0,2828,501,3329,8876,12205,-0.00124986,0.170846,-0.985297,1
0,0,0,0,0,1623,298,1921,5743,7664,0.000505502,0.177575,-0.984107,1
0,0,0,0,0,4968,920,5888,19491,25379,0.00088151,0.176764,-0.984253,1
0,0,0,0,0,2588,478,3066,10617,13683,-9.02188e-05,0.176126,-0.984368,1
0,0,0,0,0,2496,453,2949,10545,13494,-0.000224271,0.171184,-0.985239,1
0,0,0,0,0,3037,564,3601,12158,15759,0.000132816,0.17874,-0.983896,1
0,0,0,0,0,4732,764,5496,15119,20615,-0.000422416,0.176275,-0.984341,1
0,0,0,0,0,2807,503,3310,11342,14652,-0.00119299,0.17997,-0.983671,1
0,0,0,0,0,4919,788,5707,17399,23106,-0.00463938,0.178885,-0.983859,1
0,0,0,0,0,3175,587,3762,13054,16816,-0.00206683,0.180822,-0.983514,1
0,0,0,0,0,3892,709,4601,16262,20863,-1.85205e-05,0.187712,-0.982224,1
0,0,0,0,0,2937,540,3477,12104,15581,-0.00152773,0.185815,-0.982584,1
0,0,0,0,0,5274,978,6252,20487,26739,-0.000946842,0.18782,-0.982203,1
0,0,0,0,0,2886,502,3388,11031,14419,-0.00345403,0.186144,-0.982516,1
0,0,0,0,0,2607,473,3080,10706,13786,-0.00444411,0.208229,-0.97807,1
0,0,0,0,0,3971,714,4685,16148,20833,-0.00888545,0.228372,-0.973533,1
0,0,0,0,0,2997,556,3553,12032,15585,-0.00744365,0.243202,-0.969947,1
0,0,0,0,0,5307,1015,6322,19906,26228,-0.0194621,0.283292,-0.958836,1
0,0,0,0,0,2470,407,2877,8114,10991,-0.0121517,0.284293,-0.95866,1
0,0,0,0,0,1437,261,1698,5657,7355,-0.0100115,0.284385,-0.958658,1
0,0,0,0,0,2291,414,2705,10331,13036,-0.0174024,0.303515,-0.952668,1
0,0,0,0,0,5373,974,6347,18342,24689,-0.0332615,0.324433,-0.945324,1
0,0,0,0,0,2648,486,3134,10119,13253,-0.0389128,0.321084,-0.946251,1
0,0,0,0,0,4173,736,4909,14601,19510,-0.0511927,0.337294,-0.940006,1
0,0,0,0,0,3898,851,4749,13574,18323,-0.0439023,0.338007,-0.940119,1
0,0,0,0,0,2901,537,3438,9809,13247,-0.0265376,0.327342,-0.944533,1
0,0,0,0,0,3678,664,4342,11493,15835,-0.00362375,0.329243,-0.944238,1
0,0,0,0,0,4739,904,5643,14283,19926,0.01367,0.322527,-0.946462,1
0,0,0,0,0,3285,628,3913,9137,13050,0.0194857,0.301104,-0.953392,1
0,0,0,0,0,5133,933,6066,13071,19137,0.0137729,0.287417,-0.957707,1
0,0,0,0,0,5054,915,5969,10989,16958,-0.00227517,0.274679,-0.961533,1
0,0,0,0,0,3275,623,3898,6694,10592,-0.00953915,0.25554,-0.966751,1
0,0,0,0,0,5286,955,6241,9483,15724,-0.0204725,0.248433,-0.968433,1
0,0,0,0,0,5239,951,6190,7751,13941,-0.0287232,0.240733,-0.970166,1
0,0,0,0,0,5248,934,6182,6335,12517,-0.0461553,0.240101,-0.96965,1
0,0,0,0,0,5430,912,6342,4928,11270,-0.0535066,0.259072,-0.964375,1
0,0,0,0,0,5431,922,6353,4229,10582,-0.0354466,0.27354,-0.961207,1
0,0,0,0,0,5490,931,6421,5524,11945,-0.0672805,0.352414,-0.933423,1
0,0,0,0,0,5560,948,6508,4843,11351,-0.096114,0.41233,-0.90595,1
0,0,0,0,0,5517,935,6452,4325,10777,-0.152615,0.451616,-0.879063,1
0,0,0,0,0,5497,891,6388,2916,9304,-0.157643,0.467689,-0.869722,1
0,0,0,0,0,5642,890,6532,3733,10265,-0.156866,0.481604,-0.862236,1
0,0,0,0,0,5546,913,6459,4460,10919,-0.142442,0.506385,-0.850461,1
0,0,0,0,0,5715,919,6634,5854,12488,-0.139925,0.526297,-0.838709,1
0,0,0,0,0,4031,669,4700,4922,9622,-0.145972,0.533109,-0.833359,1
0,0,0,0,0,6288,980,7268,7608,14876,-0.157391,0.543038,-0.824826,1
0,0,0,0,0,4246,705,4951,6275,11226,-0.156609,0.536702,-0.829111,1
0,0,0,0,0,6238,1019,7257,9739,16996,-0.161797,0.540836,-0.82542,1
0,0,0,0,0,4311,708,5019,8660,13679,-0.156464,0.530907,-0.83286,1
0,0,0,0,0,6796,1039,7835,14134,21969,-0.150367,0.563695,-0.812181,1
0,0,0,0,0,3350,452,3802,6383,10185,-0.135759,0.541063,-0.829952,1
0,0,0,0,0,1954,328,2282,5414,7696,-0.121571,0.523688,-0.843191,1
0,0,0,0,0,4075,686,4761,12767,17528,-0.105806,0.521287,-0.846797,1
0,0,0,0,0,4192,710,4902,13181,18083,-0.104701,0.504152,-0.857245,1
0,0,0,0,0,2652,475,3127,9651,12778,-0.104242,0.464682,-0.87932,1
0,0,0,0,0,4604,792,5396,16867,22263,-0.100578,0.414827,-0.904324,1
0,0,0,0,0,3687,684,4371,12750,17121,-0.080771,0.348965,-0.933649,1
0,0,0,0,0,6427,1098,7525,15118,22643,-0.0595733,0.294711,-0.953728,1
0,0,0,0,0,2576,430,3006,8965,11971,-0.038753,0.247606,-0.968085,1
0,0,0,0,0,6666,1123,7789,21240,29029,-0.0373626,0.2676,-0.962806,1
0,0,0,0,0,7255,1260,8515,19572,28087,-0.0380528,0.258869,-0.965163,1
0,0,0,0,0,2635,477,3112,8332,11444,-0.0334511,0.239503,-0.970319,1
0,0,0,0,0,8084,1333,9417,16769,26186,-0.0466418,0.251431,-0.966751,1
0,0,0,0,0,2509,424,2933,7962,10895,-0.0406192,0.230029,-0.972336,1
0,0,0,0,0,2177,374,2551,8112,10663,-0.052824,0.244035,-0.968327,1
0,0,0,0,0,3729,641,4370,14136,18506,-0.0583431,0.255052,-0.965166,1
0,0,0,0,0,4106,622,4728,14143,18871,-0.0491313,0.239867,-0.969562,1
0,0,0,0,0,2901,500,3401,11126,14527,-0.0397694,0.199658,-0.979058,1
0,0,0,0,0,5228,1040,6268,17142,23410,-0.0354899,0.169448,-0.9849,1
0,0,0,0,0,2377,433,2810,9342,12152,-0.00610317,0.0809689,-0.996698,1
0,0,0,0,0,2604,442,3046,10227,13273,0.0191334,0.0340963,-0.999235,1
0,0,0,0,0,4494,818,5312,17000,22312,0.0279864,-0.0152964,-0.999491,1
0,0,0,0,0,3343,581,3924,12472,16396,0.0286319,-0.0353514,-0.998965,1
0,0,0,0,0,2606,452,3058,9854,12912,0.0198162,-0.0197722,-0.999608,1
0,0,0,0,0,5815,1048,6863,19705,26568,0.00257262,0.0182483,-0.99983,1
0,0,0,0,0,3039,534,3573,10278,13851,0.00437745,0.019634,-0.999798,1
0,0,0,0,0,2338,441,2779,8373,11152,0.00198854,0.0325816,-0.999467,1
0,0,0,0,0,5159,960,6119,17069,23188,0.00126581,0.0556067,-0.998452,1
0,0,0,0,0,3686,654,4340,11477,15817,-0.00641909,0.0752638,-0.997143,1
0,0,0,0,0,2859,521,3380,8470,11850,-4.4304e-05,0.0562686,-0.998416,1
0,0,0,0,0,5757,1032,6789,13795,20584,0.0167091,0.0734722,-0.997157,1
0,0,0,0,0,3006,548,3554,6509,10063,0.0229095,0.0462226,-0.998668,1
0,0,0,0,0,5694,1114,6808,9671,16479,0.0194172,0.0543434,-0.998334,1
0,0,0,0,0,3938,727,4665,5467,10132,0.0408195,0.0476869,-0.998028,1
0,0,0,0,0,5695,1082,6777,6044,12821,0.0761158,0.0707236,-0.994588,1
0,0,0,0,0,3877,746,4623,3281,7904,0.125185,0.0808608,-0.988833,1
0,0,0,0,0,5700,1056,6756,4429,11185,0.17686,0.146428,-0.973283,1
0,0,0,0,0,5677,1085,6762,5345,12107,0.175893,0.217871,-0.959997,1
0,0,0,0,0,5171,1004,6175,6370,12545,0.105762,0.332205,-0.937259,1
0,0,0,0,0,5261,996,6257,8045,14302,0.0457326,0.409268,-0.911268,1
0,0,0,0,0,3744,702,4446,6451,10897,0.014228,0.471848,-0.881565,1
0,0,0,0,0,6150,1079,7229,9240,16469,-0.0122558,0.542791,-0.839778,1
0,0,0,0,0,4863,809,5672,6929,12601,-0.0383758,0.606427,-0.794212,1
0,0,0,0,0,4254,725,4979,6797,11776,-0.0516347,0.673377,-0.737494,1
0,0,0,0,0,4279,727,5006,-1000,-1000,-1,-1,-1,1
0,0,0,0,0,6423,1109,7532,11445,18977,-0.0237453,0.147231,-0.988817,1
0,0,0,0,0,3356,610,3966,11517,15483,-0.0385225,0.178908,-0.983111,1
0,0,0,0,0,2693,496,3189,9961,13150,-0.0507454,0.17481,-0.983294,1
0,0,0,0,0,3745,676,4421,14000,18421,-0.060156,0.190784,-0.979787,1
0,0,0,0,0,2356,432,2788,9436,12224,-0.0559984,0.165758,-0.984575,1
0,0,0,0,0,6021,1099,7120,19531,26651,-0.0564449,0.180615,-0.981933,1
0,0,0,0,0,2491,462,2953,9993,12946,-0.0504957,0.163177,-0.985304,1
0,0,0,0,0,2716,493,3209,11512,14721,-0.049868,0.166022,-0.98486,1
0,0,0,0,0,4524,719,5243,16417,21660,-0.0523405,0.172476,-0.983622,1
0,0,0,0,0,2923,542,3465,13338,16803,-0.0539013,0.169936,-0.98398,1
0,0,0,0,0,2757,499,3256,12359,15615,-0.0630236,0.178044,-0.982002,1
0,0,0,0,0,4092,764,4856,17668,22524,-0.0710388,0.205422,-0.976092,1
0,0,0,0,0,2459,447,2906,11252,14158,-0.066269,0.189602,-0.979622,1
0,0,0,0,0,5428,1022,6450,22293,28743,-0.066648,0.281772,-0.957164,1
0,0,0,0,0,2519,425,2944,9439,12383,-0.0653641,0.24476,-0.967378,1
0,0,0,0,0,1268,243,1511,5825,7336,-0.0622304,0.218661,-0.973815,1
0,0,0,0,0,1930,366,2296,9162,11458,-0.0661137,0.243803,-0.967569,1
0,0,0,0,0,5340,983,6323,23792,30115,-0.0793741,0.278879,-0.95704,1
0,0,0,0,0,2863,517,3380,12474,15854,-0.0747325,0.265721,-0.961149,1
0,0,0,0,0,5514,1037,6551,22379,28930,-0.0970131,0.322035,-0.941744,1
0,0,0,0,0,2428,425,2853,9350,12203,-0.0873046,0.26104,-0.961372,1
0,0,0,0,0,1461,266,1727,6467,8194,-0.0778417,0.205569,-0.975542,1
0,0,0,0,0,5400,1013,6413,20306,26719,-0.104194,0.208797,-0.972393,1
0,0,0,0,0,2307,417,2724,10489,13213,-0.103713,0.178233,-0.978507,1
0,0,0,0,0,2691,484,3175,11895,15070,-0.10715,0.165038,-0.98045,1
0,0,0,0,0,4958,883,5841,19706,25547,-0.109283,0.155486,-0.981775,1
0,0,0,0,0,2346,402,2748,9862,12610,-0.102618,0.126997,-0.986581,1
0,0,0,0,0,3454,557,4011,13030,17041,-0.10287,0.123248,-0.98703,1
0,0,0,0,0,3034,538,3572,12366,15938,-0.104921,0.140491,-0.984507,1
0,0,0,0,0,3746,678,4424,14385,18809,-0.106167,0.157943,-0.981724,1
0,0,0,0,0,2838,501,3339,13065,16404,-0.111389,0.169587,-0.9792,1
0,0,0,0,0,5371,999,6370,18964,25334,-0.125556,0.210778,-0.969437,1
0,0,0,0,0,2888,513,3401,10519,13920,-0.139115,0.25062,-0.958038,1
0,0,0,0,0,4345,793,5138,16085,21223,-0.160184,0.320968,-0.933445,1
0,0,0,0,0,3222,585,3807,12335,16142,-0.165029,0.353714,-0.92068,1
0,0,0,0,0,5330,1021,6351,17795,24146,-0.148655,0.410364,-0.899724,1
0,0,0,0,0,2782,517,3299,10459,13758,-0.123873,0.401533,-0.907429,1
0,0,0,0,0,5450,1102,6552,17063,23615,-0.102813,0.424756,-0.899451,1
0,0,0,0,0,2661,515,3176,8299,11475,-0.0746663,0.42089,-0.904034,1
0,0,0,0,0,3091,571,3662,8733,12395,-0.0517985,0.401358,-0.914456,1
0,0,0,0,0,6266,973,7239,12702,19941,-0.0399894,0.389799,-0.920031,1
0,0,0,0,0,3562,711,4273,7423,11696,-0.0336824,0.360246,-0.932249,1
0,0,0,0,0,5237,957,6194,8567,14761,-0.0658268,0.425333,-0.90264,1
0,0,0,0,0,4020,527,4547,2935,7482,-0.0613527,0.386361,-0.920305,1
0,0,0,0,0,1969,340,2309,1911,4220,-0.0719085,0.409708,-0.909378,1
0,0,0,0,0,5444,935,6379,4490,10869,-0.0794534,0.479298,-0.874049,1
0,0,0,0,0,5573,949,6522,4870,11392,-0.0656414,0.510831,-0.857171,1
0,0,0,0,0,5878,930,6808,5423,12231,-0.0425695,0.544114,-0.837931,1
0,0,0,0,0,5802,946,6748,6812,13560,-0.0288275,0.562511,-0.826287,1
0,0,0,0,0,6046,992,7038,7812,14850,-0.0176147,0.590915,-0.806541,1
0,0,0,0,0,6104,1025,7129,8639,15768,-0.0107469,0.674696,-0.738018,1
0,0,0,0,0,3795,519,4314,4495,8809,-0.0201652,0.675749,-0.736856,1
0,0,0,0,0,1990,304,2294,3062,5356,-0.0250771,0.664895,-0.746516,1
0,0,0,0,0,6208,1006,7214,-1000,-1000,-1,-1,-1,1
0,0,0,0,0,4362,763,5125,13974,19099,-0.0542582,0.269529,-0.961462,1
0,0,0,0,0,6402,1137,7539,15952,23491,-0.0449731,0.30551,-0.951126,1
0,0,0,0,0,2449,413,2862,8728,11590,-0.0334059,0.312578,-0.949304,1
0,0,0,0,0,3291,554,3845,11479,15324,-0.0269701,0.340525,-0.939849,1
0,0,0,0,0,4442,762,5204,16402,21606,-0.0316169,0.335557,-0.941489,1
0,0,0,0,0,3477,620,4097,12269,16366,-0.0363095,0.308955,-0.950383,1
0,0,0,0,0,7275,1204,8479,19757,28236,-0.0545646,0.392509,-0.918128,1
0,0,0,0,0,2702,424,3126,8324,11450,-0.0453927,0.342592,-0.938387,1
0,0,0,0,0,1772,280,2052,5873,7925,-0.0354978,0.295423,-0.954707,1
0,0,0,0,0,2000,348,2348,7480,9828,-0.0312078,0.284789,-0.958082,1
0,0,0,0,0,3965,769,4734,14978,19712,-0.0245501,0.280955,-0.959407,1
0,0,0,0,0,3880,672,4552,14196,18748,-0.0229458,0.271948,-0.962038,1
0,0,0,0,0,2567,434,3001,9624,12625,-0.0237083,0.250616,-0.967796,1
0,0,0,0,0,4133,712,4845,15318,20163,-0.0321569,0.249931,-0.967729,1
0,0,0,0,0,3155,541,3696,12357,16053,-0.0355898,0.229974,-0.972546,1
0,0,0,0,0,3864,652,4516,14451,18967,-0.035764,0.194623,-0.980226,1
0,0,0,0,0,2983,502,3485,11517,15002,-0.0328607,0.151427,-0.987922,1
0,0,0,0,0,6235,1067,7302,20846,28148,-0.0402588,0.187459,-0.981447,1
0,0,0,0,0,2596,442,3038,7961,10999,-0.0235383,0.123398,-0.992078,1
0,0,0,0,0,1632,287,1919,5766,7685,-0.00711449,0.0531871,-0.998559,1
0,0,0,0,0,1587,289,1876,6059,7935,-0.014072,0.0466315,-0.998813,1
0,0,0,0,0,4156,741,4897,15463,20360,-0.0192131,0.0584961,-0.998103,1
0,0,0,0,0,4147,751,4898,14524,19422,-0.0146832,0.0555088,-0.99835,1
0,0,0,0,0,2559,445,3004,9301,12305,-0.011162,0.0513069,-0.998621,1
0,0,0,0,0,3565,920,4485,12855,17340,-0.013736,0.0701589,-0.997441,1
0,0,0,0,0,5865,1026,6891,14763,21654,-0.00702574,0.075374,-0.997131,1
0,0,0,0,0,2716,528,3244,8551,11795,-0.00605105,0.0459941,-0.998923,1
0,0,0,0,0,2854,511,3365,9617,12982,-0.00721874,0.0309038,-0.999496,1
0,0,0,0,0,5793,1052,6845,17060,23905,-0.0114591,0.0252241,-0.999616,1
0,0,0,0,0,3029,538,3567,9970,13537,-0.0161717,0.0208452,-0.999652,1
0,0,0,0,0,2603,491,3094,7930,11024,-0.0214675,0.0220707,-0.999526,1
0,0,0,0,0,4432,796,5228,13851,19079,-0.029904,0.0335269,-0.99899,1
0,0,0,0,0,3228,578,3806,10433,14239,-0.0392267,0.0412565,-0.998378,1
0,0,0,0,0,5291,938,6229,15345,21574,-0.0589071,0.0643639,-0.996186,1
0,0,0,0,0,2861,519,3380,8909,12289,-0.0588857,0.0790006,-0.995134,1
0,0,0,0,0,2998,649,3647,10327,13974,-0.0603897,0.0942308,-0.993717,1
0,0,0,0,0,5873,1054,6927,14373,21300,-0.0620018,0.103485,-0.992697,1
0,0,0,0,0,3031,558,3589,7790,11379,-0.0596438,0.0920424,-0.993967,1
0,0,0,0,0,5849,1147,6996,11984,18980,-0.06001,0.0935751,-0.993802,1
0,0,0,0,0,3065,586,3651,6138,9789,-0.0560596,0.0851402,-0.994791,1
0,0,0,0,0,5954,1135,7089,9784,16873,-0.057549,0.0821283,-0.994959,1
0,0,0,0,0,4094,771,4865,5697,10562,-0.0624134,0.079491,-0.99488,1
0,0,0,0,0,4130,786,4916,4895,9811,-0.0777012,0.0738998,-0.994234,1
0,0,0,0,0,6020,1088,7108,4828,11936,-0.107112,0.0910233,-0.990072,1
0,0,0,0,0,4369,762,5131,2614,7745,-0.165356,0.126638,-0.97807,1
0,0,0,0,0,6255,1096,7351,4552,11903,-0.241664,0.242739,-0.939509,1
0,0,0,0,0,6477,1106,7583,6683,14266,-0.228171,0.382339,-0.895408,1
0,0,0,0,0,3293,664,3957,6270,10227,-0.220952,0.461893,-0.858973,1
0,0,0,0,0,4023,754,4777,8009,12786,-0.205917,0.509096,-0.835715,1
0,0,0,0,0,3871,788,4659,8656,13315,-0.192283,0.536497,-0.821705,1
0,0,0,0,0,5051,902,5953,10601,16554,-0.187433,0.554894,-0.810531,1
0,0,0,0,0,3683,679,4362,8367,12729,-0.183378,0.559438,-0.808332,1
0,0,0,0,0,6089,1200,7289,10626,17915,-0.180322,0.557967,-0.810035,1
0,0,0,0,0,3279,614,3893,6834,10727,-0.178264,0.552514,-0.814217,1
0,0,0,0,0,5167,916,6083,10637,16720,-0.177627,0.542674,-0.820947,1
0,0,0,0,0,6227,1120,7347,13328,20675,-0.175413,0.53467,-0.826655,1
0,0,0,0,0,4208,767,4975,7563,12538,-0.17389,0.531495,-0.829021,1
0,0,0,0,0,3614,659,4273,8028,12301,-0.168844,0.530777,-0.830523,1
0,0,0,0,0,6132,1101,7233,11726,18959,-0.161214,0.530415,-0.832268,1
0,0,0,0,0,3255,587,3842,7066,10908,-0.15823,0.528703,-0.833928,1
0,0,0,0,0,6207,1108,7315,12301,19616,-0.157443,0.526463,-0.835493,1
0,0,0,0,0,3189,585,3774,6917,10691,-0.157306,0.525424,-0.836172,1
0,0,0,0,0,4958,905,5863,10977,16840,-0.156314,0.527105,-0.8353,1
0,0,0,0,0,6157,1136,7293,11083,18376,-0.154053,0.529756,-0.834042,1
0,0,0,0,0,3332,594,3926,6980,10906,-0.153013,0.531092,-0.833383,1
0,0,0,0,0,6055,1202,7257,13155,20412,-0.153189,0.532368,-0.832537,1
0,0,0,0,0,3140,479,3619,5318,8937,-0.152813,0.531442,-0.833197,1
0,0,0,0,0,1760,302,2062,3470,5532,-0.151709,0.530805,-0.833805,1
0,0,0,0,0,1861,345,2206,4069,6275,-0.149839,0.529911,-0.834711,1
0,0,0,0,0,6226,1121,7347,12823,20170,-0.150368,0.528859,-0.835283,1
0,0,0,0,0,4183,768,4951,8237,13188,-0.150867,0.528413,-0.835475,1
0,0,0,0,0,3615,661,4276,7875,12151,-0.14961,0.528354,-0.835739,1
0,0,0,0,0,6312,1395,7707,11141,18848,-0.148845,0.527261,-0.836565,1
0,0,0,0,0,3172,590,3762,6962,10724,-0.147935,0.526015,-0.83751,1
0,0,0,0,0,6260,1123,7383,13147,20530,-0.147442,0.525261,-0.83807,1
0,0,0,0,0,4169,765,4934,9082,14016,-0.146531,0.525707,-0.83795,1
0,0,0,0,0,3202,588,3790,6992,10782,-0.146949,0.526368,-0.837462,1
0,0,0,0,0,7139,1115,8254,12956,21210,-0.147496,0.526251,-0.837439,1
0,0,0,0,0,4188,774,4962,8478,13440,-0.146815,0.525532,-0.83801,1
0,0,0,0,0,3006,564,3570,6576,10146,-0.145661,0.524834,-0.838649,1
0,0,0,0,0,6156,1124,7280,12802,20082,-0.145934,0.52414,-0.839035,1
0,0,0,0,0,4319,763,5082,8282,13364,-0.14649,0.524456,-0.838741,1
0,0,0,0,0,2634,473,3107,5651,8758,-0.147777,0.525066,-0.838134,1
0,0,0,0,0,6312,1131,7443,12620,20063,-0.148182,0.525313,-0.837907,1
0,0,0,0,0,5784,789,6573,7700,14273,-0.14959,0.525088,-0.837798,1
0,0,0,0,0,2186,398,2584,4713,7297,-0.149737,0.525052,-0.837794,1
0,0,0,0,0,5624,1094,6718,11903,18621,-0.146633,0.524342,-0.838787,1
0,0,0,0,0,6414,1027,7441,8762,16203,-0.145308,0.524343,-0.839017,1
0,0,0,0,0,2489,464,2953,5338,8291,-0.145082,0.525027,-0.838629,1
0,0,0,0,0,5726,995,6721,10745,17466,-0.144339,0.526592,-0.837775,1
0,0,0,0,0,3068,566,3634,6889,10523,-0.143091,0.527516,-0.837408,1
0,0,0,0,0,3710,676,4386,7914,12300,-0.141903,0.528182,-0.83719,1
0,0,0,0,0,4537,830,5367,9820,15187,-0.141995,0.528431,-0.837018,1
0,0,0,0,0,6076,1144,7220,11952,19172,-0.141151,0.528723,-0.836976,1
0,0,0,0,0,3316,583,3899,6958,10857,-0.138857,0.529427,-0.836915,1
0,0,0,0,0,6060,1177,7237,12967,20204,-0.135751,0.530644,-0.836653,1
0,0,0,0,0,4317,759,5076,7813,12889,-0.133806,0.530972,-0.836758,1
0,0,0,0,0,3049,554,3603,6578,10181,-0.132342,0.530826,-0.837084,1
0,0,0,0,0,5986,1113,7099,12850,19949,-0.131784,0.530965,-0.837083,1
0,0,0,0,0,4303,781,5084,8283,13367,-0.130552,0.531009,-0.837249,1
0,0,0,0,0,2571,472,3043,5635,8678,-0.130469,0.531115,-0.837194,1
0,0,0,0,0,6166,1150,7316,11452,18768,-0.131182,0.531043,-0.837129,1
0,0,0,0,0,3214,601,3815,6990,10805,-0.131857,0.53116,-0.836949,1
0,0,0,0,0,4002,716,4718,8448,13166,-0.130924,0.531274,-0.837023,1
0,0,0,0,0,4920,924,5844,10896,16740,-0.130177,0.530997,-0.837315,1
0,0,0,0,0,6337,1122,7459,13070,20529,-0.130012,0.530271,-0.8378,1
0,0,0,0,0,3172,552,3724,5788,9512,-0.129248,0.530186,-0.837973,2
0,0,0,0,0,1870,339,2209,4046,6255,-0.12867,0.53002,-0.838166,2
0,0,0,0,0,2572,471,3043,5645,8688,-0.127755,0.531039,-0.837661,2
0,0,0,0,0,6814,1377,8191,11700,19891,-0.127244,0.5313,-0.837574,2
0,0,0,0,0,6343,1609,7952,12391,20343,-0.126426,0.529846,-0.838618,2
0,0,0,0,0,2701,478,3179,5087,8266,-0.125627,0.529688,-0.838838,2
0,0,0,0,0,1855,341,2196,4036,6232,-0.124856,0.52888,-0.839462,2
0,0,0,0,0,6569,1112,7681,13097,20778,-0.123923,0.528691,-0.839719,2
0,0,0,0,0,6529,1103,7632,12062,19694,-0.123592,0.528733,-0.839742,2
0,0,0,0,0,3176,600,3776,5783,9559,-0.123021,0.528347,-0.840068,2
0,0,0,0,0,2152,397,2549,4646,7195,-0.12326,0.527673,-0.840457,2
0,0,0,0,0,3186,581,3767,6972,10739,-0.124187,0.526551,-0.841024,2
0,0,0,0,0,6078,1124,7202,11550,18752,-0.123209,0.527599,-0.840511,2
0,0,0,0,0,3583,588,4171,6957,11128,-0.12206,0.528353,-0.840205,2
0,0,0,0,0,6212,1585,7797,12317,20114,-0.122498,0.528659,-0.839949,2
0,0,0,0,0,3259,606,3865,7022,10887,-0.12223,0.528658,-0.839989,2
0,0,0,0,0,6086,1136,7222,10974,18196,-0.121898,0.528617,-0.840062,2
0,0,0,0,0,3227,620,3847,7024,10871,-0.12217,0.528647,-0.840004,2
0,0,0,0,0,3262,556,3818,6677,10495,-0.122122,0.52888,-0.839865,2
0,0,0,0,0,6096,1124,7220,13200,20420,-0.122386,0.52885,-0.839845,2
0,0,0,0,0,6153,1140,7293,9424,16717,-0.122709,0.528267,-0.840164,2
0,0,0,0,0,2567,491,3058,5709,8767,-0.123373,0.5283,-0.840046,2
0,0,0,0,0,6161,1381,7542,12684,20226,-0.122607,0.528403,-0.840094,2
0,0,0,0,0,4219,772,4991,7812,12803,-0.122665,0.528342,-0.840124,2
0,0,0,0,0,3627,661,4288,8142,12430,-0.124476,0.528379,-0.839834,2
0,0,0,0,0,6010,1123,7133,12608,19741,-0.123388,0.529169,-0.839497,2
0,0,0,0,0,3443,583,4026,7063,11089,-0.12347,0.529696,-0.839153,2
0,0,0,0,0,6227,1168,7395,12080,19475,-0.122775,0.529963,-0.839086,2
0,0,0,0,0,3258,611,3869,7064,10933,-0.122598,0.530259,-0.838925,2
0,0,0,0,0,3849,727,4576,8586,13162,-0.122384,0.530896,-0.838553,2
0,0,0,0,0,3959,764,4723,8584,13307,-0.122359,0.531669,-0.838067,2
0,0,0,0,0,5020,1014,6034,10190,16224,-0.122342,0.533154,-0.837125,2
0,0,0,0,0,3727,664,4391,8319,12710,-0.121681,0.534609,-0.836293,2
0,0,0,0,0,3657,702,4359,7944,12303,-0.121441,0.534943,-0.836115,2
0,0,0,0,0,3693,662,4355,8302,12657,-0.11906,0.535402,-0.836164,2
0,0,0,0,0,6227,1105,7332,12958,20290,-0.115784,0.536771,-0.835746,2
0,0,0,0,0,3169,593,3762,7034,10796,-0.115438,0.537645,-0.835232,2
0,0,0,0,0,6014,1110,7124,13035,20159,-0.117681,0.539991,-0.833403,2
0,0,0,0,0,4167,818,4985,8340,13325,-0.118833,0.540739,-0.832755,2
0,0,0,0,0,6094,1112,7206,13033,20239,-0.122215,0.537912,-0.834095,2
0,0,0,0,0,4207,772,4979,9081,14060,-0.126475,0.53481,-0.835453,2
0,0,0,0,0,7031,1243,8274,11155,19429,-0.138357,0.530237,-0.836484,2
0,0,0,0,0,3207,594,3801,6702,10503,-0.148369,0.529003,-0.835549,2
0,0,0,0,0,6723,1162,7885,12670,20555,-0.154292,0.541808,-0.826219,2
0,0,0,0,0,2206,405,2611,4079,6690,-0.154521,0.548898,-0.821483,2
0,0,0,0,0,2305,410,2715,4526,7241,-0.153729,0.563395,-0.81176,2
0,0,0,0,0,7211,1160,8371,11940,20311,-0.159017,0.586044,-0.794522,2
0,0,0,0,0,4442,821,5263,8028,13291,-0.160063,0.594189,-0.788238,2
0,0,0,0,0,3255,590,3845,6359,10204,-0.16172,0.603705,-0.780633,2
0,0,0,0,0,6571,1421,7992,11945,19937,-0.162056,0.625539,-0.763177,2
0,0,0,0,0,4394,767,5161,8183,13344,-0.155891,0.635615,-0.756103,2
0,0,0,0,0,5737,892,6629,9497,16126,-0.13935,0.657235,-0.740691,2
0,0,0,0,0,3811,667,4478,6951,11429,-0.130145,0.669308,-0.731498,2
0,0,0,0,0,6420,1181,7601,9970,17571,-0.1131,0.695312,-0.709753,2
0,0,0,0,0,3372,569,3941,-1000,-1000,-1,-1,-1,2
0,0,0,0,0,3086,502,3588,923,4511,0.0089791,0.113579,-0.993488,2
0,0,0,0,0,6905,1089,7994,11180,19174,-0.0125339,0.163801,-0.986414,2
0,0,0,0,0,4506,786,5292,11522,16814,-0.0319991,0.17661,-0.983761,2
0,0,0,0,0,6607,1225,7832,11688,19520,-0.0426454,0.178133,-0.983082,2
0,0,0,0,0,2304,408,2712,7634,10346,-0.0523204,0.18197,-0.981911,2
0,0,0,0,0,3040,565,3605,9970,13575,-0.0588183,0.180141,-0.981881,2
0,0,0,0,0,7658,1173,8831,18289,27120,-0.0790125,0.193304,-0.977952,2
0,0,0,0,0,2718,481,3199,7835,11034,-0.0803882,0.188705,-0.978738,2
0,0,0,0,0,2338,416,2754,8431,11185,-0.0788812,0.190002,-0.97861,2
0,0,0,0,0,4685,831,5516,17020,22536,-0.0812544,0.214656,-0.973304,2
0,0,0,0,0,6340,1156,7496,15976,23472,-0.0804451,0.22396,-0.971273,2
0,0,0,0,0,2163,393,2556,7770,10326,-0.0738608,0.22356,-0.971888,2
0,0,0,0,0,2241,404,2645,8798,11443,-0.0754814,0.221791,-0.972168,2
0,0,0,0,0,6161,1092,7253,19653,26906,-0.0886685,0.290912,-0.952632,2
0,0,0,0,0,2480,446,2926,10634,13560,-0.0711096,0.299302,-0.951505,2
0,0,0,0,0,2061,365,2426,8872,11298,-0.0650188,0.298149,-0.952302,2
0,0,0,0,0,4996,904,5900,20588,26488,-0.067264,0.331014,-0.941225,2
0,0,0,0,0,2785,493,3278,11919,15197,-0.0677997,0.347282,-0.935307,2
0,0,0,0,0,2634,459,3093,11480,14573,-0.0766605,0.340222,-0.937215,2
0,0,0,0,0,2497,457,2954,11527,14481,-0.0856889,0.317239,-0.944467,2
0,0,0,0,0,4530,962,5492,20213,25705,-0.112365,0.329058,-0.937601,2
0,0,0,0,0,2549,471,3020,11578,14598,-0.105023,0.315149,-0.943213,2
0,0,0,0,0,5419,1001,6420,21516,27936,-0.103285,0.324203,-0.940332,2
0,0,0,0,0,2301,440,2741,10867,13608,-0.0950688,0.315441,-0.944171,2
0,0,0,0,0,2600,460,3060,12381,15441,-0.0885368,0.321627,-0.942718,2
0,0,0,0,0,3136,573,3709,14586,18295,-0.0784798,0.333061,-0.939634,2
0,0,0,0,0,3732,678,4410,17734,22144,-0.0666299,0.357687,-0.931461,2
0,0,0,0,0,2839,633,3472,13369,16841,-0.0649758,0.359156,-0.931013,2
0,0,0,0,0,2681,518,3199,13262,16461,-0.0660639,0.368245,-0.927379,2
0,0,0,0,0,3335,606,3941,15577,19518,-0.0680441,0.371458,-0.925953,2
0,0,0,0,0,2612,514,3126,12282,15408,-0.0645347,0.354205,-0.932938,2
0,0,0,0,0,3803,697,4500,17802,22302,-0.0649238,0.360796,-0.930382,2
0,0,0,0,0,2977,545,3522,13440,16962,-0.0729007,0.35671,-0.931366,2
0,0,0,0,0,2817,515,3332,12327,15659,-0.089605,0.355296,-0.930449,2
0,0,0,0,0,4234,748,4982,17119,22101,-0.107933,0.385138,-0.916526,2
0,0,0,0,0,3126,559,3685,12626,16311,-0.11619,0.411921,-0.903781,2
0,0,0,0,0,3067,577,3644,12515,16159,-0.111849,0.432146,-0.894841,2
0,0,0,0,0,5468,1028,6496,18114,24610,-0.104909,0.461089,-0.88113,2
0,0,0,0,0,2295,438,2733,9129,11862,-0.0997488,0.479471,-0.87187,2
0,0,0,0,0,3160,649,3809,12815,16624,-0.098137,0.499132,-0.860951,2
0,0,0,0,0,3173,626,3799,11630,15429,-0.100267,0.495379,-0.862871,2
0,0,0,0,0,3939,1076,5015,13438,18453,-0.097505,0.479672,-0.872013,2
0,0,0,0,0,2933,566,3499,8909,12408,-0.0940119,0.455436,-0.885291,2
0,0,0,0,0,4738,996,5734,12958,18692,-0.0916259,0.443148,-0.891754,2
0,0,0,0,0,3415,619,4034,7953,11987,-0.0842136,0.419163,-0.903997,2
0,0,0,0,0,5472,976,6448,10232,16680,-0.0700094,0.429785,-0.900213,2
0,0,0,0,0,3815,718,4533,6500,11033,-0.0667652,0.417003,-0.90645,2
0,0,0,0,0,4951,924,5875,7399,13274,-0.0600116,0.415238,-0.907731,2
0,0,0,0,0,3484,645,4129,4787,8916,-0.0501017,0.403512,-0.913601,2
0,0,0,0,0,4420,787,5207,5573,10780,-0.0421306,0.411599,-0.910391,2
0,0,0,0,0,4290,772,5062,6102,11164,-0.0245149,0.421767,-0.906373,2
0,0,0,0,0,5019,916,5935,8591,14526,0.00553256,0.40398,-0.914751,2
0,0,0,0,0,4858,870,5728,10919,16647,0.00630468,0.389265,-0.921104,2
0,0,0,0,0,3428,601,4029,9974,14003,-0.0162328,0.373567,-0.927461,2
0,0,0,0,0,4800,843,5643,16030,21673,-0.0347366,0.381767,-0.923606,2
0,0,0,0,0,3677,649,4326,12420,16746,-0.0465573,0.38316,-0.922508,2
0,0,0,0,0,3180,517,3697,11197,14894,-0.084504,0.440864,-0.893587,2
0,0,0,0,0,3733,670,4403,13802,18205,-0.108399,0.48856,-0.865771,2
0,0,0,0,0,4381,752,5133,15954,21087,-0.10913,0.511134,-0.852545,2
0,0,0,0,0,2810,482,3292,10208,13500,-0.100704,0.499512,-0.860434,2
0,0,0,0,0,7291,1148,8439,19620,28059,-0.0924257,0.586265,-0.80483,2
0,0,0,0,0,3025,499,3524,9326,12850,-0.0832538,0.540187,-0.837417,2
0,0,0,0,0,1959,327,2286,6235,8521,-0.0730195,0.457368,-0.886275,2
0,0,0,0,0,2227,373,2600,7520,10120,-0.0556318,0.453938,-0.889295,2
0,0,0,0,0,4429,763,5192,15179,20371,-0.0332319,0.470688,-0.881674,2
0,0,0,0,0,4388,769,5157,14224,19381,-0.011902,0.427705,-0.90384,2
0,0,0,0,0,2794,467,3261,10139,13400,0.00864032,0.372347,-0.928053,2
0,0,0,0,0,3128,531,3659,11504,15163,0.0209134,0.320929,-0.946872,2
0,0,0,0,0,4389,732,5121,16168,21289,0.0119132,0.318803,-0.947746,2
0,0,0,0,0,1429,324,1753,5500,7253,0.00835734,0.317114,-0.948351,2
0,0,0,0,0,2445,443,2888,9701,12589,0.0146156,0.306345,-0.951808,2
0,0,0,0,0,6507,1140,7647,18001,25648,0.0273502,0.298306,-0.954078,2
0,0,0,0,0,6409,1105,7514,20663,28177,0.00975493,0.303006,-0.952939,2
0,0,0,0,0,2329,412,2741,7819,10560,0.0167622,0.23227,-0.972507,2
0,0,0,0,0,1710,291,2001,5741,7742,0.0320801,0.168352,-0.985205,2
0,0,0,0,0,1765,318,2083,6603,8686,0.0210132,0.16158,-0.986636,2
0,0,0,0,0,3301,591,3892,12384,16276,0.00614641,0.173077,-0.984889,2
0,0,0,0,0,5141,876,6017,17579,23596,-0.00466865,0.204331,-0.978891,2
0,0,0,0,0,2940,533,3473,10807,14280,0.00206576,0.224071,-0.974571,2
0,0,0,0,0,3339,578,3917,11967,15884,0.00640999,0.251662,-0.967794,2
0,0,0,0,0,4060,708,4768,13622,18390,0.0130246,0.260596,-0.96536,2
0,0,0,0,0,3170,545,3715,10594,14309,0.0147742,0.277995,-0.960469,2
0,0,0,0,0,4690,828,5518,14256,19774,-0.000952495,0.310008,-0.950733,2
0,0,0,0,0,2788,513,3301,8015,11316,-0.00944521,0.292361,-0.956262,2
0,0,0,0,0,5228,931,6159,12278,18437,-0.004741,0.264979,-0.964243,2
0,0,0,0,0,5818,1047,6865,8911,15776,-0.0137727,0.248992,-0.968408,2
0,0,0,0,0,2521,483,3004,4567,7571,-0.010564,0.211538,-0.977313,2
0,0,0,0,0,5567,1080,6647,8174,14821,-0.0294402,0.205554,-0.978203,2
0,0,0,0,0,5819,1044,6863,5651,12514,-0.0436408,0.191276,-0.980566,2
0,0,0,0,0,3739,710,4449,3235,7684,-0.0501592,0.174188,-0.983434,2
0,0,0,0,0,5770,1140,6910,3655,10565,-0.0522686,0.168354,-0.98434,2
0,0,0,0,0,5221,979,6200,1980,8180,-0.0545699,0.163899,-0.984967,2
0,0,0,0,0,6393,1042,7435,937,8372,-0.198938,0.205316,-0.958263,2
0,0,0,0,0,5780,1092,6872,6820,13692,-0.203046,0.388516,-0.898792,2
0,0,0,0,0,6189,1111,7300,11183,18483,-0.171054,0.486868,-0.856563,2
0,0,0,0,0,4190,755,4945,8505,13450,-0.146002,0.531033,-0.834678,2
0,0,0,0,0,4000,708,4708,8603,13311,-0.125775,0.546059,-0.828251,2
0,0,0,0,0,7229,1118,8347,12479,20826,-0.116813,0.507992,-0.853404,2
0,0,0,0,0,3446,603,4049,10568,14617,-0.0973705,0.422896,-0.900931,2
0,0,0,0,0,2704,470,3174,9239,12413,-0.0983251,0.448935,-0.888138,2
0,0,0,0,0,4679,827,5506,15567,21073,-0.0898035,0.454484,-0.886217,2
0,0,0,0,0,6883,1190,8073,20298,28371,-0.103933,0.499724,-0.859926,2
0,0,0,0,0,2861,497,3358,8176,11534,-0.0911225,0.4258,-0.900217,2
0,0,0,0,0,1582,279,1861,5563,7424,-0.0818853,0.376125,-0.922943,2
0,0,0,0,0,6528,1138,7666,17000,24666,-0.087258,0.389006,-0.917093,2
0,0,0,0,0,6304,1134,7438,19269,26707,-0.103918,0.433176,-0.895298,2
0,0,0,0,0,2514,417,2931,8353,11284,-0.102347,0.461747,-0.881087,2
0,0,0,0,0,3517,584,4101,10633,14734,-0.0863063,0.459914,-0.883759,2
0,0,0,0,0,1708,305,2013,7080,9093,-0.0575909,0.389696,-0.919141,2
0,0,0,0,0,2687,474,3161,11164,14325,-0.0464597,0.327465,-0.943721,2
0,0,0,0,0,3681,653,4334,15329,19663,-0.052234,0.320541,-0.945794,2
0,0,0,0,0,2840,505,3345,12277,15622,-0.0589212,0.336388,-0.939878,2
0,0,0,0,0,5892,1059,6951,20736,27687,-0.0701598,0.36782,-0.927246,2
0,0,0,0,0,2440,443,2883,10659,13542,-0.0781273,0.356476,-0.931032,2
0,0,0,0,0,1963,350,2313,8956,11269,-0.0908481,0.356273,-0.929955,2
0,0,0,0,0,4582,834,5416,20722,26138,-0.0967601,0.386457,-0.917218,2
0,0,0,0,0,3342,622,3964,14526,18490,-0.090318,0.391972,-0.915533,2
0,0,0,0,0,2155,387,2542,10139,12681,-0.0875748,0.376855,-0.922123,2
0,0,0,0,0,4479,834,5313,20716,26029,-0.0870916,0.384981,-0.918806,2
0,0,0,0,0,2605,496,3101,12145,15246,-0.0964562,0.372711,-0.922921,2
0,0,0,0,0,3538,649,4187,16369,20556,-0.126081,0.35862,-0.92493,2
0,0,0,0,0,4490,825,5315,18250,23565,-0.149605,0.380184,-0.912732,2
0,0,0,0,0,5407,1015,6422,15883,22305,-0.175222,0.436325,-0.882563,2
0,0,0,0,0,2325,422,2747,9529,12276,-0.182818,0.444167,-0.877094,2
0,0,0,0,0,3243,618,3861,12966,16827,-0.188867,0.455412,-0.870017,2
0,0,0,0,0,5441,1010,6451,18341,24792,-0.196025,0.473729,-0.858577,2
0,0,0,0,0,2315,433,2748,8783,11531,-0.194967,0.477374,-0.856797,2
0,0,0,0,0,3996,759,4755,14803,19558,-0.194875,0.505888,-0.840298,2
0,0,0,0,0,4003,801,4804,13558,18362,-0.187791,0.521834,-0.83212,2
0,0,0,0,0,3044,574,3618,10194,13812,-0.176649,0.545432,-0.819329,2
0,0,0,0,0,4890,934,5824,13546,19370,-0.167118,0.552009,-0.81692,2
0,0,0,0,0,2754,511,3265,7441,10706,-0.156536,0.526982,-0.835336,2
0,0,0,0,0,5551,1051,6602,11602,18204,-0.156822,0.533944,-0.830849,2
0,0,0,0,0,3826,692,4518,6528,11046,-0.136466,0.502564,-0.853702,2
0,0,0,0,0,5560,973,6533,6832,13365,-0.109906,0.503985,-0.856691,2
0,0,0,0,0,5566,949,6515,5254,11769,-0.0855525,0.495824,-0.864199,2
0,0,0,0,0,3731,618,4349,3265,7614,-0.0635516,0.518851,-0.852499,2
0,0,0,0,0,5356,880,6236,5842,12078,0.0250019,0.506313,-0.861987,2
0,0,0,0,0,5254,950,6204,10923,17127,0.114153,0.461675,-0.879674,2
0,0,0,0,0,3683,663,4346,11497,15843,0.16732,0.389404,-0.905742,2
0,0,0,0,0,5485,963,6448,15624,22072,0.180875,0.352599,-0.918128,2
0,0,0,0,0,2392,415,2807,9164,11971,0.162318,0.342539,-0.925375,2
0,0,0,0,0,5921,1019,6940,18496,25436,0.129612,0.386304,-0.91322,2
0,0,0,0,0,2590,450,3040,9171,12211,0.0845039,0.42348,-0.901956,2
0,0,0,0,0,3538,607,4145,12599,16744,0.0346493,0.503915,-0.863058,2
0,0,0,0,0,4477,790,5267,15143,20410,-0.0097008,0.579213,-0.815118,2
0,0,0,0,0,2766,475,3241,9790,13031,-0.0407227,0.617697,-0.785361,2
0,0,0,0,0,3745,622,4367,13061,17428,-0.0677838,0.660481,-0.747777,2
0,0,0,0,0,4583,804,5387,15533,20920,-0.0813001,0.667991,-0.739715,2
0,0,0,0,0,2892,508,3400,10091,13491,-0.0898215,0.65846,-0.747237,2
0,0,0,0,0,5055,877,5932,17437,23369,-0.100658,0.656588,-0.747502,2
0,0,0,0,0,3099,519,3618,10530,14148,-0.103477,0.629857,-0.769787,2
0,0,0,0,0,7964,1434,9398,18768,28166,-0.105433,0.662343,-0.741745,2
0,0,0,0,0,2688,444,3132,7981,11113,-0.0884802,0.571186,-0.816038,2
0,0,0,0,0,1590,269,1859,5483,7342,-0.0686973,0.49169,-0.868056,2
0,0,0,0,0,1744,308,2052,6084,8136,-0.0561118,0.459895,-0.886199,2
0,0,0,0,0,7164,1248,8412,15683,24095,-0.0451112,0.455008,-0.889344,2
0,0,0,0,0,2531,424,2955,8357,11312,-0.029842,0.403732,-0.91439,2
0,0,0,0,0,2256,427,2683,8420,11103,-0.0293414,0.394695,-0.918343,2
0,0,0,0,0,4073,689,4762,15303,20065,-0.0310175,0.401161,-0.915482,2
0,0,0,0,0,3183,629,3812,14109,17921,-0.0281083,0.417452,-0.908264,2
0,0,0,0,0,5776,1019,6795,18342,25137,-0.0360445,0.430307,-0.901963,2
0,0,0,0,0,2678,446,3124,10271,13395,-0.0336476,0.416042,-0.908722,2
0,0,0,0,0,2616,429,3045,9510,12555,-0.0164367,0.365604,-0.930625,2
0,0,0,0,0,4155,699,4854,15311,20165,0.00732251,0.352471,-0.935794,2
0,0,0,0,0,3148,553,3701,11186,14887,0.0110136,0.31649,-0.948532,2
0,0,0,0,0,6378,1112,7490,15824,23314,0.0196825,0.33774,-0.941034,2
0,0,0,0,0,2360,404,2764,7496,10260,0.0185335,0.300702,-0.953538,2
0,0,0,0,0,2825,498,3323,9009,12332,-0.0191698,0.352716,-0.935534,2
0,0,0,0,0,5309,941,6250,13924,20174,-0.0714972,0.373208,-0.924988,2
0,0,0,0,0,3004,544,3548,6779,10327,-0.111173,0.357962,-0.927094,2
0,0,0,0,0,6399,1156,7555,10456,18011,-0.18268,0.364901,-0.912949,2
0,0,0,0,0,4476,840,5316,6595,11911,-0.175595,0.387145,-0.905144,2
0,0,0,0,0,7070,1169,8239,6475,14714,-0.152962,0.442193,-0.883781,2
0,0,0,0,0,2628,479,3107,4055,7162,-0.128552,0.484592,-0.865243,2
0,0,0,0,0,6192,1175,7367,10447,17814,-0.117645,0.569201,-0.813739,2
0,0,0,0,0,4435,764,5199,7273,12472,-0.12661,0.627996,-0.767848,2
0,0,0,0,0,6802,1105,7907,10214,18121,-0.147107,0.679024,-0.719226,2
0,0,0,0,0,3472,573,4045,6917,10962,-0.149898,0.680845,-0.716925,2
0,0,0,0,0,5429,911,6340,11589,17929,-0.12662,0.6642,-0.736753,2
0,0,0,0,0,3917,680,4597,11550,16147,-0.0792463,0.547702,-0.832912,2
0,0,0,0,0,3750,707,4457,13841,18298,-0.076232,0.518677,-0.851565,2
0,0,0,0,0,4652,921,5573,16127,21700,-0.0884147,0.476929,-0.874484,2
0,0,0,0,0,2779,493,3272,10888,14160,-0.0899745,0.429031,-0.898797,2
0,0,0,0,0,6514,1144,7658,18376,26034,-0.095766,0.442036,-0.891871,2
0,0,0,0,0,2209,393,2602,8663,11265,-0.0902039,0.397617,-0.913107,2
0,0,0,0,0,2325,460,2785,11027,13812,-0.0795797,0.405835,-0.910475,2
0,0,0,0,0,5934,1070,7004,20448,27452,-0.0633461,0.442005,-0.894773,2
0,0,0,0,0,2457,442,2899,9826,12725,-0.0671905,0.411775,-0.908805,2
0,0,0,0,0,2189,412,2601,10250,12851,-0.0548696,0.42268,-0.904616,2
0,0,0,0,0,5529,1048,6577,21945,28522,-0.0534361,0.44779,-0.892541,2
0,0,0,0,0,2333,440,2773,10395,13168,-0.0589537,0.408712,-0.910757,2
0,0,0,0,0,2476,462,2938,12114,15052,-0.068677,0.428394,-0.900979,2
0,0,0,0,0,5444,1039,6483,25094,31577,-0.0968954,0.471178,-0.8767,2
0,0,0,0,0,2876,455,3331,10057,13388,-0.104979,0.376417,-0.920483,2
0,0,0,0,0,1484,270,1754,6258,8012,-0.120478,0.282997,-0.951524,2
0,0,0,0,0,5530,1030,6560,21887,28447,-0.144091,0.286966,-0.947042,2
0,0,0,0,0,2994,528,3522,11012,14534,-0.152478,0.25983,-0.95354,2
0,0,0,0,0,6298,1066,7364,17351,24715,-0.157383,0.269213,-0.950134,2
0,0,0,0,0,2432,424,2856,8561,11417,-0.160045,0.300135,-0.940375,2
0,0,0,0,0,2920,486,3406,9235,12641,-0.15531,0.369204,-0.916279,2
0,0,0,0,0,5099,908,6007,16136,22143,-0.165173,0.505807,-0.846686,2
0,0,0,0,0,2838,513,3351,9848,13199,-0.173323,0.569438,-0.803554,2
0,0,0,0,0,2833,526,3359,10035,13394,-0.171549,0.603149,-0.778962,2
0,0,0,0,0,4363,801,5164,13945,19109,-0.162622,0.612329,-0.773697,2
0,0,0,0,0,6157,1096,7253,12969,20222,-0.151046,0.621859,-0.768425,2
0,0,0,0,0,2733,469,3202,8457,11659,-0.136603,0.628032,-0.766104,2
0,0,0,0,0,3881,700,4581,10169,14750,-0.118581,0.632406,-0.765508,2
0,0,0,0,0,6469,1119,7588,12333,19921,-0.091172,0.635869,-0.766393,2
0,0,0,0,0,2742,473,3215,5634,8849,-0.0671169,0.617117,-0.784004,2
0,0,0,0,0,6435,1072,7507,10854,18361,-0.0504347,0.624461,-0.779426,2
0,0,0,0,0,4341,731,5072,5730,10802,-0.0517213,0.590227,-0.805578,2
0,0,0,0,0,6040,966,7006,5690,12696,-0.0735811,0.573026,-0.816227,2
0,0,0,0,0,6002,971,6973,3404,10377,-0.0709653,0.595456,-0.800247,2
0,0,0,0,0,5862,921,6783,3731,10514,-0.0484041,0.618711,-0.784126,2
0,0,0,0,0,5983,910,6893,5588,12481,-0.0497079,0.6623,-0.747588,2
0,0,0,0,0,5907,905,6812,-1000,-1000,-1,-1,-1,2
0,0,0,0,0,5993,1138,7131,13873,21004,-0.117496,0.419264,-0.900229,2
0,0,0,0,0,6391,1033,7424,16497,23921,-0.139887,0.529906,-0.83644,2
0,0,0,0,0,2796,441,3237,7047,10284,-0.15275,0.548919,-0.8218,2
0,0,0,0,0,1740,288,2028,4885,6913,-0.156316,0.565927,-0.809501,2
0,0,0,0,0,2049,346,2395,6154,8549,-0.166288,0.598239,-0.783874,2
0,0,0,0,0,5988,972,6960,17565,24525,-0.193313,0.63507,-0.747875,2
0,0,0,0,0,3587,677,4264,10023,14287,-0.192147,0.658579,-0.727566,2
0,0,0,0,0,6121,1017,7138,-1000,-1000,-1,-1,-1,2
0,0,0,0,0,2821,485,3306,10402,13708,-0.13562,0.45893,-0.878061,2
0,0,0,0,0,3235,571,3806,11663,15469,-0.15827,0.557839,-0.814718,2
0,0,0,0,0,7644,1280,8924,20924,29848,-0.168876,0.666655,-0.725983,2
0,0,0,0,0,3015,452,3467,8340,11807,-0.131252,0.569304,-0.811582,2
0,0,0,0,0,1914,323,2237,6183,8420,-0.0968317,0.445303,-0.890129,2
0,0,0,0,0,7998,1136,9134,15358,24492,-0.0614872,0.373481,-0.925598,2
0,0,0,0,0,2384,413,2797,8881,11678,-0.0205076,0.185482,-0.982434,2
0,0,0,0,0,2934,532,3466,11253,14719,0.00675213,0.102924,-0.994666,2
0,0,0,0,0,4253,726,4979,15777,20756,-0.000139731,0.133085,-0.991105,2
0,0,0,0,0,3201,549,3750,11841,15591,-0.0115475,0.152082,-0.9883,2
0,0,0,0,0,6409,1100,7509,18855,26364,-0.0221222,0.207285,-0.97803,2
0,0,0,0,0,2560,439,2999,9593,12592,-0.0262552,0.207573,-0.977867,2
0,0,0,0,0,2796,486,3282,10495,13777,-0.0291582,0.236679,-0.97115,2
0,0,0,0,0,6044,1007,7051,18335,25386,-0.0266834,0.278953,-0.959934,2
0,0,0,0,0,5562,711,6273,11679,17952,-0.0104615,0.286322,-0.958076,2
0,0,0,0,0,6030,988,7018,15186,22204,0.0159308,0.301302,-0.953395,2
0,0,0,0,0,2567,456,3023,8751,11774,0.0118079,0.320446,-0.947193,2
0,0,0,0,0,2820,517,3337,8728,12065,-0.0234133,0.350527,-0.93626,2
0,0,0,0,0,6450,1230,7680,14439,22119,-0.0407806,0.367404,-0.929167,2
0,0,0,0,0,2622,503,3125,6563,9688,-0.0328348,0.344831,-0.93809,2
0,0,0,0,0,4520,827,5347,10221,15568,-0.0361492,0.350395,-0.935904,2
0,0,0,0,0,6568,1209,7777,11409,19186,-0.0218639,0.382623,-0.923646,2
0,0,0,0,0,3396,611,4007,6470,10477,-0.017557,0.42869,-0.903281,2
0,0,0,0,0,6451,1178,7629,10926,18555,-0.0350704,0.569036,-0.821564,2
0,0,0,0,0,4029,587,4616,5427,10043,-0.0470889,0.628549,-0.776343,2
0,0,0,0,0,1618,271,1889,3125,5014,-0.0649837,0.671723,-0.737947,2
0,0,0,0,0,2010,342,2352,-1000,-1000,-1,-1,-1,2
0,0,0,0,0,6796,1076,7872,9477,17349,-0.0751876,0.373532,-0.924565,2
0,0,0,0,0,3500,630,4130,12818,16948,-0.0733747,0.345458,-0.935561,2
0,0,0,0,0,3306,605,3911,12553,16464,-0.0570471,0.334029,-0.940835,2
0,0,0,0,0,4996,912,5908,17663,23571,-0.0494337,0.351129,-0.935021,2
0,0,0,0,0,2886,513,3399,11563,14962,-0.0519597,0.33993,-0.939014,2
0,0,0,0,0,2827,553,3380,11146,14526,-0.0533875,0.336798,-0.940062,2
0,0,0,0,0,6238,1111,7349,21230,28579,-0.0619654,0.403752,-0.912767,2
0,0,0,0,0,5441,998,6439,19584,26023,-0.0931054,0.485682,-0.869163,2
0,0,0,0,0,2426,443,2869,8649,11518,-0.0808325,0.438255,-0.895209,2
0,0,0,0,0,1355,224,1579,6032,7611,-0.0717609,0.388861,-0.918497,2
0,0,0,0,0,4539,820,5359,18386,23745,-0.0854777,0.413037,-0.906694,2
0,0,0,0,0,2185,388,2573,10599,13172,-0.0797029,0.337266,-0.938029,2
0,0,0,0,0,2463,447,2910,12008,14918,-0.0739373,0.228052,-0.970838,2
0,0,0,0,0,4512,807,5319,20020,25339,-0.0977049,0.0700522,-0.992747,2
0,0,0,0,0,2573,461,3034,10990,14024,-0.10981,0.0475275,-0.992816,2
0,0,0,0,0,3064,545,3609,12049,15658,-0.124003,0.0845723,-0.988671,2
0,0,0,0,0,5023,872,5895,16981,22876,-0.124847,0.147908,-0.98109,2
0,0,0,0,0,2730,478,3208,10173,13381,-0.111203,0.170827,-0.979006,2
0,0,0,0,0,4125,782,4907,14613,19520,-0.106662,0.259258,-0.9599,2
0,0,0,0,0,3143,549,3692,10843,14535,-0.0955694,0.349093,-0.932202,2
0,0,0,0,0,3925,704,4629,13352,17981,-0.0629417,0.44135,-0.895125,2
0,0,0,0,0,4794,832,5626,15255,20881,-0.0397539,0.544732,-0.837667,2
0,0,0,0,0,3490,632,4122,11258,15380,-0.0112296,0.584487,-0.811325,2
0,0,0,0,0,2934,505,3439,8686,12125,0.000562542,0.61465,-0.7888,2
0,0,0,0,0,5980,1057,7037,12828,19865,-0.0135754,0.620477,-0.784107,2
0,0,0,0,0,3288,532,3820,5388,9208,-0.046617,0.554282,-0.831023,2
0,0,0,0,0,6177,923,7100,5471,12571,-0.111348,0.535797,-0.836973,2
0,0,0,0,0,5520,895,6415,2239,8654,-0.161101,0.501694,-0.849912,2
0,0,0,0,0,5792,848,6640,2607,9247,-0.185516,0.588081,-0.787239,2
0,0,0,0,0,6300,856,7156,2102,9258,-0.209562,0.66716,-0.71483,2
0,0,0,0,0,6317,995,7312,-1000,-1000,-1,-1,-1,2
0,0,0,0,0,6727,1118,7845,14745,22590,-0.133525,0.399375,-0.907012,2
0,0,0,0,0,2230,380,2610,6819,9429,-0.154063,0.465699,-0.871429,2
0,0,0,0,0,4297,692,4989,12695,17684,-0.181613,0.571729,-0.800089,2
0,0,0,0,0,6468,1037,7505,15011,22516,-0.18163,0.646271,-0.741177,2
0,0,0,0,0,2862,474,3336,8624,11960,-0.170838,0.652119,-0.738617,2
0,0,0,0,0,7008,1106,8114,-1000,-1000,-1,-1,-1,2
0,0,0,0,0,3316,524,3840,9000,12840,-0.0857585,0.39014,-0.916753,2
0,0,0,0,0,2174,369,2543,7488,10031,-0.10027,0.544472,-0.832764,2
0,0,0,0,0,3597,571,4168,11906,16074,-0.0759258,0.48833,-0.86935,2
0,0,0,0,0,5228,843,6071,16446,22517,-0.0691747,0.440879,-0.894897,2
0,0,0,0,0,2907,486,3393,10769,14162,-0.0453328,0.337544,-0.940218,2
0,0,0,0,0,2767,464,3231,10241,13472,-0.0128548,0.259228,-0.965731,2
0,0,0,0,0,6030,1002,7032,21341,28373,-0.00388037,0.205899,-0.978566,2
0,0,0,0,0,3262,556,3818,11090,14908,0.00745807,0.156217,-0.987695,2
0,0,0,0,0,2257,400,2657,8716,11373,0.00854999,0.139148,-0.990235,2
0,0,0,0,0,4180,726,4906,15963,20869,0.00493269,0.154388,-0.987998,2
0,0,0,0,0,4145,723,4868,15683,20551,0.0159816,0.146654,-0.989059,2
0,0,0,0,0,5298,919,6217,19647,25864,0.0498589,0.0571399,-0.99712,2
0,0,0,0,0,4403,677,5080,11754,16834,0.0643831,0.0448965,-0.996915,2
0,0,0,0,0,2359,413,2772,8420,11192,0.0679482,0.11363,-0.991197,2
0,0,0,0,0,6696,1127,7823,17592,25415,0.0533906,0.190131,-0.980306,2
0,0,0,0,0,2534,445,2979,9050,12029,0.0234582,0.224772,-0.974129,2
0,0,0,0,0,2745,505,3250,9537,12787,0.00245822,0.275053,-0.961426,2
0,0,0,0,0,4094,772,4866,12188,17054,-0.0105986,0.323683,-0.946106,2
0,0,0,0,0,4116,750,4866,8765,13631,-0.00759796,0.346446,-0.938039,2
0,0,0,0,0,4238,779,5017,6900,11917,-0.00919499,0.340401,-0.940236,2
0,0,0,0,0,4531,1015,5546,6459,12005,-0.0214558,0.368452,-0.929399,2
0,0,0,0,0,7260,1191,8451,8747,17198,-0.0392641,0.478004,-0.87748,2
0,0,0,0,0,3299,592,3891,5135,9026,-0.0431188,0.523381,-0.851007,2
0,0,0,0,0,5715,885,6600,7639,14239,-0.056395,0.598508,-0.799129,2
0,0,0,0,0,4927,847,5774,7299,13073,-0.0622006,0.667723,-0.741806,2
0,0,0,0,0,3734,610,4344,-1000,-1000,-1,-1,-1,2
0,0,0,0,0,4623,766,5389,12852,18241,-0.0437853,0.222117,-0.974036,2
0,0,0,0,0,3402,604,4006,13361,17367,-0.0427332,0.235188,-0.97101,2
0,0,0,0,0,3204,569,3773,12826,16599,-0.03949,0.262497,-0.964124,2
0,0,0,0,0,4720,855,5575,17723,23298,-0.037314,0.335928,-0.941148,2
0,0,0,0,0,2709,502,3211,11842,15053,-0.0332397,0.327894,-0.94413,2
0,0,0,0,0,6863,1114,7977,17923,25900,-0.0124443,0.473536,-0.880687,2
0,0,0,0,0,1998,362,2360,9615,11975,-0.0232388,0.407541,-0.912891,2
0,0,0,0,0,1681,305,1986,7269,9255,-0.0319009,0.330464,-0.943279,2
0,0,0,0,0,1714,325,2039,8662,10701,-0.0321657,0.327252,-0.944389,2
0,0,0,0,0,4806,900,5706,23088,28794,-0.0242527,0.362763,-0.931566,2
0,0,0,0,0,2702,488,3190,12695,15885,-0.029335,0.340078,-0.93994,2
0,0,0,0,0,2133,385,2518,10591,13109,-0.0296668,0.34108,-0.939566,2
0,0,0,0,0,4289,803,5092,21830,26922,-0.036429,0.370431,-0.928145,2
0,0,0,0,0,3221,590,3811,14915,18726,-0.050618,0.402388,-0.914069,2
0,0,0,0,0,2329,402,2731,10107,12838,-0.0764144,0.403484,-0.91179,2
0,0,0,0,0,4493,862,5355,19143,24498,-0.112676,0.367281,-0.92326,2
0,0,0,0,0,3239,585,3824,13522,17346,-0.113533,0.328512,-0.937652,2
0,0,0,0,0,3026,549,3575,12823,16398,-0.110676,0.315409,-0.94248,2
0,0,0,0,0,3739,672,4411,15041,19452,-0.105922,0.311043,-0.944475,2
0,0,0,0,0,3890,676,4566,13147,17713,-0.0999001,0.316583,-0.943289,2
0,0,0,0,0,4350,786,5136,15360,20496,-0.0988772,0.318499,-0.942752,2
0,0,0,0,0,3245,575,3820,10647,14467,-0.096267,0.307572,-0.946643,2
0,0,0,0,0,5404,972,6376,15581,21957,-0.0952062,0.298582,-0.949623,2
0,0,0,0,0,2957,503,3460,8459,11919,-0.0885159,0.277913,-0.956519,2
0,0,0,0,0,5355,1008,6363,15077,21440,-0.0787296,0.26507,-0.96101,2
0,0,0,0,0,5357,954,6311,12922,19233,-0.0734179,0.256105,-0.963857,2
0,0,0,0,0,2811,505,3316,7519,10835,-0.0741261,0.251032,-0.965136,2
0,0,0,0,0,5327,947,6274,14041,20315,-0.0784337,0.250566,-0.964917,2
0,0,0,0,0,5413,1010,6423,13214,19637,-0.0828516,0.251913,-0.964197,2
0,0,0,0,0,5357,975,6332,14307,20639,-0.080403,0.256171,-0.963282,2
0,0,0,0,0,3673,647,4320,8322,12642,-0.0767352,0.256449,-0.963507,2
0,0,0,0,0,1922,353,2275,4415,6690,-0.0747699,0.258328,-0.963159,2
0,0,0,0,0,1997,354,2351,6087,8438,-0.0763266,0.260367,-0.962488,2
0,0,0,0,0,5363,1070,6433,14009,20442,-0.0816064,0.260816,-0.961933,2
0,0,0,0,0,6265,970,7235,12493,19728,-0.0842497,0.2586,-0.962304,2
0,0,0,0,0,2828,505,3333,6468,9801,-0.0837938,0.252909,-0.963854,2
0,0,0,0,0,3027,536,3563,7828,11391,-0.0838472,0.248193,-0.965075,2
0,0,0,0,0,5558,1103,6661,12522,19183,-0.086243,0.250947,-0.964151,2
0,0,0,0,0,5057,850,5907,11179,17086,-0.0882433,0.252656,-0.963524,2
0,0,0,0,0,2724,497,3221,5467,8688,-0.0868136,0.25374,-0.963369,2
0,0,0,0,0,1581,282,1863,4070,5933,-0.0859785,0.253285,-0.963563,2
0,0,0,0,0,5604,1021,6625,13948,20573,-0.0849513,0.252845,-0.96377,2
0,0,0,0,0,5579,1053,6632,10337,16969,-0.081451,0.253043,-0.96402,2
0,0,0,0,0,2290,405,2695,5784,8479,-0.0818927,0.25379,-0.963786,2
0,0,0,0,0,5843,975,6818,13716,20534,-0.0825528,0.254981,-0.963416,2
0,0,0,0,0,5375,915,6290,11233,17523,-0.0834693,0.253787,-0.963652,2
0,0,0,0,0,3426,619,4045,8560,12605,-0.0831839,0.252202,-0.964093,2
0,0,0,0,0,4983,865,5848,11993,17841,-0.0814171,0.252881,-0.964066,2
0,0,0,0,0,4882,879,5761,11861,17622,-0.0806531,0.256883,-0.963071,2
0,0,0,0,0,4891,825,5716,11077,16793,-0.0801308,0.260538,-0.962133,2
0,0,0,0,0,4413,774,5187,11014,16201,-0.0802452,0.259463,-0.962413,2
0,0,0,0,0,5509,957,6466,13127,19593,-0.0808862,0.258868,-0.96252,2
0,0,0,0,0,3716,654,4370,9310,13680,-0.0805348,0.259555,-0.962365,2
0,0,0,0,0,5506,984,6490,13246,19736,-0.0793054,0.261219,-0.962016,2
0,0,0,0,0,3458,622,4080,8556,12636,-0.0794645,0.260929,-0.962082,2
0,0,0,0,0,5441,946,6387,13383,19770,-0.0770575,0.264347,-0.961344,2
0,0,0,0,0,3747,653,4400,9051,13451,-0.0770087,0.266463,-0.960764,2
0,0,0,0,0,5951,968,6919,13322,20241,-0.0780127,0.265772,-0.960874,2
0,0,0,0,0,3678,627,4305,8427,12732,-0.0770711,0.26543,-0.961045,2
0,0,0,0,0,5386,980,6366,12664,19030,-0.075609,0.265781,-0.961064,2
0,0,0,0,0,4815,847,5662,11633,17295,-0.0766198,0.266096,-0.960897,2
0,0,0,0,0,5419,958,6377,12501,18878,-0.0764752,0.266232,-0.96087,2
0,0,0,0,0,3710,655,4365,8897,13262,-0.0757055,0.266892,-0.960748,2
0,0,0,0,0,5432,977,6409,12053,18462,-0.0761575,0.267298,-0.9606,2
0,0,0,0,0,3723,662,4385,8977,13362,-0.0741509,0.267858,-0.960601,2
0,0,0,0,0,5457,952,6409,12494,18903,-0.075169,0.267515,-0.960617,2
0,0,0,0,0,4905,897,5802,11471,17273,-0.0759334,0.266811,-0.960753,2
0,0,0,0,0,4999,855,5854,11462,17316,-0.0759083,0.264714,-0.961335,2
0,0,0,0,0,4428,787,5215,10342,15557,-0.0749122,0.263645,-0.961706,2
0,0,0,0,0,5438,966,6404,12743,19147,-0.0749578,0.264063,-0.961588,2
0,0,0,0,0,3774,593,4367,6275,10642,-0.0756672,0.264964,-0.961285,2
0,0,0,0,0,1984,345,2329,4488,6817,-0.0761862,0.264415,-0.961395,2
0,0,0,0,0,5498,954,6452,12587,19039,-0.0765554,0.263929,-0.961499,2
0,0,0,0,0,5522,986,6508,10527,17035,-0.0763327,0.263658,-0.961591,2
0,0,0,0,0,2873,500,3373,6685,10058,-0.0766983,0.262998,-0.961743,2
0,0,0,0,0,5541,971,6512,12668,19180,-0.0771946,0.264083,-0.961406,2
0,0,0,0,0,5378,946,6324,11001,17325,-0.0769945,0.263908,-0.96147,2
0,0,0,0,0,2836,509,3345,6705,10050,-0.0760263,0.266384,-0.960864,2
0,0,0,0,0,5494,955,6449,11998,18447,-0.076135,0.267145,-0.960644,2
0,0,0,0,0,4278,662,4940,8728,13668,-0.0768339,0.267699,-0.960434,2
0,0,0,0,0,4953,856,5809,11348,17157,-0.0771624,0.266073,-0.960859,2
0,0,0,0,0,5068,858,5926,10558,16484,-0.0763201,0.267828,-0.960439,2
0,0,0,0,0,4980,779,5759,10236,15995,-0.0755555,0.270435,-0.959769,2
0,0,0,0,0,4427,797,5224,10182,15406,-0.0743829,0.272751,-0.959205,2
0,0,0,0,0,5697,962,6659,12572,19231,-0.0740513,0.273738,-0.95895,2
0,0,0,0,0,3764,719,4483,8598,13081,-0.072169,0.275425,-0.95861,2
0,0,0,0,0,4999,857,5856,11263,17119,-0.0707004,0.277604,-0.958091,2
0,0,0,0,0,4454,782,5236,10161,15397,-0.0688277,0.281933,-0.956962,2
0,0,0,0,0,4507,798,5305,10310,15615,-0.0671406,0.28341,-0.956646,2
0,0,0,0,0,5663,1001,6664,12569,19233,-0.0649536,0.287348,-0.955621,2
0,0,0,0,0,3774,656,4430,8878,13308,-0.0606748,0.291093,-0.954769,2
0,0,0,0,0,5571,964,6535,12366,18901,-0.057037,0.29431,-0.954006,2
0,0,0,0,0,3467,614,4081,8504,12585,-0.0525305,0.297197,-0.95337,3
0,0,0,0,0,5657,1012,6669,13511,20180,-0.04741,0.301399,-0.952319,3
0,0,0,0,0,3884,683,4567,10239,14806,-0.0424779,0.306742,-0.950845,3
0,0,0,0,0,4465,854,5319,11301,16620,-0.0341832,0.314282,-0.948714,3
0,0,0,0,0,4566,815,5381,11611,16992,-0.0242781,0.321658,-0.946545,3
0,0,0,0,0,3306,607,3913,8916,12829,-0.0139575,0.328716,-0.944326,3
0,0,0,0,0,4246,731,4977,11564,16541,-0.00596172,0.333221,-0.94283,3
0,0,0,0,0,4448,688,5136,10886,16022,-0.003466,0.333763,-0.942651,3
0,0,0,0,0,3856,697,4553,10850,15403,-0.00164972,0.332564,-0.943079,3
0,0,0,0,0,2984,525,3509,8246,11755,-0.00327455,0.330408,-0.943832,3
0,0,0,0,0,5053,900,5953,13810,19763,-0.00283946,0.330712,-0.943727,3
0,0,0,0,0,3540,650,4190,9701,13891,-0.00756303,0.324564,-0.945833,3
0,0,0,0,0,5599,1044,6643,13990,20633,-0.012985,0.32119,-0.946926,3
0,0,0,0,0,5640,1002,6642,11209,17851,-0.01322,0.318528,-0.947821,3
0,0,0,0,0,2929,545,3474,7263,10737,-0.0176187,0.313836,-0.949314,3
0,0,0,0,0,4566,818,5384,11006,16390,-0.0250302,0.310952,-0.950096,3
0,0,0,0,0,5049,887,5936,11787,17723,-0.0291254,0.309966,-0.950301,3
0,0,0,0,0,3616,652,4268,8330,12598,-0.0301161,0.31013,-0.950217,3
0,0,0,0,0,4582,791,5373,10556,15929,-0.0308165,0.309077,-0.950538,3
0,0,0,0,0,3417,619,4036,7669,11705,-0.0314741,0.309347,-0.950428,3
0,0,0,0,0,5093,897,5990,11485,17475,-0.0293263,0.313587,-0.949107,3
0,0,0,0,0,3604,626,4230,8217,12447,-0.0288233,0.313878,-0.949026,3
0,0,0,0,0,5784,1018,6802,11439,18241,-0.0294289,0.315047,-0.94862,3
0,0,0,0,0,2939,516,3455,6621,10076,-0.0302504,0.315033,-0.948599,3
0,0,0,0,0,5718,988,6706,12318,19024,-0.0325412,0.317364,-0.947745,3
0,0,0,0,0,4064,732,4796,8699,13495,-0.0331375,0.313499,-0.94901,3
0,0,0,0,0,3659,635,4294,7671,11965,-0.0327837,0.308944,-0.950515,3
0,0,0,0,0,6250,1052,7302,11916,19218,-0.0280315,0.307744,-0.951056,3
0,0,0,0,0,4001,683,4684,7845,12529,-0.0284455,0.30486,-0.951972,3
0,0,0,0,0,4899,859,5758,9168,14926,-0.0317564,0.304829,-0.951877,3
0,0,0,0,0,4794,805,5599,9301,14900,-0.035239,0.30327,-0.952253,3
0,0,0,0,0,4328,731,5059,8431,13490,-0.0340776,0.303402,-0.952253,3
0,0,0,0,0,4304,733,5037,8451,13488,-0.0341843,0.305882,-0.951456,3
0,0,0,0,0,5710,1033,6743,9895,16638,-0.0331741,0.305862,-0.951498,3
0,0,0,0,0,3771,631,4402,7251,11653,-0.0333232,0.306159,-0.951397,3
0,0,0,0,0,5131,885,6016,8214,14230,-0.0338057,0.30752,-0.950941,3
0,0,0,0,0,2921,489,3410,5645,9055,-0.0318672,0.307994,-0.950854,3
0,0,0,0,0,5874,1009,6883,11351,18234,-0.0295334,0.310867,-0.949995,3
0,0,0,0,0,3930,679,4609,7662,12271,-0.029631,0.311575,-0.949759,3
0,0,0,0,0,5807,1027,6834,11144,17978,-0.0286317,0.313952,-0.949007,3
0,0,0,0,0,3992,678,4670,7661,12331,-0.0277005,0.313893,-0.949054,3
0,0,0,0,0,5912,999,6911,9522,16433,-0.0264677,0.314214,-0.948983,3
0,0,0,0,0,3669,653,4322,6885,11207,-0.0306433,0.312859,-0.949305,3
0,0,0,0,0,5828,1001,6829,9504,16333,-0.0342703,0.314531,-0.948628,3
0,0,0,0,0,5195,884,6079,8580,14659,-0.0358019,0.313435,-0.948935,3
0,0,0,0,0,3735,644,4379,6385,10764,-0.0349918,0.312302,-0.949338,3
0,0,0,0,0,5703,998,6701,9030,15731,-0.03076,0.309099,-0.950532,3
0,0,0,0,0,3679,630,4309,6395,10704,-0.0296104,0.303804,-0.952274,3
0,0,0,0,0,5713,992,6705,8226,14931,-0.0295622,0.2998,-0.953544,3
0,0,0,0,0,3988,643,4631,5692,10323,-0.0291946,0.296621,-0.954549,3
0,0,0,0,0,5855,991,6846,8416,15262,-0.0274391,0.295666,-0.954897,3
0,0,0,0,0,5747,1011,6758,8261,15019,-0.0284374,0.296883,-0.95449,3
0,0,0,0,0,5838,1023,6861,8355,15216,-0.0299366,0.297172,-0.954355,3
0,0,0,0,0,3952,686,4638,5784,10422,-0.0320877,0.296849,-0.954385,3
0,0,0,0,0,5873,1027,6900,8338,15238,-0.0335397,0.298946,-0.95368,3
0,0,0,0,0,4091,700,4791,5965,10756,-0.0334987,0.302165,-0.952667,3
0,0,0,0,0,6074,1012,7086,8526,15612,-0.0346917,0.311595,-0.949581,3
0,0,0,0,0,3771,645,4416,5721,10137,-0.039522,0.324505,-0.945058,3
0,0,0,0,0,4839,807,5646,7220,12866,-0.0450388,0.338344,-0.939944,3
0,0,0,0,0,4951,843,5794,7421,13215,-0.0518707,0.350503,-0.935124,3
0,0,0,0,0,3524,647,4171,4920,9091,-0.0531195,0.343939,-0.937488,3
0,0,0,0,0,6540,1003,7543,7207,14750,-0.0524736,0.345561,-0.936928,3
0,0,0,0,0,5996,1152,7148,6388,13536,-0.0473032,0.351105,-0.93514,3
0,0,0,0,0,6422,1003,7425,4810,12235,-0.0409239,0.348434,-0.936439,3
0,0,0,0,0,3123,521,3644,2566,6210,-0.0361995,0.332496,-0.94241,3
0,0,0,0,0,5688,851,6539,4680,11219,-0.0376585,0.358068,-0.932936,3
0,0,0,0,0,5159,844,6003,5651,11654,-0.038481,0.361592,-0.931542,3
0,0,0,0,0,5409,871,6280,7968,14248,-0.0427796,0.390932,-0.919425,3
0,0,0,0,0,6723,979,7702,11054,18756,-0.0502599,0.570158,-0.819996,3
0,0,0,0,0,3916,569,4485,6479,10964,-0.0342151,0.597407,-0.801208,3
0,0,0,0,0,1900,316,2216,4206,6422,-0.0294106,0.577789,-0.815656,3
0,0,0,0,0,2073,341,2414,5241,7655,-0.00955955,0.614969,-0.788494,3
0,0,0,0,0,6026,1090,7116,17174,24290,0.0170134,0.662,-0.749311,3
0,0,0,0,0,4618,787,5405,15282,20687,0.02122,0.56487,-0.824907,3
0,0,0,0,0,3669,608,4277,12442,16719,0.0127892,0.436621,-0.899554,3
0,0,0,0,0,4375,856,5231,18427,23658,-0.00664291,0.34847,-0.937296,3
0,0,0,0,0,4998,955,5953,15741,21694,-0.0191272,0.28524,-0.958265,3
0,0,0,0,0,2518,441,2959,9722,12681,-0.019084,0.237963,-0.971087,3
0,0,0,0,0,3591,547,4138,12043,16181,-0.0269176,0.240784,-0.970205,3
0,0,0,0,0,3659,619,4278,14309,18587,-0.0264625,0.262974,-0.96444,3
0,0,0,0,0,2811,490,3301,11443,14744,-0.00503837,0.22479,-0.974394,3
0,0,0,0,0,3410,619,4029,13344,17373,-0.0130647,0.242556,-0.970049,3
0,0,0,0,0,3176,552,3728,13093,16821,-0.036874,0.247439,-0.968201,3
0,0,0,0,0,6164,1122,7286,18778,26064,-0.0858249,0.349916,-0.932841,3
0,0,0,0,0,2541,580,3121,8213,11334,-0.0605388,0.290954,-0.95482,3
0,0,0,0,0,1557,253,1810,5567,7377,-0.0344659,0.216318,-0.975715,3
0,0,0,0,0,5616,964,6580,16651,23231,-0.0332373,0.218995,-0.97516,3
0,0,0,0,0,6182,1024,7206,12835,20041,0.00168039,0.197241,-0.980354,3
0,0,0,0,0,2045,372,2417,7579,9996,0.0240538,0.14992,-0.988406,3
0,0,0,0,0,3769,686,4455,13738,18193,0.0511639,0.169141,-0.984263,3
0,0,0,0,0,3889,702,4591,13024,17615,0.061334,0.179042,-0.981928,3
0,0,0,0,0,2919,545,3464,9265,12729,0.0617506,0.189583,-0.979921,3
0,0,0,0,0,5191,935,6126,12707,18833,0.0747718,0.192613,-0.978422,3
0,0,0,0,0,3423,648,4071,9837,13908,0.0667959,0.189263,-0.979652,3
0,0,0,0,0,5639,1042,6681,13956,20637,0.0331542,0.202154,-0.978792,3
0,0,0,0,0,2619,503,3122,7195,10317,0.0131847,0.206218,-0.978417,3
0,0,0,0,0,6456,1179,7635,13348,20983,-0.0213265,0.240854,-0.970327,3
0,0,0,0,0,3096,506,3602,6039,9641,-0.0307593,0.257259,-0.965853,3
0,0,0,0,0,4419,816,5235,9709,14944,-0.0534319,0.3227,-0.944992,3
0,0,0,0,0,6454,1158,7612,13284,20896,-0.0583537,0.37248,-0.926204,3
0,0,0,0,0,3355,600,3955,6357,10312,-0.0459834,0.38473,-0.921883,3
0,0,0,0,0,3748,658,4406,7643,12049,-0.0342187,0.42036,-0.906712,3
0,0,0,0,0,5728,1275,7003,14033,21036,-0.0211773,0.456125,-0.889664,3
0,0,0,0,0,3189,574,3763,7109,10872,-0.00604061,0.478264,-0.878195,3
0,0,0,0,0,6446,1193,7639,14469,22108,0.00436243,0.515072,-0.857136,3
0,0,0,0,0,4401,766,5167,9873,15040,-0.00059926,0.423119,-0.906074,3
0,0,0,0,0,3355,595,3950,11272,15222,-0.0215579,0.120565,-0.992471,3
0,0,0,0,0,4039,723,4762,16222,20984,-0.0303417,0.136463,-0.990181,3
0,0,0,0,0,3255,557,3812,12953,16765,-0.0164868,0.145988,-0.989149,3
0,0,0,0,0,2846,514,3360,12594,15954,-0.0205514,0.168859,-0.985426,3
0,0,0,0,0,3326,600,3926,14752,18678,-0.0201909,0.187069,-0.982139,3
0,0,0,0,0,2591,467,3058,11996,15054,-0.0184288,0.181089,-0.983294,3
0,0,0,0,0,3627,656,4283,17280,21563,-0.0228138,0.23632,-0.971407,3
0,0,0,0,0,2784,501,3285,13469,16754,-0.0266673,0.250862,-0.967655,3
0,0,0,0,0,3340,744,4084,16364,20448,-0.0244654,0.282921,-0.958831,3
0,0,0,0,0,3216,584,3800,16317,20117,-0.0212772,0.2616,-0.964942,3
0,0,0,0,0,2540,481,3021,12878,15899,-0.0334667,0.261078,-0.964737,3
0,0,0,0,0,3061,547,3608,15723,19331,-0.0554162,0.290451,-0.955284,3
0,0,0,0,0,2857,521,3378,14129,17507,-0.0687718,0.313617,-0.947056,3
0,0,0,0,0,4440,824,5264,20294,25558,-0.0783673,0.373902,-0.924151,3
0,0,0,0,0,2541,460,3001,12007,15008,-0.0698039,0.411858,-0.908571,3
0,0,0,0,0,3409,628,4037,15439,19476,-0.0311457,0.498271,-0.866462,3
0,0,0,0,0,4828,867,5695,17252,22947,0.0078726,0.545365,-0.838162,3
0,0,0,0,0,2559,476,3035,9336,12371,0.0371873,0.528079,-0.84838,3
0,0,0,0,0,5043,896,5939,14884,20823,0.0703991,0.551561,-0.831158,3
0,0,0,0,0,5053,886,5939,10488,16427,0.0728804,0.558286,-0.826441,3
0,0,0,0,0,2799,479,3278,3958,7236,0.0529041,0.535298,-0.843005,3
0,0,0,0,0,5761,937,6698,4640,11338,0.028724,0.517117,-0.855433,3
0,0,0,0,0,5562,911,6473,3009,9482,0.0230445,0.516361,-0.856061,3
0,0,0,0,0,5746,925,6671,6395,13066,0.00949946,0.480131,-0.877145,3
0,0,0,0,0,5872,993,6865,11040,17905,-0.0150419,0.519184,-0.85453,3
0,0,0,0,0,3162,561,3723,9244,12967,-0.0391577,0.522749,-0.851587,3
0,0,0,0,0,5128,986,6114,15980,22094,-0.0872343,0.505177,-0.858596,3
0,0,0,0,0,3117,536,3653,11246,14899,-0.094488,0.411724,-0.906397,3
0,0,0,0,0,3643,619,4262,13590,17852,-0.0920946,0.31687,-0.943987,3
0,0,0,0,0,4584,802,5386,16082,21468,-0.0592459,0.279549,-0.958302,3
0,0,0,0,0,2877,486,3363,10835,14198,-0.0306822,0.255812,-0.96624,3
0,0,0,0,0,3507,540,4047,12028,16075,-0.0153267,0.262305,-0.964863,3
0,0,0,0,0,3064,522,3586,12186,15772,-0.0106651,0.250167,-0.968144,3
0,0,0,0,0,5329,964,6293,21332,27625,-0.0198837,0.269868,-0.962692,3
0,0,0,0,0,3955,676,4631,13781,18412,-0.0252476,0.232526,-0.972262,3
0,0,0,0,0,6417,1122,7539,16795,24334,-0.0534666,0.250854,-0.966547,3
0,0,0,0,0,6361,1130,7491,13472,20963,-0.0541537,0.232702,-0.971039,3
0,0,0,0,0,1989,342,2331,8001,10332,-0.0334103,0.188998,-0.981409,3
0,0,0,0,0,2846,438,3284,9989,13273,-0.0324694,0.192892,-0.980683,3
0,0,0,0,0,4121,733,4854,16166,21020,-0.0174474,0.212167,-0.977078,3
0,0,0,0,0,3600,557,4157,11989,16146,-0.00956314,0.190637,-0.981614,3
0,0,0,0,0,2572,502,3074,8124,11198,8.88446e-05,0.17147,-0.985189,3
0,0,0,0,0,6144,1027,7171,9597,16768,0.00326674,0.221324,-0.975195,3
0,0,0,0,0,3202,535,3737,3515,7252,-0.026592,0.309735,-0.950451,3
0,0,0,0,0,6110,1089,7199,6215,13414,-0.110206,0.355924,-0.927994,3
0,0,0,0,0,6362,1197,7559,6424,13983,-0.111197,0.440084,-0.891045,3
0,0,0,0,0,4443,805,5248,5427,10675,-0.112805,0.512426,-0.85129,3
0,0,0,0,0,6427,1142,7569,8367,15936,-0.0878181,0.642991,-0.760823,3
0,0,0,0,0,4465,774,5239,6565,11804,-0.0741838,0.693426,-0.716699,3
0,0,0,0,0,4164,696,4860,-1000,-1000,-1,-1,-1,3
0,0,0,0,0,6604,1184,7788,12388,20176,-0.00666343,0.191574,-0.981456,3
0,0,0,0,0,3453,607,4060,12226,16286,-0.0142594,0.153836,-0.987993,3
0,0,0,0,0,2294,410,2704,9177,11881,-0.0201261,0.133004,-0.990911,3
0,0,0,0,0,4378,795,5173,17281,22454,-0.0398404,0.170012,-0.984636,3
0,0,0,0,0,2636,475,3111,11201,14312,-0.0368295,0.152897,-0.987556,3
0,0,0,0,0,3601,656,4257,15937,20194,-0.0492267,0.18335,-0.981814,3
0,0,0,0,0,2736,496,3232,12629,15861,-0.0498551,0.18303,-0.981842,3
0,0,0,0,0,5671,1044,6715,17623,24338,-0.0358313,0.259114,-0.965182,3
0,0,0,0,0,2250,408,2658,10722,13380,-0.0306118,0.261145,-0.964814,3
0,0,0,0,0,2434,450,2884,12122,15006,-0.0423743,0.283154,-0.958138,3
0,0,0,0,0,4480,813,5293,20289,25582,-0.0714074,0.319836,-0.944778,3
0,0,0,0,0,2599,469,3068,12822,15890,-0.0945713,0.314245,-0.94462,3
0,0,0,0,0,3055,553,3608,14745,18353,-0.12516,0.285298,-0.950231,3
0,0,0,0,0,3808,687,4495,16178,20673,-0.168134,0.296696,-0.940055,3
0,0,0,0,0,3116,521,3637,12235,15872,-0.164873,0.304432,-0.938157,3
0,0,0,0,0,4532,834,5366,16237,21603,-0.165673,0.365914,-0.915783,3
0,0,0,0,0,2564,478,3042,9685,12727,-0.130334,0.385934,-0.913273,3
0,0,0,0,0,5634,1011,6645,16407,23052,-0.0699793,0.530477,-0.844806,3
0,0,0,0,0,2699,429,3128,5046,8174,-0.0289803,0.415449,-0.909155,3
0,0,0,0,0,5576,959,6535,7827,14362,-0.0176981,0.391142,-0.92016,3
0,0,0,0,0,3818,638,4456,3804,8260,-0.0143897,0.38301,-0.923632,3
0,0,0,0,0,5574,972,6546,7949,14495,-0.0443475,0.435255,-0.899214,3
0,0,0,0,0,5996,978,6974,11506,18480,-0.0897964,0.625703,-0.774875,3
0,0,0,0,0,3728,558,4286,7155,11441,-0.0980968,0.589628,-0.801696,3
0,0,0,0,0,2012,302,2314,5378,7692,-0.084614,0.522844,-0.848219,3
0,0,0,0,0,2451,420,2871,8394,11265,-0.101781,0.512123,-0.85286,3
0,0,0,0,0,7562,1267,8829,17577,26406,-0.106296,0.520581,-0.847169,3
0,0,0,0,0,2673,454,3127,7813,10940,-0.067858,0.382863,-0.921309,3
0,0,0,0,0,2279,385,2664,8213,10877,-0.0177969,0.261326,-0.965087,3
0,0,0,0,0,3817,646,4463,14484,18947,0.00338085,0.254379,-0.967099,3
0,0,0,0,0,6969,1264,8233,16620,24853,-0.00163736,0.280355,-0.959895,3
0,0,0,0,0,2427,432,2859,8516,11375,0.00153403,0.247407,-0.96891,3
0,0,0,0,0,2453,420,2873,9493,12366,0.0077421,0.226349,-0.974016,3
0,0,0,0,0,3884,668,4552,14991,19543,0.0181881,0.228802,-0.973303,3
0,0,0,0,0,3869,652,4521,14384,18905,0.036343,0.204675,-0.978155,3
0,0,0,0,0,3046,514,3560,11368,14928,0.0503772,0.162022,-0.9855,3
0,0,0,0,0,4382,735,5117,15935,21052,0.0723664,0.0807762,-0.994102,3
0,0,0,0,0,6260,1073,7333,14737,22070,0.0682811,0.033603,-0.9971,3
0,0,0,0,0,6261,1091,7352,18134,25486,0.0325062,0.112914,-0.993073,3
0,0,0,0,0,2321,385,2706,7238,9944,0.0531525,0.080591,-0.995329,3
0,0,0,0,0,1506,265,1771,4931,6702,0.0617361,0.0513934,-0.996768,3
0,0,0,0,0,1914,334,2248,6426,8674,0.0518456,0.0824905,-0.995242,3
0,0,0,0,0,5016,869,5885,13821,19706,0.080916,0.126889,-0.988611,3
0,0,0,0,0,6034,1080,7114,10795,17909,0.126093,0.156293,-0.979629,3
0,0,0,0,0,3185,573,3758,6061,9819,0.137948,0.162704,-0.976984,3
0,0,0,0,0,6157,1108,7265,10443,17708,0.122888,0.250041,-0.960405,3
0,0,0,0,0,4366,851,5217,7079,12296,0.0743213,0.328886,-0.941441,3
0,0,0,0,0,4087,746,4833,6744,11577,0.0123758,0.432993,-0.901312,3
0,0,0,0,0,6600,1145,7745,11067,18812,-0.0919345,0.593894,-0.799273,3
0,0,0,0,0,4552,777,5329,6898,12227,-0.100673,0.635269,-0.765701,3
0,0,0,0,0,6374,772,7146,-1000,-1000,-1,-1,-1,3
0,0,0,0,0,3347,615,3962,12325,16287,0.000160273,0.11463,-0.993408,3
0,0,0,0,0,4006,706,4712,15318,20030,-0.00836038,0.113562,-0.993496,3
0,0,0,0,0,3109,549,3658,12488,16146,-0.00977694,0.114389,-0.993388,3
0,0,0,0,0,6618,1160,7778,22033,29811,-0.0316604,0.355439,-0.934163,3
0,0,0,0,0,2767,411,3178,8882,12060,-0.0322505,0.301179,-0.953022,3
0,0,0,0,0,1667,385,2052,6778,8830,-0.0263883,0.229838,-0.972871,3
0,0,0,0,0,1636,294,1930,7533,9463,-0.030516,0.270576,-0.962215,3
0,0,0,0,0,3003,570,3573,13962,17535,-0.0442311,0.344697,-0.937671,3
0,0,0,0,0,3561,636,4197,16985,21182,-0.0432747,0.344705,-0.937713,3
0,0,0,0,0,2717,486,3203,13151,16354,-0.042985,0.317513,-0.947279,3
0,0,0,0,0,5567,1092,6659,23692,30351,-0.0392822,0.362924,-0.93099,3
0,0,0,0,0,5504,1019,6523,21958,28481,-0.0243578,0.533812,-0.845252,3
0,0,0,0,0,2135,356,2491,8321,10812,-0.0159425,0.483108,-0.875416,3
0,0,0,0,0,1306,240,1546,5961,7507,-0.00853611,0.438289,-0.898794,3
0,0,0,0,0,5353,1022,6375,21084,27459,0.0158543,0.555561,-0.831325,3
0,0,0,0,0,2933,420,3353,7999,11352,0.018471,0.435009,-0.900237,3
0,0,0,0,0,1291,239,1530,4010,5540,0.0255264,0.357321,-0.933633,3
0,0,0,0,0,5445,960,6405,13015,19420,0.0270811,0.311501,-0.94986,3
0,0,0,0,0,3788,848,4636,7295,11931,0.0174469,0.25212,-0.967539,3
0,0,0,0,0,5451,954,6405,7874,14279,0.0102796,0.227917,-0.973626,3
0,0,0,0,0,5532,947,6479,5804,12283,0.00231133,0.206348,-0.978476,3
0,0,0,0,0,3791,654,4445,3829,8274,-0.00427918,0.190557,-0.981667,3
0,0,0,0,0,5514,968,6482,6004,12486,-0.00629084,0.180268,-0.983597,3
0,0,0,0,0,5612,961,6573,6486,13059,-0.0111896,0.1703,-0.985329,3
0,0,0,0,0,5503,980,6483,7238,13721,-0.0150786,0.164208,-0.98631,3
0,0,0,0,0,5561,1006,6567,7648,14215,-0.0122112,0.149504,-0.988686,3
0,0,0,0,0,3780,521,4301,3963,8264,-0.00148971,0.138366,-0.99038,3
0,0,0,0,0,1955,300,2255,2158,4413,0.00295399,0.136197,-0.990677,3
0,0,0,0,0,6135,960,7095,5479,12574,0.0136812,0.130189,-0.991395,3
0,0,0,0,0,3857,675,4532,3560,8092,0.0106725,0.146121,-0.989209,3
0,0,0,0,0,5727,955,6682,4466,11148,0.0132023,0.140571,-0.989983,3
0,0,0,0,0,5512,975,6487,3967,10454,0.0135998,0.140816,-0.989942,3
0,0,0,0,0,5626,1002,6628,3983,10611,0.0108387,0.141467,-0.989884,3
0,0,0,0,0,6012,976,6988,4058,11046,0.0106992,0.141363,-0.9899,3
0,0,0,0,0,5471,951,6422,3904,10326,0.0125498,0.142956,-0.989649,3
0,0,0,0,0,5477,977,6454,3779,10233,0.0144243,0.146818,-0.989058,3
0,0,0,0,0,3779,648,4427,2529,6956,0.0130973,0.147974,-0.988905,3
0,0,0,0,0,5526,947,6473,3870,10343,0.0117013,0.149001,-0.988768,3
0,0,0,0,0,5506,976,6482,3985,10467,0.0116881,0.148728,-0.988809,3
0,0,0,0,0,5581,967,6548,3973,10521,0.0123171,0.146915,-0.989072,3
0,0,0,0,0,5597,953,6550,3821,10371,0.0130376,0.144442,-0.989427,3
0,0,0,0,0,4986,901,5887,3211,9098,0.0147458,0.143076,-0.989602,3
0,0,0,0,0,5865,972,6837,3507,10344,0.0145334,0.140156,-0.990023,3
0,0,0,0,0,5561,996,6557,3369,9926,0.0133058,0.13901,-0.990202,3
0,0,0,0,0,3850,650,4500,2243,6743,0.0133462,0.140427,-0.990001,3
0,0,0,0,0,5088,874,5962,2923,8885,0.0181248,0.144637,-0.989319,3
0,0,0,0,0,5663,970,6633,2992,9625,0.0241965,0.148256,-0.988653,3
0,0,0,0,0,5516,938,6454,2875,9329,0.0288776,0.15362,-0.987708,3
0,0,0,0,0,5904,968,6872,2887,9759,0.0333251,0.159087,-0.986702,3
0,0,0,0,0,5684,1012,6696,3116,9812,0.0325925,0.160413,-0.986512,3
0,0,0,0,0,5558,1067,6625,3324,9949,0.0268735,0.155059,-0.98754,3
0,0,0,0,0,5720,946,6666,3405,10071,0.0272739,0.151315,-0.988109,3
0,0,0,0,0,5845,948,6793,2983,9776,0.0316806,0.14934,-0.988278,3
0,0,0,0,0,5467,938,6405,2880,9285,0.0323657,0.146688,-0.988653,3
0,0,0,0,0,5843,958,6801,2846,9647,0.0283852,0.142838,-0.989339,3
0,0,0,0,0,5501,1041,6542,3250,9792,0.0225022,0.14428,-0.989281,3
0,0,0,0,0,5528,942,6470,2910,9380,0.0199941,0.150974,-0.988335,3
0,0,0,0,0,5520,936,6456,2814,9270,0.026075,0.160737,-0.986653,3
0,0,0,0,0,5601,946,6547,3001,9548,0.0257955,0.161026,-0.986613,3
0,0,0,0,0,3283,502,3785,1736,5521,0.0249173,0.158914,-0.986978,3
0,0,0,0,0,2753,473,3226,1635,4861,0.0248358,0.154886,-0.98762,3
0,0,0,0,0,5529,945,6474,3036,9510,0.0245279,0.149299,-0.988488,3
0,0,0,0,0,5524,974,6498,2827,9325,0.025171,0.147199,-0.988787,3
0,0,0,0,0,5466,960,6426,2848,9274,0.0238306,0.148195,-0.988671,3
0,0,0,0,0,5530,968,6498,2885,9383,0.0223601,0.150915,-0.988294,3
0,0,0,0,0,5558,943,6501,2928,9429,0.0221735,0.151872,-0.988151,3
0,0,0,0,0,5473,974,6447,2887,9334,0.0210919,0.151437,-0.988242,3
0,0,0,0,0,5504,960,6464,2929,9393,0.0204908,0.151562,-0.988235,3
0,0,0,0,0,5572,966,6538,2947,9485,0.018619,0.152017,-0.988202,3
0,0,0,0,0,5564,976,6540,3216,9756,0.0161266,0.153236,-0.988058,3
0,0,0,0,0,5587,947,6534,3370,9904,0.0161734,0.155155,-0.987758,3
0,0,0,0,0,5549,980,6529,3528,10057,0.0177036,0.155642,-0.987655,3
0,0,0,0,0,5546,952,6498,3486,9984,0.0192364,0.155061,-0.987718,3
0,0,0,0,0,5677,968,6645,3503,10148,0.019983,0.153968,-0.987874,3
0,0,0,0,0,5638,953,6591,3544,10135,0.018797,0.152894,-0.988064,3
0,0,0,0,0,5551,952,6503,3462,9965,0.0183941,0.152574,-0.988121,3
0,0,0,0,0,5582,989,6571,3408,9979,0.0185498,0.152657,-0.988105,3
0,0,0,0,0,3913,656,4569,2400,6969,0.0184366,0.152936,-0.988064,3
0,0,0,0,0,5550,967,6517,3613,10130,0.0182515,0.153464,-0.987986,3
0,0,0,0,0,5670,950,6620,3695,10315,0.0178848,0.15336,-0.988008,3
0,0,0,0,0,5723,984,6707,4314,11021,0.0177333,0.152806,-0.988097,3
0,0,0,0,0,5583,947,6530,3776,10306,0.0174919,0.152149,-0.988203,3
0,0,0,0,0,5486,948,6434,3858,10292,0.0170842,0.151671,-0.988283,3
0,0,0,0,0,5912,979,6891,3733,10624,0.0164515,0.151352,-0.988343,3
0,0,0,0,0,5931,978,6909,3815,10724,0.0162835,0.151312,-0.988352,3
0,0,0,0,0,5640,947,6587,3888,10475,0.0155834,0.151328,-0.988361,3
0,0,0,0,0,5993,984,6977,3245,10222,0.0150305,0.150889,-0.988436,3
0,0,0,0,0,3886,690,4576,2695,7271,0.0149871,0.1507,-0.988466,3
0,0,0,0,0,5959,977,6936,3886,10822,0.0149648,0.150505,-0.988496,3
0,0,0,0,0,5725,953,6678,3877,10555,0.0142608,0.150441,-0.988516,3
0,0,0,0,0,5706,952,6658,4033,10691,0.0140182,0.150416,-0.988523,3
0,0,0,0,0,3896,678,4574,2731,7305,0.0139357,0.150053,-0.98858,3
0,0,0,0,0,5992,981,6973,3850,10823,0.0135204,0.149819,-0.988621,3
0,0,0,0,0,5765,996,6761,3953,10714,0.0136197,0.149858,-0.988614,3
0,0,0,0,0,3930,725,4655,2906,7561,0.0134699,0.14977,-0.988629,3
0,0,0,0,0,5758,1012,6770,3998,10768,0.013183,0.149837,-0.988623,3
0,0,0,0,0,6377,996,7373,2839,10212,0.0131651,0.149707,-0.988643,3
0,0,0,0,0,3012,509,3521,2118,5639,0.0129723,0.149658,-0.988653,3
0,0,0,0,0,6371,965,7336,4136,11472,0.01301,0.149525,-0.988672,3
0,0,0,0,0,5613,958,6571,4006,10577,0.013133,0.149495,-0.988675,3
0,0,0,0,0,5600,967,6567,3955,10522,0.0129952,0.149381,-0.988694,3
0,0,0,0,0,5595,978,6573,3962,10535,0.0129929,0.14943,-0.988687,3
0,0,0,0,0,5536,968,6504,3958,10462,0.013134,0.149457,-0.988681,3
0,0,0,0,0,5783,986,6769,3938,10707,0.0128021,0.149239,-0.988718,3
