Downsample[ns],BuildFilTree[ns],SearchFil[ns],DeleteFil[ns],BuildTreeSub[ns],SearchSub[ns],DeleteSub[ns],PreProcTotal[ns],Plane[ns],Total[ns],nx,ny,nz,planeCount
0,0,0,0,0,5977,1054,7031,3289,10320,-0.0680445,0.0671917,-0.995417,0
0,0,0,0,0,5945,978,6923,4473,11396,-0.0448847,0.0443041,-0.998009,0
0,0,0,0,0,4288,668,4956,1050,6006,-0.0389208,0.0390834,-0.998478,0
0,0,0,0,0,5799,961,6760,1085,7845,-0.0322188,0.0344959,-0.998885,0
0,0,0,0,0,6007,1017,7024,957,7981,-0.0239981,0.0292168,-0.999285,0
0,0,0,0,0,5781,983,6764,1090,7854,-0.0198372,0.0278507,-0.999415,0
0,0,0,0,0,5861,958,6819,1181,8000,-0.0172764,0.0274555,-0.999474,0
0,0,0,0,0,5901,978,6879,1159,8038,-0.0151346,0.0263334,-0.999539,0
0,0,0,0,0,5748,972,6720,1340,8060,-0.0153098,0.0276759,-0.9995,0
0,0,0,0,0,5752,965,6717,1313,8030,-0.0135611,0.0269007,-0.999546,0
0,0,0,0,0,5548,938,6486,1371,7857,-0.0138833,0.0263995,-0.999555,0
0,0,0,0,0,5336,885,6221,1157,7378,-0.0188004,0.0295478,-0.999387,0
0,0,0,0,0,5744,888,6632,1087,7719,-0.0190562,0.0312492,-0.99933,0
0,0,0,0,0,5813,1016,6829,1290,8119,-0.0154317,0.0304766,-0.999416,0
0,0,0,0,0,6039,992,7031,1321,8352,-0.0143134,0.0300057,-0.999447,0
0,0,0,0,0,6162,997,7159,1303,8462,-0.0140144,0.0306683,-0.999431,0
0,0,0,0,0,5988,1012,7000,1392,8392,-0.0134801,0.0318775,-0.999401,0
0,0,0,0,0,5844,1042,6886,1355,8241,-0.012664,0.032909,-0.999378,0
0,0,0,0,0,6430,1035,7465,1418,8883,-0.0159055,0.0339461,-0.999297,0
0,0,0,0,0,5854,1039,6893,1262,8155,-0.014179,0.0344678,-0.999305,0
0,0,0,0,0,6144,980,7124,1019,8143,-0.0147309,0.0351475,-0.999274,0
0,0,0,0,0,3151,533,3684,620,4304,-0.0111379,0.0332233,-0.999386,0
0,0,0,0,0,2902,513,3415,697,4112,-0.0109168,0.033333,-0.999385,0
0,0,0,0,0,6040,982,7022,1352,8374,-0.0141209,0.0343943,-0.999309,0
0,0,0,0,0,6088,876,6964,1180,8144,-0.0097196,0.0323815,-0.999428,0
0,0,0,0,0,3795,649,4444,966,5410,-0.0109302,0.0317055,-0.999437,0
0,0,0,0,0,5933,991,6924,1356,8280,-0.0174798,0.0333315,-0.999291,0
0,0,0,0,0,5171,711,5882,895,6777,-0.0174134,0.0343831,-0.999257,0
0,0,0,0,0,6074,946,7020,813,7833,-0.0149543,0.0358086,-0.999247,0
0,0,0,0,0,3772,635,4407,857,5264,-0.0163645,0.0363104,-0.999207,0
0,0,0,0,0,5819,1015,6834,1332,8166,-0.0176853,0.0379933,-0.999121,0
0,0,0,0,0,5394,932,6326,1096,7422,-0.0124179,0.0373789,-0.999224,0
0,0,0,0,0,5841,1024,6865,1296,8161,-0.0118787,0.0403652,-0.999114,0
0,0,0,0,0,5735,1043,6778,1401,8179,-0.0127912,0.0405842,-0.999094,0
0,0,0,0,0,5770,983,6753,1428,8181,-0.0134828,0.0401872,-0.999101,0
0,0,0,0,0,5666,909,6575,1294,7869,-0.0114502,0.0403398,-0.99912,0
0,0,0,0,0,5915,990,6905,1416,8321,-0.0125046,0.0409525,-0.999083,0
0,0,0,0,0,6066,1012,7078,1386,8464,-0.00859906,0.0415288,-0.9991,0
0,0,0,0,0,5993,811,6804,1050,7854,-0.00637907,0.0428497,-0.999061,0
0,0,0,0,0,3122,520,3642,821,4463,-0.00450534,0.0439209,-0.999025,0
0,0,0,0,0,6275,1012,7287,1752,9039,-0.00343308,0.0451158,-0.998976,0
0,0,0,0,0,5368,677,6045,1170,7215,-0.00211453,0.0463259,-0.998924,0
0,0,0,0,0,3354,546,3900,998,4898,-0.0112364,0.0453956,-0.998906,0
0,0,0,0,0,5864,1030,6894,1542,8436,-0.00531862,0.045401,-0.998955,0
0,0,0,0,0,5999,980,6979,1655,8634,-0.00732803,0.0462055,-0.998905,0
0,0,0,0,0,5894,1074,6968,1596,8564,-0.000526339,0.0466124,-0.998913,0
0,0,0,0,0,5954,990,6944,1805,8749,-0.000611585,0.047354,-0.998878,0
0,0,0,0,0,6041,1000,7041,1772,8813,0.00182582,0.0476234,-0.998864,0
0,0,0,0,0,6387,1101,7488,1966,9454,-1.1444e-06,0.0467866,-0.998905,0
0,0,0,0,0,6071,1029,7100,1308,8408,-0.00222736,0.0457625,-0.99895,0
0,0,0,0,0,3286,534,3820,907,4727,-0.0086785,0.0453815,-0.998932,0
0,0,0,0,0,6186,1021,7207,1688,8895,-0.01058,0.0451854,-0.998923,0
0,0,0,0,0,5879,1016,6895,1532,8427,-0.0103885,0.0452696,-0.998921,0
0,0,0,0,0,5931,998,6929,1597,8526,-0.00198798,0.0462287,-0.998929,0
0,0,0,0,0,6443,1064,7507,1748,9255,-0.00614699,0.0456905,-0.998937,0
0,0,0,0,0,5266,881,6147,1490,7637,-0.000335902,0.0466168,-0.998913,0
0,0,0,0,0,5580,930,6510,1633,8143,3.49844e-05,0.0462711,-0.998929,0
0,0,0,0,0,5904,1060,6964,1824,8788,-0.0029435,0.0455104,-0.99896,0
0,0,0,0,0,5984,980,6964,1780,8744,-0.00330612,0.0452063,-0.998972,0
0,0,0,0,0,6078,770,6848,1239,8087,-0.00281789,0.0457507,-0.998949,0
0,0,0,0,0,4237,743,4980,1269,6249,-0.00829913,0.045394,-0.998935,0
0,0,0,0,0,4077,680,4757,1206,5963,-0.011026,0.0460473,-0.998878,0
0,0,0,0,0,5832,1018,6850,1573,8423,-0.00696719,0.0454935,-0.99894,0
0,0,0,0,0,6935,1102,8037,1721,9758,-0.0103978,0.044771,-0.998943,0
0,0,0,0,0,5865,937,6802,1378,8180,-0.0051776,0.0443677,-0.999002,0
0,0,0,0,0,5923,1024,6947,1671,8618,-0.00898141,0.0441919,-0.998983,0
0,0,0,0,0,5726,882,6608,1401,8009,-0.00842746,0.0444002,-0.998978,0
0,0,0,0,0,6009,1056,7065,1714,8779,-0.00673841,0.0444158,-0.99899,0
0,0,0,0,0,5992,1018,7010,1673,8683,-0.000698185,0.0453935,-0.998969,0
0,0,0,0,0,6034,1002,7036,1766,8802,-0.00615644,0.0449251,-0.998971,0
0,0,0,0,0,5855,1026,6881,1632,8513,-0.00842296,0.0452162,-0.998942,0
0,0,0,0,0,5922,989,6911,1582,8493,-0.00224136,0.0454282,-0.998965,0
0,0,0,0,0,5964,987,6951,1749,8700,-0.00752357,0.0452315,-0.998948,0
0,0,0,0,0,5844,1000,6844,1671,8515,-0.0142254,0.0442767,-0.998918,0
0,0,0,0,0,6039,996,7035,1565,8600,-0.0081147,0.044052,-0.998996,0
0,0,0,0,0,5998,996,6994,1566,8560,-0.00365565,0.0450862,-0.998976,0
0,0,0,0,0,6051,1023,7074,1769,8843,-0.00684601,0.0452715,-0.998951,0
0,0,0,0,0,3130,529,3659,836,4495,-0.00457247,0.0453015,-0.998963,0
0,0,0,0,0,5842,978,6820,1814,8634,-0.00664527,0.0448491,-0.998972,0
0,0,0,0,0,5867,1006,6873,1752,8625,-0.00666323,0.0453541,-0.998949,0
0,0,0,0,0,5339,934,6273,1595,7868,-0.00947824,0.0445509,-0.998962,0
0,0,0,0,0,5762,971,6733,1614,8347,-0.00687708,0.044229,-0.998998,0
0,0,0,0,0,5452,930,6382,1595,7977,-0.00429624,0.0439502,-0.999025,0
0,0,0,0,0,5337,978,6315,1573,7888,-0.00065805,0.0449729,-0.998988,0
0,0,0,0,0,3767,649,4416,1215,5631,-0.00905966,0.0434725,-0.999014,0
0,0,0,0,0,5896,1016,6912,1672,8584,-0.00621246,0.0436106,-0.999029,0
0,0,0,0,0,5434,878,6312,1507,7819,-0.00848382,0.044179,-0.998988,0
0,0,0,0,0,5706,984,6690,1631,8321,-0.00938923,0.0440939,-0.998983,0
0,0,0,0,0,5296,886,6182,1449,7631,-0.0105426,0.0430547,-0.999017,0
0,0,0,0,0,5379,883,6262,1417,7679,-0.00369217,0.0437959,-0.999034,0
0,0,0,0,0,6055,1019,7074,1733,8807,-0.00555975,0.0429528,-0.999062,0
0,0,0,0,0,5996,979,6975,1706,8681,-0.0044165,0.0438493,-0.999028,0
0,0,0,0,0,5988,916,6904,1497,8401,0.00379262,0.0448089,-0.998988,0
0,0,0,0,0,5443,887,6330,1820,8150,-0.0104297,0.0424465,-0.999044,0
0,0,0,0,0,5962,1049,7011,1477,8488,-0.00790519,0.0424148,-0.999069,0
0,0,0,0,0,6137,900,7037,1074,8111,-0.00810027,0.0424852,-0.999064,0
0,0,0,0,0,3232,535,3767,821,4588,-0.00123489,0.0434063,-0.999057,0
0,0,0,0,0,2847,481,3328,832,4160,-0.00488503,0.0431609,-0.999056,0
0,0,0,0,0,5793,905,6698,1492,8190,-0.00660438,0.0428966,-0.999058,0
0,0,0,0,0,5931,1021,6952,1659,8611,-0.00910295,0.0425053,-0.999055,0
0,0,0,0,0,5418,889,6307,1436,7743,-0.00946326,0.0427946,-0.999039,0
0,0,0,0,0,5806,895,6701,1764,8465,-0.00756892,0.0434306,-0.999028,0
0,0,0,0,0,6031,1104,7135,1641,8776,-0.00422782,0.0444322,-0.999004,0
0,0,0,0,0,5873,928,6801,1890,8691,-0.00799058,0.045977,-0.998911,0
0,0,0,0,0,6025,929,6954,1438,8392,-0.00394117,0.0456242,-0.998951,0
0,0,0,0,0,5558,918,6476,1631,8107,-0.00573551,0.0437938,-0.999024,0
0,0,0,0,0,5614,905,6519,1593,8112,-0.00384868,0.0447433,-0.998991,0
0,0,0,0,0,5997,918,6915,1580,8495,-0.0181184,0.0481832,-0.998674,0
0,0,0,0,0,6443,1057,7500,1549,9049,-0.0166144,0.0551257,-0.998341,0
0,0,0,0,0,5648,967,6615,1516,8131,-0.0152079,0.0639292,-0.997839,0
0,0,0,0,0,6317,1082,7399,1857,9256,-0.003559,0.0816623,-0.996654,0
0,0,0,0,0,6418,1092,7510,2822,10332,0.00413726,0.111657,-0.993738,0
0,0,0,0,0,5918,1010,6928,3581,10509,0.00987867,0.12615,-0.991962,0
0,0,0,0,0,6732,1089,7821,4566,12387,0.0126901,0.140034,-0.990065,0
0,0,0,0,0,6918,1168,8086,4439,12525,0.0144444,0.147134,-0.989011,0
0,0,0,0,0,4453,772,5225,3677,8902,0.0168072,0.151899,-0.988253,0
0,0,0,0,0,6563,1098,7661,5248,12909,0.0113844,0.192457,-0.981239,0
0,0,0,0,0,3878,635,4513,3432,7945,0.00712783,0.200909,-0.979584,0
0,0,0,0,0,6460,1102,7562,7920,15482,0.0111016,0.244049,-0.969699,0
0,0,0,0,0,5013,765,5778,5992,11770,0.00967449,0.262185,-0.964969,0
0,0,0,0,0,4251,695,4946,6457,11403,0.00580461,0.296034,-0.95516,0
0,0,0,0,0,7702,1213,8915,10334,19249,-0.00500573,0.335105,-0.942167,0
0,0,0,0,0,3591,653,4244,7263,11507,-0.0129252,0.348912,-0.937066,0
0,0,0,0,0,5341,917,6258,11583,17841,-0.0273177,0.36589,-0.930257,0
0,0,0,0,0,4271,710,4981,9413,14394,-0.0321344,0.37125,-0.927977,0
0,0,0,0,0,4550,772,5322,12546,17868,-0.0226301,0.373736,-0.927259,0
0,0,0,0,0,3489,628,4117,10735,14852,-0.0104863,0.386374,-0.922282,0
0,0,0,0,0,3433,599,4032,11907,15939,-0.00247641,0.376924,-0.926241,0
0,0,0,0,0,3419,638,4057,12338,16395,0.0085773,0.379527,-0.925141,0
0,0,0,0,0,4025,736,4761,15765,20526,-1.66144e-05,0.382359,-0.924014,0
0,0,0,0,0,3155,570,3725,11707,15432,0.00186448,0.356933,-0.934128,0
0,0,0,0,0,2132,409,2541,9390,11931,0.00957046,0.310753,-0.950443,0
0,0,0,0,0,5887,1057,6944,18528,25472,0.00434108,0.291794,-0.956471,0
0,0,0,0,0,2572,411,2983,9195,12178,0.0101498,0.240875,-0.970503,0
0,0,0,0,0,6601,1102,7703,18461,26164,0.0116243,0.227475,-0.973715,0
0,0,0,0,0,2160,425,2585,8727,11312,0.0229002,0.181954,-0.98304,0
0,0,0,0,0,2219,407,2626,10314,12940,0.0291108,0.167903,-0.985374,0
0,0,0,0,0,4313,802,5115,19154,24269,0.0346048,0.181525,-0.982777,0
0,0,0,0,0,3260,513,3773,11288,15061,0.0399229,0.164637,-0.985546,0
0,0,0,0,0,2559,450,3009,10901,13910,0.0411586,0.158146,-0.986557,0
0,0,0,0,0,2916,557,3473,12493,15966,0.0323588,0.16578,-0.985632,0
0,0,0,0,0,4273,789,5062,17194,22256,0.0204875,0.185096,-0.982507,0
0,0,0,0,0,2665,479,3144,11168,14312,0.000883355,0.196052,-0.980593,0
0,0,0,0,0,3056,597,3653,12795,16448,-0.00426076,0.19222,-0.981343,0
0,0,0,0,0,3630,672,4302,14873,19175,-0.00328358,0.192602,-0.981271,0
0,0,0,0,0,2888,571,3459,11734,15193,0.017834,0.152994,-0.988066,0
0,0,0,0,0,4182,799,4981,15969,20950,0.0433858,0.118302,-0.992029,0
0,0,0,0,0,2580,499,3079,10322,13401,0.0488315,0.0879126,-0.994931,0
0,0,0,0,0,3653,701,4354,14430,18784,0.0377317,0.103859,-0.993876,0
0,0,0,0,0,5051,932,5983,15212,21195,0.0444808,0.116527,-0.992191,0
0,0,0,0,0,2264,467,2731,8902,11633,0.0621411,0.0928397,-0.99374,0
0,0,0,0,0,3015,587,3602,11752,15354,0.0803324,0.0813554,-0.993442,0
0,0,0,0,0,4714,961,5675,15930,21605,0.0771818,0.115128,-0.990348,0
0,0,0,0,0,5703,1140,6843,15444,22287,0.050336,0.193036,-0.9799,0
0,0,0,0,0,2415,463,2878,6289,9167,0.0402285,0.140505,-0.989262,0
0,0,0,0,0,1568,295,1863,4314,6177,0.0361748,0.109028,-0.99338,0
0,0,0,0,0,5956,1134,7090,13648,20738,0.0226842,0.16619,-0.985833,0
0,0,0,0,0,3114,596,3710,7181,10891,0.0144889,0.184387,-0.982747,0
0,0,0,0,0,6406,1199,7605,14182,21787,-0.00880291,0.316855,-0.948433,0
0,0,0,0,0,3134,509,3643,6266,9909,-0.00871674,0.321564,-0.946848,0
0,0,0,0,0,1966,372,2338,4507,6845,-0.00435295,0.303237,-0.952905,0
0,0,0,0,0,4268,1071,5339,10571,15910,-0.0190546,0.384369,-0.922983,0
0,0,0,0,0,3361,603,3964,8102,12066,-0.0358396,0.426754,-0.903657,0
0,0,0,0,0,6663,1186,7849,12815,20664,-0.0559056,0.562639,-0.82481,0
0,0,0,0,0,2643,427,3070,5394,8464,-0.0604485,0.569601,-0.819695,0
0,0,0,0,0,1815,325,2140,4228,6368,-0.0670574,0.577283,-0.813786,0
0,0,0,0,0,2108,379,2487,4866,7353,-0.0882887,0.61618,-0.782641,0
0,0,0,0,0,5864,1091,6955,-1000,-1000,-1,-1,-1,0
0,0,0,0,0,4310,994,5304,15174,20478,-0.0185989,0.132032,-0.991071,0
0,0,0,0,0,2236,440,2676,9279,11955,-0.00984967,0.119473,-0.992789,0
0,0,0,0,0,2836,555,3391,12229,15620,-7.14249e-05,0.122647,-0.99245,0
0,0,0,0,0,5747,1122,6869,18039,24908,0.00525734,0.154644,-0.987956,0
0,0,0,0,0,2112,433,2545,9222,11767,-0.00377456,0.116754,-0.993154,0
0,0,0,0,0,2596,513,3109,11648,14757,-0.0166562,0.115413,-0.993178,0
0,0,0,0,0,5951,1065,7016,19267,26283,-0.0287488,0.128077,-0.991347,0
0,0,0,0,0,2072,428,2500,9386,11886,-0.0246926,0.111228,-0.993488,0
0,0,0,0,0,2166,424,2590,10309,12899,-0.0169234,0.119613,-0.992676,0
0,0,0,0,0,3448,696,4144,16389,20533,-0.000567321,0.157525,-0.987515,0
0,0,0,0,0,2740,508,3248,13110,16358,0.0144127,0.19361,-0.980973,0
0,0,0,0,0,2374,418,2792,10799,13591,0.0213777,0.228853,-0.973226,0
0,0,0,0,0,3001,609,3610,14420,18030,0.0115928,0.291644,-0.956457,0
0,0,0,0,0,3601,703,4304,16894,21198,-0.00974544,0.360162,-0.932839,0
0,0,0,0,0,2820,570,3390,13274,16664,-0.0128259,0.404262,-0.914553,0
0,0,0,0,0,4295,862,5157,17439,22596,-0.0101873,0.407861,-0.912987,0
0,0,0,0,0,2547,502,3049,11696,14745,-0.00922454,0.383996,-0.923288,0
0,0,0,0,0,2830,567,3397,12890,16287,-0.0113083,0.34018,-0.940292,0
0,0,0,0,0,3422,700,4122,15511,19633,-0.0205316,0.293348,-0.955785,0
0,0,0,0,0,2691,562,3253,12067,15320,-0.0363035,0.268862,-0.962494,0
0,0,0,0,0,3813,723,4536,13873,18409,-0.056742,0.225516,-0.972586,0
0,0,0,0,0,2591,505,3096,11092,14188,-0.073306,0.0958448,-0.992693,0
0,0,0,0,0,2498,495,2993,10290,13283,-0.0890088,0.0795806,-0.992847,0
0,0,0,0,0,2902,588,3490,12572,16062,-0.111444,0.0846922,-0.990155,0
0,0,0,0,0,2889,617,3506,11469,14975,-0.124684,0.0960641,-0.987535,0
0,0,0,0,0,4430,840,5270,15734,21004,-0.14872,0.128772,-0.980459,0
0,0,0,0,0,2635,528,3163,9906,13069,-0.150149,0.12832,-0.980301,0
0,0,0,0,0,3195,603,3798,11110,14908,-0.149229,0.157636,-0.976157,0
0,0,0,0,0,3869,846,4715,13108,17823,-0.132311,0.197798,-0.971272,0
0,0,0,0,0,3037,555,3592,9948,13540,-0.117158,0.235613,-0.964759,0
0,0,0,0,0,2173,278,2451,4877,7328,-0.101866,0.264113,-0.959097,0
0,0,0,0,0,3761,792,4553,13449,18002,-0.0785974,0.32088,-0.943853,0
0,0,0,0,0,5344,1014,6358,15488,21846,-0.0579702,0.325046,-0.94392,0
0,0,0,0,0,3896,724,4620,8732,13352,-0.0547983,0.323557,-0.944621,0
0,0,0,0,0,3110,544,3654,4944,8598,-0.05464,0.301085,-0.952031,0
0,0,0,0,0,5727,917,6644,5801,12445,-0.0683668,0.313246,-0.947208,0
0,0,0,0,0,6234,1065,7299,4813,12112,-0.0945115,0.303619,-0.948095,0
0,0,0,0,0,6202,1076,7278,7187,14465,-0.109944,0.314729,-0.942793,0
0,0,0,0,0,6179,1101,7280,9466,16746,-0.10037,0.306488,-0.946568,0
0,0,0,0,0,3244,583,3827,7529,11356,-0.08495,0.319187,-0.943877,0
0,0,0,0,0,6190,1124,7314,13839,21153,-0.0374923,0.400516,-0.915522,0
0,0,0,0,0,3245,618,3863,8670,12533,-0.0200574,0.422596,-0.906096,0
0,0,0,0,0,2668,504,3172,7987,11159,-0.0183608,0.449425,-0.893129,0
0,0,0,0,0,5922,1046,6968,15822,22790,-0.0209541,0.503484,-0.863751,0
0,0,0,0,0,3124,585,3709,9752,13461,-0.0134489,0.505986,-0.862437,0
0,0,0,0,0,3528,637,4165,11804,15969,-0.0116201,0.429268,-0.903102,0
0,0,0,0,0,6269,1180,7449,19656,27105,0.0300492,0.456574,-0.889178,0
0,0,0,0,0,2657,507,3164,8491,11655,0.0353137,0.408033,-0.912284,0
0,0,0,0,0,1543,311,1854,5732,7586,0.038387,0.345927,-0.937476,0
0,0,0,0,0,1846,374,2220,7283,9503,0.0503911,0.315039,-0.94774,0
0,0,0,0,0,3615,644,4259,13974,18233,0.0487471,0.327907,-0.943451,0
0,0,0,0,0,4541,804,5345,16324,21669,0.03358,0.338509,-0.940364,0
0,0,0,0,0,2976,715,3691,11352,15043,0.0157777,0.302013,-0.953173,0
0,0,0,0,0,2518,458,2976,9356,12332,0.0138725,0.258265,-0.965974,0
0,0,0,0,0,3289,608,3897,12238,16135,0.0202549,0.227406,-0.973589,0
0,0,0,0,0,3096,553,3649,12111,15760,0.0280931,0.197905,-0.979818,0
0,0,0,0,0,3599,666,4265,14170,18435,0.0322513,0.182036,-0.982763,0
0,0,0,0,0,3576,633,4209,14465,18674,0.0322376,0.184106,-0.982378,0
0,0,0,0,0,2376,524,2900,9455,12355,0.0298934,0.156595,-0.98721,0
0,0,0,0,0,6073,1098,7171,15829,23000,0.0393632,0.144334,-0.988746,0
0,0,0,0,0,2238,402,2640,7548,10188,0.0503633,0.111434,-0.992495,0
0,0,0,0,0,2023,363,2386,7739,10125,0.0602156,0.105734,-0.99257,0
0,0,0,0,0,4102,742,4844,15558,20402,0.0641274,0.0954591,-0.993366,0
0,0,0,0,0,6643,1202,7845,18680,26525,0.000421342,0.160977,-0.986958,0
0,0,0,0,0,2715,429,3144,7814,10958,0.0218022,0.0734397,-0.997061,0
0,0,0,0,0,1491,289,1780,5076,6856,0.0386807,0.00788856,-0.999221,0
0,0,0,0,0,1926,380,2306,6247,8553,0.0164825,0.0495397,-0.998636,0
0,0,0,0,0,4095,771,4866,14610,19476,0.00306855,0.0975306,-0.995228,0
0,0,0,0,0,4144,784,4928,9285,14213,0.0174152,0.107545,-0.994048,0
0,0,0,0,0,4541,732,5273,6666,11939,0.0905879,0.113852,-0.989359,0
0,0,0,0,0,5661,1086,6747,10391,17138,0.111678,0.14316,-0.983379,0
0,0,0,0,0,3975,750,4725,7178,11903,0.0974509,0.177693,-0.979249,0
0,0,0,0,0,6527,1390,7917,10320,18237,0.0531224,0.22137,-0.973742,0
0,0,0,0,0,3353,628,3981,6220,10201,-0.00207161,0.261735,-0.965138,0
0,0,0,0,0,5151,942,6093,10322,16415,-0.0459457,0.322105,-0.945588,0
0,0,0,0,0,3826,714,4540,7689,12229,-0.0567062,0.369414,-0.927533,0
0,0,0,0,0,4781,861,5642,9919,15561,-0.0586329,0.424323,-0.903611,0
0,0,0,0,0,4422,768,5190,10479,15669,-0.0482357,0.480407,-0.875718,0
0,0,0,0,0,5902,1033,6935,11782,18717,-0.0263922,0.552532,-0.833074,0
0,0,0,0,0,2664,472,3136,6331,9467,-0.0167692,0.549895,-0.835066,0
0,0,0,0,0,2931,525,3456,6946,10402,-0.0141383,0.485637,-0.874046,0
0,0,0,0,0,4228,803,5031,12732,17763,-0.025364,0.162521,-0.986379,0
0,0,0,0,0,3239,628,3867,13348,17215,-0.0164916,0.11227,-0.993541,0
0,0,0,0,0,2684,538,3222,10855,14077,-0.0185032,0.0952455,-0.995282,0
0,0,0,0,0,3090,596,3686,13585,17271,-0.0178252,0.112618,-0.993479,0
0,0,0,0,0,7332,1491,8823,16182,25005,0.00730877,0.244105,-0.969721,0
0,0,0,0,0,2286,439,2725,8423,11148,0.00333606,0.20001,-0.979788,0
0,0,0,0,0,1348,303,1651,5962,7613,0.00040469,0.157752,-0.987479,0
0,0,0,0,0,1824,415,2239,8951,11190,0.00969707,0.186823,-0.982346,0
0,0,0,0,0,5830,1172,7002,23485,30487,0.00321341,0.315575,-0.948895,0
0,0,0,0,0,2487,507,2994,11045,14039,-0.00375339,0.304166,-0.952612,0
0,0,0,0,0,2022,407,2429,9345,11774,-0.00716634,0.341997,-0.939674,0
0,0,0,0,0,2626,539,3165,12287,15452,-0.0152198,0.396798,-0.91778,0
0,0,0,0,0,3135,638,3773,14021,17794,-0.0248075,0.447204,-0.894088,0
0,0,0,0,0,2441,538,2979,11814,14793,-0.0150884,0.455328,-0.890196,0
0,0,0,0,0,2906,596,3502,12512,16014,0.00547089,0.479742,-0.877392,0
0,0,0,0,0,3358,599,3957,11743,15700,0.0259486,0.433287,-0.900883,0
0,0,0,0,0,5656,1020,6676,15964,22640,0.0539584,0.413668,-0.908827,0
0,0,0,0,0,2271,496,2767,7309,10076,0.0530828,0.353049,-0.934098,0
0,0,0,0,0,5840,1109,6949,14272,21221,0.0337597,0.524493,-0.850745,0
0,0,0,0,0,3085,573,3658,4532,8190,0.0134182,0.41486,-0.909786,0
0,0,0,0,0,1866,334,2200,1849,4049,0.00972474,0.324357,-0.945885,0
0,0,0,0,0,4136,723,4859,4479,9338,-0.0663998,0.407144,-0.910947,0
0,0,0,0,0,6437,1118,7555,8139,15694,-0.108994,0.438178,-0.892256,0
0,0,0,0,0,5654,1019,6673,8968,15641,-0.103423,0.438885,-0.892572,0
0,0,0,0,0,3839,688,4527,8237,12764,-0.069822,0.440924,-0.894824,0
0,0,0,0,0,6584,1180,7764,14767,22531,-0.0219681,0.476966,-0.878647,0
0,0,0,0,0,6720,1221,7941,15999,23940,0.0254331,0.588941,-0.807775,0
0,0,0,0,0,3136,593,3729,7145,10874,0.0154294,0.563482,-0.825984,0
0,0,0,0,0,1927,335,2262,5164,7426,0.00414298,0.524524,-0.851386,0
0,0,0,0,0,1864,326,2190,5833,8023,-0.00724185,0.535953,-0.844217,0
0,0,0,0,0,4595,823,5418,15633,21051,-0.00386746,0.547262,-0.836952,0
0,0,0,0,0,4493,817,5310,14707,20017,-0.00405415,0.462534,-0.886592,0
0,0,0,0,0,2806,531,3337,10808,14145,0.00167738,0.334044,-0.942556,0
0,0,0,0,0,3798,717,4515,14870,19385,0.00479425,0.251225,-0.967917,0
0,0,0,0,0,3501,639,4140,14287,18427,0.0093062,0.191071,-0.981532,0
0,0,0,0,0,4347,781,5128,16734,21862,0.0130655,0.167495,-0.985786,0
0,0,0,0,0,2661,491,3152,10978,14130,0.0192105,0.163352,-0.986381,0
0,0,0,0,0,2911,546,3457,11903,15360,0.0300132,0.167456,-0.985423,0
0,0,0,0,0,4121,773,4894,16060,20954,0.0356287,0.185264,-0.982043,0
0,0,0,0,0,6364,1249,7613,15163,22776,0.0320207,0.195504,-0.98018,0
0,0,0,0,0,5838,1105,6943,13986,20929,0.0300291,0.183974,-0.982472,0
0,0,0,0,0,2154,412,2566,8630,11196,0.0295758,0.144839,-0.989013,0
0,0,0,0,0,3280,629,3909,12910,16819,0.0185443,0.140191,-0.989951,0
0,0,0,0,0,5576,1100,6676,16951,23627,0.0212431,0.141058,-0.989773,0
0,0,0,0,0,2485,481,2966,9530,12496,0.0308949,0.0891116,-0.995542,0
0,0,0,0,0,6174,1192,7366,18325,25691,0.0606787,0.102081,-0.992924,0
0,0,0,0,0,5674,1090,6764,16579,23343,0.099974,0.132124,-0.986179,0
0,0,0,0,0,2469,459,2928,8221,11149,0.105629,0.131354,-0.985692,0
0,0,0,0,0,2238,400,2638,5504,8142,0.100319,0.083655,-0.991432,0
0,0,0,0,0,6071,1054,7125,11137,18262,0.136419,0.145813,-0.979861,0
0,0,0,0,0,2610,487,3097,5628,8725,0.124616,0.185987,-0.974618,0
0,0,0,0,0,6523,1174,7697,13292,20989,0.086519,0.329343,-0.940238,0
0,0,0,0,0,4477,809,5286,8072,13358,0.0783679,0.395872,-0.914956,0
0,0,0,0,0,2808,488,3296,5683,8979,0.0722486,0.477323,-0.875753,0
0,0,0,0,0,6564,1118,7682,11745,19427,0.0850516,0.548912,-0.831542,0
0,0,0,0,0,4485,758,5243,8307,13550,0.106135,0.582212,-0.80608,0
0,0,0,0,0,3987,683,4670,7521,12191,0.132972,0.61866,-0.774325,0
0,0,0,0,0,5207,862,6069,9291,15360,0.145918,0.64841,-0.747176,0
0,0,0,0,0,3626,665,4291,7088,11379,0.139441,0.665628,-0.733141,0
0,0,0,0,0,4513,790,5303,-1000,-1000,-1,-1,-1,0
0,0,0,0,0,7076,1260,8336,18607,26943,-0.0264504,0.0892252,-0.99566,0
0,0,0,0,0,2430,440,2870,7975,10845,-0.0209034,0.0707616,-0.997274,0
0,0,0,0,0,1627,358,1985,5901,7886,-0.0175558,0.0354319,-0.999218,0
0,0,0,0,0,2050,355,2405,7629,10034,-0.0112129,0.036864,-0.999257,0
0,0,0,0,0,3646,681,4327,14851,19178,-0.0137133,0.034624,-0.999306,0
0,0,0,0,0,4106,685,4791,14626,19417,-0.0121699,0.0410045,-0.999085,0
0,0,0,0,0,2844,552,3396,11812,15208,-0.00746799,0.0481398,-0.998813,0
0,0,0,0,0,3454,773,4227,17321,21548,-0.0154559,0.0603341,-0.998059,0
0,0,0,0,0,7064,1191,8255,21098,29353,-0.0102812,0.204218,-0.978871,0
0,0,0,0,0,2149,429,2578,8550,11128,-0.00765592,0.15887,-0.98727,0
0,0,0,0,0,1325,247,1572,6146,7718,-0.0106263,0.0992862,-0.995002,0
0,0,0,0,0,1459,286,1745,6965,8710,-0.0102581,0.121978,-0.99248,0
0,0,0,0,0,3656,804,4460,17720,22180,-0.00554071,0.168044,-0.985764,0
0,0,0,0,0,5750,1141,6891,21168,28059,0.010272,0.387594,-0.921773,0
0,0,0,0,0,2255,415,2670,8745,11415,0.0069493,0.331445,-0.943449,0
0,0,0,0,0,1390,349,1739,5809,7548,0.000269826,0.275159,-0.961399,0
0,0,0,0,0,1256,242,1498,5798,7296,-0.00508163,0.269543,-0.962975,0
0,0,0,0,0,2736,538,3274,12069,15343,-0.00839991,0.279378,-0.960145,0
0,0,0,0,0,5229,1022,6251,18520,24771,0.0266055,0.325655,-0.945114,0
0,0,0,0,0,2417,460,2877,9309,12186,0.0320242,0.311926,-0.949566,0
0,0,0,0,0,5438,1066,6504,16250,22754,0.050099,0.346748,-0.93662,0
0,0,0,0,0,2395,456,2851,9191,12042,0.0579378,0.308679,-0.9494,0
0,0,0,0,0,4080,788,4868,14456,19324,0.0700673,0.273909,-0.9592,0
0,0,0,0,0,4148,765,4913,12256,17169,0.046485,0.223882,-0.973507,0
0,0,0,0,0,2538,475,3013,7708,10721,0.0205212,0.189907,-0.981588,0
0,0,0,0,0,5515,1004,6519,13581,20100,-0.00896774,0.190782,-0.981591,0
0,0,0,0,0,2984,547,3531,7116,10647,-0.0159328,0.185443,-0.982526,0
0,0,0,0,0,6063,969,7032,11238,18270,0.00222317,0.184472,-0.982835,0
0,0,0,0,0,5446,968,6414,7940,14354,0.0335111,0.174505,-0.984086,0
0,0,0,0,0,2945,557,3502,6110,9612,0.0427893,0.159796,-0.986222,0
0,0,0,0,0,6691,1104,7795,11009,18804,0.0378153,0.14871,-0.988158,0
0,0,0,0,0,3857,726,4583,7009,11592,0.0307897,0.140649,-0.989581,0
0,0,0,0,0,3795,661,4456,6706,11162,0.0260659,0.133002,-0.990773,0
0,0,0,0,0,4874,858,5732,7960,13692,0.0289227,0.123917,-0.991871,0
0,0,0,0,0,6016,1069,7085,7616,14701,0.0373212,0.117766,-0.99234,0
0,0,0,0,0,4031,828,4859,5048,9907,0.0351496,0.119765,-0.99218,0
0,0,0,0,0,5843,977,6820,6965,13785,0.0337372,0.131635,-0.990724,0
0,0,0,0,0,3875,714,4589,5642,10231,0.0336171,0.132394,-0.990627,0
0,0,0,0,0,5855,1042,6897,9343,16240,0.0475304,0.130314,-0.990333,0
0,0,0,0,0,6121,1056,7177,8542,15719,0.056657,0.129079,-0.990015,0
0,0,0,0,0,4260,821,5081,6030,11111,0.0574318,0.126913,-0.99025,0
0,0,0,0,0,5429,942,6371,7542,13913,0.0526989,0.129104,-0.99023,0
0,0,0,0,0,5442,973,6415,7557,13972,0.0529081,0.129449,-0.990174,0
0,0,0,0,0,3870,666,4536,5305,9841,0.0533103,0.121077,-0.991211,0
0,0,0,0,0,4931,865,5796,6391,12187,0.0570595,0.109567,-0.99234,0
0,0,0,0,0,6586,1059,7645,7059,14704,0.0572448,0.0985492,-0.993484,0
0,0,0,0,0,6140,1070,7210,5903,13113,0.0520276,0.0818075,-0.995289,0
0,0,0,0,0,4255,717,4972,3704,8676,0.0442128,0.0668808,-0.996781,0
0,0,0,0,0,4124,738,4862,2758,7620,0.0257938,0.0318779,-0.999159,0
0,0,0,0,0,5402,934,6336,1685,8021,0.0153453,0.0151331,-0.999768,0
0,0,0,0,0,5875,973,6848,1219,8067,0.0112902,0.00849675,-0.9999,0
0,0,0,0,0,6023,1049,7072,1245,8317,0.0142737,0.0106217,-0.999842,0
0,0,0,0,0,5664,898,6562,1069,7631,0.01965,0.0156855,-0.999684,0
0,0,0,0,0,5396,905,6301,1148,7449,0.0244378,0.0193531,-0.999514,0
0,0,0,0,0,6063,1033,7096,1446,8542,0.0258447,0.0194955,-0.999476,0
0,0,0,0,0,6091,1005,7096,1447,8543,0.0251542,0.0177855,-0.999525,0
0,0,0,0,0,5322,904,6226,1277,7503,0.0223069,0.0121302,-0.999678,0
0,0,0,0,0,5955,1049,7004,1396,8400,0.0222233,0.0076801,-0.999724,0
0,0,0,0,0,5977,1076,7053,1412,8465,0.0226516,0.00385952,-0.999736,0
0,0,0,0,0,6397,1045,7442,1480,8922,0.0228015,0.00209804,-0.999738,0
0,0,0,0,0,6273,1018,7291,1361,8652,0.0205139,0.00226031,-0.999787,0
0,0,0,0,0,6847,1018,7865,1330,9195,0.017089,0.00237223,-0.999851,0
0,0,0,0,0,6169,1036,7205,916,8121,0.015402,0.0015808,-0.99988,0
0,0,0,0,0,4243,707,4950,851,5801,0.0178573,0.000413166,-0.99984,0
0,0,0,0,0,5472,930,6402,1190,7592,0.0216426,-0.000919684,-0.999765,0
0,0,0,0,0,5760,975,6735,1253,7988,0.0232003,-0.00154315,-0.99973,0
0,0,0,0,0,6283,1059,7342,1324,8666,0.0173413,0.00285429,-0.999846,0
0,0,0,0,0,4450,763,5213,838,6051,0.0164919,0.00386601,-0.999857,0
0,0,0,0,0,3894,761,4655,791,5446,0.016447,0.00467386,-0.999854,0
0,0,0,0,0,6428,1052,7480,1238,8718,0.0169729,0.00418427,-0.999847,0
0,0,0,0,0,6286,1024,7310,1188,8498,0.0176299,0.00358904,-0.999838,0
0,0,0,0,0,6409,1324,7733,1079,8812,0.017855,0.00212414,-0.999838,0
0,0,0,0,0,5431,939,6370,1224,7594,0.0157662,0.000431159,-0.999876,0
0,0,0,0,0,5367,867,6234,1209,7443,0.0126807,-0.000885025,-0.999919,0
0,0,0,0,0,5889,1055,6944,1336,8280,0.0118,-0.00168113,-0.999929,0
0,0,0,0,0,6692,1057,7749,1413,9162,0.0111186,-0.00249305,-0.999935,0
0,0,0,0,0,5968,1044,7012,1460,8472,0.0114557,-0.00317186,-0.999929,0
0,0,0,0,0,6032,1000,7032,1375,8407,0.0131383,-0.00267744,-0.99991,0
0,0,0,0,0,5849,955,6804,1274,8078,0.0128141,-0.00386909,-0.99991,0
0,0,0,0,0,5959,980,6939,1337,8276,0.0128456,-0.00417372,-0.999909,0
0,0,0,0,0,6812,974,7786,1321,9107,0.0125128,-0.00387536,-0.999914,0
0,0,0,0,0,5924,1011,6935,1274,8209,0.0120822,-0.00265061,-0.999923,0
0,0,0,0,0,5891,1002,6893,1273,8166,0.0129959,-0.0028728,-0.999911,0
0,0,0,0,0,5970,983,6953,1251,8204,0.0142451,-0.00401374,-0.99989,0
0,0,0,0,0,5918,1013,6931,1310,8241,0.014818,-0.00459088,-0.99988,0
0,0,0,0,0,6160,1127,7287,1534,8821,0.014745,-0.00424594,-0.999882,0
0,0,0,0,0,5931,979,6910,1350,8260,0.0146537,-0.00403376,-0.999885,0
0,0,0,0,0,6009,984,6993,1328,8321,0.0143121,-0.00404948,-0.999889,0
0,0,0,0,0,5967,1061,7028,1336,8364,0.0135556,-0.00504402,-0.999895,0
0,0,0,0,0,6036,1028,7064,1298,8362,0.0142851,-0.00676038,-0.999875,0
0,0,0,0,0,6137,1161,7298,1441,8739,0.0138789,-0.00658238,-0.999882,0
0,0,0,0,0,6349,1033,7382,1328,8710,0.0134223,-0.00555483,-0.999894,0
0,0,0,0,0,5919,1027,6946,1318,8264,0.0132513,-0.00429922,-0.999903,0
0,0,0,0,0,5942,1034,6976,1361,8337,0.0133376,-0.00363165,-0.999904,0
0,0,0,0,0,5959,1030,6989,1371,8360,0.0139622,-0.00387346,-0.999895,0
0,0,0,0,0,5872,666,6538,865,7403,0.0135764,-0.00414721,-0.999899,0
0,0,0,0,0,3101,510,3611,709,4320,0.0137067,-0.00444311,-0.999896,0
0,0,0,0,0,6061,963,7024,1319,8343,0.0134468,-0.00425702,-0.999901,0
0,0,0,0,0,5924,977,6901,1416,8317,0.0136303,-0.00300567,-0.999903,0
0,0,0,0,0,5926,1008,6934,1250,8184,0.0143618,-0.00333104,-0.999891,0
0,0,0,0,0,6070,1066,7136,1379,8515,0.0144679,-0.00430932,-0.999886,0
0,0,0,0,0,5993,963,6956,1377,8333,0.0143807,-0.00490259,-0.999885,0
0,0,0,0,0,5986,1024,7010,1289,8299,0.014252,-0.00511021,-0.999885,0
0,0,0,0,0,5843,974,6817,1188,8005,0.0143001,-0.00635817,-0.999877,0
0,0,0,0,0,6004,974,6978,1259,8237,0.0135344,-0.00718321,-0.999883,0
0,0,0,0,0,5839,957,6796,1249,8045,0.0134264,-0.00731398,-0.999883,0
0,0,0,0,0,5972,983,6955,1228,8183,0.0136148,-0.00776738,-0.999877,0
0,0,0,0,0,5434,866,6300,1179,7479,0.0128163,-0.00764757,-0.999889,0
0,0,0,0,0,5950,998,6948,1279,8227,0.0129059,-0.00897789,-0.999876,0
0,0,0,0,0,5984,1030,7014,1291,8305,0.0109873,-0.00891723,-0.9999,0
0,0,0,0,0,5376,865,6241,1119,7360,0.00937714,-0.0089222,-0.999916,0
0,0,0,0,0,6003,964,6967,1379,8346,0.00882864,-0.00952532,-0.999916,0
0,0,0,0,0,5963,1029,6992,1272,8264,0.00934835,-0.0100678,-0.999906,0
0,0,0,0,0,5999,969,6968,1272,8240,0.0103506,-0.0096031,-0.9999,0
0,0,0,0,0,5839,980,6819,1299,8118,0.0115582,-0.00937055,-0.999889,0
0,0,0,0,0,5936,956,6892,1225,8117,0.0132139,-0.0099628,-0.999863,0
0,0,0,0,0,5942,1035,6977,1244,8221,0.0137803,-0.00952468,-0.99986,0
0,0,0,0,0,5960,997,6957,1401,8358,0.0131599,-0.00880988,-0.999875,0
0,0,0,0,0,5923,961,6884,1237,8121,0.0124727,-0.00910486,-0.999881,0
0,0,0,0,0,6501,1115,7616,1153,8769,0.0118724,-0.00931058,-0.999886,0
0,0,0,0,0,6421,1377,7798,1322,9120,0.012091,-0.00985184,-0.999878,0
0,0,0,0,0,6074,991,7065,1326,8391,0.0121071,-0.010276,-0.999874,0
0,0,0,0,0,6100,1040,7140,1324,8464,0.0129741,-0.0101567,-0.999864,0
0,0,0,0,0,5973,991,6964,1239,8203,0.0128695,-0.0111978,-0.999855,0
0,0,0,0,0,5828,892,6720,1218,7938,0.0138653,-0.0106281,-0.999847,0
0,0,0,0,0,6013,963,6976,1297,8273,0.0131296,-0.00982102,-0.999866,0
0,0,0,0,0,6938,1008,7946,1203,9149,0.0147057,-0.00769117,-0.999862,0
0,0,0,0,0,6534,992,7526,851,8377,0.0156896,-0.00660518,-0.999855,0
0,0,0,0,0,5976,1047,7023,1241,8264,0.0156379,-0.00644826,-0.999857,0
0,0,0,0,0,6227,911,7138,1258,8396,0.0150462,-0.00661177,-0.999865,0
0,0,0,0,0,6095,1036,7131,1267,8398,0.0148519,-0.00625141,-0.99987,0
0,0,0,0,0,5889,1017,6906,1262,8168,0.0144011,-0.00595867,-0.999878,0
0,0,0,0,0,6022,1004,7026,1308,8334,0.0141986,-0.00659415,-0.999877,0
0,0,0,0,0,6389,1062,7451,1296,8747,0.0143365,-0.00687173,-0.999874,0
0,0,0,0,0,6120,1076,7196,1268,8464,0.0137749,-0.00750993,-0.999877,0
0,0,0,0,0,4124,682,4806,918,5724,0.0137024,-0.00790836,-0.999875,0
0,0,0,0,0,5838,985,6823,1503,8326,0.0127327,-0.00882397,-0.99988,0
0,0,0,0,0,5851,1069,6920,1275,8195,0.0133278,-0.00936833,-0.999867,0
0,0,0,0,0,6466,1003,7469,1266,8735,0.0132149,-0.0101507,-0.999861,0
0,0,0,0,0,5980,971,6951,1263,8214,0.0127731,-0.0105721,-0.999862,0
0,0,0,0,0,5880,1031,6911,1326,8237,0.0116024,-0.0103691,-0.999879,0
0,0,0,0,0,5858,1034,6892,1174,8066,0.0129608,-0.0103588,-0.999862,0
0,0,0,0,0,5958,993,6951,1203,8154,0.0136664,-0.0105732,-0.999851,0
0,0,0,0,0,5855,1022,6877,1286,8163,0.0133355,-0.0105586,-0.999855,0
0,0,0,0,0,6048,895,6943,1311,8254,0.0137509,-0.00987223,-0.999857,1
0,0,0,0,0,6384,1003,7387,1326,8713,0.0136694,-0.00959499,-0.999861,1
0,0,0,0,0,6134,1002,7136,1404,8540,0.0130852,-0.00888853,-0.999875,1
0,0,0,0,0,6130,1005,7135,1425,8560,0.013131,-0.00877967,-0.999875,1
0,0,0,0,0,6136,1010,7146,1309,8455,0.0131014,-0.00910523,-0.999873,1
0,0,0,0,0,6007,1007,7014,1289,8303,0.0127087,-0.0100028,-0.999869,1
0,0,0,0,0,5831,1009,6840,1290,8130,0.0125616,-0.010293,-0.999868,1
0,0,0,0,0,5973,1011,6984,1296,8280,0.0129349,-0.010059,-0.999866,1
0,0,0,0,0,5994,1069,7063,1566,8629,0.013714,-0.0100777,-0.999855,1
0,0,0,0,0,6002,1006,7008,1323,8331,0.0141535,-0.00912353,-0.999858,1
0,0,0,0,0,6356,968,7324,1192,8516,0.0145066,-0.00753925,-0.999866,1
0,0,0,0,0,5903,1047,6950,1196,8146,0.014343,-0.00717247,-0.999871,1
0,0,0,0,0,6074,992,7066,1230,8296,0.0145271,-0.00803735,-0.999862,1
0,0,0,0,0,6017,958,6975,1261,8236,0.014678,-0.00684883,-0.999869,1
0,0,0,0,0,5949,1012,6961,1224,8185,0.015489,-0.00653891,-0.999859,1
0,0,0,0,0,5946,1028,6974,1175,8149,0.0152444,-0.00764394,-0.999855,1
0,0,0,0,0,5979,1034,7013,1248,8261,0.0158477,-0.00704714,-0.99985,1
0,0,0,0,0,6435,999,7434,1278,8712,0.0152953,-0.00706219,-0.999858,1
0,0,0,0,0,4186,689,4875,921,5796,0.0147956,-0.0064903,-0.999869,1
0,0,0,0,0,6350,996,7346,1224,8570,0.0142806,-0.00577464,-0.999881,1
0,0,0,0,0,6087,987,7074,1244,8318,0.0142535,-0.00552047,-0.999883,1
0,0,0,0,0,6171,1045,7216,1181,8397,0.016108,-0.0049316,-0.999858,1
0,0,0,0,0,6121,959,7080,1196,8276,0.0159266,-0.0054519,-0.999858,1
0,0,0,0,0,6046,1003,7049,1177,8226,0.0155864,-0.0055308,-0.999863,1
0,0,0,0,0,6065,993,7058,1174,8232,0.0148333,-0.00500876,-0.999877,1
0,0,0,0,0,6004,1023,7027,1213,8240,0.0151845,-0.00471596,-0.999874,1
0,0,0,0,0,5830,941,6771,1260,8031,0.0153347,-0.00572117,-0.999866,1
0,0,0,0,0,5971,1048,7019,1212,8231,0.0157313,-0.00643609,-0.999856,1
0,0,0,0,0,5963,1003,6966,1228,8194,0.016402,-0.0060965,-0.999847,1
0,0,0,0,0,5969,962,6931,1410,8341,0.015803,-0.0060376,-0.999857,1
0,0,0,0,0,6054,1081,7135,1238,8373,0.016039,-0.00573562,-0.999855,1
0,0,0,0,0,4119,694,4813,853,5666,0.0155113,-0.00557919,-0.999864,1
0,0,0,0,0,6027,961,6988,1345,8333,0.0152037,-0.00520033,-0.999871,1
0,0,0,0,0,6138,998,7136,1304,8440,0.0157156,-0.00542841,-0.999862,1
0,0,0,0,0,5942,962,6904,1257,8161,0.0173465,-0.00593141,-0.999832,1
0,0,0,0,0,6129,993,7122,1258,8380,0.0180185,-0.00537312,-0.999823,1
0,0,0,0,0,6063,1017,7080,1374,8454,0.0169774,-0.00552477,-0.999841,1
0,0,0,0,0,6010,1067,7077,1279,8356,0.0164668,-0.00479929,-0.999853,1
0,0,0,0,0,6025,1026,7051,1308,8359,0.0157845,-0.00458694,-0.999865,1
0,0,0,0,0,6018,1057,7075,1330,8405,0.0128683,-0.00487411,-0.999905,1
0,0,0,0,0,6086,978,7064,1276,8340,0.00996041,-0.00567397,-0.999934,1
0,0,0,0,0,6398,971,7369,1219,8588,0.00892808,-0.00776871,-0.99993,1
0,0,0,0,0,5996,999,6995,1144,8139,0.0103897,-0.0088602,-0.999907,1
0,0,0,0,0,6036,1018,7054,1317,8371,0.0107292,-0.00698681,-0.999918,1
0,0,0,0,0,5996,1009,7005,1374,8379,0.0106389,-0.00658157,-0.999922,1
0,0,0,0,0,5983,1262,7245,1287,8532,0.0107566,-0.00749005,-0.999914,1
0,0,0,0,0,6011,1011,7022,1278,8300,0.0119592,-0.00792596,-0.999897,1
0,0,0,0,0,6560,1006,7566,1349,8915,0.0111918,-0.00854772,-0.999901,1
0,0,0,0,0,5393,979,6372,1154,7526,0.0080623,-0.00956885,-0.999922,1
0,0,0,0,0,5998,1006,7004,1380,8384,0.00468908,-0.0070506,-0.999964,1
0,0,0,0,0,6026,1008,7034,1374,8408,0.00337268,-0.00320628,-0.999989,1
0,0,0,0,0,6008,1071,7079,1303,8382,0.00733313,-0.00125154,-0.999972,1
0,0,0,0,0,5846,1042,6888,1380,8268,0.0106073,-0.00321991,-0.999939,1
0,0,0,0,0,5937,986,6923,1228,8151,0.0127011,-0.00654156,-0.999898,1
0,0,0,0,0,5987,956,6943,1386,8329,0.0138446,-0.0125665,-0.999825,1
0,0,0,0,0,5804,1098,6902,1382,8284,0.0105793,-0.0171393,-0.999797,1
0,0,0,0,0,6026,1046,7072,1380,8452,0.0055727,-0.0185355,-0.999813,1
0,0,0,0,0,5973,961,6934,1308,8242,0.00500618,-0.0164601,-0.999852,1
0,0,0,0,0,5848,688,6536,913,7449,0.00603348,-0.0150829,-0.999868,1
0,0,0,0,0,5880,1027,6907,1372,8279,0.00940657,-0.0119765,-0.999884,1
0,0,0,0,0,5954,1017,6971,1272,8243,0.00981799,-0.00856712,-0.999915,1
0,0,0,0,0,6365,1017,7382,1255,8637,0.0127699,-0.00290379,-0.999914,1
0,0,0,0,0,5868,983,6851,1229,8080,0.0112977,0.00187867,-0.999934,1
0,0,0,0,0,5938,1012,6950,1277,8227,0.012577,0.00761174,-0.999892,1
0,0,0,0,0,5968,965,6933,1355,8288,0.0132634,0.0143885,-0.999808,1
0,0,0,0,0,5929,964,6893,1666,8559,0.0149941,0.025652,-0.999558,1
0,0,0,0,0,5886,1003,6889,1769,8658,0.0183912,0.042993,-0.998906,1
0,0,0,0,0,5994,1034,7028,2197,9225,0.0207276,0.06989,-0.997339,1
0,0,0,0,0,5585,915,6500,2508,9008,0.0264302,0.105697,-0.994047,1
0,0,0,0,0,5480,958,6438,5446,11884,0.0331913,0.161106,-0.986379,1
0,0,0,0,0,6170,1074,7244,7274,14518,0.0442247,0.182587,-0.982195,1
0,0,0,0,0,6133,1057,7190,6474,13664,0.0628004,0.208332,-0.97604,1
0,0,0,0,0,4268,739,5007,4567,9574,0.0736299,0.204744,-0.976042,1
0,0,0,0,0,6156,1070,7226,7426,14652,0.0866712,0.225385,-0.970407,1
0,0,0,0,0,5591,980,6571,7905,14476,0.0861224,0.256772,-0.962627,1
0,0,0,0,0,3991,688,4679,7198,11877,0.0656255,0.253015,-0.965234,1
0,0,0,0,0,4082,729,4811,8260,13071,0.0526177,0.232134,-0.97126,1
0,0,0,0,0,3222,630,3852,8031,11883,0.0565946,0.204667,-0.977194,1
0,0,0,0,0,3720,709,4429,12247,16676,0.061545,0.191905,-0.979482,1
0,0,0,0,0,3802,692,4494,11673,16167,0.0598776,0.175024,-0.982742,1
0,0,0,0,0,2400,477,2877,9229,12106,0.0458251,0.171826,-0.984061,1
0,0,0,0,0,2779,538,3317,10481,13798,0.0310354,0.182669,-0.982684,1
0,0,0,0,0,3382,662,4044,12913,16957,0.0159992,0.2048,-0.978673,1
0,0,0,0,0,4105,761,4866,16261,21127,0.0171774,0.215663,-0.976317,1
0,0,0,0,0,2551,495,3046,10641,13687,0.0245487,0.175021,-0.984259,1
0,0,0,0,0,2611,483,3094,11529,14623,0.0409405,0.101383,-0.994005,1
0,0,0,0,0,3742,688,4430,14725,19155,0.0470872,0.11811,-0.991883,1
0,0,0,0,0,6194,1164,7358,16695,24053,0.0462538,0.129941,-0.990442,1
0,0,0,0,0,2376,437,2813,9174,11987,0.0470957,0.0900209,-0.994826,1
0,0,0,0,0,3096,579,3675,11921,15596,0.0469055,0.106046,-0.993254,1
0,0,0,0,0,5547,1013,6560,19401,25961,0.0424038,0.1073,-0.993322,1
0,0,0,0,0,2592,483,3075,10231,13306,0.0367399,0.0988,-0.994429,1
0,0,0,0,0,6433,1223,7656,17505,25161,0.0362867,0.153576,-0.98747,1
0,0,0,0,0,2148,403,2551,8676,11227,0.0321975,0.117128,-0.992595,1
0,0,0,0,0,2338,547,2885,9122,12007,0.026672,0.121204,-0.992269,1
0,0,0,0,0,5538,1043,6581,18288,24869,0.0196466,0.122793,-0.992238,1
0,0,0,0,0,2508,475,2983,8984,11967,0.0299975,0.0719795,-0.996955,1
0,0,0,0,0,3416,651,4067,12288,16355,0.0487351,0.0147639,-0.998703,1
0,0,0,0,0,4109,803,4912,14636,19548,0.0642259,-0.0494535,-0.996709,1
0,0,0,0,0,2560,550,3110,9485,12595,0.0693174,-0.0939527,-0.993161,1
0,0,0,0,0,4408,841,5249,16646,21895,0.0627684,-0.122128,-0.990528,1
0,0,0,0,0,3297,645,3942,12350,16292,0.0439143,-0.131022,-0.990406,1
0,0,0,0,0,4064,772,4836,14502,19338,0.0507553,-0.15017,-0.987356,1
0,0,0,0,0,3067,587,3654,10999,14653,0.0684957,-0.167724,-0.983452,1
0,0,0,0,0,5751,1113,6864,17277,24141,0.0687914,-0.0950097,-0.993097,1
0,0,0,0,0,2503,466,2969,6981,9950,0.0503965,-0.093407,-0.994352,1
0,0,0,0,0,1541,314,1855,4284,6139,0.0299503,-0.102067,-0.994327,1
0,0,0,0,0,5048,971,6019,13646,19665,0.0318723,-0.052232,-0.998126,1
0,0,0,0,0,2810,538,3348,8100,11448,0.0366718,-0.0197322,-0.999133,1
0,0,0,0,0,3173,600,3773,6155,9928,0.11197,-0.00857047,-0.993675,1
0,0,0,0,0,5423,973,6396,10230,16626,0.124799,0.012791,-0.9921,1
0,0,0,0,0,5044,965,6009,8602,14611,0.114329,0.037818,-0.992723,1
0,0,0,0,0,4253,698,4951,5905,10856,0.0830291,0.0794274,-0.993377,1
0,0,0,0,0,6543,1165,7708,9369,17077,0.0401523,0.164446,-0.985568,1
0,0,0,0,0,3225,587,3812,5463,9275,0.0161732,0.210035,-0.97756,1
0,0,0,0,0,4956,862,5818,8376,14194,0.0127184,0.269541,-0.962905,1
0,0,0,0,0,4856,911,5767,7824,13591,0.02557,0.313709,-0.949175,1
0,0,0,0,0,3588,646,4234,6308,10542,0.0369854,0.330942,-0.942926,1
0,0,0,0,0,5891,1037,6928,9490,16418,0.0347678,0.35299,-0.934981,1
0,0,0,0,0,4167,774,4941,7165,12106,0.0219162,0.376842,-0.926018,1
0,0,0,0,0,5920,1062,6982,9652,16634,0.0111896,0.422648,-0.906225,1
0,0,0,0,0,4340,807,5147,7409,12556,0.00456386,0.464421,-0.885603,1
0,0,0,0,0,4253,772,5025,7505,12530,-0.00815594,0.536601,-0.843796,1
0,0,0,0,0,5462,992,6454,9127,15581,-0.0226126,0.602712,-0.797638,1
0,0,0,0,0,3989,707,4696,6704,11400,-0.0134361,0.66302,-0.748482,1
0,0,0,0,0,6098,1065,7163,-1000,-1000,-1,-1,-1,1
0,0,0,0,0,3283,631,3914,12557,16471,0.00288503,-0.0320789,-0.999481,1
0,0,0,0,0,3002,599,3601,12016,15617,0.0121789,-0.0391246,-0.99916,1
0,0,0,0,0,4474,902,5376,16181,21557,0.000251116,-0.0281594,-0.999603,1
0,0,0,0,0,2193,445,2638,9279,11917,-0.01432,-0.0336413,-0.999331,1
0,0,0,0,0,5569,1054,6623,20670,27293,-0.0324385,0.0212532,-0.999248,1
0,0,0,0,0,2465,482,2947,9839,12786,-0.0260481,-0.0112325,-0.999598,1
0,0,0,0,0,1690,342,2032,7644,9676,-0.0210579,0.0048289,-0.999767,1
0,0,0,0,0,2678,562,3240,12515,15755,-0.00795286,0.0303505,-0.999508,1
0,0,0,0,0,3178,667,3845,15585,19430,-0.00199029,0.0336084,-0.999433,1
0,0,0,0,0,2544,546,3090,11784,14874,-0.00590432,0.0331879,-0.999432,1
0,0,0,0,0,5983,1195,7178,19612,26790,-0.0277401,0.238765,-0.970681,1
0,0,0,0,0,2313,411,2724,8615,11339,-0.0223833,0.166324,-0.985817,1
0,0,0,0,0,1539,345,1884,6385,8269,-0.0145497,0.0682285,-0.997564,1
0,0,0,0,0,1408,309,1717,6558,8275,-0.011515,0.0917529,-0.995715,1
0,0,0,0,0,2252,494,2746,10987,13733,0.00150017,0.116556,-0.993183,1
0,0,0,0,0,4291,880,5171,17321,22492,0.0338064,0.131224,-0.990776,1
0,0,0,0,0,3181,680,3861,12128,15989,0.0343406,0.111923,-0.993123,1
0,0,0,0,0,2457,495,2952,9378,12330,0.0236876,0.0819608,-0.996354,1
0,0,0,0,0,4257,873,5130,15182,20312,0.00534912,0.0754098,-0.997138,1
0,0,0,0,0,2553,511,3064,9261,12325,-0.00322775,0.0521478,-0.998634,1
0,0,0,0,0,5627,1009,6636,14177,20813,0.00428539,0.0468618,-0.998892,1
0,0,0,0,0,2796,548,3344,9390,12734,0.00788462,0.0428039,-0.999052,1
0,0,0,0,0,5041,1005,6046,16055,22101,0.0082968,0.0660967,-0.997779,1
0,0,0,0,0,2777,544,3321,9190,12511,0.00550786,0.0708525,-0.997472,1
0,0,0,0,0,5612,1123,6735,14515,21250,-0.00333638,0.10986,-0.993942,1
0,0,0,0,0,2711,544,3255,7981,11236,-0.00489649,0.093351,-0.995621,1
0,0,0,0,0,3993,793,4786,10639,15425,0.00483698,0.0848032,-0.996386,1
0,0,0,0,0,4831,940,5771,10798,16569,0.00909627,0.0859929,-0.996254,1
0,0,0,0,0,3473,635,4108,6453,10561,0.01412,0.0664689,-0.997689,1
0,0,0,0,0,5639,1013,6652,8556,15208,0.00210022,0.0841238,-0.996453,1
0,0,0,0,0,5772,1122,6894,8272,15166,0.00139529,0.0845219,-0.996421,1
0,0,0,0,0,3057,554,3611,6101,9712,-0.0153675,0.052588,-0.998498,1
0,0,0,0,0,5248,893,6141,13421,19562,-0.0308679,0.125564,-0.991605,1
0,0,0,0,0,3561,661,4222,12090,16312,-0.032492,0.141523,-0.989401,1
0,0,0,0,0,3411,660,4071,12549,16620,-0.0191789,0.192979,-0.981016,1
0,0,0,0,0,5709,1214,6923,15567,22490,-0.014966,0.183966,-0.982819,1
0,0,0,0,0,2245,433,2678,8841,11519,-0.00964121,0.155101,-0.987852,1
0,0,0,0,0,2815,499,3314,10408,13722,-0.0124168,0.0759632,-0.997033,1
0,0,0,0,0,3766,686,4452,14066,18518,-0.00287793,0.0740136,-0.997253,1
0,0,0,0,0,4429,754,5183,15264,20447,0.0123088,0.101444,-0.994765,1
0,0,0,0,0,2726,476,3202,9858,13060,0.0229371,0.015959,-0.99961,1
0,0,0,0,0,2159,387,2546,8182,10728,0.0522974,-0.00725065,-0.998605,1
0,0,0,0,0,4691,819,5510,17287,22797,0.0660698,-0.00217653,-0.997813,1
0,0,0,0,0,3436,620,4056,12611,16667,0.0609335,-0.0279001,-0.997752,1
0,0,0,0,0,5971,1066,7037,13112,20149,0.0451269,-0.069063,-0.996591,1
0,0,0,0,0,1837,348,2185,7036,9221,0.0190719,-0.165524,-0.986021,1
0,0,0,0,0,3647,698,4345,14016,18361,0.0335244,-0.14843,-0.988354,1
0,0,0,0,0,4200,693,4893,12633,17526,0.041642,-0.180911,-0.982617,1
0,0,0,0,0,2303,449,2752,8614,11366,0.0360964,-0.190844,-0.980956,1
0,0,0,0,0,3737,718,4455,13733,18188,0.0393566,-0.157587,-0.986721,1
0,0,0,0,0,3673,725,4398,13515,17913,0.0387114,-0.154763,-0.987193,1
0,0,0,0,0,2861,529,3390,9885,13275,0.030009,-0.12693,-0.991458,1
0,0,0,0,0,3413,684,4097,11848,15945,-0.000446518,-0.0975645,-0.995229,1
0,0,0,0,0,4286,785,5071,13653,18724,-0.0199085,-0.103128,-0.994469,1
0,0,0,0,0,3211,667,3878,9638,13516,-0.0234023,-0.111026,-0.993542,1
0,0,0,0,0,5124,942,6066,13612,19678,-0.0128806,-0.108494,-0.994014,1
0,0,0,0,0,3668,672,4340,9917,14257,0.00671019,-0.103254,-0.994632,1
0,0,0,0,0,2817,518,3335,7268,10603,0.0429113,-0.0870259,-0.995281,1
0,0,0,0,0,5722,1104,6826,13570,20396,0.0930407,0.0493659,-0.994438,1
0,0,0,0,0,3654,581,4235,5232,9467,0.12718,0.0546682,-0.990372,1
0,0,0,0,0,2042,356,2398,2584,4982,0.127319,0.0485658,-0.990672,1
0,0,0,0,0,2435,448,2883,3421,6304,0.0651087,0.195602,-0.97852,1
0,0,0,0,0,6461,1109,7570,9219,16789,0.031213,0.361471,-0.931861,1
0,0,0,0,0,4321,766,5087,5479,10566,0.00583199,0.431137,-0.902268,1
0,0,0,0,0,3662,638,4300,5392,9692,-0.0100068,0.478032,-0.878285,1
0,0,0,0,0,6593,1097,7690,8667,16357,-0.0316376,0.529116,-0.847959,1
0,0,0,0,0,4292,721,5013,6223,11236,-0.0528436,0.557318,-0.828616,1
0,0,0,0,0,4902,761,5663,6489,12152,-0.0670659,0.609843,-0.78968,1
0,0,0,0,0,4272,771,5043,6261,11304,-0.0539398,0.663926,-0.74585,1
0,0,0,0,0,4657,728,5385,-1000,-1000,-1,-1,-1,1
0,0,0,0,0,4332,797,5129,14914,20043,-0.00949471,-0.0339532,-0.999378,1
0,0,0,0,0,2665,497,3162,10209,13371,-0.000473795,-0.043039,-0.999073,1
0,0,0,0,0,2835,536,3371,11405,14776,0.00269961,-0.0313022,-0.999506,1
0,0,0,0,0,5059,992,6051,18438,24489,0.00846609,-0.0327992,-0.999426,1
0,0,0,0,0,2364,463,2827,10324,13151,-0.000329775,-0.0647633,-0.997901,1
0,0,0,0,0,6049,1182,7231,20681,27912,-0.0407866,0.0796551,-0.995988,1
0,0,0,0,0,2411,429,2840,8718,11558,-0.0473888,0.0535004,-0.997443,1
0,0,0,0,0,1607,320,1927,6420,8347,-0.0343316,-0.0155315,-0.99929,1
0,0,0,0,0,1679,340,2019,7664,9683,-0.0448375,-0.0211376,-0.998771,1
0,0,0,0,0,3734,642,4376,14970,19346,-0.0488532,-0.00228959,-0.998803,1
0,0,0,0,0,5770,1177,6947,20694,27641,-0.0571445,0.114179,-0.991815,1
0,0,0,0,0,2326,403,2729,8839,11568,-0.0482352,0.0650255,-0.996717,1
0,0,0,0,0,1546,316,1862,6429,8291,-0.0386651,0.00554694,-0.999237,1
0,0,0,0,0,1434,309,1743,6744,8487,-0.0331304,-0.000312001,-0.999451,1
0,0,0,0,0,2786,597,3383,13942,17325,-0.0186865,0.00276259,-0.999822,1
0,0,0,0,0,5092,1025,6117,18692,24809,0.0136625,0.0329673,-0.999363,1
0,0,0,0,0,2296,474,2770,10063,12833,0.0186216,0.00936298,-0.999783,1
0,0,0,0,0,2980,598,3578,12757,16335,0.0363355,0.0368498,-0.99866,1
0,0,0,0,0,5810,1139,6949,17462,24411,0.0449774,0.087528,-0.995146,1
0,0,0,0,0,2080,402,2482,8207,10689,0.0416823,0.0615418,-0.997234,1
0,0,0,0,0,3048,592,3640,12103,15743,0.031789,0.0906901,-0.995372,1
0,0,0,0,0,3748,740,4488,13823,18311,0.00769188,0.113097,-0.993554,1
0,0,0,0,0,2965,581,3546,10588,14134,-0.00927754,0.123039,-0.992358,1
0,0,0,0,0,4324,830,5154,14649,19803,-0.0201512,0.127166,-0.991677,1
0,0,0,0,0,5235,986,6221,13771,19992,-0.0157647,0.118849,-0.992787,1
0,0,0,0,0,2278,436,2714,6949,9663,-0.00363955,0.0952835,-0.995444,1
0,0,0,0,0,3798,734,4532,10061,14593,0.00318825,0.119372,-0.992844,1
0,0,0,0,0,5757,1113,6870,11787,18657,0.0012643,0.101409,-0.994844,1
0,0,0,0,0,3838,694,4532,6350,10882,-0.000414593,0.0601039,-0.998192,1
0,0,0,0,0,6782,1163,7945,5550,13495,-0.0163561,0.0410547,-0.999023,1
0,0,0,0,0,2994,553,3547,2897,6444,-0.0212702,0.0253629,-0.999452,1
0,0,0,0,0,5805,1015,6820,7715,14535,-0.0403613,0.165847,-0.985325,1
0,0,0,0,0,5452,958,6410,6413,12823,-0.0558941,0.270474,-0.961103,1
0,0,0,0,0,2940,548,3488,5945,9433,-0.0671682,0.300388,-0.951449,1
0,0,0,0,0,5313,993,6306,13426,19732,-0.0695792,0.323677,-0.943606,1
0,0,0,0,0,3923,730,4653,11601,16254,-0.061583,0.285536,-0.956387,1
0,0,0,0,0,2514,487,3001,9332,12333,-0.0372892,0.203133,-0.978441,1
0,0,0,0,0,5773,1084,6857,20333,27190,-0.00909335,0.177689,-0.984045,1
0,0,0,0,0,3441,621,4062,11476,15538,0.010713,0.0839274,-0.996414,1
0,0,0,0,0,2107,379,2486,7973,10459,0.00983877,0.0297657,-0.999509,1
0,0,0,0,0,4218,800,5018,15834,20852,-0.00801628,0.0614386,-0.998079,1
0,0,0,0,0,4177,758,4935,14483,19418,-0.0117463,0.054989,-0.998418,1
0,0,0,0,0,2664,481,3145,10161,13306,-0.00900371,0.0512893,-0.998643,1
0,0,0,0,0,3375,613,3988,12699,16687,-0.0025123,0.0499744,-0.998747,1
0,0,0,0,0,4931,888,5819,17820,23639,0.00570765,0.0481371,-0.998824,1
0,0,0,0,0,2901,558,3459,10952,14411,0.00753013,-0.0089843,-0.999931,1
0,0,0,0,0,3145,595,3740,14566,18306,-0.00549355,-0.0271651,-0.999616,1
0,0,0,0,0,3858,726,4584,14216,18800,-0.0099337,-0.0970916,-0.995226,1
0,0,0,0,0,2395,451,2846,9167,12013,-0.0101078,-0.138604,-0.990296,1
0,0,0,0,0,3790,744,4534,15996,20530,0.0164342,-0.126643,-0.991812,1
0,0,0,0,0,3761,783,4544,13124,17668,0.0360613,-0.115827,-0.992615,1
0,0,0,0,0,2364,466,2830,8597,11427,0.0489714,-0.127968,-0.990568,1
0,0,0,0,0,5337,1047,6384,15882,22266,0.0860396,-0.068284,-0.993949,1
0,0,0,0,0,2851,533,3384,7238,10622,0.138764,-0.0542176,-0.98884,1
0,0,0,0,0,4176,803,4979,7923,12902,0.158312,0.0122412,-0.987313,1
0,0,0,0,0,6195,1151,7346,7997,15343,0.142332,0.110956,-0.98358,1
0,0,0,0,0,3109,600,3709,5169,8878,0.129863,0.19927,-0.971302,1
0,0,0,0,0,5919,1101,7020,9634,16654,0.140692,0.264524,-0.954061,1
0,0,0,0,0,4171,771,4942,7040,11982,0.142397,0.281748,-0.948863,1
0,0,0,0,0,4045,728,4773,7143,11916,0.134183,0.310701,-0.940989,1
0,0,0,0,0,5597,910,6507,8929,15436,0.125963,0.356572,-0.925737,1
0,0,0,0,0,3642,689,4331,7333,11664,0.117598,0.401674,-0.908201,1
0,0,0,0,0,3592,677,4269,6746,11015,0.0997269,0.471548,-0.876183,1
0,0,0,0,0,7594,1206,8800,9472,18272,0.0843859,0.56173,-0.823006,1
0,0,0,0,0,3134,586,3720,5870,9590,0.0725566,0.620614,-0.780752,1
0,0,0,0,0,7295,1166,8461,10603,19064,0.062896,0.685179,-0.725654,1
0,0,0,0,0,4059,737,4796,-1000,-1000,-1,-1,-1,1
0,0,0,0,0,6783,1264,8047,16029,24076,-0.0446515,-0.0513855,-0.99768,1
0,0,0,0,0,2296,448,2744,9049,11793,-0.041007,-0.0750631,-0.996335,1
0,0,0,0,0,6578,1313,7891,20154,28045,-0.0208159,0.0702438,-0.997313,1
0,0,0,0,0,2621,440,3061,8406,11467,-0.0237249,0.0700985,-0.997258,1
0,0,0,0,0,1688,289,1977,6270,8247,-0.032511,-0.00565283,-0.999455,1
0,0,0,0,0,5390,1088,6478,16015,22493,-0.0163339,0.0570369,-0.998238,1
0,0,0,0,0,2009,399,2408,9317,11725,-0.0219805,0.0286658,-0.999347,1
0,0,0,0,0,3072,586,3658,14184,17842,-0.0340399,0.0811915,-0.996117,1
0,0,0,0,0,2992,613,3605,14247,17852,-0.0280209,0.0829774,-0.996157,1
0,0,0,0,0,2474,486,2960,11456,14416,-0.0192866,0.0800759,-0.996602,1
0,0,0,0,0,2864,589,3453,13281,16734,0.00167798,0.0904872,-0.995896,1
0,0,0,0,0,2899,546,3445,12627,16072,0.0360456,0.0724092,-0.996723,1
0,0,0,0,0,2836,570,3406,12171,15577,0.0508668,0.0677354,-0.996406,1
0,0,0,0,0,2874,573,3447,11856,15303,0.0544349,0.0828866,-0.995071,1
0,0,0,0,0,2944,576,3520,11833,15353,0.0480398,0.112294,-0.992513,1
0,0,0,0,0,4333,854,5187,15502,20689,0.0299566,0.18074,-0.983075,1
0,0,0,0,0,5248,1032,6280,14420,20700,0.0223575,0.209333,-0.977589,1
0,0,0,0,0,2372,448,2820,8315,11135,0.00668672,0.164475,-0.986358,1
0,0,0,0,0,3794,607,4401,10539,14940,0.00155529,0.159971,-0.98712,1
0,0,0,0,0,3251,597,3848,9180,13028,0.00786528,0.1461,-0.989239,1
0,0,0,0,0,2594,481,3075,6198,9273,0.000668896,0.118484,-0.992956,1
0,0,0,0,0,3783,670,4453,7903,12356,-0.00512474,0.106505,-0.994299,1
0,0,0,0,0,4988,850,5838,5856,11694,-0.0120152,0.0931044,-0.995584,1
0,0,0,0,0,5640,887,6527,2981,9508,-0.0383186,0.0864389,-0.99552,1
0,0,0,0,0,4982,875,5857,3467,9324,-0.0439388,0.151517,-0.987478,1
0,0,0,0,0,5980,1048,7028,6589,13617,-0.0729348,0.248114,-0.965981,1
0,0,0,0,0,4172,717,4889,5202,10091,-0.0832595,0.279508,-0.956527,1
0,0,0,0,0,5943,1043,6986,8989,15975,-0.0831831,0.283357,-0.9554,1
0,0,0,0,0,5978,1075,7053,9791,16844,-0.0810893,0.271952,-0.958888,1
0,0,0,0,0,3347,616,3963,6884,10847,-0.0691853,0.25458,-0.964574,1
0,0,0,0,0,6689,1049,7738,11478,19216,-0.0565406,0.249049,-0.966839,1
0,0,0,0,0,3082,544,3626,8034,11660,-0.0522837,0.22847,-0.972146,1
0,0,0,0,0,5021,834,5855,13121,18976,-0.0402662,0.227609,-0.97292,1
0,0,0,0,0,3512,664,4176,10602,14778,-0.0284415,0.220554,-0.97496,1
0,0,0,0,0,2841,530,3371,12719,16090,-0.016716,0.211505,-0.977234,1
0,0,0,0,0,5309,1005,6314,16366,22680,-0.00217877,0.206618,-0.978419,1
0,0,0,0,0,6643,1170,7813,19471,27284,0.0178226,0.206244,-0.978338,1
0,0,0,0,0,3170,534,3704,9653,13357,0.023368,0.155855,-0.987504,1
0,0,0,0,0,6683,1222,7905,14951,22856,0.0362875,0.14004,-0.989481,1
0,0,0,0,0,2761,471,3232,9258,12490,0.0261313,0.0766687,-0.996714,1
0,0,0,0,0,4025,760,4785,15716,20501,0.0144724,0.0375284,-0.999191,1
0,0,0,0,0,7115,924,8039,13459,21498,-0.00200817,0.025547,-0.999672,1
0,0,0,0,0,2200,413,2613,8133,10746,-0.0130278,0.0045954,-0.999905,1
0,0,0,0,0,7084,1317,8401,18234,26635,-0.011477,-0.00492453,-0.999922,1
0,0,0,0,0,2616,475,3091,8319,11410,-0.00971901,-0.0547524,-0.998453,1
0,0,0,0,0,2323,420,2743,8402,11145,-0.012928,-0.062702,-0.997949,1
0,0,0,0,0,3197,591,3788,12266,16054,-0.015433,-0.0688574,-0.997507,1
0,0,0,0,0,4648,909,5557,17158,22715,-0.010693,-0.0671038,-0.997689,1
0,0,0,0,0,2869,526,3395,11213,14608,-0.0108959,-0.059807,-0.99815,1
0,0,0,0,0,2774,480,3254,10587,13841,-0.00378914,-0.0374233,-0.999292,1
0,0,0,0,0,3710,680,4390,13951,18341,0.00826293,-0.0456383,-0.998924,1
0,0,0,0,0,2964,541,3505,11094,14599,0.0242405,-0.143871,-0.989299,1
0,0,0,0,0,3567,610,4177,13240,17417,0.0241008,-0.258049,-0.965831,1
0,0,0,0,0,3145,604,3749,12220,15969,0.0187579,-0.31432,-0.949132,1
0,0,0,0,0,3127,565,3692,14427,18119,0.0169457,-0.357939,-0.933591,1
0,0,0,0,0,2658,457,3115,6732,9847,0.00617395,-0.329703,-0.944064,1
0,0,0,0,0,1760,327,2087,6974,9061,-0.0026188,-0.319436,-0.947604,1
0,0,0,0,0,4369,817,5186,17124,22310,-0.0229499,-0.301102,-0.953316,1
0,0,0,0,0,3963,781,4744,16685,21429,-0.0247592,-0.2823,-0.959006,1
0,0,0,0,0,5695,935,6630,14166,20796,-0.0252908,-0.254838,-0.966653,1
0,0,0,0,0,2454,480,2934,9499,12433,-0.0240282,-0.231544,-0.972528,1
0,0,0,0,0,2394,453,2847,8831,11678,-0.0189858,-0.214583,-0.976521,1
0,0,0,0,0,4003,734,4737,15210,19947,0.00861475,-0.130978,-0.991348,1
0,0,0,0,0,2920,541,3461,9818,13279,0.0360514,-0.109723,-0.993308,1
0,0,0,0,0,3238,603,3841,7747,11588,0.150835,-0.132598,-0.979626,1
0,0,0,0,0,5448,1069,6517,12598,19115,0.211747,-0.0988554,-0.972312,1
0,0,0,0,0,3947,758,4705,7320,12025,0.228618,-0.0782255,-0.970368,1
0,0,0,0,0,4939,902,5841,10331,16172,0.222325,-0.0376578,-0.974245,1
0,0,0,0,0,5028,1018,6046,7327,13373,0.185024,-0.00128117,-0.982733,1
0,0,0,0,0,3619,638,4257,6134,10391,0.125606,0.0558429,-0.990507,1
0,0,0,0,0,6144,1122,7266,10894,18160,0.0921761,0.120059,-0.988478,1
0,0,0,0,0,3334,618,3952,6758,10710,0.094092,0.159139,-0.982762,1
0,0,0,0,0,6289,1183,7472,12183,19655,0.124203,0.240633,-0.962637,1
0,0,0,0,0,4354,875,5229,7511,12740,0.131478,0.288939,-0.948276,1
0,0,0,0,0,3159,560,3719,6439,10158,0.133916,0.371918,-0.918555,1
0,0,0,0,0,6695,1040,7735,10331,18066,0.086598,0.508745,-0.856551,1
0,0,0,0,0,3123,558,3681,6571,10252,0.0572454,0.560018,-0.8265,1
0,0,0,0,0,3776,725,4501,7259,11760,0.028838,0.653961,-0.755979,1
0,0,0,0,0,7073,1182,8255,-1000,-1000,-1,-1,-1,1
0,0,0,0,0,4121,808,4929,14803,19732,-0.0585468,-0.0361305,-0.997631,1
0,0,0,0,0,2184,423,2607,9022,11629,-0.0557091,-0.0549257,-0.996935,1
0,0,0,0,0,3311,660,3971,14476,18447,-0.0386411,-0.0147742,-0.999144,1
0,0,0,0,0,3225,634,3859,13084,16943,-0.0400211,-0.0198769,-0.999001,1
0,0,0,0,0,2476,470,2946,10764,13710,-0.0362793,0.00873188,-0.999304,1
0,0,0,0,0,2794,553,3347,12555,15902,-0.0374961,0.061063,-0.997429,1
0,0,0,0,0,5479,1075,6554,18164,24718,-0.0273478,0.122988,-0.992031,1
0,0,0,0,0,1975,399,2374,9364,11738,-0.03353,0.0663756,-0.997231,1
0,0,0,0,0,2140,426,2566,10053,12619,-0.0293681,0.0828457,-0.99613,1
0,0,0,0,0,5938,1210,7148,19240,26388,-0.0299164,0.0854067,-0.995897,1
0,0,0,0,0,2009,391,2400,8143,10543,-0.0286553,0.0458243,-0.998538,1
0,0,0,0,0,5921,1161,7082,18786,25868,-0.0304859,0.13072,-0.990951,1
0,0,0,0,0,2038,395,2433,8363,10796,0.00287124,0.0824591,-0.99659,1
0,0,0,0,0,1945,381,2326,7715,10041,0.0214555,0.170554,-0.985115,1
0,0,0,0,0,4321,807,5128,16516,21644,0.0288672,0.257142,-0.965942,1
0,0,0,0,0,3210,613,3823,11227,15050,0.0154815,0.232274,-0.972527,1
0,0,0,0,0,3800,683,4483,11311,15794,-0.000184849,0.25437,-0.967107,1
0,0,0,0,0,4862,852,5714,11579,17293,0.00262793,0.238789,-0.971068,1
0,0,0,0,0,3625,630,4255,6508,10763,-0.00598374,0.165201,-0.986242,1
0,0,0,0,0,6250,1047,7297,7315,14612,0.00109086,0.131755,-0.991282,1
0,0,0,0,0,4179,712,4891,2840,7731,0.00137028,0.0753207,-0.997158,1
0,0,0,0,0,5729,963,6692,2482,9174,0.0351368,0.111301,-0.993165,1
0,0,0,0,0,5992,1037,7029,3686,10715,0.0384608,0.165572,-0.985447,1
0,0,0,0,0,6065,1024,7089,4133,11222,0.0444471,0.219807,-0.97453,1
0,0,0,0,0,5471,970,6441,5087,11528,0.046081,0.313206,-0.948567,1
0,0,0,0,0,5738,1006,6744,7043,13787,0.0324249,0.380749,-0.92411,1
0,0,0,0,0,6313,1065,7378,8988,16366,-0.0102005,0.436986,-0.899411,1
0,0,0,0,0,4378,791,5169,8122,13291,-0.0468445,0.430571,-0.90134,1
0,0,0,0,0,6623,1196,7819,13200,21019,-0.0810058,0.440808,-0.893939,1
0,0,0,0,0,3429,629,4058,8667,12725,-0.0715672,0.383237,-0.920873,1
0,0,0,0,0,7716,1287,9003,16903,25906,-0.053612,0.372813,-0.926357,1
0,0,0,0,0,3097,572,3669,8832,12501,-0.0419502,0.303615,-0.951871,1
0,0,0,0,0,2846,516,3362,9566,12928,-0.0319613,0.30596,-0.951508,1
0,0,0,0,0,4661,874,5535,15867,21402,-0.0422728,0.306674,-0.950875,1
0,0,0,0,0,3610,654,4264,12736,17000,-0.0497338,0.264746,-0.963035,1
0,0,0,0,0,3355,591,3946,12442,16388,-0.0493958,0.157356,-0.986306,1
0,0,0,0,0,3918,687,4605,14311,18916,-0.0409528,0.0719103,-0.99657,1
0,0,0,0,0,3030,545,3575,11578,15153,-0.0370627,0.0260425,-0.998974,1
0,0,0,0,0,7223,1118,8341,16749,25090,-0.0333106,0.0601598,-0.997633,1
0,0,0,0,0,2220,418,2638,8351,10989,-0.0403128,-0.00476118,-0.999176,1
0,0,0,0,0,2251,429,2680,8964,11644,-0.0516138,-0.0183768,-0.998498,1
0,0,0,0,0,3425,654,4079,14145,18224,-0.0504884,-0.0902185,-0.994641,1
0,0,0,0,0,5495,1004,6499,17757,24256,-0.0364115,-0.154222,-0.987365,1
0,0,0,0,0,2403,472,2875,9750,12625,-0.00875926,-0.295412,-0.95533,1
0,0,0,0,0,3116,589,3705,12163,15868,-0.011693,-0.300008,-0.953865,1
0,0,0,0,0,4712,917,5629,16382,22011,-0.0341803,-0.24654,-0.96853,1
0,0,0,0,0,2723,521,3244,10459,13703,-0.0395197,-0.206671,-0.977612,1
0,0,0,0,0,6306,1097,7403,14958,22361,-0.0484765,-0.167373,-0.984701,1
0,0,0,0,0,2295,446,2741,8331,11072,-0.0386491,-0.156101,-0.986985,1
0,0,0,0,0,5664,1100,6764,15294,22058,-0.0240831,-0.106548,-0.994016,1
0,0,0,0,0,2372,451,2823,6868,9691,-0.00752875,-0.139632,-0.990175,1
0,0,0,0,0,5067,952,6019,11217,17236,0.00858456,-0.052195,-0.9986,1
0,0,0,0,0,5842,1140,6982,9267,16249,0.00685696,0.0284182,-0.999573,1
0,0,0,0,0,4252,793,5045,6442,11487,-0.0109165,0.100493,-0.994878,1
0,0,0,0,0,5672,1024,6696,8092,14788,0.0054733,0.165635,-0.986172,1
0,0,0,0,0,4084,762,4846,6727,11573,0.0327947,0.219302,-0.975106,1
0,0,0,0,0,5879,1022,6901,9206,16107,0.0593116,0.314907,-0.947268,1
0,0,0,0,0,4203,742,4945,7282,12227,0.0576925,0.365118,-0.929172,1
0,0,0,0,0,4112,792,4904,7711,12615,0.053037,0.408891,-0.911041,1
0,0,0,0,0,5307,906,6213,9371,15584,0.0273422,0.480985,-0.876302,1
0,0,0,0,0,3893,708,4601,7020,11621,0.0228981,0.516167,-0.856182,1
0,0,0,0,0,3562,681,4243,6018,10261,0.0243528,0.587081,-0.809162,1
0,0,0,0,0,6091,1041,7132,9289,16421,0.0362233,0.679318,-0.73295,1
0,0,0,0,0,4216,750,4966,-1000,-1000,-1,-1,-1,1
0,0,0,0,0,4240,820,5060,14643,19703,-0.0521869,-0.0997125,-0.993647,1
0,0,0,0,0,2614,493,3107,10643,13750,-0.0436597,-0.0969896,-0.994327,1
0,0,0,0,0,3209,585,3794,12215,16009,-0.0442501,-0.0934688,-0.994638,1
0,0,0,0,0,3580,704,4284,14460,18744,-0.0441667,-0.0673941,-0.996748,1
0,0,0,0,0,6167,1199,7366,20057,27423,-0.0430788,0.11772,-0.992112,1
0,0,0,0,0,2487,452,2939,8563,11502,-0.0540023,0.0684067,-0.996195,1
0,0,0,0,0,1585,407,1992,6592,8584,-0.0549317,-0.00321384,-0.998485,1
0,0,0,0,0,1291,288,1579,5866,7445,-0.0627172,0.00681376,-0.998008,1
0,0,0,0,0,5230,1034,6264,22645,28909,-0.0628264,0.0624418,-0.996069,1
0,0,0,0,0,2794,541,3335,12257,15592,-0.0705469,0.00751085,-0.99748,1
0,0,0,0,0,2503,482,2985,11918,14903,-0.0534179,-0.0299822,-0.998122,1
0,0,0,0,0,4540,895,5435,18509,23944,-0.0168626,-0.0797178,-0.996675,1
0,0,0,0,0,2608,508,3116,11169,14285,0.0194969,-0.0712765,-0.997266,1
0,0,0,0,0,5020,953,5973,18517,24490,0.0439319,-0.0476513,-0.997898,1
0,0,0,0,0,2318,419,2737,9017,11754,0.0550388,-0.045317,-0.997455,1
0,0,0,0,0,2549,460,3009,9061,12070,0.100376,0.0298993,-0.9945,1
0,0,0,0,0,4954,1177,6131,14476,20607,0.146073,0.184692,-0.97188,1
0,0,0,0,0,5552,1077,6629,15325,21954,0.163673,0.399454,-0.902024,1
0,0,0,0,0,2880,485,3365,6484,9849,0.118248,0.313901,-0.942063,1
0,0,0,0,0,1726,293,2019,3496,5515,0.0970315,0.278278,-0.955587,1
0,0,0,0,0,2450,403,2853,4034,6887,0.10613,0.293084,-0.950178,1
0,0,0,0,0,6854,1033,7887,7425,15312,0.115678,0.256187,-0.959681,1
0,0,0,0,0,5852,1020,6872,4125,10997,0.133939,0.173584,-0.975668,1
0,0,0,0,0,6479,1111,7590,1499,9089,0.155078,0.203158,-0.966787,1
0,0,0,0,0,5675,967,6642,1593,8235,0.15757,0.281291,-0.946598,1
0,0,0,0,0,6334,957,7291,2338,9629,0.115905,0.336659,-0.934466,1
0,0,0,0,0,5946,1031,6977,3375,10352,0.049845,0.437613,-0.897781,1
0,0,0,0,0,5522,909,6431,4312,10743,-0.00647109,0.51756,-0.855622,1
0,0,0,0,0,4030,665,4695,4762,9457,-0.0395861,0.522918,-0.851463,1
0,0,0,0,0,6310,1049,7359,10454,17813,-0.0312595,0.514273,-0.857057,1
0,0,0,0,0,3569,848,4417,8786,13203,-0.0115475,0.468357,-0.883464,1
0,0,0,0,0,6424,1122,7546,16348,23894,0.00485154,0.428555,-0.903503,1
0,0,0,0,0,2964,531,3495,9014,12509,0.00602169,0.383758,-0.923414,1
0,0,0,0,0,2677,485,3162,9567,12729,-0.00254969,0.292694,-0.956203,1
0,0,0,0,0,5297,966,6263,18010,24273,-0.0112859,0.17548,-0.984418,1
0,0,0,0,0,3021,564,3585,11768,15353,-0.00180022,0.0319123,-0.999489,1
0,0,0,0,0,2501,449,2950,9913,12863,0.0140983,-0.0744576,-0.997125,1
0,0,0,0,0,3392,618,4010,13359,17369,0.0136433,-0.0842598,-0.99635,1
0,0,0,0,0,3302,616,3918,12907,16825,-0.00680551,-0.0605627,-0.998141,1
0,0,0,0,0,2730,480,3210,10763,13973,-0.0223291,-0.0291811,-0.999325,1
0,0,0,0,0,3690,649,4339,14629,18968,-0.0352828,0.00850889,-0.999341,1
0,0,0,0,0,2830,521,3351,12171,15522,-0.0487777,0.0231078,-0.998542,1
0,0,0,0,0,2794,522,3316,11336,14652,-0.0429638,0.0111234,-0.999015,1
0,0,0,0,0,5974,1048,7022,19176,26198,-0.046601,0.0642774,-0.996843,1
0,0,0,0,0,2448,450,2898,9583,12481,-0.036238,0.00775132,-0.999313,1
0,0,0,0,0,2272,419,2691,9295,11986,-0.0131359,-0.066805,-0.99768,1
0,0,0,0,0,5504,1007,6511,16811,23322,0.00236481,-0.110505,-0.993873,1
0,0,0,0,0,5521,1145,6666,19446,26112,-0.0509352,-0.0164535,-0.998566,1
0,0,0,0,0,2828,441,3269,8243,11512,-0.0558926,-0.0478811,-0.997288,1
0,0,0,0,0,1721,316,2037,5608,7645,-0.0473126,-0.100318,-0.99383,1
0,0,0,0,0,1376,254,1630,4959,6589,-0.0546842,-0.102398,-0.993239,1
0,0,0,0,0,5716,989,6705,13164,19869,-0.0816362,-0.0886911,-0.992708,1
0,0,0,0,0,2732,534,3266,5702,8968,-0.13247,-0.105281,-0.98558,1
0,0,0,0,0,5086,931,6017,8742,14759,-0.18326,-0.0484283,-0.981871,1
0,0,0,0,0,4683,912,5595,7166,12761,-0.222763,0.00667263,-0.97485,1
0,0,0,0,0,5913,1101,7014,8125,15139,-0.235302,0.0737555,-0.96912,1
0,0,0,0,0,3855,704,4559,5025,9584,-0.231043,0.134323,-0.963627,1
0,0,0,0,0,6369,1151,7520,7217,14737,-0.170613,0.218935,-0.960707,1
0,0,0,0,0,5670,1017,6687,7904,14591,-0.107999,0.299493,-0.947966,1
0,0,0,0,0,4035,721,4756,6202,10958,-0.0845431,0.369166,-0.92551,1
0,0,0,0,0,5739,975,6714,8255,14969,-0.0689641,0.452732,-0.888976,1
0,0,0,0,0,5375,994,6369,7660,14029,-0.0473599,0.561069,-0.826413,1
0,0,0,0,0,2927,567,3494,4681,8175,-0.032919,0.629666,-0.776168,1
0,0,0,0,0,5659,1045,6704,-1000,-1000,-1,-1,-1,1
0,0,0,0,0,6000,1131,7131,16157,23288,-0.0307695,-0.0707888,-0.997017,1
0,0,0,0,0,2186,417,2603,8584,11187,-0.0418215,-0.105476,-0.993542,1
0,0,0,0,0,2697,512,3209,10867,14076,-0.0470184,-0.0876573,-0.99504,1
0,0,0,0,0,4653,938,5591,18610,24201,-0.0558446,-0.0252662,-0.99812,1
0,0,0,0,0,2710,549,3259,11663,14922,-0.0568261,-0.00474576,-0.998373,1
0,0,0,0,0,3696,742,4438,16798,21236,-0.0543696,0.025476,-0.998196,1
0,0,0,0,0,3661,733,4394,16325,20719,-0.0540058,0.0563318,-0.99695,1
0,0,0,0,0,2239,449,2688,10787,13475,-0.0436674,0.046945,-0.997943,1
0,0,0,0,0,3087,585,3672,14952,18624,-0.0245502,0.0757028,-0.996828,1
0,0,0,0,0,5467,1120,6587,19747,26334,-0.0162486,0.100154,-0.994839,1
0,0,0,0,0,1971,373,2344,9205,11549,-0.00397348,0.0501547,-0.998734,1
0,0,0,0,0,2449,462,2911,10864,13775,0.0205842,0.0415299,-0.998925,1
0,0,0,0,0,5670,1030,6700,20343,27043,0.0313642,0.224446,-0.973982,1
0,0,0,0,0,2367,435,2802,8224,11026,0.0447098,0.142402,-0.988799,1
0,0,0,0,0,1374,255,1629,4968,6597,0.0503719,0.157782,-0.986188,1
0,0,0,0,0,1664,292,1956,5725,7681,0.0260771,0.260688,-0.965071,1
0,0,0,0,0,4615,861,5476,15785,21261,-0.00202454,0.288243,-0.957555,1
0,0,0,0,0,4893,871,5764,11571,17335,0.0253396,0.296677,-0.954642,1
0,0,0,0,0,2844,510,3354,6304,9658,0.0457956,0.267192,-0.962554,1
0,0,0,0,0,6064,1113,7177,9860,17037,0.0669828,0.275898,-0.95885,1
0,0,0,0,0,4099,751,4850,4515,9365,0.0178127,0.26881,-0.963029,1
0,0,0,0,0,5960,1031,6991,4204,11195,-0.0234136,0.31703,-0.948127,1
0,0,0,0,0,5913,1084,6997,3062,10059,0.0366171,0.381699,-0.923561,1
0,0,0,0,0,3443,554,3997,1934,5931,0.029597,0.336083,-0.941367,1
0,0,0,0,0,2512,443,2955,2551,5506,0.0301913,0.276098,-0.960655,1
0,0,0,0,0,4537,896,5433,7368,12801,0.0354259,0.290265,-0.95629,1
0,0,0,0,0,5625,1021,6646,9278,15924,0.0228934,0.310956,-0.950149,1
0,0,0,0,0,2981,575,3556,7189,10745,0.00246494,0.319695,-0.947517,1
0,0,0,0,0,5510,988,6498,14423,20921,-0.0146586,0.354659,-0.934881,1
0,0,0,0,0,3103,564,3667,9897,13564,-0.0264068,0.324227,-0.945611,1
0,0,0,0,0,4409,841,5250,14966,20216,-0.0256008,0.29838,-0.954104,1
0,0,0,0,0,3507,641,4148,12541,16689,-0.0165667,0.241264,-0.970318,1
0,0,0,0,0,3464,664,4128,12784,16912,-0.00984108,0.152546,-0.988247,1
0,0,0,0,0,3609,776,4385,12433,16818,-0.00785781,0.0518909,-0.998622,1
0,0,0,0,0,2899,579,3478,12375,15853,-0.00700348,0.00583243,-0.999958,1
0,0,0,0,0,6540,1142,7682,18080,25762,-0.004185,0.125992,-0.992022,1
0,0,0,0,0,2440,428,2868,8125,10993,-0.00843444,0.0469765,-0.99886,1
0,0,0,0,0,1881,286,2167,5801,7968,-0.00957876,-0.0573136,-0.99831,1
0,0,0,0,0,5659,1033,6692,16406,23098,-0.0187986,-0.0801981,-0.996602,1
0,0,0,0,0,2466,460,2926,10015,12941,-0.0178078,-0.179667,-0.983566,1
0,0,0,0,0,3177,584,3761,12650,16411,-0.0114136,-0.271669,-0.962323,1
0,0,0,0,0,3835,697,4532,14726,19258,-0.0109086,-0.262446,-0.964885,1
0,0,0,0,0,2923,532,3455,11299,14754,-0.0213855,-0.252904,-0.967255,1
0,0,0,0,0,3499,623,4122,13124,17246,-0.0301469,-0.223554,-0.974225,1
0,0,0,0,0,4339,796,5135,15159,20294,-0.0425969,-0.191251,-0.980616,1
0,0,0,0,0,2549,457,3006,9198,12204,-0.0428412,-0.201206,-0.978612,1
0,0,0,0,0,5222,910,6132,16338,22470,-0.0225763,-0.165788,-0.985903,1
0,0,0,0,0,2821,497,3318,9275,12593,-0.0243486,-0.176226,-0.984049,1
0,0,0,0,0,4205,742,4947,12540,17487,-0.017673,-0.15046,-0.988458,1
0,0,0,0,0,4121,763,4884,10491,15375,-0.0167961,-0.156397,-0.987551,1
0,0,0,0,0,4826,873,5699,10031,15730,-0.0456259,-0.148923,-0.987796,1
0,0,0,0,0,5381,1148,6529,8691,15220,-0.104557,-0.098569,-0.989622,1
0,0,0,0,0,5259,943,6202,7779,13981,-0.111974,0.0572318,-0.992062,1
0,0,0,0,0,3812,717,4529,6396,10925,-0.088732,0.155279,-0.983878,1
0,0,0,0,0,5924,1147,7071,9704,16775,-0.0646564,0.278708,-0.958197,1
0,0,0,0,0,4094,734,4828,7038,11866,-0.0311568,0.343347,-0.938692,1
0,0,0,0,0,4725,884,5609,8223,13832,0.0116508,0.405434,-0.91405,1
0,0,0,0,0,5510,1024,6534,9438,15972,0.0552672,0.462582,-0.884852,1
0,0,0,0,0,3983,703,4686,7126,11812,0.0743597,0.490379,-0.868331,1
0,0,0,0,0,5150,973,6123,9169,15292,0.0793277,0.532649,-0.842611,1
0,0,0,0,0,5691,981,6672,9084,15756,0.0646807,0.581965,-0.810638,1
0,0,0,0,0,3052,561,3613,5573,9186,0.0584592,0.610509,-0.789849,1
0,0,0,0,0,5522,984,6506,9691,16197,0.0552488,0.666083,-0.743829,1
0,0,0,0,0,3873,719,4592,7219,11811,0.0590301,0.692782,-0.718727,1
0,0,0,0,0,6758,1190,7948,-1000,-1000,-1,-1,-1,1
0,0,0,0,0,3280,643,3923,12857,16780,-0.0480145,-0.125819,-0.990891,1
0,0,0,0,0,2180,432,2612,9287,11899,-0.0348595,-0.124062,-0.991662,1
0,0,0,0,0,3382,658,4040,14348,18388,-0.044613,-0.102994,-0.993681,1
0,0,0,0,0,4129,796,4925,16330,21255,-0.0431159,-0.050045,-0.997816,1
0,0,0,0,0,2479,474,2953,11169,14122,-0.0498707,-0.0479792,-0.997603,1
0,0,0,0,0,2802,537,3339,12979,16318,-0.0575248,-0.0205116,-0.998133,1
0,0,0,0,0,2721,516,3237,13359,16596,-0.0398456,-0.0118945,-0.999135,1
0,0,0,0,0,3230,628,3858,15347,19205,-0.00905787,0.0071175,-0.999934,1
0,0,0,0,0,6140,1176,7316,19347,26663,0.00485695,0.026507,-0.999637,1
0,0,0,0,0,1935,365,2300,9269,11569,-0.00403058,-0.0390819,-0.999228,1
0,0,0,0,0,2419,458,2877,11545,14422,0.0133544,-0.0151849,-0.999796,1
0,0,0,0,0,5656,1031,6687,22880,29567,0.0516382,0.136033,-0.989358,1
0,0,0,0,0,2450,465,2915,8810,11725,0.0586343,0.069847,-0.995833,1
0,0,0,0,0,1846,283,2129,6099,8228,0.0670401,0.00195035,-0.997748,1
0,0,0,0,0,1387,251,1638,5825,7463,0.121032,0.11138,-0.98638,1
0,0,0,0,0,5565,1001,6566,16461,23027,0.153963,0.205885,-0.966388,1
0,0,0,0,0,2738,490,3228,8671,11899,0.129766,0.217259,-0.96745,1
0,0,0,0,0,3839,700,4539,10173,14712,0.0863206,0.242918,-0.966199,1
0,0,0,0,0,5870,1060,6930,10523,17453,0.0268475,0.273755,-0.961425,1
0,0,0,0,0,4183,747,4930,5859,10789,-0.0116362,0.2361,-0.971659,1
0,0,0,0,0,6058,1103,7161,5024,12185,0.0115528,0.244716,-0.969526,1
0,0,0,0,0,5890,1020,6910,3211,10121,0.0189283,0.313278,-0.949473,1
0,0,0,0,0,5858,975,6833,4418,11251,0.019463,0.419109,-0.907727,1
0,0,0,0,0,5734,992,6726,5098,11824,0.00102575,0.477789,-0.878474,1
0,0,0,0,0,6021,1008,7029,6763,13792,-0.0136106,0.463669,-0.885904,1
0,0,0,0,0,4507,755,5262,7302,12564,-0.00615737,0.452563,-0.891711,1
0,0,0,0,0,7175,1133,8308,10764,19072,0.00100009,0.432002,-0.901872,1
0,0,0,0,0,6210,1024,7234,11345,18579,0.0145707,0.356852,-0.934047,1
0,0,0,0,0,2184,391,2575,8296,10871,0.0217834,0.221774,-0.974855,1
0,0,0,0,0,3365,592,3957,13212,17169,0.0183738,0.0875244,-0.995993,1
0,0,0,0,0,4147,918,5065,21724,26789,0.00647773,-0.00788987,-0.999948,1
0,0,0,0,0,3830,678,4508,13249,17757,0.00583056,-0.0319344,-0.999473,1
0,0,0,0,0,2148,371,2519,8664,11183,0.0100312,-0.0590483,-0.998205,1
0,0,0,0,0,3645,679,4324,15410,19734,0.014687,-0.0604897,-0.998061,1
0,0,0,0,0,4545,845,5390,16097,21487,0.0187426,-0.0477717,-0.998682,1
0,0,0,0,0,2268,413,2681,9329,12010,0.0118103,-0.0521421,-0.99857,1
0,0,0,0,0,4511,837,5348,17855,23203,0.00620165,-0.0528621,-0.998583,1
0,0,0,0,0,2774,493,3267,11072,14339,0.00411052,-0.0747258,-0.997196,1
0,0,0,0,0,2653,461,3114,11296,14410,0.0129403,-0.130774,-0.991328,1
0,0,0,0,0,4382,796,5178,17053,22231,0.0220407,-0.201368,-0.979268,1
0,0,0,0,0,5544,1013,6557,17434,23991,0.0293693,-0.261585,-0.964733,1
0,0,0,0,0,2311,425,2736,9159,11895,0.0300701,-0.320976,-0.94661,1
0,0,0,0,0,5611,1141,6752,18896,25648,0.040722,-0.359159,-0.932388,1
0,0,0,0,0,5183,1015,6198,19342,25540,0.0575174,-0.329972,-0.942237,1
0,0,0,0,0,2708,504,3212,8612,11824,0.0324141,-0.385501,-0.922138,1
0,0,0,0,0,1647,301,1948,6380,8328,0.0107873,-0.401583,-0.915759,1
0,0,0,0,0,4998,895,5893,17994,23887,0.0242371,-0.345996,-0.937923,1
0,0,0,0,0,2690,578,3268,10584,13852,0.0188247,-0.34901,-0.93693,1
0,0,0,0,0,3286,613,3899,14848,18747,0.0271234,-0.308935,-0.950696,1
0,0,0,0,0,1552,289,1841,5864,7705,0.0365689,-0.302743,-0.95237,1
0,0,0,0,0,2511,466,2977,9699,12676,0.0530945,-0.275543,-0.959821,1
0,0,0,0,0,4902,886,5788,17100,22888,0.0700065,-0.233456,-0.969844,1
0,0,0,0,0,5479,1034,6513,17958,24471,0.0833181,-0.163382,-0.983038,1
0,0,0,0,0,3068,500,3568,7222,10790,0.0688269,-0.179425,-0.981361,1
0,0,0,0,0,1665,301,1966,4604,6570,0.0459758,-0.200396,-0.978636,1
0,0,0,0,0,1744,323,2067,5078,7145,0.0266262,-0.172698,-0.984615,1
0,0,0,0,0,5331,1020,6351,12789,19140,-0.00565845,-0.149067,-0.988811,1
0,0,0,0,0,4704,862,5566,9854,15420,-0.0240197,-0.141799,-0.989604,1
0,0,0,0,0,4954,953,5907,7530,13437,-0.013918,-0.161051,-0.986848,1
0,0,0,0,0,5440,966,6406,6100,12506,0.0167152,-0.170158,-0.985275,1
0,0,0,0,0,5869,1081,6950,4174,11124,0.0781304,-0.154443,-0.984908,1
0,0,0,0,0,3861,770,4631,3901,8532,0.127439,-0.0966171,-0.987129,1
0,0,0,0,0,5906,1057,6963,7770,14733,0.118516,-0.0308941,-0.992471,1
0,0,0,0,0,4181,751,4932,6382,11314,0.0984186,0.0190177,-0.994963,1
0,0,0,0,0,3256,580,3836,5814,9650,0.0678187,0.0495658,-0.996466,1
0,0,0,0,0,6226,1137,7363,10879,18242,0.0363982,0.0955869,-0.994755,1
0,0,0,0,0,3215,633,3848,6570,10418,0.0215344,0.118537,-0.992716,1
0,0,0,0,0,6282,1193,7475,12340,19815,0.016083,0.164949,-0.986171,1
0,0,0,0,0,4031,759,4790,8144,12934,0.0226117,0.204868,-0.978528,1
0,0,0,0,0,3191,630,3821,6769,10590,0.0127093,0.241295,-0.970369,1
0,0,0,0,0,6512,1205,7717,11965,19682,0.00652238,0.31129,-0.950293,1
0,0,0,0,0,3471,631,4102,7442,11544,0.00168098,0.354492,-0.935058,1
0,0,0,0,0,5449,1033,6482,11226,17708,0.00391385,0.435375,-0.90024,1
0,0,0,0,0,3823,723,4546,8469,13015,0.0131455,0.502001,-0.864767,1
0,0,0,0,0,3574,661,4235,7754,11989,0.0114201,0.61284,-0.790125,1
0,0,0,0,0,6030,1144,7174,11608,18782,-0.0190494,0.468463,-0.883278,1
0,0,0,0,0,3170,640,3810,11322,15132,-0.0440691,-0.0292554,-0.9986,1
0,0,0,0,0,2447,506,2953,10118,13071,-0.0504037,-0.0289307,-0.99831,1
0,0,0,0,0,4033,818,4851,16695,21546,-0.0501887,-0.00467026,-0.998729,1
0,0,0,0,0,2488,504,2992,10724,13716,-0.0443017,-0.00104512,-0.999018,1
0,0,0,0,0,4300,856,5156,18094,23250,-0.0270518,0.0122025,-0.99956,1
0,0,0,0,0,6392,1064,7456,14921,22377,-0.0237706,0.000993578,-0.999717,1
0,0,0,0,0,1906,394,2300,8943,11243,-0.0291968,-0.027962,-0.999183,1
0,0,0,0,0,2343,470,2813,10872,13685,-0.0261749,-0.0315792,-0.999158,1
0,0,0,0,0,3375,644,4019,15898,19917,-0.0264243,-0.028864,-0.999234,1
0,0,0,0,0,3115,607,3722,14459,18181,-0.0298217,-0.0273608,-0.999181,1
0,0,0,0,0,6483,1163,7646,18278,25924,-0.0305167,-0.0148727,-0.999424,1
0,0,0,0,0,1926,381,2307,9131,11438,-0.0324568,-0.022262,-0.999225,1
0,0,0,0,0,2104,408,2512,11078,13590,-0.032531,-0.025336,-0.99915,1
0,0,0,0,0,3533,925,4458,16590,21048,-0.0331472,-0.0509283,-0.998152,1
0,0,0,0,0,2739,511,3250,12827,16077,-0.0239986,-0.0508366,-0.998419,1
0,0,0,0,0,4760,784,5544,17097,22641,0.0234742,-0.00473642,-0.999713,1
0,0,0,0,0,2515,448,2963,10800,13763,0.0384592,-0.0185865,-0.999087,1
0,0,0,0,0,2666,509,3175,11213,14388,0.0755848,0.0420436,-0.996253,1
0,0,0,0,0,4863,753,5616,15543,21159,0.117228,0.15851,-0.980373,1
0,0,0,0,0,3067,558,3625,11487,15112,0.145883,0.222663,-0.963919,1
0,0,0,0,0,4163,688,4851,12133,16984,0.13054,0.249132,-0.959631,1
0,0,0,0,0,3632,643,4275,10422,14697,0.100489,0.270434,-0.95748,1
0,0,0,0,0,4676,747,5423,10264,15687,0.0459329,0.307839,-0.950329,1
0,0,0,0,0,5353,965,6318,9705,16023,0.00520019,0.318501,-0.947908,1
0,0,0,0,0,3957,669,4626,4638,9264,-0.0173945,0.251369,-0.967735,1
0,0,0,0,0,4589,788,5377,2865,8242,0.00985551,0.275129,-0.961357,1
0,0,0,0,0,4466,790,5256,1578,6834,0.019091,0.302799,-0.952863,1
0,0,0,0,0,6082,937,7019,2605,9624,0.0210332,0.384202,-0.923009,1
0,0,0,0,0,5485,937,6422,3322,9744,-0.0351643,0.444701,-0.894989,1
0,0,0,0,0,6830,1036,7866,3658,11524,-0.081251,0.478871,-0.874117,1
0,0,0,0,0,6218,974,7192,4088,11280,-0.0951268,0.51197,-0.85372,1
0,0,0,0,0,5760,1026,6786,4855,11641,-0.0859509,0.549905,-0.830793,1
0,0,0,0,0,6073,949,7022,5526,12548,-0.0579125,0.575711,-0.8156,1
0,0,0,0,0,5231,923,6154,7124,13278,-0.0394093,0.559651,-0.827791,1
0,0,0,0,0,5660,901,6561,9957,16518,-0.0359947,0.542638,-0.839195,1
0,0,0,0,0,3731,682,4413,10675,15088,-0.0485087,0.508548,-0.859666,1
0,0,0,0,0,6010,1076,7086,12777,19863,-0.0661736,0.395667,-0.916007,1
0,0,0,0,0,6536,1236,7772,20046,27818,-0.0475862,0.305733,-0.950928,1
0,0,0,0,0,2741,433,3174,8500,11674,-0.0131447,0.137763,-0.990378,1
0,0,0,0,0,1799,355,2154,6280,8434,0.00212333,0.039101,-0.999233,1
0,0,0,0,0,1545,284,1829,6024,7853,0.00464057,0.0401705,-0.999182,1
0,0,0,0,0,6725,1202,7927,19192,27119,0.0188053,0.0735808,-0.997112,1
0,0,0,0,0,2738,516,3254,8977,12231,0.0147416,0.033067,-0.999344,1
0,0,0,0,0,2408,424,2832,9304,12136,0.0179367,0.030203,-0.999383,1
0,0,0,0,0,4716,844,5560,18105,23665,0.0268656,0.0206397,-0.999426,1
0,0,0,0,0,3467,622,4089,12942,17031,0.00942828,-0.0219303,-0.999715,1
0,0,0,0,0,3276,619,3895,12671,16566,0.00754656,-0.0459169,-0.998917,1
0,0,0,0,0,5984,1201,7185,17614,24799,0.00302087,-0.0340502,-0.999416,1
0,0,0,0,0,2492,467,2959,9080,12039,-0.0128083,-0.0681568,-0.997592,1
0,0,0,0,0,2669,470,3139,10435,13574,-0.0210431,-0.078189,-0.996716,1
0,0,0,0,0,4853,873,5726,17068,22794,-0.0293547,-0.0841211,-0.996023,1
0,0,0,0,0,2836,515,3351,10875,14226,-0.046692,-0.0869616,-0.995117,1
0,0,0,0,0,5354,935,6289,18565,24854,-0.0557756,-0.043204,-0.997508,1
0,0,0,0,0,2821,589,3410,10068,13478,-0.0536114,-0.0710246,-0.996033,1
0,0,0,0,0,2671,520,3191,9310,12501,-0.0466938,-0.112285,-0.992578,1
0,0,0,0,0,3172,577,3749,8151,11900,-0.0430607,-0.114437,-0.992497,1
0,0,0,0,0,5094,929,6023,9968,15991,-0.0217131,-0.0946951,-0.99527,1
0,0,0,0,0,5056,941,5997,7117,13114,-0.0170679,-0.113382,-0.993405,1
0,0,0,0,0,5192,1005,6197,4111,10308,-0.00853317,-0.133638,-0.990993,1
0,0,0,0,0,3755,669,4424,2384,6808,0.00433127,-0.144601,-0.989481,1
0,0,0,0,0,6010,946,6956,1242,8198,0.122961,-0.123145,-0.984742,1
0,0,0,0,0,5519,981,6500,3478,9978,0.177017,0.0239211,-0.983917,1
0,0,0,0,0,3941,717,4658,6654,11312,0.152244,0.12337,-0.980613,1
0,0,0,0,0,6165,1140,7305,11312,18617,0.111709,0.200748,-0.973253,1
0,0,0,0,0,3157,575,3732,6871,10603,0.0715802,0.244547,-0.966992,1
0,0,0,0,0,5083,855,5938,10562,16500,0.044051,0.29084,-0.955757,1
0,0,0,0,0,3618,822,4440,8230,12670,0.0304726,0.274547,-0.961091,1
0,0,0,0,0,5792,1041,6833,15429,22262,-0.0102235,0.0149994,-0.999835,1
0,0,0,0,0,3736,681,4417,10745,15162,-0.0133802,0.00500795,-0.999898,1
0,0,0,0,0,3040,559,3599,10820,14419,-0.0105371,-0.00480545,-0.999933,1
0,0,0,0,0,6780,1243,8023,16132,24155,-0.0214376,0.00526435,-0.999756,1
0,0,0,0,0,2228,419,2647,8349,10996,-0.0160853,-0.00712752,-0.999845,1
0,0,0,0,0,2083,398,2481,8186,10667,6.24327e-05,0.0366473,-0.999328,1
0,0,0,0,0,4485,878,5363,18082,23445,-0.0122561,0.0622321,-0.997986,1
0,0,0,0,0,2508,513,3021,10923,13944,-0.0161903,0.0786316,-0.996772,1
0,0,0,0,0,2761,534,3295,13139,16434,-0.0188739,0.126914,-0.991734,1
0,0,0,0,0,3269,633,3902,15672,19574,-0.0146359,0.166404,-0.985949,1
0,0,0,0,0,2555,522,3077,12173,15250,-0.0127346,0.151942,-0.988307,1
0,0,0,0,0,3048,574,3622,14677,18299,-0.00878465,0.172315,-0.985003,1
0,0,0,0,0,3810,711,4521,17083,21604,-0.00735592,0.191645,-0.981437,1
0,0,0,0,0,2417,479,2896,10952,13848,-0.00700524,0.191835,-0.981402,1
0,0,0,0,0,3295,703,3998,15841,19839,0.00226138,0.226895,-0.973917,1
0,0,0,0,0,2687,530,3217,11700,14917,-0.00494426,0.219406,-0.975621,1
0,0,0,0,0,5065,1000,6065,19414,25479,-0.034067,0.255937,-0.966093,1
0,0,0,0,0,2786,542,3328,10355,13683,-0.0398629,0.254873,-0.966153,1
0,0,0,0,0,2499,486,2985,9370,12355,-0.0312389,0.245827,-0.96881,1
0,0,0,0,0,5082,983,6065,16923,22988,-0.0165492,0.225003,-0.974217,1
0,0,0,0,0,4798,717,5515,10704,16219,-0.0115552,0.200209,-0.979685,1
0,0,0,0,0,1905,366,2271,7218,9489,-0.0131401,0.190093,-0.981678,1
0,0,0,0,0,3562,679,4241,13433,17674,-0.0219299,0.189431,-0.981649,1
0,0,0,0,0,4567,878,5445,15875,21320,-0.0244139,0.200706,-0.979347,1
0,0,0,0,0,2640,502,3142,9727,12869,-0.0204607,0.205646,-0.978413,1
0,0,0,0,0,3949,752,4701,14399,19100,-0.0188053,0.208761,-0.977786,1
0,0,0,0,0,3584,690,4274,13177,17451,-0.0136613,0.223599,-0.974585,1
0,0,0,0,0,2838,530,3368,10155,13523,-0.00689009,0.243976,-0.969757,1
0,0,0,0,0,4266,819,5085,14561,19646,6.23744e-05,0.281553,-0.959546,1
0,0,0,0,0,3153,596,3749,11069,14818,0.0153521,0.284949,-0.95842,1
0,0,0,0,0,4994,966,5960,16014,21974,0.040933,0.27646,-0.960153,1
0,0,0,0,0,2661,552,3213,8745,11958,0.0575095,0.231238,-0.971196,1
0,0,0,0,0,3686,710,4396,11756,16152,0.100475,0.220034,-0.970304,1
0,0,0,0,0,4740,874,5614,14264,19878,0.106711,0.195641,-0.974853,1
0,0,0,0,0,4598,925,5523,12380,17903,0.10979,0.176976,-0.978073,1
0,0,0,0,0,3566,625,4191,7697,11888,0.0983619,0.158779,-0.982402,1
0,0,0,0,0,4795,892,5687,9488,15175,0.0844753,0.152743,-0.984649,1
0,0,0,0,0,4929,973,5902,5660,11562,0.054814,0.12749,-0.990324,1
0,0,0,0,0,2630,468,3098,4028,7126,0.0315406,0.104236,-0.994052,1
0,0,0,0,0,5323,908,6231,6000,12231,0.0101265,0.0846661,-0.996358,1
0,0,0,0,0,5421,996,6417,4754,11171,0.000291117,0.0743407,-0.997233,1
0,0,0,0,0,5241,821,6062,3187,9249,-0.000868856,0.0671896,-0.99774,1
0,0,0,0,0,5233,912,6145,2601,8746,0.0015245,0.0616405,-0.998097,1
0,0,0,0,0,4797,843,5640,2526,8166,-0.00235857,0.0573501,-0.998351,1
0,0,0,0,0,6202,817,7019,1896,8915,-0.00433057,0.0515426,-0.998661,1
0,0,0,0,0,5703,886,6589,1628,8217,-0.00186969,0.0459287,-0.998943,1
0,0,0,0,0,5263,940,6203,1388,7591,0.00307544,0.0417175,-0.999125,1
0,0,0,0,0,5712,897,6609,1324,7933,0.00151517,0.0406463,-0.999172,1
0,0,0,0,0,4899,840,5739,1380,7119,0.000129843,0.0411342,-0.999154,1
0,0,0,0,0,5165,890,6055,1274,7329,-0.000877918,0.0419374,-0.99912,1
0,0,0,0,0,4836,841,5677,1229,6906,-0.00126973,0.0436034,-0.999048,1
0,0,0,0,0,5416,895,6311,1379,7690,-0.00204987,0.0440169,-0.999029,1
0,0,0,0,0,5378,962,6340,1448,7788,-0.00551141,0.0453004,-0.998958,1
0,0,0,0,0,5978,898,6876,1386,8262,-0.00129729,0.0459675,-0.998942,1
0,0,0,0,0,5318,901,6219,1592,7811,0.00349684,0.0480934,-0.998837,1
0,0,0,0,0,5615,930,6545,1793,8338,0.0031224,0.0487878,-0.998804,1
0,0,0,0,0,5432,925,6357,1756,8113,0.00340914,0.0504011,-0.998723,1
0,0,0,0,0,5104,810,5914,1625,7539,0.00360451,0.0501018,-0.998738,1
0,0,0,0,0,4879,891,5770,1675,7445,0.00939038,0.0475273,-0.998826,1
0,0,0,0,0,4694,824,5518,1956,7474,0.0111877,0.0463017,-0.998865,1
0,0,0,0,0,5075,821,5896,1988,7884,0.0178783,0.045901,-0.998786,1
0,0,0,0,0,4906,813,5719,2276,7995,0.0196771,0.0483539,-0.998636,1
0,0,0,0,0,4785,900,5685,2529,8214,0.0184895,0.0504733,-0.998554,1
0,0,0,0,0,5123,989,6112,2849,8961,0.0168547,0.0504862,-0.998582,1
0,0,0,0,0,5178,922,6100,2489,8589,0.0212824,0.048427,-0.9986,1
0,0,0,0,0,5317,912,6229,2722,8951,0.0205762,0.0474722,-0.998661,1
0,0,0,0,0,4798,915,5713,2672,8385,0.0217499,0.0473524,-0.998641,1
0,0,0,0,0,5300,991,6291,2996,9287,0.0219436,0.0478002,-0.998616,1
0,0,0,0,0,4879,912,5791,2723,8514,0.0229543,0.04861,-0.998554,1
0,0,0,0,0,5035,984,6019,3147,9166,0.022681,0.0491343,-0.998535,1
0,0,0,0,0,5377,984,6361,3200,9561,0.0227568,0.049411,-0.998519,1
0,0,0,0,0,5295,970,6265,3221,9486,0.0213684,0.0498114,-0.99853,1
0,0,0,0,0,5289,983,6272,3052,9324,0.0213003,0.0504336,-0.9985,1
0,0,0,0,0,5334,961,6295,3124,9419,0.020739,0.0511892,-0.998474,1
0,0,0,0,0,5471,909,6380,3082,9462,0.0237216,0.0506393,-0.998435,1
0,0,0,0,0,5409,979,6388,3388,9776,0.0233868,0.049819,-0.998484,1
0,0,0,0,0,6263,998,7261,3356,10617,0.0228535,0.0477765,-0.998597,1
0,0,0,0,0,5291,980,6271,3214,9485,0.0209043,0.0462776,-0.99871,1
0,0,0,0,0,5496,975,6471,2895,9366,0.0200137,0.0436161,-0.998848,1
0,0,0,0,0,6625,961,7586,2801,10387,0.0184735,0.041029,-0.998987,1
0,0,0,0,0,5227,896,6123,2652,8775,0.0163814,0.0393063,-0.999093,1
0,0,0,0,0,6219,954,7173,2506,9679,0.0191832,0.0370386,-0.99913,1
0,0,0,0,0,5229,918,6147,2529,8676,0.0203419,0.0367628,-0.999117,1
0,0,0,0,0,5268,939,6207,2613,8820,0.0194968,0.0369816,-0.999126,1
0,0,0,0,0,6240,930,7170,2567,9737,0.0178113,0.0386167,-0.999095,1
0,0,0,0,0,5918,905,6823,2477,9300,0.0197694,0.0394651,-0.999025,1
0,0,0,0,0,5944,945,6889,2722,9611,0.0179839,0.0413905,-0.998981,1
0,0,0,0,0,5236,992,6228,2534,8762,0.0156791,0.0409775,-0.999037,1
0,0,0,0,0,6160,976,7136,2403,9539,0.0146539,0.0379944,-0.99917,1
0,0,0,0,0,5416,953,6369,2368,8737,0.0205581,0.034899,-0.999179,1
0,0,0,0,0,5962,963,6925,2688,9613,0.0198618,0.0356291,-0.999168,1
0,0,0,0,0,5340,953,6293,2569,8862,0.0138195,0.0359041,-0.99926,1
0,0,0,0,0,6250,978,7228,2266,9494,0.0165887,0.0340536,-0.999282,1
0,0,0,0,0,5323,1269,6592,2543,9135,0.0138456,0.0330577,-0.999357,1
0,0,0,0,0,6034,973,7007,2199,9206,0.0126005,0.0336328,-0.999355,1
0,0,0,0,0,6161,920,7081,2196,9277,0.0204452,0.0337698,-0.99922,1
0,0,0,0,0,5365,935,6300,2433,8733,0.0214275,0.0365339,-0.999103,1
0,0,0,0,0,5288,943,6231,2530,8761,0.0222658,0.037778,-0.999038,1
0,0,0,0,0,5461,968,6429,2644,9073,0.0214194,0.0384418,-0.999031,1
0,0,0,0,0,6194,962,7156,2626,9782,0.0198771,0.0380649,-0.999077,1
0,0,0,0,0,5447,978,6425,2576,9001,0.0179886,0.0366543,-0.999166,1
0,0,0,0,0,6308,933,7241,2356,9597,0.018229,0.0364816,-0.999168,1
0,0,0,0,0,5287,1017,6304,2380,8684,0.0216219,0.0370929,-0.999078,1
0,0,0,0,0,5759,909,6668,2588,9256,0.0265284,0.0372096,-0.998955,1
0,0,0,0,0,5368,908,6276,2997,9273,0.0251924,0.0393046,-0.99891,1
0,0,0,0,0,5438,949,6387,2927,9314,0.0248676,0.0411979,-0.998841,1
0,0,0,0,0,5255,972,6227,2999,9226,0.0242405,0.0412394,-0.998855,1
0,0,0,0,0,5644,1277,6921,2941,9862,0.0218054,0.0409087,-0.998925,1
0,0,0,0,0,5352,937,6289,2786,9075,0.0198391,0.0402078,-0.998994,1
0,0,0,0,0,6010,912,6922,2580,9502,0.0179189,0.0400594,-0.999037,1
0,0,0,0,0,5384,909,6293,2441,8734,0.0171977,0.0396591,-0.999065,1
0,0,0,0,0,5249,927,6176,2447,8623,0.0142073,0.0388774,-0.999143,1
0,0,0,0,0,5335,896,6231,2169,8400,0.0112926,0.0382543,-0.999204,1
0,0,0,0,0,5343,937,6280,2002,8282,0.0154778,0.0364501,-0.999216,1
0,0,0,0,0,5277,901,6178,2245,8423,0.0140924,0.0354439,-0.999272,1
0,0,0,0,0,5758,928,6686,2114,8800,0.011451,0.0350569,-0.99932,1
0,0,0,0,0,5384,936,6320,2009,8329,0.00994526,0.0344194,-0.999358,1
0,0,0,0,0,5544,1123,6667,1951,8618,0.00701567,0.0340751,-0.999395,1
0,0,0,0,0,5407,901,6308,1819,8127,0.00521362,0.0341865,-0.999402,1
0,0,0,0,0,5759,957,6716,1705,8421,0.00464361,0.0330551,-0.999443,1
0,0,0,0,0,5990,971,6961,1763,8724,0.00346425,0.0339994,-0.999416,2
0,0,0,0,0,5425,672,6097,1100,7197,0.00869355,0.0319852,-0.999451,2
0,0,0,0,0,5574,932,6506,1810,8316,0.0131385,0.0324431,-0.999387,2
0,0,0,0,0,5807,928,6735,2176,8911,0.0119801,0.0328766,-0.999388,2
0,0,0,0,0,5418,954,6372,1940,8312,0.0107831,0.0337836,-0.999371,2
0,0,0,0,0,5468,998,6466,2146,8612,0.0151845,0.0326775,-0.999351,2
0,0,0,0,0,5595,968,6563,2183,8746,0.0178269,0.0315155,-0.999344,2
0,0,0,0,0,5733,993,6726,2417,9143,0.017941,0.030231,-0.999382,2
0,0,0,0,0,5372,975,6347,2306,8653,0.0148867,0.0305486,-0.999422,2
0,0,0,0,0,5485,971,6456,2348,8804,0.0169969,0.0309221,-0.999377,2
0,0,0,0,0,6272,984,7256,2239,9495,0.0179468,0.0318803,-0.999331,2
0,0,0,0,0,6227,1076,7303,2196,9499,0.0175404,0.0325612,-0.999316,2
0,0,0,0,0,2858,482,3340,1144,4484,0.0149903,0.0336868,-0.99932,2
0,0,0,0,0,2560,427,2987,1021,4008,0.0135534,0.0338266,-0.999336,2
0,0,0,0,0,5335,901,6236,2017,8253,0.0118242,0.0333558,-0.999374,2
0,0,0,0,0,5312,919,6231,1937,8168,0.0104933,0.0320881,-0.99943,2
0,0,0,0,0,1157,244,1401,443,1844,0.00816728,0.0320815,-0.999452,2
0,0,0,0,0,1253,223,1476,430,1906,0.0140193,0.0319748,-0.99939,2
0,0,0,0,0,1824,335,2159,747,2906,0.0178041,0.0329079,-0.9993,2
0,0,0,0,0,5816,974,6790,2322,9112,0.0146312,0.0354904,-0.999263,2
0,0,0,0,0,5553,975,6528,2172,8700,0.0131158,0.0356164,-0.999279,2
0,0,0,0,0,3671,665,4336,1545,5881,0.0136439,0.037493,-0.999204,2
0,0,0,0,0,5616,971,6587,2045,8632,0.0129506,0.0390196,-0.999155,2
0,0,0,0,0,5813,979,6792,2120,8912,0.0124876,0.0395956,-0.999138,2
0,0,0,0,0,5279,987,6266,2294,8560,0.0106684,0.040545,-0.999121,2
0,0,0,0,0,7684,1328,9012,2688,11700,0.0155626,0.0404774,-0.999059,2
0,0,0,0,0,1632,280,1912,754,2666,0.0180324,0.0404478,-0.999019,2
0,0,0,0,0,3390,626,4016,1641,5657,0.0227075,0.040616,-0.998917,2
0,0,0,0,0,5254,912,6166,2951,9117,0.0235754,0.041739,-0.99885,2
0,0,0,0,0,5319,929,6248,3148,9396,0.0227775,0.0433473,-0.9988,2
0,0,0,0,0,5424,945,6369,3103,9472,0.0229619,0.0445279,-0.998744,2
0,0,0,0,0,5417,944,6361,3248,9609,0.0239376,0.0449469,-0.998703,2
0,0,0,0,0,5408,990,6398,3368,9766,0.0240657,0.0455506,-0.998672,2
0,0,0,0,0,5606,1293,6899,3496,10395,0.0241761,0.0461266,-0.998643,2
0,0,0,0,0,6220,1015,7235,3435,10670,0.0251096,0.0475335,-0.998554,2
0,0,0,0,0,5262,1027,6289,3704,9993,0.0252213,0.047415,-0.998557,2
0,0,0,0,0,3007,484,3491,1919,5410,0.024442,0.0464121,-0.998623,2
0,0,0,0,0,5384,951,6335,3517,9852,0.0238471,0.0460323,-0.998655,2
0,0,0,0,0,5405,920,6325,3502,9827,0.0250068,0.0457251,-0.998641,2
0,0,0,0,0,5352,946,6298,3515,9813,0.0252014,0.0454181,-0.99865,2
0,0,0,0,0,5310,962,6272,3577,9849,0.0262674,0.0454651,-0.998621,2
0,0,0,0,0,5428,962,6390,3651,10041,0.0267592,0.0465212,-0.998559,2
0,0,0,0,0,3759,658,4417,2599,7016,0.0269062,0.0483274,-0.998469,2
0,0,0,0,0,5521,934,6455,3922,10377,0.0270206,0.0493096,-0.998418,2
0,0,0,0,0,5343,993,6336,3942,10278,0.0263423,0.0494394,-0.99843,2
0,0,0,0,0,5558,1293,6851,4141,10992,0.0255229,0.0486124,-0.998492,2
0,0,0,0,0,5424,989,6413,3874,10287,0.025498,0.0475344,-0.998544,2
0,0,0,0,0,5484,966,6450,3756,10206,0.0266769,0.0464949,-0.998562,2
0,0,0,0,0,5488,1019,6507,3837,10344,0.0259782,0.0460867,-0.9986,2
0,0,0,0,0,5560,1014,6574,3725,10299,0.0267658,0.0448934,-0.998633,2
0,0,0,0,0,5326,947,6273,3610,9883,0.0247808,0.0435805,-0.998742,2
0,0,0,0,0,5716,851,6567,3213,9780,0.0249142,0.0429108,-0.998768,2
0,0,0,0,0,5325,1004,6329,3535,9864,0.0250819,0.043879,-0.998722,2
0,0,0,0,0,5453,924,6377,3587,9964,0.0253262,0.0451612,-0.998659,2
0,0,0,0,0,5509,928,6437,3601,10038,0.0245889,0.0457892,-0.998648,2
0,0,0,0,0,5786,928,6714,3699,10413,0.0241787,0.0458106,-0.998658,2
0,0,0,0,0,4386,726,5112,2505,7617,0.024519,0.0452515,-0.998675,2
0,0,0,0,0,5355,967,6322,3683,10005,0.0251349,0.0449616,-0.998672,2
0,0,0,0,0,5313,947,6260,3753,10013,0.0247601,0.044377,-0.998708,2
0,0,0,0,0,5443,958,6401,3645,10046,0.0237652,0.0443297,-0.998734,2
0,0,0,0,0,3789,664,4453,2431,6884,0.023469,0.0432723,-0.998788,2
0,0,0,0,0,6223,1007,7230,3606,10836,0.0231227,0.0431375,-0.998802,2
0,0,0,0,0,3809,662,4471,2341,6812,0.0215136,0.0430444,-0.998842,2
0,0,0,0,0,6441,1012,7453,3434,10887,0.0228133,0.0424099,-0.99884,2
0,0,0,0,0,5332,987,6319,3456,9775,0.0241862,0.0415753,-0.998843,2
0,0,0,0,0,5585,968,6553,3459,10012,0.023396,0.0414208,-0.998868,2
0,0,0,0,0,5386,963,6349,3971,10320,0.0221079,0.0415096,-0.998894,2
0,0,0,0,0,3927,701,4628,2285,6913,0.0241698,0.0420231,-0.998824,2
0,0,0,0,0,5373,959,6332,3506,9838,0.0242802,0.0434523,-0.99876,2
0,0,0,0,0,5401,991,6392,3570,9962,0.0252353,0.043069,-0.998753,2
0,0,0,0,0,6366,971,7337,3574,10911,0.0241817,0.0428579,-0.998788,2
0,0,0,0,0,5409,995,6404,3457,9861,0.023341,0.043276,-0.998791,2
0,0,0,0,0,5332,995,6327,3495,9822,0.0231796,0.043816,-0.998771,2
0,0,0,0,0,5343,992,6335,3698,10033,0.0219176,0.0435386,-0.998811,2
0,0,0,0,0,5511,947,6458,3316,9774,0.0213247,0.0433454,-0.998833,2
0,0,0,0,0,5886,1130,7016,3381,10397,0.0219047,0.0427628,-0.998845,2
0,0,0,0,0,5666,991,6657,3514,10171,0.0216003,0.0431899,-0.998833,2
0,0,0,0,0,6035,975,7010,3392,10402,0.0198226,0.0431972,-0.99887,2
0,0,0,0,0,5586,952,6538,3842,10380,0.0204292,0.0426258,-0.998882,2
0,0,0,0,0,5662,1006,6668,3276,9944,0.0224944,0.0414432,-0.998888,2
0,0,0,0,0,5460,1384,6844,3315,10159,0.0220184,0.0407671,-0.998926,2
0,0,0,0,0,3714,684,4398,2323,6721,0.0206156,0.0408374,-0.998953,2
0,0,0,0,0,5387,1002,6389,3333,9722,0.0196096,0.0413631,-0.998952,2
0,0,0,0,0,5511,1004,6515,3184,9699,0.0204363,0.0411449,-0.998944,2
0,0,0,0,0,6176,971,7147,3343,10490,0.0203669,0.0410636,-0.998949,2
0,0,0,0,0,5592,924,6516,3280,9796,0.0189057,0.041496,-0.99896,2
0,0,0,0,0,5777,948,6725,3125,9850,0.0190412,0.0406996,-0.99899,2
0,0,0,0,0,5437,928,6365,3212,9577,0.0172706,0.0403942,-0.999035,2
0,0,0,0,0,5472,968,6440,3040,9480,0.0180539,0.040277,-0.999025,2
0,0,0,0,0,5519,958,6477,3842,10319,0.0206652,0.0407279,-0.998956,2
0,0,0,0,0,5562,1006,6568,3269,9837,0.0190424,0.0419654,-0.998938,2
0,0,0,0,0,5860,943,6803,3134,9937,0.0207731,0.0419141,-0.998905,2
0,0,0,0,0,5366,960,6326,3370,9696,0.0179155,0.0416012,-0.998974,2
0,0,0,0,0,5524,953,6477,3162,9639,0.0172534,0.0409009,-0.999014,2
0,0,0,0,0,5452,935,6387,2973,9360,0.0166778,0.0407478,-0.99903,2
0,0,0,0,0,5481,951,6432,2923,9355,0.0153133,0.0416708,-0.999014,2
0,0,0,0,0,5423,917,6340,2870,9210,0.0139223,0.0421815,-0.999013,2
0,0,0,0,0,5378,924,6302,2889,9191,0.0160125,0.0416732,-0.999003,2
0,0,0,0,0,5365,1233,6598,3085,9683,0.0201533,0.040939,-0.998958,2
0,0,0,0,0,5718,928,6646,3293,9939,0.021537,0.039752,-0.998977,2
0,0,0,0,0,5506,1021,6527,3473,10000,0.0196743,0.0397272,-0.999017,2
0,0,0,0,0,5464,967,6431,3327,9758,0.0188777,0.0395601,-0.999039,2
0,0,0,0,0,5439,982,6421,3279,9700,0.0194638,0.0392229,-0.999041,2
0,0,0,0,0,5433,973,6406,3253,9659,0.0203343,0.03952,-0.999012,2
0,0,0,0,0,5432,965,6397,3423,9820,0.0207257,0.040839,-0.998951,2
0,0,0,0,0,5418,968,6386,3452,9838,0.0209919,0.0418607,-0.998903,2
0,0,0,0,0,5569,926,6495,2508,9003,0.021742,0.0409531,-0.998925,2
0,0,0,0,0,2858,488,3346,1914,5260,0.0200621,0.0383221,-0.999064,2
0,0,0,0,0,5459,948,6407,3446,9853,0.0185812,0.0355345,-0.999196,2
0,0,0,0,0,5533,929,6462,3117,9579,0.0178102,0.0343098,-0.999253,2
0,0,0,0,0,5458,918,6376,3017,9393,0.0177057,0.0354067,-0.999216,2
0,0,0,0,0,5515,950,6465,2947,9412,0.0186949,0.0364524,-0.999161,2
0,0,0,0,0,5591,948,6539,3041,9580,0.0169601,0.0374619,-0.999154,2
0,0,0,0,0,5917,964,6881,3103,9984,0.0155115,0.0370812,-0.999192,2
0,0,0,0,0,5469,922,6391,3018,9409,0.0190853,0.0367849,-0.999141,2
0,0,0,0,0,5448,937,6385,3107,9492,0.0186891,0.0376047,-0.999118,2
0,0,0,0,0,6047,987,7034,3109,10143,0.0181475,0.0379917,-0.999113,2
0,0,0,0,0,5757,989,6746,3085,9831,0.01617,0.0383096,-0.999135,2
0,0,0,0,0,5814,966,6780,2949,9729,0.0153809,0.0384279,-0.999143,2
0,0,0,0,0,5380,962,6342,3019,9361,0.017868,0.0373829,-0.999141,2
0,0,0,0,0,5551,969,6520,3267,9787,0.0177795,0.0376024,-0.999135,2
0,0,0,0,0,5440,971,6411,3355,9766,0.0174751,0.0373254,-0.99915,2
0,0,0,0,0,5390,923,6313,3162,9475,0.0159762,0.0374974,-0.999169,2
0,0,0,0,0,6122,931,7053,3020,10073,0.0152675,0.0369814,-0.999199,2
0,0,0,0,0,5376,943,6319,2921,9240,0.0147566,0.0370517,-0.999204,2
0,0,0,0,0,5546,996,6542,2961,9503,0.0138244,0.036857,-0.999225,2
0,0,0,0,0,5495,939,6434,2867,9301,0.0137391,0.0356127,-0.999271,2
0,0,0,0,0,5410,947,6357,2848,9205,0.0139266,0.035198,-0.999283,2
0,0,0,0,0,5454,1163,6617,2790,9407,0.0130135,0.0343684,-0.999325,2
0,0,0,0,0,5340,919,6259,2761,9020,0.0135541,0.034765,-0.999304,2
0,0,0,0,0,5569,974,6543,2668,9211,0.0125731,0.0352904,-0.999298,2
0,0,0,0,0,5550,920,6470,1820,8290,0.0123677,0.0363269,-0.999263,2
0,0,0,0,0,3821,637,4458,1917,6375,0.0122087,0.036997,-0.999241,2
0,0,0,0,0,5856,963,6819,2791,9610,0.013174,0.0379799,-0.999192,2
0,0,0,0,0,5547,929,6476,2963,9439,0.0154992,0.038552,-0.999136,2
0,0,0,0,0,5409,1112,6521,3160,9681,0.0158738,0.037736,-0.999162,2
0,0,0,0,0,5358,959,6317,2991,9308,0.0155393,0.0356358,-0.999244,2
0,0,0,0,0,5307,834,6141,2772,8913,0.0162156,0.0345814,-0.99927,2
0,0,0,0,0,5380,938,6318,2915,9233,0.0156106,0.0347954,-0.999273,2
0,0,0,0,0,5623,924,6547,2854,9401,0.0154348,0.036108,-0.999229,2
0,0,0,0,0,5341,947,6288,3198,9486,0.0154934,0.0366318,-0.999209,2
0,0,0,0,0,5392,930,6322,3120,9442,0.0151606,0.0368318,-0.999207,2
0,0,0,0,0,5396,966,6362,3130,9492,0.0165138,0.0371044,-0.999175,2
0,0,0,0,0,5485,973,6458,3199,9657,0.0192313,0.0365354,-0.999147,2
0,0,0,0,0,5406,971,6377,3444,9821,0.0200878,0.0362211,-0.999142,2
0,0,0,0,0,5435,980,6415,3452,9867,0.0194493,0.035302,-0.999187,2
0,0,0,0,0,5398,965,6363,3279,9642,0.0182892,0.0340584,-0.999252,2
0,0,0,0,0,5419,923,6342,3924,10266,0.0188423,0.0335097,-0.999261,2
0,0,0,0,0,5493,1011,6504,3141,9645,0.0185865,0.0339315,-0.999251,2
0,0,0,0,0,5505,960,6465,4093,10558,0.0177368,0.0349716,-0.999231,2
0,0,0,0,0,5459,664,6123,2152,8275,0.0171392,0.0348474,-0.999246,2
0,0,0,0,0,2843,515,3358,1653,5011,0.0176018,0.0344689,-0.999251,2
0,0,0,0,0,5304,869,6173,2946,9119,0.0164497,0.0346524,-0.999264,2
0,0,0,0,0,5311,909,6220,2856,9076,0.016826,0.0345422,-0.999262,2
0,0,0,0,0,5613,987,6600,3224,9824,0.0165713,0.0351493,-0.999245,2
0,0,0,0,0,5922,975,6897,3299,10196,0.0160645,0.034459,-0.999277,2
0,0,0,0,0,5435,1011,6446,3217,9663,0.0172094,0.0343273,-0.999262,2
0,0,0,0,0,5458,973,6431,3147,9578,0.0161868,0.0344326,-0.999276,2
0,0,0,0,0,5641,1026,6667,3232,9899,0.015732,0.0333888,-0.999319,2
0,0,0,0,0,5407,979,6386,3060,9446,0.0154918,0.0332508,-0.999327,2
0,0,0,0,0,5453,981,6434,3034,9468,0.0148425,0.0329365,-0.999347,2
0,0,0,0,0,5417,980,6397,2889,9286,0.0183821,0.032381,-0.999307,2
0,0,0,0,0,5437,965,6402,3253,9655,0.0186741,0.0331541,-0.999276,2
0,0,0,0,0,5443,996,6439,3194,9633,0.017908,0.0337344,-0.99927,2
0,0,0,0,0,5468,1002,6470,3192,9662,0.0161761,0.0333727,-0.999312,2
0,0,0,0,0,5506,931,6437,3324,9761,0.0158083,0.033255,-0.999322,2
0,0,0,0,0,5572,1049,6621,2994,9615,0.0163935,0.033283,-0.999312,2
0,0,0,0,0,5903,973,6876,2981,9857,0.0164305,0.0336566,-0.999298,2
0,0,0,0,0,3923,712,4635,2200,6835,0.0181191,0.0336444,-0.99927,2
0,0,0,0,0,5050,868,5918,2948,8866,0.0177727,0.0335415,-0.999279,2
0,0,0,0,0,4938,907,5845,3114,8959,0.0177443,0.0331483,-0.999293,2
0,0,0,0,0,3601,664,4265,2079,6344,0.0173093,0.0323389,-0.999327,2
0,0,0,0,0,5416,980,6396,3131,9527,0.0165871,0.0316822,-0.99936,2
0,0,0,0,0,5538,972,6510,3064,9574,0.0166506,0.0318086,-0.999355,2
0,0,0,0,0,5451,975,6426,2985,9411,0.0172837,0.0321956,-0.999332,2
0,0,0,0,0,5486,927,6413,3129,9542,0.0192937,0.0325577,-0.999284,2
0,0,0,0,0,5547,1024,6571,3442,10013,0.0188099,0.033077,-0.999276,2
0,0,0,0,0,6396,1007,7403,3125,10528,0.0178733,0.0322589,-0.99932,2
0,0,0,0,0,3775,690,4465,2301,6766,0.0169481,0.0320313,-0.999343,2
0,0,0,0,0,5416,994,6410,3156,9566,0.0175161,0.0324165,-0.999321,2
0,0,0,0,0,5462,991,6453,3202,9655,0.0169491,0.0326074,-0.999325,2
0,0,0,0,0,5444,994,6438,3176,9614,0.0168809,0.0321817,-0.999339,2
0,0,0,0,0,5413,991,6404,3115,9519,0.0186845,0.0313288,-0.999334,2
0,0,0,0,0,5389,964,6353,3242,9595,0.0173566,0.0312756,-0.99936,2
0,0,0,0,0,5433,978,6411,3187,9598,0.015779,0.0310643,-0.999393,2
0,0,0,0,0,5373,964,6337,3097,9434,0.0161975,0.0309577,-0.999389,2
0,0,0,0,0,5395,962,6357,3151,9508,0.0158478,0.0304011,-0.999412,2
0,0,0,0,0,5370,971,6341,3009,9350,0.013144,0.0299162,-0.999466,2
0,0,0,0,0,3976,876,4852,1962,6814,0.0121825,0.0313449,-0.999434,2
0,0,0,0,0,5715,1009,6724,2875,9599,0.0114483,0.0348246,-0.999328,2
0,0,0,0,0,5559,980,6539,3013,9552,0.0107487,0.040274,-0.999131,2
0,0,0,0,0,5342,949,6291,3261,9552,0.0185566,0.0449267,-0.998818,2
0,0,0,0,0,5390,972,6362,4036,10398,0.0213722,0.0434273,-0.998828,2
0,0,0,0,0,5352,1203,6555,4247,10802,0.0192293,0.0336219,-0.99925,2
0,0,0,0,0,5375,1006,6381,4119,10500,0.0204939,0.0235854,-0.999512,2
0,0,0,0,0,5796,967,6763,3654,10417,0.025445,0.0174014,-0.999525,2
0,0,0,0,0,5462,967,6429,3433,9862,0.0282916,0.0183857,-0.999431,2
0,0,0,0,0,5446,987,6433,3383,9816,0.0230331,0.0254576,-0.999411,2
0,0,0,0,0,5442,931,6373,3187,9560,0.0132522,0.0346775,-0.999311,2
0,0,0,0,0,5550,1026,6576,3120,9696,0.0124574,0.0500818,-0.998667,2
0,0,0,0,0,5517,980,6497,3629,10126,0.0113248,0.0863353,-0.996202,2
0,0,0,0,0,5544,991,6535,3449,9984,0.00296763,0.109052,-0.994032,2
0,0,0,0,0,2396,424,2820,2052,4872,-0.00260628,0.101751,-0.994806,2
0,0,0,0,0,3179,563,3742,3089,6831,-0.00725119,0.120518,-0.992685,2
0,0,0,0,0,5894,1018,6912,5720,12632,-0.0203168,0.182416,-0.983012,2
0,0,0,0,0,5842,1060,6902,5363,12265,-0.0201212,0.211998,-0.977063,2
0,0,0,0,0,3997,692,4689,5048,9737,-0.0299611,0.239899,-0.970335,2
0,0,0,0,0,7094,1082,8176,8696,16872,-0.0380688,0.266746,-0.963015,2
0,0,0,0,0,4232,758,4990,8169,13159,-0.0432176,0.256532,-0.965569,2
0,0,0,0,0,6265,1080,7345,13803,21148,-0.0514487,0.405176,-0.91279,2
0,0,0,0,0,3172,583,3755,8333,12088,-0.0485538,0.397603,-0.916272,2
0,0,0,0,0,2026,348,2374,5963,8337,-0.0395889,0.308885,-0.950275,2
0,0,0,0,0,1639,303,1942,6205,8147,-0.024481,0.227746,-0.973413,2
0,0,0,0,0,3597,669,4266,14261,18527,-0.0107008,0.162414,-0.986665,2
0,0,0,0,0,2503,478,2981,8281,11262,0.00970013,0.0952214,-0.995409,2
0,0,0,0,0,1865,335,2200,7126,9326,0.0189858,0.0766341,-0.996878,2
0,0,0,0,0,3494,622,4116,12955,17071,0.0287847,0.0862994,-0.995853,2
0,0,0,0,0,4196,734,4930,15937,20867,0.0286524,0.0965724,-0.994913,2
0,0,0,0,0,3226,589,3815,11861,15676,0.0264741,0.0944562,-0.995177,2
0,0,0,0,0,2787,543,3330,11595,14925,0.0247175,0.105168,-0.994147,2
0,0,0,0,0,6377,1080,7457,17994,25451,0.0218638,0.127915,-0.991544,2
0,0,0,0,0,2756,500,3256,9979,13235,0.0197076,0.116048,-0.993048,2
0,0,0,0,0,2607,452,3059,9684,12743,0.00801855,0.105084,-0.994431,2
0,0,0,0,0,3499,796,4295,12970,17265,-0.010749,0.129145,-0.991568,2
0,0,0,0,0,4068,714,4782,15236,20018,-0.0218636,0.136828,-0.990353,2
0,0,0,0,0,3113,540,3653,11803,15456,-0.0250913,0.0826524,-0.996263,2
0,0,0,0,0,6087,1184,7271,20611,27882,-0.0203623,0.0593848,-0.998028,2
0,0,0,0,0,3113,547,3660,11602,15262,-0.00669791,0.0252604,-0.999659,2
0,0,0,0,0,2117,376,2493,7870,10363,0.00915144,0.00520791,-0.999945,2
0,0,0,0,0,2808,483,3291,9991,13282,0.0255535,-0.0112181,-0.99961,2
0,0,0,0,0,5026,880,5906,15889,21795,0.0424406,-0.0237618,-0.998816,2
0,0,0,0,0,2857,492,3349,9894,13243,0.0514743,-0.051893,-0.997325,2
0,0,0,0,0,4143,734,4877,13711,18588,0.0534447,-0.0377744,-0.997856,2
0,0,0,0,0,3151,563,3714,9865,13579,0.0419156,-0.028192,-0.998723,2
0,0,0,0,0,5933,1035,6968,14767,21735,0.0480647,-0.0326318,-0.998311,2
0,0,0,0,0,3130,565,3695,7019,10714,0.0629362,-0.08343,-0.994524,2
0,0,0,0,0,5769,1041,6810,10422,17232,0.0613684,-0.0703541,-0.995633,2
0,0,0,0,0,5816,1094,6910,6761,13671,0.0759976,-0.0575539,-0.995446,2
0,0,0,0,0,5329,1011,6340,4190,10530,0.100818,-0.0344557,-0.994308,2
0,0,0,0,0,5520,961,6481,3265,9746,0.153235,0.167059,-0.973966,2
0,0,0,0,0,6315,1178,7493,9185,16678,0.115108,0.350043,-0.929634,2
0,0,0,0,0,3287,605,3892,6649,10541,0.0920553,0.420082,-0.902805,2
0,0,0,0,0,6183,1196,7379,10182,17561,0.0792321,0.503583,-0.860306,2
0,0,0,0,0,3119,578,3697,6050,9747,0.0611732,0.549316,-0.833372,2
0,0,0,0,0,5692,1008,6700,10818,17518,0.0442154,0.614945,-0.787329,2
0,0,0,0,0,4234,739,4973,7685,12658,0.0110997,0.661015,-0.75029,2
0,0,0,0,0,7301,1191,8492,-1000,-1000,-1,-1,-1,2
0,0,0,0,0,5637,836,6473,11096,17569,-0.0428796,0.0626505,-0.997114,2
0,0,0,0,0,1898,349,2247,6880,9127,-0.0519951,0.0559343,-0.99708,2
0,0,0,0,0,3158,610,3768,11870,15638,-0.0664264,0.0954928,-0.993211,2
0,0,0,0,0,4011,698,4709,14309,19018,-0.0464106,0.105717,-0.993313,2
0,0,0,0,0,2834,526,3360,11311,14671,-0.0471799,0.152869,-0.98712,2
0,0,0,0,0,2125,435,2560,9357,11917,-0.0473749,0.15288,-0.987109,2
0,0,0,0,0,5537,1090,6627,20169,26796,-0.0710495,0.280049,-0.957353,2
0,0,0,0,0,1892,359,2251,7509,9760,-0.0659501,0.223466,-0.972478,2
0,0,0,0,0,1279,242,1521,6174,7695,-0.0543167,0.158497,-0.985864,2
0,0,0,0,0,1449,272,1721,6748,8469,-0.0658545,0.177963,-0.981831,2
0,0,0,0,0,2577,491,3068,12262,15330,-0.0729584,0.208334,-0.975333,2
0,0,0,0,0,4886,921,5807,21155,26962,-0.0854308,0.282438,-0.955474,2
0,0,0,0,0,2729,517,3246,12132,15378,-0.0697044,0.275967,-0.958636,2
0,0,0,0,0,2439,466,2905,11515,14420,-0.0515599,0.251934,-0.96637,2
0,0,0,0,0,4988,973,5961,18319,24280,-0.0307608,0.311019,-0.949906,2
0,0,0,0,0,3170,428,3598,10072,13670,-0.0182828,0.289458,-0.957016,2
0,0,0,0,0,2930,548,3478,12869,16347,-0.00601015,0.33821,-0.941052,2
0,0,0,0,0,5123,1073,6196,18144,24340,0.00744242,0.369718,-0.929114,2
0,0,0,0,0,2506,481,2987,8777,11764,0.00179863,0.372155,-0.928169,2
0,0,0,0,0,1302,247,1549,3149,4698,-0.00621934,0.357017,-0.934077,2
0,0,0,0,0,4291,674,4965,5522,10487,-0.0186617,0.383029,-0.923548,2
0,0,0,0,0,5217,913,6130,5114,11244,-0.0690457,0.436074,-0.897258,2
0,0,0,0,0,5799,980,6779,4606,11385,-0.122742,0.471253,-0.873416,2
0,0,0,0,0,5573,939,6512,5049,11561,-0.155577,0.495203,-0.854734,2
0,0,0,0,0,5356,961,6317,8166,14483,-0.137376,0.417792,-0.898097,2
0,0,0,0,0,6177,1000,7177,12683,19860,-0.121196,0.393672,-0.911227,2
0,0,0,0,0,2945,548,3493,9773,13266,-0.0928447,0.33988,-0.935874,2
0,0,0,0,0,5884,1081,6965,16637,23602,-0.0561456,0.278798,-0.958707,2
0,0,0,0,0,2631,497,3128,10299,13427,-0.026406,0.158366,-0.987027,2
0,0,0,0,0,3496,661,4157,13328,17485,-0.0342414,0.137646,-0.989889,2
0,0,0,0,0,3543,726,4269,13376,17645,-0.0452742,0.136478,-0.989608,2
0,0,0,0,0,3355,604,3959,12301,16260,-0.0711925,0.17121,-0.982659,2
0,0,0,0,0,6751,1281,8032,17672,25704,-0.0777001,0.196789,-0.977362,2
0,0,0,0,0,2756,498,3254,10392,13646,-0.0578635,0.200657,-0.977951,2
0,0,0,0,0,2598,492,3090,9953,13043,-0.0446343,0.198272,-0.97913,2
0,0,0,0,0,5557,980,6537,18445,24982,-0.0379499,0.210919,-0.976767,2
0,0,0,0,0,2563,461,3024,9867,12891,-0.0257691,0.162366,-0.986394,2
0,0,0,0,0,2794,515,3309,10769,14078,-0.0217865,0.165096,-0.986037,2
0,0,0,0,0,5033,894,5927,16895,22822,-0.00536266,0.176097,-0.984358,2
0,0,0,0,0,2919,539,3458,10078,13536,0.005944,0.140284,-0.990094,2
0,0,0,0,0,2668,465,3133,9899,13032,-0.00259647,0.137728,-0.990467,2
0,0,0,0,0,3700,649,4349,13405,17754,-0.015746,0.116372,-0.993081,2
0,0,0,0,0,3714,649,4363,12831,17194,-0.00617224,0.0742724,-0.997219,2
0,0,0,0,0,2903,514,3417,10389,13806,-0.00177676,0.0360884,-0.999347,2
0,0,0,0,0,4210,750,4960,13723,18683,1.22819e-05,0.0181397,-0.999836,2
0,0,0,0,0,2571,471,3042,9163,12205,0.00405552,-0.000170263,-0.999992,2
0,0,0,0,0,4428,783,5211,15268,20479,0.00846688,-0.00236954,-0.999961,2
0,0,0,0,0,3298,602,3900,11461,15361,0.0160297,-0.00603274,-0.999853,2
0,0,0,0,0,3972,692,4664,13501,18165,0.0274414,-0.00163404,-0.999622,2
0,0,0,0,0,3788,698,4486,12114,16600,0.0424563,0.0114494,-0.999033,2
0,0,0,0,0,3667,686,4353,11075,15428,0.0526003,0.00837614,-0.998581,2
0,0,0,0,0,4214,760,4974,11757,16731,0.0658918,0.013611,-0.997734,2
0,0,0,0,0,6151,1089,7240,14401,21641,0.0833851,0.0504257,-0.995241,2
0,0,0,0,0,2914,456,3370,5551,8921,0.0994087,-0.00601423,-0.995028,2
0,0,0,0,0,1859,436,2295,3513,5808,0.100398,-0.0650475,-0.992819,2
0,0,0,0,0,1861,347,2208,3755,5963,0.0935157,-0.0772035,-0.99262,2
0,0,0,0,0,5280,996,6276,9737,16013,0.0666054,-0.082646,-0.994351,2
0,0,0,0,0,5328,1018,6346,8820,15166,0.0242005,-0.0854269,-0.996051,2
0,0,0,0,0,5305,962,6267,6278,12545,-0.0177212,-0.0858239,-0.996153,2
0,0,0,0,0,2887,560,3447,3443,6890,-0.0417363,-0.0892988,-0.99513,2
0,0,0,0,0,5511,965,6476,5035,11511,-0.0580681,-0.0797637,-0.995121,2
0,0,0,0,0,5894,1062,6956,3715,10671,-0.0658974,-0.0668475,-0.995585,2
0,0,0,0,0,5397,1031,6428,2562,8990,-0.0724145,-0.039802,-0.99658,2
0,0,0,0,0,6047,1162,7209,2283,9492,-0.123455,0.0251041,-0.992033,2
0,0,0,0,0,6142,1173,7315,5360,12675,-0.159592,0.108054,-0.981252,2
0,0,0,0,0,4210,804,5014,6443,11457,-0.134362,0.171945,-0.975901,2
0,0,0,0,0,5480,1060,6540,9299,15839,-0.121097,0.20297,-0.971668,2
0,0,0,0,0,4071,752,4823,6983,11806,-0.114717,0.220823,-0.968544,2
0,0,0,0,0,5776,1228,7004,9903,16907,-0.11169,0.249703,-0.96186,2
0,0,0,0,0,4568,788,5356,7380,12736,-0.112875,0.28352,-0.9523,2
0,0,0,0,0,3144,589,3733,5782,9515,-0.115088,0.311271,-0.943327,2
0,0,0,0,0,4779,880,5659,8741,14400,-0.117125,0.353469,-0.928085,2
0,0,0,0,0,4774,896,5670,8446,14116,-0.118044,0.376269,-0.91896,2
0,0,0,0,0,4446,801,5247,8149,13396,-0.114429,0.406676,-0.906378,2
0,0,0,0,0,4385,800,5185,9008,14193,-0.110555,0.419983,-0.900773,2
0,0,0,0,0,3312,634,3946,6007,9953,-0.107098,0.42135,-0.900552,2
0,0,0,0,0,6369,1052,7421,9352,16773,-0.102894,0.418691,-0.902281,2
0,0,0,0,0,3145,600,3745,5705,9450,-0.101272,0.413924,-0.904661,2
0,0,0,0,0,6233,1174,7407,11552,18959,-0.099495,0.408316,-0.907402,2
0,0,0,0,0,3264,548,3812,4820,8632,-0.0989075,0.403066,-0.90981,2
0,0,0,0,0,1945,363,2308,3122,5430,-0.098597,0.399161,-0.911564,2
0,0,0,0,0,2041,405,2446,4178,6624,-0.0984435,0.396491,-0.912745,2
0,0,0,0,0,6308,1145,7453,11201,18654,-0.0979139,0.392949,-0.914332,2
0,0,0,0,0,6570,1172,7742,12014,19756,-0.0973906,0.387704,-0.916625,2
0,0,0,0,0,3280,495,3775,5030,8805,-0.0967192,0.383136,-0.918614,2
0,0,0,0,0,1922,383,2305,3713,6018,-0.0958648,0.378772,-0.920511,2
0,0,0,0,0,2371,435,2806,4692,7498,-0.09427,0.37355,-0.922808,2
0,0,0,0,0,4633,866,5499,9193,14692,-0.0930715,0.366617,-0.925705,2
0,0,0,0,0,4087,672,4759,6986,11745,-0.0916665,0.36047,-0.928256,2
0,0,0,0,0,3863,770,4633,8024,12657,-0.090209,0.353335,-0.931137,2
0,0,0,0,0,6196,1134,7330,10473,17803,-0.0901534,0.349608,-0.932549,2
0,0,0,0,0,3085,565,3650,6279,9929,-0.0881703,0.346133,-0.934033,2
0,0,0,0,0,6211,1259,7470,10758,18228,-0.0867255,0.341156,-0.935997,2
0,0,0,0,0,7660,878,8538,7626,16164,-0.0850178,0.336622,-0.937794,2
0,0,0,0,0,3143,539,3682,4659,8341,-0.0822189,0.330648,-0.940166,2
0,0,0,0,0,2888,346,3234,3617,6851,-0.0805096,0.321682,-0.943419,2
0,0,0,0,0,1644,321,1965,3444,5409,-0.0768875,0.311881,-0.947005,2
0,0,0,0,0,2957,561,3518,6256,9774,-0.0729402,0.296604,-0.952211,2
0,0,0,0,0,6306,1207,7513,11759,19272,-0.0673535,0.27384,-0.959414,2
0,0,0,0,0,3335,658,3993,7557,11550,-0.0598195,0.23455,-0.970262,2
0,0,0,0,0,2648,491,3139,6559,9698,-0.0463932,0.14735,-0.987996,2
0,0,0,0,0,5891,1284,7175,12833,20008,-0.0354737,0.0541412,-0.997903,2
0,0,0,0,0,3135,578,3713,7226,10939,-0.0348872,0.0431508,-0.998459,2
0,0,0,0,0,6412,1467,7879,12144,20023,-0.0368939,0.0364397,-0.998655,2
0,0,0,0,0,3272,611,3883,7016,10899,-0.0371549,0.0332793,-0.998755,2
0,0,0,0,0,2931,543,3474,6720,10194,-0.0357175,0.0292337,-0.998934,2
0,0,0,0,0,6341,1151,7492,12434,19926,-0.0359038,0.0278041,-0.998968,2
0,0,0,0,0,3283,611,3894,7324,11218,-0.0359559,0.0278436,-0.998965,2
0,0,0,0,0,3975,772,4747,9190,13937,-0.0360901,0.026624,-0.998994,2
0,0,0,0,0,7104,1592,8696,11154,19850,-0.0355642,0.0242248,-0.999074,2
0,0,0,0,0,2635,495,3130,5051,8181,-0.0353399,0.0258562,-0.999041,2
0,0,0,0,0,1576,292,1868,3396,5264,-0.0355105,0.0269578,-0.999006,2
0,0,0,0,0,2184,408,2592,4135,6727,-0.036464,0.0274371,-0.998958,2
0,0,0,0,0,6209,1136,7345,13248,20593,-0.0363763,0.0306913,-0.998867,2
0,0,0,0,0,4270,840,5110,8367,13477,-0.0360291,0.0323208,-0.998828,2
0,0,0,0,0,2663,515,3178,5900,9078,-0.0363171,0.0322611,-0.998819,2
0,0,0,0,0,6313,1163,7476,11714,19190,-0.0380992,0.0314309,-0.99878,2
0,0,0,0,0,2652,494,3146,5912,9058,-0.0364704,0.0300376,-0.998883,2
0,0,0,0,0,6300,1228,7528,12149,19677,-0.0350036,0.0304344,-0.998924,2
0,0,0,0,0,6207,1202,7409,12582,19991,-0.0374572,0.0303971,-0.998836,2
0,0,0,0,0,2847,505,3352,5348,8700,-0.0371108,0.029732,-0.998869,2
0,0,0,0,0,1912,355,2267,4107,6374,-0.0369572,0.0287725,-0.998903,2
0,0,0,0,0,2633,487,3120,5872,8992,-0.0354847,0.0290869,-0.998947,2
