Downsample[ns],BuildFilTree[ns],SearchFil[ns],DeleteFil[ns],BuildTreeSub[ns],SearchSub[ns],DeleteSub[ns],PreProcTotal[ns],Plane[ns],Total[ns],nx,ny,nz,planeCount
0,0,0,0,0,2187,415,2602,5677,8279,-0.0350029,0.0470202,-0.99828,0
0,0,0,0,0,2223,420,2643,5437,8080,-0.0356271,0.0477141,-0.998226,0
0,0,0,0,0,2297,466,2763,5577,8340,-0.0356451,0.0487338,-0.998176,0
0,0,0,0,0,2179,418,2597,6439,9036,-0.0362191,0.0487994,-0.998152,0
0,0,0,0,0,2229,411,2640,5603,8243,-0.0347629,0.0469986,-0.99829,0
0,0,0,0,0,2273,430,2703,5433,8136,-0.035358,0.0490728,-0.998169,0
0,0,0,0,0,2217,433,2650,5593,8243,-0.0353698,0.0480095,-0.99822,0
0,0,0,0,0,2209,417,2626,5534,8160,-0.0350651,0.0481034,-0.998227,0
0,0,0,0,0,2252,420,2672,5600,8272,-0.0357546,0.0498306,-0.998117,0
0,0,0,0,0,2272,406,2678,5635,8313,-0.0358933,0.0504621,-0.998081,0
0,0,0,0,0,2339,429,2768,5664,8432,-0.0362266,0.0528398,-0.997946,0
0,0,0,0,0,2342,445,2787,5636,8423,-0.0351543,0.052231,-0.998016,0
0,0,0,0,0,2426,412,2838,6715,9553,-0.0340595,0.0537582,-0.997973,0
0,0,0,0,0,2220,440,2660,5411,8071,-0.0329762,0.0502144,-0.998194,0
0,0,0,0,0,2253,420,2673,5739,8412,-0.0311626,0.0458133,-0.998464,0
0,0,0,0,0,2189,442,2631,5333,7964,-0.0303554,0.0418146,-0.998664,0
0,0,0,0,0,2208,432,2640,5378,8018,-0.0297299,0.037745,-0.998845,0
0,0,0,0,0,2617,422,3039,5214,8253,-0.0288578,0.034735,-0.99898,0
0,0,0,0,0,2279,460,2739,5422,8161,-0.0292414,0.0316406,-0.999071,0
0,0,0,0,0,2445,425,2870,5380,8250,-0.0289034,0.0325883,-0.999051,0
0,0,0,0,0,2290,426,2716,5302,8018,-0.0289449,0.0327097,-0.999046,0
0,0,0,0,0,2707,428,3135,5243,8378,-0.0285428,0.0328974,-0.999051,0
0,0,0,0,0,2194,442,2636,5297,7933,-0.0284975,0.0337063,-0.999025,0
0,0,0,0,0,2222,441,2663,5285,7948,-0.0279992,0.0325321,-0.999078,0
0,0,0,0,0,2344,467,2811,5425,8236,-0.0286328,0.0327867,-0.999052,0
0,0,0,0,0,2323,411,2734,5137,7871,-0.0301059,0.0333473,-0.99899,0
0,0,0,0,0,2226,448,2674,5382,8056,-0.0334,0.0404956,-0.998621,0
0,0,0,0,0,2349,456,2805,5317,8122,-0.0361128,0.0532252,-0.997929,0
0,0,0,0,0,2335,461,2796,5640,8436,-0.039382,0.064199,-0.99716,0
0,0,0,0,0,2281,457,2738,5587,8325,-0.0426624,0.0742219,-0.996329,0
0,0,0,0,0,2272,417,2689,5720,8409,-0.047334,0.0898809,-0.994827,0
0,0,0,0,0,2211,448,2659,6005,8664,-0.0517383,0.0978134,-0.993859,0
0,0,0,0,0,2324,425,2749,6603,9352,-0.0537529,0.102404,-0.99329,0
0,0,0,0,0,2298,437,2735,6387,9122,-0.0560296,0.106797,-0.992701,0
0,0,0,0,0,2329,452,2781,6525,9306,-0.0525654,0.101673,-0.993428,0
0,0,0,0,0,2360,440,2800,6202,9002,-0.0467224,0.0913579,-0.994721,0
0,0,0,0,0,2269,463,2732,5977,8709,-0.042329,0.0896441,-0.995074,0
0,0,0,0,0,2491,442,2933,5851,8784,-0.0409049,0.0921049,-0.994909,0
0,0,0,0,0,2393,525,2918,5960,8878,-0.0401564,0.0920406,-0.994945,0
0,0,0,0,0,2539,504,3043,6117,9160,-0.0405211,0.0925656,-0.994882,0
0,0,0,0,0,2248,423,2671,6164,8835,-0.0403171,0.0928969,-0.994859,0
0,0,0,0,0,2380,561,2941,5948,8889,-0.0412251,0.093189,-0.994795,0
0,0,0,0,0,2320,466,2786,6185,8971,-0.0410974,0.0919892,-0.994912,0
0,0,0,0,0,2301,466,2767,6029,8796,-0.0411655,0.0909051,-0.995008,0
0,0,0,0,0,2344,454,2798,6038,8836,-0.0415617,0.0905238,-0.995027,0
0,0,0,0,0,2426,453,2879,5971,8850,-0.0410914,0.0869615,-0.995364,0
0,0,0,0,0,2318,528,2846,6131,8977,-0.0417288,0.08717,-0.995319,0
0,0,0,0,0,2442,448,2890,6212,9102,-0.0424591,0.087027,-0.995301,0
0,0,0,0,0,2529,571,3100,6057,9157,-0.0422298,0.0898482,-0.99506,0
0,0,0,0,0,2406,468,2874,5801,8675,-0.042721,0.091931,-0.994849,0
0,0,0,0,0,2357,430,2787,5920,8707,-0.0404191,0.0916784,-0.994968,0
0,0,0,0,0,2436,487,2923,5823,8746,-0.0371308,0.0963031,-0.994659,0
0,0,0,0,0,2526,438,2964,5832,8796,-0.035183,0.100409,-0.994324,0
0,0,0,0,0,2484,467,2951,5803,8754,-0.0362297,0.102856,-0.994036,0
0,0,0,0,0,2572,458,3030,6103,9133,-0.0387203,0.108479,-0.993344,0
0,0,0,0,0,2447,446,2893,6079,8972,-0.0413843,0.112553,-0.992783,0
0,0,0,0,0,2560,520,3080,7612,10692,-0.051145,0.122339,-0.99117,0
0,0,0,0,0,2439,452,2891,6116,9007,-0.0451796,0.130477,-0.990421,0
0,0,0,0,0,2558,548,3106,5981,9087,-0.0455548,0.125593,-0.991035,0
0,0,0,0,0,2572,465,3037,5863,8900,-0.0504059,0.122153,-0.991231,0
0,0,0,0,0,2586,450,3036,5987,9023,-0.0525801,0.115708,-0.991891,0
0,0,0,0,0,2521,469,2990,6070,9060,-0.0582953,0.0837444,-0.994781,0
0,0,0,0,0,2605,527,3132,6425,9557,-0.0620722,0.0418868,-0.997192,0
0,0,0,0,0,2501,498,2999,7970,10969,-0.0585136,-0.0326246,-0.997753,0
0,0,0,0,0,2728,489,3217,8363,11580,-0.0599063,-0.0527454,-0.996809,0
0,0,0,0,0,2585,477,3062,8631,11693,-0.0258798,0.0179143,-0.999505,0
0,0,0,0,0,2590,504,3094,9097,12191,-0.0254823,0.0234653,-0.9994,0
0,0,0,0,0,2689,521,3210,9075,12285,-0.029394,0.0288866,-0.99915,0
0,0,0,0,0,2702,600,3302,9150,12452,-0.0348832,0.0349961,-0.998778,0
0,0,0,0,0,2529,512,3041,9100,12141,-0.0368312,0.0441745,-0.998345,0
0,0,0,0,0,2501,588,3089,9133,12222,-0.0358931,0.0532962,-0.997933,0
0,0,0,0,0,2679,527,3206,9069,12275,-0.0382938,0.0561076,-0.99769,0
0,0,0,0,0,2657,531,3188,9430,12618,-0.0415359,0.0727612,-0.996484,0
0,0,0,0,0,2987,518,3505,9683,13188,-0.0206497,0.0119638,-0.999715,0
0,0,0,0,0,2602,496,3098,9575,12673,-0.0224366,0.021618,-0.999514,0
0,0,0,0,0,2597,505,3102,10781,13883,-0.0252862,0.0163978,-0.999546,0
0,0,0,0,0,2529,483,3012,9531,12543,-0.0273029,0.0323083,-0.999105,0
0,0,0,0,0,2509,483,2992,9586,12578,-0.0301919,0.0412721,-0.998692,0
0,0,0,0,0,2507,503,3010,9615,12625,-0.0329204,0.0471477,-0.998345,0
0,0,0,0,0,2495,486,2981,9507,12488,-0.032396,0.0483519,-0.998305,0
0,0,0,0,0,2510,481,2991,9702,12693,-0.0311879,0.0456206,-0.998472,0
0,0,0,0,0,2623,517,3140,9688,12828,-0.0324067,0.0415453,-0.998611,0
0,0,0,0,0,2481,493,2974,9534,12508,-0.0348152,0.0397041,-0.998605,0
0,0,0,0,0,2456,480,2936,9420,12356,-0.0320952,0.039094,-0.99872,0
0,0,0,0,0,2992,572,3564,10151,13715,-0.0257964,0.040638,-0.998841,0
0,0,0,0,0,2737,481,3218,9514,12732,-0.0272176,0.0443731,-0.998644,0
0,0,0,0,0,2698,538,3236,9368,12604,-0.0279234,0.0395991,-0.998825,0
0,0,0,0,0,2581,498,3079,8880,11959,-0.0271453,0.0356537,-0.998995,0
0,0,0,0,0,2607,492,3099,8453,11552,-0.0250327,0.0313196,-0.999196,0
0,0,0,0,0,2521,473,2994,8181,11175,-0.0245015,0.0285595,-0.999292,0
0,0,0,0,0,2627,520,3147,8293,11440,-0.0246685,0.0254203,-0.999372,0
0,0,0,0,0,2586,497,3083,8016,11099,-0.0254547,0.023279,-0.999405,0
0,0,0,0,0,2704,497,3201,8027,11228,-0.024547,0.0214237,-0.999469,0
0,0,0,0,0,2501,483,2984,7837,10821,-0.0229227,0.019882,-0.99954,0
0,0,0,0,0,2911,543,3454,8502,11956,-0.0327794,0.0417235,-0.998591,0
0,0,0,0,0,2442,477,2919,7795,10714,-0.0302666,0.0490234,-0.998339,0
0,0,0,0,0,2620,520,3140,7896,11036,-0.0301236,0.042571,-0.998639,0
0,0,0,0,0,2764,479,3243,7759,11002,-0.0260455,0.0317211,-0.999157,0
0,0,0,0,0,2495,480,2975,7576,10551,-0.0174309,0.0142501,-0.999747,0
0,0,0,0,0,2471,461,2932,7297,10229,-0.0107416,-0.00441714,-0.999933,0
0,0,0,0,0,2611,494,3105,6784,9889,-0.0074058,-0.0241673,-0.99968,0
0,0,0,0,0,2493,459,2952,6432,9384,-0.00544091,-0.0467509,-0.998892,0
0,0,0,0,0,2909,538,3447,6618,10065,-0.0257425,0.00085859,-0.999668,0
0,0,0,0,0,2665,496,3161,5859,9020,-0.0245644,0.0494491,-0.998475,0
0,0,0,0,0,2929,476,3405,5227,8632,-0.0164243,0.0169438,-0.999721,0
0,0,0,0,0,2532,458,2990,4742,7732,-0.0030338,-0.025397,-0.999673,0
0,0,0,0,0,2673,481,3154,4354,7508,0.00790908,-0.0681426,-0.997644,0
0,0,0,0,0,2596,449,3045,3959,7004,0.0124049,-0.112878,-0.993531,0
0,0,0,0,0,2644,480,3124,4405,7529,0.014856,-0.158467,-0.987252,0
0,0,0,0,0,2640,459,3099,4261,7360,0.0175122,-0.213248,-0.976841,0
0,0,0,0,0,2870,477,3347,4488,7835,0.0235512,-0.274803,-0.961212,0
0,0,0,0,0,2788,517,3305,5079,8384,0.0346471,-0.337017,-0.940861,0
0,0,0,0,0,3062,512,3574,5953,9527,0.0442215,-0.387822,-0.920673,0
0,0,0,0,0,2860,511,3371,6709,10080,0.0532665,-0.437045,-0.897861,0
0,0,0,0,0,3518,528,4046,7911,11957,-0.0412168,0.115438,-0.992459,0
0,0,0,0,0,2944,542,3486,8716,12202,-0.0485424,0.146252,-0.988056,0
0,0,0,0,0,3095,530,3625,9690,13315,-0.0365785,0.0743104,-0.996564,0
0,0,0,0,0,2886,605,3491,11456,14947,-0.0317243,0.186428,-0.981956,0
0,0,0,0,0,3181,709,3890,12476,16366,-0.0168925,0.0957992,-0.995257,0
0,0,0,0,0,3162,548,3710,12545,16255,0.000325923,0.0047586,-0.999989,0
0,0,0,0,0,3261,694,3955,13122,17077,0.0169559,-0.0739731,-0.997116,0
0,0,0,0,0,2995,548,3543,12659,16202,0.0356342,-0.144882,-0.988807,0
0,0,0,0,0,3174,708,3882,12703,16585,0.0514244,-0.209685,-0.976416,0
0,0,0,0,0,3130,545,3675,12785,16460,0.0646955,-0.263523,-0.962481,0
0,0,0,0,0,4992,732,5724,14558,20282,-0.0410193,0.142403,-0.988958,0
0,0,0,0,0,3222,537,3759,12808,16567,-0.023213,0.0791781,-0.99659,0
0,0,0,0,0,3152,549,3701,12424,16125,-0.0095073,0.0293377,-0.999524,0
0,0,0,0,0,5050,776,5826,13642,19468,-0.0533966,0.212872,-0.97562,0
0,0,0,0,0,3022,651,3673,12364,16037,-0.0395169,0.168035,-0.984989,0
0,0,0,0,0,3157,524,3681,12402,16083,-0.0253576,0.119579,-0.992501,0
0,0,0,0,0,3099,544,3643,12258,15901,-0.0162085,0.0822296,-0.996482,0
0,0,0,0,0,3084,561,3645,12250,15895,-0.00561684,0.037587,-0.999278,0
0,0,0,0,0,3080,628,3708,12238,15946,0.00453795,-0.0119275,-0.999919,0
0,0,0,0,0,3146,582,3728,12315,16043,0.0132444,-0.0648899,-0.997804,0
0,0,0,0,0,3079,606,3685,12304,15989,0.0210741,-0.120829,-0.99245,0
0,0,0,0,0,2902,581,3483,11931,15414,0.0308268,-0.183401,-0.982555,0
0,0,0,0,0,3096,569,3665,11878,15543,0.0432509,-0.25823,-0.965115,0
0,0,0,0,0,2712,559,3271,11605,14876,0.0580553,-0.333684,-0.940896,0
0,0,0,0,0,2725,899,3624,10894,14518,0.0200942,0.141725,-0.989702,0
0,0,0,0,0,2792,543,3335,10265,13600,0.0597641,4.2206e-05,-0.998213,0
0,0,0,0,0,2666,537,3203,9702,12905,0.119012,-0.176677,-0.977047,0
0,0,0,0,0,2735,511,3246,9422,12668,0.133921,-0.265832,-0.954672,0
0,0,0,0,0,2707,543,3250,8880,12130,0.166929,-0.37478,-0.911962,0
0,0,0,0,0,2741,496,3237,8657,11894,0.183139,-0.443251,-0.87749,0
0,0,0,0,0,2777,498,3275,8472,11747,0.19099,-0.494255,-0.848077,0
0,0,0,0,0,2585,496,3081,7808,10889,0.196252,-0.542864,-0.816569,0
0,0,0,0,0,2618,494,3112,7842,10954,0.141688,0.0171156,-0.989763,0
0,0,0,0,0,2594,487,3081,6715,9796,0.149378,0.0404595,-0.987952,0
0,0,0,0,0,2783,527,3310,6366,9676,0.161775,-0.0156399,-0.986704,0
0,0,0,0,0,2700,494,3194,6122,9316,0.163247,-0.0446056,-0.985576,0
0,0,0,0,0,2890,489,3379,6033,9412,0.149401,-0.0512736,-0.987446,0
0,0,0,0,0,2628,485,3113,6136,9249,0.131107,-0.0591675,-0.989601,0
0,0,0,0,0,2860,522,3382,6580,9962,0.117187,-0.0748017,-0.990289,0
0,0,0,0,0,2797,539,3336,6864,10200,0.110535,-0.099621,-0.988867,0
0,0,0,0,0,2801,546,3347,7089,10436,0.109292,-0.126114,-0.985977,0
0,0,0,0,0,2882,521,3403,7154,10557,0.0260825,0.471124,-0.881682,0
0,0,0,0,0,2920,578,3498,7388,10886,0.0137684,0.513563,-0.857941,0
0,0,0,0,0,2779,511,3290,7354,10644,-0.00367942,0.55952,-0.828809,0
0,0,0,0,0,3076,562,3638,7387,11025,0.000196924,0.537586,-0.843209,0
0,0,0,0,0,3045,538,3583,7316,10899,-0.097436,0.693255,-0.714075,0
0,0,0,0,0,2836,606,3442,6912,10354,-0.0921846,0.675069,-0.731973,0
0,0,0,0,0,2842,496,3338,6658,9996,-0.0849085,0.659738,-0.746684,0
0,0,0,0,0,2647,562,3209,6479,9688,-0.0766112,0.639602,-0.764879,0
0,0,0,0,0,2657,490,3147,-1000,-1000,-1,-1,-1,0
0,0,0,0,0,2888,687,3575,12916,16491,-0.0129017,0.0743486,-0.997149,0
0,0,0,0,0,2658,543,3201,13013,16214,-0.0219156,-0.00611406,-0.999741,0
0,0,0,0,0,2741,580,3321,13013,16334,-0.0216112,0.147557,-0.988817,0
0,0,0,0,0,2644,555,3199,13025,16224,-0.0264023,0.0357592,-0.999012,0
0,0,0,0,0,2722,724,3446,13075,16521,-0.0276279,-0.0874476,-0.995786,0
0,0,0,0,0,2575,641,3216,13162,16378,-0.0326358,0.10194,-0.994255,0
0,0,0,0,0,2563,771,3334,13233,16567,-0.0347582,-0.0110462,-0.999335,0
0,0,0,0,0,2462,567,3029,13053,16082,-0.0332663,-0.124578,-0.991652,0
0,0,0,0,0,2787,560,3347,13086,16433,-0.0288078,-0.225042,-0.973923,0
0,0,0,0,0,2615,577,3192,13689,16881,-0.0143008,0.0099905,-0.999848,0
0,0,0,0,0,2697,538,3235,12536,15771,-0.0284049,0.176523,-0.983887,0
0,0,0,0,0,2684,709,3393,13254,16647,-0.0472977,0.236417,-0.9705,0
0,0,0,0,0,2501,591,3092,12182,15274,-0.0341823,0.137321,-0.989937,0
0,0,0,0,0,2481,517,2998,11552,14550,-0.021885,0.0417538,-0.998888,0
0,0,0,0,0,2410,572,2982,11239,14221,-0.0332563,0.169952,-0.984891,0
0,0,0,0,0,2612,531,3143,10515,13658,-0.0186989,0.0761742,-0.996919,0
0,0,0,0,0,2735,493,3228,8767,11995,-0.0300201,0.161821,-0.986363,0
0,0,0,0,0,2542,498,3040,7343,10383,-0.0117051,0.0643389,-0.997859,0
0,0,0,0,0,2353,470,2823,6114,8937,0.00603515,-0.031261,-0.999493,0
0,0,0,0,0,2426,466,2892,4790,7682,-0.0405276,0.141274,-0.989141,0
0,0,0,0,0,2428,465,2893,4490,7383,-0.0295604,0.0569493,-0.997939,0
0,0,0,0,0,2672,478,3150,4674,7824,-0.0227593,0.109097,-0.99377,0
0,0,0,0,0,2764,469,3233,5848,9081,-0.0152573,0.0358382,-0.999241,0
0,0,0,0,0,2610,483,3093,6682,9775,-0.00868619,-0.0382097,-0.999232,0
0,0,0,0,0,2761,497,3258,7957,11215,0.00164545,-0.109531,-0.993982,0
0,0,0,0,0,2729,522,3251,9156,12407,0.0176467,-0.181648,-0.983205,0
0,0,0,0,0,2882,553,3435,10415,13850,0.0422334,-0.274444,-0.960675,0
0,0,0,0,0,2922,570,3492,12879,16371,0.0743877,-0.386671,-0.919213,0
0,0,0,0,0,2996,591,3587,12581,16168,0.103313,-0.486932,-0.867308,0
0,0,0,0,0,2861,563,3424,12638,16062,0.125903,-0.564627,-0.815687,0
0,0,0,0,0,4836,762,5598,15291,20889,-0.0413464,0.117579,-0.992202,0
0,0,0,0,0,3022,542,3564,12843,16407,-0.0289302,0.068047,-0.997263,0
0,0,0,0,0,3090,648,3738,12573,16311,-0.0358815,0.146019,-0.988631,0
0,0,0,0,0,2910,548,3458,12614,16072,-0.0222711,0.0815911,-0.996417,0
0,0,0,0,0,3054,583,3637,12564,16201,-0.00976369,0.0207917,-0.999736,0
0,0,0,0,0,2862,528,3390,12410,15800,0.00470866,-0.0407868,-0.999157,0
0,0,0,0,0,3420,576,3996,12328,16324,0.0170356,-0.0941627,-0.995411,0
0,0,0,0,0,2957,551,3508,12546,16054,0.0271097,-0.138572,-0.989981,0
0,0,0,0,0,3316,636,3952,12822,16774,-0.0104056,0.15643,-0.987634,0
0,0,0,0,0,2908,525,3433,12055,15488,-0.00800056,0.208604,-0.977967,0
0,0,0,0,0,3088,633,3721,11914,15635,-0.00626312,0.175144,-0.984523,0
0,0,0,0,0,2711,518,3229,11832,15061,0.00589256,0.281537,-0.959532,0
0,0,0,0,0,2862,558,3420,11703,15123,0.00775072,0.236931,-0.971496,0
0,0,0,0,0,2705,515,3220,11496,14716,0.015436,0.171277,-0.985102,0
0,0,0,0,0,2683,702,3385,11173,14558,0.0247001,0.0919882,-0.995454,0
0,0,0,0,0,2704,535,3239,11033,14272,0.0151265,0.203364,-0.978986,0
0,0,0,0,0,2759,516,3275,9561,12836,0.0380243,0.174098,-0.983994,0
0,0,0,0,0,2664,633,3297,9147,12444,0.101592,0.0838686,-0.991285,0
0,0,0,0,0,2751,563,3314,8647,11961,0.128544,-0.124303,-0.983883,0
0,0,0,0,0,2731,543,3274,9169,12443,0.0980763,-0.201081,-0.974653,0
0,0,0,0,0,2773,547,3320,9126,12446,0.0774026,-0.261611,-0.962065,0
0,0,0,0,0,2688,528,3216,8689,11905,0.0704281,-0.317611,-0.945602,0
0,0,0,0,0,2684,481,3165,7963,11128,0.0819237,-0.379949,-0.921372,0
0,0,0,0,0,2692,499,3191,6786,9977,0.1082,-0.429721,-0.896455,0
0,0,0,0,0,2543,528,3071,5843,8914,0.14055,-0.469803,-0.871511,0
0,0,0,0,0,2611,497,3108,5458,8566,0.111832,0.0532151,-0.992301,0
0,0,0,0,0,2638,547,3185,5005,8190,0.123035,0.0130436,-0.992317,0
0,0,0,0,0,2431,470,2901,4600,7501,0.116354,0.00255197,-0.993205,0
0,0,0,0,0,2565,551,3116,4963,8079,0.0966708,0.00483048,-0.995305,0
0,0,0,0,0,2534,514,3048,5540,8588,0.0852362,-0.00266942,-0.996357,0
0,0,0,0,0,2787,583,3370,5999,9369,0.0812338,-0.0209853,-0.996474,0
0,0,0,0,0,2611,477,3088,5935,9023,0.0790312,-0.0416711,-0.996001,0
0,0,0,0,0,2847,508,3355,6147,9502,0.0756518,-0.0644512,-0.995049,0
0,0,0,0,0,2765,498,3263,5920,9183,0.0712862,-0.0885536,-0.993517,0
0,0,0,0,0,2804,542,3346,5955,9301,0.0679136,-0.110962,-0.991501,0
0,0,0,0,0,2730,504,3234,6499,9733,0.0589361,-0.10649,-0.992566,0
0,0,0,0,0,2737,551,3288,5825,9113,-0.0208184,0.609237,-0.792715,0
0,0,0,0,0,2932,524,3456,-1000,-1000,-1,-1,-1,0
0,0,0,0,0,2658,582,3240,12420,15660,-0.0037535,-0.0471542,-0.998881,0
0,0,0,0,0,2622,530,3152,12451,15603,-0.00884745,-0.140329,-0.990065,0
0,0,0,0,0,3235,588,3823,12672,16495,-0.0119097,-0.240002,-0.970699,0
0,0,0,0,0,2636,530,3166,12612,15778,-0.0146389,-0.333912,-0.942491,0
0,0,0,0,0,2882,600,3482,12632,16114,-0.0165565,-0.420219,-0.907271,0
0,0,0,0,0,2646,556,3202,12988,16190,0.00823672,-0.155436,-0.987812,0
0,0,0,0,0,2676,577,3253,12904,16157,-0.0100516,0.170195,-0.985359,0
0,0,0,0,0,2537,519,3056,12851,15907,-0.000413838,0.0564046,-0.998408,0
0,0,0,0,0,2834,560,3394,13359,16753,0.00494928,-0.0462245,-0.998919,0
0,0,0,0,0,2458,526,2984,12888,15872,-0.0484388,0.142748,-0.988573,0
0,0,0,0,0,2733,576,3309,13084,16393,-0.0579185,0.198538,-0.97838,0
0,0,0,0,0,2616,545,3161,13002,16163,-0.052465,0.188997,-0.980575,0
0,0,0,0,0,2678,723,3401,12960,16361,-0.0513977,0.0987876,-0.99378,0
0,0,0,0,0,3038,619,3657,12876,16533,-0.0145317,0.252746,-0.967424,0
0,0,0,0,0,2589,525,3114,12429,15543,-0.0133125,0.160778,-0.986901,0
0,0,0,0,0,2573,523,3096,12207,15303,-0.00923595,0.0497563,-0.998719,0
0,0,0,0,0,2605,658,3263,11838,15101,-0.00291843,-0.068861,-0.997622,0
0,0,0,0,0,2623,547,3170,11324,14494,0.00638107,-0.19444,-0.980894,0
0,0,0,0,0,2527,665,3192,10661,13853,0.0170855,-0.311013,-0.950252,0
0,0,0,0,0,2407,498,2905,9700,12605,0.0270766,-0.408079,-0.912545,0
0,0,0,0,0,4165,707,4872,9751,14623,-0.0536778,0.208804,-0.976483,0
0,0,0,0,0,2444,506,2950,6903,9853,-0.0324691,0.119004,-0.992363,0
0,0,0,0,0,2498,485,2983,5558,8541,-0.0144151,0.0339465,-0.99932,0
0,0,0,0,0,2471,478,2949,4521,7470,-0.00408615,-0.0464391,-0.998913,0
0,0,0,0,0,2390,434,2824,4511,7335,0.0056004,-0.127477,-0.991826,0
0,0,0,0,0,2575,457,3032,4966,7998,-0.0178435,0.10378,-0.99444,0
0,0,0,0,0,2554,470,3024,5895,8919,-0.0127892,0.0250952,-0.999603,0
0,0,0,0,0,2583,489,3072,8505,11577,-0.0143312,0.0870371,-0.996102,0
0,0,0,0,0,2717,595,3312,8790,12102,-0.023074,0.119515,-0.992564,0
0,0,0,0,0,2722,549,3271,9950,13221,-0.0360658,0.244818,-0.968898,0
0,0,0,0,0,2671,607,3278,11197,14475,-0.0223895,0.158654,-0.98708,0
0,0,0,0,0,2758,550,3308,12102,15410,-0.00907159,0.0726842,-0.997314,0
0,0,0,0,0,2927,562,3489,12449,15938,-0.035172,0.188977,-0.981351,0
0,0,0,0,0,2834,543,3377,12895,16272,-0.021101,0.106675,-0.99407,0
0,0,0,0,0,2812,656,3468,12725,16193,-0.0258421,0.165626,-0.98585,0
0,0,0,0,0,2873,549,3422,12798,16220,-0.0141592,0.096792,-0.995204,0
0,0,0,0,0,2959,672,3631,13033,16664,-0.00357719,0.031835,-0.999487,0
0,0,0,0,0,2849,536,3385,12690,16075,0.00296505,-0.0263532,-0.999648,0
0,0,0,0,0,3175,650,3825,12602,16427,0.0103762,-0.0857652,-0.996261,0
0,0,0,0,0,3061,557,3618,13725,17343,-0.0103592,0.178141,-0.98395,0
0,0,0,0,0,3261,559,3820,12618,16438,-0.00403749,0.122796,-0.992424,0
0,0,0,0,0,2925,551,3476,12357,15833,0.00252128,0.0635004,-0.997979,0
0,0,0,0,0,2968,543,3511,12288,15799,0.00824311,0.00854626,-0.999929,0
0,0,0,0,0,2895,540,3435,12156,15591,0.00211779,0.17635,-0.984325,0
0,0,0,0,0,2886,548,3434,12302,15736,0.0139964,0.0983295,-0.995055,0
0,0,0,0,0,2849,543,3392,11931,15323,0.0259006,0.0212817,-0.999438,0
0,0,0,0,0,2827,564,3391,11972,15363,0.0385817,-0.0593182,-0.997493,0
0,0,0,0,0,2718,530,3248,12039,15287,0.0505741,-0.136583,-0.989337,0
0,0,0,0,0,3248,528,3776,11742,15518,0.00311552,0.114811,-0.993382,0
0,0,0,0,0,2740,539,3279,12031,15310,-0.00491425,0.112476,-0.993642,0
0,0,0,0,0,2817,536,3353,11716,15069,0.0130364,0.0179944,-0.999753,0
0,0,0,0,0,2755,532,3287,11417,14704,0.0280191,-0.077589,-0.996592,0
0,0,0,0,0,2984,525,3509,11283,14792,0.0126109,-0.00943014,-0.999876,0
0,0,0,0,0,2960,528,3488,11333,14821,0.0255284,-0.0985413,-0.994805,0
0,0,0,0,0,2676,565,3241,11187,14428,0.0359378,-0.181959,-0.982649,0
0,0,0,0,0,2698,514,3212,10656,13868,0.0482689,-0.260969,-0.964139,0
0,0,0,0,0,2958,551,3509,10504,14013,0.0588282,-0.328698,-0.942601,0
0,0,0,0,0,2599,489,3088,9799,12887,0.0672722,-0.391399,-0.917759,0
0,0,0,0,0,4390,704,5094,10630,15724,0.00819498,-0.0497178,-0.99873,0
0,0,0,0,0,2677,525,3202,8564,11766,0.0098625,-0.0561403,-0.998374,0
0,0,0,0,0,2663,532,3195,7493,10688,0.00368763,-0.12533,-0.992108,0
0,0,0,0,0,2611,486,3097,6435,9532,-0.00134797,-0.188061,-0.982156,0
0,0,0,0,0,2520,489,3009,5264,8273,-0.0130264,-0.269753,-0.962841,0
0,0,0,0,0,2585,452,3037,3724,6761,-0.0697776,-0.0494034,-0.996339,0
0,0,0,0,0,2729,455,3184,3632,6816,-0.0963549,-0.0180137,-0.995184,0
0,0,0,0,0,2889,489,3378,5471,8849,-0.0569723,0.0142077,-0.998275,0
0,0,0,0,0,2769,508,3277,6351,9628,-0.0194206,0.247329,-0.968737,0
0,0,0,0,0,2812,499,3311,6630,9941,-0.00763233,0.238607,-0.971086,0
0,0,0,0,0,3192,505,3697,6696,10393,-0.0193975,0.413731,-0.910192,0
0,0,0,0,0,2776,492,3268,6304,9572,-0.0142712,0.403496,-0.91487,0
0,0,0,0,0,3103,605,3708,6246,9954,-0.0115259,0.391383,-0.920156,0
0,0,0,0,0,2990,528,3518,6090,9608,-0.00823705,0.616894,-0.787003,0
0,0,0,0,0,2977,498,3475,5855,9330,-0.0107477,0.607736,-0.794066,0
0,0,0,0,0,2864,517,3381,-1000,-1000,-1,-1,-1,0
0,0,0,0,0,2942,546,3488,12809,16297,-0.0192583,-0.0224629,-0.999562,0
0,0,0,0,0,4390,783,5173,13989,19162,0.0277957,0.165861,-0.985757,0
0,0,0,0,0,2956,584,3540,12557,16097,-0.00331939,0.0590954,-0.998247,0
0,0,0,0,0,3222,571,3793,14091,17884,0.0273656,0.152932,-0.987858,0
0,0,0,0,0,2861,589,3450,12876,16326,-0.00420222,0.049517,-0.998764,0
0,0,0,0,0,2526,537,3063,12553,15616,-0.0347441,-0.0547189,-0.997897,0
0,0,0,0,0,2563,571,3134,12935,16069,-0.0630054,-0.16421,-0.984411,0
0,0,0,0,0,2571,552,3123,12830,15953,-0.0880947,-0.273238,-0.957904,0
0,0,0,0,0,2791,589,3380,12751,16131,-0.109506,-0.380229,-0.918387,0
0,0,0,0,0,2685,566,3251,13011,16262,-0.127295,-0.474936,-0.870765,0
0,0,0,0,0,2702,598,3300,12717,16017,-0.143581,-0.55621,-0.818545,0
0,0,0,0,0,2449,525,2974,13120,16094,-0.109816,-0.488565,-0.865589,0
0,0,0,0,0,2512,754,3266,12681,15947,-0.0424697,0.0574751,-0.997443,0
0,0,0,0,0,2557,611,3168,12863,16031,-0.0263408,0.0607186,-0.997807,0
0,0,0,0,0,2575,672,3247,12590,15837,-0.0597223,-0.0164107,-0.99808,0
0,0,0,0,0,2467,529,2996,12273,15269,-0.0930367,-0.0957561,-0.991047,0
0,0,0,0,0,2718,554,3272,11953,15225,-0.125743,-0.174943,-0.976516,0
0,0,0,0,0,2370,565,2935,11856,14791,-0.0510272,-0.0323188,-0.998174,0
0,0,0,0,0,2575,639,3214,11052,14266,0.0294385,0.0979786,-0.994753,0
0,0,0,0,0,2397,509,2906,10219,13125,0.049976,0.138198,-0.989143,0
0,0,0,0,0,2491,483,2974,9141,12115,0.0116673,0.0693748,-0.997522,0
0,0,0,0,0,2472,605,3077,8212,11289,0.026202,0.0805426,-0.996407,0
0,0,0,0,0,2411,493,2904,6993,9897,0.0454158,0.10604,-0.993324,0
0,0,0,0,0,2363,496,2859,5772,8631,-0.00353574,0.0457169,-0.998948,0
0,0,0,0,0,2539,493,3032,4740,7772,-0.0517761,-0.00828899,-0.998624,0
0,0,0,0,0,2560,495,3055,4580,7635,-0.0971486,-0.0517455,-0.993924,0
0,0,0,0,0,2546,482,3028,4694,7722,-0.138899,-0.0888522,-0.986313,0
0,0,0,0,0,2768,515,3283,4707,7990,0.119343,0.102269,-0.987572,0
0,0,0,0,0,2701,468,3169,4805,7974,0.144001,0.102556,-0.984249,0
0,0,0,0,0,3263,674,3937,7272,11209,0.213872,0.134896,-0.967503,0
0,0,0,0,0,3106,500,3606,5691,9297,0.142848,0.0893158,-0.985706,0
0,0,0,0,0,2646,478,3124,7154,10278,0.195129,0.107073,-0.974915,0
0,0,0,0,0,2781,510,3291,8458,11749,0.135323,0.0685301,-0.988429,0
0,0,0,0,0,2740,507,3247,9775,13022,0.0512932,0.0160771,-0.998554,0
0,0,0,0,0,2742,568,3310,11393,14703,-0.0552136,-0.046125,-0.997409,0
0,0,0,0,0,2675,524,3199,12282,15481,-0.158409,-0.0999216,-0.982305,0
0,0,0,0,0,3148,572,3720,12970,16690,0.0906195,0.0339944,-0.995305,0
0,0,0,0,0,2898,588,3486,12655,16141,0.0227041,0.0105206,-0.999687,0
0,0,0,0,0,3000,724,3724,12768,16492,0.103435,0.0269535,-0.994271,0
0,0,0,0,0,2882,567,3449,12520,15969,0.0384479,0.00629673,-0.999241,0
0,0,0,0,0,2928,638,3566,12511,16077,0.102306,0.0245239,-0.994451,0
0,0,0,0,0,3039,544,3583,12517,16100,0.0410038,0.0119439,-0.999088,0
0,0,0,0,0,2876,653,3529,12305,15834,-0.0248633,0.000732829,-0.999691,0
0,0,0,0,0,3090,578,3668,12533,16201,-0.0885109,-0.00724727,-0.996049,0
0,0,0,0,0,3067,602,3669,12355,16024,-0.141742,-0.0113205,-0.989839,0
0,0,0,0,0,2906,582,3488,12364,15852,-0.192831,-0.0168162,-0.981088,0
0,0,0,0,0,3072,634,3706,12829,16535,-0.222602,-0.0209241,-0.974685,0
0,0,0,0,0,2831,555,3386,12450,15836,0.100266,-0.00454036,-0.99495,0
0,0,0,0,0,3029,713,3742,12671,16413,0.116953,-0.00870388,-0.993099,0
0,0,0,0,0,2924,776,3700,13232,16932,0.133745,-0.00967677,-0.990969,0
0,0,0,0,0,2987,550,3537,12288,15825,0.0848574,-0.00473232,-0.996382,0
0,0,0,0,0,2828,543,3371,12048,15419,0.032987,0.00390919,-0.999448,0
0,0,0,0,0,2869,540,3409,11925,15334,-0.0353799,0.0167205,-0.999234,0
0,0,0,0,0,2738,544,3282,11745,15027,-0.102385,0.0288626,-0.994326,0
0,0,0,0,0,2730,684,3414,11651,15065,-0.167355,0.0405973,-0.98506,0
0,0,0,0,0,2725,551,3276,12062,15338,-0.134721,0.0371953,-0.990185,0
0,0,0,0,0,2775,628,3403,11556,14959,-0.0262638,0.013057,-0.99957,0
0,0,0,0,0,2614,542,3156,11466,14622,-0.114003,0.0274121,-0.993102,0
0,0,0,0,0,2875,563,3438,11647,15085,-0.19151,0.0435155,-0.980526,0
0,0,0,0,0,2818,567,3385,11363,14748,-0.258915,0.0604298,-0.964008,0
0,0,0,0,0,2598,516,3114,11018,14132,-0.316753,0.0782378,-0.945276,0
0,0,0,0,0,4363,779,5142,13273,18415,-0.150605,0.065033,-0.986453,0
0,0,0,0,0,2505,592,3097,10578,13675,-0.110243,0.0662939,-0.991691,0
0,0,0,0,0,2550,529,3079,10392,13471,-0.152736,0.091948,-0.98398,0
0,0,0,0,0,2704,632,3336,9901,13237,-0.0442408,0.030252,-0.998563,0
0,0,0,0,0,2574,494,3068,9368,12436,-0.090985,0.0544786,-0.994361,0
0,0,0,0,0,2495,496,2991,8585,11576,-0.156957,0.0843688,-0.983995,0
0,0,0,0,0,2738,488,3226,7704,10930,-0.225282,0.105315,-0.968585,0
0,0,0,0,0,2792,494,3286,7115,10401,-0.279548,0.127686,-0.951603,0
0,0,0,0,0,2395,525,2920,5707,8627,-0.337776,0.155032,-0.928371,0
0,0,0,0,0,2347,493,2840,4761,7601,-0.396049,0.18095,-0.900224,0
0,0,0,0,0,2455,467,2922,3930,6852,-0.445979,0.202718,-0.871784,0
0,0,0,0,0,2561,468,3029,3274,6303,-0.490324,0.20534,-0.847005,0
0,0,0,0,0,2793,454,3247,3451,6698,-0.0211068,-0.0532035,-0.998361,0
0,0,0,0,0,2674,565,3239,5768,9007,0.00514565,-0.0526206,-0.998601,0
0,0,0,0,0,4242,712,4954,7545,12499,0.0964443,-0.110737,-0.989159,0
0,0,0,0,0,2627,507,3134,8435,11569,0.075937,-0.0811392,-0.993806,0
0,0,0,0,0,2889,602,3491,8908,12399,0.105293,-0.132632,-0.985557,0
0,0,0,0,0,2748,492,3240,9417,12657,0.0529217,-0.0410207,-0.997756,0
0,0,0,0,0,2712,511,3223,10284,13507,-0.0272632,0.0961937,-0.994989,0
0,0,0,0,0,2791,675,3466,13380,16846,0.000813829,0.0376102,-0.999292,0
0,0,0,0,0,2791,521,3312,11415,14727,-0.00822883,0.046338,-0.998892,0
0,0,0,0,0,3021,541,3562,11847,15409,0.0170745,0.0287087,-0.999442,0
0,0,0,0,0,2850,563,3413,12183,15596,0.0336894,-0.0144857,-0.999327,0
0,0,0,0,0,2954,544,3498,12056,15554,0.00129386,0.0646664,-0.997906,0
0,0,0,0,0,2878,560,3438,12342,15780,-0.0293191,0.132342,-0.99077,0
0,0,0,0,0,2962,540,3502,12486,15988,0.0203549,0.0392369,-0.999023,0
0,0,0,0,0,2774,537,3311,12420,15731,-0.00840107,0.115611,-0.993259,0
0,0,0,0,0,2647,632,3279,12390,15669,-0.0380275,0.188268,-0.981381,0
0,0,0,0,0,2534,529,3063,12737,15800,-0.0661044,0.262145,-0.962762,0
0,0,0,0,0,3000,552,3552,12667,16219,0.0441547,-0.0274976,-0.998646,0
0,0,0,0,0,2545,558,3103,12862,15965,0.024374,0.047411,-0.998578,0
0,0,0,0,0,2508,647,3155,12698,15853,0.00572198,0.118803,-0.992901,0
0,0,0,0,0,2682,575,3257,12824,16081,0.0281449,-0.0834312,-0.996116,0
0,0,0,0,0,2638,536,3174,12779,15953,0.00262188,-0.012939,-0.999913,0
0,0,0,0,0,2479,544,3023,12592,15615,-0.0259811,0.0573544,-0.998016,0
0,0,0,0,0,2588,707,3295,12863,16158,-0.0563464,0.126491,-0.990366,0
0,0,0,0,0,2558,540,3098,12974,16072,-0.0871425,0.194845,-0.976955,0
0,0,0,0,0,2612,527,3139,12586,15725,-0.11676,0.267678,-0.956408,0
0,0,0,0,0,2568,524,3092,12283,15375,-0.141172,0.341282,-0.929299,0
0,0,0,0,0,2752,563,3315,12400,15715,0.0639438,-0.0951467,-0.993407,0
0,0,0,0,0,2513,542,3055,12536,15591,0.0447299,-0.0116301,-0.998931,0
0,0,0,0,0,2464,534,2998,12408,15406,0.0285975,0.0736246,-0.996876,0
0,0,0,0,0,2566,544,3110,11939,15049,0.0126639,0.162468,-0.986633,0
0,0,0,0,0,2519,513,3032,11805,14837,-0.00609059,0.253087,-0.967424,0
0,0,0,0,0,2489,533,3022,11130,14152,-0.0285268,0.34716,-0.937372,0
0,0,0,0,0,2309,511,2820,10572,13392,-0.0462616,0.434861,-0.899308,0
0,0,0,0,0,2327,497,2824,9359,12183,-0.0587083,0.51624,-0.854429,0
0,0,0,0,0,2377,485,2862,8307,11169,0.0110489,-0.15053,-0.988544,0
0,0,0,0,0,2303,502,2805,6784,9589,0.0150806,-0.132451,-0.991075,0
0,0,0,0,0,2480,582,3062,5642,8704,5.30071e-05,-0.0375493,-0.999295,0
0,0,0,0,0,2571,460,3031,4375,7406,-0.0137652,0.042881,-0.998985,0
0,0,0,0,0,2562,479,3041,4106,7147,0.0466652,-0.161336,-0.985796,0
0,0,0,0,0,2516,482,2998,4210,7208,0.0430587,-0.112444,-0.992725,0
0,0,0,0,0,2574,631,3205,4445,7650,0.0662461,-0.183323,-0.980818,0
0,0,0,0,0,2628,499,3127,5279,8406,0.0549442,-0.124029,-0.990756,0
0,0,0,0,0,2835,468,3303,6240,9543,0.0435642,-0.067773,-0.996749,0
0,0,0,0,0,2658,482,3140,7189,10329,0.0671142,-0.244074,-0.967432,0
0,0,0,0,0,2762,511,3273,8253,11526,0.057844,-0.180362,-0.981898,0
0,0,0,0,0,2644,559,3203,9274,12477,0.0377699,-0.24974,-0.967576,0
0,0,0,0,0,2777,649,3426,11186,14612,0.0181925,-0.115329,-0.993161,0
0,0,0,0,0,3044,559,3603,12460,16063,0.00698531,-0.167676,-0.985817,0
0,0,0,0,0,2886,620,3506,12617,16123,0.000332326,-0.0408117,-0.999167,0
0,0,0,0,0,2813,552,3365,12561,15926,0.00532733,0.0543379,-0.998508,0
0,0,0,0,0,3192,580,3772,12728,16500,-0.0268665,-0.110544,-0.993508,0
0,0,0,0,0,2850,543,3393,12657,16050,-0.0116767,-0.0317573,-0.999427,0
0,0,0,0,0,2946,560,3506,12304,15810,-0.040344,-0.112171,-0.99287,0
0,0,0,0,0,2864,530,3394,12250,15644,-0.0287659,-0.0305265,-0.99912,0
0,0,0,0,0,3088,601,3689,12504,16193,-0.0211395,0.0491001,-0.99857,0
0,0,0,0,0,3011,569,3580,12741,16321,-0.0203074,-0.160703,-0.986794,0
0,0,0,0,0,2991,624,3615,12249,15864,-0.0159129,-0.0875663,-0.996032,0
0,0,0,0,0,2847,540,3387,12033,15420,-0.0101366,-0.0889871,-0.995981,0
0,0,0,0,0,2922,704,3626,11994,15620,-0.00103959,-0.00740418,-0.999972,0
0,0,0,0,0,2809,521,3330,11839,15169,-0.00466093,-0.0549829,-0.998476,0
0,0,0,0,0,2800,611,3411,11620,15031,0.0114537,0.0402846,-0.999123,0
0,0,0,0,0,3632,537,4169,11631,15800,-0.0165774,-0.0871767,-0.996055,0
0,0,0,0,0,2945,568,3513,11515,15028,0.00615964,0.0128071,-0.999899,0
0,0,0,0,0,2791,556,3347,11534,14881,-0.0188967,-0.0444517,-0.998833,0
0,0,0,0,0,2556,610,3166,11083,14249,0.00348424,0.0483658,-0.998824,0
0,0,0,0,0,2661,516,3177,10831,14008,0.0241941,0.142342,-0.989522,0
0,0,0,0,0,2611,589,3200,10762,13962,0.0422801,0.232398,-0.971701,0
0,0,0,0,0,2534,532,3066,10250,13316,0.0575209,0.29917,-0.952465,0
0,0,0,0,0,2515,493,3008,9795,12803,0.0687115,0.363496,-0.929058,0
0,0,0,0,0,2467,519,2986,8627,11613,0.0264134,0.0876335,-0.995803,0
0,0,0,0,0,2554,574,3128,7582,10710,0.0126861,0.0748869,-0.997111,0
0,0,0,0,0,2473,482,2955,6457,9412,0.0163652,0.0523426,-0.998495,0
0,0,0,0,0,2357,457,2814,5377,8191,0.029245,0.133398,-0.990631,0
0,0,0,0,0,2616,457,3073,3659,6732,0.0887838,0.0374518,-0.995347,0
0,0,0,0,0,2522,488,3010,3998,7008,0.092999,0.00491263,-0.995654,0
0,0,0,0,0,2487,506,2993,5520,8513,0.0047067,-0.182619,-0.983172,0
0,0,0,0,0,2513,484,2997,6486,9483,-0.0244745,-0.168894,-0.98533,0
0,0,0,0,0,2792,497,3289,6574,9863,-0.0439261,-0.153505,-0.987171,0
0,0,0,0,0,2848,502,3350,6528,9878,-0.0594249,-0.139205,-0.988479,0
0,0,0,0,0,2716,494,3210,6237,9447,-0.149045,-0.451844,-0.879558,0
0,0,0,0,0,2953,495,3448,6351,9799,-0.177575,-0.56033,-0.80901,0
0,0,0,0,0,2841,486,3327,6002,9329,-0.193807,-0.594714,-0.780227,0
0,0,0,0,0,3179,497,3676,-1000,-1000,-1,-1,-1,0
0,0,0,0,0,2701,534,3235,12088,15323,0.0492727,0.11582,-0.992047,0
0,0,0,0,0,2720,540,3260,12089,15349,0.000927509,-0.0287897,-0.999585,0
0,0,0,0,0,2681,565,3246,12201,15447,0.0198285,0.058461,-0.998093,0
0,0,0,0,0,2717,639,3356,12591,15947,0.035344,0.141149,-0.989357,0
0,0,0,0,0,2557,555,3112,12258,15370,0.0506789,0.224778,-0.973091,0
0,0,0,0,0,2655,529,3184,12508,15692,0.065493,0.304913,-0.950126,0
0,0,0,0,0,2639,542,3181,12426,15607,0.0781761,0.379415,-0.921918,0
0,0,0,0,0,2667,538,3205,12729,15934,0.0893775,0.454911,-0.88604,0
0,0,0,0,0,2445,554,2999,12483,15482,0.0240959,-0.0934666,-0.995331,0
0,0,0,0,0,2632,578,3210,12542,15752,0.0312573,-0.00764044,-0.999482,0
0,0,0,0,0,2546,558,3104,12494,15598,0.0405909,0.0831367,-0.995711,0
0,0,0,0,0,2700,539,3239,12589,15828,0.0499228,0.173988,-0.983482,0
0,0,0,0,0,2456,534,2990,12613,15603,0.0581914,0.267192,-0.961885,0
0,0,0,0,0,2535,638,3173,12947,16120,0.0634353,0.359802,-0.93087,0
0,0,0,0,0,2490,523,3013,12747,15760,-0.000513485,-0.105288,-0.994442,0
0,0,0,0,0,2727,641,3368,12409,15777,-0.00826463,-0.0176144,-0.999811,0
0,0,0,0,0,2578,520,3098,12180,15278,-0.0134765,0.0631659,-0.997912,0
0,0,0,0,0,2625,567,3192,12475,15667,0.0187206,-0.197583,-0.980107,0
0,0,0,0,0,2546,628,3174,12009,15183,0.0245202,-0.113759,-0.993206,0
0,0,0,0,0,2534,572,3106,11646,14752,0.0343938,-0.0183381,-0.99924,0
0,0,0,0,0,2410,548,2958,10972,13930,0.0447538,0.0799478,-0.995794,0
0,0,0,0,0,2371,520,2891,10290,13181,0.0556666,0.164984,-0.984724,0
0,0,0,0,0,2327,535,2862,8807,11669,-0.00437855,-0.111039,-0.993806,0
0,0,0,0,0,2293,512,2805,7653,10458,0.00457934,-0.0199668,-0.99979,0
0,0,0,0,0,2319,480,2799,6277,9076,0.0136196,0.0645984,-0.997818,0
0,0,0,0,0,2418,443,2861,4916,7777,0.0246832,0.14476,-0.989159,0
0,0,0,0,0,2508,478,2986,4223,7209,0.037819,0.212098,-0.976516,0
0,0,0,0,0,2773,495,3268,4204,7472,-0.00332256,-0.112624,-0.993632,0
0,0,0,0,0,2658,477,3135,4443,7578,-0.00469018,-0.0397919,-0.999197,0
0,0,0,0,0,2468,611,3079,5325,8404,0.00937296,-0.134241,-0.990904,0
0,0,0,0,0,2590,491,3081,6521,9602,0.00585844,-0.0678601,-0.997678,0
0,0,0,0,0,3175,551,3726,7601,11327,-0.00614858,-0.113493,-0.99352,0
0,0,0,0,0,2556,519,3075,8854,11929,-0.00259981,-0.0311957,-0.99951,0
0,0,0,0,0,2481,681,3162,10479,13641,0.00502314,0.0639642,-0.99794,0
0,0,0,0,0,3968,778,4746,13355,18101,-0.0347505,-0.0765235,-0.996462,0
0,0,0,0,0,2620,525,3145,13020,16165,-0.0205401,-0.031069,-0.999306,0
0,0,0,0,0,3419,732,4151,12426,16577,-0.0409083,-0.102451,-0.993897,0
0,0,0,0,0,2738,567,3305,12781,16086,-0.0270046,-0.0267209,-0.999278,0
0,0,0,0,0,2686,553,3239,12842,16081,-0.015604,0.0503043,-0.998612,0
0,0,0,0,0,2982,559,3541,12954,16495,-0.0046358,0.129877,-0.991519,0
0,0,0,0,0,2817,594,3411,12496,15907,0.00759549,0.206092,-0.978503,0
0,0,0,0,0,2784,777,3561,12749,16310,0.0224218,0.280889,-0.959478,0
0,0,0,0,0,2891,585,3476,12686,16162,0.0382277,0.347684,-0.936832,0
0,0,0,0,0,2933,590,3523,12663,16186,0.0558821,0.415835,-0.907722,0
0,0,0,0,0,3259,764,4023,15371,19394,0.0314256,0.217547,-0.975544,0
0,0,0,0,0,2964,554,3518,12517,16035,-0.030508,-0.0820678,-0.99616,0
0,0,0,0,0,3025,532,3557,12541,16098,-0.020788,-0.0102585,-0.999731,0
0,0,0,0,0,2871,717,3588,12279,15867,-0.0114819,0.0619612,-0.998013,0
0,0,0,0,0,2955,525,3480,12229,15709,0.00120563,0.140724,-0.990048,0
0,0,0,0,0,2724,596,3320,12832,16152,0.0179695,0.22477,-0.974246,0
0,0,0,0,0,2844,564,3408,11895,15303,0.0398662,0.309669,-0.950008,0
0,0,0,0,0,2832,548,3380,11585,14965,0.0656786,0.406579,-0.911252,0
0,0,0,0,0,3285,548,3833,11660,15493,-0.0120534,-0.00234063,-0.999925,0
0,0,0,0,0,2760,579,3339,11500,14839,-0.0121106,0.037005,-0.999242,0
0,0,0,0,0,2681,542,3223,11226,14449,0.00117697,0.139102,-0.990277,0
0,0,0,0,0,3043,533,3576,11119,14695,0.00793776,0.218439,-0.975818,0
0,0,0,0,0,2735,535,3270,10925,14195,0.00512842,0.129291,-0.991593,0
0,0,0,0,0,2808,563,3371,10906,14277,0.0131787,0.096089,-0.995286,0
0,0,0,0,0,2790,510,3300,10279,13579,0.0236279,0.0757805,-0.996845,0
0,0,0,0,0,2595,483,3078,9397,12475,0.0370778,0.101065,-0.994189,0
0,0,0,0,0,2572,508,3080,8700,11780,0.0534874,0.19178,-0.979979,0
0,0,0,0,0,2492,481,2973,7599,10572,0.0652777,0.272659,-0.959894,0
0,0,0,0,0,2495,503,2998,6337,9335,0.0736874,0.312266,-0.947133,0
0,0,0,0,0,2493,475,2968,5341,8309,-0.015842,0.117161,-0.992987,0
0,0,0,0,0,2625,510,3135,4142,7277,-0.017305,0.193935,-0.980862,0
0,0,0,0,0,2818,460,3278,3576,6854,-0.0571571,0.234167,-0.970515,0
0,0,0,0,0,2774,474,3248,4970,8218,-0.0835172,0.221949,-0.971475,0
0,0,0,0,0,2738,490,3228,6842,10070,-0.0736557,-0.0897045,-0.993241,0
0,0,0,0,0,2717,496,3213,7333,10546,-0.0637339,-0.187298,-0.980233,0
0,0,0,0,0,2657,517,3174,7492,10666,-0.0675051,-0.182551,-0.980876,0
0,0,0,0,0,2895,523,3418,7494,10912,-0.0733581,-0.178757,-0.981155,0
0,0,0,0,0,2745,578,3323,7293,10616,-0.0780037,-0.1751,-0.981456,0
0,0,0,0,0,2729,517,3246,7184,10430,-0.174146,-0.42947,-0.886131,0
0,0,0,0,0,2915,483,3398,6690,10088,-0.174589,-0.420484,-0.890344,0
0,0,0,0,0,2928,463,3391,6536,9927,-0.172549,-0.410305,-0.895476,0
0,0,0,0,0,3014,494,3508,6285,9793,-0.168706,-0.400236,-0.900749,0
0,0,0,0,0,2790,505,3295,6312,9607,-0.165829,-0.396434,-0.902962,0
0,0,0,0,0,2872,481,3353,-1000,-1000,-1,-1,-1,0
0,0,0,0,0,2794,570,3364,12418,15782,0.0277004,-0.0467973,-0.99852,0
0,0,0,0,0,2575,574,3149,12476,15625,0.0458924,0.041024,-0.998104,0
0,0,0,0,0,2594,515,3109,12213,15322,0.0641758,0.120611,-0.990623,0
0,0,0,0,0,2748,527,3275,12735,16010,0.0849001,0.193616,-0.977397,0
0,0,0,0,0,2619,558,3177,12342,15519,0.11234,0.266081,-0.957382,0
0,0,0,0,0,2564,612,3176,12543,15719,0.141634,0.335921,-0.93118,0
0,0,0,0,0,2617,524,3141,12853,15994,0.169917,0.399821,-0.900706,0
0,0,0,0,0,2850,538,3388,12830,16218,0.198122,0.460318,-0.865364,0
0,0,0,0,0,2521,543,3064,12823,15887,0.224752,0.518856,-0.824788,0
0,0,0,0,0,2548,560,3108,13459,16567,-0.0130211,-0.0878301,-0.99605,0
0,0,0,0,0,2499,567,3066,13079,16145,0.00295391,-0.00866179,-0.999958,0
0,0,0,0,0,2646,589,3235,12582,15817,0.0159318,0.0786716,-0.996773,0
0,0,0,0,0,2498,578,3076,12613,15689,0.0252315,0.167826,-0.985494,0
0,0,0,0,0,2698,665,3363,12860,16223,0.0323574,0.263391,-0.964146,0
0,0,0,0,0,2517,536,3053,12547,15600,0.038572,0.354575,-0.934232,0
0,0,0,0,0,2488,702,3190,12513,15703,0.0441388,0.437534,-0.898118,0
0,0,0,0,0,2661,544,3205,12418,15623,0.0485211,0.51062,-0.858436,0
0,0,0,0,0,2755,552,3307,12038,15345,0.0552705,0.585159,-0.809033,0
0,0,0,0,0,2429,517,2946,11730,14676,0.050759,0.58811,-0.807186,0
0,0,0,0,0,2518,487,3005,11084,14089,0.0225296,-0.0577054,-0.998079,0
0,0,0,0,0,2562,510,3072,10524,13596,0.0143817,-0.0887392,-0.995951,0
0,0,0,0,0,2405,563,2968,8663,11631,0.00742101,-0.104579,-0.994489,0
0,0,0,0,0,2463,476,2939,6959,9898,0.0331947,-6.46868e-05,-0.999449,0
0,0,0,0,0,2304,459,2763,5379,8142,0.0633699,0.103929,-0.992564,0
0,0,0,0,0,2427,430,2857,4136,6993,0.0926454,0.192721,-0.97687,0
0,0,0,0,0,3362,511,3873,4155,8028,-0.0474071,-0.148703,-0.987745,0
0,0,0,0,0,2413,455,2868,4352,7220,-0.0274932,-0.0722514,-0.997007,0
0,0,0,0,0,3281,651,3932,6606,10538,-0.0191389,-0.143888,-0.989409,0
0,0,0,0,0,2536,478,3014,6425,9439,-0.0221604,-0.223531,-0.974445,0
0,0,0,0,0,2868,510,3378,7375,10753,-0.0181438,-0.191812,-0.981264,0
0,0,0,0,0,2710,521,3231,8736,11967,-0.0445693,-0.25383,-0.966221,0
0,0,0,0,0,2743,531,3274,9896,13170,-0.0262738,-0.140788,-0.989691,0
0,0,0,0,0,2680,533,3213,11574,14787,-0.00267311,0.00957939,-0.99995,0
0,0,0,0,0,2873,575,3448,12416,15864,0.0215989,0.143785,-0.989373,0
0,0,0,0,0,2781,548,3329,12799,16128,0.043884,0.251262,-0.966924,0
0,0,0,0,0,2981,546,3527,12514,16041,0.0622814,0.334706,-0.940262,0
0,0,0,0,0,2880,545,3425,12588,16013,0.0763465,0.409629,-0.909052,0
0,0,0,0,0,2995,720,3715,12751,16466,0.0866624,0.478481,-0.873811,0
0,0,0,0,0,3033,553,3586,12514,16100,-0.0361183,-0.128741,-0.99102,0
0,0,0,0,0,3241,555,3796,12753,16549,-0.0274658,-0.0799783,-0.996418,0
0,0,0,0,0,3144,549,3693,12377,16070,-0.0378718,-0.133863,-0.990276,0
0,0,0,0,0,3158,587,3745,12542,16287,-0.026171,-0.0612715,-0.997778,0
0,0,0,0,0,2847,551,3398,11937,15335,-0.0324732,-0.155473,-0.987306,0
0,0,0,0,0,2927,576,3503,11735,15238,-0.0177781,-0.0758688,-0.996959,0
0,0,0,0,0,2834,546,3380,11574,14954,0.00279056,0.0145937,-0.99989,0
0,0,0,0,0,2849,586,3435,11669,15104,0.0285974,0.133681,-0.990612,0
0,0,0,0,0,2703,515,3218,11352,14570,0.060285,0.293952,-0.953917,0
0,0,0,0,0,2881,565,3446,11440,14886,0.089151,0.43294,-0.897003,0
0,0,0,0,0,2893,558,3451,12040,15491,-0.00502225,0.11621,-0.993212,0
0,0,0,0,0,2844,516,3360,11174,14534,0.0156118,0.194243,-0.980829,0
0,0,0,0,0,2768,525,3293,10808,14101,0.0381463,0.264147,-0.963728,0
0,0,0,0,0,2711,695,3406,10445,13851,0.0560892,0.320931,-0.94544,0
0,0,0,0,0,2846,549,3395,10286,13681,0.0676478,0.367801,-0.927441,0
0,0,0,0,0,2814,606,3420,10346,13766,0.0745464,0.406898,-0.910427,0
0,0,0,0,0,2800,543,3343,9967,13310,0.0803554,0.444736,-0.89205,0
0,0,0,0,0,2928,600,3528,9493,13021,0.0832533,0.489993,-0.867742,0
0,0,0,0,0,2778,500,3278,9086,12364,0.0844644,0.534788,-0.840754,0
0,0,0,0,0,2705,624,3329,8445,11774,0.0808092,0.541534,-0.836786,0
0,0,0,0,0,2752,533,3285,7975,11260,-0.0142754,0.0813078,-0.996587,0
0,0,0,0,0,2849,575,3424,7624,11048,-0.0088057,0.11824,-0.992946,0
0,0,0,0,0,2752,504,3256,6547,9803,-0.0196104,0.158151,-0.98722,0
0,0,0,0,0,2633,467,3100,5864,8964,-0.0490005,0.195852,-0.979409,0
0,0,0,0,0,2651,479,3130,5054,8184,-0.0738337,0.227702,-0.970927,0
0,0,0,0,0,2692,494,3186,5063,8249,-0.0884889,0.240894,-0.966509,0
0,0,0,0,0,2729,471,3200,4947,8147,-0.0954977,0.241288,-0.965743,0
0,0,0,0,0,2678,467,3145,5488,8633,-0.0851301,0.229383,-0.969606,0
0,0,0,0,0,2788,486,3274,4974,8248,-0.170981,-0.208154,-0.963035,0
0,0,0,0,0,2729,486,3215,4799,8014,-0.145461,-0.219935,-0.964608,0
0,0,0,0,0,2709,441,3150,4711,7861,-0.119835,-0.225774,-0.966781,0
0,0,0,0,0,2662,492,3154,4925,8079,-0.106073,-0.231888,-0.966942,0
0,0,0,0,0,2710,504,3214,5339,8553,-0.106729,-0.23753,-0.965499,0
0,0,0,0,0,2958,533,3491,5817,9308,-0.155663,-0.490124,-0.857641,0
0,0,0,0,0,2769,463,3232,5386,8618,-0.164271,-0.492391,-0.854731,0
0,0,0,0,0,2716,463,3179,5606,8785,-0.166345,-0.48709,-0.857364,0
0,0,0,0,0,2868,463,3331,5738,9069,-0.164657,-0.481095,-0.861067,0
0,0,0,0,0,3097,591,3688,5651,9339,-0.168865,-0.635777,-0.753175,0
0,0,0,0,0,2662,476,3138,5485,8623,-0.163383,-0.628148,-0.760747,0
0,0,0,0,0,2810,498,3308,-1000,-1000,-1,-1,-1,0
0,0,0,0,0,2722,510,3232,10639,13871,0.0112117,-0.00646922,-0.999916,0
0,0,0,0,0,2805,539,3344,11063,14407,0.0342652,0.0402801,-0.998601,0
0,0,0,0,0,2645,567,3212,11210,14422,0.0103044,-0.0160483,-0.999818,0
0,0,0,0,0,2676,508,3184,10882,14066,0.0278507,0.0396098,-0.998827,0
0,0,0,0,0,2593,496,3089,10782,13871,0.0225026,0.00281408,-0.999743,0
0,0,0,0,0,2539,495,3034,10751,13785,0.0357773,0.0571964,-0.997722,0
0,0,0,0,0,2711,526,3237,10712,13949,0.0408615,0.0947075,-0.994666,0
0,0,0,0,0,2660,608,3268,10838,14106,0.0655823,0.0841615,-0.994292,0
0,0,0,0,0,2742,547,3289,10917,14206,0.0538895,0.060824,-0.996693,0
0,0,0,0,0,2673,623,3296,11038,14334,0.0391914,0.0229769,-0.998967,0
0,0,0,0,0,2737,526,3263,11422,14685,0.0600301,0.082125,-0.994812,0
0,0,0,0,0,2769,512,3281,11685,14966,0.0568965,0.0650461,-0.996259,0
0,0,0,0,0,2829,546,3375,11550,14925,0.0749041,0.100593,-0.992104,0
0,0,0,0,0,2759,572,3331,11410,14741,0.096756,0.148188,-0.984215,0
0,0,0,0,0,2749,536,3285,11074,14359,0.112182,0.178991,-0.977434,0
0,0,0,0,0,2893,1192,4085,10043,14128,0.0680278,0.00682647,-0.99766,0
0,0,0,0,0,2700,542,3242,9133,12375,0.0809703,0.0544633,-0.995227,0
0,0,0,0,0,2736,597,3333,9294,12627,0.109296,0.182647,-0.977085,0
0,0,0,0,0,2810,524,3334,10812,14146,0.13821,0.302533,-0.943065,0
0,0,0,0,0,2574,573,3147,11825,14972,0.0559752,0.0728131,-0.995774,0
0,0,0,0,0,3718,890,4608,12837,17445,0.0285484,0.047821,-0.998448,0
0,0,0,0,0,2593,633,3226,12014,15240,0.048717,0.116688,-0.991973,0
0,0,0,0,0,2720,518,3238,12160,15398,0.0654056,0.165606,-0.984021,0
0,0,0,0,0,2827,573,3400,12196,15596,0.0769894,0.202425,-0.976267,0
0,0,0,0,0,2750,538,3288,12215,15503,0.0854414,0.248809,-0.964777,0
0,0,0,0,0,2759,608,3367,12301,15668,0.0902544,0.293498,-0.95169,0
0,0,0,0,0,2696,552,3248,12789,16037,0.0163095,0.00165916,-0.999866,0
0,0,0,0,0,2876,573,3449,12314,15763,0.0145513,0.042591,-0.998987,0
0,0,0,0,0,2646,520,3166,11968,15134,0.0168641,-0.0395319,-0.999076,0
0,0,0,0,0,2691,590,3281,11933,15214,0.0164231,0.00162225,-0.999864,0
0,0,0,0,0,2571,550,3121,11910,15031,0.0218372,0.040688,-0.998933,0
0,0,0,0,0,2607,523,3130,11846,14976,0.0278771,0.0897691,-0.995572,0
0,0,0,0,0,2594,567,3161,11879,15040,0.032563,0.140711,-0.989515,0
0,0,0,0,0,2739,579,3318,12097,15415,0.0354215,0.195257,-0.980112,0
0,0,0,0,0,2680,533,3213,12136,15349,-0.000944958,-0.0795816,-0.996828,0
0,0,0,0,0,2650,725,3375,11954,15329,-0.00360416,-0.0318169,-0.999487,0
0,0,0,0,0,2691,500,3191,11190,14381,-0.00242859,-0.0710701,-0.997468,0
0,0,0,0,0,2758,566,3324,10872,14196,0.00275124,-0.0895808,-0.995976,0
0,0,0,0,0,2614,498,3112,9921,13033,-0.00141101,-0.0524143,-0.998624,0
0,0,0,0,0,2540,476,3016,8472,11488,-0.00236798,-0.0247704,-0.99969,0
0,0,0,0,0,2485,451,2936,6270,9206,-0.00235531,-0.0133432,-0.999908,0
0,0,0,0,0,2422,469,2891,4955,7846,-0.00261676,-0.0775027,-0.996989,0
0,0,0,0,0,2412,433,2845,4238,7083,-0.00690824,-0.0646742,-0.997882,0
0,0,0,0,0,2418,429,2847,4111,6958,-0.00683128,-0.0532278,-0.998559,0
0,0,0,0,0,2361,436,2797,3960,6757,-0.00648133,-0.0458202,-0.998929,0
0,0,0,0,0,2399,435,2834,3930,6764,-0.0065463,-0.0410656,-0.999135,0
0,0,0,0,0,2440,451,2891,3746,6637,-0.00564777,-0.0782583,-0.996917,0
0,0,0,0,0,2610,447,3057,3722,6779,-0.00850514,-0.0662576,-0.997766,0
0,0,0,0,0,2444,428,2872,3409,6281,-0.0112742,-0.0524322,-0.998561,0
0,0,0,0,0,2754,498,3252,3357,6609,-0.0111495,-0.0467897,-0.998843,0
0,0,0,0,0,2573,457,3030,3194,6224,-0.00817593,-0.0419881,-0.999085,0
0,0,0,0,0,2443,434,2877,3140,6017,-0.00809095,-0.040216,-0.999158,0
0,0,0,0,0,2624,448,3072,3204,6276,-0.00773656,-0.0393155,-0.999197,0
0,0,0,0,0,2570,474,3044,3153,6197,-0.00773465,-0.0385355,-0.999227,0
0,0,0,0,0,2476,454,2930,3081,6011,-0.00825172,-0.0378769,-0.999248,0
0,0,0,0,0,2444,447,2891,3031,5922,-0.00612103,-0.0704453,-0.997497,0
0,0,0,0,0,2473,456,2929,3118,6047,-0.00663901,-0.0713269,-0.997431,0
0,0,0,0,0,2506,445,2951,3082,6033,-0.00736965,-0.075319,-0.997132,0
0,0,0,0,0,2680,501,3181,3104,6285,-0.00758186,-0.0778736,-0.996934,0
0,0,0,0,0,2586,445,3031,3165,6196,-0.0073185,-0.0767215,-0.997026,0
0,0,0,0,0,2492,443,2935,3253,6188,-0.00692374,-0.075717,-0.997105,0
0,0,0,0,0,2435,448,2883,3205,6088,-0.00706436,-0.0755522,-0.997117,0
0,0,0,0,0,2499,429,2928,3240,6168,-0.00683035,-0.0745903,-0.997191,0
0,0,0,0,0,2636,449,3085,3306,6391,-0.00680382,-0.0734718,-0.997274,0
0,0,0,0,0,2468,449,2917,3180,6097,-0.00601282,-0.0735494,-0.997273,0
0,0,0,0,0,2653,542,3195,3081,6276,-0.00558132,-0.0720804,-0.997383,0
0,0,0,0,0,2558,439,2997,3145,6142,-0.00602373,-0.0719141,-0.997393,0
0,0,0,0,0,2580,486,3066,3209,6275,-0.0100873,-0.0818296,-0.996595,0
0,0,0,0,0,2564,484,3048,3191,6239,-0.0146293,-0.0912709,-0.995719,0
0,0,0,0,0,2559,483,3042,3587,6629,-0.0131184,-0.0877615,-0.996055,0
0,0,0,0,0,2649,492,3141,3465,6606,-0.0105076,-0.081036,-0.996656,0
0,0,0,0,0,2584,442,3026,3391,6417,-0.00909477,-0.0772981,-0.996967,0
0,0,0,0,0,2779,474,3253,3404,6657,-0.00843642,-0.0748518,-0.997159,0
0,0,0,0,0,2798,480,3278,3300,6578,-0.00892516,-0.0755189,-0.997104,0
0,0,0,0,0,2836,435,3271,3314,6585,-0.00929687,-0.0762815,-0.997043,0
0,0,0,0,0,2626,477,3103,3217,6320,-0.0106603,-0.0788688,-0.996828,0
0,0,0,0,0,2513,453,2966,3301,6267,-0.0106789,-0.0786278,-0.996847,0
0,0,0,0,0,2529,457,2986,3274,6260,-0.0108999,-0.0782311,-0.996876,0
0,0,0,0,0,2466,460,2926,3302,6228,-0.00953574,-0.0754314,-0.997105,0
0,0,0,0,0,2687,435,3122,3352,6474,-0.00953995,-0.074615,-0.997167,0
0,0,0,0,0,2478,480,2958,3195,6153,-0.00938754,-0.0750738,-0.997134,0
0,0,0,0,0,2393,448,2841,3238,6079,-0.00826045,-0.0735792,-0.997255,0
0,0,0,0,0,2445,427,2872,3280,6152,-0.00768342,-0.0727707,-0.997319,0
0,0,0,0,0,2628,459,3087,3220,6307,-0.00902669,-0.0714506,-0.997403,0
0,0,0,0,0,2491,427,2918,3234,6152,-0.00759452,-0.0718348,-0.997388,0

