Downsample[ns],BuildFilTree[ns],SearchFil[ns],DeleteFil[ns],BuildTreeSub[ns],SearchSub[ns],DeleteSub[ns],PreProcTotal[ns],Plane[ns],Total[ns],nx,ny,nz,planeCount
5259,0,338,463,3766,114,287,10227,2815,13042,0.0275012,0.0155553,-0.999501,0
5716,0,333,465,3621,84,251,10470,1981,12451,0.0547368,-0.00494667,-0.998489,0
3525,0,256,329,2469,35,181,6795,2719,9514,0.0256811,-0.00154185,-0.999669,0
2903,0,177,214,2042,30,134,5500,1418,6918,0.00975598,0.0168634,-0.99981,0
5259,0,315,452,3527,65,276,9894,2244,12138,0.0170436,0.00446647,-0.999845,0
3704,0,356,381,2444,43,172,7100,1850,8950,0.0306544,-0.00491226,-0.999518,0
3496,0,265,316,2501,49,163,6790,1951,8741,0.0456823,-0.00142815,-0.998955,0
3629,0,250,425,2522,47,168,7041,1937,8978,0.0296456,-0.00824868,-0.999526,0
3953,0,248,372,2467,51,166,7257,1923,9180,0.0229361,-0.00160195,-0.999736,0
4601,0,288,393,3216,60,218,8776,2391,11167,0.0159889,-0.000580134,-0.999872,0
3965,0,231,321,2308,32,148,7005,1599,8604,0.0217381,0.0197965,-0.999568,0
3315,0,237,269,2233,46,155,6255,1841,8096,0.0317304,0.00231194,-0.999494,0
3415,0,235,278,2277,39,172,6416,1729,8145,0.0288536,0.00687781,-0.99956,0
5516,0,317,477,3579,56,265,10210,1945,12155,0.0496467,0.00256962,-0.998764,0
3552,0,217,294,2375,43,165,6646,1813,8459,0.0184279,0.00300953,-0.999826,0
5039,0,282,365,3153,48,207,9094,2413,11507,0.0201848,0.0104586,-0.999742,0
4714,0,283,368,3072,47,234,8718,2143,10861,0.0512113,0.00855095,-0.998651,0
2636,0,160,201,1984,31,140,5152,1472,6624,0.0195679,-0.0103841,-0.999755,0
3700,0,340,424,2596,54,167,7281,1943,9224,0.057311,0.00763694,-0.998327,0
3901,0,247,319,2547,46,181,7241,1717,8958,0.018248,0.0103075,-0.99978,0
2439,0,152,187,1466,25,114,4383,856,5239,0.0321311,-0.00714638,-0.999458,0
2063,0,123,156,1388,19,89,3838,1001,4839,0.0289202,0.0108195,-0.999523,0
5558,0,491,633,3453,52,231,10418,2607,13025,0.0255829,-0.00566092,-0.999657,0
5344,0,315,404,3479,79,241,9862,1868,11730,0.0246046,0.00293108,-0.999693,0
5426,0,347,475,3500,64,241,10053,1787,11840,0.0251399,0.0036262,-0.999677,0
5248,0,322,427,3461,91,240,9789,2838,12627,0.0146533,0.0207065,-0.999678,0
3325,0,166,220,1824,28,101,5664,1171,6835,0.0383382,0.00112811,-0.999264,0
1800,0,100,129,1057,21,72,3179,803,3982,0.0210567,0.0115953,-0.999711,0
5428,0,314,412,3487,99,279,10019,2783,12802,0.00531578,0.0104032,-0.999932,0
5418,0,370,477,3571,57,266,10159,2084,12243,0.0024203,0.00583467,-0.99998,0
3629,0,251,314,2449,46,185,6874,1761,8635,0.00648505,0.000679376,-0.999979,0
5506,0,317,419,3417,70,227,9956,2498,12454,0.0101403,0.00892103,-0.999909,0
5536,0,317,492,2631,37,184,9197,1636,10833,0.0381555,0.00848134,-0.999236,0
2246,0,136,182,1497,31,99,4191,1187,5378,0.034697,0.00331665,-0.999392,0
5505,0,381,523,3635,88,251,10383,3006,13389,0.068369,-0.0163633,-0.997526,0
5359,0,312,413,2410,34,158,8686,1362,10048,0.00133771,0.00257582,-0.999996,0
5748,0,310,407,3437,103,227,10232,1793,12025,0.0262706,0.00836592,-0.99962,0
2840,0,165,214,1832,28,118,5197,1163,6360,0.0377258,0.0132867,-0.9992,0
1864,0,131,157,1255,18,106,3531,836,4367,0.0135247,0.000251598,-0.999909,0
6029,0,313,422,3569,73,239,10645,2533,13178,0.00767003,-0.00752127,-0.999942,0
3189,0,163,241,1815,33,129,5570,1254,6824,0.0211225,0.00852914,-0.999741,0
1887,0,110,147,1235,24,83,3486,975,4461,0.0450337,-0.00455091,-0.998975,0
4784,0,379,422,3199,53,247,9084,2381,11465,0.0115246,0.0117028,-0.999865,0
4710,0,337,445,3064,78,231,8865,2438,11303,0.0158763,0.00925885,-0.999831,0
4896,0,328,400,3080,50,239,8993,2202,11195,0.00694372,0.0154534,-0.999856,0
3366,0,233,280,2191,35,170,6275,1735,8010,0.0221428,0.00558254,-0.999739,0
5229,0,366,448,3508,49,268,9868,2593,12461,0.0381947,0.012501,-0.999192,0
3626,0,252,301,2432,36,183,6830,1916,8746,0.0239365,-0.0133994,-0.999624,0
5421,0,318,421,3385,73,236,9854,2246,12100,0.0324805,0.0167948,-0.999331,0
5383,0,362,449,3284,51,187,9716,1889,11605,0.0363302,0.000729533,-0.99934,0
2881,0,191,228,1807,33,140,5280,1631,6911,0.0211964,-0.0174104,-0.999624,0
5801,0,478,459,3395,58,234,10425,2966,13391,0.0382131,0.00349276,-0.999264,0
3667,0,256,315,2433,34,202,6907,2160,9067,0.0187083,0.0022976,-0.999822,0
4362,0,273,320,2403,41,179,7578,1836,9414,0.0191557,-0.013132,-0.99973,0
3708,0,244,306,2457,64,170,6949,2159,9108,0.0608547,-0.00311501,-0.998142,0
3684,0,266,300,2531,71,197,7049,1728,8777,0.0178415,-0.000616157,-0.999841,0
5358,0,369,464,3469,54,270,9984,2388,12372,0.0293843,0.00545696,-0.999553,0
3677,0,261,308,2508,43,165,6962,1646,8608,0.0257512,-0.0108886,-0.999609,0
4733,0,335,381,3076,43,213,8781,2482,11263,0.0128504,0.00710167,-0.999892,0
4749,0,341,405,3203,60,257,9015,2146,11161,0.0403415,0.00687954,-0.999162,0
3383,0,205,265,2160,45,153,6211,1781,7992,0.0568125,0.0116225,-0.998317,0
3358,0,201,256,2230,35,159,6239,1816,8055,0.0326525,-0.00704115,-0.999442,0
4289,0,281,362,2811,45,184,7972,2063,10035,0.0338372,0.00465454,-0.999417,0
5294,0,319,420,3464,67,237,9801,2703,12504,0.0109313,-0.0110529,-0.999879,0
5411,0,316,418,3551,66,156,9918,2008,11926,0.0132551,0.00749158,-0.999884,0
2756,0,165,210,1850,37,130,5148,1382,6530,0.0187825,0.00388324,-0.999816,0
5478,0,349,456,3545,73,245,10146,3490,13636,0.029872,-0.000895938,-0.999553,0
3691,0,216,276,2624,37,178,7022,2332,9354,0.00940167,-0.0017157,-0.999954,0
4348,0,260,343,2740,58,214,7963,2378,10341,0.0454814,0.00633187,-0.998945,0
5626,0,310,493,3387,90,237,10143,1880,12023,0.0277421,-0.00500499,-0.999603,0
3632,0,216,287,2382,46,171,6734,2066,8800,0.0188841,0.00731702,-0.999795,0
4757,0,369,463,3171,51,243,9054,2513,11567,0.0359626,0.00631982,-0.999333,0
5313,0,429,481,3605,48,230,10106,1717,11823,0.0318034,-0.013139,-0.999408,0
3614,0,252,334,2499,36,211,6946,1916,8862,0.0212853,0.00663562,-0.999751,0
5286,0,445,490,3510,62,262,10055,2145,12200,0.0291945,-0.0104488,-0.999519,0
3350,0,238,295,2273,43,171,6370,1694,8064,0.0199476,0.0107729,-0.999743,0
5475,0,325,407,3463,46,206,9922,2445,12367,0.0330475,0.00920982,-0.999411,0
4752,0,284,378,3137,44,209,8804,1873,10677,0.030594,0.00256314,-0.999529,0
3456,0,201,301,2296,39,165,6458,1721,8179,0.0227027,-0.0111899,-0.99968,0
4780,0,338,414,3180,56,256,9024,2321,11345,0.00846266,-0.00178261,-0.999963,0
4738,0,296,422,3141,49,222,8868,1906,10774,0.0244868,-0.00813195,-0.999667,0
3343,0,205,262,2276,47,156,6289,1769,8058,0.0494592,-0.00965861,-0.998729,0
4282,0,259,340,2866,40,189,7976,2166,10142,0.0639897,-0.0196315,-0.997757,0
4705,0,381,423,2904,48,224,8685,1788,10473,0.0480374,-0.00459972,-0.998835,0
3168,0,226,284,2105,35,161,5979,1705,7684,0.0422677,-0.00474595,-0.999095,0
5342,0,344,409,3460,55,238,9848,2661,12509,0.0282216,-0.00577238,-0.999585,0
5233,0,377,428,3458,53,270,9819,2016,11835,0.0488867,0.00717105,-0.998779,0
3709,0,289,340,2414,44,194,6990,1776,8766,0.0309821,0.00379004,-0.999513,0
3947,0,236,293,2426,59,161,7122,1714,8836,0.0314194,-0.00850562,-0.99947,0
5207,0,318,420,3290,72,230,9537,2441,11978,0.0105414,-0.00438869,-0.999935,0
3871,0,292,373,2556,44,168,7304,1715,9019,0.0271484,-0.00435263,-0.999622,0
3579,0,212,309,2763,58,239,7160,1681,8841,0.0601458,0.00825052,-0.998156,0
3616,0,211,317,2347,47,155,6693,1771,8464,0.00725974,0.00422037,-0.999965,0
5245,0,308,453,3445,86,275,9812,2879,12691,0.0218526,0.00668138,-0.999739,0
3591,0,193,281,1799,44,141,6049,1040,7089,0.0217631,0.00253937,-0.99976,0
1854,0,98,136,1052,17,68,3225,746,3971,0.0179101,-0.000529781,-0.999839,0
2210,0,155,189,1455,28,118,4155,1042,5197,0.0305956,-0.00354341,-0.999526,0
5188,0,307,409,3329,66,232,9531,2704,12235,0.0285997,0.00117069,-0.99959,0
5268,0,304,413,3383,84,228,9680,2337,12017,0.0128495,2.23463e-06,-0.999917,0
2884,0,176,234,1750,27,127,5198,1184,6382,0.0358171,-0.00496223,-0.999346,0
3499,0,255,341,2245,89,128,6557,1554,8111,0.0376979,0.00209311,-0.999287,0
5211,0,286,371,3078,62,208,9216,2606,11822,0.0216876,-0.0106982,-0.999708,0
5318,0,277,428,3015,79,236,9353,2295,11648,0.0236229,-0.0111572,-0.999659,0
5656,0,358,420,2971,66,257,9728,1823,11551,0.0580957,-0.00884675,-0.998272,0
2726,0,170,204,1561,28,125,4814,1340,6154,0.0284947,-0.0190789,-0.999412,0
5354,0,319,385,2892,56,237,9243,2824,12067,0.0559447,0.00327004,-0.998429,0
3561,0,220,261,2047,35,157,6281,1681,7962,0.0536646,-0.000865033,-0.998559,0
5724,0,308,396,2785,49,223,9485,2749,12234,0.0175657,0.0090456,-0.999805,0
5756,0,305,399,2718,66,232,9476,2604,12080,0.0298643,0.025626,-0.999225,0
3965,0,211,275,1898,41,149,6539,1777,8316,0.0365145,0.0276282,-0.998951,0
5973,0,316,383,2789,73,233,9767,3116,12883,0.0464276,0.044759,-0.997918,0
5850,0,253,332,2720,48,184,9387,2204,11591,0.0398323,0.0851122,-0.995575,0
3992,0,202,301,1893,51,147,6586,2016,8602,0.0398094,0.0780075,-0.996158,0
3988,0,196,247,1912,41,147,6531,2708,9239,0.0381579,0.0757387,-0.996397,0
3776,0,190,222,1889,49,124,6250,1954,8204,0.0338374,0.0686896,-0.997064,0
5514,0,233,359,2816,59,201,9182,3196,12378,0.0186968,0.102893,-0.994517,0
4225,0,184,230,1709,26,105,6479,1929,8408,0.0458601,0.0911747,-0.994778,0
1991,0,91,112,873,18,79,3164,1386,4550,0.0293613,0.0748415,-0.996763,0
5817,0,206,269,2224,62,172,8750,4843,13593,0.0369937,0.0767355,-0.996365,0
3741,0,154,182,1423,28,106,5634,2920,8554,0.0223647,0.0948305,-0.995242,0
5114,0,165,312,2059,45,150,7845,4351,12196,0.0219038,0.0858354,-0.996069,0
5784,0,236,264,1967,55,175,8481,3561,12042,0.0166761,0.109831,-0.99381,0
5266,0,189,272,2004,31,104,7866,2432,10298,0.0347899,0.126736,-0.991326,0
4775,0,216,256,1891,38,152,7328,2322,9650,-0.0148685,0.11054,-0.99376,0
5350,0,181,243,1940,46,139,7899,2449,10348,0.0126869,0.129957,-0.991438,0
2714,0,104,145,1020,22,72,4077,1566,5643,0.0394569,0.128376,-0.99094,0
5156,0,180,242,1937,42,139,7696,3430,11126,0.0259323,0.143012,-0.989381,0
4956,0,174,236,1867,41,162,7436,3011,10447,0.0181027,0.173764,-0.984621,0
2076,0,72,97,778,18,55,3096,1667,4763,0.0113688,0.0827864,-0.996502,0
4746,0,164,237,2144,45,186,7522,2563,10085,0.021301,0.157923,-0.987222,0
4774,0,237,264,1720,43,128,7166,2449,9615,-0.00175046,0.148366,-0.988931,0
4736,0,146,251,1620,46,131,6930,2342,9272,0.0255937,0.119904,-0.992456,0
2841,0,86,134,974,45,79,4159,1910,6069,0.0342434,0.163704,-0.985915,0
4836,0,170,204,1380,52,114,6756,2883,9639,0.0161582,0.133617,-0.990901,0
4420,0,126,186,1191,69,108,6100,2784,8884,0.010498,0.140888,-0.98997,0
3961,0,107,179,1022,54,93,5416,2106,7522,0.0378008,0.14166,-0.989193,0
3867,0,108,174,1004,59,77,5289,3222,8511,0.0332657,0.119259,-0.992306,0
3907,0,105,146,959,60,106,5283,2425,7708,0.0429951,0.166616,-0.985084,0
5333,0,135,184,1128,54,103,6937,2466,9403,0.0411089,0.139666,-0.989345,0
4808,0,162,246,1265,41,116,6638,1577,8215,0.0343876,0.156873,-0.98702,0
3147,0,92,128,939,37,89,4432,1642,6074,0.0125695,0.123104,-0.992314,0
4778,0,151,262,1626,42,120,6979,2467,9446,-0.00507907,0.133762,-0.991,0
4624,0,197,315,1886,61,166,7249,1861,9110,0.0268057,0.128319,-0.991371,0
2983,0,136,187,1561,36,116,5019,1951,6970,0.000170602,0.189176,-0.981943,0
3939,0,224,266,2213,36,172,6850,2156,9006,0.00703989,0.140658,-0.990033,0
4133,0,253,340,2680,47,173,7626,2060,9686,0.0341884,0.197366,-0.979734,0
4066,0,272,319,2700,37,209,7603,2073,9676,0.0516437,0.154054,-0.986712,0
5533,0,362,424,3479,38,238,10074,2047,12121,0.0187576,0.206657,-0.978234,0
3340,0,251,297,2588,23,199,6698,1878,8576,0.019331,0.206435,-0.978269,0
5079,0,416,462,4168,36,285,10446,2611,13057,0.0394,0.202713,-0.978445,0
4971,0,418,549,4500,65,313,10816,2304,13120,0.0427925,0.206918,-0.977422,0
4682,0,409,504,4379,73,286,10333,3182,13515,0.0604587,0.186218,-0.980647,0
5772,0,470,617,6020,72,351,13302,2991,16293,0.0106377,0.193664,-0.98101,0
2971,0,212,275,2560,32,170,6220,1645,7865,0.0607554,0.185158,-0.980829,0
1953,0,153,204,1793,17,99,4219,1449,5668,0.0251447,0.0800802,-0.996471,0
3003,0,255,311,2730,38,175,6512,2842,9354,0.0558026,0.113954,-0.991918,0
6498,0,485,591,5270,66,335,13245,4971,18216,0.0204806,0.130771,-0.991201,0
6507,0,688,615,5407,74,326,13617,3005,16622,-0.00393771,0.240365,-0.970675,0
3245,0,190,237,2140,31,142,5985,1926,7911,0.00436648,0.187811,-0.982196,0
1913,0,134,205,1708,21,101,4082,1323,5405,0.00846003,0.0958317,-0.995362,0
3559,0,251,328,2785,39,172,7134,3774,10908,0.0103153,0.0959947,-0.995328,0
4608,0,274,371,3074,58,223,8608,3967,12575,0.0116971,0.072791,-0.997279,0
6236,0,341,435,3852,75,345,11284,3506,14790,0.0472921,0.12328,-0.991244,0
2512,0,161,193,1668,31,105,4670,2094,6764,0.0252738,0.0748879,-0.996872,0
1723,0,91,127,1034,13,77,3065,1225,4290,-0.0117954,0.0337087,-0.999362,0
1695,0,100,127,1131,18,73,3144,1578,4722,-0.0153835,0.0702094,-0.997414,0
6033,0,345,484,3925,56,289,11132,4644,15776,-0.0147795,0.12088,-0.992557,0
3553,0,250,288,2432,28,182,6733,4046,10779,-0.0152128,0.0973096,-0.995138,0
3269,0,192,250,2139,24,142,6016,4835,10851,-0.00912651,0.0117838,-0.999889,0
5715,0,314,458,3511,47,238,10283,4699,14982,-0.00362163,0.0735479,-0.997285,0
3416,0,195,251,2160,36,159,6217,3578,9795,-0.00394988,0.0683934,-0.997651,0
2977,0,174,223,1934,25,132,5465,2774,8239,0.00101209,0.0917044,-0.995786,0
4458,0,245,326,2660,37,210,7936,3125,11061,-0.0142127,0.06313,-0.997904,0
4368,0,321,339,2750,49,194,8021,2131,10152,-0.0231282,0.0241167,-0.999442,0
2968,0,187,232,1747,26,165,5325,1790,7115,-0.020508,0.0966112,-0.995111,0
2859,0,156,200,1838,34,130,5217,1654,6871,-0.0223389,0.115973,-0.993001,0
3130,0,223,290,1891,33,140,5707,1847,7554,0.00435036,0.0953288,-0.995436,0
4496,0,246,370,2914,57,190,8273,2432,10705,0.00677336,0.139099,-0.990255,0
4080,0,242,357,2728,64,192,7663,2633,10296,0.00263487,0.173086,-0.984903,0
4099,0,282,339,2709,42,211,7682,2208,9890,-0.0069998,0.186746,-0.982383,0
4683,0,334,464,3320,45,245,9091,2549,11640,-0.0252766,0.127741,-0.991485,0
2944,0,218,259,2089,29,161,5700,1611,7311,-0.0173707,0.229577,-0.973135,0
4898,0,354,413,3320,38,235,9258,2125,11383,-0.0164469,0.167971,-0.985655,0
4365,0,358,403,3528,53,250,8957,2217,11174,0.00166969,0.220366,-0.975416,0
3818,0,265,410,3085,32,230,7840,1984,9824,-0.0102665,0.137617,-0.990432,0
5236,0,394,492,3888,40,294,10344,2389,12733,-0.0227253,0.100195,-0.994708,0
3481,0,264,318,2675,33,194,6965,1780,8745,-0.0265477,0.0779258,-0.996606,0
3135,0,235,295,2586,25,180,6456,1804,8260,-0.0247381,0.113121,-0.993273,0
4535,0,456,531,3725,77,250,9574,1933,11507,-0.010186,0.114365,-0.993387,0
3207,0,213,268,2475,29,154,6346,1605,7951,0.0116618,0.164901,-0.986241,0
5350,0,303,390,3446,31,219,9739,2454,12193,-0.0298242,0.20241,-0.978847,0
4666,0,372,423,3614,45,257,9377,2287,11664,-0.0335462,0.182653,-0.982605,0
2521,0,198,233,1989,47,137,5125,2935,8060,-0.00871194,-0.39853,-0.917114,0
4546,0,307,405,3673,65,235,9231,6959,16190,-0.0781301,0.238428,-0.968012,0
3305,0,216,342,2613,63,197,6736,4933,11669,-0.0875985,0.131498,-0.987438,0
3266,0,216,299,2686,49,179,6695,4657,11352,-0.0128183,0.177992,-0.983948,0
3220,0,244,292,2459,29,172,6416,2177,8593,0.15553,0.0409016,-0.986984,0
5117,0,314,478,3796,40,301,10046,2280,12326,-0.0240301,0.182039,-0.982998,0
3511,0,241,306,2421,28,181,6688,1644,8332,0.00127067,0.166724,-0.986003,0
5171,0,250,407,2892,33,184,8937,2327,11264,-0.0249429,0.185352,-0.982356,0
4509,0,292,381,2581,37,218,8018,2345,10363,-0.0409785,0.162255,-0.985898,0
4824,0,236,364,2461,32,212,8129,1858,9987,-0.0812106,0.307699,-0.948012,0
4115,0,211,268,2171,32,155,6952,2214,9166,-0.0404607,0.269881,-0.962043,0
5041,0,264,359,2922,35,188,8809,2579,11388,-0.0955049,0.269761,-0.958179,0
4757,0,264,342,3061,36,200,8660,3001,11661,-0.0854206,0.270929,-0.958802,0
3232,0,194,247,2243,25,142,6083,3962,10045,-0.0657024,0.137496,-0.988321,0
4072,0,340,368,2884,40,215,7919,4168,12087,-0.061938,0.127988,-0.98984,0
3778,0,269,373,2537,31,198,7186,3443,10629,0.026867,0.203088,-0.978792,0
4626,0,307,358,2947,31,227,8496,2559,11055,0.00343974,0.158501,-0.987353,0
3153,0,202,254,1907,32,157,5705,1671,7376,0.0278004,0.166128,-0.985712,0
4497,0,215,296,2568,67,194,7837,2783,10620,-0.0101832,0.132774,-0.991094,0
4723,0,239,309,2200,42,192,7705,2700,10405,-0.0257727,0.083993,-0.996133,0
3424,0,190,238,1608,33,118,5611,2371,7982,0.00940281,0.14151,-0.989892,0
4876,0,289,388,2596,72,192,8413,3095,11508,0.0356171,0.161685,-0.986199,0
3215,0,151,209,1374,23,95,5067,1596,6663,0.042219,0.096906,-0.994398,0
1679,0,75,97,828,18,70,2767,1076,3843,0.0426197,0.126252,-0.991082,0
4681,0,172,228,1829,39,134,7083,3046,10129,0.0282026,0.174408,-0.984269,0
4406,0,226,213,1691,36,125,6697,4956,11653,0.0131875,0.171946,-0.985018,0
3115,0,142,157,1073,36,88,4611,2850,7461,0.0409089,0.179435,-0.982919,0
3020,0,110,137,1191,35,123,4616,3548,8164,0.00729252,0.179799,-0.983676,0
5042,0,148,209,1461,47,121,7028,5361,12389,0.00593693,0.134774,-0.990859,0
2420,0,69,114,707,19,68,3397,2498,5895,0.0284565,0.113649,-0.993113,0
3836,0,129,158,1048,30,103,5304,3887,9191,0.00322945,0.14153,-0.989929,0
3606,0,127,165,997,55,97,5047,4572,9619,0.0379699,0.0571042,-0.997646,0
3540,0,102,144,954,46,80,4866,3672,8538,0.0104759,0.201031,-0.979529,0
4782,0,138,243,1302,63,110,6638,3382,10020,0.0199543,0.172517,-0.984804,0
4639,0,133,198,1374,41,139,6524,2926,9450,0.0183459,0.211056,-0.977302,0
3062,0,108,150,1075,33,86,4514,1693,6207,0.0519625,0.193355,-0.979752,0
4845,0,192,294,1977,58,140,7506,2842,10348,0.0451954,0.190915,-0.980566,0
4829,0,222,289,2154,32,145,7671,1984,9655,0.0285566,0.191794,-0.98102,0
5158,0,229,324,2492,32,180,8415,2679,11094,-0.00349015,0.26133,-0.965243,0
2505,0,126,179,1417,27,112,4366,1207,5573,-0.00701478,0.164427,-0.986364,0
1750,0,94,150,1141,15,69,3219,947,4166,0.0146271,0.13587,-0.990619,0
4160,0,289,334,2858,38,211,7890,2696,10586,-0.0294445,0.0797558,-0.996379,0
4284,0,352,367,3097,38,232,8370,2733,11103,-0.0281528,0.108568,-0.99369,0
3138,0,250,300,2605,33,173,6499,1867,8366,-0.00541584,0.0805242,-0.996738,0
5482,0,450,524,4605,70,343,11474,3924,15398,0.0624074,0.0641501,-0.995987,0
3077,0,268,310,2686,27,186,6554,2076,8630,0.00754973,0.0919613,-0.995734,0
5648,0,493,616,4761,81,342,11941,2902,14843,-0.0147222,0.134625,-0.990787,0
3970,0,291,366,3361,43,209,8240,1728,9968,-0.0133678,0.124247,-0.992161,0
5912,0,409,506,4841,58,287,12013,1686,13699,-0.0207298,0.121888,-0.992327,0
3858,0,314,368,3282,41,230,8093,1914,10007,-0.0432235,0.126637,-0.991007,0
5954,0,365,487,4148,69,264,11287,2378,13665,-0.0457898,0.141263,-0.988913,0
3677,0,236,332,2735,29,197,7206,2457,9663,-0.0360718,0.096699,-0.99466,0
5080,0,353,453,3476,66,248,9676,3336,13012,-0.0419261,0.113495,-0.992654,0
4910,0,278,358,3154,46,203,8949,2971,11920,-0.0119366,0.152681,-0.988203,0
4974,0,275,349,3214,63,232,9107,2944,12051,-0.0417916,0.112076,-0.99282,0
3558,0,205,353,2307,52,154,6629,1629,8258,-0.0149282,0.0917142,-0.995673,0
5164,0,300,392,3304,51,231,9442,2573,12015,-0.0350385,0.103338,-0.994029,0
3749,0,237,293,2491,35,173,6978,2162,9140,-0.0243046,0.120277,-0.992443,0
4707,0,288,360,3324,41,221,8941,3203,12144,-0.0367923,0.105961,-0.993689,0
3341,0,211,327,2528,32,152,6591,2151,8742,-0.0353494,0.0688312,-0.997002,0
5743,0,343,434,3869,45,260,10694,3107,13801,0.00691764,0.19616,-0.980548,0
2711,0,167,197,1717,23,135,4950,2067,7017,-0.0163258,0.12121,-0.992493,0
4738,0,332,395,2734,28,170,8397,3350,11747,-0.000211637,0.136431,-0.99065,0
2002,0,150,183,1470,27,100,3932,1224,5156,0.00565839,0.155555,-0.987811,0
5260,0,314,418,3564,71,240,9867,2106,11973,-0.00602545,0.255398,-0.966817,0
4772,0,285,440,3474,51,212,9234,1971,11205,-0.0114037,0.286585,-0.957987,0
3152,0,205,259,2387,27,187,6217,1344,7561,-0.00949328,0.287427,-0.957755,0
3129,0,212,267,2702,32,159,6501,1553,8054,-0.0256898,0.27896,-0.959959,0
5125,0,298,398,4007,59,259,10146,1713,11859,-0.01824,0.313824,-0.949306,0
3296,0,238,298,2656,34,162,6684,1620,8304,-0.0288852,0.328701,-0.943992,0
4127,0,268,356,3290,54,239,8334,2024,10358,0.00915072,0.342398,-0.93951,0
4392,0,315,359,3430,54,207,8757,2056,10813,0.00873392,0.278008,-0.960539,0
3058,0,202,278,2272,30,154,5994,1612,7606,0.00905019,0.244742,-0.969546,0
3028,0,268,273,2289,29,158,6045,1529,7574,0.0176878,0.222056,-0.974873,0
5120,0,339,465,3411,51,243,9629,2840,12469,-0.0306142,0.375119,-0.926471,0
3791,0,241,489,1977,35,124,6657,1548,8205,-0.020838,0.308696,-0.950933,0
1951,0,114,151,1285,16,93,3610,1071,4681,-0.0193255,0.263983,-0.964334,0
2360,0,162,206,1614,19,121,4482,1455,5937,-0.00519155,0.245757,-0.969318,0
5293,0,339,407,3240,41,250,9570,2562,12132,-0.032588,0.267407,-0.963032,0
6253,0,318,358,3045,49,200,10223,2039,12262,-0.0516898,0.232279,-0.971275,0
2592,0,127,164,1432,29,94,4438,1914,6352,0.0113852,0.187138,-0.982268,0
4938,0,286,325,2365,43,202,8159,4240,12399,0.0259361,0.181167,-0.98311,0
5834,0,264,288,2169,43,157,8755,3865,12620,0.0431391,0.243386,-0.96897,0
3486,0,108,147,1102,40,88,4971,2205,7176,0.046866,0.199327,-0.978812,0
1826,0,71,96,745,19,55,2812,1562,4374,0.0357642,0.221866,-0.974421,0
2311,0,88,117,893,26,67,3502,2907,6409,0.0229857,0.176145,-0.984096,0
5080,0,186,252,1873,54,145,7590,4489,12079,0.0168977,0.19493,-0.980672,0
4425,0,143,205,1520,47,140,6480,3525,10005,0.0256888,0.192944,-0.980873,0
1928,0,68,93,622,20,60,2791,1702,4493,0.0280666,0.167268,-0.985512,0
4740,0,203,249,1599,54,126,6971,3853,10824,0.0111926,0.204977,-0.978703,0
4727,0,148,205,1563,50,119,6812,3747,10559,0.00734112,0.163966,-0.986439,0
3221,0,107,178,1155,48,110,4819,2281,7100,0.00169902,0.172152,-0.985069,0
4784,0,170,228,1834,47,155,7218,3124,10342,0.025022,0.149717,-0.988412,0
4968,0,212,244,1977,49,148,7598,3225,10823,0.0309615,0.17187,-0.984633,0
3378,0,141,193,1542,43,112,5409,3156,8565,0.0439059,0.135884,-0.989751,0
3409,0,163,208,1677,39,118,5614,2400,8014,0.0240796,0.161582,-0.986566,0
5883,0,239,342,2536,64,189,9253,2688,11941,0.040174,0.207758,-0.977355,0
3502,0,181,237,2018,36,140,6114,2265,8379,0.0387545,0.136381,-0.989898,0
5115,0,271,365,3083,89,200,9123,2805,11928,0.0283845,0.137245,-0.99013,0
5234,0,291,384,3276,49,229,9463,2352,11815,0.0264468,0.160306,-0.986713,0
2757,0,247,309,1961,23,116,5413,1558,6971,-0.0245687,0.137329,-0.990221,0
4832,0,283,370,3247,59,214,9005,2544,11549,0.0154065,0.124517,-0.992098,0
5595,0,337,432,3953,58,310,10685,2208,12893,0.00818657,0.187484,-0.982234,0
3900,0,235,312,2881,43,190,7561,2556,10117,-0.00755332,0.207782,-0.978146,0
2865,0,182,219,1909,31,125,5331,1171,6502,-0.00602516,0.125388,-0.992089,0
1879,0,123,151,1314,15,90,3572,1198,4770,-0.0264639,0.114673,-0.993051,0
3654,0,272,330,2922,53,191,7422,2715,10137,0.0569417,0.133374,-0.989429,0
4728,0,284,360,3295,42,207,8916,1975,10891,0.0066744,0.161716,-0.986815,0
2607,0,159,199,1784,33,114,4896,1511,6407,-0.0154547,0.00903818,-0.99984,0
5893,0,348,434,3737,54,240,10706,3421,14127,-0.0254199,0.0224151,-0.999426,0
4113,0,321,290,2562,50,182,7518,1718,9236,-0.00614244,-0.0430796,-0.999053,0
2841,0,152,193,1766,24,112,5088,1991,7079,-0.0310324,-0.0106849,-0.999461,0
5554,0,284,433,3408,61,280,10020,3968,13988,-0.0240301,-0.0331742,-0.999161,0
3735,0,226,303,2258,54,192,6768,2469,9237,0.00516829,-0.0114101,-0.999922,0
2292,0,124,171,1358,24,93,4062,1664,5726,0.0077801,-0.00186207,-0.999968,0
5576,0,293,371,3311,56,217,9824,3332,13156,-0.0455611,-0.044396,-0.997975,0
5545,0,311,503,3495,45,225,10124,6363,16487,-0.014746,0.0660981,-0.997704,0
2892,0,156,221,1584,19,128,5000,1912,6912,-0.019204,-0.00611274,-0.999797,0
3597,0,220,268,1997,29,119,6230,2513,8743,-0.0311264,-0.0440529,-0.998544,0
1977,0,133,193,1438,17,91,3849,1656,5505,-0.0231203,-0.00264694,-0.999729,0
5504,0,310,415,3499,58,227,10013,3176,13189,-0.0106193,0.0460295,-0.998884,0
3404,0,200,253,2298,37,150,6342,2400,8742,-0.0251346,-0.0201032,-0.999482,0
3875,0,215,255,2192,28,143,6708,2280,8988,-0.0143162,0.016115,-0.999768,0
3328,0,202,256,2277,29,147,6239,1870,8109,-0.041477,-0.0284546,-0.998734,0
5207,0,324,433,3604,55,249,9872,1902,11774,-0.0136979,0.191149,-0.981465,0
3453,0,228,300,2553,36,167,6737,1255,7992,-0.00491825,0.123149,-0.992376,0
2145,0,140,214,1621,29,117,4266,942,5208,-0.0139483,0.102396,-0.994646,0
2292,0,181,206,1742,29,118,4568,1236,5804,-0.0105259,0.114515,-0.993366,0
4994,0,394,465,3774,58,242,9927,2201,12128,-0.0194228,0.16674,-0.98581,0
4990,0,349,501,3861,40,290,10031,2333,12364,0.000602892,0.305081,-0.952326,0
5035,0,324,460,3788,43,291,9941,1539,11480,0.00648907,0.289794,-0.957067,0
2385,0,131,201,1467,20,96,4300,865,5165,0.00394176,0.205906,-0.978564,0
1513,0,95,156,1098,15,84,2961,724,3685,0.0105952,0.197407,-0.980264,0
3099,0,233,280,2261,31,170,6074,1483,7557,-0.0149035,0.178917,-0.983751,0
4906,0,297,391,3394,42,222,9252,2211,11463,0.0423655,0.168671,-0.984761,0
4386,0,267,425,3088,65,218,8449,2251,10700,0.0277043,0.239499,-0.970501,0
4963,0,340,423,3552,93,273,9644,1836,11480,0.04915,0.250353,-0.966906,0
3515,0,238,299,2505,55,165,6777,1864,8641,0.00783937,0.0722081,-0.997359,0
5160,0,315,445,3445,64,229,9658,2755,12413,0.0721523,0.119331,-0.990229,0
5051,0,295,485,3473,50,243,9597,2476,12073,0.0659682,0.0886838,-0.993873,0
3441,0,206,270,2224,55,158,6354,2021,8375,0.041908,0.0515791,-0.997789,0
4044,0,203,301,2236,50,153,6987,1869,8856,0.0282757,0.0480843,-0.998443,0
4994,0,300,401,3173,88,243,9199,3260,12459,0.0384989,0.0714173,-0.996703,0
3941,0,211,277,2262,42,162,6895,1944,8839,0.0497954,0.0683158,-0.99642,0
3671,0,245,307,2477,58,176,6934,2284,9218,0.0620213,0.039767,-0.997282,0
2654,0,210,237,2258,26,150,5535,1625,7160,0.0425956,0.0614959,-0.997198,0
5765,0,348,488,3719,54,251,10625,3296,13921,0.0405962,0.0167905,-0.999035,0
3829,0,270,326,2205,34,144,6808,1664,8472,0.0323578,0.083233,-0.996005,0
2440,0,208,216,1518,38,111,4531,1247,5778,0.0424608,0.100593,-0.994021,0
2989,0,186,237,2027,44,144,5627,1648,7275,0.0668634,0.00955967,-0.997716,0
5057,0,327,415,3493,46,254,9592,2452,12044,0.0291655,0.0116552,-0.999507,0
3205,0,201,256,2217,35,150,6064,1964,8028,0.0483915,-0.00890211,-0.998789,0
4705,0,285,391,3271,63,244,8959,2926,11885,0.0653243,0.0211384,-0.99764,0
3215,0,201,256,2379,51,200,6302,2164,8466,0.0808084,0.00147681,-0.996729,0
4966,0,279,434,3087,48,232,9046,2333,11379,0.0489499,0.090304,-0.994711,0
3224,0,194,252,2146,51,156,6023,2355,8378,0.0307463,0.0706163,-0.99703,0
4639,0,271,390,3125,49,201,8675,3101,11776,0.0596973,0.0994297,-0.993252,0
3633,0,295,276,2121,49,143,6517,2470,8987,0.0405814,0.101151,-0.994043,0
4284,0,252,333,2620,63,189,7741,3023,10764,0.072471,-0.00328858,-0.997365,0
4496,0,242,321,2562,64,184,7869,2838,10707,0.0754702,0.000178729,-0.997148,0
4708,0,240,341,2552,70,183,8094,3496,11590,0.0670939,-0.0155406,-0.997626,0
3013,0,216,251,1942,29,150,5601,2304,7905,0.0536562,-0.0423853,-0.99766,0
5147,0,344,415,3253,69,266,9494,2574,12068,0.0520316,-0.00115017,-0.998645,0
4683,0,285,348,2798,64,198,8376,3545,11921,0.0653483,-0.0181265,-0.997698,0
3322,0,234,269,2028,38,158,6049,1671,7720,0.0458546,-0.0340404,-0.998368,0
4596,0,309,399,2989,54,247,8594,2917,11511,0.00478058,-0.022334,-0.999739,0
5354,0,387,456,3218,81,252,9748,3867,13615,0.0745431,-0.00508878,-0.997205,0
3524,0,277,348,2219,52,184,6604,2246,8850,0.0523424,-0.00607593,-0.998611,0
3573,0,234,317,2240,64,163,6591,2903,9494,0.0930411,0.0361313,-0.995006,0
3535,0,198,257,2209,49,148,6396,2394,8790,0.108043,0.0296626,-0.993704,0
5110,0,285,435,3073,56,236,9195,2982,12177,0.0850531,-0.00240377,-0.996374,0
4782,0,259,349,2778,43,188,8399,2792,11191,0.0850009,0.00736819,-0.996354,0
3228,0,234,277,2070,50,155,6014,1957,7971,0.0757917,-0.0138322,-0.997028,0
4934,0,309,405,3036,48,217,8949,3396,12345,0.0652882,0.00453789,-0.997856,0
4737,0,328,401,2874,56,225,8621,3204,11825,0.0822936,-0.0164185,-0.996473,0
3259,0,212,264,2094,36,157,6022,2507,8529,0.0851457,0.0163107,-0.996235,0
4306,0,237,348,2668,55,196,7810,3840,11650,0.0374109,-0.0306582,-0.99883,0
4143,0,237,344,2665,38,198,7625,2735,10360,0.00920615,-0.00222096,-0.999955,0
3140,0,173,259,1937,42,150,5701,2035,7736,0.0362944,0.0264139,-0.998992,0
4849,0,311,458,2872,62,228,8780,2339,11119,0.120626,0.00478311,-0.992687,0
3237,0,222,284,2052,44,161,6000,2056,8056,0.0864637,0.00743421,-0.996227,0
5104,0,296,393,3190,67,223,9273,3073,12346,0.0889363,-0.0115939,-0.99597,0
5509,0,316,386,3090,67,208,9576,3241,12817,0.0769547,0.0394328,-0.996255,0
2660,0,145,198,1549,43,126,4721,1490,6211,0.0443547,0.00411918,-0.999007,0
1728,0,102,134,1058,26,76,3124,1113,4237,0.0369786,0.0785706,-0.996222,0
2544,0,162,194,1576,29,111,4616,1728,6344,0.112919,0.00563442,-0.993588,0
5265,0,292,407,3197,63,249,9473,3803,13276,0.0611762,-0.00948409,-0.998082,0
5345,0,290,462,3174,49,275,9595,2195,11790,0.0922493,0.00968478,-0.995689,0
2768,0,183,257,1708,35,132,5083,1383,6466,0.0346849,0.0902015,-0.995319,0
5099,0,329,442,3286,51,253,9460,3108,12568,0.0457476,0.000498855,-0.998953,0
3190,0,184,317,2091,35,161,5978,2363,8341,0.0695031,0.00236514,-0.997579,0
5993,0,406,404,3188,82,246,10319,2434,12753,0.0489371,-0.0149803,-0.99869,0
3252,0,221,264,2033,43,151,5964,2471,8435,0.0573738,-0.0127187,-0.998272,0
3189,0,240,297,1943,34,155,5858,1906,7764,0.0656746,-0.012989,-0.997757,0
4657,0,323,368,2813,45,235,8441,3614,12055,0.0965974,0.0187815,-0.995146,0
3258,0,286,245,2079,44,139,6051,2109,8160,0.0836673,0.0301087,-0.996039,0
5936,0,291,343,2813,51,191,9625,2269,11894,0.101771,0.0111922,-0.994745,0
2517,0,146,213,1608,23,118,4625,2056,6681,0.057875,0.103365,-0.992958,0
5303,0,294,449,3226,50,217,9539,2454,11993,0.0500811,-0.00705875,-0.99872,0
3202,0,190,305,2109,35,152,5993,2078,8071,0.0923193,0.00331282,-0.995724,0
4215,0,263,336,2741,66,193,7814,2510,10324,0.0611363,-0.0151686,-0.998014,0
4672,0,371,369,3073,72,297,8854,2235,11089,0.0464417,-0.0235089,-0.998644,0
2588,0,149,204,1560,24,118,4643,1677,6320,0.0465278,-0.00799747,-0.998885,0
5680,0,262,371,2919,46,201,9479,3072,12551,0.0929068,0.018182,-0.995509,0
4551,0,262,405,2901,54,194,8367,3776,12143,0.0648233,-0.0256597,-0.997567,0
4532,0,283,324,2134,45,173,7491,2427,9918,0.0917155,-0.0103625,-0.995731,0
4649,0,306,372,2818,60,195,8400,2929,11329,0.0214946,0.0227442,-0.99951,0
3325,0,218,257,2096,49,176,6121,2285,8406,0.0779125,-0.00176734,-0.996959,0
5073,0,335,426,3123,55,247,9259,3576,12835,0.0699139,-0.0182478,-0.997386,0
3494,0,200,260,2220,40,150,6364,2159,8523,0.0943866,0.0205643,-0.995323,0
5302,0,290,460,3513,59,218,9842,3467,13309,0.0321411,0.0932334,-0.995125,0
3074,0,173,225,1731,28,125,5356,1655,7011,0.113396,0.0295289,-0.993111,0
1828,0,103,148,1133,21,75,3308,1170,4478,0.0242105,-0.0156069,-0.999585,0
3511,0,200,316,2220,39,149,6435,2479,8914,0.042589,0.042588,-0.998185,0
5110,0,302,423,3083,52,225,9195,2705,11900,0.0881983,0.0218534,-0.995863,0
3223,0,187,248,2047,49,142,5896,1951,7847,0.0373807,0.00553281,-0.999286,0
5045,0,261,373,2838,83,201,8801,2752,11553,0.0229423,0.00733015,-0.99971,0
3274,0,185,284,2033,55,165,5996,2135,8131,0.0465697,0.0711305,-0.996379,0
4979,0,304,362,2950,80,232,8907,3265,12172,0.107317,0.000738122,-0.994225,0
4676,0,304,381,2967,57,232,8617,2288,10905,0.0933943,0.0278053,-0.995241,0
2989,0,203,238,1927,37,155,5549,1886,7435,0.0626318,-0.0117671,-0.997967,0
5010,0,299,450,3167,55,212,9193,3149,12342,0.0663203,0.0204274,-0.997589,0
4527,0,292,376,2839,48,227,8309,2389,10698,0.0496613,-0.022835,-0.998505,0
4641,0,309,371,2818,53,241,8433,2185,10618,0.0767991,0.003503,-0.99704,0
4105,0,301,350,2612,53,207,7628,2662,10290,0.0886351,0.0283456,-0.995661,0
4078,0,301,344,2589,38,208,7558,2706,10264,0.0549143,0.08063,-0.99523,0
5403,0,363,425,3134,57,246,9628,2546,12174,0.000679551,0.0611952,-0.998126,0
5290,0,293,400,3175,72,225,9455,2151,11606,0.0589165,0.000132918,-0.998263,0
2674,0,158,211,1714,73,120,4950,1558,6508,0.0657289,-0.0175175,-0.997684,0
5170,0,349,431,3261,89,228,9528,2806,12334,0.0491473,0.0824729,-0.995381,0
5019,0,207,304,2157,52,156,7895,1947,9842,0.0574875,-0.0308111,-0.997871,0
2155,0,162,167,1349,38,96,3967,1246,5213,0.076976,0.00418827,-0.997024,0
5020,0,291,393,3066,67,227,9064,2766,11830,0.089839,0.0242544,-0.995661,0
4648,0,266,404,2988,66,247,8619,2125,10744,0.0580111,-0.0302522,-0.997857,0
4050,0,240,321,2640,59,205,7515,2326,9841,0.0467189,0.101669,-0.993721,0
4977,0,293,471,3183,44,215,9183,2513,11696,0.0503488,0.0869838,-0.994937,0
4646,0,261,409,2838,54,195,8403,2342,10745,0.0891425,0.0254093,-0.995695,0
3178,0,185,294,2120,32,136,5945,1914,7859,0.053568,-0.00657548,-0.998543,0
4600,0,260,456,2836,55,193,8400,2756,11156,0.0500452,0.10522,-0.993189,0
3173,0,203,257,2023,42,146,5844,2242,8086,0.0355186,0.0863298,-0.995633,0
4505,0,278,381,2916,56,213,8349,2671,11020,0.0427516,0.0994176,-0.994127,0
4446,0,281,384,2942,57,194,8304,2913,11217,0.0316409,-0.0151314,-0.999385,0
3202,0,186,238,2041,32,137,5836,1979,7815,0.0634339,-0.0173208,-0.997836,0
4194,0,280,375,2632,41,208,7730,2280,10010,0.0364078,0.0882707,-0.995431,0
4736,0,306,374,2951,58,222,8647,3361,12008,0.0607628,-0.00740635,-0.998125,0
3374,0,215,242,2054,41,172,6098,1845,7943,0.0773821,0.00228636,-0.996999,0
3813,0,264,280,2426,55,180,7018,3032,10050,0.0535652,0.0943175,-0.9941,0
4053,0,270,313,2455,38,201,7330,2828,10158,0.0225752,-0.0185672,-0.999573,0
3805,0,239,326,2816,69,196,7451,2548,9999,0.0624476,-0.00433013,-0.998039,0
2828,0,168,212,1750,35,119,5112,2177,7289,0.068271,-0.00494931,-0.997655,0
4729,0,264,343,2805,63,190,8394,3404,11798,0.0459204,0.00121438,-0.998944,0
4610,0,287,372,2527,33,140,7969,2136,10105,0.0301368,-0.00286418,-0.999542,0
2568,0,145,188,1528,23,103,4555,1888,6443,0.0483381,0.000669401,-0.998831,0
4636,0,261,343,2814,69,200,8323,2605,10928,0.014282,0.000936437,-0.999898,0
5191,0,295,425,3183,76,224,9394,2888,12282,0.0898219,0.0104059,-0.995903,0
3508,0,201,269,2160,52,154,6344,2453,8797,0.0358552,0.00556767,-0.999341,0
5155,0,266,417,3031,60,206,9135,2657,11792,0.0330028,0.00990421,-0.999406,0
3238,0,223,263,1999,41,163,5927,2125,8052,0.0645563,0.00682418,-0.997891,0
4588,0,368,383,2773,62,220,8394,2824,11218,0.0618846,-0.0349572,-0.997471,0
5198,0,316,398,3134,75,224,9345,2985,12330,0.0393424,0.0861358,-0.995506,0
3513,0,239,288,2215,31,174,6460,2794,9254,0.0564615,0.033956,-0.997827,1
5275,0,359,422,3218,62,246,9582,2938,12520,0.0864994,0.00953736,-0.996206,1
4819,0,324,378,2898,53,220,8692,2351,11043,0.0958674,0.00709696,-0.995369,1
4664,0,313,376,2888,61,223,8525,2577,11102,0.109718,0.00357188,-0.993956,1
3230,0,219,263,2085,37,159,5993,2095,8088,0.0242498,0.00192531,-0.999704,1
5065,0,260,390,3027,79,202,9023,2577,11600,0.0621659,0.00505923,-0.998053,1
5364,0,365,405,3155,68,223,9580,3491,13071,0.0751458,-0.0120512,-0.9971,1
3627,0,235,317,2192,55,154,6580,2354,8934,0.0474173,0.090392,-0.994777,1
5128,0,286,397,3108,74,219,9212,3319,12531,0.0704282,0.0220322,-0.997274,1
3470,0,199,304,2164,77,146,6360,2141,8501,0.0654183,-0.0223942,-0.997607,1
5282,0,334,371,3157,50,191,9385,1935,11320,0.0117268,0.00880138,-0.999893,1
5393,0,297,377,3053,48,195,9363,2466,11829,0.0685511,0.00958544,-0.997602,1
2494,0,196,220,1607,35,132,4684,1766,6450,0.0804689,0.0380828,-0.996029,1
5283,0,356,411,3316,94,293,9753,3350,13103,0.0990349,0.00791095,-0.995053,1
3233,0,208,267,2087,46,157,5998,2230,8228,0.0566095,0.0872136,-0.99458,1
3097,0,178,254,1952,44,144,5669,1805,7474,0.016403,0.00747644,-0.999838,1
4252,0,332,356,2453,56,197,7646,2306,9952,0.0516154,0.089261,-0.99467,1
4010,0,241,304,2424,42,168,7189,2655,9844,0.119206,0.0274082,-0.992491,1
3165,0,187,237,1757,30,129,5505,1778,7283,0.0972764,-0.000607316,-0.995257,1
4674,0,291,394,2861,60,255,8535,2865,11400,0.090693,0.0077389,-0.995849,1
3328,0,236,281,2062,34,154,6095,2240,8335,0.0529129,-0.020246,-0.998394,1
3280,0,208,264,2143,44,157,6096,2156,8252,0.0881286,0.0140296,-0.99601,1
4229,0,306,379,2677,69,194,7854,2848,10702,0.0368196,-0.0109529,-0.999262,1
5042,0,303,381,2715,47,199,8687,1722,10409,0.050475,-0.0191151,-0.998542,1
3075,0,207,252,1927,32,139,5632,2041,7673,0.071066,-0.00443808,-0.997462,1
5011,0,306,381,3017,53,205,8973,3592,12565,0.0396305,0.0497206,-0.997977,1
3307,0,211,302,2089,37,155,6101,1747,7848,0.107038,0.00630051,-0.994235,1
3171,0,173,222,1893,41,166,5666,2049,7715,0.050091,0.013281,-0.998656,1
4737,0,262,337,2907,48,196,8487,3466,11953,0.0426475,-0.00722773,-0.999064,1
4744,0,302,378,2906,58,227,8615,2220,10835,0.0466004,0.0012761,-0.998913,1
4217,0,320,411,2839,45,178,8010,2689,10699,0.0399972,0.069595,-0.996773,1
4603,0,262,337,2864,54,197,8317,2813,11130,0.0702909,0.0069889,-0.997502,1
4800,0,265,385,2860,53,215,8578,2289,10867,0.0313262,0.0098933,-0.99946,1
2554,0,160,187,1632,31,107,4671,1669,6340,0.0407299,0.0555928,-0.997622,1
5269,0,288,374,3158,60,213,9362,3025,12387,0.0422974,-0.00499138,-0.999093,1
4612,0,273,405,2888,66,220,8464,2629,11093,0.051009,0.00721542,-0.998672,1
4090,0,237,321,2614,83,183,7528,2618,10146,0.0675327,0.00158081,-0.997716,1
4693,0,260,342,2679,67,206,8247,2389,10636,0.0853292,0.0170054,-0.996208,1
4223,0,309,397,2589,57,208,7783,2801,10584,0.0315413,0.0841247,-0.995956,1
2433,0,177,238,1472,37,110,4467,1787,6254,0.0284793,-0.00633145,-0.999574,1
4651,0,260,340,3019,75,191,8536,3294,11830,0.101358,0.0164487,-0.994714,1
5044,0,299,377,2877,49,141,8787,2273,11060,0.0592522,-0.0149967,-0.99813,1
2088,0,118,178,1294,26,102,3806,1377,5183,0.0533774,0.0978515,-0.993769,1
5602,0,350,427,3162,65,212,9818,2994,12812,0.0400373,-0.0136052,-0.999106,1
5131,0,312,378,2871,56,256,9004,2025,11029,0.0627261,0.0878037,-0.994161,1
4741,0,350,528,2864,56,193,8732,2140,10872,0.0825756,0.0126472,-0.996505,1
2533,0,174,214,1609,35,124,4689,1611,6300,0.0527827,0.00216764,-0.998604,1
2477,0,179,187,1562,27,105,4537,1495,6032,0.0409795,-0.00884566,-0.999121,1
4907,0,304,358,2773,67,227,8636,3029,11665,0.0469289,0.00293969,-0.998894,1
5027,0,304,381,2740,60,208,8720,2449,11169,0.0542704,-0.0245801,-0.998224,1
3206,0,191,247,2022,34,135,5835,1703,7538,0.0480489,-0.0179804,-0.998683,1
5180,0,289,378,3138,62,214,9261,3402,12663,0.0401049,0.108646,-0.993271,1
4163,0,319,334,2606,39,202,7663,3301,10964,0.045332,-0.0241536,-0.99868,1
4392,0,322,435,2688,39,214,8090,2640,10730,0.0460964,0.0869433,-0.995146,1
4527,0,317,402,2981,65,245,8537,2428,10965,0.0673301,-0.0109964,-0.99767,1
4412,0,287,336,2664,57,215,7971,3029,11000,0.053392,-0.0200591,-0.998372,1
5506,0,355,419,3394,70,261,10005,3516,13521,0.0360461,-0.00353592,-0.999344,1
3381,0,189,224,1764,42,135,5735,1509,7244,0.0971063,-0.000703778,-0.995274,1
5646,0,313,273,2101,39,165,8537,1645,10182,0.0546834,-0.0362039,-0.997847,1
4529,0,324,381,3031,48,240,8553,2462,11015,0.0632712,0.00171433,-0.997995,1
4175,0,293,361,2779,68,220,7896,3050,10946,0.10387,0.0186314,-0.994416,1
4242,0,304,357,2743,77,191,7914,2186,10100,0.0520671,-0.0247915,-0.998336,1
5039,0,307,436,3461,82,234,9559,2498,12057,0.0447955,0.0840919,-0.995451,1
2640,0,162,217,1739,47,142,4947,1576,6523,0.0455631,-0.00805499,-0.998929,1
4834,0,389,438,3259,58,244,9222,4019,13241,0.0756061,-0.000518119,-0.997138,1
2982,0,156,250,1765,28,133,5314,1940,7254,0.0188926,0.0048861,-0.99981,1
4659,0,358,396,3089,48,210,8760,2740,11500,0.0336338,0.0399233,-0.998637,1
5241,0,329,460,3447,58,267,9802,2422,12224,0.051235,0.115465,-0.991989,1
3261,0,236,274,2189,51,155,6166,1972,8138,0.084168,0.0332569,-0.995896,1
5037,0,337,424,3419,62,250,9529,2597,12126,0.088631,0.0655005,-0.993909,1
3388,0,242,294,2363,47,157,6491,2464,8955,0.0898049,0.0344048,-0.995365,1
3480,0,211,280,2334,36,213,6554,2238,8792,0.0476304,0.16265,-0.985533,1
4441,0,283,381,3253,32,240,8630,2178,10808,0.0618411,0.172789,-0.983016,1
4894,0,342,411,3516,50,268,9481,2138,11619,0.0545514,0.167316,-0.984393,1
2659,0,164,218,1906,23,125,5095,1504,6599,0.0534522,0.0713772,-0.996016,1
4810,0,292,391,3380,43,222,9138,3452,12590,0.0253788,0.0526666,-0.99829,1
4808,0,296,404,3305,50,225,9088,3731,12819,0.0417981,0.0415248,-0.998263,1
4941,0,298,400,3433,40,269,9381,3094,12475,0.0681803,0.00276655,-0.997669,1
2572,0,191,221,1910,22,129,5045,1742,6787,0.0397692,-0.0145728,-0.999103,1
5089,0,340,411,3388,49,240,9517,2930,12447,0.0565868,-0.029215,-0.99797,1
4730,0,379,412,3402,40,248,9211,2041,11252,0.0470547,-0.027025,-0.998527,1
2611,0,184,220,1835,23,134,5007,1935,6942,0.0356029,-0.00359222,-0.99936,1
4679,0,290,432,3275,52,239,8967,2990,11957,0.0159332,0.00820087,-0.999839,1
3276,0,238,253,2272,47,163,6249,2040,8289,0.0329453,0.0666367,-0.997233,1
4471,0,325,338,2657,57,206,8054,2811,10865,0.0311511,0.05013,-0.998257,1
4131,0,224,292,2513,33,178,7371,3012,10383,0.0419366,0.060768,-0.997271,1
5111,0,289,336,2865,58,196,8855,3342,12197,0.0445329,0.0882639,-0.995101,1
2120,0,116,153,1120,19,75,3603,1825,5428,0.0426021,0.0392873,-0.998319,1
4823,0,253,301,2398,41,182,7998,4217,12215,0.0457922,0.0725562,-0.996313,1
4755,0,249,312,2192,52,189,7749,3818,11567,0.0403919,0.110394,-0.993067,1
5147,0,264,312,2271,50,177,8221,2524,10745,0.0376909,0.115883,-0.992547,1
5069,0,211,288,2172,64,187,7991,3208,11199,0.0293762,0.113206,-0.993137,1
3449,0,147,192,1552,50,159,5549,1967,7516,0.0163138,0.14899,-0.988704,1
5011,0,227,298,2588,40,183,8347,2287,10634,0.036346,0.153455,-0.987487,1
4642,0,217,283,2410,48,160,7760,2178,9938,0.0218501,0.114078,-0.993231,1
3452,0,181,208,1803,38,118,5800,1645,7445,0.0252694,0.130545,-0.99112,1
5637,0,313,368,2845,37,194,9394,2852,12246,0.0460905,0.0623023,-0.996993,1
3657,0,206,254,2245,26,133,6521,1735,8256,0.0473692,0.074842,-0.99607,1
3523,0,226,265,2130,30,154,6328,1578,7906,0.0339428,0.0737435,-0.996699,1
4691,0,328,379,3189,35,239,8861,2586,11447,0.0281462,0.0263709,-0.999256,1
4827,0,356,406,3347,39,245,9220,2707,11927,0.05515,-0.0711927,-0.995937,1
3316,0,266,287,2372,32,177,6450,1648,8098,0.020834,-0.00103753,-0.999782,1
5277,0,369,444,3659,38,270,10057,1931,11988,0.0385578,-0.0171763,-0.999109,1
3319,0,241,302,2385,25,175,6447,1841,8288,0.0480285,0.0557118,-0.997291,1
5240,0,331,429,3890,49,266,10205,2582,12787,0.0316752,0.0847518,-0.995898,1
2860,0,168,212,1977,20,122,5359,1352,6711,0.0345093,0.110091,-0.993322,1
1810,0,138,165,1415,15,101,3644,1088,4732,0.000466507,0.0707564,-0.997494,1
3524,0,266,338,2770,29,194,7121,2313,9434,0.0323566,0.0869323,-0.995689,1
4784,0,332,420,3876,51,244,9707,3512,13219,-0.0226695,0.110879,-0.993575,1
3628,0,295,369,3024,31,203,7550,3161,10711,-0.00513047,0.0444841,-0.998997,1
5231,0,376,491,4354,56,278,10786,3191,13977,0.0117987,0.0560234,-0.99836,1
5370,0,433,523,4613,69,313,11321,2334,13655,0.0185797,-0.0191412,-0.999644,1
3080,0,239,282,2499,28,173,6301,1351,7652,0.0321317,-0.0293608,-0.999052,1
6111,0,429,543,4465,121,328,11997,2910,14907,0.00765859,0.0175185,-0.999817,1
3990,0,270,345,3226,41,237,8109,1831,9940,-0.00361306,-0.0607264,-0.998148,1
4581,0,293,371,3090,42,240,8617,2195,10812,-0.0350242,-0.098063,-0.994564,1
5743,0,427,529,4231,65,301,11296,1947,13243,0.0125813,-0.0913129,-0.995743,1
3053,0,229,275,2310,27,158,6052,1219,7271,0.0330613,-0.13482,-0.990318,1
5351,0,446,474,3940,41,304,10556,2448,13004,0.00229499,-0.135882,-0.990722,1
3848,0,282,332,2802,31,200,7495,2063,9558,-0.00320948,-0.153451,-0.988151,1
5219,0,369,453,3741,41,281,10104,2722,12826,-0.0322742,-0.116387,-0.992679,1
3734,0,220,330,2473,30,162,6949,1661,8610,-0.0320288,-0.162445,-0.986198,1
5861,0,451,491,3977,72,301,11153,3467,14620,-0.0203884,-0.109354,-0.993794,1
5415,0,289,413,3182,34,179,9512,2051,11563,-0.030542,-0.0622602,-0.997593,1
2796,0,185,223,1741,27,119,5091,1585,6676,-0.00612492,-0.090833,-0.995847,1
5861,0,286,375,3217,58,211,10008,4160,14168,-0.00308873,-0.0627544,-0.998024,1
3618,0,224,262,2334,30,151,6619,2002,8621,0.00278268,-0.0178968,-0.999836,1
3430,0,217,289,2293,29,156,6414,3736,10150,0.00500722,-0.102436,-0.994727,1
2108,0,145,179,1539,19,102,4092,1060,5152,0.00129974,-0.0456257,-0.998958,1
3355,0,237,293,2516,32,209,6642,2346,8988,-0.0191999,-0.0239517,-0.999529,1
4295,0,312,379,3157,77,236,8456,2876,11332,-0.0200465,-0.0384984,-0.999058,1
2395,0,160,208,1811,25,117,4716,1607,6323,-0.0438338,-0.0167199,-0.998899,1
5135,0,341,434,3974,54,273,10211,2844,13055,-0.00915688,0.0783646,-0.996883,1
5273,0,341,467,3897,45,251,10274,1849,12123,-0.00639409,0.0496439,-0.998747,1
3407,0,300,306,2704,26,166,6909,1687,8596,-0.00401851,0.0462729,-0.998921,1
5211,0,375,484,3865,41,251,10227,2078,12305,-0.00426035,0.0912727,-0.995817,1
5343,0,376,435,3649,43,233,10079,2187,12266,-0.0436327,0.205189,-0.977749,1
3609,0,243,326,2355,33,180,6746,1199,7945,-0.0141994,0.145779,-0.989215,1
1727,0,101,144,1144,12,77,3205,934,4139,-0.0101602,0.109122,-0.993976,1
4700,0,309,460,3425,58,235,9187,2050,11237,-0.0072605,0.102303,-0.994727,1
5126,0,466,472,4066,64,269,10463,2031,12494,-0.0108584,0.064214,-0.997877,1
3552,0,334,358,2913,47,211,7415,1471,8886,-0.00300895,0.0717873,-0.997415,1
5189,0,417,538,4129,49,281,10603,1905,12508,0.0245235,0.06511,-0.997577,1
3319,0,270,341,3153,37,175,7295,1339,8634,0.00215382,0.0419682,-0.999117,1
4589,0,367,460,3848,85,248,9597,1895,11492,-0.00797368,0.00464905,-0.999957,1
4900,0,370,498,3846,63,266,9943,1901,11844,0.00491276,0.0157491,-0.999864,1
2590,0,219,250,2170,31,145,5405,1112,6517,-0.0195826,-0.0262658,-0.999463,1
5417,0,468,520,4509,81,301,11296,1479,12775,-0.00432862,-0.0183947,-0.999821,1
3559,0,317,350,3034,50,204,7514,1624,9138,-0.00631006,-0.0150648,-0.999867,1
4878,0,402,462,3825,64,290,9921,1849,11770,0.0114161,0.0290441,-0.999513,1
3415,0,318,356,2764,39,238,7130,1435,8565,-0.00613881,0.00736851,-0.999954,1
5224,0,490,556,4448,79,322,11119,2633,13752,-0.00638558,0.0357011,-0.999342,1
4138,0,304,373,2869,36,212,7932,1648,9580,-0.00398383,0.0219328,-0.999752,1
3581,0,278,370,2939,49,198,7415,1511,8926,0.00667574,-0.0174019,-0.999826,1
5261,0,438,614,4290,77,276,10956,1586,12542,-0.00287261,0.020952,-0.999776,1
3751,0,277,344,2977,75,226,7650,1768,9418,0.000647893,-0.0353596,-0.999374,1
4975,0,354,531,3984,55,285,10184,2089,12273,0.00288339,-0.0201643,-0.999793,1
3622,0,300,348,3012,31,201,7514,1471,8985,-0.0151605,0.0111297,-0.999823,1
4803,0,382,469,4105,40,253,10052,2164,12216,-0.00590014,0.000442899,-0.999982,1
4339,0,322,392,3433,37,246,8769,2419,11188,-0.0166341,-0.0266627,-0.999506,1
4997,0,423,518,3273,60,247,9518,3268,12786,-0.00617161,0.0406201,-0.999156,1
3209,0,220,254,2101,35,159,5978,2200,8178,-0.00970134,0.0383607,-0.999217,1
5330,0,334,383,3042,55,237,9381,4374,13755,-0.000861937,0.0453907,-0.998969,1
3725,0,182,225,1827,30,162,6151,2333,8484,-0.0118117,0.0593403,-0.998168,1
4698,0,179,267,1849,51,162,7206,5130,12336,-0.00721232,0.103462,-0.994607,1
4876,0,165,219,1745,39,130,7174,4305,11479,0.0313467,0.0598545,-0.997715,1
4358,0,213,213,1433,36,109,6362,4214,10576,0.0390105,0.0409437,-0.9984,1
2014,0,50,76,549,19,40,2748,1908,4656,0.0512214,-0.00562817,-0.998671,1
4295,0,156,196,1134,40,111,5932,3295,9227,0.0663068,0.0427383,-0.996884,1
4376,0,132,191,1322,74,105,6200,3526,9726,0.0487961,0.0238596,-0.998524,1
4634,0,188,252,1726,57,136,6993,2480,9473,0.0642753,-0.107911,-0.992081,1
4047,0,148,206,1458,44,138,6041,2185,8226,0.016224,-0.0859526,-0.996167,1
4815,0,198,283,2103,47,164,7610,2404,10014,0.055508,-0.0334552,-0.997898,1
4930,0,203,284,2400,36,190,8043,2467,10510,0.0466849,-0.0595168,-0.997135,1
3219,0,150,196,1701,23,128,5417,1751,7168,0.032553,-0.0293974,-0.999038,1
4808,0,238,328,2847,40,181,8442,2475,10917,0.0440732,-0.0433318,-0.998088,1
4771,0,403,443,2953,41,211,8822,2266,11088,0.0467999,-0.0394995,-0.998123,1
2839,0,147,195,1691,25,138,5035,1314,6349,0.0218114,0.0088731,-0.999723,1
5646,0,296,445,3385,44,194,10010,2473,12483,-0.00214638,0.0225794,-0.999743,1
4709,0,302,354,3224,46,246,8881,2454,11335,-0.0345072,-0.00635151,-0.999384,1
4700,0,285,388,3301,43,211,8928,2029,10957,-0.0176332,-0.0418951,-0.998966,1
3331,0,208,266,2484,29,157,6475,2035,8510,0.0251371,-0.0336326,-0.999118,1
5447,0,447,421,3887,71,293,10566,2155,12721,0.00923431,-0.0594022,-0.998191,1
3612,0,251,319,2826,48,188,7244,2736,9980,0.011394,-0.0293014,-0.999506,1
5211,0,364,524,4142,54,295,10590,2213,12803,0.011441,0.0930641,-0.995594,1
5119,0,418,357,2966,46,222,9128,1435,10563,-0.00406517,0.0567389,-0.998381,1
2443,0,188,220,1635,31,106,4623,829,5452,0.0223088,0.0125716,-0.999672,1
2379,0,135,205,1542,28,97,4386,805,5191,-0.00732703,-0.039932,-0.999176,1
5690,0,444,540,4262,59,334,11329,2308,13637,-0.0137018,0.0246397,-0.999602,1
5568,0,397,499,4147,47,292,10950,2589,13539,-0.0177274,-0.0214701,-0.999612,1
2951,0,202,247,2377,37,172,5986,1435,7421,-0.0140537,-0.114871,-0.993281,1
5297,0,312,395,3507,45,227,9783,2354,12137,-0.00968376,-0.0946551,-0.995463,1
3999,0,219,277,2496,40,159,7190,1876,9066,-0.0233452,-0.0915103,-0.99553,1
5384,0,484,607,4702,55,229,11461,2304,13765,-0.00329513,-0.0954148,-0.995432,1
3752,0,219,277,2437,29,186,6900,1896,8796,-0.0302839,-0.0728287,-0.996885,1
5235,0,368,444,4447,56,317,10867,3130,13997,-0.0203302,-0.0481279,-0.998634,1
3542,0,210,296,2302,50,152,6552,2661,9213,-0.0151087,-0.111856,-0.99361,1
5522,0,344,461,3899,50,246,10522,3672,14194,0.00482918,-0.000810285,-0.999988,1
4933,0,310,448,3598,66,235,9590,2555,12145,0.0120119,0.0232728,-0.999657,1
2658,0,204,243,2199,33,142,5479,2269,7748,-0.00470673,-0.0535849,-0.998552,1
3971,0,263,333,3024,38,202,7831,3075,10906,-0.00482428,-0.0588047,-0.998258,1
5566,0,344,459,3946,63,304,10682,3291,13973,-0.046632,0.0976246,-0.99413,1
3248,0,191,247,2059,23,130,5898,1133,7031,-0.0478982,0.0183547,-0.998684,1
1846,0,117,157,1187,18,75,3400,702,4102,-0.0400764,-0.0174559,-0.999044,1
1930,0,121,160,1368,19,91,3689,973,4662,-0.0481806,-0.0201814,-0.998635,1
4645,0,338,405,3487,48,245,9168,2290,11458,-0.0555868,0.00822737,-0.99842,1
5368,0,354,475,3793,70,230,10290,2532,12822,-0.0424571,0.126573,-0.991048,1
2892,0,195,278,1905,41,112,5423,1089,6512,-0.0455417,0.0772817,-0.995969,1
1606,0,112,155,1124,16,81,3094,692,3786,-0.0366449,0.0101202,-0.999277,1
1801,0,138,165,1352,20,99,3575,972,4547,-0.0295015,-0.00499972,-0.999552,1
4913,0,316,462,3762,55,270,9778,2234,12012,-0.0106514,0.0488263,-0.99875,1
4501,0,363,413,3402,53,244,8976,2277,11253,0.00565157,-0.0127064,-0.999903,1
3276,0,237,316,2408,28,186,6451,1918,8369,-0.0128661,0.0125014,-0.999839,1
4751,0,302,382,3510,59,219,9223,1948,11171,0.010035,0.0158344,-0.999824,1
4612,0,312,384,3468,56,218,9050,2465,11515,0.00235987,0.00649054,-0.999976,1
3434,0,211,327,2436,25,178,6611,1551,8162,-0.033278,0.0350029,-0.998833,1
4475,0,290,404,3834,48,214,9265,2146,11411,-0.0247319,0.0064793,-0.999673,1
4546,0,332,476,3465,74,257,9150,1722,10872,-0.0399915,0.0150458,-0.999087,1
3290,0,242,292,2353,64,165,6406,1510,7916,-0.0409766,-0.00484033,-0.999148,1
3175,0,238,298,2241,26,144,6122,1525,7647,-0.0459673,-0.0070518,-0.998918,1
4540,0,309,365,3200,50,233,8697,2121,10818,-0.0275986,-0.0135616,-0.999527,1
4775,0,289,396,3420,67,213,9160,2247,11407,-0.0291119,-0.0082705,-0.999542,1
4542,0,298,436,3391,44,262,8973,2328,11301,-0.050097,-0.00502071,-0.998732,1
3258,0,247,276,2365,53,225,6424,1571,7995,-0.0579109,-0.00341847,-0.998316,1
5041,0,396,477,3877,56,252,10099,2256,12355,-0.0204902,0.00847603,-0.999754,1
2795,0,191,257,2128,29,160,5560,1320,6880,-0.0385421,-0.0336332,-0.998691,1
4994,0,389,459,3769,66,282,9959,2400,12359,-0.0141821,-0.00696595,-0.999875,1
3472,0,281,334,2787,33,215,7122,1843,8965,-0.0341421,0.0020844,-0.999415,1
3412,0,282,320,2915,38,269,7236,1906,9142,-0.0244957,0.0387039,-0.99895,1
3390,0,218,336,2785,38,211,6978,2291,9269,-0.0432933,0.0587472,-0.997334,1
3198,0,206,323,2643,24,147,6541,1976,8517,-0.0343953,0.0361976,-0.998753,1
3258,0,204,267,2263,36,152,6180,2343,8523,-0.0187637,-0.0043781,-0.999814,1
5040,0,311,417,3451,40,253,9512,4020,13532,-0.00654954,0.0132846,-0.99989,1
3291,0,173,223,1938,29,130,5784,2919,8703,-0.00460898,0.0431373,-0.999059,1
5322,0,317,354,2834,44,207,9078,3788,12866,0.02682,-0.00291039,-0.999636,1
3445,0,146,233,1577,31,123,5555,2701,8256,0.0209342,0.0143486,-0.999678,1
4751,0,214,277,2069,37,162,7510,4321,11831,-0.00901574,0.0998892,-0.994958,1
5218,0,259,243,1904,68,155,7847,2494,10341,-0.0130062,0.06519,-0.997788,1
2553,0,71,118,779,25,65,3611,1663,5274,0.0112647,0.00859914,-0.9999,1
4799,0,121,221,1275,37,98,6551,3812,10363,-0.00229551,0.0472508,-0.99888,1
4646,0,153,204,1325,44,109,6481,2724,9205,0.0211625,0.0554572,-0.998237,1
3305,0,121,156,1069,27,89,4767,2013,6780,0.0105608,0.0261548,-0.999602,1
4721,0,212,260,1731,53,174,7151,2743,9894,0.0085712,0.0432648,-0.999027,1
3266,0,165,195,1391,29,137,5183,1910,7093,-0.00825402,0.0112277,-0.999903,1
5434,0,225,304,2042,38,162,8205,2460,10665,-0.0172367,0.0611089,-0.997982,1
3175,0,171,226,1766,23,127,5488,1684,7172,0.00355877,0.0263863,-0.999645,1
4161,0,207,308,2436,33,158,7303,2100,9403,-0.00247157,0.0174155,-0.999845,1
5266,0,375,493,3605,51,219,10009,2551,12560,-0.00419575,0.0359451,-0.999345,1
3635,0,209,281,2442,54,160,6781,1862,8643,-0.00532421,0.033159,-0.999436,1
5140,0,338,445,4112,67,332,10434,2745,13179,-0.0100191,0.0631843,-0.997952,1
3776,0,277,349,3238,33,227,7900,2069,9969,-0.00523085,0.0717378,-0.99741,1
5053,0,458,475,4393,56,274,10709,2949,13658,0.0808369,0.0163923,-0.996593,1
5731,0,387,486,4481,51,276,11412,2519,13931,0.0185709,0.0266844,-0.999471,1
6320,0,563,640,4543,45,242,12353,1964,14317,0.0259769,0.0301081,-0.999209,1
2655,0,194,253,2225,35,142,5504,1193,6697,-0.0190994,-0.0340431,-0.999238,1
6124,0,461,574,4799,60,368,12386,3266,15652,-0.041273,-0.0960085,-0.994524,1
3886,0,293,364,3191,57,218,8009,3306,11315,-0.0429581,-0.11664,-0.992245,1
3516,0,250,289,2938,59,178,7230,2189,9419,-0.0402471,-0.0836505,-0.995682,1
5843,0,436,486,4524,62,295,11646,2315,13961,-0.0272635,-0.0735068,-0.996922,1
5807,0,384,477,3052,40,221,9981,1879,11860,-0.0381564,-0.0684854,-0.996922,1
2988,0,223,261,2285,33,164,5954,1828,7782,-0.042039,-0.0327805,-0.998578,1
5724,0,406,480,4313,74,275,11272,5312,16584,-0.0723835,-0.0399039,-0.996578,1
3586,0,230,299,2680,53,171,7019,2716,9735,-0.0531302,-0.0503437,-0.997318,1
5783,0,403,504,4242,46,298,11276,3063,14339,-0.0378555,-0.035488,-0.998653,1
2962,0,244,268,2155,26,164,5819,2208,8027,-0.0480864,-0.130658,-0.990261,1
6236,0,426,525,4066,58,274,11585,3667,15252,-0.0174326,0.0931484,-0.9955,1
2887,0,225,260,1870,23,155,5420,1617,7037,-0.0235964,0.0411014,-0.998876,1
1633,0,105,140,1218,15,83,3194,716,3910,-0.0241698,-0.0352001,-0.999088,1
1746,0,107,141,1227,24,82,3327,987,4314,-0.0257876,-0.0240251,-0.999379,1
4770,0,283,375,3252,54,215,8949,2095,11044,-0.0242714,0.0690757,-0.997316,1
4940,0,311,412,3440,58,243,9404,2730,12134,-0.0364285,0.0855396,-0.995669,1
3371,0,208,283,2335,47,191,6435,1841,8276,-0.0372944,0.0596624,-0.997522,1
4778,0,269,393,3741,59,255,9495,2465,11960,-0.00727547,0.0825413,-0.996561,1
4373,0,270,345,2875,69,209,8141,2495,10636,-0.0163408,0.0962802,-0.99522,1
3073,0,220,281,2146,66,144,5930,2273,8203,-0.00458221,0.0751633,-0.997161,1
4850,0,359,422,3347,59,243,9280,4272,13552,-0.00976222,0.074367,-0.997183,1
4357,0,263,349,3045,64,201,8279,2019,10298,-0.0149487,0.0857071,-0.996208,1
2665,0,139,221,1602,72,110,4809,2274,7083,-0.0405921,0.0466516,-0.998086,1
4643,0,235,310,2908,78,193,8367,5494,13861,-0.0586691,0.134176,-0.989219,1
4273,0,233,318,2671,65,183,7743,3680,11423,-0.0630532,0.144695,-0.987465,1
2840,0,160,215,1791,56,123,5185,1528,6713,-0.00172246,0.0520624,-0.998642,1
4922,0,297,384,3260,53,220,9136,2285,11421,-0.0282626,0.0652375,-0.997469,1
5801,0,297,401,3275,49,238,10061,2078,12139,-0.0110582,0.0607836,-0.99809,1
2586,0,186,230,1768,20,127,4917,1793,6710,-0.0158006,0.013062,-0.99979,1
4493,0,247,349,2794,94,191,8168,2563,10731,-0.00620559,0.0248695,-0.999671,1
4597,0,296,393,3131,49,228,8694,2774,11468,0.0061462,0.016497,-0.999845,1
4746,0,364,407,3298,66,242,9123,2072,11195,-0.0265494,0.0889248,-0.995684,1
4828,0,332,442,4031,55,349,10037,2740,12777,-0.0221945,0.122359,-0.992238,1
2866,0,216,234,2090,29,133,5568,1733,7301,-0.0752789,0.151197,-0.985633,1
5065,0,301,394,3432,44,219,9455,3391,12846,-0.0200662,0.0599317,-0.998001,1
4532,0,271,419,3099,74,202,8597,2855,11452,-0.0234886,0.00909867,-0.999683,1
3225,0,205,315,2034,39,143,5961,1763,7724,-0.0161306,0.0128543,-0.999787,1
4413,0,252,334,2738,50,267,8054,3356,11410,0.00120303,-0.0203082,-0.999793,1
3322,0,188,253,1897,32,142,5834,2518,8352,-0.0175863,-0.0822868,-0.996454,1
3118,0,189,250,1828,23,135,5543,3096,8639,-0.00880921,-0.0868584,-0.996182,1
3210,0,186,229,1849,27,146,5647,1967,7614,0.00190442,-0.021406,-0.999769,1
3334,0,245,253,1901,29,135,5897,2739,8636,-0.0256996,-0.106598,-0.99397,1
3161,0,198,225,1791,27,125,5527,2132,7659,0.00367303,-0.0507134,-0.998706,1
3182,0,177,222,1737,25,127,5470,1996,7466,-0.00377646,-0.0643813,-0.997918,1
2500,0,147,171,1331,20,96,4265,2160,6425,0.00337864,-0.0559582,-0.998427,1
2608,0,136,169,1326,20,98,4357,2584,6941,0.0091807,-0.0283256,-0.999557,1
3072,0,161,198,1621,36,157,5245,3884,9129,0.0192712,-0.0177484,-0.999657,1
3186,0,155,196,1511,26,113,5187,3663,8850,0.0150557,-0.0203024,-0.999681,1
4030,0,199,248,1873,34,130,6514,4289,10803,0.0221532,0.0127941,-0.999673,1
5341,0,196,260,2075,51,150,8073,6231,14304,-0.00889589,-0.0018357,-0.999959,1
2624,0,139,151,1102,22,72,4110,4078,8188,-0.001801,0.0160804,-0.999869,1
3102,0,107,172,1238,29,89,4737,3205,7942,-0.0077814,-0.0185907,-0.999797,1
3744,0,126,201,1428,40,125,5664,4240,9904,-0.00322619,-0.0191837,-0.999811,1
2833,0,90,140,985,28,78,4154,2463,6617,-0.00582513,-0.0180182,-0.999821,1
4448,0,196,285,1586,36,127,6678,5833,12511,-0.00587392,-0.00780374,-0.999952,1
4465,0,172,230,1475,36,131,6509,3181,9690,0.00600436,-0.0278807,-0.999593,1
2409,0,84,113,860,27,68,3561,2443,6004,-0.00626908,-0.0500514,-0.998727,1
4449,0,145,200,1563,42,115,6514,3518,10032,-0.0217746,-0.0490443,-0.998559,1
3079,0,102,141,999,55,81,4457,3116,7573,0.00548767,-0.094694,-0.995491,1
4658,0,154,238,1526,41,113,6730,-1000,-1000,-1,-1,-1,1
1973,0,63,103,656,19,47,2861,-1000,-1000,-1,-1,-1,1
2232,0,72,96,816,19,58,3293,-1000,-1000,-1,-1,-1,1
3237,0,124,195,1420,59,96,5131,14557,19688,0.0336502,-0.0230871,-0.999167,1
4360,0,177,284,1993,36,137,6987,4728,11715,-0.0290308,0.0250033,-0.999266,1
2965,0,138,206,1521,30,111,4971,2707,7678,0.00612525,-0.219839,-0.975517,1
4695,0,220,376,2479,45,167,7982,2982,10964,0.00475951,-0.031901,-0.99948,1
4655,0,318,312,2797,51,175,8308,2658,10966,-0.0157917,-0.0423694,-0.998977,1
5084,0,321,418,2836,37,236,8932,2980,11912,-0.0194634,-0.0871602,-0.996004,1
3266,0,219,266,1984,28,154,5917,1866,7783,-0.0135885,-0.0449861,-0.998895,1
4939,0,256,334,2979,49,195,8752,3092,11844,-0.00768465,0.00999909,-0.99992,1
4868,0,411,459,3239,59,239,9275,3679,12954,0.014986,-0.00898618,-0.999847,1
5086,0,325,459,3672,67,276,9885,3005,12890,0.0150984,0.026841,-0.999526,1
4911,0,316,459,3631,57,311,9685,3310,12995,0.05135,-0.0422594,-0.997786,1
2737,0,200,243,2331,41,153,5705,1823,7528,0.0990565,-0.105213,-0.989504,1
5726,0,414,546,4970,56,307,12019,2405,14424,0.0610625,-0.0608175,-0.996279,1
6790,0,565,581,4614,76,216,12842,2233,15075,0.0148469,-0.0604105,-0.998063,1
2611,0,190,237,2099,41,135,5313,1487,6800,-0.0203434,-0.100871,-0.994692,1
6372,0,455,585,5318,78,393,13201,3086,16287,-0.0677858,-0.111771,-0.991419,1
4437,0,365,423,3563,28,190,9006,1917,10923,-0.054511,-0.103384,-0.993147,1
3155,0,256,320,2632,38,173,6574,1648,8222,-0.0704615,-0.109963,-0.991435,1
5744,0,414,543,4843,63,308,11915,2672,14587,-0.0402811,-0.104022,-0.993759,1
5521,0,452,554,4417,71,324,11339,3130,14469,-0.0325414,-0.10337,-0.994111,1
3674,0,269,349,2771,46,211,7320,1970,9290,-0.0386742,-0.143937,-0.988831,1
5400,0,427,491,3996,84,274,10672,2891,13563,-0.0535591,-0.0247087,-0.998259,1
5043,0,358,410,3374,47,225,9457,2673,12130,-0.0647956,-0.0474355,-0.99677,1
3599,0,233,286,2224,34,169,6545,2479,9024,-0.0663629,-0.0555256,-0.996249,1
5482,0,358,435,3669,53,275,10272,3183,13455,-0.0719793,-0.06318,-0.995403,1
3798,0,275,306,2544,42,186,7151,3742,10893,-0.0498428,0.00115853,-0.998756,1
3901,0,251,316,2546,47,205,7266,3334,10600,-0.0541844,-0.0377165,-0.997818,1
5470,0,376,469,3575,43,245,10178,4608,14786,-0.0292268,-0.0192298,-0.999388,1
5536,0,393,502,3798,40,265,10534,3351,13885,-0.0336356,-0.0240844,-0.999144,1
3505,0,216,249,1990,24,155,6139,1740,7879,-0.0507723,0.00260618,-0.998707,1
2783,0,212,241,1945,21,144,5346,1543,6889,-0.0547082,0.00135242,-0.998501,1
3245,0,193,297,2239,51,161,6186,1739,7925,-0.0373148,0.0742245,-0.996543,1
3955,0,241,310,2799,40,177,7522,1901,9423,-0.024396,0.109154,-0.993725,1
4327,0,314,368,2983,47,227,8266,2136,10402,-0.0227565,0.107215,-0.993975,1
4376,0,304,395,2959,37,221,8292,2300,10592,-0.0253369,0.0776651,-0.996657,1
4849,0,328,403,3164,43,253,9040,2777,11817,-0.0458431,0.0645711,-0.99686,1
3241,0,203,284,2081,54,137,6000,1880,7880,-0.0563114,0.0734109,-0.995711,1
4274,0,274,336,2539,74,207,7704,2912,10616,-0.0680029,0.147333,-0.986746,1
4731,0,276,361,2768,69,245,8450,2690,11140,-0.0787258,0.113319,-0.990435,1
4152,0,211,289,2388,59,161,7260,4705,11965,-0.0648417,0.0990812,-0.992964,1
4352,0,218,297,2351,36,182,7436,2629,10065,-0.0772431,0.0694291,-0.994592,1
4648,0,217,294,2368,44,168,7739,3459,11198,-0.0640181,0.0852275,-0.994303,1
4355,0,235,310,2573,88,183,7744,3581,11325,-0.0260679,0.0973459,-0.994909,1
4692,0,308,409,2895,60,232,8596,3447,12043,-0.0225202,0.0501096,-0.99849,1
3361,0,228,269,2203,47,167,6275,2265,8540,-0.0112991,0.0285147,-0.99953,1
5430,0,395,482,3616,61,301,10285,3473,13758,-0.00428561,0.014461,-0.999886,1
3859,0,313,374,3035,32,177,7790,4169,11959,0.028952,0.011933,-0.99951,1
2638,0,209,264,2009,44,136,5300,2870,8170,0.360681,0.483247,-0.797736,1
5321,0,333,436,3956,38,229,10313,4374,14687,0.370247,0.592284,-0.715624,1
3578,0,215,326,2500,30,155,6804,8925,15729,0.00950757,0.0414927,-0.999094,1
2177,0,120,154,1390,20,88,3949,1640,5589,-0.00829723,-0.0274652,-0.999588,1
2546,0,131,199,1505,20,96,4497,1872,6369,-0.0426602,-0.00675006,-0.999067,1
4791,0,273,311,2591,38,173,8177,4041,12218,-0.0395457,0.00172071,-0.999216,1
3469,0,181,238,1493,28,87,5496,3306,8802,-0.0648647,0.0136286,-0.997801,1
3236,0,102,135,1233,19,78,4803,3164,7967,-0.0567163,-0.0426955,-0.997477,1
5287,0,204,292,2123,38,154,8098,6285,14383,-0.0568748,0.00894279,-0.998341,1
2729,0,90,160,1001,19,68,4067,6045,10112,-0.0293156,-0.0325994,-0.999038,1
3388,0,97,154,1079,23,91,4832,3720,8552,-0.04037,-0.0387573,-0.998433,1
4145,0,136,187,1111,32,93,5704,7261,12965,-0.048547,-0.102662,-0.993531,1
2955,0,64,91,753,21,53,3937,2634,6571,-0.045024,-0.0279998,-0.998593,1
4920,0,113,164,1067,49,92,6405,3676,10081,-0.0504667,-0.0428474,-0.997806,1
3389,0,75,109,704,30,64,4371,3014,7385,-0.0235542,-0.0258435,-0.999388,1
5543,0,119,172,1154,47,100,7135,3829,10964,-0.0473067,-0.0293411,-0.998449,1
2981,0,82,118,802,35,82,4100,3015,7115,-0.0393851,-0.016732,-0.999084,1
4606,0,143,230,1499,59,157,6694,4564,11258,-0.0575748,-0.0102578,-0.998288,1
4371,0,143,198,1483,71,115,6381,3339,9720,-0.0637352,-0.00404164,-0.997959,1
3014,0,117,156,1190,72,95,4644,2249,6893,-0.0581065,-0.0123592,-0.998234,1
4782,0,201,274,2090,58,156,7561,3115,10676,-0.07081,-0.018801,-0.997313,1
4568,0,209,316,2334,105,188,7720,3250,10970,-0.0586468,-0.0113244,-0.998215,1
4075,0,180,277,2047,42,174,6795,2903,9698,-0.0437708,-0.000484335,-0.999041,1
3993,0,175,270,2086,110,164,6798,2605,9403,-0.0647286,0.00197472,-0.997901,1
4490,0,199,317,2427,66,192,7691,2357,10048,-0.071233,0.0129238,-0.997376,1
4076,0,191,294,2208,33,181,6983,2238,9221,-0.0406937,-0.0122853,-0.999096,1
4714,0,231,310,2611,41,179,8086,3030,11116,-0.041445,-0.00575161,-0.999124,1
4920,0,318,419,2962,51,224,8894,2802,11696,-0.0368712,-0.0278855,-0.998931,1
3405,0,285,288,2299,33,179,6489,2339,8828,-0.0315132,-0.0634778,-0.997486,1
5299,0,506,465,4120,65,267,10722,3892,14614,-0.0362245,-0.0549156,-0.997834,1
5204,0,374,488,4630,96,273,11065,2396,13461,-0.0456159,-0.0287005,-0.998547,1
3843,0,383,362,3179,49,213,8029,1930,9959,-0.0482725,-0.0283361,-0.998432,1
5683,0,606,812,4916,62,321,12400,3366,15766,-0.0349993,-0.0293058,-0.998958,1
5758,0,404,558,4579,47,342,11688,2485,14173,-0.0410688,-0.0526115,-0.99777,1
2988,0,215,329,2497,28,156,6213,1489,7702,-0.0465928,-0.0935765,-0.994521,1
6906,0,446,580,4532,57,325,12846,2668,15514,-0.0617253,-0.0667044,-0.995862,1
3933,0,276,324,2668,27,138,7366,1576,8942,-0.0624565,-0.13426,-0.988976,1
5080,0,333,507,3324,53,222,9519,2328,11847,-0.0839354,-0.110587,-0.990316,1
5036,0,334,388,3290,54,242,9344,2180,11524,-0.0891947,-0.133854,-0.986979,1
3543,0,238,275,2255,28,185,6524,2298,8822,-0.0784114,-0.127411,-0.988746,1
4920,0,362,395,3177,76,252,9182,2701,11883,-0.0539394,-0.0884227,-0.994622,1
5531,0,391,412,3720,49,239,10342,3314,13656,-0.090637,-0.106024,-0.990224,1
3808,0,216,285,2473,59,165,7006,4004,11010,-0.0638555,-0.120937,-0.990604,1
3799,0,220,326,2575,31,161,7112,3399,10511,-0.0510542,-0.0914439,-0.994501,1
3788,0,222,330,2626,32,161,7159,3398,10557,-0.042727,-0.0725112,-0.996452,1
5524,0,381,447,3840,45,343,10580,3184,13764,-0.0372115,-0.0933407,-0.994939,1
5353,0,365,471,3851,46,308,10394,5067,15461,-0.0567104,0.0663555,-0.996183,1
4741,0,235,323,2428,30,189,7946,2204,10150,-0.0571012,0.0552495,-0.996838,1
2077,0,155,172,1414,14,77,3909,933,4842,-0.0667684,-0.0224413,-0.997516,1
4555,0,260,389,3054,33,231,8522,2443,10965,-0.0737296,0.00622729,-0.997259,1
4911,0,305,385,3162,52,205,9020,2104,11124,-0.076273,0.0610521,-0.995216,1
4940,0,347,367,3007,41,227,8929,1967,10896,-0.0754774,0.0380048,-0.996423,1
3091,0,230,267,1962,29,131,5710,1753,7463,-0.0696209,0.0268804,-0.997211,1
4090,0,240,313,2363,55,169,7230,2259,9489,-0.0727183,0.0498351,-0.996107,1
4518,0,262,382,2533,65,218,7978,2279,10257,-0.0527172,0.0765785,-0.995669,1
4387,0,285,341,2642,57,205,7917,2961,10878,-0.0572865,0.0512182,-0.997043,1
5108,0,239,326,2430,184,187,8474,8182,16656,-0.0375719,0.0553124,-0.997762,1
1863,0,110,124,937,61,73,3168,6432,9600,0.444804,-0.109044,-0.888965,1
3212,0,138,171,1271,118,104,5014,6454,11468,0.189206,-0.474502,-0.85968,1
4480,0,172,235,1836,77,140,6940,8495,15435,0.0513128,-0.403031,-0.913747,1
2945,0,110,111,800,43,60,4069,2787,6856,-0.0122427,0.0638649,-0.997883,1
1668,0,58,80,605,34,46,2491,1469,3960,0.299259,0.0700601,-0.951596,1
4946,0,178,239,2174,96,160,7793,4340,12133,0.320192,0.0489292,-0.946088,1
4684,0,272,381,2457,75,242,8111,6186,14297,0.418738,0.294782,-0.858931,1
5151,0,237,396,2980,55,214,9033,4559,13592,0.418198,0.388399,-0.821131,1
2637,0,189,209,1591,27,127,4780,-1000,-1000,-1,-1,-1,1
2483,0,175,210,1663,32,128,4691,-1000,-1000,-1,-1,-1,1
2284,0,149,172,1534,19,98,4256,3763,8019,0.304128,0.571758,-0.76197,1
4594,0,324,367,3010,49,230,8574,-1000,-1000,-1,-1,-1,1
1700,0,93,119,908,14,65,2899,-1000,-1000,-1,-1,-1,1
1322,0,62,81,700,10,51,2226,1962,4188,-0.0851492,-0.0518693,-0.995017,1
4047,0,181,306,2110,34,136,6814,5315,12129,-0.0339415,-0.0447084,-0.998423,1
4665,0,187,290,2090,40,144,7416,6991,14407,-0.059846,-0.051991,-0.996853,1
3381,0,148,174,1432,24,96,5255,3536,8791,-0.0300149,-0.0412386,-0.998698,1
5206,0,177,271,2084,38,135,7911,6618,14529,-0.027736,-0.0204216,-0.999407,1
4797,0,172,239,2046,41,132,7427,3379,10806,-0.0424208,-0.0296183,-0.998661,1
3287,0,120,164,1386,24,101,5082,3693,8775,-0.0300601,-0.0781751,-0.996486,1
5594,0,240,286,2320,43,187,8670,3591,12261,-0.0221896,-0.0599927,-0.997952,1
5125,0,282,328,2423,46,202,8406,3001,11407,-1.35216e-05,-0.117915,-0.993024,1
2615,0,129,165,1113,35,76,4133,2414,6547,-0.0068227,-0.09623,-0.995336,1
4934,0,182,295,2187,44,150,7792,2930,10722,-0.0201983,-0.0860126,-0.996089,1
4874,0,172,230,1898,41,143,7358,4327,11685,-0.0282876,-0.0408987,-0.998763,1
4799,0,161,255,1789,39,157,7200,3675,10875,-0.0577532,-0.0269916,-0.997966,1
4722,0,163,283,1728,38,134,7068,3239,10307,-0.0616058,-0.0538987,-0.996644,1
3159,0,126,156,1132,38,95,4706,2365,7071,-0.0504264,-0.100919,-0.993616,1
3838,0,93,165,996,26,95,5213,2532,7745,-0.0390618,0.0151601,-0.999122,1
1633,0,45,70,490,24,37,2299,954,3253,-0.0564343,0.0131808,-0.998319,1
4264,0,136,243,1410,39,114,6206,2909,9115,-0.0244429,-0.026142,-0.999359,1
4358,0,165,211,1459,42,111,6346,2614,8960,0.024043,-0.0208307,-0.999494,1
4330,0,208,223,1838,34,114,6747,2663,9410,-0.0463712,0.120125,-0.991675,1
3674,0,200,214,1401,37,103,5629,1286,6915,-0.0459425,0.064779,-0.996841,1
2246,0,101,139,1089,19,72,3666,1249,4915,-0.0470119,-0.0225623,-0.998639,1
4760,0,369,390,2889,44,216,8668,3335,12003,-0.053855,-0.0395715,-0.997764,1
5014,0,373,438,3800,79,302,10006,2252,12258,-0.0468112,-0.0327232,-0.998368,1
3554,0,295,347,3246,53,250,7745,2063,9808,-0.0491591,-0.0844747,-0.995212,1
5033,0,383,495,4383,46,301,10641,2543,13184,-0.0378183,-0.0693085,-0.996878,1
4957,0,418,537,4797,61,322,11092,2587,13679,-0.0550884,-0.0697094,-0.996045,1
5227,0,469,600,5486,64,284,12130,1582,13712,-0.0373713,-0.0662497,-0.997103,1
3000,0,247,324,2801,27,208,6607,1429,8036,-0.0136179,-0.102184,-0.994672,1
6330,0,781,741,6101,53,430,14436,1642,16078,-0.0287204,-0.107921,-0.993745,1
3226,0,297,361,3211,29,189,7313,1539,8852,-0.00646662,-0.166501,-0.98602,1
5214,0,472,545,4588,46,296,11161,2198,13359,-0.0547597,-0.114402,-0.991924,1
5233,0,498,490,4222,52,313,10808,2277,13085,-0.0520924,-0.159877,-0.985762,1
3669,0,255,335,2778,35,174,7246,2060,9306,-0.0498629,-0.165494,-0.984949,1
5546,0,335,539,3944,39,262,10665,2548,13213,-0.0412512,-0.0835717,-0.995648,1
5049,0,346,443,3662,57,232,9789,3062,12851,-0.0520607,-0.110927,-0.992464,1
3572,0,240,284,2506,29,160,6791,3646,10437,-0.0358096,-0.0401134,-0.998553,1
5648,0,410,489,4169,89,306,11111,2997,14108,-0.042142,-0.0672305,-0.996847,1
2775,0,211,235,2032,36,140,5429,2707,8136,-0.0442348,-0.108586,-0.993102,1
5566,0,398,492,3980,66,297,10799,5236,16035,-0.0547862,-0.0992839,-0.99355,1
3526,0,244,294,2440,28,178,6710,2647,9357,-0.0575367,-0.0261376,-0.998001,1
4862,0,331,408,3144,36,246,9027,3192,12219,-0.0739154,0.0523294,-0.995891,1
4836,0,325,397,3113,40,251,8962,2489,11451,-0.0596201,0.0198666,-0.998023,1
4460,0,301,383,3006,67,271,8488,2136,10624,-0.0595942,0.0315151,-0.997725,1
3194,0,195,232,1723,35,129,5508,1853,7361,-0.0274792,0.036445,-0.998958,1
4309,0,327,434,2798,79,195,8142,3046,11188,-0.0330531,0.0607824,-0.997604,1
4290,0,203,334,2303,46,201,7377,2452,9829,-0.0344819,0.0709388,-0.996884,1
4801,0,200,351,2270,61,182,7865,3006,10871,-0.0257069,0.0904317,-0.995571,1
4220,0,218,259,2169,59,178,7103,3705,10808,-0.0590303,0.144342,-0.987766,1
4354,0,131,173,1439,36,99,6232,1961,8193,-0.0429649,0.132998,-0.990185,1
1867,0,85,129,974,22,68,3145,2111,5256,-0.107783,0.0524861,-0.992788,1
4484,0,268,356,2469,52,205,7834,3724,11558,-0.020787,0.0745256,-0.997002,1
4293,0,229,297,2588,48,232,7687,2838,10525,-0.0264535,0.0991709,-0.994719,1
3163,0,237,282,2281,33,155,6151,2645,8796,-0.10307,0.0836057,-0.991154,1
3359,0,229,290,2618,25,165,6686,2699,9385,-0.080811,0.0734548,-0.994019,1
4491,0,308,400,3485,34,251,8969,3977,12946,-0.0424908,0.0595332,-0.997322,1
4548,0,373,456,3820,37,279,9513,2972,12485,-0.0232943,0.0291066,-0.999305,1
3249,0,262,313,2708,26,191,6749,4959,11708,-0.0113657,0.0105075,-0.99988,1
5263,0,416,494,4178,44,302,10697,5102,15799,0.0545577,0.0402258,-0.9977,1
2757,0,208,244,1992,24,111,5336,1932,7268,0.0604483,-0.0568298,-0.996552,1
1897,0,138,159,1390,17,95,3696,1256,4952,-0.0175444,-0.104028,-0.99442,1
4734,0,344,448,3530,44,233,9333,3071,12404,-0.000505599,-0.0307076,-0.999528,1
4650,0,424,402,3636,51,328,9491,1942,11433,-0.0311701,-0.0996432,-0.994535,1
3362,0,238,299,2338,23,194,6454,2278,8732,-0.0354349,-0.0986633,-0.99449,1
3259,0,190,283,2232,22,175,6161,2889,9050,-0.037466,-0.0287831,-0.998883,1
5668,0,382,428,3422,53,265,10218,5070,15288,-0.0436828,-0.0625362,-0.997086,1
5366,0,305,389,3056,54,188,9358,5510,14868,-0.0289708,-0.0630085,-0.997592,1
4901,0,328,345,2783,35,211,8603,2703,11306,-0.0150884,-0.0328007,-0.999348,1
2736,0,127,169,1430,26,92,4580,2956,7536,-0.0214914,-0.061784,-0.997858,1
3215,0,136,218,1667,31,133,5400,4398,9798,-0.014188,-0.0134759,-0.999809,1
4012,0,175,218,1724,39,127,6295,2285,8580,-0.00788894,-0.0479194,-0.99882,1
5066,0,185,227,1646,49,126,7299,3202,10501,0.00497496,0.0392614,-0.999217,1
4023,0,99,194,885,48,87,5336,2927,8263,-0.0125455,0.0644867,-0.99784,1
2721,0,51,80,456,30,41,3379,1558,4937,0.00253494,-0.0767945,-0.997044,1
2005,0,52,73,474,23,42,2669,1349,4018,-0.0196414,-0.0668392,-0.99757,1
4379,0,110,156,1130,105,96,5976,3720,9696,-0.0344544,-0.0286755,-0.998995,1
4138,0,97,144,1000,39,83,5501,3978,9479,-0.00495522,-0.0864156,-0.996247,1
4290,0,156,182,1088,43,104,5863,3017,8880,-0.0166053,-0.0356802,-0.999225,1
4129,0,157,276,1751,43,118,6474,2142,8616,-0.0210191,-0.0388568,-0.999024,1
2637,0,110,134,848,23,83,3835,1595,5430,-0.0585606,-0.048829,-0.997089,1
3712,0,123,184,1564,96,123,5802,2296,8098,-0.0466195,-0.0327022,-0.998377,1
3855,0,168,212,1494,32,118,5879,2722,8601,-0.00844148,0.031788,-0.999459,1
3965,0,184,228,1610,39,113,6139,2331,8470,-0.00378183,-0.0430311,-0.999067,1
3883,0,164,257,1842,73,167,6386,2403,8789,-0.00919875,-0.0371701,-0.999267,1
4123,0,198,261,2138,40,159,6919,3020,9939,0.00279817,0.00838689,-0.999961,1
4303,0,256,353,2918,49,198,8077,4374,12451,-0.00684216,-0.01047,-0.999922,1
4705,0,328,415,3795,45,246,9534,3030,12564,-0.0516203,-0.0490687,-0.997461,1
5012,0,389,498,4468,67,313,10747,2908,13655,-0.0362611,-0.0265466,-0.99899,1
3747,0,349,418,3615,44,247,8420,2174,10594,-0.0711048,-0.0275155,-0.997089,1
5155,0,474,585,4995,68,350,11627,2161,13788,-0.0351566,-0.0652646,-0.997248,1
3853,0,346,437,3593,40,247,8516,1685,10201,-0.0514031,-0.0747052,-0.99588,1
3722,0,304,407,3724,41,233,8431,1771,10202,-0.0461749,-0.0567108,-0.997322,1
4702,0,398,491,4268,49,296,10204,2077,12281,-0.0426476,-0.0861238,-0.995371,1
4464,0,418,475,3871,57,284,9569,1879,11448,-0.0285537,-0.0982028,-0.994757,1
5923,0,412,524,4823,59,298,12039,1794,13833,-0.053145,-0.0945019,-0.994105,1
3013,0,213,287,2434,33,158,6138,1902,8040,-0.0481103,-0.148036,-0.987811,1
6037,0,393,506,4699,68,317,12020,4019,16039,-0.0254471,-0.0803812,-0.996439,1
5882,0,440,537,5260,62,274,12455,3186,15641,-0.0538775,-0.106911,-0.992808,1
2987,0,201,251,2343,27,144,5953,2209,8162,-0.0444887,-0.152481,-0.987305,1
4911,0,304,416,3582,71,229,9513,4122,13635,-0.0421621,-0.126055,-0.991127,1
5628,0,407,503,4319,50,266,11173,4044,15217,-0.0630291,-0.105605,-0.992409,1
3829,0,281,335,2955,36,204,7640,4732,12372,-0.0422992,-0.142795,-0.988848,1
3394,0,251,304,2542,39,158,6688,4315,11003,-0.0260166,-0.127732,-0.991467,1
4237,0,259,334,3117,36,198,8181,3691,11872,-0.0267415,-0.0888756,-0.995684,1
4198,0,240,306,2740,36,198,7718,2555,10273,-0.0417294,-0.0647227,-0.99703,1
4117,0,220,312,2544,37,164,7394,2470,9864,-0.0533056,-0.00750659,-0.99855,1
4522,0,304,389,2900,60,216,8391,2782,11173,-0.0755307,-0.0129647,-0.997059,1
4414,0,223,299,2563,55,175,7729,2578,10307,-0.0707473,-0.035804,-0.996851,1
3797,0,191,289,2083,49,147,6556,2549,9105,-0.0330688,-0.0029663,-0.999449,1
3849,0,176,273,2000,49,140,6487,2357,8844,-0.0307476,0.00452363,-0.999517,1
4190,0,189,281,2245,50,153,7108,2685,9793,-0.0247361,0.0681164,-0.997371,1
4268,0,187,249,2076,109,274,7163,3041,10204,-0.031849,0.0675477,-0.997208,1
4107,0,263,290,2016,43,182,6901,3505,10406,-8.85786e-05,0.173408,-0.98485,1
4570,0,188,263,1950,66,178,7215,2924,10139,0.000318995,0.162312,-0.986739,1
2849,0,121,207,1282,27,85,4571,1711,6282,-0.000652261,0.0582868,-0.9983,1
2144,0,98,119,847,35,75,3318,1941,5259,-0.00686697,0.0838556,-0.996454,1
4378,0,199,263,2282,92,181,7395,8019,15414,-0.0404953,0.123642,-0.9915,1
3053,0,175,237,1691,57,143,5356,2881,8237,-0.00556882,0.121028,-0.992633,1
3191,0,245,287,2067,34,170,5994,6792,12786,-0.0647837,0.0874387,-0.994061,1
3527,0,244,306,2456,67,181,6781,3874,10655,-0.0489188,0.0708706,-0.996285,1
4046,0,233,320,2655,35,186,7475,3024,10499,-0.0612518,0.0290425,-0.9977,1
3596,0,283,365,2924,45,199,7412,3662,11074,-0.0432395,0.0248326,-0.998756,1
5891,0,464,571,4627,61,330,11944,4359,16303,-0.0479057,0.0188281,-0.998674,1
2963,0,219,270,2394,42,172,6060,3924,9984,-0.0168381,0.0285151,-0.999452,1
3332,0,205,260,2415,40,159,6411,3611,10022,-0.0398654,0.0590912,-0.997456,1
3296,0,177,248,2037,35,134,5927,1907,7834,-0.0315666,0.0509093,-0.998204,1
5660,0,238,349,2633,51,195,9126,3104,12230,-0.00458113,0.0313853,-0.999497,1
5079,0,277,392,2623,55,150,8576,2700,11276,-0.000689531,0.0247379,-0.999694,1
3490,0,103,178,1170,30,85,5056,2217,7273,0.0261249,-0.0129379,-0.999575,1
3353,0,94,132,1050,41,86,4756,2020,6776,-0.0138398,-0.0298655,-0.999458,1
4669,0,152,295,1659,48,116,6939,2488,9427,-0.00184552,-0.00972374,-0.999951,1
4437,0,137,206,1657,46,115,6598,3412,10010,-0.0229414,-0.0198206,-0.99954,1
4458,0,140,223,1637,48,114,6620,3715,10335,-0.0161336,-0.0337989,-0.999298,1
3110,0,92,131,983,33,79,4428,3525,7953,-0.00764413,-0.0630208,-0.997983,1
4354,0,127,179,1376,49,101,6186,3046,9232,0.0111113,-0.0859006,-0.996242,1
2285,0,69,124,706,30,51,3265,1889,5154,-0.0143957,-0.0696222,-0.99747,1
4209,0,123,183,1600,83,105,6303,14415,20718,0.0211307,-0.0549228,-0.998267,1
4104,0,117,184,1232,64,116,5817,-1000,-1000,-1,-1,-1,1
1466,0,42,57,380,43,33,2021,-1000,-1000,-1,-1,-1,1
1621,0,41,61,414,31,46,2214,-1000,-1000,-1,-1,-1,1
3657,0,86,127,795,89,76,4830,-1000,-1000,-1,-1,-1,1
2566,0,61,98,522,47,51,3345,-1000,-1000,-1,-1,-1,1
2351,0,53,73,460,34,42,3013,-1000,-1000,-1,-1,-1,1
2920,0,66,96,702,57,64,3905,-1000,-1000,-1,-1,-1,1
4053,0,113,167,1054,78,96,5561,-1000,-1000,-1,-1,-1,1
1617,0,51,85,546,25,45,2369,-1000,-1000,-1,-1,-1,1
894,0,31,61,368,15,24,1393,854,2247,-0.0316905,-0.103617,-0.994112,1
1442,0,51,71,494,23,40,2121,1235,3356,0.0103105,-0.11589,-0.993208,1
4014,0,147,211,1523,49,143,6087,3690,9777,0.0372569,0.0016727,-0.999304,1
3978,0,155,214,1528,39,115,6029,2889,8918,-0.0154433,-0.0652584,-0.997749,1
4013,0,170,245,1503,39,116,6086,2696,8782,-0.0264094,-0.0780405,-0.9966,1
3976,0,154,258,1727,39,143,6297,2068,8365,-0.0178106,-0.0714993,-0.997282,1
4169,0,178,297,2002,43,151,6840,2816,9656,-0.0129399,-0.0841313,-0.996371,1
4255,0,233,331,2481,38,179,7517,2950,10467,-0.00124689,-0.0155352,-0.999879,1
4437,0,270,379,2857,60,230,8233,2559,10792,-0.0450194,-0.0295011,-0.99855,1
2236,0,121,157,1288,27,86,3915,1494,5409,-0.0230457,-0.0515756,-0.998403,1
2036,0,161,179,1510,23,115,4024,1860,5884,-0.00512378,-0.0667423,-0.997757,1
4252,0,338,427,3353,57,256,8683,3298,11981,-0.0403278,-0.00677291,-0.999164,1
4495,0,332,438,3734,55,253,9307,4288,13595,-0.0369081,-0.034874,-0.99871,1
4602,0,375,495,4244,73,281,10070,5288,15358,0.00872457,0.0406703,-0.999135,1
3419,0,328,414,3367,71,230,7829,2966,10795,0.131758,-0.0269183,-0.990916,1
3684,0,314,393,3483,30,224,8128,3503,11631,0.12248,-0.0425427,-0.991559,1
5975,0,543,642,5630,46,344,13180,5452,18632,0.0372421,-0.0617688,-0.997395,1
2920,0,255,334,2847,33,181,6570,3212,9782,0.0937225,-0.0684823,-0.99324,1
4709,0,413,553,4360,51,300,10386,5132,15518,-0.0104367,-0.105473,-0.994367,1
3439,0,331,389,3361,37,221,7778,3752,11530,-0.0343439,-0.117466,-0.992483,1
3354,0,327,412,3751,42,245,8131,3125,11256,-0.0352448,-0.0784591,-0.996294,1
6980,0,551,677,5476,57,360,14101,2936,17037,-0.0463841,-0.0599097,-0.997126,1
3934,0,341,412,3552,51,251,8541,2186,10727,-0.0374328,-0.0950634,-0.994767,1
4602,0,324,394,3381,38,231,8970,2583,11553,-0.0166084,-0.0820968,-0.996486,1
4993,0,548,680,5217,59,269,11766,2095,13861,-0.0415214,-0.0777384,-0.996109,1
5602,0,347,488,3931,66,260,10694,3147,13841,-0.0306003,-0.107451,-0.993739,1
4119,0,235,317,2713,52,178,7614,2667,10281,-0.0203215,-0.129222,-0.991407,1
4778,0,287,421,3195,47,219,8947,3859,12806,-0.031946,-0.102543,-0.994215,1
3091,0,197,317,2275,43,131,6054,2423,8477,0.011916,-0.0857664,-0.996244,1
4975,0,330,478,3680,57,246,9766,5348,15114,-0.0369439,-0.0488895,-0.998121,1
3560,0,250,327,2650,30,168,6985,2911,9896,-0.0359773,-0.0143604,-0.999249,1
5411,0,390,483,4076,53,273,10686,5330,16016,-0.0370273,0.0430496,-0.998387,1
2920,0,214,239,2024,38,151,5586,1867,7453,-0.0817511,-0.0132408,-0.996565,1
4852,0,411,388,3250,48,244,9193,3274,12467,-0.0408628,-0.031077,-0.998681,1
4298,0,289,335,2807,34,219,7982,3565,11547,-0.0506688,-0.0231174,-0.998448,1
4718,0,305,420,2932,60,225,8660,3578,12238,-0.0254834,-0.0177545,-0.999518,1
4025,0,261,314,2375,70,195,7240,4978,12218,-0.0465124,-0.011777,-0.998848,1
3541,0,174,233,2002,61,147,6158,3747,9905,-0.0584322,-0.034085,-0.997709,1
3615,0,245,277,1851,58,144,6190,4557,10747,-0.053736,-0.0469146,-0.997452,1
4269,0,195,259,2383,76,221,7403,3876,11279,-0.0563443,-0.0450306,-0.997395,1
4165,0,176,225,1832,66,162,6626,3952,10578,-0.0108382,-0.0490859,-0.998736,1
2665,0,123,165,1285,48,98,4384,2311,6695,-0.0361461,-0.11851,-0.992295,1
4125,0,182,291,2073,109,164,6944,4747,11691,0.0176393,-0.0294944,-0.999409,1
4159,0,172,234,1934,58,139,6696,3646,10342,-0.0237,-0.0143824,-0.999616,1
4042,0,185,309,1936,103,170,6745,4223,10968,-0.0574952,0.0128265,-0.998263,1
4262,0,205,265,1972,54,169,6927,4661,11588,0.00362828,0.00389821,-0.999986,1
3999,0,235,311,1865,77,132,6619,3127,9746,-0.0415958,0.0326311,-0.998602,1
3774,0,150,204,1633,44,124,5929,3461,9390,-0.044287,0.0172705,-0.99887,1
3721,0,228,304,1863,61,117,6294,4222,10516,-0.026244,0.0407004,-0.998827,1
4024,0,157,265,1774,61,127,6408,6960,13368,-0.0424963,0.152678,-0.987362,1
4080,0,172,280,1900,70,120,6622,7944,14566,-0.0646351,0.145956,-0.987177,1
3068,0,197,244,1545,45,119,5218,5044,10262,-0.0588522,0.120893,-0.990919,1
4452,0,242,307,2496,88,179,7764,6936,14700,-0.0407472,0.127428,-0.99101,1
3223,0,214,254,2026,53,170,5940,6980,12920,-0.0768409,-0.0042004,-0.997035,1
5001,0,349,424,3391,73,264,9502,15631,25133,0.213309,-0.500373,-0.839123,1
2112,0,140,171,1350,28,109,3910,2403,6313,0.0264877,0.577686,-0.81583,1
2247,0,247,257,1878,37,134,4800,4471,9271,0.00644436,0.505081,-0.863048,1
5895,0,381,482,4429,81,249,11517,11528,23045,0.0247305,0.548567,-0.835741,1
2257,0,151,193,1755,24,109,4489,9298,13787,-0.291101,0.542974,-0.78768,1
1845,0,121,153,1428,21,86,3654,7064,10718,-0.0273654,0.0104581,-0.999571,1
3440,0,262,313,2669,30,170,6884,3129,10013,0.00171213,-0.046323,-0.998925,1
4993,0,431,439,4056,49,296,10264,5073,15337,-0.0116575,-0.00513528,-0.999919,1
3383,0,277,349,2759,41,222,7031,1874,8905,0.00493327,-0.0178957,-0.999828,1
4362,0,278,335,2901,38,206,8120,4552,12672,0.0106191,0.00735753,-0.999917,1
3431,0,234,290,2458,24,153,6590,4098,10688,0.00418696,0.0202093,-0.999787,1
5615,0,470,475,3816,39,201,10616,5920,16536,-0.0102947,0.0435629,-0.998998,1
4710,0,428,508,4076,64,262,10048,2661,12709,0.00656608,0.0661223,-0.99779,1
4973,0,240,496,2303,26,131,8169,2784,10953,-0.0182928,0.0739561,-0.997094,1
5094,0,208,265,2401,51,152,8171,4271,12442,-0.0225937,0.0945779,-0.995261,1
3858,0,109,163,1184,45,85,5444,2612,8056,-0.0209635,0.0492469,-0.998567,1
1983,0,59,78,573,13,38,2744,1587,4331,0.00458263,-0.00228984,-0.999987,1
1976,0,55,62,442,16,34,2585,1901,4486,-0.00318032,-0.0315314,-0.999498,1
4262,0,65,107,622,38,58,5152,3515,8667,0.0122072,0.0154223,-0.999807,1
4346,0,85,115,592,65,71,5274,4091,9365,0.0173445,0.00385624,-0.999842,1
4055,0,72,99,530,35,48,4839,4152,8991,-0.000786586,-0.0429961,-0.999075,1
3642,0,41,77,458,45,50,4313,3699,8012,0.0199857,-0.0320687,-0.999286,1
3678,0,39,76,363,32,39,4227,3871,8098,0.0101191,-0.0451061,-0.998931,1
3341,0,38,62,375,32,37,3885,3343,7228,0.0213232,-0.0566646,-0.998166,1
4443,0,48,85,557,36,61,5230,3368,8598,0.00977535,-0.0128874,-0.999869,1
4072,0,53,95,571,36,55,4882,3446,8328,-0.0152272,-0.0380732,-0.999159,1
3985,0,78,134,602,43,70,4912,2463,7375,0.0003258,-0.0190246,-0.999819,1
3941,0,102,156,865,70,82,5216,2875,8091,-0.0212864,0.0224545,-0.999521,1
4116,0,121,160,1130,44,85,5656,2326,7982,-0.0394526,-0.0185904,-0.999048,1
4120,0,172,212,1410,40,110,6064,2503,8567,-0.0146105,0.019197,-0.999709,1
4347,0,217,258,2567,50,168,7607,2883,10490,-0.0449701,0.0204935,-0.998778,1
4570,0,241,323,2604,58,178,7974,2816,10790,-0.0232048,0.0419941,-0.998848,1
5063,0,356,426,3629,56,222,9752,2653,12405,-0.0169047,0.0342893,-0.999269,1
4908,0,396,742,4180,64,277,10567,2183,12750,0.0167867,0.0399825,-0.999059,1
3640,0,300,394,3550,47,231,8162,2014,10176,0.005701,-0.00412768,-0.999975,1
5813,0,541,684,6414,56,372,13880,3844,17724,0.0439124,0.0464747,-0.997954,1
6073,0,536,667,4974,60,263,12573,1844,14417,0.0699578,0.039323,-0.996775,1
2972,0,292,355,2936,48,214,6817,1620,8437,0.0543502,0.019052,-0.99834,1
5548,0,507,648,5147,57,372,12279,2109,14388,0.0355042,0.0531067,-0.997957,1
4040,0,376,447,3727,39,263,8892,1666,10558,0.024615,-0.0247644,-0.99939,1
6027,0,537,703,5401,78,405,13151,2013,15164,0.0195519,-0.0118573,-0.999739,1
6365,0,439,556,5040,54,316,12770,1953,14723,-0.0127453,-0.0227311,-0.99966,1
3069,0,213,284,2366,27,153,6112,1304,7416,-0.0223781,-0.0475414,-0.998619,1
5192,0,384,446,3707,49,248,10026,2622,12648,-0.00435114,-0.0478354,-0.998846,1
5937,0,404,425,3413,54,225,10458,2883,13341,-0.00773876,-0.0406494,-0.999144,1
3575,0,205,298,2331,34,179,6622,2642,9264,-0.0159089,-0.0601844,-0.99806,1
4456,0,258,339,2744,37,184,8018,3096,11114,-0.00849195,0.0145855,-0.999858,1
4588,0,308,339,2732,45,173,8185,4465,12650,-0.0153268,0.00941272,-0.999838,1
4801,0,357,413,2725,49,182,8527,3866,12393,-0.0218578,-0.0476371,-0.998626,1
3432,0,229,280,1881,36,143,6001,4916,10917,0.020694,0.0663422,-0.997582,1
4823,0,298,384,2698,44,208,8455,5898,14353,-0.00803955,0.0802568,-0.996742,1
4009,0,254,312,2222,65,208,7070,4082,11152,-0.0304259,0.137324,-0.990059,1
3831,0,229,275,2009,56,170,6570,2818,9388,-0.0303139,0.16329,-0.986112,1
3852,0,236,249,1957,37,182,6513,3621,10134,-0.0240635,0.188647,-0.98175,1
3653,0,162,263,1846,40,130,6094,3102,9196,-0.0172542,0.18227,-0.983097,1
4107,0,179,289,2013,55,140,6783,3187,9970,-0.00348338,0.216389,-0.976301,1
4122,0,198,312,1919,39,140,6730,2947,9677,-0.0258641,0.164443,-0.986047,1
3864,0,201,262,1749,39,146,6261,3118,9379,0.0187567,0.210448,-0.977425,1
3764,0,160,213,1752,37,126,6052,3461,9513,0.00538327,0.173687,-0.984786,1
4172,0,184,261,2017,49,145,6828,5012,11840,0.0399833,0.230534,-0.972242,1
4283,0,199,356,2197,50,155,7240,3260,10500,-0.012619,0.170611,-0.985258,1
4259,0,220,279,2329,57,197,7341,5185,12526,0.0180685,0.183658,-0.982824,1
4291,0,223,348,2555,58,172,7647,3630,11277,-0.00942002,0.072858,-0.997298,1
3948,0,206,318,2359,68,156,7055,4171,11226,0.0080738,0.0931134,-0.995623,1
3889,0,221,309,2679,120,172,7390,4002,11392,0.0586242,0.106919,-0.992538,1
3872,0,210,330,2480,58,181,7131,3867,10998,0.0584132,0.0952815,-0.993735,1
3909,0,217,325,2644,81,219,7395,4292,11687,0.0192571,0.0477469,-0.998674,1
3956,0,233,320,2452,60,211,7232,3296,10528,-0.0142238,0.0776391,-0.99688,1
2763,0,148,196,1658,34,110,4909,2860,7769,0.0168293,0.0808,-0.996588,1
4408,0,287,338,2651,102,190,7976,5927,13903,0.048884,0.126999,-0.990697,1
4379,0,258,296,2331,51,180,7495,3847,11342,0.0306816,0.0593589,-0.997765,1
4477,0,306,348,2834,69,215,8249,4224,12473,0.0167896,0.125094,-0.992003,1
4507,0,261,353,2766,89,215,8191,3861,12052,0.0476222,0.167088,-0.984791,1
3137,0,197,265,1997,37,157,5790,3004,8794,0.0401642,0.150076,-0.987858,1
4792,0,327,395,3206,55,206,8981,4224,13205,0.0475949,0.170588,-0.984192,1
4455,0,308,400,3335,47,213,8758,2528,11286,0.0740351,0.125507,-0.989326,1
4287,0,356,426,3484,38,268,8859,2251,11110,0.0477984,0.103313,-0.9935,1
4876,0,478,474,4009,60,272,10169,2456,12625,0.0650476,0.0915334,-0.993675,1
4355,0,328,432,3761,51,257,9184,2723,11907,0.0556006,0.118887,-0.99135,1
4415,0,326,433,3589,57,258,9078,2280,11358,0.0317504,0.0904254,-0.995397,1
4646,0,403,461,3716,47,279,9552,2534,12086,0.0350863,0.0621381,-0.997451,1
4478,0,346,455,4011,59,364,9713,1858,11571,0.0208755,0.0635082,-0.997763,1
2482,0,211,249,1970,20,165,5097,1404,6501,0.0363057,0.0495425,-0.998112,1
4882,0,382,467,4051,58,312,10152,2858,13010,-0.0252854,0.0257582,-0.999348,1
4931,0,465,524,4101,29,182,10232,2069,12301,0.00495154,0.00506349,-0.999975,1
2663,0,219,278,2096,38,158,5452,1453,6905,-0.0017491,0.0147718,-0.999889,1
4946,0,411,548,3834,84,264,10087,2263,12350,0.00922261,0.0202095,-0.999753,1
4488,0,376,456,3625,44,238,9227,2766,11993,-0.00414595,-0.0106456,-0.999935,1
3178,0,266,325,2534,31,169,6503,1818,8321,0.0164772,0.0111128,-0.999802,1
4363,0,392,595,3564,52,238,9204,3001,12205,0.00206937,0.0448392,-0.998992,1
4380,0,401,464,3551,45,237,9078,2489,11567,0.0316691,-0.0123892,-0.999422,1
4459,0,365,429,3654,56,272,9235,2640,11875,0.00643449,0.0171415,-0.999832,1
4409,0,379,432,3627,51,277,9175,2236,11411,0.0129459,0.0134915,-0.999825,1
3964,0,358,406,3202,60,249,8239,2296,10535,-0.00513931,0.031756,-0.999482,1
4884,0,418,568,4329,61,356,10616,2863,13479,0.000792956,0.0270442,-0.999634,1
4948,0,430,500,3959,60,300,10197,1942,12139,0.00377239,0.0337541,-0.999423,1
3397,0,307,341,2715,45,205,7010,2107,9117,-0.0167402,0.0108334,-0.999801,1
4378,0,381,444,3583,54,238,9078,2808,11886,0.00454732,0.0201842,-0.999786,1
4895,0,363,474,4064,65,297,10158,2137,12295,-0.0020806,0.0300213,-0.999547,1
4935,0,369,504,4270,69,284,10431,3154,13585,0.0151716,0.0255093,-0.999559,1
5032,0,450,516,3740,60,244,10042,1762,11804,0.0120229,-0.00376271,-0.999921,1
2421,0,213,249,1945,33,153,5014,1533,6547,-0.00050649,0.0326403,-0.999467,1
4869,0,404,508,3855,63,259,9958,2967,12925,-0.00381258,0.0171162,-0.999846,1
4907,0,479,530,4135,53,332,10436,2145,12581,-0.00305107,0.0118083,-0.999926,1
4417,0,367,453,3687,49,290,9263,2656,11919,0.016496,-0.00384597,-0.999857,1
5099,0,411,515,3926,46,310,10307,2846,13153,0.00496883,0.0193135,-0.999801,1
4850,0,353,540,4045,52,295,10135,2869,13004,-0.00324683,0.0225663,-0.99974,1
4927,0,413,495,3882,47,315,10079,3001,13080,0.00233676,0.0401891,-0.999189,1
4919,0,418,516,4044,48,294,10239,2408,12647,0.0199771,0.0144537,-0.999696,1
3070,0,231,289,2515,25,170,6300,1825,8125,0.00353744,0.00114963,-0.999993,1
4434,0,324,445,3684,36,268,9191,2412,11603,0.0106639,0.0124285,-0.999866,1
4498,0,341,474,3858,34,208,9413,1687,11100,0.0021292,0.0346964,-0.999396,1
2454,0,202,265,2007,22,151,5101,1375,6476,0.0210651,0.0198802,-0.99958,1
4527,0,418,440,3887,38,285,9595,2586,12181,-0.0114408,0.0124929,-0.999857,1
4636,0,393,475,3691,38,281,9514,1783,11297,0.000790045,-0.000417201,-1,1
3938,0,388,440,3405,57,235,8463,2547,11010,-0.0101862,0.00471072,-0.999937,1
3979,0,346,409,3247,33,223,8237,2164,10401,0.025349,0.0157717,-0.999554,1
4929,0,442,484,4157,40,292,10344,2655,12999,-0.00516409,0.0137586,-0.999892,1
3371,0,283,332,2755,31,216,6988,1727,8715,0.000831615,0.011453,-0.999934,1
4627,0,413,511,4259,47,326,10183,2532,12715,-0.00144946,0.0190213,-0.999818,1
4514,0,415,497,4023,45,304,9798,2543,12341,-0.00338482,0.0124129,-0.999917,1
3111,0,259,303,2493,34,184,6384,1794,8178,0.00154135,-0.00062923,-0.999999,1
4966,0,356,462,3971,47,265,10067,2827,12894,0.00610709,0.0221269,-0.999737,1
4908,0,317,488,3829,42,250,9834,1765,11599,-0.00986846,0.0043217,-0.999942,1
3072,0,332,453,3215,49,314,7435,2395,9830,-0.000551427,0.0305677,-0.999533,1
4609,0,343,513,3891,43,272,9671,2419,12090,-0.0133807,0.0243501,-0.999614,1
4465,0,347,439,3616,34,260,9161,1949,11110,-0.0262963,0.0207434,-0.999439,1
3467,0,354,325,2612,37,216,7011,1682,8693,-0.0104977,0.0143253,-0.999842,1
3183,0,238,316,2558,24,178,6497,1756,8253,0.00925193,0.0139124,-0.99986,1
5018,0,484,519,3822,51,276,10170,3127,13297,-0.0163138,0.0220186,-0.999624,1
4792,0,356,515,3870,41,240,9814,3429,13243,-0.000197748,0.0231845,-0.999731,1
3723,0,231,305,2498,33,173,6963,1678,8641,0.0289702,0.0147387,-0.999472,1
4932,0,361,513,3924,66,271,10067,2674,12741,0.00854087,0.00651066,-0.999942,1
4977,0,369,518,4124,56,298,10342,1997,12339,0.00579289,0.0124513,-0.999906,1
2537,0,218,260,2073,29,166,5283,1547,6830,-0.00926481,0.0385501,-0.999214,1
3161,0,257,319,2495,31,185,6448,1917,8365,0.00653589,0.0100076,-0.999929,1
4033,0,291,381,3261,56,223,8245,2456,10701,-0.00418979,-0.0060923,-0.999973,1
5098,0,427,496,3818,53,244,10136,2797,12933,0.00587583,0.00374196,-0.999976,1
4913,0,471,494,3974,47,309,10208,3023,13231,0.00423284,0.0151714,-0.999876,1
4729,0,384,578,3507,53,231,9482,1952,11434,-0.00913752,0.00390427,-0.999951,1
1958,0,145,173,1388,15,101,3780,876,4656,-0.0121167,0.0143915,-0.999823,1
1271,0,94,117,981,12,76,2551,685,3236,0.0117678,-0.00731649,-0.999904,1
3294,0,356,442,3347,33,268,7740,2103,9843,-0.0173379,0.0205351,-0.999639,1
4865,0,486,510,4044,44,317,10266,3345,13611,-0.0121759,0.0493104,-0.998709,1
4878,0,411,537,3945,51,304,10126,2297,12423,-0.00499055,0.00936046,-0.999944,1
3381,0,288,358,2734,26,259,7046,2137,9183,0.020297,0.00944602,-0.999749,1
4443,0,380,473,3553,39,268,9156,2827,11983,-0.0142441,0.0282477,-0.999499,1
4916,0,409,549,3930,43,234,10081,2738,12819,-0.0165524,0.0455782,-0.998824,1
4525,0,320,412,3496,50,232,9035,2668,11703,0.00505818,0.0206995,-0.999773,1
4367,0,377,452,3566,40,240,9042,2747,11789,0.0102672,0.0206688,-0.999734,1
4785,0,376,459,3598,35,294,9547,2549,12096,0.00799045,-0.00564564,-0.999952,1
3143,0,266,315,2503,29,207,6463,1843,8306,0.0145177,0.00853908,-0.999858,1
5071,0,356,459,3874,41,267,10068,3279,13347,-9.93068e-05,-0.0153346,-0.999882,1
3101,0,229,297,2575,26,172,6400,1815,8215,-0.00991559,0.0139374,-0.999854,1
4553,0,322,565,3637,40,238,9355,2783,12138,0.0151227,-0.00310988,-0.999881,1
4462,0,371,436,3630,38,267,9204,2180,11384,0.0201037,0.00304283,-0.999793,1
4726,0,367,435,3451,38,271,9288,2538,11826,0.0284223,0.00167701,-0.999595,1
4446,0,371,435,3563,40,269,9124,2749,11873,-0.00195686,-0.00820909,-0.999964,1
4864,0,354,448,3813,38,256,9773,2467,12240,-0.00761178,0.00743366,-0.999943,1
4502,0,319,408,3875,42,264,9410,2620,12030,-0.00679215,0.00920958,-0.999935,1
3150,0,396,361,2512,29,190,6638,2099,8737,-0.00164576,0.0256155,-0.999671,1
4036,0,333,392,3343,44,254,8402,2521,10923,0.012918,-0.00436252,-0.999907,1
4561,0,373,449,3702,41,238,9364,2427,11791,-0.0104338,0.0151155,-0.999831,1
4371,0,415,473,3635,42,286,9222,1830,11052,0.00225303,0.0311865,-0.999511,1
4185,0,230,400,2598,30,168,7611,1473,9084,0.0142503,0.00755156,-0.99987,2
4388,0,372,468,3515,33,270,9046,2523,11569,-0.0126651,0.00828792,-0.999885,2
5044,0,465,548,3957,42,317,10373,2634,13007,-0.00274407,-0.00983949,-0.999948,2
4558,0,322,421,3786,38,237,9362,1808,11170,-0.00132967,0.00957654,-0.999953,2
3310,0,258,327,2911,39,179,7024,1860,8884,0.00710233,0.0111412,-0.999913,2
4395,0,327,427,3540,72,295,9056,2686,11742,-0.00302847,-0.00636319,-0.999975,2
4417,0,386,451,3606,57,287,9204,2463,11667,-0.00387192,0.0281056,-0.999597,2
4402,0,332,442,3629,68,286,9159,2194,11353,-0.00968624,-0.00678552,-0.99993,2
4423,0,393,428,3580,59,242,9125,2488,11613,0.0182637,0.00966862,-0.999786,2
4983,0,416,622,5440,55,379,11895,3079,14974,0.01026,0.0242498,-0.999653,2
4852,0,405,478,4103,57,272,10167,3110,13277,-0.000224597,0.0270553,-0.999634,2
5258,0,512,569,3801,28,225,10393,1757,12150,-0.0129775,0.0154516,-0.999796,2
2336,0,172,195,1657,17,109,4486,1032,5518,0.0024383,0.0278471,-0.999609,2
1664,0,140,172,1370,19,98,3463,902,4365,0.0040578,0.0259501,-0.999655,2
4954,0,479,564,3973,46,332,10348,3280,13628,0.0182643,0.00712961,-0.999808,2
4696,0,321,407,3500,39,230,9193,2295,11488,0.011993,0.00482424,-0.999916,2
5028,0,388,543,3959,47,272,10237,2685,12922,-0.00462405,-0.0096839,-0.999942,2
4376,0,382,456,3595,49,281,9139,2250,11389,0.0121093,0.00117842,-0.999926,2
3445,0,263,326,2594,35,197,6860,2013,8873,0.00154722,0.0187834,-0.999822,2
4624,0,378,487,3661,58,256,9464,2406,11870,0.00248494,0.0156794,-0.999874,2
4503,0,362,448,3564,54,244,9175,2474,11649,0.00667648,0.00299905,-0.999973,2
4386,0,494,572,3735,45,264,9496,2208,11704,0.0133251,0.00558615,-0.999896,2
3176,0,234,327,2497,25,164,6423,1525,7948,0.0109773,0.00788413,-0.999909,2
5079,0,487,608,3995,52,309,10530,2644,13174,0.0279282,0.00429177,-0.999601,2
4359,0,367,460,3517,35,265,9003,2988,11991,-0.00642468,0.0166786,-0.99984,2
3146,0,263,341,2522,27,189,6488,1498,7986,-0.00529478,-0.00178502,-0.999984,2
5615,0,420,509,3896,34,265,10739,2305,13044,-0.000611793,0.00926264,-0.999957,2
4431,0,391,632,3163,39,188,8844,1508,10352,-0.00859833,0.015424,-0.999844,2
2946,0,281,344,2453,25,185,6234,1525,7759,-0.00693723,0.0104875,-0.999921,2
4898,0,475,542,3824,36,293,10068,2358,12426,0.0112027,0.0020795,-0.999935,2
4383,0,414,468,3670,39,296,9270,2833,12103,0.0183964,0.0174681,-0.999678,2
4445,0,378,447,3578,39,266,9153,2232,11385,0.00810814,0.00151354,-0.999966,2
4504,0,322,425,3504,50,233,9038,2462,11500,0.0127578,0.0120647,-0.999846,2
4574,0,326,408,3521,37,243,9109,2746,11855,0.00247777,0.0089809,-0.999957,2
5227,0,356,494,3846,52,259,10234,2687,12921,-0.011205,0.0189228,-0.999758,2
4557,0,246,310,2613,30,178,7934,1425,9359,0.0145317,0.00956832,-0.999849,2
1779,0,128,160,1411,14,94,3586,885,4471,-0.00240097,-0.000444138,-0.999997,2
1812,0,145,168,1450,15,96,3686,1011,4697,0.0197495,0.0214358,-0.999575,2
4670,0,398,418,3533,44,244,9307,2435,11742,-0.00680122,0.00198359,-0.999975,2
4552,0,321,408,3714,34,253,9282,2462,11744,0.0191467,0.00625658,-0.999797,2
4656,0,323,515,3648,46,255,9443,2522,11965,-0.00756433,0.0123626,-0.999895,2
3199,0,229,291,2598,29,200,6546,1816,8362,0.0152312,0.0290059,-0.999463,2
4659,0,324,459,4000,53,304,9799,2807,12606,-0.0040254,0.00908672,-0.999951,2
3273,0,249,317,2576,28,205,6648,2061,8709,0.0153452,-0.0110577,-0.999821,2
4670,0,301,409,3254,35,233,8902,2261,11163,0.0143552,0.01765,-0.999741,2
4164,0,320,412,3296,39,241,8472,1609,10081,0.0034298,0.034257,-0.999407,2
2297,0,189,246,1881,26,138,4777,1371,6148,-0.0152393,0.00799365,-0.999852,2
3439,0,304,335,2685,29,179,6971,2407,9378,-0.000295515,0.0162153,-0.999868,2
5080,0,362,612,4162,60,281,10557,2777,13334,-0.00391754,0.00663502,-0.99997,2
5135,0,416,512,4261,39,269,10632,2014,12646,0.0142356,-0.00538017,-0.999884,2
4547,0,326,434,3573,47,252,9179,2425,11604,-0.00134499,0.0259228,-0.999663,2
4070,0,298,427,3218,64,244,8321,2436,10757,-0.00848197,0.0103428,-0.999911,2
5105,0,364,490,3962,51,274,10246,2923,13169,0.0272712,0.0112881,-0.999564,2
4265,0,372,441,3627,42,273,9020,2458,11478,0.0050932,0.00567766,-0.999971,2
5052,0,438,526,5582,51,367,12016,3081,15097,0.0121812,0.027879,-0.999537,2
3392,0,269,318,2730,29,183,6921,2006,8927,0.00104182,0.0209204,-0.999781,2
4504,0,378,448,3606,39,272,9247,2718,11965,0.0115718,-0.0211279,-0.99971,2
5317,0,438,496,4059,43,303,10656,2710,13366,-0.0115862,0.00763358,-0.999904,2
4532,0,432,470,3630,32,274,9370,2625,11995,0.0103191,-0.0152222,-0.999831,2
4621,0,369,494,3585,47,273,9389,2798,12187,-0.0242392,-0.0206663,-0.999493,2
3370,0,272,315,2584,29,179,6749,1678,8427,0.00404352,0.00751203,-0.999964,2
3176,0,256,316,2557,26,254,6585,2035,8620,-0.00202429,0.0134444,-0.999908,2
4535,0,350,534,3518,31,290,9258,2668,11926,-0.00970928,0.0315494,-0.999455,2
4989,0,357,452,3774,47,262,9881,2887,12768,-0.00158217,0.0146323,-0.999892,2
3481,0,290,360,2796,40,209,7176,2573,9749,0.0210394,0.0248233,-0.99947,2
4866,0,389,448,3689,38,278,9708,2536,12244,-0.00733409,0.00284102,-0.999969,2
4400,0,357,435,3565,43,237,9037,2777,11814,-0.0235437,0.0158626,-0.999597,2
4571,0,505,589,4233,43,291,10232,2533,12765,0.0104097,0.00541336,-0.999931,2
4511,0,324,416,3514,42,236,9043,2450,11493,0.00173421,0.0239576,-0.999711,2
5236,0,429,529,3969,36,263,10462,2802,13264,0.0056942,0.0396108,-0.999199,2
3554,0,306,334,2719,33,223,7169,2654,9823,-0.0103914,0.0124963,-0.999868,2
3438,0,269,338,2777,41,208,7071,1949,9020,0.0077195,0.0364817,-0.999305,2
4398,0,325,567,4025,39,237,9591,2293,11884,0.0272586,-0.0213742,-0.9994,2
5065,0,384,527,3864,37,262,10139,2285,12424,0.0348231,-0.00393309,-0.999386,2
5161,0,486,547,3628,38,236,10096,2780,12876,0.00094597,-0.000943893,-0.999999,2
3252,0,233,292,2510,24,166,6477,2074,8551,-0.0267173,0.0209822,-0.999423,2
5390,0,362,463,3887,39,260,10401,2898,13299,0.00293937,0.0170642,-0.99985,2
4941,0,460,459,3955,40,295,10150,2766,12916,0.00564669,0.00836854,-0.999949,2
3444,0,316,362,2764,27,181,7094,2037,9131,-0.000978897,-0.0206388,-0.999787,2
4491,0,326,531,3719,35,260,9362,3115,12477,-0.0133726,-0.00939451,-0.999866,2
4700,0,363,414,3604,43,268,9392,2403,11795,-0.013389,-0.000477038,-0.99991,2
3297,0,259,296,2686,27,193,6758,2336,9094,0.0358881,-0.00669155,-0.999333,2
4609,0,322,463,3568,39,235,9236,2669,11905,0.0263713,0.0237148,-0.999371,2
4493,0,402,488,3659,41,268,9351,3097,12448,-0.015112,0.00604517,-0.999868,2
4582,0,408,561,3705,42,292,9590,2554,12144,-0.00681413,0.0033402,-0.999971,2
4530,0,324,412,3616,41,230,9153,2575,11728,-0.00135444,0.00838015,-0.999964,2
3842,0,247,338,2666,28,189,7310,2082,9392,0.0261656,-0.0170195,-0.999513,2
4468,0,326,450,3721,36,273,9274,3892,13166,-0.0098099,0.00247564,-0.999949,2
4845,0,368,463,3638,53,279,9646,1729,11375,0.0267612,-0.010546,-0.999586,2
3354,0,259,353,2652,29,180,6827,2034,8861,0.0262395,-0.00174138,-0.999654,2
5354,0,465,471,4291,41,267,10889,3053,13942,0.0174314,0.000397567,-0.999848,2
4977,0,428,535,4070,53,283,10346,2126,12472,0.0119308,0.0203541,-0.999722,2
3501,0,250,337,2694,33,187,7002,1898,8900,0.00335417,0.00358968,-0.999988,2
5023,0,415,535,4021,51,340,10385,2835,13220,0.00739998,-0.00683574,-0.999949,2
5178,0,479,515,4120,34,262,10588,3030,13618,-0.0213018,0.00169994,-0.999772,2
5526,0,458,543,4306,42,330,11205,2088,13293,0.0170904,-0.00685863,-0.99983,2
2701,0,211,260,2150,20,148,5490,1432,6922,0.00424681,-0.0166396,-0.999853,2
5322,0,425,540,4030,49,297,10663,2853,13516,-0.0123606,-0.0014975,-0.999922,2
5141,0,409,498,4389,67,404,10908,2113,13021,-0.0159295,-0.0173239,-0.999723,2
2712,0,234,280,2177,22,153,5578,1593,7171,-0.00511024,-0.00592416,-0.999969,2
5198,0,365,480,4157,50,276,10526,2856,13382,-0.010075,-0.0179356,-0.999788,2
5687,0,437,501,3974,39,272,10910,2354,13264,0.0334374,0.0206087,-0.999228,2
2644,0,190,249,2293,28,179,5583,1330,6913,-0.00932517,0.0090055,-0.999916,2
5012,0,407,517,4036,57,280,10309,2840,13149,-0.00869595,0.00848365,-0.999926,2
5331,0,397,467,4013,39,267,10514,1770,12284,-0.0233861,0.00015025,-0.999726,2
3559,0,278,343,2906,25,198,7309,1710,9019,-0.0156845,0.00482606,-0.999865,2
5323,0,381,527,3923,50,297,10501,2499,13000,0.00524306,-0.00181322,-0.999985,2
2653,0,191,241,2099,23,140,5347,1636,6983,-0.0111991,0.00588994,-0.99992,2
5368,0,360,476,3894,45,267,10410,2522,12932,-0.00860903,0.00868456,-0.999925,2
5110,0,572,678,4357,42,282,11041,2382,13423,-0.0125283,0.00592124,-0.999904,2
3595,0,294,337,2728,28,193,7175,2157,9332,0.0193173,-0.00455543,-0.999803,2
3891,0,262,387,2853,25,180,7598,1887,9485,-0.0102261,-0.00734446,-0.999921,2
4942,0,433,529,4002,37,287,10230,2642,12872,-0.0197885,-0.0140872,-0.999705,2
5038,0,434,584,4097,40,316,10509,2862,13371,-0.00182908,-0.000375557,-0.999998,2
5129,0,404,501,4464,52,359,10909,2426,13335,0.00738227,0.00615748,-0.999954,2
2634,0,206,252,2058,21,136,5307,1574,6881,0.00247669,0.00334161,-0.999991,2
4336,0,379,440,3456,29,243,8883,2460,11343,-0.0242598,-0.0227847,-0.999446,2
4203,0,366,411,3324,60,239,8603,2177,10780,-0.0237483,-0.0169078,-0.999575,2
5085,0,419,531,3968,47,306,10356,2939,13295,0.0276285,0.0212269,-0.999393,2
5131,0,405,487,4270,54,264,10611,1800,12411,0.00504441,-0.00977311,-0.99994,2
2639,0,220,266,2212,26,160,5523,1496,7019,-0.0015363,0.00122986,-0.999998,2
4201,0,338,410,3337,37,249,8572,2484,11056,-0.013076,-0.0101275,-0.999863,2
4090,0,298,375,3243,34,225,8265,2266,10531,-0.00271675,-0.0221185,-0.999752,2
5427,0,389,505,4025,42,326,10714,2633,13347,-0.00979166,0.00395616,-0.999944,2
5208,0,444,520,4101,42,277,10592,2325,12917,-0.0208005,-0.00386741,-0.999776,2
2690,0,211,259,2079,25,139,5403,1576,6979,0.000182489,0.0090143,-0.999959,2
5166,0,534,532,4903,54,363,11552,3008,14560,-0.0159546,-0.00215011,-0.99987,2
3572,0,294,389,2749,29,182,7215,1646,8861,-0.00367297,-0.00167755,-0.999992,2
4647,0,364,522,4229,60,343,10165,3039,13204,-0.0052701,0.00400418,-0.999978,2
5481,0,363,477,4012,75,273,10681,2660,13341,0.0346285,-0.000494933,-0.9994,2
3451,0,251,336,2756,38,190,7022,3117,10139,-0.00799577,-0.023733,-0.999686,2
2703,0,192,241,2046,20,136,5338,1568,6906,-0.0110046,-0.025893,-0.999604,2
5281,0,434,471,3957,39,275,10457,3208,13665,0.0252693,0.00158131,-0.999679,2
5108,0,367,458,3940,43,269,10185,2232,12417,-0.0294393,-0.00185861,-0.999565,2
3276,0,282,355,2572,26,169,6680,1693,8373,0.0332047,0.0116459,-0.999381,2
5095,0,363,483,4122,53,377,10493,3020,13513,0.0260007,0.00406404,-0.999654,2
3509,0,266,356,2781,27,181,7120,1851,8971,0.0172137,0.00930967,-0.999808,2
5191,0,376,535,3984,44,265,10395,2339,12734,0.00976858,-0.01722,-0.999804,2
5098,0,415,490,4045,44,265,10357,1973,12330,-0.000269909,0.000774298,-1,2
4183,0,350,399,3714,34,229,8909,1965,10874,-0.0134118,-0.0113283,-0.999846,2
5089,0,411,487,4036,38,296,10357,3051,13408,0.0118249,-0.00203887,-0.999928,2
4073,0,285,386,2726,28,205,7703,2005,9708,-0.00582755,-0.0227607,-0.999724,2
4651,0,416,531,3796,33,277,9704,2829,12533,0.0238911,0.000358676,-0.999715,2
5349,0,419,491,4014,53,303,10629,2391,13020,0.00698609,-0.00933502,-0.999932,2
3494,0,286,333,2805,28,210,7156,1906,9062,0.0082983,-0.000963523,-0.999965,2
4966,0,378,455,3566,33,279,9677,2683,12360,-0.0148665,-0.0177171,-0.999733,2
5548,0,433,558,3711,64,261,10575,2881,13456,0.00766404,-0.0135888,-0.999878,2
3240,0,257,346,2591,33,230,6697,1917,8614,-0.0313188,0.00443514,-0.9995,2
3366,0,254,314,2632,25,179,6770,2017,8787,-0.00407249,-0.0263745,-0.999644,2
5019,0,468,525,4058,72,411,10553,2319,12872,-0.0246513,0.00073775,-0.999696,2
3304,0,232,311,2552,25,171,6595,1703,8298,-0.014717,-0.0224773,-0.999639,2
5189,0,350,608,4643,65,332,11187,2943,14130,-0.00996226,-0.0104389,-0.999896,2
3567,0,344,346,2728,38,181,7204,1889,9093,-0.0173673,-0.00485698,-0.999837,2
5048,0,562,597,4265,40,266,10778,2619,13397,-0.000509791,-0.00968877,-0.999953,2
4679,0,327,509,3831,35,243,9624,2358,11982,0.00820483,-0.0106245,-0.99991,2
3307,0,364,410,2735,52,175,7043,1915,8958,-0.0235758,-0.0171264,-0.999575,2
5019,0,422,481,4009,50,282,10263,3283,13546,0.0152453,-0.00731943,-0.999857,2
3701,0,385,443,2857,27,211,7624,1764,9388,-0.00148262,-0.0243576,-0.999702,2
5066,0,436,457,4038,40,263,10300,3058,13358,-0.00722901,-0.00226499,-0.999971,2
3256,0,268,360,2717,44,190,6835,1820,8655,0.000766852,-0.0126191,-0.99992,2
5145,0,409,524,4048,38,280,10444,2841,13285,0.0457789,-0.00656159,-0.99893,2
4579,0,369,447,3646,41,258,9340,1806,11146,0.00325895,0.00828334,-0.99996,2
5050,0,379,457,3659,34,237,9816,2387,12203,-0.0234065,-0.0266685,-0.99937,2
4736,0,346,462,3928,35,237,9744,2264,12008,-0.00717085,0.000365566,-0.999974,2
4933,0,370,403,3298,32,235,9271,2666,11937,0.00723975,-0.0185995,-0.999801,2
4568,0,372,442,3695,56,263,9396,2870,12266,0.00610995,-0.000791932,-0.999981,2
4114,0,407,408,3314,32,229,8504,1919,10423,0.00757418,-0.0130239,-0.999886,2
4195,0,349,403,3877,48,253,9125,2643,11768,-0.0200401,-0.0118896,-0.999728,2
4286,0,340,396,3407,32,222,8683,2353,11036,0.0340641,-0.0110228,-0.999359,2
4138,0,388,498,3282,33,226,8565,2331,10896,-0.0199855,-0.00646864,-0.999779,2
5152,0,414,490,3877,39,257,10229,2566,12795,-0.0209844,0.00105655,-0.999779,2
4602,0,445,510,3693,41,296,9587,1975,11562,-0.0042752,0.00276186,-0.999987,2
3241,0,249,358,2593,27,228,6696,1888,8584,0.00591732,-0.0212105,-0.999758,2
4752,0,374,435,3360,33,270,9224,2817,12041,0.002319,-0.00860651,-0.99996,2
5041,0,356,454,3380,32,236,9499,2311,11810,0.0174708,0.00165055,-0.999846,2
3791,0,293,341,2933,29,195,7582,2007,9589,-0.00524224,0.00233884,-0.999984,2
5182,0,383,514,3981,37,286,10383,2671,13054,0.0274785,-0.00434752,-0.999613,2
4656,0,326,409,3602,35,281,9309,2555,11864,-0.0260698,-0.0018798,-0.999658,2
4721,0,370,434,3614,36,247,9422,2759,12181,0.00333349,-0.0111006,-0.999933,2
3339,0,260,298,2562,25,167,6651,1865,8516,-0.0143862,-0.00370655,-0.99989,2
5346,0,411,501,3942,43,287,10530,2612,13142,0.00375581,0.000925426,-0.999993,2
3227,0,267,309,2534,25,188,6550,1864,8414,-0.00785635,-0.0126217,-0.999889,2
4548,0,377,444,3624,36,276,9305,2388,11693,-0.00381889,-0.0170689,-0.999847,2
5236,0,366,511,3995,42,263,10413,3191,13604,0.00857229,-0.00587384,-0.999946,2
3690,0,311,351,2756,25,210,7343,1910,9253,-0.00636056,-0.0208902,-0.999762,2
4721,0,343,406,3645,52,253,9420,2472,11892,0.0097587,-0.0275566,-0.999573,2
5106,0,397,494,3987,44,278,10306,3424,13730,-0.0158463,-0.0193762,-0.999687,2
4458,0,323,542,3642,43,238,9246,2999,12245,-0.0149593,-0.0064323,-0.999867,2
5119,0,465,473,4008,38,287,10390,2652,13042,-0.00233187,-0.0155771,-0.999876,2
4499,0,333,410,3555,50,235,9082,2774,11856,-0.00647272,-0.00301732,-0.999974,2
5246,0,364,463,3948,48,262,10331,2917,13248,0.00548397,0.00685561,-0.999961,2
3542,0,278,341,3015,40,194,7410,2045,9455,-0.02352,0.0141371,-0.999623,2
5066,0,330,435,3631,44,247,9753,1629,11382,-0.0224379,-0.000611345,-0.999748,2
4118,0,303,404,3419,46,235,8525,2573,11098,-0.0187542,-0.00238628,-0.999821,2
4171,0,362,389,3354,30,227,8533,2215,10748,-0.0109205,-0.00818371,-0.999907,2
4651,0,373,430,3762,39,249,9504,2546,12050,-0.00590537,-0.00605996,-0.999964,2
4563,0,397,444,3669,54,244,9371,2880,12251,0.00717492,-0.00477329,-0.999963,2
4694,0,330,433,3618,37,238,9350,2375,11725,0.0244793,-0.0239588,-0.999413,2
4606,0,347,463,3588,41,266,9311,2669,11980,0.00351446,-0.0112717,-0.99993,2
5237,0,446,507,4053,42,322,10607,2468,13075,-0.000755502,0.00739349,-0.999972,2
5188,0,376,515,3959,52,277,10367,2708,13075,-0.00448106,0.0480035,-0.998837,2
4651,0,379,445,3833,35,276,9619,1722,11341,-0.0116276,0.0352769,-0.99931,2
2151,0,174,207,1792,18,128,4470,901,5371,-0.00329297,0.0388,-0.999242,2
2251,0,195,213,1777,29,133,4598,1268,5866,-0.017899,0.0626078,-0.997878,2
5270,0,451,520,4338,52,279,10910,3014,13924,-0.0328416,0.0719316,-0.996869,2
4930,0,410,479,4082,72,337,10310,2669,12979,0.0166571,0.0510931,-0.998555,2
2623,0,187,230,1855,29,127,5051,2082,7133,0.000574045,0.0831717,-0.996535,2
3031,0,193,239,2253,46,188,5950,2511,8461,0.0188891,0.0460407,-0.998761,2
5025,0,288,452,2742,34,223,8764,3425,12189,-0.00310585,0.0553273,-0.998463,2
5171,0,251,379,2812,44,190,8847,3653,12500,-0.00837177,0.154415,-0.987971,2
2614,0,117,187,1346,19,88,4371,1996,6367,0.0300493,0.12501,-0.9917,2
2481,0,109,172,1213,28,83,4086,2663,6749,0.00894137,0.0776319,-0.996942,2
2816,0,134,180,1273,22,85,4510,1909,6419,0.0146849,0.0807043,-0.99663,2
4360,0,161,246,1714,40,127,6648,3283,9931,0.000838659,0.0682779,-0.997666,2
5355,0,172,200,1486,39,106,7358,3802,11160,0.014722,0.0296881,-0.999451,2
3337,0,94,134,950,34,86,4635,2794,7429,0.0156132,0.0523412,-0.998507,2
4958,0,135,191,1277,58,140,6759,4610,11369,0.0168311,0.0803302,-0.996626,2
4821,0,128,182,1148,54,109,6442,5062,11504,0.0227012,0.090787,-0.995612,2
3319,0,97,117,725,37,63,4358,2894,7252,0.0302689,0.0573033,-0.997898,2
4201,0,91,133,798,52,75,5350,4025,9375,0.023369,0.0826238,-0.996307,2
4507,0,114,146,829,48,86,5730,3162,8892,0.0152692,0.0893716,-0.995881,2
3026,0,55,82,433,40,51,3687,3552,7239,0.0445577,0.0434698,-0.998061,2
2929,0,49,79,417,36,48,3558,2259,5817,-0.0212122,0.0590746,-0.998028,2
3878,0,52,107,481,34,47,4599,3720,8319,-0.0151424,0.128086,-0.991647,2
3799,0,64,88,471,44,59,4525,3435,7960,-0.0289877,0.183667,-0.982561,2
4375,0,64,101,505,33,47,5125,3367,8492,-0.0215135,0.0722294,-0.997156,2
3721,0,58,91,489,49,48,4456,3314,7770,-0.0301474,0.0569088,-0.997924,2
3669,0,55,110,606,38,73,4551,2122,6673,-0.00530448,0.0660835,-0.9978,2
4133,0,72,172,755,50,90,5272,3318,8590,0.00412511,0.0442243,-0.999013,2
4284,0,96,226,861,47,108,5622,3028,8650,-0.00417489,0.107813,-0.994162,2
3727,0,136,138,968,42,110,5121,2635,7756,-0.000294026,0.091274,-0.995826,2
4400,0,148,184,1154,83,114,6083,3081,9164,0.0185436,0.0410846,-0.998984,2
5184,0,141,215,1461,57,158,7216,2735,9951,0.00936429,0.0791396,-0.99682,2
4460,0,235,275,1950,59,174,7153,2515,9668,-0.00419914,0.113606,-0.993517,2
5150,0,285,343,2599,46,181,8604,3095,11699,-0.00205429,0.0896384,-0.995972,2
4917,0,389,482,3541,37,243,9609,2610,12219,0.0106125,0.0723899,-0.99732,2
3474,0,279,362,2928,45,193,7281,1474,8755,-0.00106892,0.0611385,-0.998129,2
5737,0,466,616,5240,52,345,12456,4254,16710,-0.032738,0.103983,-0.99404,2
3298,0,290,352,2885,44,219,7088,1577,8665,-0.0519112,0.130612,-0.990074,2
5924,0,534,632,4966,79,342,12477,2624,15101,-0.048583,0.180222,-0.982425,2
6022,0,498,643,5579,62,342,13146,2424,15570,-0.0301645,0.203258,-0.978661,2
4047,0,341,419,3471,39,252,8569,1789,10358,0.00449405,0.109995,-0.993922,2
6014,0,496,660,6271,98,328,13867,3050,16917,-0.0184759,0.127888,-0.991617,2
3134,0,239,279,2215,34,159,6060,1288,7348,-0.000985207,0.0813919,-0.996682,2
5595,0,419,506,3789,72,270,10651,2681,13332,-0.0222249,0.101971,-0.994539,2
3909,0,271,313,2476,85,200,7254,2484,9738,-0.0374867,0.0416938,-0.998427,2
5265,0,293,423,3110,72,219,9382,2935,12317,-0.0187474,0.0625834,-0.997864,2
3543,0,185,237,2014,29,135,6143,2625,8768,-0.0242867,0.0554566,-0.998166,2
5394,0,281,432,3130,49,211,9497,6567,16064,-0.0390845,0.0568398,-0.997618,2
3246,0,164,275,1774,33,134,5626,3966,9592,-0.0375098,0.0447468,-0.998294,2
7563,0,342,437,3412,59,226,12039,6346,18385,-0.0460908,0.102673,-0.993647,2
1950,0,81,108,886,18,62,3105,3006,6111,-0.0245958,0.090491,-0.995594,2
4684,0,177,259,1837,39,141,7137,5248,12385,-0.0284193,0.164419,-0.985981,2
3824,0,148,206,1596,34,119,5927,4164,10091,-0.0603822,0.19074,-0.979782,2
3606,0,200,207,1559,37,142,5751,4473,10224,-0.0734654,0.258148,-0.963308,2
2538,0,89,121,871,23,80,3722,2046,5768,-0.0641969,0.133664,-0.988945,2
1554,0,61,100,655,14,48,2432,1221,3653,-0.0437531,0.0985456,-0.99417,2
4169,0,155,267,2086,45,160,6882,3611,10493,-0.0769954,0.231796,-0.969713,2
3796,0,139,221,1543,33,115,5847,3375,9222,-0.104172,0.260175,-0.959926,2
4135,0,166,272,1770,36,132,6511,3427,9938,-0.0816242,0.259973,-0.96216,2
4034,0,217,289,1773,35,169,6517,2645,9162,-0.0710571,0.23992,-0.968189,2
4070,0,230,304,1899,42,174,6719,2937,9656,-0.0344089,0.186612,-0.981831,2
4958,0,238,338,2397,39,199,8169,2466,10635,-0.016405,0.223608,-0.974541,2
4524,0,288,377,2849,37,198,8273,1965,10238,-0.010795,0.286575,-0.957997,2
3876,0,338,404,3218,31,237,8104,1842,9946,-0.00340804,0.247883,-0.968784,2
3982,0,365,476,3446,52,277,8598,2710,11308,-0.0229287,0.248329,-0.968404,2
2996,0,269,333,2931,33,204,6766,1655,8421,-0.0211945,0.23621,-0.971471,2
4047,0,359,457,5242,50,339,10494,1820,12314,-0.053374,0.242737,-0.968623,2
4120,0,313,416,3698,38,253,8838,2281,11119,-0.062827,0.243869,-0.967771,2
5481,0,400,499,4162,51,282,10875,2698,13573,-0.0556711,0.244913,-0.967945,2
4678,0,323,429,3501,42,222,9195,2087,11282,-0.0679461,0.245446,-0.967026,2
2429,0,170,210,1687,22,128,4646,1777,6423,-0.0529769,0.191449,-0.980072,2
4669,0,293,350,2778,36,204,8330,4151,12481,-0.055829,0.184981,-0.981155,2
4693,0,198,323,2213,41,160,7628,4360,11988,-0.0505695,0.185494,-0.981343,2
3979,0,149,207,1518,46,118,6017,8784,14801,-0.0557226,0.211582,-0.975771,2
2432,0,72,101,685,26,57,3373,5594,8967,-0.0592022,0.227892,-0.971885,2
4785,0,144,175,1140,44,97,6385,-1000,-1000,-1,-1,-1,2
1381,0,43,69,434,23,35,1985,-1000,-1000,-1,-1,-1,2
4241,0,177,223,1239,54,103,6037,20357,26394,-0.185678,0.625299,-0.757974,2
1599,0,49,69,519,19,39,2294,-1000,-1000,-1,-1,-1,2
1312,0,48,63,401,11,31,1866,1653,3519,-0.0170072,0.0792999,-0.996706,2
3178,0,100,167,1059,32,96,4632,4229,8861,-0.0385501,0.144712,-0.988723,2
4484,0,126,217,1337,37,103,6304,3134,9438,-0.0318535,0.128041,-0.991257,2
4671,0,119,210,1240,43,127,6410,4941,11351,-0.0359808,0.159273,-0.986579,2
3051,0,77,138,849,25,63,4203,2854,7057,-0.00208739,0.0951106,-0.995465,2
4409,0,115,180,1060,47,92,5903,3166,9069,-0.0683508,0.107083,-0.991898,2
3909,0,104,159,912,60,93,5237,3752,8989,0.00766104,0.0949791,-0.99545,2
4559,0,109,179,963,44,92,5946,3338,9284,-0.000335613,0.0849306,-0.996387,2
4514,0,91,204,1066,46,81,6002,3162,9164,0.0134407,0.147171,-0.98902,2
4469,0,137,245,1041,66,95,6053,4996,11049,0.00662786,-0.011459,-0.999912,2
3973,0,77,137,852,50,77,5166,3113,8279,0.0127981,-0.0114718,-0.999852,2
3807,0,78,112,763,43,71,4874,2919,7793,0.013871,-0.00568661,-0.999888,2
4795,0,89,159,1089,56,97,6285,3846,10131,0.150584,0.0931861,-0.984196,2
3986,0,87,154,932,45,75,5279,3591,8870,0.00203345,0.102514,-0.994729,2
4000,0,98,174,1064,37,81,5454,3134,8588,0.013157,0.111448,-0.993683,2
3904,0,126,201,1216,36,99,5582,2405,7987,-0.0159267,0.098704,-0.994989,2
4165,0,150,207,1526,50,121,6219,2303,8522,0.0188057,0.123044,-0.992223,2
5119,0,183,245,1806,46,143,7542,2616,10158,-0.00434236,0.141595,-0.989915,2
4877,0,276,309,2377,59,187,8085,2925,11010,0.0231166,0.126577,-0.991687,2
4832,0,263,345,2806,47,201,8494,2926,11420,0.000697282,0.174987,-0.98457,2
5094,0,281,273,2241,38,154,8081,1485,9566,0.0101333,0.121603,-0.992527,2
2218,0,146,188,1503,17,89,4161,1233,5394,0.00739508,0.0963345,-0.995322,2
2748,0,229,263,2230,30,191,5691,1667,7358,0.0106306,0.102446,-0.994682,2
5478,0,423,544,4734,45,324,11548,4781,16329,-0.029161,0.0856812,-0.995896,2
4646,0,354,407,3432,35,226,9100,2354,11454,-0.0255294,0.0653052,-0.997539,2
5293,0,526,617,4972,40,362,11810,3091,14901,-0.0167686,0.105011,-0.99433,2
6117,0,589,720,6149,53,374,14002,2071,16073,-0.0329304,0.103076,-0.994128,2
3137,0,320,401,3124,37,227,7246,1763,9009,-0.00719776,0.0934226,-0.995601,2
6126,0,590,690,5646,78,411,13541,2615,16156,-0.0200224,0.0905395,-0.995692,2
4026,0,407,500,4166,38,303,9440,1783,11223,-0.0136956,0.0726908,-0.99726,2
3847,0,383,479,4057,39,256,9061,2169,11230,-0.0519909,0.0999311,-0.993635,2
6400,0,601,832,6654,67,407,14961,2159,17120,-0.00370491,0.111161,-0.993795,2
4030,0,382,474,4415,35,307,9643,1903,11546,-0.0226667,0.0561977,-0.998162,2
5140,0,594,636,5487,50,394,12301,2311,14612,-0.0232707,0.0150636,-0.999616,2
3765,0,405,459,4000,41,278,8948,1885,10833,-0.00126781,0.0158543,-0.999874,2
5857,0,535,662,6015,75,376,13520,2672,16192,-0.0283086,0.0382533,-0.998867,2
6124,0,644,700,6011,39,374,13892,2348,16240,0.0011291,0.0448246,-0.998994,2
3106,0,328,371,3268,33,203,7309,1730,9039,0.00216234,0.0630722,-0.998007,2
6191,0,655,761,6301,50,405,14363,2301,16664,-0.0280145,0.0835937,-0.996106,2
3991,0,391,470,4000,37,273,9162,1913,11075,-0.025914,0.0771714,-0.996681,2
3942,0,383,454,3769,32,271,8851,1619,10470,-0.0188627,0.0341923,-0.999237,2
5149,0,451,525,4704,52,307,11188,2187,13375,-0.0579836,0.0492971,-0.9971,2
5616,0,476,575,4854,56,321,11898,2232,14130,-0.0260512,0.0533306,-0.998237,2
3897,0,305,426,3415,65,224,8332,1500,9832,-0.0302742,0.0104396,-0.999487,2
6231,0,539,620,5388,84,352,13214,1940,15154,-0.0311222,0.0206816,-0.999302,2
6033,0,522,628,5532,66,382,13163,2920,16083,-0.0266041,0.00273189,-0.999642,2
3191,0,248,335,2865,31,150,6820,1369,8189,-0.0373652,-0.00290302,-0.999297,2
1872,0,160,198,1435,16,94,3775,635,4410,-0.0176657,0.0152973,-0.999727,2
2089,0,189,225,1867,18,146,4534,967,5501,-0.0386256,0.00988617,-0.999205,2
5999,0,713,724,5110,74,304,12924,2146,15070,-0.0283601,0.0311,-0.999114,2
6135,0,466,572,4719,53,298,12243,2463,14706,-0.0399185,0.013341,-0.999114,2
3034,0,209,248,2133,29,152,5805,996,6801,-0.0227496,0.0187466,-0.999565,2
1831,0,157,186,1564,17,110,3865,840,4705,-0.00551316,-0.0123082,-0.999909,2
3594,0,308,365,3209,35,240,7751,1931,9682,-0.0208459,0.0260561,-0.999443,2
6067,0,523,630,5699,67,414,13400,1675,15075,-0.0303363,0.0102334,-0.999487,2
4195,0,323,405,3668,33,236,8860,1718,10578,-0.0212989,0.00428425,-0.999764,2
5627,0,484,579,5340,89,383,12502,2439,14941,-0.00928332,0.0264052,-0.999608,2
3837,0,302,378,3365,50,216,8148,1597,9745,-0.0347082,0.0111963,-0.999335,2
6024,0,469,601,5256,72,388,12810,2544,15354,-0.0338836,0.0128045,-0.999344,2
4167,0,325,408,3653,48,233,8834,2077,10911,-0.0302806,0.00871006,-0.999503,2
6320,0,521,659,5555,49,345,13449,1890,15339,-0.0326776,0.0142116,-0.999365,2
3160,0,219,255,2260,23,145,6062,1149,7211,-0.0266357,-0.000337899,-0.999645,2
1921,0,128,172,1422,19,92,3754,763,4517,-0.0161192,0.0111414,-0.999808,2
1638,0,127,164,1427,15,91,3462,860,4322,-0.0244986,-0.029431,-0.999267,2
4473,0,394,473,4105,41,281,9767,1932,11699,-0.0337805,0.00996971,-0.99938,2
5901,0,573,645,5172,77,335,12703,1829,14532,-0.0237248,-0.0276128,-0.999337,2
3898,0,301,393,3381,46,224,8243,2573,10816,-0.0287635,0.0142594,-0.999485,2
5948,0,469,614,5519,64,349,12963,2732,15695,-0.0151501,-0.0138162,-0.99979,2
4311,0,325,421,4103,56,274,9490,1978,11468,-0.0166534,-0.000797753,-0.999861,2
4129,0,324,431,3619,48,248,8799,2050,10849,-0.0344309,-0.00936797,-0.999363,2
6020,0,471,654,5884,76,353,13458,2039,15497,-0.0271253,0.0198762,-0.999434,2
4164,0,327,428,3694,64,242,8919,2132,11051,-0.0347405,0.00152388,-0.999395,2
6366,0,528,656,5455,58,344,13407,2518,15925,-0.0318716,0.000624284,-0.999492,2
5444,0,489,575,4842,40,282,11672,1793,13465,-0.0341683,0.000303998,-0.999416,2
6080,0,560,645,5311,48,382,13026,2174,15200,-0.0231644,0.0079473,-0.9997,2
4119,0,381,437,3756,37,291,9021,2260,11281,-0.0365748,-0.00938944,-0.999287,2
6338,0,524,735,5571,80,400,13648,2610,16258,-0.0230939,-0.0126667,-0.999653,2
3356,0,399,508,3200,50,154,7667,1294,8961,-0.00567789,0.0120959,-0.999911,2
1876,0,167,208,1602,15,103,3971,791,4762,-0.029928,0.00372798,-0.999545,2
2229,0,171,223,1795,21,127,4566,924,5490,-0.0268286,0.0118674,-0.99957,2
5523,0,439,608,5018,56,339,11983,2507,14490,-0.00623038,-0.00343512,-0.999975,2
5420,0,441,575,4952,75,325,11788,1475,13263,-0.0110149,-0.0122179,-0.999865,2
3610,0,294,380,3300,42,215,7841,1559,9400,-0.0330161,0.00535127,-0.99944,2
6253,0,486,650,5604,82,360,13435,1965,15400,-0.0255029,-0.0140107,-0.999577,2
4689,0,336,438,3849,44,253,9609,1951,11560,-0.0266854,0.00128565,-0.999643,2
6300,0,529,674,5669,55,387,13614,2076,15690,-0.0222328,0.00570149,-0.999737,2
6409,0,514,651,5620,67,363,13624,2055,15679,-0.0307576,0.00157257,-0.999526,2
3160,0,276,343,2429,29,163,6400,1097,7497,-0.0377206,0.0156897,-0.999165,2
1844,0,166,196,1696,21,112,4035,820,4855,-0.0199474,0.0200274,-0.9996,2
3244,0,258,333,3084,35,208,7162,1510,8672,-0.0186905,-0.0105445,-0.99977,2
