Downsample[ns],BuildFilTree[ns],SearchFil[ns],DeleteFil[ns],BuildTreeSub[ns],SearchSub[ns],DeleteSub[ns],PreProcTotal[ns],Plane[ns],Total[ns],nx,ny,nz,planeCount
5191,0,0,0,0,990,266,6447,2307,8754,0.060698,-0.018959,-0.997976,0
2947,0,0,0,0,516,129,3592,1089,4681,0.0368677,-0.00560758,-0.999304,0
5135,0,0,0,0,1001,242,6378,2613,8991,0.0224544,-0.0136661,-0.999654,0
8049,0,0,0,0,1351,335,9735,2531,12266,0.0324121,-0.00221109,-0.999472,0
5105,0,0,0,0,936,251,6292,2395,8687,0.026876,-0.00966157,-0.999592,0
5240,0,0,0,0,965,273,6478,2402,8880,0.0193431,-0.0113185,-0.999749,0
5503,0,0,0,0,1109,306,6918,2573,9491,0.00628001,-0.00342681,-0.999974,0
6081,0,0,0,0,978,246,7305,2591,9896,0.0450774,-0.00894423,-0.998943,0
5437,0,0,0,0,940,237,6614,2673,9287,0.00681474,0.00805219,-0.999944,0
5113,0,0,0,0,928,244,6285,2846,9131,0.0242593,-0.0124659,-0.999628,0
4728,0,0,0,0,880,220,5828,2390,8218,0.0136249,-0.0118378,-0.999837,0
5148,0,0,0,0,970,242,6360,2375,8735,0.0059296,-0.00100164,-0.999982,0
5495,0,0,0,0,914,234,6643,2238,8881,0.0287306,-0.00496796,-0.999575,0
5147,0,0,0,0,850,240,6237,2268,8505,0.0210129,0.00623987,-0.99976,0
4838,0,0,0,0,828,211,5877,2660,8537,0.0315477,0.0146557,-0.999395,0
5536,0,0,0,0,971,237,6744,1840,8584,0.0285142,-0.0143042,-0.999491,0
3653,0,0,0,0,692,168,4513,2077,6590,0.042478,-0.0153544,-0.998979,0
5311,0,0,0,0,1005,273,6589,2625,9214,0.0304376,-0.0122497,-0.999462,0
5505,0,0,0,0,917,257,6679,2599,9278,0.0144799,0.0149492,-0.999783,0
4046,0,0,0,0,679,174,4899,1420,6319,0.0311587,0.0131674,-0.999428,0
1907,0,0,0,0,357,84,2348,1017,3365,0.0288717,0.00174347,-0.999582,0
2922,0,0,0,0,518,142,3582,1399,4981,0.0346103,-0.00288098,-0.999397,0
5398,0,0,0,0,1033,240,6671,2747,9418,0.0405131,0.00922648,-0.999136,0
5488,0,0,0,0,958,277,6723,1934,8657,0.0233621,-0.0170552,-0.999582,0
3324,0,0,0,0,640,161,4125,1679,5804,-0.00148067,-0.0427548,-0.999084,0
5653,0,0,0,0,924,254,6831,2566,9397,-0.000867573,-0.0318859,-0.999491,0
3650,0,0,0,0,494,146,4290,1443,5733,0.0174661,0.0090432,-0.999807,0
1923,0,0,0,0,332,87,2342,1036,3378,0.0276023,0.0186247,-0.999445,0
4672,0,0,0,0,863,224,5759,2340,8099,0.029139,0.00114428,-0.999575,0
5308,0,0,0,0,823,224,6355,2257,8612,0.0208434,0.0121554,-0.999709,0
4665,0,0,0,0,831,224,5720,2185,7905,0.0212635,-0.0126237,-0.999694,0
4545,0,0,0,0,797,193,5535,2169,7704,0.0231742,-0.0270773,-0.999365,0
5297,0,0,0,0,935,241,6473,2708,9181,0.0201481,-0.0107477,-0.999739,0
5742,0,0,0,0,926,238,6906,2975,9881,0.00114928,-0.000419893,-0.999999,0
5673,0,0,0,0,1077,244,6994,2768,9762,-0.017777,-0.0247478,-0.999536,0
3662,0,0,0,0,672,185,4519,1772,6291,0.0317036,0.00478063,-0.999486,0
5333,0,0,0,0,900,230,6463,2453,8916,0.0208484,0.00342327,-0.999777,0
5318,0,0,0,0,922,232,6472,2010,8482,0.0264557,7.1055e-05,-0.99965,0
2459,0,0,0,0,389,99,2947,1140,4087,0.0205663,-0.014984,-0.999676,0
5472,0,0,0,0,904,234,6610,3571,10181,0.0158048,0.0108705,-0.999816,0
3381,0,0,0,0,486,128,3995,1437,5432,0.0283476,-0.0113237,-0.999534,0
1871,0,0,0,0,336,87,2294,1015,3309,0.0235503,0.0176916,-0.999566,0
5376,0,0,0,0,904,243,6523,2582,9105,0.0260248,-0.00504274,-0.999649,0
5405,0,0,0,0,905,244,6554,3241,9795,0.0372731,-0.0311111,-0.998821,0
3695,0,0,0,0,679,168,4542,1871,6413,0.00970706,-0.000884475,-0.999952,0
5699,0,0,0,0,860,220,6779,2334,9113,0.0247948,-0.0105603,-0.999637,0
4710,0,0,0,0,805,206,5721,2361,8082,0.0287143,-0.00894667,-0.999548,0
3813,0,0,0,0,679,149,4641,1664,6305,0.005621,0.0128187,-0.999902,0
5627,0,0,0,0,929,245,6801,2418,9219,0.011885,0.0134926,-0.999838,0
5347,0,0,0,0,920,244,6511,2431,8942,0.0235227,-0.0124919,-0.999645,0
5656,0,0,0,0,910,309,6875,2776,9651,0.0311813,0.00377293,-0.999507,0
5343,0,0,0,0,976,251,6570,3169,9739,0.0131886,-0.00924724,-0.99987,0
5592,0,0,0,0,986,269,6847,2858,9705,0.0263436,-0.018712,-0.999478,0
5727,0,0,0,0,988,237,6952,2610,9562,0.0507044,-0.037805,-0.997998,0
3709,0,0,0,0,657,183,4549,1758,6307,0.0217302,0.000831235,-0.999764,0
3646,0,0,0,0,665,187,4498,1951,6449,0.0309674,0.0148873,-0.99941,0
5367,0,0,0,0,937,263,6567,2429,8996,0.0370222,-0.0473732,-0.998191,0
5070,0,0,0,0,844,208,6122,1842,7964,0.0422731,-0.0326719,-0.998572,0
5212,0,0,0,0,912,235,6359,2889,9248,0.0101254,-0.0332195,-0.999397,0
2222,0,0,0,0,412,84,2718,1261,3979,0.0276885,0.00613127,-0.999598,0
4745,0,0,0,0,945,228,5918,2196,8114,0.0305468,0.0105448,-0.999478,0
4852,0,0,0,0,891,213,5956,2300,8256,0.022224,-0.00292767,-0.999749,0
4911,0,0,0,0,843,240,5994,2256,8250,0.0296326,-0.0112075,-0.999498,0
4833,0,0,0,0,867,242,5942,2545,8487,0.0329831,-0.0104979,-0.999401,0
5309,0,0,0,0,952,295,6556,2767,9323,0.0140462,-0.00712314,-0.999876,0
5303,0,0,0,0,960,286,6549,1919,8468,0.0312871,-0.00221411,-0.999508,0
5460,0,0,0,0,895,230,6585,2910,9495,0.0175519,-0.0143481,-0.999743,0
6137,0,0,0,0,1191,276,7604,1674,9278,0.0174565,-0.00455702,-0.999837,0
2815,0,0,0,0,499,140,3454,1671,5125,0.0111066,0.0108847,-0.999879,0
5036,0,0,0,0,764,219,6019,2204,8223,0.0228297,-0.0333953,-0.999181,0
4279,0,0,0,0,796,254,5329,2329,7658,0.0224124,-0.00465494,-0.999738,0
5333,0,0,0,0,1008,236,6577,3020,9597,-0.0128184,-0.0331241,-0.999369,0
5341,0,0,0,0,915,235,6491,1829,8320,0.0131327,-0.00174475,-0.999912,0
4782,0,0,0,0,812,226,5820,2632,8452,0.0390437,0.0138423,-0.999142,0
5207,0,0,0,0,993,271,6471,2760,9231,0.0309488,-0.0106295,-0.999464,0
6280,0,0,0,0,968,237,7485,2439,9924,0.00843602,-0.00836596,-0.999929,0
5584,0,0,0,0,872,214,6670,2110,8780,0.0407897,0.00852638,-0.999131,0
4851,0,0,0,0,867,220,5938,2404,8342,0.0216382,-0.0146297,-0.999659,0
5322,0,0,0,0,916,235,6473,2420,8893,0.0269894,-0.0192754,-0.99945,0
5606,0,0,0,0,915,237,6758,1807,8565,0.0235845,-0.0159435,-0.999595,0
2748,0,0,0,0,502,124,3374,1438,4812,0.0258828,-0.021497,-0.999434,0
4741,0,0,0,0,1070,324,6135,2612,8747,0.0306374,-0.0181412,-0.999366,0
5221,0,0,0,0,834,215,6270,2633,8903,0.0297664,0.0129957,-0.999472,0
2109,0,0,0,0,393,114,2616,1498,4114,0.011561,-0.00732796,-0.999906,0
1782,0,0,0,0,319,90,2191,821,3012,0.0336293,-0.00910817,-0.999393,0
5593,0,0,0,0,928,248,6769,2472,9241,0.0214132,-0.00131233,-0.99977,0
5172,0,0,0,0,936,255,6363,2895,9258,0.0251831,-0.018694,-0.999508,0
5582,0,0,0,0,894,243,6719,2221,8940,0.0286895,0.00749687,-0.99956,0
3569,0,0,0,0,632,166,4367,1808,6175,0.0175648,-0.00644339,-0.999825,0
5300,0,0,0,0,937,243,6480,2448,8928,0.0374702,0.00778429,-0.999267,0
5292,0,0,0,0,924,231,6447,2634,9081,0.0181893,-0.010632,-0.999778,0
5299,0,0,0,0,952,233,6484,2537,9021,0.0268805,-0.00973282,-0.999591,0
5643,0,0,0,0,976,249,6868,2149,9017,-0.00842465,-0.0161669,-0.999834,0
5202,0,0,0,0,973,247,6422,2644,9066,0.0202081,-0.0111431,-0.999734,0
5280,0,0,0,0,654,158,6092,1311,7403,0.0146992,-0.00360983,-0.999885,0
2095,0,0,0,0,338,83,2516,958,3474,0.0293028,-0.000423328,-0.99957,0
2288,0,0,0,0,422,102,2812,1286,4098,-0.00645239,-0.0343153,-0.99939,0
5435,0,0,0,0,975,266,6676,2732,9408,0.0299711,-0.0120617,-0.999478,0
5143,0,0,0,0,964,263,6370,3196,9566,0.0177895,-0.00831179,-0.999807,0
3644,0,0,0,0,636,185,4465,1699,6164,0.016516,-0.000314291,-0.999864,0
5328,0,0,0,0,1103,293,6724,2654,9378,0.0274437,-0.000803085,-0.999623,0
5367,0,0,0,0,886,217,6470,2627,9097,0.0383818,-0.0435475,-0.998314,0
5776,0,0,0,0,859,212,6847,2779,9626,0.0375037,-0.0226862,-0.999039,0
3541,0,0,0,0,590,167,4298,1858,6156,0.0193375,-0.00591223,-0.999796,0
4624,0,0,0,0,774,186,5584,2356,7940,0.0277947,-0.0111671,-0.999551,0
4694,0,0,0,0,744,180,5618,3012,8630,0.0324753,0.0126846,-0.999392,0
5242,0,0,0,0,819,247,6308,2689,8997,0.0205738,-0.0144063,-0.999685,0
5591,0,0,0,0,812,204,6607,2568,9175,0.0227628,-0.0130039,-0.999656,0
5308,0,0,0,0,763,233,6304,2496,8800,0.0308482,-0.00469343,-0.999513,0
5314,0,0,0,0,558,145,6017,1851,7868,0.0263882,-0.00446325,-0.999642,0
5354,0,0,0,0,767,193,6314,2452,8766,0.0380033,0.0418808,-0.9984,0
5812,0,0,0,0,818,197,6827,2629,9456,0.025231,0.0323753,-0.999157,0
3737,0,0,0,0,530,132,4399,1853,6252,0.0227794,0.0502221,-0.998478,0
5108,0,0,0,0,709,171,5988,2447,8435,0.0191144,0.0713188,-0.99727,0
4980,0,0,0,0,652,161,5793,2131,7924,-0.0184441,0.0822942,-0.996437,0
3526,0,0,0,0,446,111,4083,1784,5867,-0.0848138,-0.00255297,-0.996394,0
5612,0,0,0,0,746,202,6560,2149,8709,-0.0147381,0.0812358,-0.996586,0
6085,0,0,0,0,684,190,6959,2286,9245,-0.0103216,0.140874,-0.989974,0
3736,0,0,0,0,457,125,4318,1668,5986,0.00529707,0.210416,-0.977598,0
5432,0,0,0,0,648,172,6252,2348,8600,0.0402992,0.183716,-0.982153,0
5356,0,0,0,0,624,176,6156,2297,8453,0.0453818,0.142885,-0.988698,0
5292,0,0,0,0,538,136,5966,2230,8196,0.0665115,0.117243,-0.990874,0
6192,0,0,0,0,612,157,6961,2195,9156,0.0558205,0.127265,-0.990297,0
7637,0,0,0,0,570,151,8358,1190,9548,0.0562755,0.107395,-0.992622,0
5264,0,0,0,0,557,143,5964,1969,7933,0.0629837,0.117496,-0.991074,0
6302,0,0,0,0,676,148,7126,2139,9265,0.0712405,0.160514,-0.984459,0
3496,0,0,0,0,413,98,4007,1562,5569,0.0538592,0.12447,-0.990761,0
5278,0,0,0,0,601,139,6018,3572,9590,0.0889102,0.145106,-0.985413,0
2313,0,0,0,0,219,54,2586,935,3521,0.065991,0.146704,-0.986977,0
1177,0,0,0,0,139,34,1350,656,2006,0.069578,0.104262,-0.992113,0
2519,0,0,0,0,293,77,2889,1507,4396,0.0373804,0.134271,-0.990239,0
5138,0,0,0,0,602,159,5899,2548,8447,0.0368992,0.159276,-0.986544,0
5350,0,0,0,0,472,124,5946,2667,8613,0.0218669,0.152438,-0.988071,0
4392,0,0,0,0,397,106,4895,2367,7262,0.0429518,0.0866184,-0.995315,0
4530,0,0,0,0,404,104,5038,2295,7333,0.0362635,0.107097,-0.993587,0
4339,0,0,0,0,432,96,4867,1837,6704,0.0445174,0.116228,-0.992224,0
2926,0,0,0,0,250,62,3238,1713,4951,0.0432621,0.131726,-0.990342,0
4205,0,0,0,0,364,90,4659,2409,7068,0.0290291,0.147271,-0.98867,0
4468,0,0,0,0,382,97,4947,2337,7284,0.0398732,0.135627,-0.989957,0
5529,0,0,0,0,427,104,6060,2175,8235,0.0447515,0.129254,-0.990601,0
4431,0,0,0,0,452,112,4995,2477,7472,0.0392336,0.114414,-0.992658,0
4559,0,0,0,0,547,157,5263,2516,7779,0.0103111,0.152353,-0.988272,0
4676,0,0,0,0,618,170,5464,2260,7724,0.00343209,0.210186,-0.977655,0
4719,0,0,0,0,684,190,5593,2395,7988,-0.00717632,0.260192,-0.96553,0
4968,0,0,0,0,682,235,5885,2631,8516,0.0144047,0.196519,-0.980394,0
3171,0,0,0,0,521,141,3833,1751,5584,0.0193053,0.222104,-0.974832,0
4501,0,0,0,0,1046,289,5836,2146,7982,0.0406884,0.184333,-0.982021,0
5176,0,0,0,0,899,230,6305,2741,9046,0.0218466,0.227405,-0.973555,0
5330,0,0,0,0,1097,261,6688,2547,9235,0.0243792,0.158196,-0.987107,0
5412,0,0,0,0,1177,282,6871,2118,8989,0.0321166,0.176548,-0.983768,0
5908,0,0,0,0,1243,309,7460,2248,9708,0.0491529,0.134418,-0.989705,0
5492,0,0,0,0,1292,316,7100,2270,9370,0.0646545,0.128093,-0.989652,0
5785,0,0,0,0,1439,347,7571,2889,10460,0.0482698,0.201608,-0.978276,0
6010,0,0,0,0,1530,365,7905,1390,9295,0.0281737,0.170441,-0.984965,0
2598,0,0,0,0,689,164,3451,709,4160,0.0237863,0.105378,-0.994148,0
6462,0,0,0,0,1482,351,8295,2271,10566,0.0197845,0.134404,-0.990729,0
6552,0,0,0,0,1649,549,8750,1498,10248,0.0243955,0.140276,-0.989812,0
5644,0,0,0,0,1269,303,7216,1911,9127,-0.0153049,0.217593,-0.97592,0
3993,0,0,0,0,756,170,4919,1087,6006,0.0125307,0.166469,-0.985967,0
2307,0,0,0,0,463,116,2886,762,3648,0.0246235,0.118541,-0.992644,0
2157,0,0,0,0,452,110,2719,773,3492,0.0157653,0.122255,-0.992374,0
5400,0,0,0,0,1008,244,6652,1871,8523,0.00377705,0.126803,-0.991921,0
5925,0,0,0,0,1063,260,7248,1461,8709,-0.0155263,0.212108,-0.977123,0
4041,0,0,0,0,716,182,4939,1250,6189,-0.0254077,0.142076,-0.98953,0
3046,0,0,0,0,441,113,3600,991,4591,-0.0185003,0.117202,-0.992936,0
2026,0,0,0,0,384,95,2505,825,3330,-0.0242621,0.105082,-0.994168,0
5136,0,0,0,0,935,259,6330,1976,8306,-0.0244737,0.144512,-0.9892,0
6139,0,0,0,0,1101,272,7512,1510,9022,-0.0286823,0.143963,-0.989167,0
3758,0,0,0,0,741,168,4667,1544,6211,-0.0245022,0.15463,-0.987669,0
5588,0,0,0,0,977,280,6845,2352,9197,0.00291343,0.153615,-0.988127,0
4758,0,0,0,0,894,230,5882,2298,8180,-0.00610547,0.149019,-0.988816,0
2519,0,0,0,0,442,125,3086,1191,4277,-0.00773132,0.0817338,-0.996624,0
4372,0,0,0,0,773,187,5332,2014,7346,-0.000814392,0.0745087,-0.99722,0
4774,0,0,0,0,810,208,5792,2334,8126,-0.0215878,0.105439,-0.994191,0
4594,0,0,0,0,787,194,5575,2123,7698,-0.0178273,0.12517,-0.991975,0
4204,0,0,0,0,685,168,5057,1645,6702,-0.0259951,0.102829,-0.994359,0
3986,0,0,0,0,790,204,4980,2115,7095,-0.0150468,0.132174,-0.991112,0
3964,0,0,0,0,761,195,4920,2358,7278,0.0145565,0.1775,-0.984013,0
4600,0,0,0,0,845,195,5640,2437,8077,0.0289639,0.146424,-0.988798,0
4448,0,0,0,0,861,214,5523,2211,7734,0.0183557,0.204431,-0.978709,0
5648,0,0,0,0,858,210,6716,2561,9277,0.00415547,0.169164,-0.985579,0
4120,0,0,0,0,882,194,5196,2148,7344,-0.00069643,0.201744,-0.979438,0
4445,0,0,0,0,908,243,5596,2047,7643,0.0204741,0.213664,-0.976693,0
4589,0,0,0,0,898,220,5707,2028,7735,0.0231011,0.19105,-0.981308,0
5078,0,0,0,0,996,244,6318,2244,8562,0.00435576,0.153876,-0.98808,0
5195,0,0,0,0,999,256,6450,2632,9082,0.0288586,0.115615,-0.992875,0
5066,0,0,0,0,1040,316,6422,2132,8554,-0.00749692,0.138895,-0.990279,0
3417,0,0,0,0,701,175,4293,2049,6342,-0.00659063,0.1425,-0.989773,0
4501,0,0,0,0,947,237,5685,2329,8014,0.000718032,0.154135,-0.98805,0
5090,0,0,0,0,1037,293,6420,2858,9278,-0.00897737,0.18388,-0.982908,0
5087,0,0,0,0,1028,270,6385,2953,9338,-0.016757,0.156548,-0.987528,0
5038,0,0,0,0,1020,273,6331,2801,9132,-0.0246944,0.131674,-0.990985,0
5108,0,0,0,0,1029,269,6406,3260,9666,-0.097086,0.112128,-0.98894,0
5058,0,0,0,0,991,244,6293,2364,8657,-0.0827364,0.234154,-0.968673,0
5237,0,0,0,0,1025,275,6537,2332,8869,-0.0826389,0.259315,-0.962251,0
5008,0,0,0,0,970,237,6215,1919,8134,-0.0760971,0.224344,-0.971534,0
4560,0,0,0,0,876,263,5699,2030,7729,-0.0666928,0.229599,-0.970998,0
5131,0,0,0,0,1060,297,6488,2176,8664,-0.0524029,0.246466,-0.967734,0
5215,0,0,0,0,1002,220,6437,2441,8878,-0.0395568,0.25623,-0.965806,0
4761,0,0,0,0,819,223,5803,2217,8020,-0.0347242,0.234639,-0.971462,0
4930,0,0,0,0,825,226,5981,2262,8243,-0.0130099,0.251974,-0.967647,0
5126,0,0,0,0,716,191,6033,2514,8547,-0.066911,0.304205,-0.950254,0
5045,0,0,0,0,747,205,5997,2333,8330,-0.0365994,0.285726,-0.957612,0
2631,0,0,0,0,430,123,3184,1285,4469,-0.0809686,0.234758,-0.968676,0
3253,0,0,0,0,588,174,4015,1434,5449,-0.0900462,0.232395,-0.968444,0
5269,0,0,0,0,917,243,6429,2785,9214,-0.0844488,0.295245,-0.951682,0
5049,0,0,0,0,897,225,6171,2407,8578,-0.075325,0.194161,-0.978073,0
5165,0,0,0,0,931,237,6333,4167,10500,-0.0319295,0.206545,-0.977916,0
3536,0,0,0,0,601,172,4309,2429,6738,0.00138875,0.240611,-0.970621,0
3461,0,0,0,0,581,165,4207,1919,6126,0.00567542,0.232138,-0.972666,0
4963,0,0,0,0,728,202,5893,3420,9313,-0.0268313,0.111127,-0.993444,0
3270,0,0,0,0,434,123,3827,1824,5651,-0.00675431,0.0819402,-0.996614,0
4485,0,0,0,0,598,160,5243,2141,7384,-0.033213,0.0475085,-0.998319,0
4799,0,0,0,0,779,180,5758,2197,7955,0.0108041,0.151929,-0.988332,0
4770,0,0,0,0,760,139,5669,1809,7478,0.0234124,0.100443,-0.994667,0
2529,0,0,0,0,361,115,3005,1148,4153,0.0342181,0.0979072,-0.994607,0
4813,0,0,0,0,633,152,5598,2316,7914,0.0601648,0.164325,-0.98457,0
5075,0,0,0,0,531,140,5746,2277,8023,0.0668552,0.171753,-0.982869,0
4987,0,0,0,0,355,93,5435,1653,7088,0.0397672,0.186756,-0.981601,0
2648,0,0,0,0,249,65,2962,1325,4287,0.018861,0.187706,-0.982044,0
5297,0,0,0,0,425,118,5840,2311,8151,0.00519345,0.174391,-0.984663,0
4922,0,0,0,0,426,120,5468,2200,7668,0.0154465,0.18906,-0.981844,0
5551,0,0,0,0,392,110,6053,2468,8521,0.0135456,0.204616,-0.978749,0
3271,0,0,0,0,270,72,3613,1540,5153,0.0230341,0.150063,-0.988408,0
4649,0,0,0,0,374,101,5124,2435,7559,0.0313498,0.168195,-0.985255,0
4585,0,0,0,0,376,116,5077,2572,7649,0.0252362,0.154402,-0.987686,0
4528,0,0,0,0,403,124,5055,2504,7559,0.0263047,0.120692,-0.992341,0
5943,0,0,0,0,490,146,6579,2460,9039,0.0402336,0.152204,-0.98753,0
3295,0,0,0,0,365,107,3767,1494,5261,0.0383798,0.157361,-0.986795,0
4868,0,0,0,0,578,168,5614,2536,8150,0.0272863,0.177946,-0.983662,0
5107,0,0,0,0,889,251,6247,2528,8775,-0.00691428,0.238631,-0.971086,0
3475,0,0,0,0,402,105,3982,1371,5353,0.00114478,0.21466,-0.976688,0
1837,0,0,0,0,289,78,2204,1083,3287,0.0058945,0.162165,-0.986746,0
5274,0,0,0,0,881,235,6390,2745,9135,0.000148315,0.125883,-0.992045,0
4791,0,0,0,0,890,232,5913,2223,8136,0.0124491,0.159683,-0.98709,0
4065,0,0,0,0,1000,233,5298,1814,7112,0.0117543,0.125601,-0.992011,0
5836,0,0,0,0,1396,321,7553,2287,9840,0.0594364,0.150972,-0.98675,0
6229,0,0,0,0,1425,336,7990,1604,9594,0.0421378,0.139396,-0.98934,0
3250,0,0,0,0,696,169,4115,1126,5241,0.0103984,0.0990475,-0.995028,0
6400,0,0,0,0,1320,302,8022,2094,10116,0.0123858,0.132455,-0.991112,0
5720,0,0,0,0,1276,321,7317,1816,9133,-0.0182976,0.100712,-0.994747,0
3989,0,0,0,0,987,219,5195,1629,6824,-0.0287525,0.105306,-0.994024,0
4908,0,0,0,0,1082,288,6278,1843,8121,-0.0207596,0.100862,-0.994684,0
4702,0,0,0,0,956,264,5922,1937,7859,-0.0249766,0.111364,-0.993466,0
4523,0,0,0,0,918,244,5685,1852,7537,-0.0282227,0.124795,-0.991781,0
4470,0,0,0,0,888,195,5553,1819,7372,-0.0181016,0.119457,-0.992674,0
4695,0,0,0,0,896,221,5812,1842,7654,-0.013429,0.110463,-0.99379,0
4514,0,0,0,0,843,228,5585,1708,7293,-0.0112793,0.131456,-0.991258,0
4532,0,0,0,0,878,230,5640,1769,7409,-0.0261161,0.111012,-0.993476,0
5604,0,0,0,0,1083,327,7014,2289,9303,-0.0121904,0.131036,-0.991303,0
3991,0,0,0,0,756,200,4947,1576,6523,-0.0109258,0.112583,-0.993582,0
4126,0,0,0,0,902,205,5233,1491,6724,-0.0193643,0.125686,-0.991881,0
5666,0,0,0,0,1512,382,7560,2284,9844,0.0297831,0.210926,-0.977048,0
3005,0,0,0,0,514,129,3648,984,4632,0.0254167,0.176717,-0.983934,0
1885,0,0,0,0,345,88,2318,783,3101,-0.00515024,0.122967,-0.992397,0
5098,0,0,0,0,914,233,6245,2243,8488,0.0129097,0.215758,-0.976362,0
4685,0,0,0,0,973,235,5893,2063,7956,-0.000713377,0.243662,-0.96986,0
4983,0,0,0,0,924,237,6144,2296,8440,-0.00663555,0.295508,-0.955317,0
4860,0,0,0,0,999,241,6100,2319,8419,-0.0061011,0.336213,-0.941766,0
3443,0,0,0,0,709,170,4322,1485,5807,-0.00593306,0.317378,-0.94828,0
4555,0,0,0,0,946,235,5736,2131,7867,-0.0306728,0.302755,-0.952575,0
4963,0,0,0,0,1061,282,6306,3531,9837,-0.0344202,0.341867,-0.939118,0
5221,0,0,0,0,960,240,6421,2552,8973,-0.0173161,0.389588,-0.920826,0
5061,0,0,0,0,1048,256,6365,2407,8772,0.0313601,0.311626,-0.949687,0
5189,0,0,0,0,1022,251,6462,2685,9147,0.0321671,0.298479,-0.953874,0
4997,0,0,0,0,1121,279,6397,2689,9086,0.0638878,0.315432,-0.946795,0
5282,0,0,0,0,978,233,6493,2643,9136,0.0264895,0.39484,-0.918368,0
5307,0,0,0,0,1014,263,6584,1583,8167,0.0312148,0.356451,-0.933793,0
2778,0,0,0,0,497,124,3399,991,4390,-0.0136655,0.305888,-0.951969,0
3126,0,0,0,0,523,126,3775,1321,5096,-0.0465389,0.325879,-0.944265,0
4789,0,0,0,0,794,190,5773,2376,8149,-0.0623505,0.325676,-0.943423,0
4667,0,0,0,0,711,206,5584,2311,7895,-0.0717287,0.34744,-0.934955,0
3211,0,0,0,0,452,116,3779,1551,5330,-0.0105794,0.26591,-0.96394,0
3183,0,0,0,0,426,122,3731,1503,5234,0.037898,0.227693,-0.972995,0
5113,0,0,0,0,624,199,5936,6113,12049,0.0261773,0.288818,-0.957026,0
2613,0,0,0,0,322,85,3020,1038,4058,0.0144308,0.206445,-0.978352,0
1839,0,0,0,0,206,59,2104,874,2978,0.00940804,0.16696,-0.985919,0
5110,0,0,0,0,515,141,5766,2459,8225,0.0152057,0.230405,-0.972976,0
5354,0,0,0,0,573,152,6079,2265,8344,0.0337537,0.219231,-0.975089,0
5322,0,0,0,0,434,127,5883,2272,8155,0.0204569,0.258354,-0.965834,0
3096,0,0,0,0,319,92,3507,1544,5051,0.0174557,0.18163,-0.983212,0
3311,0,0,0,0,321,93,3725,1529,5254,0.0205364,0.170015,-0.985227,0
3847,0,0,0,0,414,109,4370,2628,6998,0.0192243,0.147975,-0.988804,0
4135,0,0,0,0,389,104,4628,2143,6771,-0.00190908,0.212986,-0.977053,0
4972,0,0,0,0,537,152,5661,2284,7945,0.0298303,0.131434,-0.990876,0
5241,0,0,0,0,544,155,5940,1647,7587,0.0350385,0.135711,-0.990129,0
4909,0,0,0,0,526,143,5578,2171,7749,0.0321985,0.19823,-0.979627,0
3204,0,0,0,0,465,107,3776,1549,5325,0.0350347,0.124577,-0.991591,0
4890,0,0,0,0,703,207,5800,2006,7806,0.013115,0.215153,-0.976492,0
4685,0,0,0,0,709,188,5582,3391,8973,0.0185576,0.149925,-0.988523,0
4569,0,0,0,0,714,196,5479,2560,8039,-0.0288972,0.194986,-0.98038,0
4812,0,0,0,0,749,203,5764,2526,8290,-0.012075,0.171152,-0.985171,0
4672,0,0,0,0,818,203,5693,1931,7624,0.00401763,0.175692,-0.984437,0
5882,0,0,0,0,824,221,6927,2088,9015,0.0143644,0.12355,-0.992234,0
5428,0,0,0,0,996,255,6679,3469,10148,0.0733706,0.125321,-0.9894,0
5508,0,0,0,0,1077,256,6841,2253,9094,0.0411927,0.184803,-0.981912,0
2975,0,0,0,0,630,119,3724,1057,4781,0.0658754,0.113013,-0.991407,0
2206,0,0,0,0,452,109,2767,889,3656,0.0711013,0.112958,-0.991053,0
6048,0,0,0,0,1320,286,7654,2405,10059,0.0529758,0.0985419,-0.993722,0
2976,0,0,0,0,587,142,3705,1314,5019,0.0167581,0.12586,-0.991907,0
5525,0,0,0,0,1061,282,6868,2076,8944,-0.0139986,0.0944535,-0.995431,0
5115,0,0,0,0,1042,227,6384,2524,8908,-0.0161874,0.105901,-0.994245,0
4809,0,0,0,0,846,249,5904,2282,8186,-0.0332384,0.0614878,-0.997554,0
4936,0,0,0,0,794,198,5928,1890,7818,-0.0232295,-0.00302894,-0.999726,0
3624,0,0,0,0,587,159,4370,1555,5925,-0.0016459,0.0108532,-0.99994,0
5561,0,0,0,0,948,219,6728,2152,8880,0.00532251,0.0168502,-0.999844,0
4974,0,0,0,0,868,230,6072,2126,8198,-0.00446148,0.0273131,-0.999617,0
5469,0,0,0,0,1039,259,6767,1837,8604,-0.0194124,0.0377526,-0.999099,0
5571,0,0,0,0,936,261,6768,2698,9466,-0.0113988,0.130046,-0.991442,0
3716,0,0,0,0,507,144,4367,1204,5571,-0.0160219,0.0361001,-0.99922,0
1962,0,0,0,0,341,86,2389,824,3213,-0.0228835,0.0381357,-0.999011,0
4914,0,0,0,0,866,239,6019,2089,8108,-0.0222093,0.073885,-0.997019,0
5700,0,0,0,0,1031,272,7003,2259,9262,-0.0175901,0.0385926,-0.9991,0
3484,0,0,0,0,608,183,4275,1535,5810,-0.0127456,0.0661801,-0.997726,0
4353,0,0,0,0,805,217,5375,1873,7248,-0.00831179,0.0472499,-0.998849,0
4248,0,0,0,0,768,267,5283,1923,7206,-0.012187,0.105192,-0.994377,0
4639,0,0,0,0,930,250,5819,2131,7950,-0.00675863,0.178475,-0.983921,0
4478,0,0,0,0,917,232,5627,2032,7659,-0.0121514,0.161886,-0.986735,0
3246,0,0,0,0,664,164,4074,1187,5261,-0.016751,0.0823085,-0.996466,0
3756,0,0,0,0,802,186,4744,1683,6427,-0.0117009,0.153554,-0.988071,0
4617,0,0,0,0,948,221,5786,1993,7779,-0.0275457,0.174977,-0.984187,0
4982,0,0,0,0,1007,255,6244,2328,8572,0.00131115,0.329487,-0.944159,0
4918,0,0,0,0,974,235,6127,2239,8366,0.0125459,0.359847,-0.932927,0
2673,0,0,0,0,485,136,3294,939,4233,0.0113919,0.277229,-0.960736,0
4670,0,0,0,0,810,237,5717,2080,7797,-0.00081496,0.253546,-0.967323,0
5348,0,0,0,0,926,233,6507,2256,8763,0.00668817,0.254045,-0.967169,0
4877,0,0,0,0,802,203,5882,2011,7893,0.0139802,0.229994,-0.973092,0
4303,0,0,0,0,784,232,5319,1979,7298,0.0284089,0.249639,-0.967922,0
4773,0,0,0,0,812,211,5796,2048,7844,0.0229059,0.255059,-0.966654,0
5008,0,0,0,0,912,238,6158,2007,8165,0.0420652,0.2433,-0.969038,0
5124,0,0,0,0,959,265,6348,2239,8587,0.0479615,0.218462,-0.974666,0
5188,0,0,0,0,869,222,6279,2094,8373,0.0315027,0.183987,-0.982424,0
5335,0,0,0,0,942,236,6513,2363,8876,0.0146548,0.159061,-0.98716,0
5271,0,0,0,0,927,218,6416,2265,8681,0.00235709,0.158621,-0.987337,0
4969,0,0,0,0,941,244,6154,2297,8451,-0.0293676,0.182952,-0.982683,0
5348,0,0,0,0,983,265,6596,2240,8836,0.00181543,0.172965,-0.984926,0
4991,0,0,0,0,1042,284,6317,2067,8384,0.0250632,0.168206,-0.985433,0
5298,0,0,0,0,1052,285,6635,1937,8572,0.0414407,0.139677,-0.98933,0
4565,0,0,0,0,926,307,5798,2134,7932,0.0450678,0.152023,-0.987349,0
4802,0,0,0,0,908,261,5971,2016,7987,0.0385037,0.132139,-0.990483,0
5416,0,0,0,0,968,242,6626,2153,8779,0.0453764,0.121499,-0.991554,0
4701,0,0,0,0,882,239,5822,1941,7763,0.0495271,0.11734,-0.991856,0
5125,0,0,0,0,1005,276,6406,2162,8568,0.0494519,0.093072,-0.994431,0
5094,0,0,0,0,1012,275,6381,2292,8673,0.0407943,0.114945,-0.992534,0
4565,0,0,0,0,930,238,5733,1894,7627,0.0446264,0.14243,-0.988798,0
4626,0,0,0,0,880,209,5715,2044,7759,0.0324547,0.122957,-0.991881,0
5158,0,0,0,0,980,231,6369,2164,8533,0.0511849,0.131663,-0.989972,0
5033,0,0,0,0,961,255,6249,2327,8576,0.0543903,0.12251,-0.990976,0
5220,0,0,0,0,911,224,6355,2236,8591,0.0586785,0.121348,-0.990874,0
5262,0,0,0,0,970,224,6456,2168,8624,0.0501342,0.108913,-0.992786,0
5106,0,0,0,0,964,225,6295,2064,8359,0.0563797,0.118085,-0.991402,0
5140,0,0,0,0,975,222,6337,2034,8371,0.0684776,0.112644,-0.991273,0
3510,0,0,0,0,637,154,4301,1645,5946,0.0748387,0.119953,-0.989955,0
5101,0,0,0,0,965,223,6289,2078,8367,0.0568647,0.0902793,-0.994292,0
5217,0,0,0,0,904,214,6335,3148,9483,0.0304924,0.0701714,-0.997069,0
3731,0,0,0,0,622,158,4511,1993,6504,0.00944429,0.0862523,-0.996229,0
5425,0,0,0,0,807,196,6428,2167,8595,0.0111095,0.0645141,-0.997855,0
4524,0,0,0,0,813,193,5530,2136,7666,0.0289438,0.0201002,-0.999379,0
4594,0,0,0,0,804,197,5595,2461,8056,0.0311907,0.12108,-0.992153,0
5038,0,0,0,0,914,240,6192,2109,8301,0.0266137,0.120328,-0.992377,0
5072,0,0,0,0,919,216,6207,2156,8363,0.0420193,0.122168,-0.99162,0
3511,0,0,0,0,655,149,4315,1502,5817,0.0302007,0.115054,-0.9929,0
5106,0,0,0,0,932,259,6297,2235,8532,0.013931,0.123683,-0.992224,0
5471,0,0,0,0,929,232,6632,2276,8908,0.0123416,0.108884,-0.993978,0
3687,0,0,0,0,659,149,4495,1481,5976,0.00945853,0.117407,-0.993039,0
3484,0,0,0,0,714,209,4407,1451,5858,0.015553,0.102081,-0.994655,0
3553,0,0,0,0,651,163,4367,1427,5794,0.0245095,0.0862372,-0.995973,0
5284,0,0,0,0,923,253,6460,3199,9659,0.0405092,-0.0252956,-0.998859,0
5134,0,0,0,0,907,253,6294,2387,8681,0.0167909,-0.0224762,-0.999606,0
2801,0,0,0,0,466,134,3401,1643,5044,0.0314222,-0.00807957,-0.999474,0
5034,0,0,0,0,859,256,6149,2686,8835,0.0266849,0.112162,-0.993332,0
5144,0,0,0,0,864,217,6225,1925,8150,0.0275103,0.126628,-0.991569,0
4642,0,0,0,0,815,198,5655,1991,7646,0.0422081,0.110783,-0.992948,0
5049,0,0,0,0,856,211,6116,2051,8167,0.0375671,0.107783,-0.993464,0
5070,0,0,0,0,862,209,6141,2239,8380,0.0301227,0.0958982,-0.994935,0
5097,0,0,0,0,866,219,6182,1992,8174,0.0310604,0.116329,-0.992725,0
5031,0,0,0,0,745,148,5924,1507,7431,0.0366622,0.115354,-0.992648,0
3219,0,0,0,0,591,157,3967,1427,5394,0.030972,0.102686,-0.994232,0
5089,0,0,0,0,928,250,6267,2187,8454,0.037062,0.0754806,-0.996458,0
5032,0,0,0,0,912,256,6200,3147,9347,0.0243496,0.130726,-0.991119,0
5043,0,0,0,0,912,286,6241,2119,8360,0.0299584,0.114183,-0.993008,0
5846,0,0,0,0,901,281,7028,2107,9135,0.0316116,0.107173,-0.993738,0
3433,0,0,0,0,619,165,4217,1473,5690,0.0141732,0.112343,-0.993568,0
5031,0,0,0,0,913,249,6193,1992,8185,0.0229169,0.0970621,-0.995014,0
4643,0,0,0,0,922,255,5820,2044,7864,0.0249753,0.0965593,-0.995014,0
5180,0,0,0,0,915,214,6309,2281,8590,0.0172965,0.0518674,-0.998504,0
5429,0,0,0,0,905,221,6555,2322,8877,0.021115,0.132268,-0.990989,0
5155,0,0,0,0,873,218,6246,2350,8596,0.0118941,0.117017,-0.993059,0
5201,0,0,0,0,895,221,6317,2150,8467,0.0300363,0.113752,-0.993055,0
5074,0,0,0,0,912,254,6240,2202,8442,0.022562,0.110769,-0.99359,0
5040,0,0,0,0,961,258,6259,1988,8247,0.0242988,0.112444,-0.993361,0
4979,0,0,0,0,878,256,6113,2065,8178,0.0186919,0.106761,-0.994109,0
5289,0,0,0,0,1022,248,6559,2062,8621,0.0196614,0.105863,-0.994186,0
5083,0,0,0,0,897,247,6227,2061,8288,0.0238574,0.0935421,-0.995329,0
5106,0,0,0,0,1001,256,6363,1978,8341,0.0189673,0.0646859,-0.997725,0
4857,0,0,0,0,772,209,5838,2211,8049,0.0371735,-0.00452713,-0.999299,0
5211,0,0,0,0,985,250,6446,3785,10231,0.0246215,0.0981297,-0.994869,0
5248,0,0,0,0,925,216,6389,2042,8431,0.0217111,0.0960589,-0.995139,0
5141,0,0,0,0,1027,250,6418,2269,8687,0.0258234,0.0847606,-0.996067,0
5173,0,0,0,0,981,259,6413,2771,9184,0.0327048,0.124892,-0.991631,0
5015,0,0,0,0,1038,216,6269,2939,9208,0.0259522,0.129971,-0.991178,0
5034,0,0,0,0,902,216,6152,1982,8134,0.0195187,0.123715,-0.992126,0
5148,0,0,0,0,919,218,6285,2066,8351,0.0170276,0.132736,-0.991005,0
4555,0,0,0,0,637,151,5343,1176,6519,0.0230107,0.107022,-0.99399,0
2378,0,0,0,0,394,92,2864,982,3846,0.0250342,0.102726,-0.994395,0
4885,0,0,0,0,858,192,5935,1856,7791,0.0172299,0.113633,-0.993373,0
5037,0,0,0,0,938,250,6225,2047,8272,0.0264888,0.112287,-0.993323,0
4715,0,0,0,0,844,195,5754,1850,7604,0.0328583,0.10279,-0.99416,0
4517,0,0,0,0,835,192,5544,1698,7242,0.0299103,0.102052,-0.994329,0
4712,0,0,0,0,788,201,5701,1708,7409,0.0194504,0.10965,-0.99378,0
4822,0,0,0,0,822,195,5839,1908,7747,0.0222101,0.108087,-0.993893,0
4780,0,0,0,0,925,242,5947,2046,7993,0.0198482,0.0974411,-0.995043,0
4635,0,0,0,0,772,190,5597,1911,7508,0.0187259,0.112334,-0.993494,0
5277,0,0,0,0,894,217,6388,2098,8486,0.0163589,0.101402,-0.994711,0
4643,0,0,0,0,811,191,5645,1871,7516,0.0144611,0.097358,-0.995144,0
4907,0,0,0,0,832,206,5945,1949,7894,0.0190404,0.110829,-0.993657,0
4791,0,0,0,0,1032,256,6079,1857,7936,0.0301147,0.101033,-0.994427,0
4478,0,0,0,0,856,223,5557,2040,7597,0.028053,0.0979485,-0.994796,0
5225,0,0,0,0,777,192,6194,1956,8150,0.0225215,0.0980329,-0.994928,0
4632,0,0,0,0,805,224,5661,1885,7546,0.0160358,0.118171,-0.992864,0
4670,0,0,0,0,874,226,5770,1965,7735,0.0235169,0.0994159,-0.994768,0
4614,0,0,0,0,828,235,5677,2781,8458,0.0226097,0.0986953,-0.994861,0
4600,0,0,0,0,834,223,5657,1922,7579,0.0244295,0.0973954,-0.994946,0
3303,0,0,0,0,591,165,4059,1384,5443,0.0262926,0.0915395,-0.995454,0
4422,0,0,0,0,714,205,5341,2426,7767,0.0450099,0.116268,-0.992197,0
4589,0,0,0,0,832,199,5620,1768,7388,0.0406519,0.103466,-0.993802,0
4153,0,0,0,0,711,249,5113,1766,6879,0.0481793,0.102138,-0.993603,0
5321,0,0,0,0,908,245,6474,2130,8604,0.0378299,0.0783618,-0.996207,0
4499,0,0,0,0,791,196,5486,2691,8177,0.0215209,0.116717,-0.992932,0
5137,0,0,0,0,885,215,6237,1897,8134,0.0272726,0.0972382,-0.994887,0
5068,0,0,0,0,1059,217,6344,1896,8240,0.0245662,0.098157,-0.994868,0
4478,0,0,0,0,776,191,5445,1838,7283,0.0204209,0.10951,-0.993776,0
5065,0,0,0,0,888,232,6185,1976,8161,0.0234678,0.122083,-0.992242,0
4962,0,0,0,0,1062,219,6243,2083,8326,0.0240114,0.119445,-0.99255,0
5121,0,0,0,0,990,219,6330,2123,8453,0.0219585,0.109041,-0.993795,0
4996,0,0,0,0,919,215,6130,2212,8342,0.0172909,0.119695,-0.99266,0
4519,0,0,0,0,857,250,5626,1908,7534,0.0266783,0.109251,-0.993656,0
4522,0,0,0,0,781,200,5503,2515,8018,0.0160804,0.108361,-0.993982,0
5059,0,0,0,0,863,216,6138,2081,8219,0.0233676,0.10252,-0.994456,0
5096,0,0,0,0,971,214,6281,2088,8369,0.0179517,0.108441,-0.993941,0
5040,0,0,0,0,941,216,6197,3304,9501,0.0218789,0.113329,-0.993317,0
4732,0,0,0,0,627,170,5529,1444,6973,0.0182611,0.0946987,-0.995338,0
4619,0,0,0,0,849,191,5659,1879,7538,0.0206474,0.0910669,-0.995631,0
5644,0,0,0,0,936,256,6836,2249,9085,0.0282712,0.0115905,-0.999533,0
4324,0,0,0,0,594,152,5070,1403,6473,0.0367766,0.114198,-0.992777,0
2622,0,0,0,0,481,111,3214,1065,4279,0.0434273,0.106436,-0.993371,0
4742,0,0,0,0,775,192,5709,1864,7573,0.0531028,0.101291,-0.993439,0
4518,0,0,0,0,777,191,5486,2052,7538,0.0349863,0.092017,-0.995143,0
5129,0,0,0,0,864,213,6206,1989,8195,-0.00513446,0.0624211,-0.998037,0
5002,0,0,0,0,869,214,6085,2026,8111,0.0301804,0.0579367,-0.997864,0
5082,0,0,0,0,913,221,6216,2840,9056,0.00888943,0.0981858,-0.995128,0
4617,0,0,0,0,839,224,5680,3071,8751,0.0101203,0.109275,-0.99396,0
4624,0,0,0,0,849,197,5670,1947,7617,0.00996965,0.116087,-0.993189,1
3280,0,0,0,0,599,140,4019,1396,5415,0.0118426,0.127265,-0.991798,1
4718,0,0,0,0,820,212,5750,2118,7868,0.020073,0.125063,-0.991946,1
5457,0,0,0,0,825,197,6479,1955,8434,0.0126614,0.122374,-0.992403,1
4552,0,0,0,0,829,195,5576,1943,7519,0.0176841,0.119604,-0.992664,1
5015,0,0,0,0,928,218,6161,2172,8333,0.00945123,0.117749,-0.992998,1
4584,0,0,0,0,857,285,5726,1954,7680,-0.0103078,0.115844,-0.993214,1
5140,0,0,0,0,934,233,6307,2051,8358,0.0288052,0.112062,-0.993284,1
4980,0,0,0,0,887,226,6093,2453,8546,0.0278228,0.112108,-0.993306,1
4850,0,0,0,0,853,246,5949,2153,8102,0.0236133,0.108956,-0.993766,1
4533,0,0,0,0,794,192,5519,1894,7413,0.0296992,0.101558,-0.994386,1
4806,0,0,0,0,792,190,5788,1886,7674,0.0248371,0.103371,-0.994333,1
4981,0,0,0,0,793,220,5994,1855,7849,0.0258486,0.0963321,-0.995014,1
4668,0,0,0,0,846,191,5705,1802,7507,0.022719,0.0967808,-0.995046,1
5298,0,0,0,0,860,211,6369,2313,8682,0.0298927,0.0932424,-0.995195,1
4497,0,0,0,0,776,196,5469,2562,8031,0.0421862,-0.014087,-0.99901,1
4895,0,0,0,0,889,255,6039,2609,8648,0.0361418,0.107609,-0.993536,1
4726,0,0,0,0,801,191,5718,1893,7611,0.0345801,0.119877,-0.992186,1
4490,0,0,0,0,772,190,5452,1896,7348,0.0230501,0.10487,-0.994219,1
5289,0,0,0,0,779,225,6293,1943,8236,0.019848,0.104007,-0.994379,1
4639,0,0,0,0,854,193,5686,1823,7509,0.0322914,0.091985,-0.995237,1
4837,0,0,0,0,842,201,5880,2496,8376,0.0362238,0.105424,-0.993767,1
4647,0,0,0,0,790,241,5678,1684,7362,0.0221846,0.127207,-0.991628,1
4445,0,0,0,0,796,203,5444,1812,7256,0.0176481,0.111962,-0.993556,1
4151,0,0,0,0,765,178,5094,1809,6903,0.0202257,0.118565,-0.99274,1
4114,0,0,0,0,708,186,5008,1808,6816,0.0155389,0.120081,-0.992642,1
5397,0,0,0,0,871,231,6499,2066,8565,0.0192494,0.118423,-0.992777,1
5402,0,0,0,0,965,228,6595,2194,8789,0.0239973,0.106368,-0.994037,1
5378,0,0,0,0,891,231,6500,2058,8558,0.0197858,0.107753,-0.993981,1
5428,0,0,0,0,876,229,6533,1394,7927,0.0180661,0.0952394,-0.99529,1
3641,0,0,0,0,632,157,4430,1452,5882,0.0183998,0.0988442,-0.994933,1
4742,0,0,0,0,1164,297,6203,1940,8143,0.0161286,0.0972708,-0.995127,1
5296,0,0,0,0,873,217,6386,2521,8907,0.0181693,0.0986465,-0.994957,1
5003,0,0,0,0,974,277,6254,2027,8281,0.0184579,0.109215,-0.993847,1
5234,0,0,0,0,913,216,6363,2050,8413,0.0169706,0.118671,-0.992789,1
5382,0,0,0,0,855,198,6435,2083,8518,0.00714967,0.133267,-0.991054,1
4822,0,0,0,0,896,199,5917,2052,7969,0.00621095,0.111909,-0.993699,1
5488,0,0,0,0,922,221,6631,2233,8864,0.0369534,0.121416,-0.991914,1
5186,0,0,0,0,968,216,6370,1867,8237,0.0298004,0.107846,-0.993721,1
4689,0,0,0,0,821,223,5733,1986,7719,0.0197608,0.104981,-0.994278,1
4515,0,0,0,0,781,193,5489,1887,7376,0.0111135,0.103863,-0.994529,1
4590,0,0,0,0,825,215,5630,1910,7540,0.00887705,0.0952055,-0.995418,1
4588,0,0,0,0,818,195,5601,1927,7528,0.0139614,0.099803,-0.994909,1
4538,0,0,0,0,785,199,5522,1967,7489,0.0184139,0.103072,-0.994503,1
4540,0,0,0,0,838,196,5574,1937,7511,0.0236989,0.105594,-0.994127,1
5280,0,0,0,0,924,219,6423,2032,8455,0.0236031,0.0951663,-0.995182,1
5327,0,0,0,0,863,234,6424,2131,8555,0.0229866,0.0911977,-0.995567,1
4603,0,0,0,0,813,189,5605,1860,7465,0.0190316,0.0920515,-0.995572,1
5131,0,0,0,0,866,212,6209,1844,8053,0.0190241,0.0891988,-0.995832,1
4606,0,0,0,0,767,187,5560,2032,7592,0.0177839,0.100135,-0.994815,1
4520,0,0,0,0,772,199,5491,1844,7335,0.00880298,0.117369,-0.993049,1
5086,0,0,0,0,920,220,6226,2113,8339,0.0173769,0.112152,-0.993539,1
5093,0,0,0,0,882,218,6193,1815,8008,0.0251111,0.105061,-0.994149,1
4884,0,0,0,0,802,199,5885,1835,7720,0.028777,0.110182,-0.993495,1
5129,0,0,0,0,925,225,6279,1931,8210,0.0315779,0.0937431,-0.995096,1
4677,0,0,0,0,839,202,5718,1943,7661,0.0423384,0.0658391,-0.996932,1
5070,0,0,0,0,971,242,6283,2724,9007,0.0243236,0.0304709,-0.99924,1
5171,0,0,0,0,1060,255,6486,2889,9375,0.025802,0.0922976,-0.995397,1
3371,0,0,0,0,500,121,3992,1187,5179,0.0195017,0.0947132,-0.995314,1
5182,0,0,0,0,946,261,6389,2088,8477,0.0282779,0.0988871,-0.994697,1
4751,0,0,0,0,895,216,5862,1964,7826,0.0341047,0.092388,-0.995139,1
4628,0,0,0,0,875,271,5774,1997,7771,0.0351937,0.0946552,-0.994888,1
5020,0,0,0,0,1033,271,6324,2080,8404,0.0345215,0.102631,-0.99412,1
4502,0,0,0,0,876,203,5581,1934,7515,0.0402228,0.0837321,-0.995676,1
5114,0,0,0,0,949,256,6319,2755,9074,0.0377855,0.095663,-0.994696,1
4653,0,0,0,0,883,290,5826,2063,7889,0.0344106,0.102774,-0.994109,1
4895,0,0,0,0,891,234,6020,1815,7835,0.0317904,0.118382,-0.992459,1
4857,0,0,0,0,879,212,5948,1896,7844,0.0364924,0.156221,-0.987048,1
4710,0,0,0,0,905,214,5829,2010,7839,0.04328,0.152077,-0.987421,1
4986,0,0,0,0,1186,219,6391,2075,8466,0.0449762,0.195304,-0.979711,1
4839,0,0,0,0,907,252,5998,2144,8142,0.0343597,0.199461,-0.979303,1
3493,0,0,0,0,637,158,4288,1470,5758,0.0681062,0.187764,-0.97985,1
3379,0,0,0,0,679,164,4222,1398,5620,0.0679566,0.200571,-0.977319,1
4695,0,0,0,0,924,267,5886,1993,7879,0.0584515,0.195733,-0.978914,1
4741,0,0,0,0,851,218,5810,2754,8564,0.0390548,0.157131,-0.986805,1
4710,0,0,0,0,914,217,5841,2048,7889,0.0364289,0.148426,-0.988252,1
5524,0,0,0,0,989,263,6776,2158,8934,0.0357837,0.125818,-0.991408,1
4956,0,0,0,0,1263,266,6485,1774,8259,0.0461588,0.13717,-0.989471,1
3350,0,0,0,0,648,173,4171,1501,5672,0.0501239,0.0459969,-0.997683,1
5075,0,0,0,0,931,249,6255,2335,8590,0.0583435,0.0921315,-0.994036,1
4745,0,0,0,0,855,217,5817,1612,7429,0.0414143,0.029405,-0.998709,1
3358,0,0,0,0,563,167,4088,1303,5391,0.0290065,0.0509867,-0.998278,1
4803,0,0,0,0,887,210,5900,1990,7890,0.0348155,0.0448347,-0.998388,1
4538,0,0,0,0,894,206,5638,1951,7589,0.0202923,0.0782949,-0.996724,1
4479,0,0,0,0,759,204,5442,2203,7645,0.0358955,0.100618,-0.994277,1
5155,0,0,0,0,818,227,6200,2098,8298,0.0490996,0.0536372,-0.997353,1
4808,0,0,0,0,755,191,5754,2088,7842,0.0356055,0.166221,-0.985446,1
1415,0,0,0,0,201,54,1670,603,2273,0.0427268,0.0976262,-0.994306,1
4964,0,0,0,0,649,189,5802,1941,7743,0.0262718,0.13938,-0.98989,1
4727,0,0,0,0,672,161,5560,1445,7005,0.0427162,0.111304,-0.992868,1
4568,0,0,0,0,549,141,5258,2055,7313,0.0352877,0.115189,-0.992717,1
5076,0,0,0,0,610,161,5847,2406,8253,0.0222299,0.135997,-0.99046,1
4566,0,0,0,0,646,162,5374,2133,7507,0.0510618,0.150963,-0.98722,1
5112,0,0,0,0,725,187,6024,2800,8824,0.0394989,0.120527,-0.991924,1
4587,0,0,0,0,647,177,5411,2018,7429,0.0217023,0.173136,-0.984659,1
4944,0,0,0,0,654,167,5765,2222,7987,0.0417853,0.0932474,-0.994766,1
4866,0,0,0,0,704,194,5764,2210,7974,0.0418301,0.0962802,-0.994475,1
4782,0,0,0,0,771,201,5754,2613,8367,0.0452175,0.0553777,-0.997441,1
4805,0,0,0,0,797,203,5805,1742,7547,0.0347818,0.0934065,-0.99502,1
4332,0,0,0,0,743,232,5307,2879,8186,0.0398963,0.044154,-0.998228,1
4790,0,0,0,0,888,258,5936,2129,8065,0.0352242,0.02439,-0.999082,1
4717,0,0,0,0,831,212,5760,2659,8419,0.0330347,-0.0123484,-0.999378,1
4914,0,0,0,0,816,263,5993,2100,8093,0.0263037,0.0154923,-0.999534,1
5333,0,0,0,0,993,239,6565,2142,8707,0.0404575,0.0345378,-0.998584,1
5214,0,0,0,0,1021,265,6500,2339,8839,0.0615202,0.100797,-0.993003,1
4764,0,0,0,0,1186,248,6198,2976,9174,0.128546,0.0355826,-0.991065,1
4695,0,0,0,0,942,231,5868,1944,7812,0.0223352,0.0966905,-0.995064,1
2680,0,0,0,0,533,133,3346,1609,4955,0.131436,-0.00945731,-0.99128,1
5008,0,0,0,0,1022,248,6278,2335,8613,-0.0148312,0.117463,-0.992967,1
5504,0,0,0,0,1060,292,6856,3022,9878,0.161378,-0.0538603,-0.985422,1
5314,0,0,0,0,1199,278,6791,4018,10809,0.100202,-0.0196906,-0.994772,1
4921,0,0,0,0,1316,341,6578,2511,9089,0.0385853,0.0196821,-0.999061,1
5433,0,0,0,0,1180,267,6880,2377,9257,0.00124664,-0.0509364,-0.998701,1
5190,0,0,0,0,1112,280,6582,2153,8735,-0.0297918,-0.000331348,-0.999556,1
6922,0,0,0,0,1263,298,8483,2312,10795,-0.0236486,-0.0561958,-0.99814,1
3994,0,0,0,0,901,203,5098,1630,6728,-0.00665741,-0.0670389,-0.997728,1
6122,0,0,0,0,1242,289,7653,2130,9783,-0.0217224,-0.0744354,-0.996989,1
5801,0,0,0,0,1154,307,7262,1958,9220,0.00543713,-0.0961524,-0.995352,1
5537,0,0,0,0,1067,287,6891,2046,8937,0.00132836,-0.100516,-0.994935,1
3881,0,0,0,0,834,194,4909,1324,6233,-0.0328755,-0.0961118,-0.994827,1
5405,0,0,0,0,1112,292,6809,3122,9931,-0.0256771,-0.0724763,-0.99704,1
3836,0,0,0,0,680,186,4702,1522,6224,-0.0351924,-0.0683372,-0.997041,1
5218,0,0,0,0,937,224,6379,2207,8586,-0.0574529,-0.0698097,-0.995904,1
5240,0,0,0,0,1000,221,6461,1524,7985,-0.0595183,-0.047837,-0.99708,1
3644,0,0,0,0,606,188,4438,2312,6750,-0.0598381,-0.0820938,-0.994827,1
5680,0,0,0,0,1053,262,6995,2364,9359,-0.0261043,-0.0184479,-0.999489,1
5289,0,0,0,0,960,282,6531,1830,8361,0.00321487,-0.00155369,-0.999994,1
3245,0,0,0,0,614,150,4009,1498,5507,0.0163844,-0.0551993,-0.998341,1
5164,0,0,0,0,896,253,6313,2322,8635,0.0122224,0.00951181,-0.99988,1
4734,0,0,0,0,900,223,5857,2219,8076,-0.00375844,0.00949394,-0.999948,1
5287,0,0,0,0,1012,279,6578,2549,9127,-0.0191045,0.0239796,-0.99953,1
4644,0,0,0,0,912,239,5795,3058,8853,-0.0112888,0.0956448,-0.995352,1
4987,0,0,0,0,1024,237,6248,2312,8560,-0.0131319,0.028714,-0.999501,1
4696,0,0,0,0,937,268,5901,2217,8118,0.00335689,0.035004,-0.999382,1
5046,0,0,0,0,991,280,6317,2142,8459,0.0117976,0.020331,-0.999724,1
4659,0,0,0,0,940,252,5851,2143,7994,0.00363735,0.0416768,-0.999125,1
5060,0,0,0,0,969,285,6314,2316,8630,-0.0277646,0.169743,-0.985097,1
5036,0,0,0,0,1077,198,6311,1598,7909,-0.0172394,0.134067,-0.990822,1
2638,0,0,0,0,526,132,3296,1029,4325,-0.000144592,0.102142,-0.99477,1
5147,0,0,0,0,1054,264,6465,1970,8435,-0.0168555,0.106234,-0.994198,1
5198,0,0,0,0,1044,285,6527,2314,8841,-0.00115243,0.106368,-0.994326,1
5550,0,0,0,0,1090,263,6903,2160,9063,0.0106004,0.0752188,-0.997111,1
5215,0,0,0,0,1131,312,6658,2405,9063,0.025034,0.0916556,-0.995476,1
5631,0,0,0,0,1190,316,7137,2337,9474,0.0115323,0.060689,-0.99809,1
3309,0,0,0,0,733,199,4241,1469,5710,0.00570586,0.0252268,-0.999665,1
5686,0,0,0,0,1207,276,7169,2134,9303,0.00186666,0.0682295,-0.997668,1
4825,0,0,0,0,1033,276,6134,2292,8426,0.00722167,0.0554072,-0.998438,1
3500,0,0,0,0,770,224,4494,1624,6118,0.0321538,0.0173557,-0.999332,1
4770,0,0,0,0,1079,300,6149,2028,8177,0.0415291,0.0421367,-0.998248,1
4724,0,0,0,0,1042,271,6037,2150,8187,0.0276756,0.0692283,-0.997217,1
4966,0,0,0,0,1109,269,6344,2022,8366,0.0048205,0.0910814,-0.995832,1
5068,0,0,0,0,1158,300,6526,1968,8494,0.0147192,0.0961502,-0.995258,1
4660,0,0,0,0,1075,279,6014,2246,8260,0.014998,0.107623,-0.994079,1
4985,0,0,0,0,1079,288,6352,2028,8380,0.00904674,0.0980887,-0.995137,1
5262,0,0,0,0,1205,285,6752,2215,8967,0.0290497,0.0512062,-0.998266,1
5751,0,0,0,0,1289,320,7360,2257,9617,0.00886058,0.0745258,-0.99718,1
3602,0,0,0,0,773,204,4579,1513,6092,-0.0147842,0.132912,-0.991018,1
5168,0,0,0,0,1347,289,6804,2837,9641,-0.0181479,0.0572742,-0.998194,1
4811,0,0,0,0,1082,256,6149,2103,8252,-0.00100541,0.014536,-0.999894,1
4669,0,0,0,0,922,231,5822,2689,8511,-0.00888471,0.0377459,-0.999248,1
4869,0,0,0,0,922,263,6054,2149,8203,-0.00451467,0.0670452,-0.99774,1
5587,0,0,0,0,869,234,6690,2450,9140,-0.00423175,0.0833281,-0.996513,1
5450,0,0,0,0,781,214,6445,2105,8550,-0.0241795,0.111723,-0.993445,1
4059,0,0,0,0,532,151,4742,1581,6323,-0.019729,0.0478717,-0.998659,1
4726,0,0,0,0,598,169,5493,2152,7645,-0.00886483,0.105915,-0.994336,1
5014,0,0,0,0,533,132,5679,2236,7915,0.00616527,0.104045,-0.994553,1
4595,0,0,0,0,464,107,5166,2274,7440,0.0479991,-0.00986979,-0.998799,1
2814,0,0,0,0,221,61,3096,1768,4864,0.0391683,0.0236619,-0.998952,1
4727,0,0,0,0,389,127,5243,2990,8233,0.0522888,0.0328375,-0.998092,1
4389,0,0,0,0,361,99,4849,1941,6790,0.051765,-0.0204698,-0.998449,1
3750,0,0,0,0,375,100,4225,2235,6460,0.0658224,-0.013609,-0.997739,1
4341,0,0,0,0,477,146,4964,3976,8940,0.0573284,-0.125142,-0.990481,1
4335,0,0,0,0,611,159,5105,3135,8240,0.0501888,-0.060528,-0.996904,1
4372,0,0,0,0,530,170,5072,2406,7478,0.0386635,0.000275346,-0.999252,1
4922,0,0,0,0,561,153,5636,2322,7958,0.0456207,0.0448661,-0.997951,1
4218,0,0,0,0,661,162,5041,2860,7901,0.0283965,0.122344,-0.992081,1
4376,0,0,0,0,712,224,5312,3251,8563,-0.0302798,0.261054,-0.964849,1
4434,0,0,0,0,742,223,5399,3378,8777,-0.0283737,0.337934,-0.940742,1
4496,0,0,0,0,833,224,5553,3004,8557,-0.0507405,0.251989,-0.966399,1
5155,0,0,0,0,884,287,6326,4049,10375,-0.0673298,0.20465,-0.976517,1
4657,0,0,0,0,869,222,5748,2976,8724,-0.0268344,0.0893406,-0.99564,1
5404,0,0,0,0,1088,270,6762,3369,10131,-0.0697074,-0.0576226,-0.995902,1
4841,0,0,0,0,914,232,5987,2114,8101,0.0269311,-0.0246326,-0.999334,1
5347,0,0,0,0,1006,262,6615,2778,9393,0.0853779,-0.0659077,-0.994166,1
5428,0,0,0,0,1121,284,6833,2656,9489,0.0166368,0.126392,-0.991841,1
5825,0,0,0,0,1372,296,7493,2549,10042,-0.00214909,0.0562866,-0.998412,1
3034,0,0,0,0,637,150,3821,1190,5011,0.0062732,-0.0187994,-0.999804,1
2486,0,0,0,0,506,126,3118,845,3963,-0.0201972,-0.0266564,-0.999441,1
5710,0,0,0,0,1203,323,7236,2110,9346,-0.0338868,0.0457231,-0.998379,1
6455,0,0,0,0,1306,285,8046,2043,10089,-0.0273063,0.0210485,-0.999405,1
3675,0,0,0,0,824,177,4676,1359,6035,-0.0169722,-0.0332691,-0.999302,1
5449,0,0,0,0,1383,299,7131,2491,9622,-0.0162786,-0.00872726,-0.999829,1
3828,0,0,0,0,672,186,4686,1150,5836,-0.0316092,-0.0391205,-0.998734,1
2401,0,0,0,0,451,121,2973,1006,3979,-0.0254251,-0.0947234,-0.995179,1
5278,0,0,0,0,883,231,6392,1885,8277,-0.0292006,-0.022121,-0.999329,1
5773,0,0,0,0,1032,260,7065,2577,9642,-0.0100509,0.0420726,-0.999064,1
5144,0,0,0,0,877,259,6280,2728,9008,0.00718384,-0.00186627,-0.999972,1
3645,0,0,0,0,630,186,4461,1761,6222,0.0112455,0.0362876,-0.999278,1
4946,0,0,0,0,1005,243,6194,1911,8105,0.00292031,-0.0212809,-0.999769,1
4566,0,0,0,0,940,234,5740,2425,8165,0.0110602,0.0220029,-0.999697,1
4394,0,0,0,0,893,215,5502,1882,7384,0.000827459,-0.0469588,-0.998896,1
5320,0,0,0,0,1058,254,6632,2168,8800,-0.0342081,0.0940866,-0.994976,1
4964,0,0,0,0,920,255,6139,1549,7688,-0.0434653,0.0574792,-0.9974,1
2270,0,0,0,0,398,111,2779,1311,4090,-0.0355329,0.0237377,-0.999087,1
2222,0,0,0,0,396,101,2719,1079,3798,-0.0270268,-0.0218219,-0.999396,1
4586,0,0,0,0,898,216,5700,2286,7986,-0.0463113,-0.00730447,-0.9989,1
5125,0,0,0,0,896,242,6263,2305,8568,-0.0461188,0.0600355,-0.99713,1
5627,0,0,0,0,930,248,6805,1575,8380,-0.0565745,0.0741349,-0.995642,1
2574,0,0,0,0,473,142,3189,1210,4399,-0.0364151,-0.0300378,-0.998885,1
4909,0,0,0,0,902,277,6088,2267,8355,-0.0254056,0.0485932,-0.998495,1
4721,0,0,0,0,924,246,5891,2289,8180,-0.0248006,-0.0119552,-0.999621,1
3167,0,0,0,0,608,180,3955,1506,5461,-0.0130448,0.0346101,-0.999316,1
4821,0,0,0,0,855,229,5905,2205,8110,0.0357496,0.0400192,-0.998559,1
4858,0,0,0,0,984,233,6075,2026,8101,0.0104723,0.0163255,-0.999812,1
4773,0,0,0,0,952,232,5957,2017,7974,0.00878257,0.0239313,-0.999675,1
4518,0,0,0,0,864,229,5611,2100,7711,-0.00661761,0.0422741,-0.999084,1
4500,0,0,0,0,918,224,5642,2243,7885,-0.0238239,0.0604696,-0.997886,1
4473,0,0,0,0,810,219,5502,3132,8634,-0.0407041,0.0405762,-0.998347,1
4878,0,0,0,0,890,238,6006,2211,8217,-0.0572213,-0.0102853,-0.998309,1
4570,0,0,0,0,801,213,5584,2284,7868,-0.0803297,0.0677511,-0.994463,1
4628,0,0,0,0,815,204,5647,2441,8088,-0.069895,0.0306102,-0.997085,1
5116,0,0,0,0,984,237,6337,2275,8612,-1.87748e-05,-0.000309607,-1,1
4947,0,0,0,0,1018,255,6220,2010,8230,-0.0104531,0.0433333,-0.999006,1
4987,0,0,0,0,910,236,6133,1934,8067,-0.0422193,0.0295643,-0.998671,1
5047,0,0,0,0,1087,272,6406,2252,8658,0.0130841,0.00234718,-0.999912,1
5511,0,0,0,0,1093,300,6904,2139,9043,-0.0153736,0.0153497,-0.999764,1
5974,0,0,0,0,1159,337,7470,2104,9574,0.0067229,0.0190855,-0.999795,1
5343,0,0,0,0,1045,279,6667,1373,8040,-0.0325808,0.0775091,-0.996459,1
2743,0,0,0,0,563,133,3439,1170,4609,-0.0164074,0.059522,-0.998092,1
4790,0,0,0,0,1036,225,6051,2139,8190,-0.0308364,0.0853018,-0.995878,1
4665,0,0,0,0,884,213,5762,2288,8050,-0.036738,0.0642508,-0.997257,1
4659,0,0,0,0,1032,229,5920,2971,8891,-0.0468208,0.108122,-0.993034,1
5085,0,0,0,0,835,214,6134,2333,8467,-0.0273992,0.0405475,-0.998802,1
5722,0,0,0,0,936,229,6887,2165,9052,0.00714344,0.0191539,-0.999791,1
5325,0,0,0,0,738,198,6261,1576,7837,0.01962,0.0365696,-0.999138,1
3458,0,0,0,0,414,116,3988,1438,5426,0.0226918,0.0136755,-0.999649,1
4700,0,0,0,0,543,154,5397,2196,7593,-0.00638707,0.0762014,-0.997072,1
5246,0,0,0,0,545,146,5937,2150,8087,-0.0262383,0.0920031,-0.995413,1
3121,0,0,0,0,262,79,3462,1646,5108,-0.00814442,0.0418387,-0.999091,1
5092,0,0,0,0,410,132,5634,2175,7809,0.0120752,0.0458138,-0.998877,1
3217,0,0,0,0,260,79,3556,1808,5364,0.0112238,0.0246718,-0.999633,1
4796,0,0,0,0,416,124,5336,2213,7549,0.0225229,0.032271,-0.999225,1
4762,0,0,0,0,460,157,5379,2701,8080,-0.000539439,0.055518,-0.998458,1
4827,0,0,0,0,559,147,5533,2351,7884,-0.0158802,0.0345924,-0.999275,1
4361,0,0,0,0,538,167,5066,2363,7429,-0.0187915,0.0775677,-0.99681,1
4621,0,0,0,0,617,170,5408,4068,9476,-0.00675506,0.0690319,-0.997592,1
5205,0,0,0,0,742,249,6196,3728,9924,0.0194741,0.0470202,-0.998704,1
5076,0,0,0,0,927,210,6213,2623,8836,0.105331,-0.0752551,-0.991586,1
5277,0,0,0,0,991,264,6532,2643,9175,0.115505,-0.0383575,-0.992566,1
4725,0,0,0,0,964,223,5912,2515,8427,0.125729,-0.0214423,-0.991833,1
4932,0,0,0,0,1170,265,6367,2243,8610,-0.0102766,0.0546696,-0.998452,1
5551,0,0,0,0,1310,320,7181,2482,9663,-0.0303311,0.0282755,-0.99914,1
6020,0,0,0,0,1390,322,7732,2332,10064,-0.0244736,0.0142696,-0.999599,1
5821,0,0,0,0,1370,340,7531,2062,9593,-0.0128252,-0.0404425,-0.9991,1
4007,0,0,0,0,892,234,5133,1566,6699,-0.0473387,-0.0389555,-0.998119,1
5947,0,0,0,0,1228,321,7496,2135,9631,-0.0419143,-0.046514,-0.998038,1
6353,0,0,0,0,1246,300,7899,1567,9466,-0.0432557,-0.0444523,-0.998075,1
3091,0,0,0,0,646,152,3889,1163,5052,-0.0657448,-0.059185,-0.99608,1
5131,0,0,0,0,1066,261,6458,1976,8434,-0.0522751,-0.0298096,-0.998188,1
5299,0,0,0,0,1104,292,6695,2001,8696,-0.0512967,-0.00799118,-0.998651,1
6105,0,0,0,0,1174,351,7630,2068,9698,-0.0466369,0.00367409,-0.998905,1
3126,0,0,0,0,645,166,3937,1280,5217,-0.0443355,-0.0191524,-0.998833,1
5118,0,0,0,0,962,237,6317,2090,8407,-0.0596017,-0.0160928,-0.998093,1
5607,0,0,0,0,1137,315,7059,2394,9453,-0.0490867,-0.0477148,-0.997654,1
5075,0,0,0,0,985,266,6326,2100,8426,-0.0317727,-0.00649462,-0.999474,1
5723,0,0,0,0,1152,302,7177,2345,9522,-0.0259539,0.119771,-0.992462,1
3373,0,0,0,0,528,131,4032,1098,5130,-0.0175926,0.00944381,-0.999801,1
1924,0,0,0,0,347,87,2358,784,3142,-0.0301688,-0.0236331,-0.999265,1
2371,0,0,0,0,426,107,2904,1030,3934,-0.0328119,-0.028613,-0.999052,1
4772,0,0,0,0,878,211,5861,1937,7798,-0.0161595,0.0478893,-0.998722,1
4755,0,0,0,0,838,207,5800,2278,8078,-0.035091,0.0237447,-0.999102,1
4652,0,0,0,0,845,221,5718,2148,7866,-0.0182608,0.0488645,-0.998638,1
6751,0,0,0,0,1141,293,8185,2248,10433,-0.0215646,0.0463415,-0.998693,1
4317,0,0,0,0,773,198,5288,2099,7387,-0.0174985,0.0922665,-0.995581,1
4794,0,0,0,0,906,212,5912,2337,8249,-0.00380793,0.104304,-0.994538,1
4325,0,0,0,0,779,224,5328,2485,7813,2.39163e-05,0.0205464,-0.999789,1
4342,0,0,0,0,780,220,5342,2238,7580,-0.0514458,0.157591,-0.986163,1
4303,0,0,0,0,749,182,5234,2529,7763,0.0268201,0.0215435,-0.999408,1
4234,0,0,0,0,726,175,5135,2285,7420,-0.0222297,0.0993641,-0.994803,1
4644,0,0,0,0,792,209,5645,2649,8294,-0.0191782,0.0778634,-0.99678,1
4228,0,0,0,0,727,177,5132,2085,7217,-0.0541351,0.0962481,-0.993884,1
4819,0,0,0,0,885,211,5915,2346,8261,-0.020443,0.089073,-0.995815,1
5211,0,0,0,0,939,253,6403,2512,8915,-0.0183277,0.0422262,-0.99894,1
4602,0,0,0,0,805,198,5605,2107,7712,-0.00285896,0.0514176,-0.998673,1
4575,0,0,0,0,916,239,5730,1935,7665,-0.00814523,0.0411262,-0.999121,1
3344,0,0,0,0,604,173,4121,1419,5540,0.0101288,0.0766702,-0.997005,1
4833,0,0,0,0,928,257,6018,2168,8186,-0.0069414,0.0713107,-0.99743,1
4982,0,0,0,0,1148,286,6416,1428,7844,-0.052453,0.0993428,-0.99367,1
4528,0,0,0,0,918,221,5667,2465,8132,-0.0492113,0.100274,-0.993742,1
4184,0,0,0,0,778,226,5188,1960,7148,-0.023928,0.0759724,-0.996823,1
4547,0,0,0,0,906,203,5656,2282,7938,-0.00458185,0.00427107,-0.99998,1
4429,0,0,0,0,760,186,5375,2562,7937,-0.0179014,0.0510004,-0.998538,1
4411,0,0,0,0,828,178,5417,2232,7649,0.0339033,-0.0570348,-0.997796,1
4391,0,0,0,0,674,192,5257,2152,7409,0.0276309,-0.0194964,-0.999428,1
4406,0,0,0,0,668,171,5245,2168,7413,0.000978157,-0.0553803,-0.998465,1
4453,0,0,0,0,646,168,5267,1976,7243,0.0179657,-0.0517909,-0.998496,1
4446,0,0,0,0,630,171,5247,1954,7201,0.0302552,-0.0529019,-0.998141,1
4461,0,0,0,0,652,163,5276,2330,7606,0.0185606,-0.0402131,-0.999019,1
4816,0,0,0,0,753,181,5750,2425,8175,0.0179182,0.00460414,-0.999829,1
4664,0,0,0,0,658,161,5483,2093,7576,0.0151887,-0.0417347,-0.999013,1
4723,0,0,0,0,645,161,5529,2115,7644,0.0178048,0.00247727,-0.999838,1
4807,0,0,0,0,821,214,5842,2008,7850,0.0225773,-0.000512245,-0.999745,1
3317,0,0,0,0,447,123,3887,1550,5437,0.0114577,-0.0240106,-0.999646,1
4824,0,0,0,0,628,156,5608,2102,7710,0.0221795,-0.0105459,-0.999698,1
5099,0,0,0,0,622,162,5883,2015,7898,-0.00151416,0.0131811,-0.999912,1
5546,0,0,0,0,608,153,6307,1930,8237,-0.00939909,0.0248352,-0.999647,1
3671,0,0,0,0,414,98,4183,1592,5775,0.00904206,0.00241398,-0.999956,1
5234,0,0,0,0,543,142,5919,2368,8287,-0.00531644,-0.0272264,-0.999615,1
4588,0,0,0,0,489,119,5196,2318,7514,-0.000697871,-0.0495779,-0.99877,1
4479,0,0,0,0,464,124,5067,2635,7702,0.00612056,-0.0738418,-0.997251,1
4366,0,0,0,0,443,111,4920,2180,7100,-0.00319645,-0.0623923,-0.998047,1
4986,0,0,0,0,457,113,5556,2038,7594,0.00598616,-0.0867813,-0.996209,1
3597,0,0,0,0,418,113,4128,2277,6405,-0.00307394,-0.0521271,-0.998636,1
3941,0,0,0,0,351,99,4391,2298,6689,0.00547884,-0.0842989,-0.996425,1
4407,0,0,0,0,427,112,4946,3176,8122,-0.000431432,-0.33854,-0.940952,1
4258,0,0,0,0,455,122,4835,3306,8141,-0.00346512,-0.193804,-0.981034,1
4299,0,0,0,0,407,119,4825,2554,7379,-0.0103086,-0.00436855,-0.999937,1
4225,0,0,0,0,515,130,4870,2843,7713,0.0250092,-0.0444996,-0.998696,1
4757,0,0,0,0,709,178,5644,2993,8637,0.00388641,-0.120838,-0.992665,1
4590,0,0,0,0,690,163,5443,2708,8151,-0.0296909,-0.0383009,-0.998825,1
4147,0,0,0,0,611,174,4932,2330,7262,-0.0397509,-0.0441037,-0.998236,1
4670,0,0,0,0,764,190,5624,2597,8221,-0.0229525,-0.0331287,-0.999188,1
4822,0,0,0,0,753,194,5769,2368,8137,-0.0390303,-0.0219513,-0.998997,1
4832,0,0,0,0,725,213,5770,2653,8423,-0.0572547,0.0168688,-0.998217,1
4790,0,0,0,0,755,195,5740,2499,8239,-0.0324801,-0.00839024,-0.999437,1
4814,0,0,0,0,1108,222,6144,4572,10716,0.000949425,0.0110491,-0.999939,1
4466,0,0,0,0,830,236,5532,3116,8648,0.0269841,0.0870077,-0.995842,1
4787,0,0,0,0,1019,234,6040,2481,8521,0.143396,-0.0650683,-0.987524,1
5039,0,0,0,0,1058,287,6384,2243,8627,0.0939238,-0.0542546,-0.9941,1
3645,0,0,0,0,844,197,4686,1741,6427,0.0469918,-0.0783092,-0.995821,1
5788,0,0,0,0,1354,344,7486,2325,9811,-0.0102945,-0.0763385,-0.997029,1
5835,0,0,0,0,1217,297,7349,1392,8741,-0.0569024,-0.0782465,-0.995309,1
4127,0,0,0,0,954,216,5297,1396,6693,-0.0570311,-0.107344,-0.992585,1
5376,0,0,0,0,1272,324,6972,1930,8902,-0.0689845,-0.0706593,-0.995112,1
5405,0,0,0,0,1521,310,7236,1740,8976,-0.0322245,-0.049626,-0.998248,1
5747,0,0,0,0,1286,320,7353,1445,8798,-0.0102413,-0.0748722,-0.997141,1
3896,0,0,0,0,893,203,4992,1607,6599,-0.0373383,-0.0791641,-0.996162,1
4709,0,0,0,0,977,228,5914,1799,7713,-0.0429653,-0.0559736,-0.997507,1
5704,0,0,0,0,1072,257,7033,2140,9173,-0.0611622,-0.0123817,-0.998051,1
5113,0,0,0,0,863,218,6194,1410,7604,-0.0772488,-0.00144644,-0.997011,1
2882,0,0,0,0,462,115,3459,1102,4561,-0.0905608,-0.00872749,-0.995853,1
4844,0,0,0,0,849,210,5903,2339,8242,-0.0789921,0.0068795,-0.996852,1
5520,0,0,0,0,901,236,6657,1938,8595,-0.048124,0.0191985,-0.998657,1
3873,0,0,0,0,596,159,4628,1739,6367,-0.0645014,-0.0295783,-0.997479,1
3447,0,0,0,0,625,162,4234,1560,5794,-0.0502919,-0.0277954,-0.998348,1
5406,0,0,0,0,1013,253,6672,2463,9135,-0.0491517,-0.0022159,-0.998789,1
5239,0,0,0,0,908,258,6405,3105,9510,-0.0442375,0.0215518,-0.998789,1
3549,0,0,0,0,625,163,4337,1586,5923,-0.0456068,0.0272627,-0.998587,1
5115,0,0,0,0,898,242,6255,3086,9341,-0.027904,0.0628709,-0.997632,1
4909,0,0,0,0,846,220,5975,2470,8445,-0.0414438,0.0929297,-0.99481,1
4591,0,0,0,0,880,254,5725,2177,7902,-0.0412162,0.120835,-0.991817,1
4365,0,0,0,0,763,229,5357,2195,7552,-0.0521037,0.0746649,-0.995847,1
4439,0,0,0,0,818,205,5462,2425,7887,-0.0359332,0.0468422,-0.998256,1
4965,0,0,0,0,890,233,6088,2771,8859,-0.0561925,0.0986362,-0.993536,1
2475,0,0,0,0,420,129,3024,1529,4553,-0.085927,0.141592,-0.986189,1
4260,0,0,0,0,723,192,5175,2799,7974,-0.104052,0.261557,-0.959563,1
4552,0,0,0,0,658,160,5370,3261,8631,0.111908,0.0574659,-0.992056,1
4153,0,0,0,0,638,159,4950,2983,7933,-0.0344748,0.133237,-0.990484,1
4235,0,0,0,0,627,171,5033,2248,7281,-0.0587693,0.13058,-0.989694,1
4900,0,0,0,0,756,206,5862,3606,9468,-0.0663508,0.0577567,-0.996123,1
5112,0,0,0,0,846,215,6173,1708,7881,-0.0141311,0.0335614,-0.999337,1
2786,0,0,0,0,463,118,3367,1133,4500,-0.0198525,0.00620443,-0.999784,1
5226,0,0,0,0,918,238,6382,2545,8927,-0.0363767,-0.00390749,-0.999331,1
3651,0,0,0,0,755,173,4579,1968,6547,-0.0240793,-0.0189955,-0.99953,1
5735,0,0,0,0,1030,344,7109,5745,12854,0.00226704,-0.0401189,-0.999192,1
4732,0,0,0,0,879,259,5870,5750,11620,-0.0159681,-0.0253464,-0.999551,1
2562,0,0,0,0,453,114,3129,2031,5160,-0.0218135,-0.0350189,-0.999149,1
4702,0,0,0,0,742,186,5630,2108,7738,-0.0201985,0.109094,-0.993826,1
5113,0,0,0,0,798,208,6119,3139,9258,-0.0347803,-0.0330747,-0.998848,1
4580,0,0,0,0,622,167,5369,2553,7922,-0.0405947,-0.033883,-0.998601,1
4632,0,0,0,0,623,158,5413,2120,7533,-0.0789222,-0.0180083,-0.996718,1
5420,0,0,0,0,620,170,6210,2788,8998,-0.0695558,-0.0605325,-0.99574,1
5256,0,0,0,0,552,156,5964,2382,8346,-0.0533902,-0.109155,-0.99259,1
5621,0,0,0,0,500,147,6268,1609,7877,-0.039118,-0.0183665,-0.999066,1
3609,0,0,0,0,311,124,4044,1740,5784,-0.0388512,-0.0194057,-0.999057,1
5107,0,0,0,0,356,124,5587,2242,7829,-0.0373759,-0.0133627,-0.999212,1
4578,0,0,0,0,282,82,4942,2185,7127,-0.054134,0.0108379,-0.998475,1
4334,0,0,0,0,384,80,4798,2068,6866,-0.0549169,-0.0560026,-0.996919,1
4371,0,0,0,0,313,89,4773,2355,7128,-0.0320747,-0.0147334,-0.999377,1
5085,0,0,0,0,321,93,5499,1963,7462,-0.0303804,-0.0261076,-0.999197,1
4289,0,0,0,0,355,92,4736,2110,6846,-0.0333748,-0.0214532,-0.999213,1
4062,0,0,0,0,387,101,4550,1872,6422,-0.0515368,-0.0161215,-0.998541,1
3774,0,0,0,0,350,95,4219,1921,6140,-0.042632,-0.014922,-0.998979,1
4771,0,0,0,0,603,148,5522,2266,7788,-0.0661249,-0.018046,-0.997648,1
4700,0,0,0,0,588,191,5479,2478,7957,-0.0576025,-0.0104236,-0.998285,1
4579,0,0,0,0,613,162,5354,2460,7814,-0.062717,-0.0230011,-0.997766,1
4540,0,0,0,0,649,161,5350,2037,7387,-0.0500937,-0.0241585,-0.998452,1
4037,0,0,0,0,558,138,4733,2129,6862,-0.0649883,-0.0190446,-0.997704,1
4569,0,0,0,0,646,178,5393,2272,7665,-0.0624485,-0.0169944,-0.997903,1
4025,0,0,0,0,576,148,4749,2469,7218,-0.0595545,0.0355653,-0.997591,1
4703,0,0,0,0,685,209,5597,3494,9091,0.0162444,-0.00782872,-0.999837,1
5089,0,0,0,0,941,214,6244,3420,9664,0.0491047,-0.0751368,-0.995963,1
2652,0,0,0,0,495,134,3281,1589,4870,0.0474513,-0.089985,-0.994812,1
4947,0,0,0,0,954,243,6144,2143,8287,0.00103942,-0.0218311,-0.999761,1
5914,0,0,0,0,1311,295,7520,2698,10218,-0.0720922,-0.0323827,-0.996872,1
4148,0,0,0,0,893,216,5257,1612,6869,-0.0648919,-0.0551219,-0.996369,1
5722,0,0,0,0,1233,324,7279,2144,9423,-0.0360099,-0.0535906,-0.997913,1
5665,0,0,0,0,1454,372,7491,2202,9693,-0.0520318,-0.0438003,-0.997684,1
3862,0,0,0,0,1004,206,5072,1400,6472,-0.0418463,-0.0656682,-0.996964,1
5982,0,0,0,0,1196,290,7468,2239,9707,-0.0494842,-0.0410173,-0.997932,1
5638,0,0,0,0,1110,294,7042,1908,8950,-0.0668828,-0.0637475,-0.995722,1
5856,0,0,0,0,989,306,7151,2499,9650,-0.0583484,-0.0613242,-0.996411,1
5783,0,0,0,0,967,239,6989,1570,8559,-0.0705,-0.0607757,-0.995659,1
2871,0,0,0,0,538,141,3550,1225,4775,-0.0693113,-0.117125,-0.990696,1
4945,0,0,0,0,1095,315,6355,2014,8369,-0.0544819,-0.0397695,-0.997722,1
5016,0,0,0,0,829,207,6052,2126,8178,-0.0460098,-0.0672456,-0.996675,1
5931,0,0,0,0,826,210,6967,2108,9075,-0.0438439,-0.0161348,-0.998908,1
5460,0,0,0,0,919,219,6598,2148,8746,-0.0425767,-0.095663,-0.994503,1
5044,0,0,0,0,988,273,6305,2231,8536,-0.050222,-0.0606033,-0.996898,1
5078,0,0,0,0,862,218,6158,1982,8140,-0.0562722,-0.070172,-0.995946,1
5173,0,0,0,0,1136,256,6565,1971,8536,-0.0265918,0.103583,-0.994265,1
3393,0,0,0,0,626,179,4198,1631,5829,-0.0560421,0.00113851,-0.998428,1
2100,0,0,0,0,357,103,2560,786,3346,-0.063268,-0.0182503,-0.99783,1
2562,0,0,0,0,444,112,3118,1516,4634,-0.063444,0.0110104,-0.997925,1
4446,0,0,0,0,731,231,5408,2128,7536,-0.0608795,0.025254,-0.997826,1
4627,0,0,0,0,808,228,5663,2407,8070,-0.0839065,0.00209657,-0.996471,1
4760,0,0,0,0,784,219,5763,1897,7660,-0.0628188,0.0266028,-0.99767,1
4121,0,0,0,0,715,192,5028,2076,7104,-0.0810118,0.0289639,-0.996292,1
4590,0,0,0,0,750,208,5548,2310,7858,-0.063577,0.0849037,-0.994359,1
4342,0,0,0,0,655,215,5212,2232,7444,-0.0426841,0.0784246,-0.996006,1
4052,0,0,0,0,554,143,4749,2439,7188,-0.0761548,0.0439946,-0.996125,1
3880,0,0,0,0,593,176,4649,2146,6795,-0.0599272,0.0468408,-0.997103,1
4372,0,0,0,0,686,164,5222,2315,7537,-0.0672608,0.0527405,-0.996341,1
4629,0,0,0,0,487,151,5267,2153,7420,0.0960857,0.21668,-0.971503,1
3154,0,0,0,0,306,94,3554,2103,5657,0.0801006,0.212315,-0.973913,1
4669,0,0,0,0,337,100,5106,3438,8544,0.112879,0.252925,-0.960879,1
3057,0,0,0,0,365,99,3521,3684,7205,0.253422,0.368749,-0.894316,1
5234,0,0,0,0,613,188,6035,10342,16377,0.24955,0.410527,-0.877036,1
2675,0,0,0,0,387,112,3174,7486,10660,0.428693,0.298599,-0.852679,1
5484,0,0,0,0,886,218,6588,12381,18969,0.340037,-0.0188707,-0.940223,1
2593,0,0,0,0,443,114,3150,-1000,-1000,-1,-1,-1,1
5240,0,0,0,0,913,280,6433,-1000,-1000,-1,-1,-1,1
2750,0,0,0,0,426,109,3285,-1000,-1000,-1,-1,-1,1
4131,0,0,0,0,658,181,4970,4614,9584,-0.0694983,0.00275844,-0.997578,1
4157,0,0,0,0,571,151,4879,5544,10423,-0.0547499,-0.0273546,-0.998125,1
5091,0,0,0,0,643,168,5902,2481,8383,-0.0315979,0.0221339,-0.999256,1
5301,0,0,0,0,607,158,6066,2951,9017,-0.0342862,-0.066763,-0.99718,1
3404,0,0,0,0,401,99,3904,1614,5518,-0.0148207,-0.00440351,-0.99988,1
5451,0,0,0,0,667,155,6273,2346,8619,-0.0103812,0.0296023,-0.999508,1
3458,0,0,0,0,389,118,3965,1583,5548,-0.0252466,-0.0670124,-0.997433,1
4231,0,0,0,0,507,146,4884,1805,6689,-0.0225657,-0.0754464,-0.996894,1
4789,0,0,0,0,564,139,5492,2140,7632,-0.020567,-0.0648656,-0.997682,1
4571,0,0,0,0,561,139,5271,2176,7447,0.00522161,-0.103411,-0.994625,1
5061,0,0,0,0,574,151,5786,2601,8387,-0.0263,-0.146654,-0.988838,1
4957,0,0,0,0,596,177,5730,2096,7826,-0.0355709,-0.123501,-0.991707,1
4335,0,0,0,0,506,123,4964,2211,7175,-0.0388909,-0.0653335,-0.997105,1
4868,0,0,0,0,472,129,5469,2600,8069,-0.0500863,-0.0278952,-0.998355,1
4742,0,0,0,0,483,125,5350,2453,7803,-0.0388098,0.011312,-0.999183,1
4559,0,0,0,0,443,120,5122,2871,7993,-0.0342793,-0.038308,-0.998678,1
4737,0,0,0,0,463,118,5318,2559,7877,-0.0380238,-0.00791182,-0.999246,1
3870,0,0,0,0,386,98,4354,2529,6883,-0.0411728,0.0598194,-0.99736,1
4288,0,0,0,0,427,132,4847,2224,7071,-0.0105957,0.0348082,-0.999338,1
4356,0,0,0,0,402,123,4881,2562,7443,-0.0109716,0.0190759,-0.999758,1
4413,0,0,0,0,528,152,5093,2415,7508,-0.047267,0.0887093,-0.994935,1
4207,0,0,0,0,525,161,4893,2290,7183,-0.0472947,0.0250175,-0.998568,1
2926,0,0,0,0,464,111,3501,1289,4790,-0.0273009,-0.00897118,-0.999587,1
4523,0,0,0,0,754,188,5465,2434,7899,-0.0597035,-0.0179631,-0.998055,1
5235,0,0,0,0,986,241,6462,2562,9024,-0.0762786,-0.0777904,-0.994047,1
5337,0,0,0,0,1201,279,6817,2416,9233,-0.0558008,-0.0893673,-0.994434,1
3726,0,0,0,0,886,220,4832,1677,6509,-0.0681468,-0.0949678,-0.993145,1
6674,0,0,0,0,1490,406,8570,2053,10623,-0.0723385,-0.0753722,-0.994528,1
5567,0,0,0,0,1416,349,7332,2065,9397,-0.027115,-0.0704482,-0.997147,1
5936,0,0,0,0,1409,354,7699,1957,9656,-0.060243,-0.116968,-0.991307,1
3976,0,0,0,0,967,244,5187,1488,6675,-0.0417622,-0.115975,-0.992374,1
5868,0,0,0,0,1316,331,7515,2026,9541,-0.0501142,-0.122359,-0.99122,1
5761,0,0,0,0,1318,329,7408,2156,9564,-0.0504984,-0.0955032,-0.994147,1
3827,0,0,0,0,783,215,4825,1523,6348,-0.066484,-0.101791,-0.992582,1
6147,0,0,0,0,1109,292,7548,2344,9892,-0.055996,-0.0456017,-0.997389,1
5402,0,0,0,0,954,249,6605,2140,8745,-0.0563132,-0.063543,-0.996389,1
3812,0,0,0,0,663,175,4650,1513,6163,-0.0410922,-0.0418714,-0.998278,1
4708,0,0,0,0,885,224,5817,1908,7725,-0.0344256,-0.0544624,-0.997922,1
4623,0,0,0,0,920,216,5759,1818,7577,-0.0276865,-0.076678,-0.996671,1
4765,0,0,0,0,867,224,5856,2954,8810,-0.0579578,-0.0613319,-0.996433,1
3338,0,0,0,0,594,150,4082,1458,5540,-0.053169,-0.0821589,-0.9952,1
5701,0,0,0,0,992,246,6939,2495,9434,-0.0632341,0.0014227,-0.997998,1
4713,0,0,0,0,786,212,5711,2002,7713,-0.0601476,0.0026908,-0.998186,1
3063,0,0,0,0,500,138,3701,1541,5242,-0.0692881,-0.0585958,-0.995874,1
4498,0,0,0,0,740,229,5467,2267,7734,-0.0545011,0.0207417,-0.998298,1
4361,0,0,0,0,667,184,5212,2359,7571,-0.0427819,0.0578525,-0.997408,1
4295,0,0,0,0,688,191,5174,3627,8801,-0.0288895,0.138655,-0.989919,1
3818,0,0,0,0,521,139,4478,2287,6765,-0.0266758,0.118042,-0.99265,1
3788,0,0,0,0,522,149,4459,2754,7213,-0.0318459,0.127066,-0.991383,1
4181,0,0,0,0,548,146,4875,2407,7282,-0.0188371,0.24076,-0.970402,1
4305,0,0,0,0,552,145,5002,1711,6713,-0.0215168,0.178062,-0.983784,1
2265,0,0,0,0,300,78,2643,1136,3779,0.088891,-0.320762,-0.942979,1
4847,0,0,0,0,841,170,5858,2082,7940,-0.0508948,0.0704031,-0.996219,1
4380,0,0,0,0,711,203,5294,2104,7398,-0.0532779,0.0944075,-0.994107,1
5698,0,0,0,0,959,233,6890,2541,9431,-0.0161897,0.22468,-0.974298,1
5508,0,0,0,0,915,235,6658,2528,9186,0.0679632,0.187553,-0.9799,1
3481,0,0,0,0,701,269,4451,1971,6422,-0.0114345,0.0388927,-0.999178,1
3564,0,0,0,0,765,188,4517,2025,6542,-0.0526945,0.0385315,-0.997867,1
3449,0,0,0,0,716,180,4345,1608,5953,-0.259917,0.359743,-0.896119,1
5156,0,0,0,0,981,264,6401,3659,10060,0.335418,0.0561283,-0.940396,1
3248,0,0,0,0,505,139,3892,1225,5117,0.06991,-0.0664114,-0.99534,1
4306,0,0,0,0,630,189,5125,1185,6310,0.0066643,-0.107206,-0.994215,1
2961,0,0,0,0,492,131,3584,1277,4861,0.0123022,-0.026383,-0.999576,1
4912,0,0,0,0,892,240,6044,2836,8880,-0.0129806,0.00311003,-0.999911,1
3390,0,0,0,0,607,166,4163,1452,5615,-0.0271718,0.0383704,-0.998894,1
3380,0,0,0,0,620,168,4168,1521,5689,-0.0271566,0.0382429,-0.998899,1
4987,0,0,0,0,883,197,6067,2036,8103,-0.0196735,-0.016026,-0.999678,1
5097,0,0,0,0,765,202,6064,1997,8061,-0.0356756,-0.061812,-0.99745,1
3413,0,0,0,0,506,128,4047,1430,5477,-0.0230228,-0.0520656,-0.998378,1
5543,0,0,0,0,737,192,6472,2280,8752,-0.00445728,-0.0668624,-0.997752,1
5257,0,0,0,0,663,185,6105,2806,8911,-0.0094781,-0.0461788,-0.998888,1
4453,0,0,0,0,464,124,5041,1947,6988,-0.00205198,-0.00430416,-0.999989,1
4890,0,0,0,0,465,121,5476,2225,7701,-0.00932571,0.0610005,-0.998094,1
3547,0,0,0,0,246,55,3848,1415,5263,-0.0276414,0.038817,-0.998864,1
1915,0,0,0,0,126,38,2079,956,3035,-0.0244342,-0.0280735,-0.999307,1
1590,0,0,0,0,106,35,1731,911,2642,-0.0212109,-0.102918,-0.994464,1
4222,0,0,0,0,301,110,4633,2534,7167,-0.0252397,-0.0421477,-0.998793,1
4218,0,0,0,0,286,84,4588,2333,6921,-0.0141949,-0.058199,-0.998204,1
4108,0,0,0,0,324,109,4541,2411,6952,-0.0305746,-0.0394717,-0.998753,1
4280,0,0,0,0,337,98,4715,2562,7277,-0.0155451,-0.0222201,-0.999632,1
4073,0,0,0,0,493,150,4716,2504,7220,-0.0311138,0.0209688,-0.999296,1
3732,0,0,0,0,369,100,4201,2443,6644,-0.0323891,0.0167445,-0.999335,1
4071,0,0,0,0,397,118,4586,2701,7287,-0.0456677,0.140572,-0.989017,1
3936,0,0,0,0,459,115,4510,3425,7935,-0.0337255,0.288603,-0.956855,1
4416,0,0,0,0,631,204,5251,4519,9770,0.202185,-0.107667,-0.973411,1
4588,0,0,0,0,689,171,5448,2795,8243,0.0315917,-0.0506501,-0.998217,1
5014,0,0,0,0,852,226,6092,4870,10962,0.0868719,-0.0469749,-0.995111,1
2699,0,0,0,0,609,142,3450,2075,5525,0.110944,-0.0820497,-0.990434,1
5452,0,0,0,0,1608,317,7377,3116,10493,0.146448,-0.064298,-0.987127,1
5574,0,0,0,0,1362,346,7282,1927,9209,-0.0581905,-0.0189481,-0.998126,1
2849,0,0,0,0,647,177,3673,895,4568,-0.0487109,-0.0428218,-0.997895,1
6353,0,0,0,0,1481,345,8179,2052,10231,-0.0648327,-0.0218745,-0.997656,1
6357,0,0,0,0,1418,346,8121,2034,10155,-0.03833,-0.0253965,-0.998942,1
5585,0,0,0,0,1272,338,7195,1633,8828,-0.0244289,-0.00893294,-0.999662,1
5948,0,0,0,0,1198,322,7468,2254,9722,-0.00696414,-0.0476935,-0.998838,1
3786,0,0,0,0,841,227,4854,1773,6627,-0.0232939,-0.0551402,-0.998207,1
5884,0,0,0,0,1225,352,7461,2169,9630,-0.0395106,-0.0815605,-0.995885,1
3742,0,0,0,0,780,210,4732,1550,6282,-0.0473162,-0.0858855,-0.995181,1
5562,0,0,0,0,1061,289,6912,2241,9153,-0.0635702,-0.0735556,-0.995263,1
5544,0,0,0,0,1107,274,6925,2451,9376,-0.0704489,-0.0852268,-0.993868,1
5387,0,0,0,0,1061,298,6746,1968,8714,-0.0793079,-0.094926,-0.99232,1
5608,0,0,0,0,1087,271,6966,2198,9164,-0.0716824,-0.0648791,-0.995315,1
5696,0,0,0,0,926,260,6882,2096,8978,-0.0524116,-0.0723968,-0.995998,1
4864,0,0,0,0,884,229,5977,2387,8364,-0.0512527,-0.0589405,-0.996945,1
4486,0,0,0,0,784,199,5469,2124,7593,-0.0349446,-0.100714,-0.994302,1
4502,0,0,0,0,843,231,5576,2179,7755,-0.048622,-0.0445612,-0.997823,1
5294,0,0,0,0,780,203,6277,2287,8564,-0.065592,-0.0352346,-0.997224,1
4775,0,0,0,0,831,284,5890,1578,7468,-0.0793948,-0.0570488,-0.995209,1
2247,0,0,0,0,340,88,2675,1147,3822,-0.0626876,-0.0459948,-0.996973,1
4129,0,0,0,0,824,209,5162,2429,7591,-0.0471343,-0.0398715,-0.998092,1
4151,0,0,0,0,607,153,4911,2335,7246,-0.025338,0.0244797,-0.999379,1
4120,0,0,0,0,540,189,4849,2355,7204,-0.0157155,0.0286963,-0.999465,1
4097,0,0,0,0,579,146,4822,2207,7029,-0.0149073,0.0622876,-0.997947,1
4069,0,0,0,0,694,173,4936,3481,8417,-0.0138891,0.162521,-0.986607,1
4527,0,0,0,0,636,139,5302,2733,8035,-0.00544313,0.153643,-0.988111,1
3919,0,0,0,0,380,106,4405,1394,5799,-0.0110422,0.0604753,-0.998109,1
1869,0,0,0,0,246,60,2175,947,3122,-0.0103257,0.0708016,-0.997437,1
4485,0,0,0,0,613,181,5279,2359,7638,-0.00299336,0.088259,-0.996093,1
4475,0,0,0,0,644,219,5338,2643,7981,-0.00346591,0.159124,-0.987253,1
4802,0,0,0,0,1020,229,6051,3336,9387,-0.0328257,0.108802,-0.993521,1
3539,0,0,0,0,651,167,4357,2096,6453,-0.0202356,0.0433068,-0.998857,1
5446,0,0,0,0,1077,290,6813,2478,9291,-0.0139979,0.0504649,-0.998628,1
5701,0,0,0,0,1198,312,7211,2439,9650,-0.0016505,0.101904,-0.994793,1
3937,0,0,0,0,1171,308,5416,1719,7135,-0.0227852,0.0533118,-0.998318,1
3921,0,0,0,0,760,210,4891,2166,7057,0.0115893,0.0098491,-0.999884,1
5255,0,0,0,0,891,252,6398,2087,8485,0.00104278,0.0713529,-0.997451,1
5089,0,0,0,0,794,221,6104,2185,8289,-0.0182817,0.0688464,-0.99746,1
2664,0,0,0,0,337,109,3110,1120,4230,-0.00151781,0.0332489,-0.999446,1
4819,0,0,0,0,503,159,5481,2866,8347,-0.00550871,0.0348011,-0.999379,1
5114,0,0,0,0,403,112,5629,1989,7618,-0.00250652,0.0236285,-0.999718,1
4656,0,0,0,0,428,113,5197,2200,7397,0.00629675,0.0083526,-0.999945,1
4197,0,0,0,0,371,107,4675,2106,6781,0.00177027,-0.0200227,-0.999798,1
4387,0,0,0,0,362,102,4851,2176,7027,-0.0113564,-0.0421039,-0.999049,1
4174,0,0,0,0,364,109,4647,2038,6685,-0.0180048,-0.0372656,-0.999143,1
1541,0,0,0,0,133,37,1711,802,2513,0.0144256,-0.0672117,-0.997634,1
2192,0,0,0,0,184,52,2428,1127,3555,-0.00325585,-0.088237,-0.996094,1
4152,0,0,0,0,376,132,4660,2108,6768,0.000411168,-0.0782661,-0.996932,1
4203,0,0,0,0,289,83,4575,2783,7358,-0.00625681,-0.0947106,-0.995485,1
4277,0,0,0,0,310,107,4694,2604,7298,-0.0191744,-0.0779495,-0.996773,1
4606,0,0,0,0,345,101,5052,2282,7334,0.0191899,-0.0822187,-0.99643,1
3804,0,0,0,0,288,82,4174,2258,6432,0.0327219,-0.220917,-0.974744,1
3628,0,0,0,0,210,83,3921,2605,6526,0.0335451,-0.175405,-0.983925,1
3639,0,0,0,0,202,63,3904,2474,6378,0.0492109,-0.240923,-0.969296,1
4079,0,0,0,0,214,83,4376,3761,8137,0.0623621,-0.0320516,-0.997539,1
4021,0,0,0,0,245,92,4358,4796,9154,0.0396883,-0.310418,-0.949771,1
3928,0,0,0,0,319,111,4358,4038,8396,0.0922708,-0.230267,-0.968743,1
3488,0,0,0,0,341,105,3934,2421,6355,0.0739189,-0.394684,-0.915839,1
1891,0,0,0,0,187,59,2137,2025,4162,0.0206292,-0.472148,-0.881278,1
3626,0,0,0,0,540,155,4321,2862,7183,0.00770414,-0.0936557,-0.995575,1
3964,0,0,0,0,465,113,4542,2724,7266,0.0202928,-0.0655878,-0.99764,1
4102,0,0,0,0,499,120,4721,2794,7515,0.0132107,-0.0132531,-0.999825,1
4048,0,0,0,0,430,147,4625,3158,7783,-0.00399856,-0.0521434,-0.998632,1
3747,0,0,0,0,401,111,4259,2987,7246,-0.0141584,-0.0141191,-0.9998,1
4030,0,0,0,0,470,131,4631,3618,8249,-0.00801556,-0.00780554,-0.999937,1
4089,0,0,0,0,723,166,4978,4564,9542,0.00904342,0.116621,-0.993135,1
3902,0,0,0,0,719,223,4844,3531,8375,-0.0203059,0.293969,-0.955599,1
2822,0,0,0,0,546,150,3518,2473,5991,0.144109,0.0542965,-0.988071,1
3255,0,0,0,0,655,162,4072,2456,6528,0.242529,-0.0622571,-0.968145,1
4917,0,0,0,0,1046,255,6218,2897,9115,0.187027,-0.0206444,-0.982138,1
4591,0,0,0,0,1048,296,5935,2728,8663,0.279487,-0.0262559,-0.95979,1
4727,0,0,0,0,1178,283,6188,2819,9007,0.222456,-0.0508981,-0.973613,1
5638,0,0,0,0,1441,375,7454,2586,10040,0.199436,-0.00111322,-0.97991,1
5744,0,0,0,0,1492,370,7606,3945,11551,0.207249,-0.0180985,-0.978121,1
4827,0,0,0,0,1322,311,6460,2928,9388,0.212012,-0.0482417,-0.976076,1
6271,0,0,0,0,1548,403,8222,3006,11228,0.182746,-0.0648773,-0.981017,1
5627,0,0,0,0,1399,350,7376,2542,9918,0.176557,-0.0658478,-0.982085,1
5601,0,0,0,0,1378,367,7346,2138,9484,0.199449,-0.0780164,-0.976798,1
5928,0,0,0,0,1413,344,7685,2796,10481,0.208174,-0.0851913,-0.974375,1
5557,0,0,0,0,1359,335,7251,2815,10066,0.0929857,-0.0218674,-0.995427,1
5339,0,0,0,0,1194,286,6819,2661,9480,-0.0141658,0.00923056,-0.999857,1
4942,0,0,0,0,1172,300,6414,2364,8778,-0.0388433,-0.0192319,-0.99906,1
6080,0,0,0,0,1404,371,7855,2516,10371,-0.0499504,-0.00648348,-0.998731,1
6133,0,0,0,0,1281,323,7737,2182,9919,-0.0362576,-0.0119091,-0.999272,1
4017,0,0,0,0,796,201,5014,1685,6699,-0.0690833,-0.0308208,-0.997135,1
5742,0,0,0,0,960,247,6949,2163,9112,-0.0832541,-0.0381295,-0.995799,1
5337,0,0,0,0,1075,252,6664,1867,8531,-0.0542478,-0.0335279,-0.997964,1
4090,0,0,0,0,636,184,4910,1526,6436,-0.050002,-0.0365889,-0.998079,1
4065,0,0,0,0,819,210,5094,1773,6867,-0.0560426,-0.0291197,-0.998004,1
5508,0,0,0,0,1058,272,6838,2484,9322,-0.0586483,-0.00534309,-0.998264,1
5523,0,0,0,0,1024,247,6794,2470,9264,-0.0516284,-0.0352086,-0.998046,1
5093,0,0,0,0,858,263,6214,2372,8586,-0.0745935,-0.010062,-0.997163,1
5213,0,0,0,0,873,243,6329,2222,8551,-0.0524217,-0.0221419,-0.99838,1
4817,0,0,0,0,786,209,5812,2367,8179,-0.0426833,0.00743083,-0.999061,1
4783,0,0,0,0,726,192,5701,2319,8020,-0.0482924,-0.0179278,-0.998672,1
4410,0,0,0,0,641,164,5215,2730,7945,-0.0417694,-0.0327969,-0.998589,1
5062,0,0,0,0,749,202,6013,2555,8568,-0.0493285,-0.0099055,-0.998733,1
3992,0,0,0,0,551,165,4708,2229,6937,-0.0402326,-0.0277258,-0.998806,1
3824,0,0,0,0,593,167,4584,2166,6750,-0.0326031,-0.0476038,-0.998334,1
4038,0,0,0,0,516,158,4712,3349,8061,-0.0477231,-0.0283284,-0.998459,1
4274,0,0,0,0,623,179,5076,2657,7733,-0.056819,-0.0253969,-0.998061,1
4144,0,0,0,0,497,139,4780,2450,7230,-0.0499994,-0.0210388,-0.998528,1
4025,0,0,0,0,500,131,4656,2188,6844,-0.0650695,-0.0154171,-0.997762,1
4660,0,0,0,0,636,152,5448,1991,7439,-0.0500885,0.00799656,-0.998713,1
3836,0,0,0,0,534,131,4501,2206,6707,-0.0573595,0.0592208,-0.996596,1
4143,0,0,0,0,544,140,4827,2242,7069,-0.0402918,0.0058743,-0.999171,1
4026,0,0,0,0,464,126,4616,2337,6953,-0.0380651,0.030768,-0.998801,1
4598,0,0,0,0,469,125,5192,2345,7537,0.0107112,0.0991352,-0.995016,1
3697,0,0,0,0,435,120,4252,2116,6368,0.015098,0.129652,-0.991445,1
4164,0,0,0,0,561,144,4869,2808,7677,0.0820204,0.182159,-0.979842,1
3998,0,0,0,0,603,170,4771,4382,9153,0.0612202,0.191677,-0.979547,1
4324,0,0,0,0,663,212,5199,4723,9922,0.0216328,0.145095,-0.989181,1
4805,0,0,0,0,922,223,5950,3637,9587,0.154871,0.144616,-0.977293,1
5380,0,0,0,0,965,247,6592,3398,9990,-0.0426966,0.0455247,-0.99805,1
5509,0,0,0,0,1159,325,6993,2246,9239,-0.134791,0.102032,-0.985607,1
5529,0,0,0,0,1234,325,7088,17151,24239,-0.0605642,0.512991,-0.856255,1
1494,0,0,0,0,287,76,1857,2552,4409,-0.0432297,0.523318,-0.85104,1
2239,0,0,0,0,501,114,2854,2382,5236,-0.0474321,0.541873,-0.839121,1
5054,0,0,0,0,916,247,6217,3485,9702,-0.0372861,0.00922646,-0.999262,1
4995,0,0,0,0,923,265,6183,2260,8443,0.0179277,-0.0329448,-0.999296,1
5461,0,0,0,0,1103,288,6852,2249,9101,0.0114356,0.0108836,-0.999875,1
5683,0,0,0,0,1133,289,7105,2338,9443,0.023853,0.00715845,-0.99969,1
5213,0,0,0,0,941,238,6392,3273,9665,0.00594811,0.0475173,-0.998853,1
3580,0,0,0,0,636,156,4372,1678,6050,0.0222536,0.0141656,-0.999652,1
5388,0,0,0,0,795,206,6389,2380,8769,0.00567367,0.052832,-0.998587,1
5219,0,0,0,0,799,192,6210,2306,8516,-0.031883,0.0901765,-0.995415,1
4901,0,0,0,0,581,152,5634,2600,8234,-0.0113095,0.107868,-0.994101,1
4872,0,0,0,0,470,123,5465,1673,7138,-0.0071879,0.0329932,-0.99943,1
1987,0,0,0,0,167,45,2199,1387,3586,-0.0137576,0.020707,-0.999691,1
1729,0,0,0,0,113,32,1874,948,2822,-0.0104842,-0.0179142,-0.999785,1
3892,0,0,0,0,212,60,4164,1984,6148,0.0149333,0.0383044,-0.999155,1
3860,0,0,0,0,154,52,4066,2568,6634,-0.00322747,0.0224857,-0.999742,1
4103,0,0,0,0,146,52,4301,2507,6808,0.00958919,0.011231,-0.999891,1
3963,0,0,0,0,181,55,4199,2339,6538,-0.00539306,-0.0230081,-0.999721,1
4003,0,0,0,0,135,49,4187,2694,6881,0.0087492,-0.0386733,-0.999214,1
4046,0,0,0,0,135,51,4232,2331,6563,-0.00347205,-0.012286,-0.999918,1
4071,0,0,0,0,147,52,4270,2499,6769,0.0376425,-0.0418432,-0.998415,1
4012,0,0,0,0,164,57,4233,2853,7086,0.0185667,-0.0218265,-0.999589,1
3453,0,0,0,0,165,57,3675,2327,6002,-0.0336793,-0.0153915,-0.999314,1
3590,0,0,0,0,244,70,3904,2402,6306,-0.00849889,-0.0476941,-0.998826,1
3707,0,0,0,0,357,83,4147,2254,6401,-0.0340572,-0.0253882,-0.999097,1
4299,0,0,0,0,444,112,4855,2437,7292,-0.0475249,-0.0175831,-0.998715,1
4439,0,0,0,0,599,151,5189,2550,7739,-0.07323,0.0199258,-0.997116,1
4605,0,0,0,0,750,180,5535,3683,9218,-0.049553,-0.0343408,-0.998181,1
4752,0,0,0,0,1112,264,6128,2862,8990,-0.0475635,0.0438805,-0.997904,1
5308,0,0,0,0,1230,312,6850,7436,14286,-0.0147661,0.326574,-0.945056,1
4351,0,0,0,0,1007,235,5593,2388,7981,0.0625548,0.315866,-0.946739,1
5655,0,0,0,0,1472,388,7515,3654,11169,0.254276,0.085354,-0.963358,1
3909,0,0,0,0,1075,279,5263,2616,7879,0.194311,0.0974414,-0.976088,1
5537,0,0,0,0,1486,345,7368,3059,10427,-0.00205065,0.1161,-0.993235,1
5557,0,0,0,0,1429,369,7355,2800,10155,0.00802092,0.0796273,-0.996792,1
3956,0,0,0,0,993,237,5186,1686,6872,0.00613529,0.0730651,-0.997308,1
5632,0,0,0,0,1327,342,7301,2284,9585,0.0174718,0.0679859,-0.997533,1
5569,0,0,0,0,1222,315,7106,1907,9013,-0.0661559,0.0434637,-0.996862,1
3999,0,0,0,0,832,245,5076,1608,6684,-0.0257269,0.0305024,-0.999204,1
5677,0,0,0,0,1122,287,7086,2823,9909,-0.0747907,0.0546598,-0.9957,1
5971,0,0,0,0,1027,257,7255,1902,9157,-0.0603687,0.023902,-0.99789,1
3870,0,0,0,0,710,171,4751,1738,6489,-0.0688392,0.0238543,-0.997343,1
5491,0,0,0,0,907,256,6654,2282,8936,-0.0151083,0.0468836,-0.998786,1
5442,0,0,0,0,788,216,6446,2381,8827,-0.0195285,0.0837137,-0.996298,1
4315,0,0,0,0,663,165,5143,2316,7459,-0.0175317,0.0554916,-0.998305,1
4444,0,0,0,0,684,184,5312,2280,7592,-0.0184826,0.0950101,-0.995305,1
4259,0,0,0,0,589,178,5026,2237,7263,-0.0342878,0.086991,-0.995619,1
4109,0,0,0,0,630,151,4890,2806,7696,-0.0251367,0.0620254,-0.997758,1
3796,0,0,0,0,665,175,4636,2383,7019,-0.0417733,0.119792,-0.99192,1
3795,0,0,0,0,533,158,4486,2510,6996,-0.0217764,0.128576,-0.991461,1
3778,0,0,0,0,509,140,4427,2206,6633,-0.0343945,0.167754,-0.985229,1
4227,0,0,0,0,594,160,4981,2382,7363,-0.013506,0.156929,-0.987517,1
4175,0,0,0,0,582,155,4912,2467,7379,-0.00221041,0.201712,-0.979442,1
4231,0,0,0,0,612,146,4989,2400,7389,0.0183115,0.212136,-0.977069,1
4400,0,0,0,0,558,196,5154,3059,8213,0.011945,0.22244,-0.974873,1
4095,0,0,0,0,627,145,4867,2502,7369,0.015854,0.192757,-0.981118,1
4377,0,0,0,0,566,155,5098,2590,7688,0.0084016,0.208177,-0.978055,1
4303,0,0,0,0,607,173,5083,2682,7765,0.0624469,0.189375,-0.979917,1
4465,0,0,0,0,724,182,5371,2477,7848,-0.0173197,0.113654,-0.993369,1
4151,0,0,0,0,609,168,4928,2155,7083,-0.0155908,-0.0101212,-0.999827,1
3910,0,0,0,0,594,160,4664,2050,6714,0.00977505,0.111021,-0.99377,1
4194,0,0,0,0,617,175,4986,1940,6926,0.011267,0.0447923,-0.998933,1
4477,0,0,0,0,708,222,5407,2332,7739,0.015261,0.0869457,-0.996096,1
3991,0,0,0,0,593,167,4751,2878,7629,-0.005995,0.039354,-0.999207,1
3903,0,0,0,0,664,183,4750,2268,7018,0.0670103,0.127924,-0.989518,1
3899,0,0,0,0,634,174,4707,2054,6761,0.0254502,-0.00112514,-0.999675,1
4317,0,0,0,0,657,185,5159,2026,7185,-0.00584126,0.142383,-0.989794,1
4474,0,0,0,0,728,196,5398,2402,7800,0.072945,0.15887,-0.984601,1
4279,0,0,0,0,642,160,5081,2945,8026,0.0284531,-0.178518,-0.983525,1
4585,0,0,0,0,802,311,5698,2769,8467,0.0237328,0.171409,-0.984914,1
4128,0,0,0,0,938,246,5312,2218,7530,0.0279583,0.207044,-0.977932,1
4198,0,0,0,0,797,246,5241,2327,7568,0.0391535,0.171429,-0.984418,1
4523,0,0,0,0,882,225,5630,3001,8631,0.060079,0.122423,-0.990658,1
4441,0,0,0,0,918,241,5600,2087,7687,0.0355132,0.0873981,-0.99554,1
4358,0,0,0,0,973,252,5583,1918,7501,-0.0669408,-0.0183112,-0.997589,1
4507,0,0,0,0,977,238,5722,2265,7987,0.0669235,0.0366478,-0.997085,1
4320,0,0,0,0,987,237,5544,2038,7582,0.0549649,0.0861292,-0.994767,1
4340,0,0,0,0,989,237,5566,1933,7499,0.0309361,0.0646676,-0.997427,1
4508,0,0,0,0,947,237,5692,2109,7801,0.0113569,0.0761105,-0.997035,1
4870,0,0,0,0,1151,266,6287,2481,8768,0.0124245,0.0367195,-0.999248,1
5109,0,0,0,0,1113,269,6491,2380,8871,-0.020672,0.000932871,-0.999786,1
4560,0,0,0,0,1261,262,6083,2117,8200,0.00696521,0.0468143,-0.998879,1
4416,0,0,0,0,1001,257,5674,2100,7774,0.0177101,0.0643597,-0.99777,1
5097,0,0,0,0,1077,265,6439,2584,9023,-0.0317853,-0.0245051,-0.999194,1
4610,0,0,0,0,1019,235,5864,3260,9124,-0.0196942,-0.00615152,-0.999787,1
4587,0,0,0,0,965,256,5808,2112,7920,0.0666221,-0.385458,-0.920317,1
4449,0,0,0,0,984,256,5689,2463,8152,0.0277656,0.00799498,-0.999582,1
5143,0,0,0,0,1079,295,6517,2660,9177,-0.00924687,-0.00367528,-0.99995,1
4854,0,0,0,0,1145,260,6259,2297,8556,-0.164838,0.149795,-0.974879,1
5149,0,0,0,0,1183,385,6717,2417,9134,0.000763074,0.0356346,-0.999365,1
4848,0,0,0,0,1170,305,6323,2160,8483,0.0299967,0.011409,-0.999485,1
3346,0,0,0,0,752,183,4281,1883,6164,0.0216788,0.0204451,-0.999556,1
5102,0,0,0,0,1065,262,6429,2749,9178,-6.70596e-05,0.0318973,-0.999491,1
4948,0,0,0,0,1179,301,6428,2930,9358,0.000372399,0.0188159,-0.999823,1
4939,0,0,0,0,1113,359,6411,3087,9498,-0.00254979,0.0351503,-0.999379,1
4913,0,0,0,0,1108,314,6335,2815,9150,0.00787843,0.0264501,-0.999619,1
4981,0,0,0,0,1150,314,6445,2482,8927,0.0154339,0.0409895,-0.99904,1
4847,0,0,0,0,1139,343,6329,2811,9140,-0.00118428,0.0154267,-0.99988,1
5091,0,0,0,0,1087,312,6490,2474,8964,0.0164515,0.0154695,-0.999745,1
4905,0,0,0,0,1049,283,6237,2204,8441,-0.000223444,0.0324753,-0.999473,1
4896,0,0,0,0,1061,277,6234,2499,8733,0.0285262,0.0175822,-0.999438,1
4997,0,0,0,0,1077,297,6371,3109,9480,0.0127444,0.0145239,-0.999813,1
4948,0,0,0,0,1151,325,6424,4366,10790,0.0162769,0.0366314,-0.999196,1
5208,0,0,0,0,1044,294,6546,2197,8743,-0.00777692,0.0114899,-0.999904,1
4939,0,0,0,0,1108,291,6338,2558,8896,0.00102636,0.00454996,-0.999989,1
5058,0,0,0,0,1121,267,6446,2823,9269,0.00700316,0.0245109,-0.999675,1
4998,0,0,0,0,1085,301,6384,2277,8661,0.0112331,0.0199636,-0.999738,1
5143,0,0,0,0,1053,284,6480,2790,9270,0.0119525,0.0115315,-0.999862,1
5128,0,0,0,0,1059,282,6469,2571,9040,0.0254092,0.0144166,-0.999573,1
4900,0,0,0,0,1036,273,6209,2378,8587,-0.00276671,0.0280245,-0.999603,1
5188,0,0,0,0,1051,298,6537,2476,9013,0.0173509,0.027357,-0.999475,1
4941,0,0,0,0,1060,263,6264,2570,8834,0.00885162,0.0104505,-0.999906,1
4988,0,0,0,0,1042,263,6293,2896,9189,-0.00304948,0.0310325,-0.999514,1
4879,0,0,0,0,1069,276,6224,2795,9019,0.0193202,0.0127006,-0.999733,1
5122,0,0,0,0,1031,277,6430,1941,8371,0.00783405,0.0123738,-0.999893,1
2056,0,0,0,0,436,117,2609,1030,3639,0.0144611,0.016522,-0.999759,1
4836,0,0,0,0,1079,265,6180,2863,9043,0.00159589,0.0210045,-0.999778,1
4904,0,0,0,0,1018,260,6182,2604,8786,-0.00280664,0.0221418,-0.999751,1
4909,0,0,0,0,1092,293,6294,3851,10145,0.0101269,0.0202708,-0.999743,1
5119,0,0,0,0,1032,288,6439,2839,9278,0.00354499,-0.00154613,-0.999993,1
3285,0,0,0,0,785,195,4265,1973,6238,0.00835337,0.0142951,-0.999863,1
5023,0,0,0,0,1055,295,6373,2732,9105,-0.0172942,0.0266667,-0.999495,1
4896,0,0,0,0,1152,289,6337,2158,8495,0.0449692,-0.0506256,-0.997705,1
3585,0,0,0,0,742,180,4507,1491,5998,0.0120072,-0.0243226,-0.999632,1
5739,0,0,0,0,1061,265,7065,2781,9846,-0.0030653,0.0436636,-0.999042,1
4931,0,0,0,0,1059,264,6254,2583,8837,0.000404805,0.0242342,-0.999706,1
4947,0,0,0,0,1034,262,6243,2799,9042,0.0196967,0.0174891,-0.999653,1
4835,0,0,0,0,1109,304,6248,3173,9421,0.000600552,0.0116767,-0.999932,1
4963,0,0,0,0,1090,266,6319,2577,8896,0.0168021,-0.00520804,-0.999845,1
4859,0,0,0,0,1075,261,6195,2971,9166,0.00588461,0.0270381,-0.999617,1
3807,0,0,0,0,740,181,4728,1664,6392,-0.0140679,0.0155179,-0.999781,1
4630,0,0,0,0,923,268,5821,1881,7702,0.0674143,0.0232175,-0.997455,1
5018,0,0,0,0,1068,294,6380,2820,9200,-0.000687138,0.0393728,-0.999224,1
5191,0,0,0,0,965,239,6395,2493,8888,0.00314017,0.0115676,-0.999928,1
4775,0,0,0,0,1089,265,6129,2565,8694,0.00965724,-0.010114,-0.999902,1
5523,0,0,0,0,1016,284,6823,2637,9460,-0.00876449,0.0227084,-0.999704,1
4804,0,0,0,0,1059,264,6127,2193,8320,-0.0784451,0.0216162,-0.996684,1
5642,0,0,0,0,1072,286,7000,2293,9293,0.0100274,0.0171965,-0.999802,1
4750,0,0,0,0,1125,255,6130,2851,8981,0.00890524,0.0106704,-0.999903,1
4933,0,0,0,0,1098,288,6319,2693,9012,0.00614672,0.0249962,-0.999669,1
5008,0,0,0,0,1500,264,6772,2747,9519,0.0155953,0.00748417,-0.99985,1
4816,0,0,0,0,1027,259,6102,2665,8767,0.00379756,0.0325503,-0.999463,1
4836,0,0,0,0,1016,260,6112,2804,8916,-0.000896703,0.00437203,-0.99999,1
4323,0,0,0,0,942,251,5516,2736,8252,-0.00865388,0.0061515,-0.999944,1
4411,0,0,0,0,926,232,5569,1874,7443,-0.0094493,0.0176404,-0.9998,1
4402,0,0,0,0,948,258,5608,-1000,-1000,-1,-1,-1,1
4923,0,0,0,0,1019,280,6222,10132,16354,0.00970002,0.0217464,-0.999716,1
3178,0,0,0,0,696,169,4043,1794,5837,0.0234672,0.00858028,-0.999688,1
4877,0,0,0,0,1068,261,6206,2755,8961,-0.0164411,0.0233995,-0.999591,1
5111,0,0,0,0,1037,260,6408,2211,8619,-0.0146508,0.0169153,-0.99975,1
4891,0,0,0,0,1095,259,6245,2255,8500,-0.016067,0.0194799,-0.999681,1
4393,0,0,0,0,923,243,5559,2855,8414,0.00827308,0.0387824,-0.999213,1
4386,0,0,0,0,916,252,5554,2570,8124,0.0371608,0.0158412,-0.999184,1
4989,0,0,0,0,1037,259,6285,2339,8624,-0.0255288,0.0547622,-0.998173,1
4867,0,0,0,0,1011,255,6133,2224,8357,0.00959896,0.00239375,-0.999951,1
5995,0,0,0,0,1001,263,7259,2803,10062,0.0100864,0.0201562,-0.999746,1
4939,0,0,0,0,1080,274,6293,2819,9112,-0.022641,0.0262867,-0.999398,1
4927,0,0,0,0,1040,271,6238,2153,8391,-0.151276,0.0245691,-0.988186,1
4951,0,0,0,0,1024,274,6249,2275,8524,0.0276777,0.0160791,-0.999488,1
4906,0,0,0,0,1105,270,6281,2318,8599,0.00507941,0.0119921,-0.999915,1
4562,0,0,0,0,928,267,5757,2293,8050,-0.0164812,0.0365613,-0.999195,2
4817,0,0,0,0,988,268,6073,2481,8554,-0.0100294,0.0340439,-0.99937,2
4945,0,0,0,0,1080,300,6325,2073,8398,-0.0922516,0.00796943,-0.995704,2
4728,0,0,0,0,1081,272,6081,2089,8170,0.00703909,0.0213433,-0.999747,2
4474,0,0,0,0,952,257,5683,2482,8165,0.0106695,0.0128616,-0.99986,2
4619,0,0,0,0,934,237,5790,2204,7994,-0.0114752,0.00483301,-0.999922,2
4390,0,0,0,0,935,234,5559,2036,7595,-0.188338,-0.00829618,-0.982069,2
5001,0,0,0,0,1065,287,6353,2325,8678,0.0227316,0.0231878,-0.999473,2
4727,0,0,0,0,1097,308,6132,2456,8588,-0.0125414,0.00482369,-0.99991,2
4907,0,0,0,0,1037,257,6201,2020,8221,-0.111634,0.0179759,-0.993587,2
4849,0,0,0,0,1099,296,6244,2337,8581,0.00790102,0.00969687,-0.999922,2
4893,0,0,0,0,1037,269,6199,2934,9133,-0.00617424,0.0147596,-0.999872,2
3513,0,0,0,0,567,158,4238,1462,5700,0.00490147,0.00245318,-0.999985,2
2132,0,0,0,0,457,126,2715,1031,3746,0.0102025,0.00854371,-0.999911,2
4915,0,0,0,0,1051,299,6265,2374,8639,0.0129679,0.0177974,-0.999758,2
4963,0,0,0,0,1023,265,6251,2497,8748,-0.00650312,-0.00527343,-0.999965,2
3317,0,0,0,0,750,206,4273,1979,6252,0.00926594,0.00403554,-0.999949,2
5970,0,0,0,0,1072,263,7305,2726,10031,0.0171227,-0.00633458,-0.999833,2
4842,0,0,0,0,1171,301,6314,2675,8989,0.000730869,0.0198248,-0.999803,2
3583,0,0,0,0,699,172,4454,1529,5983,-0.00917263,0.00828007,-0.999924,2
4910,0,0,0,0,1095,267,6272,2608,8880,0.00656184,0.0143357,-0.999876,2
4961,0,0,0,0,1115,302,6378,2332,8710,0.00178452,0.0184845,-0.999828,2
4340,0,0,0,0,973,270,5583,2149,7732,0.00524857,0.0150544,-0.999873,2
5973,0,0,0,0,1142,300,7415,2394,9809,0.0155005,0.0134419,-0.99979,2
4941,0,0,0,0,1085,281,6307,2852,9159,0.00373898,0.029444,-0.999559,2
4842,0,0,0,0,1162,295,6299,2020,8319,-0.00345378,0.0240352,-0.999705,2
5245,0,0,0,0,1022,305,6572,2711,9283,0.013278,0.0309482,-0.999433,2
4936,0,0,0,0,1022,264,6222,2407,8629,0.00158824,0.00548521,-0.999984,2
4899,0,0,0,0,1026,264,6189,2710,8899,0.00185215,0.0195453,-0.999807,2
4901,0,0,0,0,1066,318,6285,2383,8668,0.00218467,0.0191178,-0.999815,2
5592,0,0,0,0,1019,299,6910,2501,9411,-0.00218158,0.0193884,-0.99981,2
4693,0,0,0,0,1244,272,6209,1983,8192,0.0376202,-0.00351772,-0.999286,2
4903,0,0,0,0,1097,262,6262,2251,8513,-0.0672708,-0.00660316,-0.997713,2
5099,0,0,0,0,1114,264,6477,2438,8915,-0.0325184,0.0158349,-0.999346,2
5639,0,0,0,0,1055,262,6956,2279,9235,-0.154618,0.030001,-0.987519,2
5413,0,0,0,0,783,208,6404,1318,7722,0.0144934,0.0113339,-0.999831,2
2310,0,0,0,0,435,110,2855,1095,3950,0.00135386,0.00811797,-0.999966,2
1971,0,0,0,0,419,120,2510,992,3502,0.0108173,0.0117576,-0.999872,2
5793,0,0,0,0,1099,265,7157,2803,9960,-0.0106393,0.0673097,-0.997675,2
5327,0,0,0,0,1039,261,6627,2581,9208,0.0100464,0.00614635,-0.999931,2
5072,0,0,0,0,1026,264,6362,2583,8945,0.0116453,0.0278773,-0.999544,2
4991,0,0,0,0,1059,263,6313,1801,8114,0.0117445,0.00611378,-0.999912,2
5043,0,0,0,0,1040,267,6350,2407,8757,0.00968011,0.0178905,-0.999793,2
4934,0,0,0,0,1034,307,6275,2766,9041,0.00578741,0.00387159,-0.999976,2
4905,0,0,0,0,1078,325,6308,2942,9250,-0.00634704,0.023377,-0.999707,2
4937,0,0,0,0,1070,291,6298,2819,9117,0.00757965,0.0259385,-0.999635,2
3537,0,0,0,0,726,205,4468,1823,6291,0.0123224,-0.00864961,-0.999887,2
4902,0,0,0,0,1155,293,6350,3161,9511,0.0183433,-0.00685984,-0.999808,2
5230,0,0,0,0,1106,318,6654,1816,8470,0.00243288,-0.00118185,-0.999996,2
3012,0,0,0,0,568,154,3734,1501,5235,-0.00410665,0.0249076,-0.999681,2
4993,0,0,0,0,1071,300,6364,3022,9386,0.00705099,0.00334107,-0.99997,2
5209,0,0,0,0,1032,264,6505,2539,9044,0.0118386,-0.009312,-0.999887,2
4944,0,0,0,0,1060,268,6272,3007,9279,0.00142296,0.00618265,-0.99998,2
3565,0,0,0,0,757,209,4531,2101,6632,0.0021217,0.0285454,-0.99959,2
5034,0,0,0,0,1141,309,6484,2618,9102,0.0273645,0.0132959,-0.999537,2
5091,0,0,0,0,1065,300,6456,2663,9119,0.00889168,0.0252612,-0.999641,2
4049,0,0,0,0,711,186,4946,1651,6597,0.0307351,-0.0143142,-0.999425,2
5027,0,0,0,0,1025,268,6320,2659,8979,0.0152772,-0.00731988,-0.999857,2
4893,0,0,0,0,1031,343,6267,2860,9127,0.00340271,0.00195277,-0.999992,2
4943,0,0,0,0,1055,277,6275,2523,8798,0.0192078,0.0206103,-0.999603,2
5077,0,0,0,0,1084,294,6455,2751,9206,0.017006,0.0368931,-0.999175,2
5155,0,0,0,0,1189,281,6625,1838,8463,0.0198666,0.0499574,-0.998554,2
2618,0,0,0,0,627,166,3411,1150,4561,0.00642084,0.0239623,-0.999692,2
5258,0,0,0,0,1072,302,6632,2919,9551,0.0204269,-0.0114749,-0.999725,2
5054,0,0,0,0,1033,262,6349,2847,9196,0.00476052,-0.00427269,-0.99998,2
5061,0,0,0,0,1053,266,6380,2858,9238,0.0236394,0.00380931,-0.999713,2
3436,0,0,0,0,715,203,4354,2331,6685,-0.00359721,0.0262857,-0.999648,2
5191,0,0,0,0,1090,264,6545,2682,9227,0.00970959,-0.0260632,-0.999613,2
5027,0,0,0,0,1154,296,6477,2955,9432,-0.0060959,0.0336994,-0.999413,2
5093,0,0,0,0,1061,289,6443,1425,7868,-0.0875635,0.62584,-0.77502,2
2647,0,0,0,0,640,181,3468,3191,6659,-0.00339022,0.0308297,-0.999519,2
4872,0,0,0,0,942,240,6054,2292,8346,-0.00327004,0.0176853,-0.999838,2
4624,0,0,0,0,923,254,5801,2359,8160,0.00201072,0.0208604,-0.99978,2
5047,0,0,0,0,1063,286,6396,3270,9666,-0.01413,-0.00133258,-0.999899,2
5090,0,0,0,0,1091,269,6450,2193,8643,-0.374296,0.322536,-0.869409,2
5153,0,0,0,0,1142,281,6576,1909,8485,0.0189532,0.00798231,-0.999789,2
3662,0,0,0,0,749,192,4603,2313,6916,0.0155874,0.0213579,-0.99965,2
5103,0,0,0,0,1099,305,6507,2874,9381,0.00868087,0.00355554,-0.999956,2
4989,0,0,0,0,1076,274,6339,2816,9155,0.000322541,0.013068,-0.999915,2
4231,0,0,0,0,753,216,5200,2078,7278,-0.020305,-0.0147506,-0.999685,2
4521,0,0,0,0,991,236,5748,2687,8435,-0.100224,0.0043784,-0.994955,2
5087,0,0,0,0,1102,308,6497,2615,9112,-0.0364524,0.0218571,-0.999096,2
4465,0,0,0,0,963,239,5667,2713,8380,-0.0405912,0.0641266,-0.997116,2
5034,0,0,0,0,1027,285,6346,2455,8801,-0.0351371,0.0532983,-0.99796,2
5018,0,0,0,0,1019,272,6309,2153,8462,-0.0156406,0.037021,-0.999192,2
3793,0,0,0,0,748,205,4746,1783,6529,0.0021718,0.0194853,-0.999808,2
5084,0,0,0,0,1019,280,6383,2661,9044,0.0250122,0.0110615,-0.999626,2
5008,0,0,0,0,955,249,6212,2794,9006,-0.0719468,0.00175731,-0.997407,2
4506,0,0,0,0,931,233,5670,2301,7971,-0.0154408,-0.00168122,-0.999879,2
4033,0,0,0,0,746,200,4979,1691,6670,-0.103468,-0.00304878,-0.994628,2
3448,0,0,0,0,747,181,4376,1764,6140,-0.0354395,0.0201311,-0.999169,2
5149,0,0,0,0,1096,278,6523,2655,9178,-0.0365179,0.0577854,-0.997661,2
5070,0,0,0,0,1144,298,6512,2328,8840,-0.0176784,0.0469974,-0.998739,2
5470,0,0,0,0,1089,289,6848,2257,9105,0.00281743,0.0152838,-0.999879,2
3466,0,0,0,0,742,193,4401,1972,6373,0.0185212,-0.000402126,-0.999828,2
5079,0,0,0,0,1121,285,6485,3191,9676,-0.00106876,0.00317713,-0.999994,2
5069,0,0,0,0,1060,287,6416,2803,9219,0.00550115,0.00372431,-0.999978,2
4581,0,0,0,0,946,266,5793,2473,8266,0.00740656,-0.00507837,-0.99996,2
4612,0,0,0,0,1039,268,5919,2397,8316,0.0134241,-0.00779539,-0.99988,2
4694,0,0,0,0,1047,272,6013,3006,9019,0.0126033,0.0148091,-0.999811,2
4648,0,0,0,0,959,242,5849,2398,8247,-0.00722754,-0.00837442,-0.999939,2
4186,0,0,0,0,878,215,5279,-1000,-1000,-1,-1,-1,2
5051,0,0,0,0,1075,299,6425,9357,15782,-0.03467,0.0310316,-0.998917,2
2522,0,0,0,0,536,147,3205,1282,4487,-0.0225284,0.0449855,-0.998734,2
5032,0,0,0,0,1088,297,6417,2070,8487,-0.021887,0.0525122,-0.99838,2
5190,0,0,0,0,1211,299,6700,2401,9101,-0.0191695,0.0548,-0.998313,2
5074,0,0,0,0,1079,299,6452,2464,8916,-0.0180983,0.0470489,-0.998729,2
5091,0,0,0,0,1092,297,6480,2191,8671,-0.00309017,0.01853,-0.999824,2
4536,0,0,0,0,995,271,5802,2345,8147,-0.00170513,-0.0111848,-0.999936,2
4985,0,0,0,0,1092,354,6431,2638,9069,0.00178176,-0.00727598,-0.999972,2
3447,0,0,0,0,710,182,4339,2092,6431,-0.0104976,-0.0228538,-0.999684,2
4669,0,0,0,0,943,244,5856,2168,8024,-0.275772,0.224991,-0.934521,2
5275,0,0,0,0,1029,262,6566,2235,8801,0.0250964,-0.00992851,-0.999636,2
4624,0,0,0,0,1120,281,6025,2290,8315,-0.00487028,0.00722764,-0.999962,2
4692,0,0,0,0,1028,296,6016,2655,8671,0.00250931,-0.00798938,-0.999965,2
5326,0,0,0,0,1306,278,6910,2636,9546,0.00926936,0.00353879,-0.999951,2
2763,0,0,0,0,588,160,3511,1309,4820,-0.0178718,-0.0039518,-0.999832,2
5234,0,0,0,0,1078,329,6641,2397,9038,-0.10698,0.0327179,-0.993723,2
4584,0,0,0,0,972,249,5805,2286,8091,-0.0256352,0.0234791,-0.999396,2
4528,0,0,0,0,968,266,5762,2850,8612,-0.00762409,0.0167189,-0.999831,2
3250,0,0,0,0,681,193,4124,1655,5779,0.00481723,-0.00337012,-0.999983,2
4252,0,0,0,0,889,247,5388,2281,7669,0.0100111,-0.0196613,-0.999757,2
4832,0,0,0,0,960,240,6032,2949,8981,-0.0251994,-0.000618625,-0.999682,2
3318,0,0,0,0,717,212,4247,1591,5838,-0.258377,0.339667,-0.90436,2
4207,0,0,0,0,965,282,5454,2387,7841,-0.0223221,0.0201018,-0.999549,2
4222,0,0,0,0,849,226,5297,1994,7291,0.0915876,0.0241339,-0.995505,2
5112,0,0,0,0,1081,276,6469,2514,8983,0.022781,-0.0154753,-0.999621,2
4737,0,0,0,0,1080,268,6085,2548,8633,-0.00524995,0.00452587,-0.999976,2
5049,0,0,0,0,1129,311,6489,2880,9369,-0.0056273,-0.0183129,-0.999816,2
5134,0,0,0,0,1081,323,6538,2977,9515,0.007476,-0.00378057,-0.999965,2
5268,0,0,0,0,1113,303,6684,3189,9873,0.0231257,0.00204766,-0.99973,2
5167,0,0,0,0,1087,267,6521,3060,9581,0.00214108,-0.00038906,-0.999998,2
5045,0,0,0,0,1075,314,6434,2470,8904,-0.00455947,0.00606296,-0.999971,2
3467,0,0,0,0,750,207,4424,2194,6618,-0.0177044,0.00200332,-0.999841,2
4731,0,0,0,0,980,269,5980,2014,7994,-0.365641,0.316236,-0.875387,2
4565,0,0,0,0,967,266,5798,2180,7978,0.00551199,0.00257638,-0.999981,2
4920,0,0,0,0,1123,301,6344,2637,8981,-0.0182523,-0.0124713,-0.999756,2
5173,0,0,0,0,1132,297,6602,-1000,-1000,-1,-1,-1,2
4506,0,0,0,0,978,269,5753,8682,14435,-0.0317324,0.010173,-0.999445,2
3297,0,0,0,0,692,192,4181,1826,6007,0.140047,0.0245154,-0.989841,2
5015,0,0,0,0,1080,304,6399,2487,8886,0.00146728,0.00207251,-0.999997,2
5041,0,0,0,0,1136,301,6478,2753,9231,-0.00368297,0.00966715,-0.999946,2
4681,0,0,0,0,1027,289,5997,2505,8502,-0.0274766,-0.0123165,-0.999547,2
5094,0,0,0,0,1114,266,6474,2113,8587,0.0891205,0.0227285,-0.995761,2
5348,0,0,0,0,1128,289,6765,2462,9227,-0.00925759,0.00342015,-0.999951,2
4964,0,0,0,0,943,285,6192,-1000,-1000,-1,-1,-1,2
3288,0,0,0,0,708,203,4199,6578,10777,0.0254409,0.0140634,-0.999577,2
3267,0,0,0,0,694,187,4148,2099,6247,-0.0103263,-0.0178038,-0.999788,2
3391,0,0,0,0,662,189,4242,-1000,-1000,-1,-1,-1,2
6065,0,0,0,0,1106,303,7474,7235,14709,-0.0802837,0.073107,-0.994087,2
2527,0,0,0,0,538,148,3213,1189,4402,0.000114383,0.0164833,-0.999864,2
5102,0,0,0,0,1076,267,6445,2780,9225,0.0217571,0.00116705,-0.999763,2
4579,0,0,0,0,976,243,5798,2359,8157,0.00157602,-0.00229612,-0.999996,2
4649,0,0,0,0,1007,263,5919,2667,8586,-0.0106928,-0.0101186,-0.999892,2
5170,0,0,0,0,1076,285,6531,-1000,-1000,-1,-1,-1,2
4723,0,0,0,0,987,240,5950,6699,12649,-0.0379845,0.035544,-0.998646,2
3310,0,0,0,0,733,172,4215,1499,5714,-0.0434181,0.0752551,-0.996219,2
5192,0,0,0,0,1103,281,6576,2172,8748,-0.0266082,-0.0261939,-0.999303,2
5251,0,0,0,0,1166,266,6683,2250,8933,-0.0476177,0.0136822,-0.998772,2
4989,0,0,0,0,1047,268,6304,1798,8102,-0.00769103,-0.00421085,-0.999962,2
3284,0,0,0,0,696,193,4173,1655,5828,0.00376871,-0.00884434,-0.999954,2
4096,0,0,0,0,865,258,5219,2849,8068,-0.0172818,-0.0207446,-0.999635,2
3754,0,0,0,0,687,139,4580,1348,5928,-0.324584,0.384875,-0.864012,2
2221,0,0,0,0,436,111,2768,1160,3928,-0.00716251,0.0197088,-0.99978,2
1535,0,0,0,0,324,91,1950,811,2761,0.0080225,-0.00704317,-0.999943,2
5147,0,0,0,0,1106,303,6556,3031,9587,-0.00505866,-0.00157812,-0.999986,2
5041,0,0,0,0,1072,330,6443,2542,8985,-0.00709128,0.00442354,-0.999965,2
5032,0,0,0,0,1059,262,6353,2105,8458,0.161041,0.133748,-0.977843,2
4910,0,0,0,0,970,240,6120,2329,8449,-0.0181309,-0.00210494,-0.999833,2
3561,0,0,0,0,702,170,4433,1616,6049,0.380297,-0.558328,-0.737322,2
4148,0,0,0,0,885,247,5280,1907,7187,0.015264,-0.0403703,-0.999068,2
5142,0,0,0,0,1099,304,6545,3270,9815,-0.00273983,-0.0124566,-0.999919,2
6049,0,0,0,0,1059,320,7428,2575,10003,-0.0249627,-0.00700526,-0.999664,2
3488,0,0,0,0,721,181,4390,1588,5978,0.0674446,0.329018,-0.941912,2
5024,0,0,0,0,1061,333,6418,2612,9030,-0.00397962,-0.00926772,-0.999949,2
4800,0,0,0,0,1241,268,6309,2427,8736,0.00972176,-0.0233247,-0.999681,2
4983,0,0,0,0,1082,280,6345,2603,8948,0.0144626,-0.0224642,-0.999643,2
5299,0,0,0,0,1081,281,6661,2707,9368,0.00759925,-0.0238546,-0.999687,2
5158,0,0,0,0,1131,286,6575,1928,8503,0.000444197,-0.00819169,-0.999966,2
4160,0,0,0,0,990,235,5385,1993,7378,-0.00803483,-0.00429201,-0.999959,2
4985,0,0,0,0,1087,259,6331,3366,9697,-0.124726,0.090577,-0.988048,2
4953,0,0,0,0,1130,296,6379,2033,8412,0.0269528,-0.000450447,-0.999637,2
2657,0,0,0,0,553,141,3351,1482,4833,-0.00345785,-0.00657742,-0.999972,2
5220,0,0,0,0,1119,304,6643,2766,9409,0.00740653,-0.00105728,-0.999972,2
4655,0,0,0,0,1008,286,5949,2717,8666,-0.0226124,-0.00615061,-0.999725,2
4505,0,0,0,0,935,234,5674,1712,7386,-0.384376,0.331865,-0.861465,2
4236,0,0,0,0,850,214,5300,2091,7391,-0.00772226,0.0152717,-0.999854,2
4709,0,0,0,0,926,243,5878,2388,8266,0.0055779,-0.0241748,-0.999692,2
4683,0,0,0,0,971,272,5926,2848,8774,0.00254868,-0.00852024,-0.99996,2
4533,0,0,0,0,926,237,5696,2803,8499,0.0224672,0.0210604,-0.999526,2
4721,0,0,0,0,1002,265,5988,2225,8213,-0.0287052,0.00543371,-0.999573,2
3192,0,0,0,0,672,167,4031,1361,5392,0.0771918,0.0547081,-0.995514,2
5087,0,0,0,0,1061,337,6485,1982,8467,-0.0152186,0.00944801,-0.99984,2
5070,0,0,0,0,1278,247,6595,2267,8862,0.0080657,-0.010854,-0.999909,2
3247,0,0,0,0,689,176,4112,1694,5806,0.00362165,-0.0149795,-0.999881,2
3446,0,0,0,0,719,182,4347,1555,5902,0.0132172,-0.00593649,-0.999895,2
4959,0,0,0,0,1043,249,6251,2168,8419,0.00673062,-0.0225585,-0.999723,2
5024,0,0,0,0,1059,302,6385,2586,8971,-0.000677341,0.0184141,-0.99983,2
6024,0,0,0,0,1084,270,7378,1993,9371,-0.0171864,-0.0134375,-0.999762,2
2777,0,0,0,0,557,155,3489,1096,4585,-0.453213,0.110949,-0.88447,2
5135,0,0,0,0,1084,264,6483,2356,8839,0.0381739,0.0442799,-0.99829,2
4902,0,0,0,0,1115,266,6283,1571,7854,-0.0152142,0.0549796,-0.998372,2
2631,0,0,0,0,479,118,3228,965,4193,-0.0115803,0.0617363,-0.998025,2
4791,0,0,0,0,1017,277,6085,2127,8212,-0.0200314,0.0895274,-0.995783,2
5137,0,0,0,0,1181,305,6623,2045,8668,-0.0125734,0.14403,-0.989493,2
4897,0,0,0,0,953,259,6109,2143,8252,-0.0226736,0.0765212,-0.99681,2
4224,0,0,0,0,798,215,5237,1946,7183,-0.0299874,0.142518,-0.989338,2
5034,0,0,0,0,756,198,5988,1913,7901,-0.00260042,0.113958,-0.993482,2
5125,0,0,0,0,706,225,6056,1771,7827,-0.0130872,0.106546,-0.994222,2
5283,0,0,0,0,793,213,6289,2825,9114,-0.0029045,0.1728,-0.984953,2
5009,0,0,0,0,736,196,5941,1851,7792,-0.0137555,0.200353,-0.979627,2
2470,0,0,0,0,343,88,2901,913,3814,-0.00487132,0.0825726,-0.996573,2
1683,0,0,0,0,217,54,1954,868,2822,0.00213418,0.0798447,-0.996805,2
4537,0,0,0,0,489,124,5150,1924,7074,-0.00184927,0.0770605,-0.997025,2
4851,0,0,0,0,504,123,5478,2358,7836,-0.00237682,0.0649932,-0.997883,2
4849,0,0,0,0,460,114,5423,2372,7795,0.0254941,0.0442881,-0.998693,2
4897,0,0,0,0,365,106,5368,2449,7817,0.0214125,0.0622744,-0.997829,2
3309,0,0,0,0,231,81,3621,1678,5299,0.0288884,0.108058,-0.993725,2
4418,0,0,0,0,285,93,4796,2484,7280,0.0227266,0.0762678,-0.996828,2
4092,0,0,0,0,307,95,4494,2346,6840,0.0147416,0.08705,-0.996095,2
4202,0,0,0,0,283,92,4577,2704,7281,-0.0229113,0.0857736,-0.996051,2
4200,0,0,0,0,181,57,4438,2612,7050,-0.0122411,0.110678,-0.993781,2
4245,0,0,0,0,156,52,4453,1728,6181,-0.0374396,0.115094,-0.992649,2
3403,0,0,0,0,137,53,3593,2476,6069,-0.0651712,0.123647,-0.990184,2
4042,0,0,0,0,152,49,4243,2987,7230,-0.009948,0.0709318,-0.997432,2
4303,0,0,0,0,160,60,4523,2618,7141,-0.0403405,0.0861843,-0.995462,2
4028,0,0,0,0,159,68,4255,3146,7401,-0.0321555,0.105905,-0.993856,2
4045,0,0,0,0,190,80,4315,2516,6831,-0.0200225,0.141165,-0.989784,2
4289,0,0,0,0,273,98,4660,2936,7596,-0.00746035,0.136929,-0.990553,2
4190,0,0,0,0,313,78,4581,3475,8056,-1.89519e-05,0.161091,-0.986939,2
4967,0,0,0,0,302,100,5369,6579,11948,0.00409876,0.187974,-0.982165,2
4236,0,0,0,0,388,106,4730,6961,11691,-0.00584153,0.19551,-0.980684,2
3129,0,0,0,0,324,82,3535,5504,9039,-0.102393,0.203047,-0.973801,2
4579,0,0,0,0,597,140,5316,5042,10358,-0.0724407,0.0490944,-0.996164,2
3377,0,0,0,0,503,135,4015,1884,5899,-0.0227622,0.0385318,-0.998998,2
3830,0,0,0,0,684,176,4690,3286,7976,-0.0327504,0.111587,-0.993215,2
5078,0,0,0,0,1155,308,6541,2904,9445,-0.115092,0.113124,-0.986893,2
6160,0,0,0,0,1458,340,7958,2227,10185,-0.104952,0.174262,-0.97909,2
6298,0,0,0,0,1570,409,8277,2267,10544,-0.0934589,0.193649,-0.976609,2
3211,0,0,0,0,815,195,4221,1655,5876,-0.0714024,0.155073,-0.985319,2
6068,0,0,0,0,1546,359,7973,2484,10457,-0.0684435,0.205531,-0.976254,2
4162,0,0,0,0,978,247,5387,1869,7256,-0.0345246,0.197822,-0.97963,2
5988,0,0,0,0,1357,355,7700,2514,10214,-0.0351685,0.16712,-0.985309,2
5731,0,0,0,0,1136,278,7145,1917,9062,-0.0401373,0.15043,-0.987806,2
3607,0,0,0,0,660,162,4429,2119,6548,-0.0613768,0.129224,-0.989714,2
6269,0,0,0,0,1027,241,7537,2480,10017,-0.0435894,0.0737547,-0.996323,2
5723,0,0,0,0,942,226,6891,2500,9391,-0.0723943,0.110458,-0.991241,2
3878,0,0,0,0,632,150,4660,1743,6403,-0.11988,0.0919492,-0.988521,2
4734,0,0,0,0,796,194,5724,2161,7885,-0.114742,0.1054,-0.987788,2
5170,0,0,0,0,882,231,6283,2267,8550,-0.136484,0.135829,-0.981286,2
5244,0,0,0,0,748,222,6214,2207,8421,-0.104829,0.149087,-0.983252,2
3155,0,0,0,0,420,108,3683,1636,5319,-0.0735286,0.132077,-0.988509,2
4495,0,0,0,0,612,139,5246,2612,7858,-0.102365,0.189496,-0.976531,2
4253,0,0,0,0,529,134,4916,2580,7496,-0.113631,0.257614,-0.959543,2
4031,0,0,0,0,468,144,4643,2812,7455,-0.107356,0.272247,-0.95622,2
3980,0,0,0,0,560,131,4671,1849,6520,-0.0546563,0.159004,-0.985764,2
3350,0,0,0,0,376,114,3840,2271,6111,-0.0815447,0.169921,-0.982078,2
3968,0,0,0,0,404,124,4496,2032,6528,-0.0883827,0.210952,-0.973493,2
4159,0,0,0,0,451,140,4750,2342,7092,-0.0796474,0.222131,-0.971758,2
3957,0,0,0,0,451,138,4546,2442,6988,-0.0619324,0.232038,-0.970733,2
4283,0,0,0,0,532,131,4946,2429,7375,-0.0664444,0.221409,-0.972915,2
4046,0,0,0,0,545,168,4759,2103,6862,-0.0273014,0.235235,-0.971555,2
4256,0,0,0,0,630,181,5067,2407,7474,-0.0176111,0.227733,-0.973564,2
3882,0,0,0,0,746,225,4853,2236,7089,-0.0230151,0.263996,-0.964249,2
4812,0,0,0,0,998,264,6074,2458,8532,0.0212134,0.273798,-0.961553,2
5017,0,0,0,0,1117,272,6406,2401,8807,0.00682536,0.257051,-0.966374,2
5009,0,0,0,0,1226,295,6530,2555,9085,-0.0262596,0.242415,-0.969817,2
5343,0,0,0,0,1257,322,6922,2392,9314,-0.036442,0.278391,-0.959776,2
5473,0,0,0,0,1257,303,7033,2546,9579,-0.0359519,0.25236,-0.966965,2
5634,0,0,0,0,1265,309,7208,1888,9096,-0.051866,0.231845,-0.971369,2
2726,0,0,0,0,491,124,3341,1277,4618,-0.0641651,0.199287,-0.977838,2
4836,0,0,0,0,857,214,5907,2439,8346,-0.0555079,0.208174,-0.976516,2
4792,0,0,0,0,723,186,5701,1975,7676,-0.036106,0.152599,-0.987628,2
4187,0,0,0,0,560,138,4885,1978,6863,-0.0266368,0.152535,-0.987939,2
4264,0,0,0,0,411,111,4786,2398,7184,-0.0338356,0.182183,-0.982682,2
4183,0,0,0,0,386,127,4696,2575,7271,-0.0135596,0.193479,-0.981011,2
4177,0,0,0,0,324,91,4592,2631,7223,-0.0269681,0.137101,-0.99019,2
4812,0,0,0,0,422,108,5342,3219,8561,-0.0507981,0.161011,-0.985644,2
4369,0,0,0,0,355,102,4826,3870,8696,-0.0643971,0.226406,-0.971902,2
3088,0,0,0,0,282,97,3467,2468,5935,-0.0647961,0.235777,-0.969645,2
4844,0,0,0,0,458,119,5421,2739,8160,-0.0330333,0.110559,-0.99332,2
4597,0,0,0,0,439,119,5155,2653,7808,-0.100493,0.170604,-0.980202,2
3162,0,0,0,0,317,91,3570,2207,5777,-0.00735898,0.106371,-0.994299,2
4382,0,0,0,0,411,102,4895,2489,7384,0.0295048,0.0930274,-0.995226,2
4511,0,0,0,0,352,110,4973,3046,8019,-0.0093621,0.0993865,-0.995005,2
4718,0,0,0,0,430,97,5245,3610,8855,-0.01145,0.140934,-0.989953,2
4462,0,0,0,0,359,90,4911,3363,8274,0.00577116,0.0906451,-0.995867,2
3148,0,0,0,0,226,75,3449,2081,5530,-0.0802523,0.114897,-0.99013,2
3052,0,0,0,0,208,75,3335,2099,5434,-0.0812864,0.118885,-0.989575,2
4549,0,0,0,0,327,81,4957,3104,8061,-0.0286105,0.0733263,-0.996898,2
4521,0,0,0,0,384,118,5023,2682,7705,-0.0282626,0.0701517,-0.997136,2
4352,0,0,0,0,265,78,4695,2100,6795,-0.0279726,0.0797385,-0.996423,2
2287,0,0,0,0,162,44,2493,1682,4175,-0.0407619,0.0948145,-0.99466,2
4321,0,0,0,0,355,90,4766,3011,7777,-0.0416094,0.100121,-0.994105,2
4366,0,0,0,0,403,114,4883,2426,7309,-0.0345766,0.142825,-0.989144,2
4505,0,0,0,0,428,137,5070,2516,7586,-0.00818995,0.140576,-0.990036,2
2445,0,0,0,0,271,81,2797,1732,4529,0.0296821,0.15433,-0.987573,2
3873,0,0,0,0,484,142,4499,2950,7449,0.0554221,0.109351,-0.992457,2
5007,0,0,0,0,716,203,5926,2728,8654,0.0874275,0.128911,-0.987795,2
5135,0,0,0,0,804,214,6153,3957,10110,0.0735701,0.161422,-0.984139,2
4127,0,0,0,0,513,121,4761,2348,7109,0.0626004,0.115655,-0.991315,2
1983,0,0,0,0,368,91,2442,1314,3756,0.0758666,0.0832718,-0.993635,2
5172,0,0,0,0,1121,288,6581,3019,9600,0.0928545,0.0340373,-0.995098,2
5560,0,0,0,0,1277,356,7193,2640,9833,0.0851621,0.0400088,-0.995564,2
3843,0,0,0,0,980,255,5078,2666,7744,0.051662,0.0308455,-0.998188,2
6132,0,0,0,0,1476,453,8061,2180,10241,0.0398524,0.0273834,-0.99883,2
4867,0,0,0,0,1187,297,6351,2073,8424,0.06641,0.0569067,-0.996168,2
4229,0,0,0,0,1173,301,5703,2683,8386,0.0569232,0.0728333,-0.995718,2
4446,0,0,0,0,1260,324,6030,1930,7960,0.0293159,0.154563,-0.987548,2
4416,0,0,0,0,1253,331,6000,1868,7868,-0.00807027,0.178818,-0.983849,2
4606,0,0,0,0,1356,343,6305,1893,8198,-0.0123073,0.158188,-0.987332,2
5035,0,0,0,0,1290,343,6668,1978,8646,-0.0309057,0.13984,-0.989692,2
5881,0,0,0,0,1728,437,8046,2093,10139,-0.0397909,0.0837183,-0.995695,2
3985,0,0,0,0,1167,308,5460,1591,7051,-0.0524449,0.106513,-0.992927,2
5237,0,0,0,0,1438,379,7054,2015,9069,-0.0463658,0.0752573,-0.996086,2
5196,0,0,0,0,1446,390,7032,2218,9250,-0.0520634,0.0854895,-0.994978,2
5174,0,0,0,0,1405,339,6918,2347,9265,-0.0269757,0.137403,-0.990148,2
3774,0,0,0,0,1012,247,5033,1610,6643,0.00898131,0.146566,-0.98916,2
6324,0,0,0,0,1759,406,8489,2429,10918,0.0109688,0.136636,-0.990561,2
5683,0,0,0,0,1466,356,7505,2461,9966,-0.0242553,0.157046,-0.987293,2
4328,0,0,0,0,1030,252,5610,1797,7407,0.009748,0.154676,-0.987917,2
6152,0,0,0,0,1504,372,8028,2737,10765,0.00269844,0.138232,-0.990396,2
6167,0,0,0,0,1432,373,7972,2400,10372,-0.000248203,0.108218,-0.994127,2
5652,0,0,0,0,1299,324,7275,2287,9562,-0.00593654,0.0813362,-0.996669,2
3843,0,0,0,0,939,256,5038,1580,6618,-0.0112557,0.0724438,-0.997309,2
6160,0,0,0,0,1410,354,7924,2296,10220,-0.00208941,0.0844855,-0.996423,2
3200,0,0,0,0,761,187,4148,1088,5236,-0.0397964,0.0738453,-0.996475,2
2592,0,0,0,0,616,154,3362,894,4256,-0.0302162,0.0972293,-0.994803,2
3404,0,0,0,0,788,229,4421,1351,5772,-0.0634899,0.0460299,-0.99692,2
5741,0,0,0,0,1309,324,7374,2079,9453,-0.0567237,0.0634954,-0.996369,2
6139,0,0,0,0,1412,343,7894,2656,10550,-0.0432292,0.0664933,-0.99685,2
3961,0,0,0,0,768,195,4924,1225,6149,-0.0442996,0.0618437,-0.997102,2
2577,0,0,0,0,631,160,3368,1056,4424,-0.0165879,0.0737478,-0.997139,2
6179,0,0,0,0,1390,339,7908,3202,11110,-0.0159201,0.0599881,-0.998072,2
6150,0,0,0,0,1428,341,7919,2398,10317,-0.0188557,0.0520719,-0.998465,2
4208,0,0,0,0,997,258,5463,1594,7057,-0.0202874,0.0295251,-0.999358,2
4196,0,0,0,0,994,262,5452,1462,6914,-0.00904754,0.0521605,-0.998598,2
6425,0,0,0,0,1368,348,8141,2222,10363,-0.00533076,0.0379998,-0.999264,2
3904,0,0,0,0,934,245,5083,1453,6536,-0.0246602,0.0393611,-0.998921,2
5683,0,0,0,0,1292,341,7316,2033,9349,-0.0300713,0.0342317,-0.998961,2
5929,0,0,0,0,1439,378,7746,2680,10426,-0.0262178,0.0413506,-0.998801,2
3655,0,0,0,0,773,199,4627,1099,5726,-0.034835,0.0420769,-0.998507,2
2168,0,0,0,0,437,116,2721,698,3419,-0.0446827,0.0514725,-0.997674,2
6003,0,0,0,0,1535,381,7919,2072,9991,-0.0604217,0.0411744,-0.997323,2
5380,0,0,0,0,1293,312,6985,2083,9068,-0.0599974,0.0288051,-0.997783,2
3860,0,0,0,0,965,247,5072,1576,6648,-0.0398552,0.0550474,-0.997688,2
5815,0,0,0,0,1317,313,7445,2213,9658,-0.0373831,0.0410225,-0.998459,2
5443,0,0,0,0,1267,307,7017,2029,9046,-0.0546903,0.0351555,-0.997884,2
4943,0,0,0,0,1164,278,6385,1999,8384,-0.0522147,0.0449525,-0.997624,2
5077,0,0,0,0,1155,281,6513,1848,8361,-0.0378881,0.0439031,-0.998317,2
3560,0,0,0,0,915,208,4683,1449,6132,-0.0569661,0.03619,-0.99772,2
6263,0,0,0,0,1915,365,8543,2215,10758,-0.0382318,0.0323309,-0.998746,2
4377,0,0,0,0,1017,261,5655,1666,7321,-0.0308448,0.0390124,-0.998763,2
3295,0,0,0,0,758,200,4253,1253,5506,-0.0373606,0.053896,-0.997847,2
3915,0,0,0,0,1385,385,5685,2197,7882,-0.0287214,0.0435596,-0.998638,2
5227,0,0,0,0,1349,427,7003,2015,9018,-0.0305867,0.0369684,-0.998848,2
6097,0,0,0,0,1509,361,7967,2210,10177,-0.0547276,0.0444135,-0.997513,2
3571,0,0,0,0,794,187,4552,1020,5572,-0.0553005,0.0432078,-0.997534,2
2212,0,0,0,0,542,128,2882,896,3778,-0.037237,0.044325,-0.998323,2
3400,0,0,0,0,848,197,4445,1419,5864,-0.030227,0.0238813,-0.999258,2
5563,0,0,0,0,1420,365,7348,1895,9243,-0.0455431,0.0455881,-0.997922,2
5408,0,0,0,0,1372,353,7133,2231,9364,-0.0250358,0.0220733,-0.999443,2
5707,0,0,0,0,1390,363,7460,1538,8998,-0.0473902,0.0158146,-0.998751,2
3164,0,0,0,0,719,192,4075,1124,5199,-0.0544573,0.0306115,-0.998047,2
5628,0,0,0,0,1319,319,7266,1962,9228,-0.0418201,0.0464764,-0.998044,2
7018,0,0,0,0,1587,390,8995,2039,11034,-0.0365011,0.0771113,-0.996354,2
6239,0,0,0,0,1520,409,8168,2760,10928,-0.0365801,0.0500686,-0.998076,2
4659,0,0,0,0,806,205,5670,1174,6844,-0.042728,0.0629876,-0.997099,2
2171,0,0,0,0,531,129,2831,831,3662,-0.0237873,0.0508901,-0.998421,2
2428,0,0,0,0,597,146,3171,953,4124,-0.0462952,0.0241352,-0.998636,2
