Downsample[ns],BuildFilTree[ns],SearchFil[ns],DeleteFil[ns],BuildTreeSub[ns],SearchSub[ns],DeleteSub[ns],PreProcTotal[ns],Plane[ns],Total[ns],nx,ny,nz,planeCount
6507,0,340,456,3676,82,243,11304,2831,14135,-0.0210007,0.0162082,-0.999648,0
4120,0,233,290,2490,47,189,7369,1583,8952,-0.00354089,0.0152307,-0.999878,0
5447,0,306,391,3276,51,220,9691,2186,11877,-0.00835494,0.0632759,-0.997961,0
3823,0,216,271,2321,38,157,6826,1362,8188,-0.00750536,0.00879516,-0.999933,0
7566,0,378,482,3922,56,243,12647,1665,14312,-0.00739812,0.0263645,-0.999625,0
3423,0,191,240,2031,48,137,6070,1295,7365,-0.0101968,0.0324961,-0.99942,0
6919,0,393,474,3733,58,241,11818,1776,13594,-0.0254298,0.0385312,-0.998934,0
4090,0,233,294,2567,45,167,7396,1240,8636,-0.00228644,0.0311012,-0.999514,0
9264,0,382,436,3024,39,178,13323,1223,14546,-0.00961583,0.0457678,-0.998906,0
2539,0,145,180,1570,25,104,4563,864,5427,-0.0316918,0.064285,-0.997428,0
6512,0,335,418,3508,58,237,11068,2189,13257,-0.00309036,0.040739,-0.999165,0
4162,0,233,292,2468,37,165,7357,1487,8844,-0.00328402,0.033322,-0.999439,0
6770,0,378,475,3559,56,240,11478,2175,13653,0.0179306,0.008143,-0.999806,0
4073,0,239,319,2521,42,167,7361,1570,8931,-0.00778483,0.0339639,-0.999393,0
6138,0,384,437,3736,54,247,10996,1591,12587,-0.0280475,0.0054228,-0.999592,0
4136,0,236,294,2550,68,168,7452,1447,8899,0.00279287,0.0548797,-0.998489,0
4324,0,359,442,2530,46,185,7886,1418,9304,-0.00898425,0.0270915,-0.999593,0
5438,0,307,386,3277,60,220,9688,1845,11533,-0.0141528,0.0287366,-0.999487,0
6012,0,340,454,3542,57,245,10650,1996,12646,-0.00923055,0.0335758,-0.999394,0
4225,0,254,297,2520,45,173,7514,1285,8799,0.00362562,0.0312965,-0.999504,0
6091,0,341,455,3642,61,249,10839,2065,12904,-0.00403171,0.0311072,-0.999508,0
6141,0,343,470,3695,56,249,10954,1418,12372,0.00905926,0.0208267,-0.999742,0
3185,0,181,226,1943,32,129,5696,1063,6759,-0.0212148,0.0384253,-0.999036,0
5059,0,281,348,3028,48,202,8966,1704,10670,-0.018711,0.0366641,-0.999152,0
5097,0,461,539,3130,54,230,9511,1796,11307,0.0133404,0.0166734,-0.999772,0
5089,0,280,363,3011,78,149,8970,1391,10361,0.00394371,0.0283391,-0.999591,0
4169,0,237,335,2567,52,171,7531,1467,8998,-0.0221053,0.0282956,-0.999355,0
5684,0,468,604,3588,69,248,10661,1360,12021,-0.00284646,0.0205384,-0.999785,0
3919,0,220,273,2400,42,180,7034,1459,8493,-0.0184012,0.0556771,-0.998279,0
5460,0,279,355,3032,69,228,9423,1713,11136,-0.0217286,0.0152613,-0.999647,0
5012,0,281,386,3024,60,200,8963,1692,10655,-0.0222571,0.0332871,-0.999198,0
5725,0,282,357,3080,48,204,9696,1289,10985,-0.00842662,0.0306466,-0.999495,0
2869,0,163,212,1730,24,117,5115,1091,6206,-0.0131253,0.0361658,-0.99926,0
6213,0,343,428,3856,81,250,11171,1431,12602,-0.0217627,0.0175067,-0.99961,0
3357,0,184,231,1978,37,131,5918,1103,7021,-0.0256412,0.0219085,-0.999431,0
6109,0,399,458,3791,58,248,11063,1576,12639,-8.27383e-05,0.0500466,-0.998747,0
4199,0,241,297,2658,56,174,7625,1445,9070,-0.00448787,0.032818,-0.999451,0
5991,0,345,454,3687,49,281,10807,2041,12848,-0.0248628,0.025569,-0.999364,0
4407,0,238,299,2532,40,171,7687,1462,9149,-0.0201496,0.0180849,-0.999633,0
5493,0,308,389,3330,58,247,9825,1599,11424,-0.00641028,0.0331153,-0.999431,0
3895,0,222,275,2361,39,159,6951,1369,8320,-0.0249076,0.0293461,-0.999259,0
6135,0,434,444,3798,58,248,11117,2194,13311,-0.0260201,0.0380763,-0.998936,0
4169,0,238,296,2608,38,171,7520,1475,8995,-0.015026,0.0284204,-0.999483,0
4214,0,236,297,2560,39,170,7516,1488,9004,-0.0149744,0.0410311,-0.999046,0
4533,0,240,336,2592,40,174,7915,1502,9417,-0.00171907,0.0514317,-0.998675,0
5584,0,313,390,3396,60,226,9969,1884,11853,-0.0126736,0.030932,-0.999441,0
4073,0,225,307,2432,41,168,7246,1483,8729,-0.00342199,0.0309068,-0.999516,0
4919,0,289,365,3166,80,209,9028,1765,10793,0.0289683,0.0500517,-0.998326,0
5202,0,314,367,3124,66,233,9306,1210,10516,-0.0134252,0.0369374,-0.999227,0
3001,0,254,307,1866,39,122,5589,967,6556,-0.0303659,0.0263312,-0.999192,0
5993,0,355,460,4070,70,342,11290,2080,13370,-0.00330452,0.0332993,-0.99944,0
4130,0,268,305,2680,37,173,7593,1508,9101,-0.0225548,0.0220403,-0.999503,0
6294,0,357,445,3834,56,253,11239,2087,13326,-0.0247923,0.0361499,-0.999039,0
4123,0,247,307,2704,37,195,7613,1491,9104,-0.00909372,0.0383366,-0.999224,0
6226,0,356,449,3894,54,257,11236,1429,12665,-0.0102038,0.0356198,-0.999313,0
4148,0,245,305,2707,37,177,7619,1445,9064,-0.00588151,0.0106707,-0.999926,0
5520,0,322,403,3439,51,229,9964,1972,11936,-0.0284357,0.0645182,-0.997511,0
6089,0,381,454,3981,77,259,11241,1409,12650,-0.0126308,0.0471024,-0.99881,0
4157,0,242,308,2647,48,174,7576,1301,8877,-0.0067166,0.0320546,-0.999464,0
3850,0,225,281,2448,38,160,7002,1298,8300,-0.0167885,0.0531693,-0.998444,0
6423,0,348,440,3773,58,276,11318,2163,13481,-0.0141227,0.0570437,-0.998272,0
5950,0,350,435,3125,46,174,10080,1361,11441,-0.0114597,0.067045,-0.997684,0
3160,0,230,324,2140,41,133,6028,1092,7120,-0.0184591,0.0254491,-0.999506,0
5966,0,465,633,4077,73,253,11467,2411,13878,-0.00340185,0.0314716,-0.999499,0
6182,0,346,398,2501,49,169,9645,1090,10735,-0.0155174,0.0128733,-0.999797,0
2572,0,148,186,1570,29,104,4609,1382,5991,-0.0147288,0.0403662,-0.999076,0
6247,0,346,436,4015,64,252,11360,2020,13380,-0.00129727,0.0352403,-0.999378,0
6067,0,346,438,3111,46,172,10180,1275,11455,-0.00356976,0.034625,-0.999394,0
2995,0,173,217,1861,38,123,5407,1074,6481,-0.0196051,0.0323063,-0.999286,0
4457,0,259,321,2780,41,191,8049,1632,9681,-0.0054606,0.0293934,-0.999553,0
6365,0,369,442,3853,69,252,11350,1438,12788,-0.00289188,0.0209836,-0.999776,0
4197,0,239,307,2571,50,172,7536,1429,8965,-0.00719538,0.0495791,-0.998744,0
5441,0,313,393,3342,70,231,9790,1882,11672,-0.000876855,0.0370861,-0.999312,0
5962,0,347,444,3762,72,249,10836,1488,12324,-0.0309304,0.0323255,-0.998999,0
4186,0,239,298,2529,53,170,7475,1452,8927,-0.0184203,0.0437682,-0.998872,0
6088,0,368,436,3907,60,251,11110,2048,13158,-0.0101378,0.0399909,-0.999149,0
4201,0,240,313,2575,47,172,7548,1446,8994,-0.0118358,0.0514433,-0.998606,0
3938,0,222,276,2401,56,160,7053,1408,8461,-0.0139787,0.0425457,-0.998997,0
4953,0,303,368,3045,62,202,8933,1764,10697,-0.0123011,0.041125,-0.999078,0
6068,0,345,458,3665,56,277,10869,1505,12374,-0.023056,0.0446765,-0.998735,0
3212,0,181,229,1972,30,131,5755,1140,6895,-0.00900433,0.0447183,-0.998959,0
6021,0,358,428,3636,60,246,10749,2276,13025,-0.00459566,0.059986,-0.998189,0
6094,0,341,456,3730,64,246,10931,1513,12444,-0.010007,0.0552153,-0.998424,0
3170,0,185,241,1891,27,127,5641,1136,6777,-0.00504234,0.0583346,-0.998284,0
6082,0,405,634,4097,76,243,11537,1599,13136,-0.0102054,0.0613207,-0.998066,0
4129,0,247,342,2493,37,166,7414,1346,8760,-0.0121399,0.0734703,-0.997224,0
6515,0,322,502,3588,48,239,11214,1425,12639,-0.014821,0.103151,-0.994555,0
4092,0,217,273,2365,41,155,7143,1462,8605,-0.0050689,0.0987352,-0.995101,0
9038,0,484,619,4281,64,229,14715,1407,16122,0.00910161,0.114759,-0.993352,0
3128,0,162,203,1671,36,115,5315,1033,6348,-0.027515,0.127463,-0.991462,0
5128,0,221,282,2265,59,160,8115,1516,9631,-0.0111509,0.103944,-0.994521,0
5775,0,267,335,2692,72,192,9333,2093,11426,-0.0213418,0.117806,-0.992807,0
5807,0,255,337,2399,72,176,9046,2159,11205,-0.0377766,0.129548,-0.990853,0
3952,0,157,202,1579,39,115,6044,1502,7546,-0.0318873,0.140359,-0.989587,0
5703,0,215,279,2126,59,159,8541,2196,10737,-0.0293864,0.186982,-0.981924,0
3918,0,143,188,1414,35,104,5802,1542,7344,-0.00667477,0.172541,-0.98498,0
5660,0,193,312,1912,63,146,8286,2529,10815,-0.014215,0.166741,-0.985898,0
5803,0,183,241,1810,61,141,8239,1878,10117,-0.0213939,0.208634,-0.97776,0
3597,0,115,150,1119,39,84,5104,1876,6980,-0.00127352,0.169348,-0.985555,0
4562,0,134,193,1325,50,100,6364,2226,8590,-0.0229344,0.17759,-0.983837,0
5808,0,145,219,1393,58,107,7730,3973,11703,-0.0239927,0.172036,-0.984799,0
5529,0,140,174,1197,67,95,7202,2323,9525,-0.0205547,0.180204,-0.983415,0
3978,0,100,111,728,45,60,5022,2880,7902,-0.00277869,0.173622,-0.984808,0
5052,0,94,128,860,57,73,6264,2994,9258,0.0374102,0.123456,-0.991645,0
5778,0,129,136,870,52,72,7037,4336,11373,0.00814154,0.185114,-0.982683,0
3943,0,66,93,614,35,50,4801,2266,7067,0.00159798,0.163693,-0.98651,0
5465,0,93,131,896,48,79,6712,2947,9659,-0.0245597,0.208053,-0.977809,0
5573,0,100,139,931,42,77,6862,2191,9053,-0.0226093,0.172275,-0.984789,0
3028,0,59,81,549,21,45,3783,1445,5228,-0.00404394,0.117251,-0.993094,0
5815,0,124,169,1235,41,99,7483,3036,10519,-0.0187565,0.144701,-0.989298,0
3980,0,121,128,903,28,70,5230,1699,6929,-0.0150435,0.146775,-0.989056,0
5833,0,151,202,1455,54,125,7820,2585,10405,-0.000753146,0.0791187,-0.996865,0
3961,0,117,172,1083,55,88,5476,1630,7106,-0.0186835,0.131524,-0.991137,0
6023,0,192,243,1737,60,139,8394,2197,10591,-0.00588187,0.109556,-0.993963,0
4102,0,227,250,1673,48,112,6412,1794,8206,0.021383,0.120438,-0.992491,0
5367,0,206,295,2032,66,168,8134,2164,10298,0.00031673,0.115575,-0.993299,0
6449,0,373,444,2689,58,192,10205,2474,12679,-0.000330639,0.125265,-0.992123,0
4243,0,196,270,2001,54,143,6907,2028,8935,0.008292,0.1265,-0.991932,0
6062,0,315,396,3461,82,234,10550,1979,12529,-0.0214545,0.16612,-0.985872,0
4472,0,248,309,3049,45,182,8305,1623,9928,-0.0227645,0.149608,-0.988483,0
3329,0,196,256,2095,31,141,6048,1144,7192,-0.0112929,0.14801,-0.988921,0
6570,0,360,450,3858,79,258,11575,2133,13708,-0.0094702,0.165747,-0.986123,0
6278,0,323,428,2708,77,206,10020,1149,11169,-0.00051657,0.180185,-0.983633,0
3209,0,155,192,1659,52,109,5376,1075,6451,0.00676445,0.137095,-0.990535,0
6080,0,249,318,2637,65,181,9530,2136,11666,-0.000881011,0.172072,-0.985084,0
5875,0,195,250,1993,84,146,8543,2188,10731,-0.0146222,0.150788,-0.988458,0
5692,0,165,263,1692,72,145,8029,1903,9932,-0.00224501,0.125407,-0.992103,0
3875,0,104,154,1006,51,77,5267,1922,7189,-0.0155469,0.0988834,-0.994978,0
5613,0,146,191,1392,54,105,7501,2403,9904,-0.0160346,0.149152,-0.988684,0
3829,0,96,126,992,57,72,5172,2500,7672,-0.0416275,0.154746,-0.987077,0
5842,0,140,191,1374,52,103,7702,3174,10876,-0.0389613,0.255389,-0.966053,0
5824,0,147,196,1446,63,110,7786,2085,9871,-0.0325204,0.269369,-0.962488,0
4037,0,119,163,1007,36,78,5440,2602,8042,-0.0238826,0.235519,-0.971576,0
5785,0,148,196,1459,56,110,7754,3149,10903,-0.0191054,0.273062,-0.961807,0
5709,0,153,203,1589,69,115,7838,1870,9708,-0.00810739,0.29774,-0.954613,0
3655,0,105,137,1054,43,77,5071,1731,6802,-0.0256892,0.293529,-0.955605,0
5939,0,192,247,1884,65,142,8469,2128,10597,-0.0271265,0.327154,-0.944582,0
5498,0,196,256,2073,59,149,8231,1957,10188,-0.0356205,0.376724,-0.92564,0
5450,0,221,280,2259,46,160,8416,1548,9964,0.00035309,0.381401,-0.92441,0
5935,0,288,360,2961,69,206,9819,1713,11532,-0.021027,0.42552,-0.904705,0
4554,0,224,300,2571,34,164,7847,1380,9227,-0.0159806,0.40552,-0.913946,0
4923,0,321,405,3521,68,234,9472,1786,11258,0.00431015,0.35124,-0.936276,0
6226,0,329,427,3497,68,246,10793,2004,12797,0.026198,0.341119,-0.939655,0
5953,0,286,383,2969,62,222,9875,1635,11510,0.0215757,0.327307,-0.944672,0
5311,0,230,291,2352,71,165,8420,2017,10437,0.0174185,0.338889,-0.940665,0
4950,0,174,229,1731,54,163,7301,1855,9156,0.0387735,0.290353,-0.956134,0
5731,0,194,252,1997,47,147,8368,2088,10456,0.0227148,0.275965,-0.960899,0
3970,0,129,167,1248,37,94,5645,1671,7316,0.0222726,0.225074,-0.974087,0
5701,0,185,240,1716,74,131,8047,2503,10550,0.034384,0.238118,-0.970627,0
5624,0,157,205,1508,52,115,7661,3486,11147,0.00587181,0.235308,-0.971903,0
3550,0,86,113,852,41,64,4706,2721,7427,-0.0105098,0.222065,-0.974975,0
5524,0,108,151,1012,51,82,6928,3483,10411,0.00750376,0.202363,-0.979282,0
5399,0,96,134,884,43,72,6628,2274,8902,-0.0142634,0.203457,-0.97898,0
5781,0,136,174,1003,48,78,7220,2144,9364,0.00102712,0.167384,-0.985891,0
4776,0,82,114,751,39,62,5824,2335,8159,0.00658971,0.21562,-0.976455,0
5539,0,100,147,954,49,78,6867,3145,10012,0.0439995,0.153821,-0.987119,0
6416,0,112,157,1058,44,85,7872,1927,9799,0.0183969,0.176058,-0.984208,0
3909,0,87,118,805,30,70,5019,1693,6712,0.02282,0.12604,-0.991763,0
5705,0,143,192,1321,66,106,7533,2697,10230,0.0235859,0.153496,-0.987868,0
4029,0,110,145,1032,35,81,5432,1797,7229,2.06719e-05,0.178105,-0.984012,0
5735,0,180,242,1713,36,135,8041,2266,10307,0.0126768,0.162876,-0.986565,0
4006,0,135,173,1334,27,98,5773,1493,7266,0.00349683,0.153461,-0.988148,0
5321,0,211,255,1955,43,145,7930,2240,10170,0.0143441,0.157891,-0.987352,0
4900,0,193,251,1947,42,164,7497,1793,9290,0.00589307,0.146647,-0.989171,0
6339,0,292,373,2751,51,190,9996,2310,12306,0.00327008,0.171263,-0.98522,0
4504,0,197,264,1993,27,142,7127,1579,8706,0.00171854,0.130899,-0.991394,0
5794,0,294,361,2955,40,212,9656,1960,11616,0.0157155,0.153099,-0.988086,0
4085,0,226,283,2432,31,164,7221,1377,8598,0.00481814,0.138134,-0.990402,0
4098,0,249,312,2833,69,185,7746,1567,9313,0.0119934,0.117117,-0.993046,0
6696,0,420,532,4576,55,299,12578,1838,14416,0.0364769,0.15491,-0.987255,0
3439,0,226,282,2508,48,162,6665,1112,7777,0.0368042,0.112512,-0.992969,0
6911,0,410,521,4518,73,296,12729,1454,14183,0.0476394,0.171247,-0.984076,0
3373,0,202,264,2174,41,144,6198,1214,7412,0.0459435,0.133225,-0.99002,0
4681,0,265,373,2856,74,192,8441,1792,10233,0.0578848,0.17275,-0.983263,0
6190,0,305,386,3267,59,224,10431,1582,12013,0.0346446,0.173984,-0.984139,0
4213,0,170,233,1710,43,122,6491,1504,7995,0.0236536,0.137357,-0.990239,0
5938,0,205,276,2051,57,153,8680,2250,10930,-0.00597175,0.153351,-0.988154,0
4008,0,146,172,1230,35,93,5684,1755,7439,-0.0143933,0.14103,-0.989901,0
5752,0,166,217,1657,53,126,7971,2551,10522,-0.0343459,0.146412,-0.988627,0
3970,0,103,134,1021,38,76,5342,2403,7745,-0.0314216,0.119035,-0.992393,0
5745,0,154,205,1537,59,118,7818,3660,11478,-0.0396366,0.166936,-0.985171,0
4007,0,114,147,1171,46,85,5570,2686,8256,-0.0565912,0.163713,-0.984884,0
5875,0,168,219,1705,69,126,8162,3084,11246,-0.0531188,0.218055,-0.97449,0
3987,0,116,151,1222,43,87,5606,1621,7227,-0.0635988,0.229556,-0.971215,0
5827,0,179,251,1747,67,129,8200,2644,10844,-0.102082,0.260036,-0.960188,0
4089,0,124,197,1265,51,95,5821,1587,7408,-0.074024,0.26203,-0.962217,0
6116,0,192,296,1989,75,147,8815,2078,10893,-0.101773,0.309985,-0.945278,0
4028,0,149,190,1587,50,112,6116,1448,7564,-0.0838108,0.251977,-0.964097,0
5338,0,310,321,2194,48,156,8367,1946,10313,-0.0914027,0.255293,-0.962534,0
6008,0,261,330,2702,57,193,9551,1726,11277,-0.102535,0.229754,-0.967832,0
4148,0,200,249,2181,35,147,6960,1415,8375,-0.107776,0.221225,-0.969249,0
6673,0,329,420,3505,57,235,11219,2091,13310,-0.131707,0.319755,-0.938301,0
4326,0,261,321,2952,34,185,8079,1405,9484,-0.113861,0.261891,-0.958357,0
6408,0,420,523,4784,48,296,12479,1552,14031,-0.0922498,0.292418,-0.951831,0
4417,0,287,332,2885,45,188,8154,1121,9275,-0.110821,0.280868,-0.953327,0
6048,0,333,420,3581,53,242,10677,2156,12833,-0.129414,0.335666,-0.933049,0
4229,0,206,259,2158,39,157,7048,1432,8480,-0.100707,0.281408,-0.954289,0
5229,0,196,255,2142,47,146,8015,1886,9901,-0.0933814,0.27366,-0.957283,0
6237,0,238,280,2132,41,168,9096,2235,11331,-0.119371,0.286625,-0.950577,0
5500,0,173,227,1735,48,130,7813,2076,9889,-0.0990348,0.274468,-0.956483,0
6535,0,183,241,1804,56,135,8954,2517,11471,-0.132527,0.271832,-0.953176,0
3884,0,112,146,1074,31,82,5329,2034,7363,-0.125143,0.247599,-0.960747,0
6267,0,137,221,1339,57,136,8157,3582,11739,-0.102541,0.215689,-0.971063,0
4914,0,109,146,1046,38,101,6354,3201,9555,-0.0783135,0.182411,-0.980099,0
5072,0,99,142,936,54,75,6378,3077,9455,-0.0589925,0.182182,-0.981494,0
4998,0,96,130,935,61,76,6296,2552,8848,-0.0472241,0.143182,-0.988569,0
3640,0,73,101,723,38,57,4632,1876,6508,-0.0762202,0.149776,-0.985778,0
5769,0,185,177,1208,65,118,7522,2797,10319,-0.0807383,0.143999,-0.986279,0
4073,0,101,135,989,27,70,5395,1344,6739,-0.0941738,0.165638,-0.98168,0
2956,0,84,112,834,21,63,4070,1297,5367,-0.0547111,0.119532,-0.991322,0
6147,0,203,275,2066,51,149,8891,2480,11371,-0.060522,0.173391,-0.982992,0
5832,0,216,326,2159,52,159,8744,1539,10283,-0.0530063,0.151168,-0.987086,0
3096,0,130,165,1459,22,97,4969,1145,6114,-0.0320559,0.149121,-0.988299,0
5951,0,273,349,2802,41,200,9616,2238,11854,-0.0706405,0.16913,-0.983059,0
6187,0,311,402,2886,35,155,9976,1493,11469,-0.0899616,0.169673,-0.981386,0
3275,0,183,229,1925,21,130,5763,1188,6951,-0.0882071,0.150345,-0.984691,0
6404,0,398,497,4370,67,282,12018,2370,14388,-0.101145,0.162573,-0.981499,0
4694,0,312,440,3478,61,223,9208,1487,10695,-0.0936819,0.137536,-0.986057,0
6745,0,523,626,5272,134,379,13679,1644,15323,-0.0988486,0.176312,-0.979359,0
3743,0,231,303,2533,32,162,7004,1152,8156,-0.0828766,0.122531,-0.988998,0
4204,0,254,316,2753,42,184,7753,1392,9145,-0.0731979,0.115751,-0.990577,0
6597,0,360,450,3820,75,255,11557,1775,13332,-0.0911347,0.148438,-0.984714,0
4338,0,213,264,2396,60,201,7472,1392,8864,-0.0888855,0.154561,-0.983977,0
4228,0,177,222,1837,44,126,6634,1425,8059,-0.0350144,0.111125,-0.993189,0
5968,0,226,288,2228,58,164,8932,1802,10734,-0.0798608,0.132974,-0.987897,0
5377,0,180,231,1834,48,138,7808,2365,10173,-0.076739,0.0929417,-0.99271,0
5358,0,167,218,1642,42,123,7550,2491,10041,-0.0850156,0.142692,-0.986109,0
5952,0,183,282,1796,48,135,8396,3261,11657,-0.0735643,0.0829662,-0.993833,0
6161,0,223,247,1833,46,159,8669,1887,10556,-0.139822,0.1389,-0.980386,0
3112,0,102,130,1040,25,76,4485,1754,6239,-0.131112,0.144873,-0.980725,0
5975,0,196,252,2036,50,150,8659,2998,11657,-0.14078,0.177643,-0.973973,0
5966,0,200,258,2039,64,102,8629,1716,10345,-0.141351,0.20118,-0.969302,0
3099,0,108,137,1097,41,81,4563,1043,5606,-0.114898,0.181773,-0.976605,0
6307,0,257,296,2317,73,191,9441,2028,11469,-0.154446,0.231356,-0.960531,0
4101,0,154,196,1617,59,113,6240,1448,7688,-0.130056,0.200358,-0.971052,0
6213,0,242,308,2500,56,180,9499,1482,10981,-0.157045,0.248647,-0.955778,0
4190,0,188,244,1936,37,136,6731,1417,8148,-0.158924,0.228176,-0.960562,0
6224,0,327,377,3125,42,220,10315,1418,11733,-0.163562,0.252886,-0.95357,0
6310,0,350,502,3467,48,239,10916,1993,12909,-0.18864,0.321062,-0.928081,0
6359,0,368,504,3857,42,187,11317,1394,12711,-0.205502,0.287681,-0.935419,0
3515,0,214,264,2443,33,151,6620,1051,7671,-0.149966,0.273563,-0.950091,0
6880,0,441,558,4768,37,217,12901,1602,14503,-0.146436,0.28087,-0.948509,0
3528,0,248,284,2487,34,179,6760,1093,7853,-0.130266,0.272281,-0.953359,0
4286,0,248,339,2712,36,179,7800,1383,9183,-0.120234,0.247926,-0.961289,0
5527,0,285,358,3121,47,205,9543,1747,11290,-0.0997502,0.2474,-0.963765,0
6594,0,337,378,3400,52,218,10979,1675,12654,-0.140612,0.276016,-0.950812,0
3252,0,135,172,1371,35,102,5067,1100,6167,-0.127492,0.252867,-0.959064,0
4859,0,223,248,1989,37,141,7497,1705,9202,-0.142381,0.242306,-0.959695,0
4835,0,196,234,1971,48,136,7420,2081,9501,-0.132295,0.242254,-0.961151,0
6205,0,210,275,2163,52,157,9062,1986,11048,-0.105752,0.221485,-0.969413,0
3183,0,101,131,1000,35,73,4523,1696,6219,-0.0792272,0.179637,-0.980537,0
5945,0,162,248,1578,63,120,8116,3284,11400,-0.100312,0.213399,-0.971802,0
5712,0,138,228,1309,44,103,7534,2434,9968,-0.0743912,0.18825,-0.9793,0
3734,0,76,104,718,29,60,4721,1730,6451,-0.0603256,0.169817,-0.983627,0
5752,0,170,228,1242,51,106,7549,2777,10326,-0.091124,0.216768,-0.971961,0
5627,0,118,164,1108,39,96,7152,1673,8825,-0.0584639,0.154984,-0.986186,0
2946,0,75,99,719,21,55,3915,1313,5228,-0.0850488,0.166337,-0.982394,0
6087,0,171,226,1704,63,130,8381,2281,10662,-0.0988804,0.172848,-0.979973,0
5858,0,202,261,1982,71,146,8520,1867,10387,-0.120051,0.214944,-0.96922,0
4165,0,161,207,1641,26,120,6320,1540,7860,-0.0599392,0.162784,-0.984839,0
6054,0,270,347,2809,38,221,9739,1510,11249,-0.0713248,0.180605,-0.980966,0
4331,0,214,271,2234,36,152,7238,1720,8958,-0.112226,0.221529,-0.968674,0
7240,0,380,445,4089,50,260,12464,2011,14475,-0.0930107,0.203131,-0.974724,0
4629,0,273,282,2355,28,150,7717,1040,8757,-0.0885244,0.161318,-0.982924,0
2760,0,179,222,1994,49,128,5332,936,6268,-0.0822238,0.141573,-0.986507,0
6983,0,467,582,5331,70,330,13763,1856,15619,-0.0654062,0.163895,-0.984307,0
4809,0,299,372,3361,40,213,9094,1269,10363,-0.0757629,0.141433,-0.987044,0
2832,0,169,209,1843,28,120,5201,979,6180,-0.0784655,0.109079,-0.990931,0
6799,0,360,472,4034,50,261,11976,2089,14065,-0.0806519,0.186385,-0.979161,0
6457,0,328,391,3309,62,291,10838,2016,12854,-0.0835361,0.141579,-0.986396,0
6118,0,261,329,2648,51,206,9613,1465,11078,-0.0974721,0.167152,-0.981101,0
3145,0,181,197,1256,37,90,4906,1225,6131,-0.0689374,0.141205,-0.987577,0
6945,0,220,285,2268,64,162,9944,2518,12462,-0.0670134,0.171426,-0.982915,0
4093,0,160,184,1450,39,104,6030,1839,7869,-0.049468,0.0852728,-0.995129,0
5517,0,168,215,1719,42,126,7787,3275,11062,-0.080334,0.169,-0.982337,0
4850,0,172,271,1819,35,128,7275,3215,10490,-0.0678516,0.0762973,-0.994774,0
4420,0,157,199,1557,33,113,6479,2687,9166,-0.0921772,0.167617,-0.981533,0
6621,0,211,281,2508,86,199,9906,1562,11468,-0.127178,0.259581,-0.957311,0
4081,0,142,179,1449,34,105,5990,1590,7580,-0.104128,0.222506,-0.969354,0
6023,0,211,338,2749,82,161,9564,2308,11872,-0.0979412,0.223171,-0.969846,0
6113,0,230,295,2275,69,186,9168,2591,11759,-0.102986,0.372408,-0.922337,0
4187,0,172,219,1831,59,154,6622,1174,7796,-0.0810746,0.323867,-0.942622,0
3238,0,145,184,1498,36,106,5207,1052,6259,-0.079411,0.271602,-0.959128,0
4771,0,229,286,2436,54,164,7940,1514,9454,-0.0590947,0.256672,-0.96469,0
6984,0,339,454,3704,46,261,11788,1872,13660,-0.0577205,0.326714,-0.943359,0
4474,0,269,364,2978,45,192,8322,1323,9645,-0.0302798,0.251901,-0.967279,0
5503,0,361,453,4265,49,272,10903,1343,12246,-0.0636098,0.33875,-0.938724,0
3957,0,261,301,2897,36,174,7626,1175,8801,-0.0645181,0.30333,-0.950699,0
4698,0,270,336,2912,40,195,8451,1540,9991,-0.0504531,0.219653,-0.974273,0
4902,0,248,315,2720,43,182,8410,1482,9892,-0.0526472,0.269513,-0.961557,0
3427,0,155,195,1615,35,113,5540,1120,6660,-0.0719453,0.280606,-0.957123,0
6139,0,252,324,2593,50,183,9541,2168,11709,-0.0573617,0.269898,-0.961179,0
6597,0,232,301,2336,58,234,9758,1546,11304,-0.0560291,0.266464,-0.962215,0
3106,0,112,143,1149,26,83,4619,1419,6038,-0.0353833,0.222761,-0.974231,0
5832,0,180,253,1761,43,133,8202,3714,11916,-0.0510523,0.264184,-0.96312,0
6167,0,143,190,1433,45,112,8090,2121,10211,-0.0323461,0.187135,-0.981801,0
2900,0,65,87,624,27,48,3751,1565,5316,-0.0448583,0.248053,-0.967707,0
5561,0,107,145,992,46,83,6934,2333,9267,-0.0354659,0.220787,-0.974677,0
5531,0,124,154,1008,47,84,6948,2448,9396,-0.0186692,0.238655,-0.970925,0
3899,0,90,121,845,35,71,5061,1654,6715,-0.021596,0.189177,-0.981705,0
5259,0,185,182,1251,58,124,7059,1952,9011,-0.0227605,0.196221,-0.980296,0
5442,0,152,225,1448,35,118,7420,2216,9636,-0.0131025,0.201694,-0.979361,0
3817,0,125,167,1246,25,94,5474,1326,6800,-0.0064598,0.161091,-0.986918,0
6267,0,264,300,2374,40,172,9417,1746,11163,-0.0182161,0.187048,-0.982182,0
6159,0,253,324,2563,38,184,9521,1496,11017,-0.0107686,0.229666,-0.97321,0
4537,0,329,397,2264,29,155,7711,1511,9222,-0.0162822,0.203738,-0.97889,0
5899,0,311,470,3350,45,226,10301,1437,11738,-0.00707277,0.183163,-0.983057,0
5533,0,322,401,3535,37,228,10056,1725,11781,-0.00140495,0.141706,-0.989908,0
7262,0,443,399,3408,33,212,11757,1164,12921,-0.0143244,0.187835,-0.982096,0
2909,0,180,217,1905,24,132,5367,1085,6452,-0.0136409,0.130554,-0.991347,0
6784,0,372,472,4035,88,267,12018,2307,14325,-0.023947,0.286178,-0.957877,0
3956,0,180,222,2004,31,130,6523,881,7404,-0.0342594,0.238318,-0.970583,0
2261,0,119,160,1160,14,66,3780,623,4403,-0.0248044,0.177245,-0.983854,0
2711,0,106,143,1078,30,76,4144,993,5137,-0.0344316,0.140062,-0.989544,0
6122,0,212,274,2134,56,154,8952,2397,11349,-0.0165017,0.140214,-0.989984,0
5865,0,196,251,2070,48,148,8578,2481,11059,-0.000434314,0.0935957,-0.99561,0
4097,0,127,193,1321,49,96,5883,1688,7571,-0.0151199,0.131685,-0.991176,0
5871,0,183,237,1877,46,134,8348,3002,11350,-0.00972915,0.109361,-0.993954,0
5904,0,187,241,1848,45,139,8364,4250,12614,-0.0464904,0.161409,-0.985792,0
3185,0,100,128,980,21,73,4487,1541,6028,-0.0463389,0.169031,-0.984521,0
6007,0,190,245,1908,55,142,8547,2845,11392,-0.0494128,0.250212,-0.966929,0
4092,0,128,179,1270,37,98,5804,1472,7276,-0.0432091,0.263516,-0.963687,0
6276,0,204,258,2006,54,150,8948,2071,11019,-0.0344676,0.310531,-0.949938,0
6216,0,221,295,1915,57,150,8854,1468,10322,-0.0472946,0.296439,-0.95388,0
3392,0,111,142,1064,21,100,4830,1155,5985,-0.0484382,0.296512,-0.9538,0
5167,0,190,245,1863,61,144,7670,1710,9380,-0.0513206,0.276994,-0.9595,0
6357,0,257,360,2761,40,223,9998,1363,11361,-0.0729621,0.347024,-0.935014,0
3412,0,153,192,1554,37,110,5458,1076,6534,-0.0592903,0.287871,-0.955832,0
6676,0,334,424,3723,69,244,11470,2134,13604,-0.0256753,0.34669,-0.937628,0
4579,0,259,321,2986,41,185,8371,1103,9474,-0.0193566,0.330464,-0.94362,0
4336,0,283,327,2919,31,208,8104,1289,9393,-0.0122734,0.285352,-0.958344,0
6521,0,509,486,4299,57,277,12149,1507,13656,0.00202239,0.310131,-0.950692,0
3687,0,187,244,2159,44,136,6457,1085,7542,0.00444219,0.285153,-0.958472,0
6478,0,353,421,3653,60,238,11203,1430,12633,-0.0215616,0.31181,-0.9499,0
4327,0,192,239,1968,55,138,6919,1464,8383,-0.0258789,0.264473,-0.964046,0
6014,0,250,322,2530,49,179,9344,1808,11152,-0.0411313,0.226928,-0.973043,0
4082,0,154,215,1647,37,113,6248,1634,7882,-0.014489,0.208613,-0.977891,0
5852,0,209,269,2148,55,154,8687,2451,11138,-0.00839459,0.239396,-0.970886,0
5906,0,187,273,1917,58,141,8482,3415,11897,-0.0140954,0.252865,-0.967399,0
3001,0,82,108,801,23,61,4076,2194,6270,-0.00365003,0.204038,-0.978956,0
5741,0,125,168,1211,41,96,7382,3824,11206,0.0111047,0.227534,-0.973707,0
5387,0,107,143,999,49,81,6766,2012,8778,0.00819988,0.213821,-0.976838,0
3797,0,72,96,684,51,75,4775,1529,6304,0.0164096,0.216303,-0.976188,0
5578,0,123,165,1057,50,92,7065,2138,9203,-0.0155203,0.24919,-0.96833,0
6316,0,150,227,1286,77,139,8195,1470,9665,-0.00229093,0.271084,-0.962553,0
3941,0,115,150,1113,42,84,5445,1377,6822,0.00716201,0.203112,-0.979129,0
6087,0,190,249,1958,50,147,8681,2191,10872,-0.00174244,0.207276,-0.978281,0
4126,0,151,193,1508,30,114,6122,1569,7691,-0.0181429,0.25377,-0.967094,0
5859,0,226,292,2255,36,166,8834,1736,10570,-0.0369193,0.214261,-0.976078,0
3980,0,184,231,2125,29,136,6685,1436,8121,-0.0122796,0.185761,-0.982518,0
7127,0,325,409,3442,70,235,11608,1520,13128,-0.00816667,0.193863,-0.980995,0
4666,0,252,315,2860,48,184,8325,1177,9502,0.00496517,0.173839,-0.984762,0
4259,0,296,326,2923,50,187,8041,1711,9752,0.0180475,0.159227,-0.987077,0
6904,0,429,541,4699,85,308,12966,2036,15002,-0.00268741,0.17486,-0.98459,0
3561,0,216,268,2547,32,158,6782,1470,8252,-0.00751923,0.101046,-0.994853,0
6880,0,389,489,4792,57,283,12890,1764,14654,0.0042275,0.0614526,-0.998101,0
3459,0,200,246,2142,34,142,6223,1108,7331,0.0151996,0.0230022,-0.99962,0
7280,0,401,510,4124,106,329,12750,2146,14896,0.0294294,-0.0160887,-0.999437,0
4640,0,222,248,2114,29,145,7398,1092,8490,0.0167748,-0.0252459,-0.999541,0
3778,0,192,239,2032,28,140,6409,1070,7479,0.0150759,-0.023009,-0.999622,0
6897,0,388,745,4726,49,279,13084,1567,14651,0.0164795,-0.00767117,-0.999835,0
4514,0,266,330,2967,35,192,8304,1446,9750,0.0090479,-0.00086399,-0.999959,0
3458,0,199,246,2106,27,154,6190,1500,7690,0.00682456,0.0163319,-0.999843,0
6570,0,375,471,4021,87,277,11801,1752,13553,0.00724012,0.0316761,-0.999472,0
3427,0,193,239,2046,39,137,6081,1118,7199,0.0139439,0.0397865,-0.999111,0
6426,0,351,439,3795,74,252,11337,2335,13672,-0.000950118,0.0476151,-0.998865,0
4418,0,233,322,2575,56,169,7773,1373,9146,-0.0158143,0.0482471,-0.99871,0
6424,0,294,367,3166,101,216,10568,1487,12055,-0.0119507,0.060214,-0.998114,0
4266,0,203,254,2149,35,147,7054,1347,8401,-0.00486126,0.0713289,-0.997441,0
6316,0,296,371,3314,76,221,10594,1377,11971,-0.00141531,0.104029,-0.994573,0
4326,0,185,232,1952,39,135,6869,1421,8290,0.0162322,0.0851386,-0.996237,0
6179,0,225,293,2281,97,163,9238,2014,11252,0.0199852,0.0954438,-0.995234,0
6288,0,248,272,2286,59,193,9346,2257,11603,0.0308521,0.0782603,-0.996455,0
4382,0,162,215,1354,33,99,6245,1806,8051,0.0196586,0.0554069,-0.99827,0
5430,0,158,245,1550,39,116,7538,2046,9584,-0.0136903,0.121483,-0.992499,0
5995,0,166,235,1581,62,121,8160,2907,11067,-0.0124481,0.135208,-0.990739,0
4082,0,123,150,1168,31,89,5643,2679,8322,-0.0277156,0.125309,-0.991731,0
6069,0,177,250,1762,44,135,8437,4292,12729,-0.0419825,0.301761,-0.952459,0
3550,0,97,124,962,22,71,4826,1847,6673,-0.0357581,0.24199,-0.96962,0
2256,0,67,87,632,18,49,3109,750,3859,-0.0531461,0.180014,-0.982227,0
4078,0,119,160,1114,32,88,5591,1866,7457,-0.0232804,0.203528,-0.978792,0
6117,0,195,251,1848,58,146,8615,2385,11000,-0.0280004,0.215588,-0.976083,0
6870,0,226,274,1976,58,152,9556,2070,11626,-0.0243676,0.309101,-0.950717,0
4230,0,157,201,1573,39,116,6316,1494,7810,-0.00116456,0.286506,-0.958078,0
6256,0,248,313,2463,55,178,9513,2071,11584,0.0113545,0.319954,-0.947365,0
6411,0,282,354,2845,54,207,10153,1440,11593,0.0193321,0.312128,-0.949843,0
3352,0,167,209,1742,24,118,5612,1097,6709,0.0191627,0.299554,-0.953887,0
6593,0,361,472,3932,52,258,11668,2075,13743,0.00201031,0.333402,-0.942783,0
7186,0,461,658,3310,43,204,11862,1028,12890,0.0157794,0.353864,-0.935164,0
2805,0,173,231,1863,33,121,5226,898,6124,0.0206587,0.276212,-0.960875,0
6427,0,374,471,4083,64,265,11684,2140,13824,0.022782,0.34596,-0.937972,0
4338,0,246,327,2615,40,176,7742,1493,9235,-0.0118968,0.304085,-0.952571,0
6542,0,314,397,3280,69,226,10828,2083,12911,-0.0156649,0.30967,-0.950715,0
6749,0,277,444,2996,51,205,10722,1438,12160,-0.0156066,0.264317,-0.96431,0
3295,0,130,185,1343,26,93,5072,1086,6158,-0.00970797,0.228915,-0.973398,0
6178,0,224,289,2184,63,162,9100,2198,11298,-0.00199012,0.229109,-0.973399,0
6694,0,204,274,2021,54,152,9399,1469,10868,0.00433842,0.198973,-0.979995,0
3239,0,102,131,1020,32,75,4599,1298,5897,0.0108164,0.175748,-0.984376,0
7224,0,211,305,2038,48,169,9995,2244,12239,0.00614338,0.2526,-0.967551,0
4063,0,109,143,1076,36,80,5507,2317,7824,0.0219837,0.183696,-0.982737,0
3750,0,88,118,843,31,66,4896,1856,6752,-0.00242384,0.220812,-0.975313,0
6218,0,202,207,1091,48,94,7860,2807,10667,0.0185607,0.185965,-0.982381,0
5722,0,114,157,1049,51,88,7181,1730,8911,0.00469439,0.227381,-0.973795,0
3550,0,79,106,703,33,59,4530,1489,6019,0.0242163,0.201875,-0.979112,0
6039,0,145,191,1358,55,114,7902,2389,10291,-0.00154622,0.266764,-0.963761,0
5878,0,167,216,1521,52,122,7956,1498,9454,0.00710601,0.187172,-0.982301,0
3332,0,157,193,975,38,77,4772,1101,5873,0.0183301,0.191629,-0.981296,0
5086,0,228,231,1726,49,129,7449,2166,9615,0.0201458,0.179142,-0.983617,0
7312,0,151,197,2014,32,139,9845,1093,10938,0.0178183,0.204268,-0.978753,0
2944,0,141,170,1397,20,97,4769,1029,5798,-0.00134896,0.154667,-0.987966,0
5866,0,295,373,3121,44,212,9911,1807,11718,-0.00337047,0.206641,-0.978411,0
6176,0,524,545,3868,55,253,11421,1917,13338,-0.00278869,0.200219,-0.979747,0
4301,0,270,360,2947,37,205,8120,1340,9460,0.00354875,0.20283,-0.979207,0
7655,0,419,528,4668,77,209,13556,1539,15095,0.00623508,0.28074,-0.959764,0
2906,0,168,207,1827,22,100,5230,776,6006,-0.000550365,0.191474,-0.981498,0
2322,0,141,162,1400,32,94,4151,743,4894,0.00570382,0.131824,-0.991257,0
6524,0,337,432,3328,51,232,10904,2112,13016,0.0247557,0.160467,-0.986731,0
6211,0,266,337,2697,52,198,9761,1630,11391,0.00534416,0.10992,-0.993926,0
3190,0,121,154,1185,31,86,4767,1223,5990,0.00708662,0.119493,-0.99281,0
6162,0,202,260,1993,52,151,8820,1815,10635,0.0213773,0.107091,-0.994019,0
3144,0,98,124,947,25,72,4410,1632,6042,-0.00540889,0.113297,-0.993546,0
6557,0,182,238,1721,44,161,8903,2980,11883,-0.00346118,0.139243,-0.990252,0
4286,0,130,167,1271,30,117,6001,2509,8510,0.0177522,0.14807,-0.988818,0
5658,0,175,225,1697,39,127,7921,3555,11476,0.0268149,0.184524,-0.982462,0
3947,0,171,181,1276,29,94,5698,1920,7618,0.0240807,0.197563,-0.979994,0
6136,0,197,252,1911,49,144,8689,2218,10907,0.0284095,0.206435,-0.978048,0
4221,0,137,174,1321,35,100,5988,2124,8112,0.00911702,0.226356,-0.974002,0
5562,0,186,238,1999,90,212,8287,1978,10265,0.0230989,0.278607,-0.960127,0
3943,0,183,220,1363,32,103,5844,1372,7216,0.0111467,0.267846,-0.963397,0
7161,0,240,310,2409,49,175,10344,2090,12434,0.0110283,0.262396,-0.964897,0
4298,0,179,225,1828,34,133,6697,1436,8133,0.0153684,0.232552,-0.972462,0
6618,0,297,366,2824,45,202,10352,1949,12301,0.0308417,0.238358,-0.970688,0
4431,0,219,312,2343,31,158,7494,1462,8956,0.0398269,0.285397,-0.957581,0
5532,0,291,365,3222,45,207,9662,1644,11306,0.0396801,0.281462,-0.958752,0
7309,0,403,509,4450,74,287,13032,1477,14509,0.0435563,0.367779,-0.928893,0
3552,0,211,259,2281,32,149,6484,1046,7530,0.0228273,0.315543,-0.948637,0
6488,0,401,487,3933,69,261,11639,2150,13789,0.0155029,0.34574,-0.938202,0
4780,0,253,317,2691,54,202,8297,1386,9683,0.00847181,0.280527,-0.959809,0
5873,0,302,389,3048,51,211,9874,1911,11785,0.0272776,0.295345,-0.955001,0
4167,0,186,233,1903,35,134,6658,1456,8114,0.023623,0.244344,-0.969401,0
6306,0,257,331,2692,57,191,9834,2106,11940,0.0184507,0.238965,-0.970853,0
4343,0,160,207,1653,44,116,6523,1850,8373,0.0270699,0.195797,-0.980271,0
6240,0,196,255,1966,50,143,8850,2317,11167,0.045444,0.236423,-0.970587,0
3864,0,123,160,1241,31,92,5511,1547,7058,0.0410839,0.164118,-0.985585,0
6009,0,160,215,1603,47,123,8157,3020,11177,0.0425601,0.230038,-0.972251,0
6895,0,136,184,1480,54,121,8870,2562,11432,0.0269196,0.381912,-0.923806,0
3927,0,81,110,740,30,82,4970,2239,7209,0.00725437,0.353186,-0.935525,0
2258,0,39,56,357,22,34,2766,914,3680,0.0157318,0.199959,-0.979678,0
1749,0,36,50,332,15,28,2210,720,2930,0.00985782,0.186238,-0.982455,0
4103,0,111,185,979,43,85,5506,1726,7232,0.0362674,0.212781,-0.976427,0
7531,0,170,229,1626,60,131,9747,1763,11510,0.0365254,0.198815,-0.979356,0
7351,0,192,253,1755,60,172,9783,2560,12343,0.0597021,0.304935,-0.9505,0
3356,0,84,109,804,25,61,4439,1088,5527,0.0339253,0.23165,-0.972208,0
1877,0,58,76,544,14,42,2611,574,3185,0.0474871,0.130847,-0.990265,0
2221,0,83,108,820,16,60,3308,739,4047,0.032463,0.114577,-0.992884,0
7593,0,308,397,3102,42,198,11640,2313,13953,0.0153734,0.201792,-0.979308,0
1958,0,98,125,999,16,81,3277,666,3943,0.00837587,0.167722,-0.985799,0
7094,0,396,459,3993,79,264,12285,2317,14602,0.0154399,0.169375,-0.985431,0
6870,0,422,497,2984,48,218,11039,1143,12182,0.0042675,0.192199,-0.981347,0
2844,0,166,207,1776,30,118,5141,922,6063,0.0181885,0.144796,-0.989294,0
7520,0,412,540,4490,79,296,13337,2315,15652,0.0490018,0.165679,-0.984962,0
4443,0,232,306,2415,60,166,7622,1427,9049,0.0641091,0.135273,-0.988732,0
6606,0,282,355,2910,82,203,10438,2126,12564,0.0706628,0.17825,-0.981445,0
6037,0,247,306,2394,61,175,9220,2143,11363,0.0421024,0.213158,-0.97611,0
4110,0,110,140,1110,27,84,5581,1252,6833,0.0245004,0.158321,-0.987084,0
2960,0,94,120,918,27,73,4192,1453,5645,0.00535821,0.105729,-0.99438,0
6013,0,185,237,1773,48,162,8418,2981,11399,0.00542235,0.2151,-0.976577,0
6094,0,214,245,1871,43,157,8624,2291,10915,0.00646216,0.195885,-0.980606,0
4281,0,167,182,1357,29,103,6119,2356,8475,0.00540479,0.202129,-0.979344,0
6240,0,208,266,1993,43,153,8903,3272,12175,0.0358046,0.246647,-0.968444,0
4225,0,143,183,1390,31,107,6079,1780,7859,0.0471663,0.267216,-0.962482,0
7130,0,243,317,2360,86,180,10316,2391,12707,0.0925905,0.460427,-0.882856,0
3264,0,119,153,1163,26,85,4810,871,5681,0.0636102,0.344054,-0.936793,0
2217,0,85,115,823,17,61,3318,722,4040,0.0600205,0.312048,-0.948169,0
4291,0,207,220,1744,34,150,6646,1376,8022,0.0309519,0.348062,-0.93696,0
6354,0,274,347,3066,50,203,10294,1924,12218,0.0595202,0.391996,-0.91804,0
4369,0,219,276,2424,33,161,7482,1413,8895,0.0404799,0.385261,-0.92192,0
5803,0,325,406,3480,48,231,10293,1272,11565,0.0549953,0.344855,-0.937044,0
5216,0,310,381,3415,61,224,9607,1677,11284,0.0566383,0.327239,-0.943243,0
5357,0,324,411,3058,51,303,9504,1289,10793,0.071819,0.303776,-0.950033,0
6603,0,364,481,3859,71,263,11641,2286,13927,0.0568725,0.306901,-0.950041,0
4421,0,229,321,2424,72,163,7630,1778,9408,0.0485041,0.236844,-0.970336,0
6368,0,300,380,3123,47,217,10435,2112,12547,0.106346,0.300817,-0.947734,0
4265,0,193,241,2024,40,138,6901,1597,8498,0.0907427,0.249904,-0.964009,0
3928,0,163,208,1710,34,119,6162,1605,7767,0.0777572,0.233769,-0.969178,0
6085,0,248,292,2211,55,161,9052,3206,12258,0.0851292,0.241023,-0.966779,0
5999,0,188,249,1905,49,139,8529,3451,11980,0.110236,0.297435,-0.948357,0
3005,0,80,104,770,23,59,4041,2296,6337,0.072799,0.214668,-0.97397,0
5695,0,126,169,1202,44,96,7332,3167,10499,0.118168,0.285027,-0.951208,0
5503,0,130,160,997,52,82,6924,2309,9233,0.0883237,0.183221,-0.979096,0
3764,0,70,97,639,37,54,4661,1583,6244,0.0939502,0.201302,-0.975013,0
5507,0,111,152,1008,89,86,6953,2370,9323,0.0903654,0.181137,-0.979297,0
5569,0,125,167,1115,45,93,7114,2522,9636,0.0897995,0.176235,-0.980243,0
5646,0,139,207,1232,42,103,7369,2390,9759,0.0695454,0.121034,-0.990209,0
5882,0,159,211,1459,48,118,7877,2296,10173,0.0799496,0.168546,-0.982446,0
4151,0,125,165,1143,36,93,5713,1825,7538,0.0762992,0.133797,-0.988067,0
5764,0,189,286,1813,44,141,8237,1996,10233,0.0720055,0.185147,-0.980069,0
5414,0,258,317,2205,38,161,8393,2166,10559,0.0933685,0.155162,-0.983467,0
3929,0,183,232,1911,32,133,6420,1620,8040,0.0987724,0.152834,-0.983303,0
6273,0,333,421,3560,75,250,10912,2383,13295,0.0745241,0.179992,-0.980841,0
4458,0,258,323,2857,39,185,8120,1761,9881,0.0941069,0.147467,-0.98458,0
7566,0,437,546,4655,82,280,13566,1768,15334,0.0752777,0.274662,-0.95859,0
2920,0,162,201,1699,35,115,5132,1258,6390,0.0610602,0.203273,-0.977216,0
2030,0,113,150,1168,26,78,3565,801,4366,0.0352963,0.130872,-0.990771,0
6461,0,328,415,3432,56,238,10930,2082,13012,0.0981166,0.231341,-0.967912,0
3374,0,148,183,1539,43,107,5394,879,6273,0.0890547,0.166793,-0.981962,0
2180,0,83,105,836,21,59,3284,750,4034,0.0437444,0.0791091,-0.995906,0
5962,0,197,253,1938,72,142,8564,2485,11049,0.0251357,0.0861943,-0.995961,0
6791,0,345,476,2009,53,149,9823,2890,12713,0.0788904,0.256126,-0.963419,0
3053,0,94,105,644,20,49,3965,1531,5496,0.0698679,0.215492,-0.974003,0
2129,0,47,62,448,16,34,2736,980,3716,0.031004,0.129493,-0.991096,0
1789,0,45,60,429,14,33,2370,1287,3657,0.0244811,0.124818,-0.991878,0
5983,0,153,203,1434,42,129,7944,6962,14906,0.0849586,0.375779,-0.922807,0
3088,0,81,105,759,24,60,4117,1968,6085,0.0435064,0.280095,-0.958986,0
2109,0,58,76,540,18,43,2844,1257,4101,0.0510586,0.189364,-0.980579,0
5398,0,167,215,1551,43,122,7496,2327,9823,0.0564607,0.264436,-0.962749,0
6136,0,213,275,2014,50,176,8864,2715,11579,0.0832048,0.342035,-0.935996,0
5557,0,215,272,2085,52,156,8337,2078,10415,0.0541137,0.286843,-0.956448,0
5581,0,244,306,2528,47,174,8880,2146,11026,0.102943,0.367501,-0.924308,0
3963,0,206,256,2232,38,149,6844,1383,8227,0.0889107,0.302149,-0.949105,0
6441,0,365,454,3981,54,263,11558,1871,13429,0.0884391,0.326948,-0.940895,0
4444,0,275,362,3040,36,197,8354,1415,9769,0.0676463,0.268822,-0.960812,0
5806,0,324,406,3465,63,232,10296,1954,12250,0.0732908,0.326763,-0.94226,0
4098,0,222,282,2367,34,159,7162,1344,8506,0.0907777,0.330919,-0.939283,0
6360,0,320,402,3370,73,249,10774,2216,12990,0.0867006,0.342503,-0.935508,0
4259,0,187,236,1960,42,141,6825,1738,8563,0.0396073,0.269812,-0.962098,0
5496,0,215,273,2166,42,154,8346,1863,10209,0.0377475,0.332258,-0.942433,0
3798,0,132,167,1298,28,105,5528,1730,7258,0.0388119,0.232131,-0.97191,0
5914,0,178,231,1815,49,134,8321,5459,13780,0.0360526,0.267952,-0.962757,0
3177,0,75,100,717,29,55,4153,2698,6851,0.0301701,0.160381,-0.986594,0
4629,0,91,125,932,62,73,5912,4247,10159,0.0354516,0.239832,-0.970167,0
4081,0,68,111,636,41,53,4990,4043,9033,0.0375278,0.209318,-0.977127,0
5270,0,81,115,741,67,64,6338,4438,10776,0.0571777,0.226235,-0.972393,0
4875,0,83,114,762,57,65,5956,4999,10955,0.0642074,0.192689,-0.979157,0
3472,0,69,94,620,40,51,4346,2950,7296,0.0399945,0.182608,-0.982372,0
5786,0,127,173,1114,64,97,7361,2707,10068,0.0303582,0.20561,-0.978163,0
5768,0,149,199,1337,75,110,7638,1904,9542,0.00752249,0.221895,-0.975042,0
3763,0,113,145,1027,25,82,5155,1568,6723,0.00481122,0.190306,-0.981713,0
5948,0,200,256,2030,42,152,8628,2460,11088,-0.0130872,0.235779,-0.971718,0
6045,0,236,304,2379,42,199,9205,1631,10836,-0.00593136,0.185204,-0.982682,0
3234,0,189,208,1562,23,108,5324,1152,6476,-0.027259,0.186081,-0.982156,0
6500,0,335,446,3620,54,245,11200,1968,13168,-0.0122901,0.219449,-0.975547,0
4556,0,250,316,2737,32,177,8068,1088,9156,-0.00796973,0.178399,-0.983926,0
4049,0,261,311,2705,28,176,7530,1391,8921,0.0112965,0.165437,-0.986156,0
7093,0,388,541,4095,47,250,12414,1370,13784,-0.000155905,0.181218,-0.983443,0
3313,0,171,213,2014,44,125,5880,1162,7042,0.000846508,0.159964,-0.987122,0
3224,0,185,189,1575,25,117,5315,1120,6435,-0.0116003,0.137503,-0.990433,0
6530,0,243,316,2577,55,182,9903,2185,12088,-0.0106839,0.12965,-0.991502,0
3994,0,130,190,1223,35,92,5664,1377,7041,-0.0542728,0.12474,-0.990704,0
5769,0,159,208,1569,52,118,7875,2106,9981,-0.0280757,0.0936044,-0.995214,0
5156,0,124,165,1193,48,91,6777,2470,9247,-0.0195849,0.157794,-0.987278,0
3674,0,80,106,766,35,59,4720,2523,7243,-0.0349691,0.152385,-0.987702,0
5895,0,131,177,1289,47,97,7636,3467,11103,-0.0506898,0.232458,-0.971285,0
4058,0,101,133,971,34,74,5371,2259,7630,-0.0483181,0.189216,-0.980746,0
6001,0,166,227,1618,69,128,8209,3055,11264,-0.0566032,0.25535,-0.96519,0
4152,0,111,145,1019,31,81,5539,1900,7439,-0.0633077,0.29522,-0.95333,0
6146,0,182,240,1713,103,136,8520,2347,10867,-0.0573108,0.359272,-0.931471,0
6047,0,199,259,1951,57,151,8664,2309,10973,-0.0488847,0.352795,-0.934423,0
6082,0,265,294,2257,58,151,9107,1338,10445,-0.0324595,0.361303,-0.931883,0
6128,0,258,329,2583,36,191,9525,1935,11460,-0.061322,0.368466,-0.927616,0
5592,0,276,342,2967,37,202,9416,1773,11189,-0.0239657,0.416159,-0.908976,0
4025,0,228,288,2548,40,165,7294,1264,8558,-0.0271548,0.353907,-0.934886,0
6502,0,414,494,4081,48,250,11789,1387,13176,-0.0355415,0.391907,-0.919318,0
3195,0,207,238,2006,40,135,5821,1041,6862,-0.0309778,0.288412,-0.957005,0
6355,0,345,439,3540,54,246,10979,2069,13048,-0.0220745,0.319861,-0.947207,0
4369,0,223,280,2369,49,160,7450,1484,8934,0.0044216,0.270279,-0.962772,0
6389,0,269,342,2805,62,200,10067,2069,12136,-0.0222602,0.283369,-0.958752,0
4182,0,151,192,1521,46,108,6200,1428,7628,-0.0181441,0.266947,-0.96354,0
6038,0,187,244,1913,58,139,8579,2343,10922,-0.0450874,0.278601,-0.959348,0
6088,0,169,223,1694,55,126,8355,1673,10028,-0.0339064,0.200119,-0.979185,0
6025,0,156,210,1607,55,117,8170,3258,11428,-0.0563548,0.244199,-0.968086,0
3834,0,88,116,848,40,65,4991,2876,7867,-0.0872665,0.225566,-0.970312,0
5484,0,131,144,991,64,80,6894,3915,10809,-0.0830172,0.255632,-0.963203,0
5490,0,88,123,832,57,67,6657,2941,9598,-0.0575171,0.188538,-0.98038,0
3754,0,63,94,577,34,54,4576,1914,6490,-0.0581487,0.216647,-0.974517,0
5588,0,111,155,1024,48,84,7010,2361,9371,-0.0615885,0.19751,-0.978364,0
5799,0,139,185,1306,82,108,7619,2450,10069,-0.0909617,0.235736,-0.967551,0
5214,0,149,207,1420,34,110,7134,2146,9280,-0.0661238,0.152606,-0.986073,0
5849,0,198,259,1941,79,149,8475,2577,11052,-0.0895927,0.208396,-0.973932,0
4217,0,183,215,1758,28,121,6522,1475,7997,-0.0714653,0.219058,-0.973091,0
5207,0,244,311,2527,37,174,8500,1716,10216,-0.0471442,0.207803,-0.977034,0
7142,0,376,443,3761,42,251,12015,1584,13599,-0.0497107,0.237368,-0.970147,0
4553,0,275,354,2976,34,194,8386,1447,9833,-0.0385341,0.212664,-0.976365,0
6285,0,414,516,4436,39,288,11978,1476,13454,-0.0700516,0.171827,-0.982633,0
4306,0,288,362,3118,77,202,8353,1727,10080,-0.0703801,0.170273,-0.98288,0
6566,0,412,529,4349,104,291,12251,1476,13727,-0.0578843,0.151375,-0.98678,0
6780,0,381,508,3092,43,187,10991,1223,12214,-0.068668,0.169878,-0.98307,0
3353,0,175,218,1879,38,127,5790,1108,6898,-0.0574655,0.128731,-0.990013,0
6557,0,265,336,2714,73,194,10139,2087,12226,-0.0695908,0.139646,-0.987753,0
6456,0,257,315,2393,61,166,9648,1521,11169,-0.0652908,0.151269,-0.986334,0
4167,0,132,171,1298,41,95,5904,1703,7607,-0.0556703,0.127578,-0.990265,0
6228,0,177,229,1738,60,131,8563,2742,11305,-0.0836658,0.133169,-0.987556,0
4086,0,123,157,1267,39,88,5760,2143,7903,-0.111039,0.166102,-0.979837,0
6250,0,193,249,2001,56,143,8892,3317,12209,-0.139351,0.252995,-0.957379,0
4215,0,141,180,1430,33,104,6103,2742,8845,-0.111558,0.198618,-0.973707,0
6086,0,207,267,2144,50,156,8910,3024,11934,-0.139417,0.241629,-0.960301,0
6111,0,203,319,1744,32,105,8514,1614,10128,-0.153802,0.274739,-0.949138,0
3882,0,135,172,1354,36,99,5678,1422,7100,-0.140324,0.237174,-0.961279,0
6162,0,237,290,2325,58,170,9242,2032,11274,-0.182507,0.308148,-0.933668,0
4282,0,173,217,1857,41,128,6698,1390,8088,-0.162237,0.328385,-0.930506,0
6299,0,286,371,3010,53,209,10228,1861,12089,-0.1461,0.332682,-0.931653,0
4419,0,232,287,2495,37,166,7636,1417,9053,-0.147034,0.325305,-0.934108,0
7468,0,441,564,4560,61,324,13418,1868,15286,-0.201716,0.470516,-0.859026,0
3537,0,188,239,2091,22,134,6211,835,7046,-0.203647,0.398383,-0.894326,0
2022,0,137,170,1494,20,97,3940,616,4556,-0.137153,0.312449,-0.939981,0
3364,0,206,257,2189,34,146,6196,1145,7341,-0.122899,0.254551,-0.959218,0
7450,0,362,487,4274,57,261,12891,1410,14301,-0.152049,0.280883,-0.947621,0
4387,0,210,265,2192,45,149,7248,1436,8684,-0.108278,0.217844,-0.969959,0
6206,0,257,326,2722,77,190,9778,1792,11570,-0.12319,0.234578,-0.96426,0
4266,0,161,230,1677,38,120,6492,1475,7967,-0.1152,0.207263,-0.971479,0
6012,0,222,285,2267,50,160,8996,2198,11194,-0.112885,0.221265,-0.968658,0
4130,0,150,191,1555,36,107,6169,1733,7902,-0.121863,0.199808,-0.972227,0
6470,0,215,280,2144,52,157,9318,3232,12550,-0.11968,0.208122,-0.970753,0
3969,0,114,146,1159,30,85,5503,3057,8560,-0.111876,0.187606,-0.975852,0
5835,0,142,188,1340,49,104,7658,3018,10676,-0.11567,0.225056,-0.967456,0
3780,0,85,113,790,31,63,4862,1717,6579,-0.0593952,0.130715,-0.989639,0
5744,0,116,161,1038,45,87,7191,2212,9403,-0.117508,0.203055,-0.972091,0
5497,0,120,163,1070,53,90,6993,1594,8587,-0.0734284,0.141405,-0.987225,0
5061,0,137,207,1126,46,96,6673,1932,8605,-0.0737082,0.14384,-0.986852,0
5852,0,163,215,1490,61,120,7901,1724,9625,-0.0940949,0.14103,-0.985524,0
4022,0,133,199,1312,27,99,5792,1591,7383,-0.0944948,0.155783,-0.983261,0
6343,0,221,287,2232,47,164,9294,1897,11191,-0.0748691,0.148275,-0.986108,0
4293,0,266,339,2128,30,131,7187,1432,8619,-0.0850989,0.153362,-0.984499,0
5465,0,259,325,2677,35,185,8946,1877,10823,-0.0643846,0.117402,-0.990995,0
4265,0,279,268,2181,25,148,7166,1508,8674,-0.0783114,0.153646,-0.985018,0
4040,0,218,273,2309,28,156,7024,1451,8475,-0.0461941,0.133151,-0.990019,0
7595,0,370,465,3928,55,264,12677,1503,14180,-0.0776755,0.144958,-0.986384,0
3486,0,209,266,2582,28,193,6764,1133,7897,-0.081173,0.12148,-0.989269,0
6543,0,444,540,4677,64,305,12573,1668,14241,-0.0712295,0.128427,-0.989158,0
3531,0,235,302,2804,81,168,7121,1138,8259,-0.0366867,0.0758481,-0.996444,0
6746,0,430,561,5026,59,311,13133,2076,15209,-0.0960759,0.185192,-0.977995,0
3427,0,213,252,1754,28,117,5791,846,6637,-0.0429626,0.112402,-0.992734,0
2028,0,116,140,1177,22,79,3562,639,4201,-0.0245565,0.082422,-0.996295,0
6374,0,321,396,3254,63,227,10635,2028,12663,-0.0479113,0.094077,-0.994411,0
6249,0,269,357,2719,63,217,9874,2206,12080,-0.14457,0.197397,-0.969605,0
3200,0,127,166,1210,21,74,4798,908,5706,-0.0775698,0.106676,-0.991263,0
2154,0,80,102,790,19,58,3203,800,4003,-0.0343313,0.0502837,-0.998145,0
6049,0,218,284,2127,47,156,8881,2777,11658,-0.11335,0.160393,-0.980523,0
4430,0,115,150,1158,24,85,5962,1333,7295,-0.0952002,0.0755751,-0.992585,0
2147,0,81,102,801,20,59,3210,1311,4521,-0.0752411,0.0556868,-0.995609,0
2893,0,115,141,1127,32,105,4413,1472,5885,-0.0874849,0.0714849,-0.993598,0
6294,0,245,324,2484,47,176,9570,3742,13312,-0.0920337,0.0970343,-0.991017,0
4665,0,201,229,1667,29,121,6912,1595,8507,-0.0754538,0.094548,-0.992657,0
6783,0,237,307,2284,47,171,9829,2697,12526,-0.12361,0.182308,-0.975441,0
4343,0,171,202,1566,35,118,6435,1533,7968,-0.107716,0.187002,-0.976436,0
6398,0,208,269,2050,62,156,9143,1983,11126,-0.0961279,0.170261,-0.980699,0
4096,0,306,220,1569,42,115,6348,1343,7691,-0.114507,0.181577,-0.976687,0
5843,0,229,276,2258,58,154,8818,1750,10568,-0.12693,0.215295,-0.968265,0
7276,0,279,371,2858,39,200,11023,1389,12412,-0.148642,0.226359,-0.962636,0
5143,0,216,275,2228,36,155,8053,1361,9414,-0.139674,0.206399,-0.968448,0
6697,0,382,489,3939,40,261,11808,1363,13171,-0.223817,0.296265,-0.928511,0
3500,0,239,270,2357,31,155,6552,1079,7631,-0.188245,0.296817,-0.936196,0
6658,0,455,569,5213,56,327,13278,1327,14605,-0.221539,0.291941,-0.930425,0
3363,0,237,426,3170,34,169,7399,1028,8427,-0.172596,0.230662,-0.957604,0
6563,0,438,552,4709,51,310,12623,2080,14703,-0.202551,0.300342,-0.932077,0
4913,0,298,374,3133,44,208,8970,1462,10432,-0.160109,0.242483,-0.956853,0
5890,0,349,432,3646,80,252,10649,1957,12606,-0.136957,0.256392,-0.956821,0
6040,0,311,385,3181,47,157,10121,1308,11429,-0.125837,0.194544,-0.972789,0
6365,0,312,391,3240,64,220,10592,2189,12781,-0.199231,0.377939,-0.90414,0
3517,0,148,187,1536,34,105,5527,954,6481,-0.16077,0.296921,-0.941271,0
2191,0,88,112,880,23,62,3356,844,4200,-0.103808,0.209868,-0.972203,0
4145,0,146,180,1423,38,102,6034,1424,7458,-0.121568,0.2205,-0.967782,0
5716,0,167,214,1645,48,122,7912,2627,10539,-0.178618,0.267662,-0.946812,0
4273,0,100,167,930,37,77,5584,1599,7183,-0.148244,0.219111,-0.964372,0
5474,0,133,176,1193,63,101,7140,2349,9489,-0.134714,0.243574,-0.960481,0
4276,0,100,135,929,26,73,5539,1568,7107,-0.104942,0.191809,-0.975806,0
4212,0,120,156,1202,36,113,5839,1657,7496,-0.106193,0.192059,-0.975621,0
5952,0,256,276,2383,56,221,9144,2266,11410,-0.0881461,0.171699,-0.981198,0
6152,0,256,324,2616,50,189,9587,1560,11147,-0.0844221,0.158192,-0.983793,0
4249,0,204,254,2454,30,150,7341,1594,8935,-0.0714774,0.138975,-0.987713,0
6299,0,351,416,3437,75,239,10817,1925,12742,-0.0976973,0.157318,-0.982704,0
4450,0,246,306,2688,32,175,7897,1616,9513,-0.0914652,0.15673,-0.983397,0
6716,0,431,477,4104,79,270,12077,1536,13613,-0.087673,0.196527,-0.976571,0
3505,0,227,267,2386,29,151,6565,1062,7627,-0.0737944,0.170948,-0.982513,0
6888,0,433,550,4851,79,311,13112,2424,15536,-0.108962,0.178673,-0.977856,0
4669,0,294,378,3227,38,211,8817,1202,10019,-0.0941234,0.138588,-0.985867,0
3330,0,205,253,2204,38,151,6181,1221,7402,-0.09395,0.12192,-0.988083,0
6698,0,403,490,4129,56,285,12061,1875,13936,-0.0901244,0.131855,-0.987163,0
4466,0,249,312,2595,38,191,7851,1381,9232,-0.0834071,0.0881477,-0.992609,0
6383,0,331,411,3432,64,234,10855,1872,12727,-0.0536713,0.0631251,-0.996561,0
6348,0,290,380,2892,59,212,10181,2306,12487,-0.0515268,0.0797995,-0.995478,0
6036,0,256,333,2462,33,130,9250,1915,11165,-0.0437112,0.0497736,-0.997804,0
3375,0,141,178,1330,27,90,5141,1232,6373,-0.041484,0.0478095,-0.997995,0
5992,0,210,267,2020,66,151,8706,2206,10912,-0.0429371,0.0640881,-0.99702,0
6292,0,186,239,1771,54,133,8675,1573,10248,-0.0745718,0.104031,-0.991774,0
3986,0,131,168,1252,34,95,5666,1885,7551,-0.05758,0.0766993,-0.99539,0
5542,0,204,222,1720,41,126,7855,3035,10890,-0.103346,0.135085,-0.98543,0
3775,0,128,164,1413,46,141,5667,2325,7992,-0.091072,0.119144,-0.988691,0
3925,0,125,159,1259,35,93,5596,2549,8145,-0.131524,0.166969,-0.97715,0
4591,0,158,212,1602,40,116,6719,2351,9070,-0.119188,0.160728,-0.979776,0
4578,0,210,206,1584,42,120,6740,2232,8972,-0.129801,0.182826,-0.974539,0
6252,0,229,294,2336,51,168,9330,1775,11105,-0.118025,0.201195,-0.972415,0
4411,0,170,367,2116,40,142,7246,1501,8747,-0.111588,0.202831,-0.972835,0
4392,0,204,235,1920,27,133,6911,1339,8250,-0.108121,0.192111,-0.975399,0
6550,0,335,407,3160,42,217,10711,1824,12535,-0.144255,0.240303,-0.959919,0
4377,0,220,273,2327,31,159,7387,1426,8813,-0.102729,0.20251,-0.973877,0
5589,0,292,349,2976,36,201,9443,1642,11085,-0.112922,0.220635,-0.968798,0
6359,0,425,445,3860,39,283,11411,1389,12800,-0.0869583,0.173293,-0.981024,0
3580,0,199,236,1974,26,133,6148,1077,7225,-0.0703611,0.167219,-0.983406,0
1896,0,104,130,1132,15,74,3351,602,3953,-0.0768899,0.166742,-0.982998,0
3361,0,198,243,2167,30,141,6140,1027,7167,-0.0878374,0.16922,-0.981656,0
6393,0,387,492,4276,68,277,11893,2050,13943,-0.0919477,0.162634,-0.982393,0
4518,0,282,347,3081,35,226,8489,1386,9875,-0.0830752,0.168237,-0.98224,0
6554,0,474,529,4532,50,295,12434,2313,14747,-0.0806135,0.202987,-0.975857,0
3540,0,223,293,2219,23,130,6428,859,7287,-0.0684298,0.143531,-0.987277,0
2054,0,131,164,1409,25,92,3875,599,4474,-0.064802,0.107691,-0.99207,0
2827,0,182,227,1966,21,128,5351,870,6221,-0.0555836,0.0834981,-0.994957,0
6715,0,416,529,4517,51,300,12528,2101,14629,-0.0521079,0.100107,-0.993611,0
6384,0,404,541,4317,42,199,11887,1387,13274,-0.0447406,0.11647,-0.992186,0
3422,0,214,265,2299,37,152,6389,1038,7427,-0.0425464,0.0748824,-0.996284,0
6579,0,406,544,4299,72,292,12192,1475,13667,-0.0472784,0.0763278,-0.995961,0
4523,0,282,374,3002,46,200,8427,1402,9829,-0.04158,0.0639167,-0.997089,0
6656,0,411,544,4344,60,264,12279,1342,13621,-0.0331638,0.0457165,-0.998404,0
4156,0,265,333,2877,50,199,7880,1325,9205,-0.0093344,0.0604577,-0.998127,0
6566,0,415,530,4473,65,297,12346,1404,13750,-0.0172496,0.0519861,-0.998499,0
4482,0,288,370,3113,54,201,8508,1471,9979,0.00774768,0.0545371,-0.998482,0
5859,0,377,474,4059,114,294,11177,1419,12596,-0.0117288,0.056484,-0.998335,0
4187,0,268,337,2816,57,189,7854,1298,9152,-0.0068004,0.0660131,-0.997796,0
4106,0,266,334,2845,44,191,7786,1317,9103,-0.0169196,0.0541063,-0.998392,0
6373,0,378,472,4019,62,270,11574,1801,13375,-0.0363603,0.0668313,-0.997102,0
4072,0,269,337,2906,52,192,7828,1368,9196,-0.028809,0.0570963,-0.997953,0
6374,0,414,522,4352,69,266,11997,1887,13884,-0.0355595,0.0656848,-0.997207,0
4460,0,288,400,3054,49,221,8472,1497,9969,-0.0100378,0.084826,-0.996345,0
6431,0,420,572,4437,73,299,12232,1374,13606,-0.00536459,0.0507456,-0.998697,0
4477,0,290,362,3101,48,213,8491,1433,9924,-0.0127217,0.0664735,-0.997707,0
6366,0,418,534,4364,69,295,12046,2161,14207,-0.00934591,0.0696909,-0.997525,0
4522,0,303,367,3012,34,162,8400,1110,9510,-0.0114217,0.0717412,-0.997358,0
3869,0,253,333,2665,41,178,7339,1303,8642,-0.00685723,0.0663953,-0.99777,0
6496,0,424,535,4618,63,303,12439,1518,13957,-0.00338388,0.0604858,-0.998163,0
6475,0,439,532,4482,65,340,12333,2177,14510,-0.0250907,0.055046,-0.998169,0
3913,0,225,282,2403,42,168,7033,854,7887,-0.00662122,0.0485566,-0.998798,0
2351,0,152,195,1613,30,107,4448,736,5184,-0.00532543,0.0556176,-0.998438,0
6575,0,439,540,4546,101,318,12519,2037,14556,0.000143184,0.0514545,-0.998675,0
5909,0,295,370,3095,45,158,9872,1097,10969,-0.010125,0.0496342,-0.998716,0
3284,0,229,272,2231,38,157,6211,987,7198,0.00640485,0.0483185,-0.998811,0
6502,0,428,541,4376,64,270,12181,1868,14049,0.00119156,0.0399312,-0.999202,0
