Downsample[ns],BuildFilTree[ns],SearchFil[ns],DeleteFil[ns],BuildTreeSub[ns],SearchSub[ns],DeleteSub[ns],PreProcTotal[ns],Plane[ns],Total[ns],nx,ny,nz,planeCount
2451,0,0,0,0,371,89,2911,884,3795,0.010616,0.0179724,-0.999782,0
2527,0,0,0,0,405,93,3025,825,3850,-0.000217148,0.0164491,-0.999865,0
2551,0,0,0,0,370,92,3013,776,3789,0.00573842,0.0137474,-0.999889,0
2688,0,0,0,0,367,95,3150,798,3948,-0.00421655,0.0295209,-0.999555,0
2409,0,0,0,0,369,88,2866,753,3619,0.00643285,0.0151817,-0.999864,0
2718,0,0,0,0,424,97,3239,843,4082,0.00461374,0.0177745,-0.999831,0
2537,0,0,0,0,368,91,2996,780,3776,0.00935886,0.0188895,-0.999778,0
2607,0,0,0,0,368,96,3071,864,3935,0.0108096,0.0109954,-0.999881,0
2601,0,0,0,0,373,89,3063,875,3938,0.000111767,0.0172462,-0.999851,0
2821,0,0,0,0,363,88,3272,757,4029,0.0062781,0.0144257,-0.999876,0
2617,0,0,0,0,432,88,3137,846,3983,0.00798171,0.0187013,-0.999793,0
2793,0,0,0,0,367,90,3250,847,4097,0.00948036,0.00770319,-0.999925,0
2608,0,0,0,0,360,108,3076,895,3971,0.010416,0.0138665,-0.99985,0
2676,0,0,0,0,377,89,3142,729,3871,-0.00328216,0.0243591,-0.999698,0
2624,0,0,0,0,355,89,3068,841,3909,0.0115156,0.0205209,-0.999723,0
2700,0,0,0,0,379,95,3174,798,3972,0.0129714,0.0310767,-0.999433,0
2512,0,0,0,0,359,91,2962,792,3754,0.00894283,0.022929,-0.999697,0
2590,0,0,0,0,392,110,3092,830,3922,0.0141969,0.0118444,-0.999829,0
2618,0,0,0,0,418,93,3129,878,4007,0.00785412,0.0249619,-0.999658,0
2672,0,0,0,0,358,92,3122,737,3859,0.00629032,0.0185103,-0.999809,0
2581,0,0,0,0,356,88,3025,809,3834,0.0145489,0.0162953,-0.999761,0
2590,0,0,0,0,356,94,3040,719,3759,0.00207932,0.0140515,-0.999899,0
2516,0,0,0,0,375,91,2982,841,3823,0.00518664,0.0136121,-0.999894,0
2712,0,0,0,0,362,89,3163,815,3978,0.00388281,0.0189863,-0.999812,0
2608,0,0,0,0,361,89,3058,758,3816,0.00978246,0.0200196,-0.999752,0
2675,0,0,0,0,356,92,3123,770,3893,0.00616086,0.0185808,-0.999808,0
2636,0,0,0,0,359,89,3084,740,3824,0.0127415,0.0202348,-0.999714,0
2847,0,0,0,0,508,107,3462,817,4279,0.0156625,0.0171683,-0.99973,0
2443,0,0,0,0,379,91,2913,755,3668,-0.00593673,0.0331671,-0.999432,0
2707,0,0,0,0,406,90,3203,745,3948,0.00532416,0.0137074,-0.999892,0
2511,0,0,0,0,363,91,2965,752,3717,-0.00976239,0.0388418,-0.999198,0
2615,0,0,0,0,419,97,3131,777,3908,-0.0016005,0.032214,-0.99948,0
2451,0,0,0,0,355,89,2895,779,3674,0.0132394,0.0357137,-0.999274,0
2652,0,0,0,0,392,92,3136,749,3885,0.00538854,0.0292012,-0.999559,0
2680,0,0,0,0,405,102,3187,811,3998,0.00623964,0.0160237,-0.999852,0
2701,0,0,0,0,381,100,3182,809,3991,0.0056812,0.0141722,-0.999883,0
2502,0,0,0,0,361,91,2954,886,3840,0.0159379,0.0147688,-0.999764,0
2855,0,0,0,0,556,99,3510,760,4270,-0.000793929,0.0368369,-0.999321,0
2556,0,0,0,0,367,96,3019,764,3783,0.00301397,0.0232853,-0.999724,0
2513,0,0,0,0,381,92,2986,764,3750,0.00854786,0.0130936,-0.999878,0
2567,0,0,0,0,358,88,3013,786,3799,0.00555004,0.0139774,-0.999887,0
2838,0,0,0,0,357,89,3284,736,4020,-0.00372534,0.0282269,-0.999595,0
2516,0,0,0,0,403,108,3027,795,3822,0.0035394,0.0142516,-0.999892,0
2815,0,0,0,0,355,88,3258,815,4073,0.00233078,0.013114,-0.999911,0
2486,0,0,0,0,363,90,2939,760,3699,0.00612998,0.013168,-0.999895,0
2681,0,0,0,0,475,101,3257,800,4057,0.00958313,0.0222251,-0.999707,0
2607,0,0,0,0,359,91,3057,787,3844,0.00898364,0.0118498,-0.999889,0
3002,0,0,0,0,422,97,3521,1021,4542,0.014983,0.0177829,-0.99973,0
2424,0,0,0,0,361,87,2872,857,3729,0.0172125,0.0223167,-0.999603,0
2654,0,0,0,0,533,105,3292,839,4131,0.00403465,0.0210676,-0.99977,0
2685,0,0,0,0,363,88,3136,837,3973,0.0043151,0.0131051,-0.999905,0
2659,0,0,0,0,354,90,3103,791,3894,0.00361231,0.0112859,-0.99993,0
2414,0,0,0,0,355,90,2859,720,3579,0.011365,0.01988,-0.999738,0
2546,0,0,0,0,418,104,3068,830,3898,0.00798948,0.0115067,-0.999902,0
2531,0,0,0,0,364,91,2986,800,3786,0.00476838,0.0108963,-0.999929,0
2706,0,0,0,0,430,107,3243,755,3998,0.0132077,0.0207005,-0.999698,0
2453,0,0,0,0,360,90,2903,794,3697,0.00130765,0.0248916,-0.999689,0
2525,0,0,0,0,368,88,2981,740,3721,0.000575895,0.0206377,-0.999787,0
2487,0,0,0,0,355,93,2935,801,3736,0.00681804,0.0141922,-0.999876,0
2693,0,0,0,0,384,110,3187,777,3964,0.0132348,0.0373957,-0.999213,0
2597,0,0,0,0,398,101,3096,789,3885,0.00790929,0.00960352,-0.999923,0
2749,0,0,0,0,367,97,3213,770,3983,0.00552383,0.0174721,-0.999832,0
2573,0,0,0,0,363,91,3027,767,3794,0.00872442,0.0159041,-0.999835,0
2734,0,0,0,0,360,91,3185,735,3920,0.00165906,0.0216726,-0.999764,0
2516,0,0,0,0,360,88,2964,797,3761,0.00780026,0.015926,-0.999843,0
2640,0,0,0,0,524,105,3269,811,4080,0.0132041,0.0224941,-0.99966,0
2664,0,0,0,0,416,90,3170,915,4085,0.00859193,0.0216033,-0.99973,0
2712,0,0,0,0,429,91,3232,830,4062,-0.0100715,0.0282112,-0.999551,0
2641,0,0,0,0,368,88,3097,845,3942,0.00850773,0.0088009,-0.999925,0
2699,0,0,0,0,363,88,3150,802,3952,0.0142931,0.0201056,-0.999696,0
2590,0,0,0,0,362,90,3042,795,3837,-0.00474756,0.037205,-0.999296,0
2671,0,0,0,0,383,97,3151,765,3916,0.00497247,0.0199762,-0.999788,0
2470,0,0,0,0,352,88,2910,771,3681,-7.03924e-05,0.0223233,-0.999751,0
2667,0,0,0,0,369,95,3131,756,3887,0.00756205,0.0198196,-0.999775,0
2605,0,0,0,0,357,91,3053,754,3807,0.0192392,0.021923,-0.999575,0
2694,0,0,0,0,362,102,3158,732,3890,0.0068794,0.0164031,-0.999842,0
2895,0,0,0,0,456,110,3461,845,4306,0.00883754,0.00654098,-0.99994,0
2869,0,0,0,0,362,91,3322,798,4120,0.0018335,0.0153454,-0.999881,0
2510,0,0,0,0,370,89,2969,781,3750,0.0110251,0.0108575,-0.99988,0
2505,0,0,0,0,399,95,2999,736,3735,0.0108463,0.0083493,-0.999906,0
2499,0,0,0,0,358,88,2945,871,3816,0.0079753,0.0160113,-0.99984,0
2844,0,0,0,0,392,96,3332,744,4076,0.00875793,0.0214506,-0.999732,0
2529,0,0,0,0,351,88,2968,853,3821,0.00230033,0.0212178,-0.999772,0
2649,0,0,0,0,428,92,3169,726,3895,0.00896481,0.0130781,-0.999874,0
2486,0,0,0,0,371,92,2949,825,3774,0.0106549,0.0180633,-0.99978,0
2533,0,0,0,0,399,106,3038,743,3781,0.0100245,0.025248,-0.999631,0
2566,0,0,0,0,407,89,3062,744,3806,0.00783295,0.0118147,-0.9999,0
2642,0,0,0,0,378,96,3116,726,3842,0.00999204,0.0194294,-0.999761,0
2424,0,0,0,0,383,88,2895,791,3686,0.00258911,0.01542,-0.999878,0
2567,0,0,0,0,432,97,3096,754,3850,0.0113094,0.0107076,-0.999879,0
2579,0,0,0,0,361,97,3037,799,3836,0.01893,0.0274786,-0.999443,0
2843,0,0,0,0,437,96,3376,787,4163,0.00626223,0.0212133,-0.999755,0
2537,0,0,0,0,358,92,2987,760,3747,0.000417005,0.0241998,-0.999707,0
2473,0,0,0,0,503,116,3092,851,3943,0.00550016,0.0129979,-0.9999,0
2568,0,0,0,0,366,89,3023,753,3776,0.00755698,0.0207901,-0.999755,0
2623,0,0,0,0,372,149,3144,741,3885,-0.00813169,0.0379279,-0.999247,0
2769,0,0,0,0,482,101,3352,974,4326,-0.00815459,0.0289926,-0.999546,0
2704,0,0,0,0,425,99,3228,839,4067,-0.00416495,0.0313623,-0.999499,0
2517,0,0,0,0,364,96,2977,817,3794,0.00849055,0.0297869,-0.99952,0
2653,0,0,0,0,367,91,3111,823,3934,0.0064815,0.0144298,-0.999875,0
2471,0,0,0,0,354,93,2918,753,3671,0.0088511,0.0145556,-0.999855,0
2609,0,0,0,0,494,103,3206,728,3934,0.0105818,0.0196338,-0.999751,0
2601,0,0,0,0,361,88,3050,857,3907,0.00509172,0.013566,-0.999895,0
2811,0,0,0,0,361,91,3263,817,4080,0.00640502,0.00799377,-0.999948,0
2472,0,0,0,0,353,88,2913,808,3721,0.006581,0.0125503,-0.9999,0
2652,0,0,0,0,361,92,3105,775,3880,0.0030821,0.013945,-0.999898,0
2462,0,0,0,0,358,88,2908,813,3721,-0.000292826,0.0396658,-0.999213,0
2903,0,0,0,0,368,90,3361,854,4215,0.00341751,0.0198515,-0.999797,0
2873,0,0,0,0,606,157,3636,1382,5018,0.0195689,0.0228821,-0.999547,0
2723,0,0,0,0,361,89,3173,798,3971,0.00590954,0.0200831,-0.999781,0
2560,0,0,0,0,357,91,3008,818,3826,0.00896784,0.00871562,-0.999922,0
2646,0,0,0,0,441,97,3184,789,3973,0.00833479,0.0254623,-0.999641,0
2545,0,0,0,0,373,89,3007,864,3871,-0.00135654,0.0240975,-0.999709,0
2572,0,0,0,0,375,90,3037,758,3795,0.0115718,0.0188165,-0.999756,0
2639,0,0,0,0,359,90,3088,815,3903,0.0133546,0.0430621,-0.998983,0
2784,0,0,0,0,375,89,3248,814,4062,0.0110751,0.0171512,-0.999792,0
2642,0,0,0,0,414,91,3147,860,4007,0.00939662,0.0130502,-0.999871,0
2822,0,0,0,0,470,103,3395,761,4156,-0.00641176,0.0404956,-0.999159,0
2604,0,0,0,0,414,101,3119,890,4009,0.014738,0.0259089,-0.999556,0
2701,0,0,0,0,359,91,3151,786,3937,0.0116123,0.0212032,-0.999708,0
2553,0,0,0,0,352,95,3000,797,3797,0.00603891,0.015248,-0.999866,0
2806,0,0,0,0,374,94,3274,775,4049,0.00944239,0.0106562,-0.999899,0
2654,0,0,0,0,353,87,3094,848,3942,0.00306462,0.0125754,-0.999916,0
2578,0,0,0,0,441,101,3120,729,3849,0.00670147,0.0191235,-0.999795,0
2579,0,0,0,0,358,91,3028,811,3839,0.0086972,0.0157246,-0.999839,0
2631,0,0,0,0,371,89,3091,752,3843,0.0196499,0.00820333,-0.999773,0
2496,0,0,0,0,362,91,2949,810,3759,0.00540684,0.0111283,-0.999923,0
2642,0,0,0,0,512,105,3259,764,4023,0.0111418,0.0113341,-0.999874,0
2505,0,0,0,0,397,91,2993,825,3818,-0.00150943,0.032314,-0.999477,0
2731,0,0,0,0,363,93,3187,828,4015,0.00876749,0.0294272,-0.999528,0
2881,0,0,0,0,525,168,3574,1345,4919,0.0049389,0.0180452,-0.999825,0
2765,0,0,0,0,364,97,3226,776,4002,0.00781416,0.0158814,-0.999843,0
2511,0,0,0,0,421,90,3022,863,3885,0.022267,-0.00292984,-0.999748,0
2709,0,0,0,0,379,90,3178,808,3986,0.010475,0.00613745,-0.999926,0
2573,0,0,0,0,373,98,3044,773,3817,0.00761388,0.0130796,-0.999885,0
2757,0,0,0,0,421,92,3270,732,4002,0.0111505,0.0206797,-0.999724,0
2547,0,0,0,0,353,91,2991,788,3779,0.00840634,0.0138406,-0.999869,0
2707,0,0,0,0,423,90,3220,728,3948,0.00742848,0.0161241,-0.999842,0
2807,0,0,0,0,413,89,3309,824,4133,0.00481395,0.0125557,-0.99991,0
2630,0,0,0,0,389,104,3123,745,3868,0.00910166,0.0205041,-0.999748,0
3862,0,0,0,0,594,146,4602,1299,5901,0.0107488,0.0200791,-0.999741,0
2802,0,0,0,0,395,91,3288,862,4150,0.00925613,0.017908,-0.999797,0
2519,0,0,0,0,359,99,2977,789,3766,0.00442805,0.0130558,-0.999905,0
2935,0,0,0,0,442,126,3503,850,4353,0.00356506,0.0122444,-0.999919,0
2411,0,0,0,0,383,91,2885,854,3739,0.00897058,0.015095,-0.999846,0
2636,0,0,0,0,378,92,3106,749,3855,0.00129119,0.0138091,-0.999904,0
2572,0,0,0,0,389,92,3053,855,3908,0.00511568,0.0217328,-0.999751,0
2666,0,0,0,0,374,92,3132,733,3865,0.0031663,0.01501,-0.999882,0
2538,0,0,0,0,378,105,3021,886,3907,0.00152869,0.0333258,-0.999443,0
2612,0,0,0,0,379,117,3108,730,3838,0.00205358,0.0236896,-0.999717,0
2520,0,0,0,0,381,90,2991,929,3920,0.00460125,0.0129927,-0.999905,0
2560,0,0,0,0,359,94,3013,814,3827,0.0091304,0.0137977,-0.999863,0
2508,0,0,0,0,356,87,2951,845,3796,0.00723747,0.0139388,-0.999877,0
2509,0,0,0,0,377,112,2998,924,3922,0.00633819,0.0324731,-0.999453,0
2589,0,0,0,0,355,91,3035,770,3805,0.00506962,0.0292846,-0.999558,0
2707,0,0,0,0,365,91,3163,747,3910,0.00707766,0.0100792,-0.999924,0
2427,0,0,0,0,420,91,2938,733,3671,0.00918023,0.0136023,-0.999865,0
2618,0,0,0,0,368,93,3079,737,3816,-0.00270476,0.0268212,-0.999637,0
2518,0,0,0,0,354,92,2964,920,3884,0.0106074,0.00904379,-0.999903,0
2785,0,0,0,0,366,93,3244,852,4096,0.00232285,0.019256,-0.999812,0
2572,0,0,0,0,431,95,3098,789,3887,0.00631308,0.0129257,-0.999897,0
2598,0,0,0,0,405,98,3101,770,3871,0.00827651,0.0122407,-0.999891,0
2616,0,0,0,0,423,91,3130,859,3989,0.0110196,0.0148046,-0.99983,0
2588,0,0,0,0,511,96,3195,732,3927,0.0101978,0.0126167,-0.999868,0
2501,0,0,0,0,364,90,2955,843,3798,-0.000760539,0.044498,-0.999009,0
2508,0,0,0,0,424,114,3046,795,3841,0.0202525,0.0291032,-0.999371,0
2618,0,0,0,0,363,91,3072,754,3826,0.00789763,0.0178189,-0.99981,0
2693,0,0,0,0,455,93,3241,807,4048,0.0124535,0.0163876,-0.999788,0
2578,0,0,0,0,380,115,3073,879,3952,0.0130288,0.0146555,-0.999808,0
2988,0,0,0,0,483,109,3580,828,4408,0.00787152,0.0208478,-0.999752,0
2630,0,0,0,0,361,92,3083,828,3911,0.0167428,0.0408534,-0.999025,0
2823,0,0,0,0,381,93,3297,729,4026,0.0158943,0.0145327,-0.999768,0
2557,0,0,0,0,422,92,3071,850,3921,0.0088687,0.0100991,-0.99991,0
2655,0,0,0,0,367,89,3111,751,3862,0.00612615,0.0136205,-0.999888,0
2675,0,0,0,0,396,102,3173,817,3990,0.00827382,0.0141028,-0.999866,0
2562,0,0,0,0,363,92,3017,742,3759,0.0103548,0.00906481,-0.999905,0
2550,0,0,0,0,357,90,2997,803,3800,0.0101725,0.0128862,-0.999865,0
2654,0,0,0,0,395,99,3148,772,3920,0.00599557,0.0203988,-0.999774,0
2576,0,0,0,0,372,91,3039,741,3780,0.00883669,0.0172448,-0.999812,0
2700,0,0,0,0,374,92,3166,756,3922,0.0070454,0.0102342,-0.999923,0
2557,0,0,0,0,374,97,3028,791,3819,-0.00274079,0.0287997,-0.999581,0
2615,0,0,0,0,393,119,3127,781,3908,-0.000534478,0.0160855,-0.99987,0
2607,0,0,0,0,420,108,3135,780,3915,0.0106449,0.012318,-0.999867,0
2705,0,0,0,0,369,144,3218,768,3986,0.00838582,0.0123537,-0.999889,0
2486,0,0,0,0,452,96,3034,878,3912,0.00638695,0.0171165,-0.999833,0
2461,0,0,0,0,388,93,2942,812,3754,0.00527409,0.0128733,-0.999903,0
2515,0,0,0,0,420,98,3033,888,3921,0.00640711,0.0143949,-0.999876,0
2439,0,0,0,0,535,98,3072,752,3824,0.0156166,0.0255239,-0.999552,0
2522,0,0,0,0,411,119,3052,823,3875,0.0107165,0.0189979,-0.999762,0
2540,0,0,0,0,370,96,3006,769,3775,0.00790356,0.0232072,-0.999699,0
2549,0,0,0,0,393,99,3041,780,3821,0.0164139,0.0134809,-0.999774,0
2890,0,0,0,0,430,101,3421,802,4223,0.00362385,0.0111988,-0.999931,0
2465,0,0,0,0,389,93,2947,839,3786,0.0151461,0.0313222,-0.999395,0
2805,0,0,0,0,430,114,3349,828,4177,0.00456485,0.019723,-0.999795,0
2500,0,0,0,0,428,99,3027,816,3843,0.00701072,0.0158203,-0.99985,0
2519,0,0,0,0,399,101,3019,830,3849,0.0304624,0.0103826,-0.999482,0
2508,0,0,0,0,395,98,3001,751,3752,0.00801113,0.0158954,-0.999842,0
2608,0,0,0,0,453,98,3159,826,3985,0.00492246,0.0192063,-0.999803,0
2862,0,0,0,0,388,103,3353,913,4266,0.00849403,0.024871,-0.999655,0
2671,0,0,0,0,445,127,3243,796,4039,0.000457183,0.0135973,-0.999907,0
2625,0,0,0,0,430,101,3156,896,4052,0.00448728,0.0201702,-0.999786,0
2744,0,0,0,0,402,109,3255,814,4069,0.0159434,0.0231463,-0.999605,0
2506,0,0,0,0,403,96,3005,805,3810,0.00533437,0.0202513,-0.999781,0
2584,0,0,0,0,419,113,3116,803,3919,0.0118991,0.0109505,-0.999869,0
2509,0,0,0,0,379,93,2981,782,3763,0.0105705,0.0051358,-0.999931,0
2856,0,0,0,0,632,112,3600,1278,4878,0.00768895,0.0183313,-0.999802,0
2521,0,0,0,0,378,95,2994,796,3790,0.0144443,0.0134364,-0.999805,0
2610,0,0,0,0,451,110,3171,825,3996,3.57877e-06,0.0218069,-0.999762,0
2416,0,0,0,0,375,93,2884,814,3698,0.0146651,0.0196837,-0.999699,0
2828,0,0,0,0,453,95,3376,836,4212,0.0138706,0.0118543,-0.999834,0
2655,0,0,0,0,439,97,3191,866,4057,0.00879968,0.0109143,-0.999902,0
2622,0,0,0,0,544,124,3290,769,4059,0.00508719,0.0100615,-0.999936,0
2630,0,0,0,0,450,97,3177,881,4058,-0.00243743,0.0135451,-0.999905,0
2734,0,0,0,0,1364,99,4197,791,4988,0.00463704,0.0295806,-0.999552,0
2677,0,0,0,0,430,91,3198,845,4043,0.00998429,0.0248985,-0.99964,0
2613,0,0,0,0,398,98,3109,748,3857,0.00551236,0.0116305,-0.999917,0
2720,0,0,0,0,371,90,3181,870,4051,0.00986775,0.0116917,-0.999883,0
2753,0,0,0,0,375,89,3217,747,3964,0.00378207,0.0306351,-0.999523,0
2897,0,0,0,0,519,104,3520,1059,4579,-0.00147734,0.01842,-0.999829,0
2589,0,0,0,0,393,104,3086,760,3846,0.00733001,0.0137632,-0.999878,0
2510,0,0,0,0,363,91,2964,773,3737,0.0112799,0.0171701,-0.999789,0
2760,0,0,0,0,382,94,3236,766,4002,0.0112136,0.0134408,-0.999847,0
2591,0,0,0,0,372,92,3055,782,3837,0.00768603,0.00980051,-0.999922,0
2849,0,0,0,0,386,114,3349,729,4078,0.00437454,0.0136423,-0.999897,0
2599,0,0,0,0,356,87,3042,773,3815,0.00643447,0.0123538,-0.999903,0
2827,0,0,0,0,367,97,3291,749,4040,0.011158,0.0127166,-0.999857,0
2748,0,0,0,0,403,85,3236,855,4091,0.00756063,0.0121606,-0.999897,0
2826,0,0,0,0,345,111,3282,774,4056,0.00951539,0.0110641,-0.999894,0
2499,0,0,0,0,387,94,2980,763,3743,0.0170417,0.0413264,-0.999,0
2591,0,0,0,0,383,105,3079,732,3811,0.00307994,0.0182427,-0.999829,0
2527,0,0,0,0,379,112,3018,726,3744,0.0106127,0.0047954,-0.999932,0
2474,0,0,0,0,357,104,2935,814,3749,0.0103134,0.0100875,-0.999896,0
2463,0,0,0,0,341,88,2892,858,3750,0.00482659,0.0181343,-0.999824,0
2593,0,0,0,0,392,90,3075,814,3889,0.00483579,0.0136298,-0.999895,0
2572,0,0,0,0,399,104,3075,821,3896,0.00615376,0.0147173,-0.999873,0
2600,0,0,0,0,415,89,3104,806,3910,0.00722633,0.0194896,-0.999784,0
2578,0,0,0,0,370,96,3044,742,3786,0.00416062,0.00898671,-0.999951,0
3252,0,0,0,0,388,89,3729,761,4490,-0.00263033,0.0284745,-0.999591,0
2460,0,0,0,0,339,89,2888,765,3653,0.00534432,0.0234379,-0.999711,0
2709,0,0,0,0,487,109,3305,730,4035,0.00504012,0.0364604,-0.999322,0
2453,0,0,0,0,371,90,2914,709,3623,0.00677735,0.0158715,-0.999851,0
2775,0,0,0,0,349,87,3211,782,3993,-0.00755334,-0.00442403,-0.999962,0
2467,0,0,0,0,364,89,2920,794,3714,0.00986935,0.0157327,-0.999828,0
2733,0,0,0,0,351,97,3181,747,3928,0.00473927,0.015546,-0.999868,0
2492,0,0,0,0,366,88,2946,774,3720,0.00162584,0.0184529,-0.999828,0
2711,0,0,0,0,508,105,3324,749,4073,0.011873,0.0213783,-0.999701,0
2719,0,0,0,0,453,95,3267,858,4125,0.0187687,5.66344e-05,-0.999824,0
2764,0,0,0,0,461,101,3326,834,4160,0.0132459,0.00188455,-0.99991,0
3738,0,0,0,0,663,146,4547,1321,5868,0.00672993,0.0124832,-0.999899,0
2598,0,0,0,0,438,114,3150,948,4098,0.00435817,0.0137201,-0.999896,0
2682,0,0,0,0,425,105,3212,760,3972,0.0117422,0.00433803,-0.999922,0
2685,0,0,0,0,431,117,3233,929,4162,0.0260259,0.0125809,-0.999582,0
2681,0,0,0,0,436,108,3225,757,3982,0.0107692,-0.0192813,-0.999756,0
2656,0,0,0,0,510,112,3278,851,4129,0.000418042,-0.00558655,-0.999984,0
2739,0,0,0,0,437,114,3290,915,4205,0.0177065,-0.0610853,-0.997975,0
2858,0,0,0,0,443,112,3413,837,4250,0.0340908,-0.0438502,-0.998456,0
2725,0,0,0,0,471,151,3347,1181,4528,0.0107894,-0.0733542,-0.997248,0
2668,0,0,0,0,430,108,3206,754,3960,0.0135895,0.0337733,-0.999337,0
2785,0,0,0,0,485,103,3373,806,4179,0.0330175,0.0288865,-0.999037,0
3024,0,0,0,0,504,105,3633,801,4434,0.0190939,0.0153688,-0.9997,0
2667,0,0,0,0,407,101,3175,741,3916,0.0118434,0.025294,-0.99961,0
2621,0,0,0,0,534,106,3261,820,4081,-0.0136302,0.0142163,-0.999806,0
2638,0,0,0,0,422,97,3157,830,3987,-0.010927,0.0128984,-0.999857,0
2796,0,0,0,0,378,101,3275,834,4109,-0.0159513,-0.00479344,-0.999861,0
2608,0,0,0,0,367,93,3068,982,4050,-0.00418607,0.0411996,-0.999142,0
2589,0,0,0,0,395,98,3082,862,3944,0.000774222,0.0376649,-0.99929,0
2532,0,0,0,0,361,89,2982,839,3821,-0.000327298,0.042921,-0.999078,0
2739,0,0,0,0,435,97,3271,764,4035,-0.00396463,0.0388835,-0.999236,0
2451,0,0,0,0,349,101,2901,771,3672,0.0143129,0.0176932,-0.999741,0
2534,0,0,0,0,393,102,3029,754,3783,0.0200894,0.0276369,-0.999416,0
2654,0,0,0,0,407,88,3149,866,4015,0.0189971,0.00896292,-0.999779,0
2611,0,0,0,0,388,109,3108,853,3961,-0.0017734,0.027509,-0.99962,0
2510,0,0,0,0,326,88,2924,835,3759,-0.00354499,0.0473286,-0.998873,0
2715,0,0,0,0,346,82,3143,873,4016,-0.0422504,0.11115,-0.992905,0
2613,0,0,0,0,335,80,3028,932,3960,-0.0657891,0.148263,-0.986757,0
2810,0,0,0,0,441,110,3361,768,4129,-0.0881804,0.217771,-0.972008,0
2630,0,0,0,0,395,80,3105,852,3957,-0.110979,0.253588,-0.960925,0
2808,0,0,0,0,348,85,3241,816,4057,-0.129733,0.336762,-0.93261,0
2899,0,0,0,0,424,87,3410,869,4279,-0.0327656,0.0879836,-0.995583,0
2945,0,0,0,0,342,81,3368,753,4121,-0.00468312,0.0233792,-0.999716,0
2702,0,0,0,0,378,83,3163,837,4000,-0.0546167,0.0759994,-0.995611,0
2678,0,0,0,0,371,90,3139,748,3887,-0.0615563,0.123222,-0.990468,0
2618,0,0,0,0,325,76,3019,803,3822,-0.0817791,0.164987,-0.9829,0
2841,0,0,0,0,381,81,3303,776,4079,-0.103222,0.221887,-0.969593,0
2674,0,0,0,0,331,93,3098,909,4007,-0.121831,0.277261,-0.953039,0
2754,0,0,0,0,313,78,3145,821,3966,-0.0191085,0.0370778,-0.99913,0
2513,0,0,0,0,320,79,2912,889,3801,-0.036727,0.108095,-0.993462,0
2592,0,0,0,0,309,74,2975,827,3802,-0.0615225,0.180057,-0.98173,0
2794,0,0,0,0,281,66,3141,849,3990,-0.0599702,0.234349,-0.970301,0
2759,0,0,0,0,234,58,3051,867,3918,-0.019497,0.0428918,-0.998889,0
2366,0,0,0,0,203,50,2619,1032,3651,-0.0197576,6.17834e-05,-0.999805,0
2426,0,0,0,0,210,52,2688,913,3601,-0.04318,0.0519831,-0.997714,0
2446,0,0,0,0,193,50,2689,875,3564,-0.0577157,0.151427,-0.986782,0
2329,0,0,0,0,215,53,2597,825,3422,-0.00461374,-0.0638719,-0.997947,0
2358,0,0,0,0,204,45,2607,821,3428,-0.0223628,0.0108562,-0.999691,0
2257,0,0,0,0,139,38,2434,801,3235,-0.00479483,-0.0504238,-0.998716,0
2330,0,0,0,0,132,46,2508,1096,3604,-0.0249368,0.0547906,-0.998186,0
2501,0,0,0,0,149,43,2693,1053,3746,-0.0651923,0.104182,-0.992419,0
3624,0,0,0,0,317,74,4015,1591,5606,-0.0337434,-0.108595,-0.993513,0
2674,0,0,0,0,236,65,2975,1124,4099,-0.0441018,-0.00155019,-0.999026,0
3741,0,0,0,0,433,100,4274,1204,5478,-0.0172502,-0.025651,-0.999522,0
3041,0,0,0,0,369,79,3489,1022,4511,-0.0207625,-0.0452204,-0.998761,0
2581,0,0,0,0,315,87,2983,990,3973,-0.0693592,0.060653,-0.995746,0
2574,0,0,0,0,497,94,3165,937,4102,-0.0920431,0.133542,-0.98676,0
2528,0,0,0,0,387,93,3008,1043,4051,-0.104451,0.226518,-0.96839,0
2543,0,0,0,0,374,111,3028,1107,4135,-0.124161,0.27361,-0.953793,0
2493,0,0,0,0,378,99,2970,2212,5182,-0.114889,0.237475,-0.964576,0
2602,0,0,0,0,405,102,3109,1602,4711,-0.0841574,-0.0137518,-0.996358,0
2720,0,0,0,0,444,108,3272,981,4253,-0.0199723,0.0559473,-0.998234,0
2895,0,0,0,0,411,111,3417,1050,4467,0.0108522,-0.151447,-0.988406,0
2830,0,0,0,0,410,106,3346,853,4199,-0.0439814,-0.101932,-0.993819,0
2894,0,0,0,0,428,104,3426,743,4169,0.0366252,-0.104147,-0.993887,0
2801,0,0,0,0,369,92,3262,849,4111,-0.00296208,-0.00326615,-0.99999,0
2837,0,0,0,0,380,88,3305,798,4103,-0.0435107,0.0957743,-0.994452,0
2682,0,0,0,0,386,82,3150,777,3927,-0.0731307,0.20979,-0.975008,0
2898,0,0,0,0,401,84,3383,765,4148,-0.112365,0.312781,-0.943155,0
3793,0,0,0,0,519,106,4418,1393,5811,-0.0686623,0.190637,-0.979256,0
2926,0,0,0,0,340,75,3341,909,4250,0.0443058,-0.0323952,-0.998493,0
2758,0,0,0,0,314,72,3144,1026,4170,0.0394424,-0.0240472,-0.998932,0
2869,0,0,0,0,290,73,3232,819,4051,0.0539882,-0.0874724,-0.994703,0
2535,0,0,0,0,297,71,2903,1037,3940,0.027399,-0.00558367,-0.999609,0
2694,0,0,0,0,322,80,3096,908,4004,0.00408309,0.096481,-0.995326,0
2727,0,0,0,0,323,78,3128,835,3963,-0.0121274,0.223573,-0.974612,0
2941,0,0,0,0,338,84,3363,887,4250,-0.0204343,0.285104,-0.958279,0
2715,0,0,0,0,349,88,3152,780,3932,-0.041489,0.379839,-0.924122,0
2810,0,0,0,0,346,91,3247,813,4060,-0.050251,0.467826,-0.882391,0
2726,0,0,0,0,396,102,3224,807,4031,-0.0769443,0.545167,-0.834789,0
2952,0,0,0,0,390,108,3450,859,4309,-0.0960571,0.609289,-0.787109,0
2792,0,0,0,0,406,104,3302,842,4144,0.0411001,-0.0534108,-0.997726,0
2703,0,0,0,0,450,124,3277,795,4072,0.0499286,-0.0754577,-0.995898,0
2683,0,0,0,0,435,113,3231,829,4060,0.0651575,-0.115651,-0.99115,0
2939,0,0,0,0,440,112,3491,805,4296,0.0587892,-0.1041,-0.992828,0
2816,0,0,0,0,465,119,3400,888,4288,0.0354435,-0.0102398,-0.999319,0
3222,0,0,0,0,461,121,3804,879,4683,0.025882,0.0789175,-0.996545,0
2926,0,0,0,0,464,122,3512,845,4357,0.0187077,0.158881,-0.98712,0
2798,0,0,0,0,494,119,3411,779,4190,0.00727151,0.278571,-0.960388,0
3344,0,0,0,0,753,173,4270,1319,5589,-0.000952132,0.210732,-0.977543,0
2975,0,0,0,0,570,132,3677,856,4533,0.00774465,-0.0115409,-0.999903,0
2797,0,0,0,0,464,118,3379,766,4145,-0.00251308,0.0768981,-0.997036,0
2836,0,0,0,0,491,119,3446,735,4181,0.0218191,0.00329747,-0.999756,0
2701,0,0,0,0,496,111,3308,804,4112,0.000776855,0.104648,-0.994509,0
2828,0,0,0,0,556,107,3491,725,4216,-0.0119325,0.198434,-0.980042,0
2768,0,0,0,0,390,92,3250,760,4010,0.0153982,-0.0639891,-0.997832,0
2964,0,0,0,0,425,90,3479,808,4287,-0.0114554,0.0404064,-0.999118,0
2683,0,0,0,0,355,84,3122,829,3951,-0.035797,0.176916,-0.983575,0
2764,0,0,0,0,446,90,3300,815,4115,-0.0845878,0.237157,-0.967782,0
2623,0,0,0,0,359,125,3107,807,3914,-0.112663,0.324885,-0.939019,0
3706,0,0,0,0,520,116,4342,1348,5690,-0.0297044,0.0676465,-0.997267,0
2520,0,0,0,0,313,86,2919,789,3708,-0.0156369,0.083011,-0.996426,0
2668,0,0,0,0,431,81,3180,842,4022,0.00923821,0.0115397,-0.999891,0
2569,0,0,0,0,378,80,3027,755,3782,0.0191863,-0.00891525,-0.999776,0
2687,0,0,0,0,339,79,3105,824,3929,-0.018964,0.045771,-0.998772,0
2490,0,0,0,0,314,76,2880,811,3691,-0.0392584,0.133751,-0.990237,0
2687,0,0,0,0,281,72,3040,767,3807,-0.0680554,0.210366,-0.975251,0
2626,0,0,0,0,272,101,2999,839,3838,-0.0833626,0.294724,-0.951939,0
2823,0,0,0,0,342,69,3234,832,4066,-0.00382286,-0.0740962,-0.997244,0
2452,0,0,0,0,253,64,2769,778,3547,-0.0218142,-0.00131035,-0.999761,0
2860,0,0,0,0,234,60,3154,794,3948,-0.0430693,0.0123212,-0.998996,0
2559,0,0,0,0,225,58,2842,804,3646,-0.0298494,-0.0332157,-0.999002,0
2378,0,0,0,0,199,71,2648,802,3450,-0.0187856,-0.0560228,-0.998253,0
2246,0,0,0,0,150,42,2438,968,3406,-0.0444381,0.0312183,-0.998524,0
2554,0,0,0,0,152,46,2752,943,3695,-0.0718249,0.13532,-0.988195,0
2401,0,0,0,0,193,51,2645,1206,3851,-0.0948531,0.243955,-0.965137,0
2975,0,0,0,0,334,75,3384,2382,5766,-0.0684558,0.227564,-0.971354,0
2502,0,0,0,0,272,67,2841,1178,4019,0.0246713,-0.0434005,-0.998753,0
2671,0,0,0,0,265,79,3015,1600,4615,0.0368739,0.0062759,-0.9993,0
2472,0,0,0,0,292,82,2846,1233,4079,0.0348716,0.0739588,-0.996651,0
2578,0,0,0,0,304,79,2961,1130,4091,0.0740804,-0.0977896,-0.992446,0
2502,0,0,0,0,359,88,2949,1361,4310,0.0983864,-0.110365,-0.989009,0
2574,0,0,0,0,365,92,3031,1388,4419,0.0248778,-0.0319222,-0.999181,0
2516,0,0,0,0,394,100,3010,1135,4145,-0.00301472,0.0724488,-0.997368,0
2678,0,0,0,0,399,97,3174,1010,4184,-0.0565626,0.162341,-0.985112,0
2588,0,0,0,0,436,115,3139,1084,4223,-0.0649548,0.144442,-0.987379,0
2832,0,0,0,0,416,126,3374,852,4226,-0.15991,0.326258,-0.931657,0
2767,0,0,0,0,402,102,3271,798,4069,-0.188885,0.422906,-0.886269,0
3181,0,0,0,0,428,107,3716,827,4543,0.0318907,-0.0591387,-0.99774,0
2658,0,0,0,0,392,99,3149,897,4046,0.00825935,0.0472149,-0.998851,0
2785,0,0,0,0,397,96,3278,736,4014,0.0620794,-0.0993261,-0.993117,0
2732,0,0,0,0,354,89,3175,760,3935,0.0641255,-0.0812104,-0.994632,0
3000,0,0,0,0,330,82,3412,800,4212,0.0612559,-0.0849279,-0.994502,0
2911,0,0,0,0,387,95,3393,927,4320,0.0468517,-0.157529,-0.986402,0
2825,0,0,0,0,309,78,3212,845,4057,0.0286575,-0.0604551,-0.997759,0
2670,0,0,0,0,421,81,3172,882,4054,0.00859007,-0.0647448,-0.997865,0
2726,0,0,0,0,334,77,3137,828,3965,-0.00226308,0.0450883,-0.99898,0
2642,0,0,0,0,320,84,3046,1096,4142,-0.0366013,0.156177,-0.987051,0
2901,0,0,0,0,382,89,3372,904,4276,-0.0482987,0.231973,-0.971522,0
2643,0,0,0,0,355,88,3086,840,3926,-0.0746315,0.356522,-0.931301,0
3022,0,0,0,0,389,101,3512,849,4361,-0.0195794,0.277599,-0.960498,0
2667,0,0,0,0,399,99,3165,860,4025,0.057632,-0.121454,-0.990923,0
2895,0,0,0,0,404,103,3402,859,4261,0.0412838,-0.10046,-0.994084,0
2821,0,0,0,0,420,107,3348,787,4135,0.0614483,-0.0917148,-0.993888,0
2841,0,0,0,0,571,144,3556,787,4343,0.0288619,0.0104108,-0.999529,0
2777,0,0,0,0,494,119,3390,945,4335,0.00606874,0.108661,-0.99406,0
3052,0,0,0,0,471,113,3636,853,4489,-0.0226944,0.208259,-0.97781,0
2805,0,0,0,0,454,127,3386,886,4272,-0.0655073,0.314048,-0.947144,0
2967,0,0,0,0,472,116,3555,839,4394,-0.0634181,0.408359,-0.910616,0
2741,0,0,0,0,491,118,3350,797,4147,-0.0911756,0.501539,-0.860317,0
3344,0,0,0,0,692,165,4201,1126,5327,-0.0188972,0.390934,-0.920225,0
2771,0,0,0,0,511,119,3401,736,4137,0.040157,-0.0522288,-0.997827,0
2889,0,0,0,0,507,127,3523,770,4293,0.0399816,0.0410908,-0.998355,0
2632,0,0,0,0,479,119,3230,867,4097,0.0217641,-0.0978011,-0.994968,0
2734,0,0,0,0,468,119,3321,816,4137,0.0153223,0.00466251,-0.999872,0
2753,0,0,0,0,501,113,3367,841,4208,-0.00531822,0.0876861,-0.996134,0
2775,0,0,0,0,487,172,3434,739,4173,-0.0303374,0.176673,-0.983802,0
2622,0,0,0,0,498,114,3234,921,4155,-0.0403221,0.25427,-0.966292,0
2935,0,0,0,0,517,119,3571,849,4420,0.0111166,0.0275868,-0.999558,0
2804,0,0,0,0,420,106,3330,761,4091,0.00072286,0.113114,-0.993582,0
2962,0,0,0,0,498,118,3578,776,4354,0.0196927,-0.0370391,-0.99912,0
2728,0,0,0,0,366,95,3189,920,4109,0.0115357,-0.0310798,-0.99945,0
2735,0,0,0,0,443,104,3282,813,4095,0.0307756,-0.0601561,-0.997714,0
2638,0,0,0,0,481,94,3213,830,4043,0.0071336,0.0235547,-0.999697,0
2692,0,0,0,0,451,94,3237,822,4059,0.0276359,-0.0614592,-0.997727,0
2611,0,0,0,0,349,88,3048,819,3867,0.00169031,-0.00616537,-0.99998,0
2671,0,0,0,0,359,90,3120,937,4057,-0.0204746,0.0799656,-0.996587,0
2593,0,0,0,0,354,89,3036,833,3869,-0.0410662,0.180799,-0.982662,0
2740,0,0,0,0,444,95,3279,850,4129,-0.0486759,0.253863,-0.966015,0
2587,0,0,0,0,421,94,3102,901,4003,-0.0259786,-0.0102893,-0.99961,0
2756,0,0,0,0,417,106,3279,832,4111,-0.0276832,-0.0555692,-0.998071,0
2773,0,0,0,0,409,108,3290,875,4165,-0.0351165,0.0229179,-0.99912,0
2768,0,0,0,0,362,90,3220,769,3989,-0.0656545,0.111213,-0.991626,0
2705,0,0,0,0,364,88,3157,850,4007,-0.0894179,0.16175,-0.982772,0
2833,0,0,0,0,312,92,3237,871,4108,-0.0237506,-0.000191102,-0.999718,0
2626,0,0,0,0,309,75,3010,853,3863,-0.0307589,0.0513393,-0.998207,0
2734,0,0,0,0,274,72,3080,805,3885,-0.063946,0.136194,-0.988616,0
2453,0,0,0,0,271,63,2787,929,3716,-0.0763556,0.190371,-0.978738,0
2507,0,0,0,0,227,83,2817,884,3701,0.00303037,-0.0186933,-0.999821,0
2579,0,0,0,0,230,56,2865,843,3708,0.00722771,-0.105951,-0.994345,0
2568,0,0,0,0,196,53,2817,853,3670,-0.027968,-0.0338029,-0.999037,0
2380,0,0,0,0,198,57,2635,1019,3654,-0.00965407,-0.0535945,-0.998516,0
2684,0,0,0,0,212,59,2955,876,3831,-0.0493856,0.0053862,-0.998765,0
2503,0,0,0,0,257,62,2822,927,3749,-0.0510481,0.0767243,-0.995745,0
2663,0,0,0,0,244,65,2972,932,3904,-0.0711598,0.15005,-0.986114,0
2922,0,0,0,0,319,106,3347,1296,4643,-0.056281,0.0399108,-0.997617,0
2512,0,0,0,0,274,73,2859,985,3844,-0.00307216,-0.0593913,-0.99823,0
2724,0,0,0,0,289,77,3090,939,4029,-0.0362075,0.0469548,-0.998241,0
2782,0,0,0,0,301,79,3162,920,4082,-0.0118956,-0.0688717,-0.997555,0
2481,0,0,0,0,336,84,2901,942,3843,-0.0291869,-0.0480515,-0.998418,0
2636,0,0,0,0,319,84,3039,992,4031,-0.0478446,0.0598663,-0.997059,0
2580,0,0,0,0,324,97,3001,862,3863,-0.0629247,0.118323,-0.990979,0
2616,0,0,0,0,423,114,3153,1093,4246,9.58395e-05,-0.106622,-0.9943,0
2529,0,0,0,0,382,100,3011,1284,4295,-0.035591,-0.0686546,-0.997005,0
2827,0,0,0,0,363,99,3289,1353,4642,0.00580453,0.0449522,-0.998972,0
2709,0,0,0,0,359,97,3165,1074,4239,-0.0861577,0.137343,-0.986769,0
2799,0,0,0,0,398,96,3293,915,4208,-0.0860688,0.232586,-0.96876,0
2757,0,0,0,0,399,108,3264,878,4142,0.0141976,-0.105225,-0.994347,0
3026,0,0,0,0,417,104,3547,839,4386,0.00421783,-0.0148062,-0.999881,0
2853,0,0,0,0,390,98,3341,792,4133,0.0276802,-0.0851231,-0.995986,0
2942,0,0,0,0,412,97,3451,810,4261,0.0072659,-0.11151,-0.993737,0
2639,0,0,0,0,384,93,3116,903,4019,0.0167475,-0.0062272,-0.99984,0
2818,0,0,0,0,466,107,3391,725,4116,-0.00625322,0.0834927,-0.996489,0
2983,0,0,0,0,433,107,3523,857,4380,0.00258401,0.0485258,-0.998819,0
2777,0,0,0,0,387,95,3259,797,4056,0.0233832,-0.0220454,-0.999483,0
3575,0,0,0,0,575,124,4274,1308,5582,0.0225532,-0.0349616,-0.999134,0
2830,0,0,0,0,428,91,3349,785,4134,0.020152,-0.0489739,-0.998597,0
2848,0,0,0,0,365,86,3299,752,4051,0.0407995,-0.117207,-0.992269,0
2797,0,0,0,0,362,86,3245,868,4113,0.0203199,-0.0523298,-0.998423,0
2566,0,0,0,0,460,106,3132,1070,4202,0.0290425,-0.0822851,-0.996186,0
2826,0,0,0,0,373,92,3291,887,4178,0.0272588,-0.038245,-0.998897,0
2767,0,0,0,0,337,97,3201,877,4078,0.04457,-0.0551471,-0.997483,0
2866,0,0,0,0,346,86,3298,884,4182,0.0312043,0.00642042,-0.999492,0
2857,0,0,0,0,439,88,3384,965,4349,0.0183237,0.0785843,-0.996739,0
3010,0,0,0,0,435,88,3533,803,4336,0.0153112,0.171162,-0.985124,0
2917,0,0,0,0,425,90,3432,850,4282,0.0435169,0.085252,-0.995409,0
2888,0,0,0,0,388,94,3370,799,4169,0.0627808,-0.0267478,-0.997669,0
2999,0,0,0,0,385,109,3493,903,4396,0.0363752,-0.066125,-0.997148,0
2863,0,0,0,0,375,106,3344,770,4114,0.0295544,-0.0577153,-0.997896,0
2676,0,0,0,0,379,98,3153,900,4053,0.00359988,0.0163294,-0.99986,0
2853,0,0,0,0,443,101,3397,854,4251,0.0189674,-0.0859473,-0.996119,0
2750,0,0,0,0,411,103,3264,875,4139,0.0300329,-0.00911389,-0.999507,0
2793,0,0,0,0,478,114,3385,843,4228,0.0113924,0.080328,-0.996703,0
2797,0,0,0,0,435,111,3343,899,4242,0.00646839,0.17425,-0.98468,0
2910,0,0,0,0,444,135,3489,840,4329,-0.00176382,0.256957,-0.966421,0
2635,0,0,0,0,456,118,3209,881,4090,0.0036337,0.345428,-0.938438,0
3071,0,0,0,0,540,127,3738,795,4533,0.00258155,0.41199,-0.911185,0
2805,0,0,0,0,484,120,3409,830,4239,-0.000646394,0.506123,-0.862461,0
3313,0,0,0,0,554,133,4000,791,4791,0.0389919,0.147187,-0.98834,0
2993,0,0,0,0,490,131,3614,860,4474,0.0187288,-0.0514589,-0.998499,0
3188,0,0,0,0,523,141,3852,851,4703,0.0383606,0.0508548,-0.997969,0
2748,0,0,0,0,517,129,3394,759,4153,-0.000108014,-0.0950217,-0.995475,0
2958,0,0,0,0,545,138,3641,790,4431,0.0174109,-0.028421,-0.999444,0
2690,0,0,0,0,505,134,3329,824,4153,0.0362105,0.0437199,-0.998387,0
2828,0,0,0,0,603,185,3616,749,4365,0.0565807,0.122629,-0.990838,0
2669,0,0,0,0,529,150,3348,790,4138,0.0741364,0.180649,-0.98075,0
3040,0,0,0,0,523,129,3692,784,4476,0.0772759,0.264923,-0.961168,0
3076,0,0,0,0,570,133,3779,770,4549,-0.0430714,-0.0877728,-0.995209,0
2889,0,0,0,0,641,133,3663,823,4486,-0.0128913,-0.0346278,-0.999317,0
2854,0,0,0,0,587,125,3566,802,4368,-0.0448399,-0.0599426,-0.997194,0
2790,0,0,0,0,468,118,3376,760,4136,-0.00346997,-0.0225312,-0.99974,0
2672,0,0,0,0,402,101,3175,834,4009,0.0453129,0.0358599,-0.998329,0
2703,0,0,0,0,445,99,3247,752,3999,0.0932109,0.103535,-0.990249,0
2728,0,0,0,0,408,98,3234,806,4040,0.137274,0.16417,-0.976834,0
2852,0,0,0,0,424,117,3393,751,4144,0.185027,0.230547,-0.955308,0
2599,0,0,0,0,367,95,3061,814,3875,0.21874,0.29992,-0.928548,0
2558,0,0,0,0,373,89,3020,786,3806,0.232385,0.387198,-0.89223,0
2549,0,0,0,0,375,94,3018,769,3787,-0.0375932,-0.0482302,-0.998129,0
2797,0,0,0,0,398,93,3288,748,4036,0.0374328,0.0175196,-0.999146,0
2819,0,0,0,0,421,219,3459,834,4293,-0.0748506,-0.041209,-0.996343,0
2776,0,0,0,0,355,108,3239,815,4054,-0.0228834,0.000467564,-0.999738,0
2787,0,0,0,0,333,83,3203,843,4046,0.0682866,0.0898671,-0.99361,0
2726,0,0,0,0,341,84,3151,808,3959,0.0907166,0.130592,-0.987277,0
2492,0,0,0,0,361,84,2937,803,3740,0.159336,0.173034,-0.971942,0
2655,0,0,0,0,314,79,3048,802,3850,-0.0336234,-0.0248246,-0.999126,0
2928,0,0,0,0,390,112,3430,1028,4458,-0.0122283,-0.0128036,-0.999843,0
2711,0,0,0,0,323,85,3119,759,3878,0.0396962,0.0103288,-0.999158,0
2556,0,0,0,0,309,87,2952,816,3768,-0.0219869,-0.0128121,-0.999676,0
2718,0,0,0,0,364,84,3166,810,3976,0.0559501,0.010819,-0.998375,0
2505,0,0,0,0,291,73,2869,828,3697,0.111954,0.0270498,-0.993345,0
2617,0,0,0,0,326,71,3014,878,3892,0.200521,0.056103,-0.978082,0
2345,0,0,0,0,253,65,2663,842,3505,0.247397,0.0682837,-0.966505,0
2515,0,0,0,0,247,69,2831,868,3699,-0.0303595,-0.0118249,-0.999469,0
2452,0,0,0,0,236,65,2753,888,3641,0.0284966,-0.0117961,-0.999524,0
2461,0,0,0,0,234,64,2759,859,3618,0.0932668,-0.0202526,-0.995435,0
2380,0,0,0,0,310,80,2770,893,3663,0.155476,-0.00340896,-0.987834,0
2803,0,0,0,0,300,86,3189,824,4013,0.241138,0.00283951,-0.970487,0
2522,0,0,0,0,373,127,3022,1117,4139,0.276013,-0.00128566,-0.961153,0
2598,0,0,0,0,402,103,3103,892,3995,-0.0535462,0.0129272,-0.998482,0
2679,0,0,0,0,470,115,3264,1089,4353,-0.00289027,0.00152722,-0.999995,0
2780,0,0,0,0,553,123,3456,846,4302,0.0756032,0.00981305,-0.99709,0
2743,0,0,0,0,514,131,3388,954,4342,-0.0455898,0.0159102,-0.998834,0
2884,0,0,0,0,628,149,3661,965,4626,0.0140892,-0.00235763,-0.999898,0
2751,0,0,0,0,545,148,3444,963,4407,0.0996483,-0.0355698,-0.994387,0
2869,0,0,0,0,632,151,3652,868,4520,0.141024,-0.0258144,-0.98967,0
2878,0,0,0,0,572,143,3593,966,4559,0.19922,-0.0304212,-0.979483,0
2701,0,0,0,0,659,150,3510,864,4374,-0.119693,-0.00514748,-0.992798,0
2743,0,0,0,0,589,151,3483,818,4301,-0.0806236,0.00546372,-0.99673,0
2837,0,0,0,0,608,213,3658,929,4587,-0.0515603,-0.0130652,-0.998584,0
2815,0,0,0,0,611,156,3582,832,4414,0.0479695,-0.033317,-0.998293,0
3012,0,0,0,0,584,144,3740,765,4505,0.129308,-0.0685707,-0.989231,0
2856,0,0,0,0,572,146,3574,882,4456,0.176667,-0.082258,-0.980827,0
2820,0,0,0,0,626,181,3627,859,4486,0.267461,-0.109414,-0.957337,0
2906,0,0,0,0,624,136,3666,891,4557,0.334485,-0.133973,-0.93283,0
3049,0,0,0,0,519,128,3696,775,4471,0.402303,-0.160906,-0.901255,0
2924,0,0,0,0,502,128,3554,789,4343,0.462605,-0.179531,-0.868196,0
2791,0,0,0,0,560,128,3479,808,4287,0.536785,-0.186558,-0.822835,0
2905,0,0,0,0,477,119,3501,746,4247,-0.100116,0.0480114,-0.993817,0
3132,0,0,0,0,680,123,3935,821,4756,-0.040952,-0.0102293,-0.999109,0
3386,0,0,0,0,465,112,3963,730,4693,-0.144242,0.0671876,-0.987259,0
2852,0,0,0,0,460,117,3429,788,4217,-0.052461,-0.0219359,-0.998382,0
3059,0,0,0,0,407,124,3590,892,4482,-0.0577206,-0.0532792,-0.99691,0
2799,0,0,0,0,419,101,3319,889,4208,-0.0738903,-0.0103209,-0.997213,0
2991,0,0,0,0,514,102,3607,862,4469,-0.024259,-0.0888614,-0.995749,0
2685,0,0,0,0,392,101,3178,823,4001,0.0200062,-0.186334,-0.982283,0
2753,0,0,0,0,405,107,3265,849,4114,0.0445611,-0.208164,-0.977078,0
2750,0,0,0,0,419,106,3275,817,4092,-0.0610865,0.0185575,-0.99796,0
2566,0,0,0,0,420,100,3086,881,3967,-0.0274072,-0.0860719,-0.995912,0
2973,0,0,0,0,390,97,3460,782,4242,-0.00809972,-0.153116,-0.988175,0
2712,0,0,0,0,362,117,3191,808,3999,0.0458955,-0.227625,-0.972667,0
2961,0,0,0,0,360,95,3416,815,4231,0.095629,-0.341693,-0.934934,0
2648,0,0,0,0,357,97,3102,776,3878,-0.0509194,0.0871392,-0.994894,0
2808,0,0,0,0,361,93,3262,794,4056,-0.0365065,-0.0242098,-0.99904,0
2755,0,0,0,0,366,93,3214,776,3990,-0.0392505,0.0701237,-0.996766,0
2975,0,0,0,0,391,102,3468,716,4184,-0.0254622,-0.0416431,-0.998808,0
2762,0,0,0,0,402,104,3268,770,4038,-0.0167892,0.153275,-0.988041,0
2994,0,0,0,0,486,106,3586,815,4401,-0.0237017,0.140819,-0.989752,0
2999,0,0,0,0,466,110,3575,830,4405,-0.0248134,0.158474,-0.987051,0
2731,0,0,0,0,441,126,3298,794,4092,-0.0247439,0.0235349,-0.999417,0
2681,0,0,0,0,429,108,3218,795,4013,-0.0012698,-0.0410266,-0.999157,0
2934,0,0,0,0,440,123,3497,726,4223,-0.00848068,-0.155885,-0.987739,0
2674,0,0,0,0,426,106,3206,861,4067,-0.0107595,0.0716416,-0.997372,0
2881,0,0,0,0,458,110,3449,802,4251,-0.0259973,-0.019628,-0.999469,0
2656,0,0,0,0,437,106,3199,841,4040,-0.0784292,-0.124145,-0.98916,0
2898,0,0,0,0,458,110,3466,765,4231,-0.0130539,0.0451872,-0.998893,0
2733,0,0,0,0,420,105,3258,756,4014,-0.045209,-0.0278505,-0.998589,0
2759,0,0,0,0,427,109,3295,715,4010,0.0123412,0.0620648,-0.997996,0
2748,0,0,0,0,415,103,3266,840,4106,-0.0250442,-0.00286638,-0.999682,0
2698,0,0,0,0,468,132,3298,834,4132,-0.0900751,-0.0663475,-0.993723,0
2704,0,0,0,0,540,116,3360,827,4187,0.00495472,0.0149669,-0.999876,0
2788,0,0,0,0,719,125,3632,735,4367,-0.0453914,-0.0620453,-0.997041,0
2595,0,0,0,0,454,117,3166,786,3952,-0.0768635,-0.110296,-0.990922,0
2781,0,0,0,0,451,114,3346,737,4083,-0.144687,-0.182452,-0.972511,0
2581,0,0,0,0,468,118,3167,764,3931,-0.182708,-0.242713,-0.952737,0
2918,0,0,0,0,472,124,3514,814,4328,0.0101141,-0.0173402,-0.999798,0
2783,0,0,0,0,467,124,3374,810,4184,-0.00760753,-0.113637,-0.993493,0
2744,0,0,0,0,437,112,3293,810,4103,-0.0105789,-0.166343,-0.986011,0
2610,0,0,0,0,435,115,3160,871,4031,-0.0261492,-0.243142,-0.969638,0
2783,0,0,0,0,522,112,3417,744,4161,-0.0415524,-0.306164,-0.951072,0
2726,0,0,0,0,423,105,3254,858,4112,-0.0598809,-0.371097,-0.926661,0
2755,0,0,0,0,402,102,3259,769,4028,-0.0487683,-0.389896,-0.919567,0
2697,0,0,0,0,414,102,3213,825,4038,-0.0893405,-0.411231,-0.907142,0
2757,0,0,0,0,450,107,3314,743,4057,-0.108973,-0.489802,-0.864996,0
2814,0,0,0,0,551,122,3487,915,4402,0.0167498,-0.1517,-0.988285,0
2739,0,0,0,0,590,110,3439,752,4191,0.00785076,0.0404214,-0.999152,0
2841,0,0,0,0,431,102,3374,815,4189,0.0235141,0.0546568,-0.998228,0
2953,0,0,0,0,384,102,3439,776,4215,0.0310624,-0.00557201,-0.999502,0
2591,0,0,0,0,395,101,3087,823,3910,0.0249675,-0.0577983,-0.998016,0
2571,0,0,0,0,380,95,3046,816,3862,0.00935669,-0.118305,-0.992933,0
2660,0,0,0,0,322,83,3065,724,3789,0.0127296,0.0834286,-0.996432,0
2905,0,0,0,0,304,77,3286,780,4066,0.0347775,0.0813814,-0.996076,0
2709,0,0,0,0,276,72,3057,848,3905,0.0272723,0.0515103,-0.9983,0
2632,0,0,0,0,346,94,3072,787,3859,0.0286352,0.0244861,-0.99929,0
2673,0,0,0,0,298,73,3044,855,3899,0.0366487,-0.0411872,-0.998479,0
2668,0,0,0,0,267,71,3006,755,3761,0.00558548,0.0714195,-0.997431,0
2595,0,0,0,0,296,71,2962,831,3793,0.0379555,0.00403356,-0.999271,0
3192,0,0,0,0,334,75,3601,869,4470,-0.00103148,0.0576797,-0.998335,0
2727,0,0,0,0,285,74,3086,871,3957,-0.0226393,0.0752074,-0.996911,0
2846,0,0,0,0,295,85,3226,885,4111,0.0261901,-0.0205373,-0.999446,0
2622,0,0,0,0,323,112,3057,807,3864,0.0174275,-0.0934582,-0.995471,0
2754,0,0,0,0,370,87,3211,919,4130,0.0546769,-0.178844,-0.982357,0
2662,0,0,0,0,385,97,3144,1016,4160,-0.0105568,0.0664322,-0.997735,0
2771,0,0,0,0,373,94,3238,1142,4380,-0.000225964,0.0119509,-0.999929,0
2679,0,0,0,0,373,97,3149,1046,4195,0.0212753,0.0841372,-0.996227,0
2806,0,0,0,0,381,97,3284,966,4250,0.0245537,0.131397,-0.991026,0
2664,0,0,0,0,398,102,3164,1241,4405,0.0351586,0.00957374,-0.999336,0
2845,0,0,0,0,418,110,3373,959,4332,0.0054943,-0.0418133,-0.99911,0
2792,0,0,0,0,412,104,3308,1069,4377,0.0762237,0.112344,-0.990742,0
2863,0,0,0,0,459,114,3436,819,4255,0.046205,0.049851,-0.997687,0
2891,0,0,0,0,489,115,3495,826,4321,0.00685145,-0.0364902,-0.999311,0
2767,0,0,0,0,452,130,3349,812,4161,-0.0100166,0.0975833,-0.995177,0
2795,0,0,0,0,500,108,3403,825,4228,0.00220622,0.0140044,-0.9999,0
2773,0,0,0,0,494,120,3387,914,4301,-0.00908556,-0.0839913,-0.996425,0
2670,0,0,0,0,452,106,3228,756,3984,-0.00826854,-0.175318,-0.984477,0
2859,0,0,0,0,426,108,3393,739,4132,-0.0234872,0.101724,-0.994535,0
2754,0,0,0,0,422,102,3278,950,4228,-0.040559,0.154425,-0.987172,0
2772,0,0,0,0,383,99,3254,887,4141,-0.0307895,0.0709522,-0.997004,0
2759,0,0,0,0,455,104,3318,785,4103,-0.0292017,-0.0354802,-0.998944,0
2904,0,0,0,0,371,94,3369,829,4198,-0.0029568,-0.12242,-0.992474,0
2562,0,0,0,0,388,96,3046,939,3985,0.0240456,-0.238475,-0.970851,0
2738,0,0,0,0,366,94,3198,796,3994,0.0444115,-0.323444,-0.945204,0
2661,0,0,0,0,364,95,3120,844,3964,0.0804913,-0.393291,-0.915884,0
3148,0,0,0,0,376,101,3625,848,4473,-0.037214,0.0162118,-0.999176,0
2614,0,0,0,0,379,94,3087,896,3983,-0.0554392,-0.0317597,-0.997957,0
2743,0,0,0,0,392,105,3240,779,4019,-0.0500996,-0.141482,-0.988672,0
2824,0,0,0,0,447,108,3379,980,4359,-0.0632318,-0.0785488,-0.994903,0
3229,0,0,0,0,666,144,4039,864,4903,-0.0498655,0.126521,-0.99071,0
2815,0,0,0,0,435,116,3366,795,4161,-0.038446,0.0751703,-0.996429,0
2955,0,0,0,0,514,131,3600,854,4454,-0.0414856,-0.00785314,-0.999108,0
2917,0,0,0,0,451,119,3487,875,4362,-0.0538103,-0.151634,-0.986971,0
3018,0,0,0,0,494,125,3637,754,4391,-0.0567081,-0.214893,-0.97499,0
2789,0,0,0,0,480,122,3391,788,4179,-0.0792483,-0.310644,-0.947217,0
2894,0,0,0,0,468,137,3499,818,4317,-0.0949437,-0.418634,-0.903179,0
2871,0,0,0,0,465,116,3452,767,4219,-0.0977425,-0.49627,-0.862649,0
2808,0,0,0,0,533,125,3466,734,4200,-0.1028,-0.564889,-0.818738,0
2892,0,0,0,0,452,118,3462,780,4242,-0.109873,-0.636075,-0.763765,0
2910,0,0,0,0,497,115,3522,822,4344,-0.0731104,-0.328538,-0.941657,0
2644,0,0,0,0,486,138,3268,783,4051,-0.0262851,0.104271,-0.994201,0
2871,0,0,0,0,476,109,3456,782,4238,-0.0264923,0.0270578,-0.999283,0
2658,0,0,0,0,419,108,3185,753,3938,-0.0213944,-0.0479916,-0.998619,0
2794,0,0,0,0,573,122,3489,720,4209,0.00195784,0.0716355,-0.997429,0
2639,0,0,0,0,432,111,3182,820,4002,0.00174674,0.0182336,-0.999832,0
2959,0,0,0,0,441,110,3510,701,4211,0.00528975,-0.0606374,-0.998146,0
2730,0,0,0,0,456,136,3322,794,4116,-0.0192519,-0.108952,-0.993861,0
2753,0,0,0,0,458,107,3318,801,4119,-0.00997874,0.0368682,-0.99927,0
2643,0,0,0,0,433,116,3192,824,4016,-0.0041586,-0.0594911,-0.99822,0
2843,0,0,0,0,481,108,3432,760,4192,-0.00407952,0.0550575,-0.998475,0
2593,0,0,0,0,455,113,3161,834,3995,0.00146828,0.0573609,-0.998352,0
2904,0,0,0,0,509,119,3532,761,4293,-0.00167515,-0.0580294,-0.998313,0
2735,0,0,0,0,451,115,3301,767,4068,0.0209205,-0.108301,-0.993898,0
2765,0,0,0,0,425,108,3298,767,4065,0.0270858,-0.209898,-0.977348,0
2614,0,0,0,0,489,111,3214,828,4042,-0.0081118,-0.00885184,-0.999928,0
2880,0,0,0,0,483,109,3472,746,4218,-0.00138324,-0.0528167,-0.998603,0
2697,0,0,0,0,404,103,3204,1026,4230,0.0114065,-0.142444,-0.989737,0
2903,0,0,0,0,396,99,3398,734,4132,-0.00173108,-0.0282471,-0.999599,0
2951,0,0,0,0,380,96,3427,773,4200,-0.0277568,0.0799232,-0.996414,0
2809,0,0,0,0,370,98,3277,812,4089,-0.00854149,-0.00680461,-0.99994,0
3747,0,0,0,0,457,102,4306,763,5069,0.0149025,0.0611632,-0.998017,0
2662,0,0,0,0,378,97,3137,788,3925,0.00615723,0.0492258,-0.998769,0
2522,0,0,0,0,332,86,2940,855,3795,0.00163563,-0.0192868,-0.999813,0
2731,0,0,0,0,326,84,3141,773,3914,-0.00662951,-0.079552,-0.996809,0
2476,0,0,0,0,287,75,2838,787,3625,-0.00098715,-0.147323,-0.989088,0
3606,0,0,0,0,279,77,3962,954,4916,0.0103458,-0.15022,-0.988598,0
2531,0,0,0,0,308,66,2905,855,3760,0.0262604,0.0536367,-0.998215,0
2660,0,0,0,0,228,66,2954,763,3717,0.0123177,-0.0296098,-0.999486,0
2621,0,0,0,0,332,82,3035,995,4030,0.0176836,0.0513564,-0.998524,0
2486,0,0,0,0,326,79,2891,791,3682,0.0211497,0.0438309,-0.998815,0
2534,0,0,0,0,203,56,2793,788,3581,0.0168358,0.0621095,-0.997927,0
2678,0,0,0,0,308,64,3050,830,3880,0.0161897,0.0157276,-0.999745,0
2480,0,0,0,0,228,62,2770,948,3718,0.00746692,0.0306394,-0.999503,0
2700,0,0,0,0,273,68,3041,975,4016,0.0171424,-0.0309778,-0.999373,0
2523,0,0,0,0,255,70,2848,929,3777,0.0437918,-0.130786,-0.990443,0
2657,0,0,0,0,283,75,3015,818,3833,0.0828216,-0.20212,-0.975853,0
2634,0,0,0,0,336,77,3047,917,3964,0.0658672,-0.280252,-0.957664,0
3693,0,0,0,0,504,115,4312,1473,5785,-0.00473049,0.0876627,-0.996139,0
2497,0,0,0,0,322,82,2901,1106,4007,0.0255341,0.0674112,-0.997398,0
2964,0,0,0,0,317,84,3365,1083,4448,0.0263917,0.00579631,-0.999635,0
2646,0,0,0,0,335,88,3069,1066,4135,0.0178868,-0.00358562,-0.999834,0
2649,0,0,0,0,337,89,3075,843,3918,0.0122639,0.104025,-0.994499,0
2543,0,0,0,0,348,87,2978,934,3912,0.0474737,-0.0394138,-0.998095,0
2881,0,0,0,0,367,92,3340,953,4293,0.0359737,-0.0950296,-0.994824,0
2591,0,0,0,0,414,99,3104,924,4028,0.0666569,-0.183223,-0.980809,0
2986,0,0,0,0,412,103,3501,880,4381,0.0504199,-0.270521,-0.961393,0
2763,0,0,0,0,420,104,3287,928,4215,0.0808007,-0.343603,-0.935633,0
3112,0,0,0,0,454,97,3663,821,4484,0.0324136,-0.451037,-0.891916,0
2689,0,0,0,0,445,120,3254,830,4084,-0.00379849,0.100342,-0.994946,0
3000,0,0,0,0,410,99,3509,736,4245,-0.00842374,0.0196654,-0.999771,0
2653,0,0,0,0,426,117,3196,783,3979,-0.0101531,-0.081124,-0.996652,0
2826,0,0,0,0,406,105,3337,761,4098,-0.000521863,-0.17972,-0.983718,0
2724,0,0,0,0,431,98,3253,900,4153,-0.0140964,-0.255272,-0.966767,0
2847,0,0,0,0,380,98,3325,812,4137,-0.033805,-0.328047,-0.944056,0
2711,0,0,0,0,423,105,3239,845,4084,-0.0311388,0.0820035,-0.996145,0
2987,0,0,0,0,414,100,3501,847,4348,-0.0329803,0.00426392,-0.999447,0
2715,0,0,0,0,393,91,3199,924,4123,-0.0371339,-0.0830687,-0.995852,0
3803,0,0,0,0,568,134,4505,1467,5972,-0.0259711,0.00155464,-0.999661,0
2826,0,0,0,0,367,104,3297,981,4278,-0.0318844,0.0866957,-0.995724,0
2688,0,0,0,0,354,108,3150,867,4017,-0.0426982,0.0746992,-0.996292,0
2630,0,0,0,0,362,92,3084,859,3943,-0.0311796,-0.0125469,-0.999435,0
2827,0,0,0,0,425,98,3350,1034,4384,-0.031732,0.120705,-0.992181,0
2618,0,0,0,0,377,97,3092,940,4032,-0.0486183,-0.00109896,-0.998817,0
2873,0,0,0,0,382,101,3356,855,4211,-0.0433902,0.0514497,-0.997733,0
2793,0,0,0,0,386,105,3284,797,4081,-0.0643166,-0.0115991,-0.997862,0
3093,0,0,0,0,400,99,3592,835,4427,-0.0730114,-0.114976,-0.990681,0
2898,0,0,0,0,413,102,3413,788,4201,-0.0536612,0.041041,-0.997715,0
2864,0,0,0,0,415,129,3408,832,4240,-0.0433437,-0.0325686,-0.998529,0
2952,0,0,0,0,412,101,3465,814,4279,-0.033816,0.0778663,-0.99639,0
2901,0,0,0,0,390,101,3392,819,4211,-0.032076,-0.00598802,-0.999467,0
2756,0,0,0,0,387,97,3240,837,4077,-0.0383815,-0.0908685,-0.995123,0
2902,0,0,0,0,370,101,3373,808,4181,-0.0431167,-0.170851,-0.984353,0
2761,0,0,0,0,376,95,3232,887,4119,-0.0455146,-0.258936,-0.964822,0
2881,0,0,0,0,385,96,3362,842,4204,-0.0584307,-0.333745,-0.940851,0
2663,0,0,0,0,381,99,3143,847,3990,-0.0671319,-0.392444,-0.917323,0
2909,0,0,0,0,473,100,3482,763,4245,-0.0660083,-0.49415,-0.866867,0
2660,0,0,0,0,388,101,3149,806,3955,-0.0618374,-0.508123,-0.859062,0
2610,0,0,0,0,402,100,3112,769,3881,-0.0105973,0.0364171,-0.99928,0
2533,0,0,0,0,420,98,3051,754,3805,-0.0204316,-0.0451555,-0.998771,0
3006,0,0,0,0,622,133,3761,1144,4905,-0.0226368,-0.117149,-0.992856,0
2772,0,0,0,0,486,108,3366,805,4171,-0.00640323,0.0493997,-0.998759,0
2825,0,0,0,0,493,129,3447,759,4206,-0.00645958,-0.0457889,-0.99893,0
2721,0,0,0,0,422,99,3242,745,3987,-0.0102194,-0.127016,-0.991848,0
2765,0,0,0,0,434,98,3297,803,4100,0.0113616,-0.221933,-0.974996,0
2593,0,0,0,0,395,96,3084,855,3939,-0.00966738,0.0546682,-0.998458,0
2872,0,0,0,0,527,111,3510,842,4352,0.0079352,-0.0270126,-0.999604,0
2704,0,0,0,0,414,104,3222,718,3940,0.0283296,-0.111501,-0.99336,0
2589,0,0,0,0,432,134,3155,788,3943,0.0337746,-0.195324,-0.980157,0
2638,0,0,0,0,416,120,3174,819,3993,0.034388,-0.274646,-0.96093,0
2682,0,0,0,0,455,106,3243,747,3990,0.013771,0.0415193,-0.999043,0
2666,0,0,0,0,411,103,3180,829,4009,0.0117207,-0.0422313,-0.999039,0
2842,0,0,0,0,515,146,3503,827,4330,0.0321889,-0.114992,-0.992845,0
2684,0,0,0,0,394,99,3177,904,4081,0.0316959,-0.157839,-0.986956,0
3104,0,0,0,0,451,126,3681,828,4509,0.0322881,-0.0174604,-0.999326,0
2656,0,0,0,0,387,96,3139,857,3996,0.00869613,0.0321511,-0.999445,0
2747,0,0,0,0,431,101,3279,868,4147,0.0132106,0.0408916,-0.999076,0
2863,0,0,0,0,357,91,3311,838,4149,0.038049,-0.0494884,-0.99805,0
2794,0,0,0,0,341,89,3224,828,4052,0.0412302,-0.116191,-0.992371,0
3725,0,0,0,0,517,115,4357,1394,5751,0.00218445,0.033336,-0.999442,0
2825,0,0,0,0,313,89,3227,879,4106,-0.00377193,0.00089041,-0.999992,0
2629,0,0,0,0,248,65,2942,786,3728,0.0123277,-0.0878175,-0.99606,0
3058,0,0,0,0,229,62,3349,913,4262,0.00468127,-0.172638,-0.984974,0
2473,0,0,0,0,203,52,2728,860,3588,0.00215638,-0.224951,-0.974368,0
2586,0,0,0,0,186,50,2822,908,3730,-0.0140065,-0.285497,-0.958277,0
2545,0,0,0,0,159,44,2748,900,3648,0.00703771,0.0656425,-0.997818,0
2569,0,0,0,0,159,47,2775,813,3588,-0.00968181,0.0224206,-0.999702,0
2488,0,0,0,0,169,46,2703,873,3576,0.0168826,-0.0430078,-0.998932,0
2571,0,0,0,0,188,52,2811,752,3563,0.00714028,0.0324435,-0.999448,0
2416,0,0,0,0,197,54,2667,804,3471,0.0100492,-0.0527576,-0.998557,0
2563,0,0,0,0,220,58,2841,959,3800,0.00248258,-0.110885,-0.99383,0
2436,0,0,0,0,219,59,2714,953,3667,-0.00417323,-0.188037,-0.982153,0
2579,0,0,0,0,232,67,2878,982,3860,0.00403495,-0.223735,-0.974642,0
2551,0,0,0,0,245,66,2862,1101,3963,0.0286062,-0.24843,-0.968227,0
3530,0,0,0,0,412,101,4043,1720,5763,0.0274177,-0.083074,-0.996166,0
2852,0,0,0,0,298,72,3222,1151,4373,-0.0238232,-0.0214008,-0.999487,0
2698,0,0,0,0,333,75,3106,1019,4125,0.0128528,-0.0778205,-0.996885,0
2417,0,0,0,0,339,90,2846,1110,3956,0.0109943,0.00937458,-0.999896,0
2678,0,0,0,0,339,84,3101,1124,4225,0.0223922,-0.0650244,-0.997632,0
3038,0,0,0,0,320,79,3437,1034,4471,0.0246627,-0.0759321,-0.996808,0
2803,0,0,0,0,328,84,3215,1005,4220,0.0218069,0.0302042,-0.999306,0
2588,0,0,0,0,318,80,2986,1105,4091,0.0632076,-0.000198614,-0.998,0
2718,0,0,0,0,334,93,3145,1016,4161,0.0499204,-0.0637715,-0.996715,0
2703,0,0,0,0,434,92,3229,1394,4623,0.0221996,-0.145894,-0.989051,0
2661,0,0,0,0,364,89,3114,1075,4189,0.0142921,0.121298,-0.992513,0
2640,0,0,0,0,360,88,3088,1927,5015,0.0377666,0.044125,-0.998312,0
2860,0,0,0,0,370,90,3320,1701,5021,0.0213962,-0.0334028,-0.999213,0
2704,0,0,0,0,438,94,3236,1404,4640,0.0217373,-0.0175645,-0.999609,0
2790,0,0,0,0,470,118,3378,1286,4664,-0.015037,-0.0722044,-0.997276,0
2677,0,0,0,0,395,93,3165,1130,4295,-0.00997788,-0.17555,-0.98442,0
2825,0,0,0,0,459,122,3406,818,4224,-0.00464148,-0.288898,-0.957349,0
2734,0,0,0,0,458,98,3290,913,4203,-0.00333474,-0.347791,-0.937566,0
2859,0,0,0,0,437,105,3401,752,4153,-0.00381203,0.0627969,-0.998019,0
2677,0,0,0,0,381,91,3149,817,3966,0.011515,-0.00949626,-0.999889,0
3018,0,0,0,0,377,100,3495,805,4300,-0.0229287,0.0937238,-0.995334,0
2569,0,0,0,0,363,88,3020,771,3791,-0.00818013,0.0615907,-0.998068,0
2796,0,0,0,0,406,91,3293,763,4056,0.00698082,0.0236857,-0.999695,0
2565,0,0,0,0,342,98,3005,817,3822,-0.00664739,-0.0326514,-0.999445,0
2627,0,0,0,0,325,80,3032,826,3858,-0.0215069,0.0695096,-0.997349,0
2464,0,0,0,0,322,76,2862,774,3636,-0.0235907,0.0213113,-0.999495,0
2641,0,0,0,0,308,77,3026,905,3931,0.00270088,-0.0393051,-0.999224,0
2506,0,0,0,0,282,70,2858,973,3831,0.00411263,-0.0564048,-0.9984,0
2459,0,0,0,0,312,74,2845,988,3833,-0.0250336,-0.0914667,-0.995493,0
2570,0,0,0,0,321,75,2966,831,3797,-0.0281684,-0.109728,-0.993562,0
2894,0,0,0,0,470,80,3444,988,4432,-0.0222182,0.0323336,-0.99923,0
2568,0,0,0,0,271,71,2910,837,3747,-0.0172456,0.0207692,-0.999636,0
2430,0,0,0,0,395,89,2914,1001,3915,-0.0204165,0.00960724,-0.999745,0
2438,0,0,0,0,278,68,2784,982,3766,-0.0181641,0.0295231,-0.999399,0
2445,0,0,0,0,334,84,2863,1159,4022,-0.0144261,0.00809718,-0.999863,0
2285,0,0,0,0,267,66,2618,1548,4166,-0.0359793,-0.0126394,-0.999273,0
2522,0,0,0,0,271,97,2890,1398,4288,-0.0439335,-0.0547071,-0.997535,0
2430,0,0,0,0,271,85,2786,1463,4249,-0.0537097,-0.0310228,-0.998075,0
2427,0,0,0,0,267,68,2762,1434,4196,-0.0749375,-0.0391085,-0.996421,0
2424,0,0,0,0,297,77,2798,1439,4237,-0.0728898,-0.0472847,-0.996218,0
2514,0,0,0,0,273,67,2854,1374,4228,-0.098983,-0.179935,-0.978686,0
2421,0,0,0,0,272,76,2769,1071,3840,-0.126969,-0.167184,-0.977716,0
2462,0,0,0,0,325,67,2854,1364,4218,-0.0351359,0.0138919,-0.999286,0
2470,0,0,0,0,285,67,2822,907,3729,-0.0344234,0.0196199,-0.999215,0
2794,0,0,0,0,412,71,3277,1077,4354,-0.0365882,0.0269567,-0.998967,0
2502,0,0,0,0,304,67,2873,1182,4055,-0.0650695,0.037559,-0.997174,0
2927,0,0,0,0,282,68,3277,888,4165,-0.0152198,0.0932519,-0.995526,0
2597,0,0,0,0,254,77,2928,900,3828,-0.0182371,0.117512,-0.992904,0
2436,0,0,0,0,256,74,2766,828,3594,-0.0108522,0.12486,-0.992115,0
2473,0,0,0,0,366,69,2908,995,3903,-0.0215796,0.104058,-0.994337,0
2687,0,0,0,0,277,67,3031,1436,4467,-0.0630226,0.123975,-0.990282,0
2716,0,0,0,0,312,72,3100,1265,4365,-0.0860862,0.166989,-0.982193,0
2682,0,0,0,0,377,104,3163,994,4157,-0.0555653,0.224896,-0.972797,0
2572,0,0,0,0,360,80,3012,1032,4044,-0.0778523,0.272811,-0.958913,0
2703,0,0,0,0,361,88,3152,839,3991,-0.073511,0.376962,-0.923307,0
2685,0,0,0,0,425,127,3237,1083,4320,-0.0801426,0.480448,-0.873354,0
2741,0,0,0,0,368,115,3224,1016,4240,-0.00462999,-0.0373441,-0.999292,0
2474,0,0,0,0,341,84,2899,927,3826,-0.0218426,0.086363,-0.996024,0
2644,0,0,0,0,352,90,3086,887,3973,-0.0513297,0.145243,-0.988064,0
2521,0,0,0,0,376,105,3002,976,3978,0.00981976,-0.0705154,-0.997462,0
2887,0,0,0,0,378,106,3371,977,4348,-0.0108042,0.00839372,-0.999906,0
2505,0,0,0,0,395,96,2996,1081,4077,-0.041175,0.0460395,-0.998091,0
2891,0,0,0,0,376,94,3361,855,4216,-0.0393441,0.118033,-0.99223,0
2563,0,0,0,0,347,89,2999,992,3991,-0.0694562,0.203268,-0.976657,0
2664,0,0,0,0,359,83,3106,1222,4328,-0.0851784,0.295392,-0.951571,0
2697,0,0,0,0,343,80,3120,1127,4247,-0.0819369,0.309472,-0.947372,0
2622,0,0,0,0,329,72,3023,1228,4251,0.0832754,-0.347245,-0.93407,0
2678,0,0,0,0,289,68,3035,1097,4132,0.0289569,-0.034301,-0.998992,0
2617,0,0,0,0,234,62,2913,1347,4260,0.0405297,-0.115266,-0.992507,0
3589,0,0,0,0,387,84,4060,1808,5868,0.031371,-0.109913,-0.993446,0
2535,0,0,0,0,228,55,2818,1526,4344,0.0249242,-0.160658,-0.986695,0
2570,0,0,0,0,221,62,2853,1332,4185,0.0379879,-0.131352,-0.990608,0
2509,0,0,0,0,191,54,2754,2081,4835,0.00724515,-0.173794,-0.984755,0
2360,0,0,0,0,173,44,2577,1204,3781,0.0209442,-0.0640763,-0.997725,0
2482,0,0,0,0,171,45,2698,1718,4416,0.0220363,-0.0134339,-0.999667,0
2322,0,0,0,0,181,44,2547,2036,4583,0.0462995,-0.141901,-0.988798,0
2598,0,0,0,0,164,43,2805,1118,3923,0.0222607,-0.0901411,-0.99568,0
2369,0,0,0,0,172,45,2586,1226,3812,-0.0269767,0.0460383,-0.998575,0
2707,0,0,0,0,214,66,2987,1189,4176,-0.115249,0.301153,-0.946586,0
2578,0,0,0,0,292,66,2936,984,3920,-0.145405,0.441011,-0.885645,0
3025,0,0,0,0,381,67,3473,1212,4685,-0.119192,0.202236,-0.972056,0
2571,0,0,0,0,269,68,2908,1096,4004,0.0133546,-0.0532116,-0.998494,0
2840,0,0,0,0,291,73,3204,796,4000,-0.00296844,-0.0415301,-0.999133,0
2770,0,0,0,0,300,74,3144,778,3922,-0.0181881,-0.0699036,-0.997388,0
2728,0,0,0,0,297,75,3100,808,3908,-0.000528919,-0.0313205,-0.999509,0
2700,0,0,0,0,356,79,3135,858,3993,0.0217931,0.00803293,-0.99973,0
2762,0,0,0,0,322,82,3166,808,3974,0.0371907,0.0384219,-0.998569,0
2538,0,0,0,0,357,82,2977,835,3812,0.00850556,-0.0377198,-0.999252,0
3091,0,0,0,0,387,89,3567,795,4362,0.0087135,0.027318,-0.999589,0
2651,0,0,0,0,384,94,3129,839,3968,0.00866238,0.0938349,-0.99555,0
2792,0,0,0,0,390,102,3284,758,4042,-0.0272915,0.155381,-0.987478,0
2840,0,0,0,0,389,97,3326,872,4198,0.00747771,-0.0248451,-0.999663,0
2781,0,0,0,0,392,93,3266,895,4161,-0.00278802,-0.00444586,-0.999986,0
2773,0,0,0,0,392,95,3260,742,4002,0.0050467,-0.018706,-0.999812,0
2913,0,0,0,0,440,104,3457,802,4259,-0.0109688,-0.0325329,-0.99941,0
2602,0,0,0,0,391,97,3090,774,3864,-0.00595257,-0.0229172,-0.99972,0
2824,0,0,0,0,412,97,3333,743,4076,-0.0165323,-0.00551765,-0.999848,0
2587,0,0,0,0,378,92,3057,775,3832,-3.0399e-05,-0.0405243,-0.999179,0
2882,0,0,0,0,392,96,3370,748,4118,0.00182913,-0.0140309,-0.9999,0
2546,0,0,0,0,437,101,3084,797,3881,0.00293633,-0.00285323,-0.999992,0
2830,0,0,0,0,369,108,3307,802,4109,-0.000682175,-0.00686569,-0.999976,0
2643,0,0,0,0,350,90,3083,841,3924,0.00363394,0.00797647,-0.999962,0
2528,0,0,0,0,360,270,3158,861,4019,0.010289,0.00350561,-0.999941,0
2439,0,0,0,0,352,93,2884,821,3705,0.00468312,0.00755927,-0.99996,0
2568,0,0,0,0,351,86,3005,851,3856,0.012741,-0.020134,-0.999716,0
2601,0,0,0,0,353,85,3039,853,3892,0.00620769,-0.00350731,-0.999975,0
2690,0,0,0,0,438,117,3245,839,4084,-0.0114904,0.00878756,-0.999895,0
