Downsample[ns],BuildFilTree[ns],SearchFil[ns],DeleteFil[ns],BuildTreeSub[ns],SearchSub[ns],DeleteSub[ns],PreProcTotal[ns],Plane[ns],Total[ns],nx,ny,nz,planeCount
6046,0,0,0,0,1039,255,7340,3253,10593,-0.00475381,0.0319489,-0.999478,0
5928,0,0,0,0,1056,249,7233,1981,9214,-0.00262433,0.0265607,-0.999644,0
4190,0,0,0,0,732,170,5092,1374,6466,0.00595017,0.0212755,-0.999756,0
5983,0,0,0,0,1079,251,7313,1975,9288,-0.00276447,0.0253219,-0.999676,0
6512,0,0,0,0,1041,251,7804,2004,9808,-0.000272477,0.0269079,-0.999638,0
6529,0,0,0,0,1542,366,8437,2035,10472,0.00275238,0.0211947,-0.999772,0
4334,0,0,0,0,735,176,5245,1339,6584,-0.00307771,0.0244222,-0.999697,0
6119,0,0,0,0,1113,263,7495,1939,9434,-0.00272644,0.0188252,-0.999819,0
5944,0,0,0,0,1053,269,7266,1991,9257,-0.00656769,0.0204892,-0.999769,0
6194,0,0,0,0,1062,254,7510,2018,9528,-0.00615123,0.0392534,-0.99921,0
6026,0,0,0,0,1062,248,7336,1967,9303,0.010466,0.0331981,-0.999394,0
6137,0,0,0,0,1044,245,7426,1957,9383,-0.00844787,0.0290015,-0.999544,0
6855,0,0,0,0,1223,281,8359,2015,10374,-0.00137247,0.0271444,-0.999631,0
6135,0,0,0,0,1052,247,7434,1974,9408,0.00987884,0.0242948,-0.999656,0
5947,0,0,0,0,1055,250,7252,2061,9313,-0.00515807,0.0267082,-0.99963,0
6594,0,0,0,0,1080,254,7928,1926,9854,-0.00547304,0.0263295,-0.999638,0
5937,0,0,0,0,1080,271,7288,2039,9327,-0.0145904,0.0318964,-0.999385,0
6111,0,0,0,0,1104,265,7480,1969,9449,0.00813501,0.0489918,-0.998766,0
5944,0,0,0,0,1094,252,7290,2059,9349,-0.00223275,0.0272691,-0.999626,0
6861,0,0,0,0,1246,285,8392,1970,10362,-0.0142248,0.0236092,-0.99962,0
6037,0,0,0,0,1092,253,7382,2052,9434,-0.0119868,0.039113,-0.999163,0
6142,0,0,0,0,1075,253,7470,1936,9406,-0.00743681,0.028688,-0.999561,0
6114,0,0,0,0,1067,253,7434,2001,9435,-0.00556541,0.0236359,-0.999705,0
6093,0,0,0,0,1323,339,7755,1947,9702,-0.0153297,0.0328942,-0.999341,0
6208,0,0,0,0,1105,255,7568,1975,9543,-0.00287996,0.0276055,-0.999615,0
6763,0,0,0,0,1191,333,8287,2029,10316,-0.00271375,0.0274784,-0.999619,0
4225,0,0,0,0,739,174,5138,1327,6465,-0.00342682,0.0378799,-0.999276,0
5909,0,0,0,0,1069,249,7227,1998,9225,-0.00732681,0.030231,-0.999516,0
6598,0,0,0,0,1071,255,7924,2074,9998,-0.00764541,0.0287538,-0.999557,0
6353,0,0,0,0,1104,255,7712,2324,10036,-0.00628054,0.0288871,-0.999563,0
6080,0,0,0,0,1073,293,7446,1714,9160,-0.0133052,0.0258288,-0.999578,0
6059,0,0,0,0,1072,263,7394,1976,9370,-0.0216644,0.0321942,-0.999247,0
6074,0,0,0,0,1074,252,7400,2029,9429,0.00913756,0.0261782,-0.999616,0
6881,0,0,0,0,1230,293,8404,2006,10410,-0.0139206,0.00216992,-0.999901,0
5997,0,0,0,0,1071,259,7327,2001,9328,-0.0107834,0.00262025,-0.999938,0
6221,0,0,0,0,1088,256,7565,2178,9743,-0.0120636,0.0299744,-0.999478,0
6137,0,0,0,0,1550,377,8064,2019,10083,0.00295821,0.0159243,-0.999869,0
6171,0,0,0,0,1112,259,7542,2016,9558,-0.006738,0.0278093,-0.999591,0
6707,0,0,0,0,1120,258,8085,2021,10106,-0.00553805,0.022929,-0.999722,0
5421,0,0,0,0,978,228,6627,1782,8409,-0.0144758,0.0272393,-0.999524,0
6275,0,0,0,0,1073,253,7601,1981,9582,-0.0135769,0.0323772,-0.999384,0
6772,0,0,0,0,1253,286,8311,1963,10274,-0.0147767,0.0320718,-0.999376,0
6870,0,0,0,0,1210,304,8384,1956,10340,-0.00782434,0.0313636,-0.999477,0
6997,0,0,0,0,1265,288,8550,2113,10663,-0.00277418,0.0325465,-0.999466,0
6665,0,0,0,0,1222,252,8139,1943,10082,0.0036839,0.0237905,-0.99971,0
6956,0,0,0,0,1239,310,8505,2168,10673,-0.00763846,0.0288221,-0.999555,0
6875,0,0,0,0,1237,288,8400,2022,10422,0.00753076,0.0385947,-0.999227,0
6920,0,0,0,0,1174,290,8384,2005,10389,0.0094439,0.0236564,-0.999676,0
6058,0,0,0,0,1152,266,7476,2122,9598,0.00289393,0.0258519,-0.999662,0
6108,0,0,0,0,1148,276,7532,1978,9510,-0.0061662,0.0259868,-0.999643,0
6717,0,0,0,0,1119,266,8102,1938,10040,0.000588433,0.0230104,-0.999735,0
6572,0,0,0,0,1102,267,7941,1866,9807,-0.0164729,0.0283021,-0.999464,0
5442,0,0,0,0,995,234,6671,1790,8461,-0.00610821,0.0116139,-0.999914,0
7027,0,0,0,0,1256,339,8622,2003,10625,-0.0103825,0.0354108,-0.999319,0
6202,0,0,0,0,1112,267,7581,1917,9498,-0.00416438,0.0202907,-0.999785,0
6938,0,0,0,0,1137,266,8341,1997,10338,-0.00564041,0.03231,-0.999462,0
5481,0,0,0,0,990,238,6709,1790,8499,-0.0137235,0.0335653,-0.999342,0
6014,0,0,0,0,1111,264,7389,1961,9350,-0.0043805,0.0320492,-0.999477,0
6119,0,0,0,0,1112,262,7493,1978,9471,-0.00802737,0.0430964,-0.999039,0
6086,0,0,0,0,1104,257,7447,1996,9443,-0.00439159,0.0330841,-0.999443,0
6003,0,0,0,0,1125,259,7387,1935,9322,-0.00424916,0.0393254,-0.999217,0
6895,0,0,0,0,1261,312,8468,1953,10421,-0.00819533,0.0494146,-0.998745,0
6035,0,0,0,0,1094,258,7387,2066,9453,-0.0090079,0.0403533,-0.999145,0
6954,0,0,0,0,1219,257,8430,1988,10418,-0.0079038,0.0340091,-0.99939,0
5992,0,0,0,0,1086,257,7335,2085,9420,-0.0037465,0.0324157,-0.999467,0
6028,0,0,0,0,1100,257,7385,1973,9358,-8.84344e-05,0.0330359,-0.999454,0
4540,0,0,0,0,992,234,5766,1819,7585,-0.00831854,0.032767,-0.999428,0
6046,0,0,0,0,1083,255,7384,1974,9358,-0.00120945,0.0211966,-0.999775,0
6810,0,0,0,0,1253,258,8321,2049,10370,-0.0131603,0.034861,-0.999306,0
6384,0,0,0,0,1086,256,7726,1977,9703,-0.011359,0.0339663,-0.999358,0
6815,0,0,0,0,1089,257,8161,1996,10157,-0.00560374,0.0333083,-0.999429,0
7656,0,0,0,0,1259,290,9205,2071,11276,0.00279438,0.0254477,-0.999672,0
5988,0,0,0,0,1082,253,7323,1962,9285,-0.00649438,0.0360755,-0.999328,0
6775,0,0,0,0,1089,257,8121,2131,10252,0.000156201,0.0343319,-0.99941,0
6186,0,0,0,0,1090,255,7531,2414,9945,-0.00373054,0.0372363,-0.9993,0
6906,0,0,0,0,1096,257,8259,1989,10248,-0.0136393,0.0410691,-0.999063,0
7562,0,0,0,0,1111,266,8939,1975,10914,-0.0107643,0.031165,-0.999456,0
6132,0,0,0,0,1118,255,7505,1498,9003,-0.0134966,0.0334257,-0.99935,0
6213,0,0,0,0,967,239,7419,1752,9171,-0.00987276,0.0360932,-0.9993,0
6328,0,0,0,0,1092,255,7675,2017,9692,-0.0103234,0.0329218,-0.999405,0
6771,0,0,0,0,1212,256,8239,2068,10307,-0.0119947,0.0324657,-0.999401,0
6798,0,0,0,0,1238,285,8321,2017,10338,-0.00564112,0.0378927,-0.999266,0
5951,0,0,0,0,1063,260,7274,1995,9269,-0.0101909,0.0427372,-0.999034,0
6842,0,0,0,0,1201,282,8325,2226,10551,-0.00649345,0.0513048,-0.998662,0
6712,0,0,0,0,1200,282,8194,2282,10476,-0.000910451,0.037361,-0.999301,0
6740,0,0,0,0,1191,278,8209,2280,10489,-0.00410732,0.0627619,-0.99802,0
7191,0,0,0,0,1157,282,8630,2264,10894,0.0131027,0.0679387,-0.997603,0
6681,0,0,0,0,1128,288,8097,2363,10460,-0.0290651,0.110517,-0.993449,0
4466,0,0,0,0,724,209,5399,1659,7058,0.00171286,0.104096,-0.994566,0
6646,0,0,0,0,1105,256,8007,2245,10252,-0.00675708,0.120565,-0.992682,0
6130,0,0,0,0,995,230,7355,2128,9483,0.0125176,0.102568,-0.994647,0
6058,0,0,0,0,1257,251,7566,1945,9511,-0.00263843,0.0991933,-0.995065,0
5976,0,0,0,0,866,196,7038,1971,9009,-0.0386399,0.132785,-0.990391,0
5838,0,0,0,0,789,184,6811,2195,9006,-0.0509547,0.134298,-0.98963,0
5808,0,0,0,0,758,175,6741,2748,9489,-0.0336871,0.15331,-0.987604,0
3875,0,0,0,0,478,111,4464,1446,5910,-0.00603034,0.120689,-0.992672,0
5640,0,0,0,0,671,157,6468,2116,8584,-0.00456209,0.15267,-0.988267,0
5790,0,0,0,0,621,151,6562,2115,8677,3.35583e-05,0.162429,-0.98672,0
5764,0,0,0,0,406,99,6269,1616,7885,-0.0143601,0.183395,-0.982934,0
4706,0,0,0,0,466,113,5285,1769,7054,-0.0110643,0.177873,-0.983991,0
4641,0,0,0,0,432,106,5179,1678,6857,-0.000925683,0.133266,-0.99108,0
6295,0,0,0,0,532,132,6959,2066,9025,-0.0365092,0.174085,-0.984054,0
5617,0,0,0,0,419,102,6138,1743,7881,-0.00834907,0.181395,-0.983375,0
3726,0,0,0,0,257,64,4047,1434,5481,0.0161017,0.12562,-0.991948,0
5388,0,0,0,0,338,87,5813,2282,8095,0.0153346,0.129928,-0.991405,0
5246,0,0,0,0,303,76,5625,2042,7667,0.0134858,0.16614,-0.98601,0
5361,0,0,0,0,310,83,5754,2156,7910,0.0157039,0.134713,-0.99076,0
5477,0,0,0,0,294,78,5849,2172,8021,-0.00838016,0.174806,-0.984567,0
3703,0,0,0,0,217,57,3977,1593,5570,-0.00215605,0.161763,-0.986827,0
5494,0,0,0,0,313,84,5891,2123,8014,-0.00595251,0.133271,-0.991062,0
5808,0,0,0,0,376,97,6281,2550,8831,-0.00552788,0.16181,-0.986806,0
3964,0,0,0,0,298,87,4349,1496,5845,-0.00915328,0.104566,-0.994476,0
5763,0,0,0,0,456,120,6339,2442,8781,-0.0183436,0.139183,-0.990097,0
5655,0,0,0,0,591,135,6381,2146,8527,-0.00374292,0.116664,-0.993164,0
5804,0,0,0,0,641,145,6590,2204,8794,0.00199644,0.108021,-0.994147,0
4133,0,0,0,0,462,112,4707,1550,6257,-0.00489047,0.148491,-0.988902,0
5995,0,0,0,0,702,174,6871,3531,10402,-0.00872451,0.217751,-0.975965,0
6230,0,0,0,0,806,189,7225,3311,10536,-0.0312815,0.216953,-0.975681,0
3184,0,0,0,0,461,109,3754,1963,5717,-0.0181784,0.241002,-0.970354,0
6041,0,0,0,0,990,232,7263,3376,10639,-0.0442264,0.309379,-0.94991,0
6560,0,0,0,0,1571,280,8411,2266,10677,-0.0390591,0.377124,-0.925339,0
3770,0,0,0,0,605,143,4518,1335,5853,0.00176404,0.130331,-0.991469,0
6604,0,0,0,0,1147,265,8016,1991,10007,-0.00989251,0.157833,-0.987416,0
6313,0,0,0,0,1037,240,7590,2156,9746,0.0112605,0.165095,-0.986213,0
5645,0,0,0,0,880,199,6724,1749,8473,0.018322,0.137669,-0.990309,0
6548,0,0,0,0,815,195,7558,1700,9258,-0.0132907,0.204396,-0.978798,0
4090,0,0,0,0,502,108,4700,1370,6070,0.00518643,0.141766,-0.989887,0
6162,0,0,0,0,569,133,6864,2113,8977,0.00970808,0.163373,-0.986517,0
5624,0,0,0,0,561,179,6364,2363,8727,-0.0238481,0.150305,-0.988352,0
2435,0,0,0,0,207,48,2690,957,3647,-0.0174787,0.161196,-0.986768,0
6094,0,0,0,0,578,118,6790,2235,9025,-0.0212882,0.201453,-0.979267,0
5757,0,0,0,0,476,114,6347,2690,9037,-0.0240675,0.265744,-0.963743,0
5778,0,0,0,0,490,117,6385,2368,8753,-0.023919,0.279211,-0.959932,0
5773,0,0,0,0,480,118,6371,2140,8511,-0.0377185,0.285839,-0.957535,0
5703,0,0,0,0,475,118,6296,2401,8697,-0.021507,0.283712,-0.958668,0
5748,0,0,0,0,496,122,6366,1806,8172,0.00647677,0.285915,-0.958233,0
3646,0,0,0,0,339,84,4069,1706,5775,0.00050196,0.30142,-0.953491,0
5852,0,0,0,0,604,146,6602,2331,8933,-0.0198895,0.319082,-0.947518,0
6014,0,0,0,0,678,168,6860,2752,9612,-0.0351301,0.369556,-0.928544,0
5996,0,0,0,0,807,207,7010,1849,8859,-0.00874173,0.372135,-0.928137,0
6042,0,0,0,0,901,224,7167,2173,9340,-0.00320625,0.477711,-0.878511,0
6154,0,0,0,0,1016,242,7412,2212,9624,0.00948856,0.405122,-0.914213,0
6238,0,0,0,0,1103,261,7602,1388,8990,0.0027161,0.361973,-0.932185,0
4295,0,0,0,0,739,168,5202,1759,6961,0.00737951,0.300672,-0.953699,0
6039,0,0,0,0,954,213,7206,2216,9422,0.0141417,0.311864,-0.950022,0
6017,0,0,0,0,839,193,7049,2088,9137,0.00798943,0.348569,-0.937249,0
5894,0,0,0,0,719,162,6775,2274,9049,0.0321966,0.2931,-0.95554,0
5810,0,0,0,0,661,149,6620,2217,8837,0.0320465,0.296881,-0.954377,0
5719,0,0,0,0,604,142,6465,2267,8732,0.0192656,0.228786,-0.973286,0
5724,0,0,0,0,603,140,6467,2455,8922,0.0372472,0.221756,-0.97439,0
5692,0,0,0,0,512,138,6342,2178,8520,0.0335472,0.19723,-0.979783,0
5571,0,0,0,0,443,107,6121,2180,8301,0.013951,0.239222,-0.970865,0
5597,0,0,0,0,368,91,6056,2161,8217,0.0200008,0.193232,-0.980949,0
5526,0,0,0,0,324,85,5935,2213,8148,0.012894,0.209945,-0.977628,0
5362,0,0,0,0,360,81,5803,1800,7603,0.011116,0.173549,-0.984762,0
4432,0,0,0,0,245,63,4740,2001,6741,0.0129547,0.211509,-0.97729,0
5219,0,0,0,0,341,84,5644,2756,8400,0.015348,0.20065,-0.979543,0
5467,0,0,0,0,349,92,5908,2589,8497,0.0156725,0.174184,-0.984588,0
5724,0,0,0,0,414,104,6242,2766,9008,0.0194329,0.169027,-0.98542,0
6038,0,0,0,0,642,170,6850,3015,9865,0.0154378,0.229906,-0.97309,0
6016,0,0,0,0,482,125,6623,2122,8745,0.0108008,0.208206,-0.978025,0
4110,0,0,0,0,356,90,4556,1749,6305,0.036028,0.171037,-0.984606,0
5955,0,0,0,0,616,153,6724,2212,8936,0.0381255,0.148926,-0.988113,0
5979,0,0,0,0,580,149,6708,1566,8274,0.0353333,0.147581,-0.988419,0
4941,0,0,0,0,632,147,5720,2589,8309,0.00540332,0.170475,-0.985347,0
6072,0,0,0,0,796,195,7063,4311,11374,-0.0214746,0.207629,-0.977972,0
6449,0,0,0,0,909,213,7571,2202,9773,-0.0392249,0.235244,-0.971144,0
3308,0,0,0,0,505,122,3935,2183,6118,-0.0536364,0.289743,-0.9556,0
6529,0,0,0,0,1100,273,7902,3634,11536,0.0315587,0.106722,-0.993788,0
4445,0,0,0,0,819,194,5458,2650,8108,-0.00638034,0.187534,-0.982237,0
6721,0,0,0,0,1279,304,8304,2481,10785,0.0511567,0.134188,-0.989635,0
6644,0,0,0,0,1307,309,8260,1444,9704,0.0427306,0.150228,-0.987728,0
4177,0,0,0,0,827,192,5196,1305,6501,0.0317859,0.134113,-0.990456,0
6347,0,0,0,0,1233,282,7862,1982,9844,0.0484781,0.160224,-0.985889,0
5886,0,0,0,0,1070,265,7221,1807,9028,0.0495138,0.161717,-0.985594,0
5140,0,0,0,0,885,193,6218,1601,7819,0.0469081,0.139509,-0.989109,0
6959,0,0,0,0,814,191,7964,2034,9998,0.0178789,0.1602,-0.986923,0
6060,0,0,0,0,696,162,6918,1914,8832,-0.00050549,0.158342,-0.987384,0
3367,0,0,0,0,346,77,3790,1114,4904,-0.0277923,0.165195,-0.985869,0
5833,0,0,0,0,571,132,6536,2290,8826,-0.0372507,0.194737,-0.980148,0
5774,0,0,0,0,521,119,6414,1454,7868,-0.0494145,0.173332,-0.983623,0
1958,0,0,0,0,163,37,2158,704,2862,-0.0508981,0.150533,-0.987294,0
1564,0,0,0,0,136,33,1733,585,2318,-0.058765,0.160943,-0.985213,0
5876,0,0,0,0,550,132,6558,2412,8970,-0.0489694,0.195046,-0.979571,0
6510,0,0,0,0,585,136,7231,2443,9674,-0.0559365,0.201488,-0.977893,0
4047,0,0,0,0,374,92,4513,1635,6148,-0.0902639,0.256813,-0.962237,0
5966,0,0,0,0,562,161,6689,2549,9238,-0.0920512,0.261774,-0.960729,0
5917,0,0,0,0,601,151,6669,1742,8411,-0.110357,0.298843,-0.9479,0
4076,0,0,0,0,463,113,4652,1766,6418,-0.0634228,0.213588,-0.974863,0
4135,0,0,0,0,504,124,4763,1790,6553,-0.0852327,0.25046,-0.964368,0
5998,0,0,0,0,937,200,7135,2671,9806,-0.101969,0.215065,-0.971262,0
6029,0,0,0,0,950,217,7196,2167,9363,-0.118783,0.259077,-0.958525,0
4366,0,0,0,0,717,169,5252,1630,6882,-0.110655,0.270689,-0.956286,0
4414,0,0,0,0,852,190,5456,1355,6811,-0.0944436,0.281262,-0.954972,0
6835,0,0,0,0,1575,311,8721,2096,10817,-0.103205,0.302875,-0.947426,0
6505,0,0,0,0,1341,285,8131,1550,9681,-0.116027,0.340815,-0.932943,0
3186,0,0,0,0,559,128,3873,1118,4991,-0.11557,0.292416,-0.949282,0
6319,0,0,0,0,973,266,7558,2676,10234,-0.0996518,0.302445,-0.947943,0
5971,0,0,0,0,788,180,6939,1537,8476,-0.122473,0.306339,-0.944011,0
6032,0,0,0,0,696,163,6891,1978,8869,-0.102435,0.2896,-0.951651,0
5304,0,0,0,0,561,144,6009,1931,7940,-0.0947585,0.267602,-0.958859,0
6329,0,0,0,0,641,143,7113,1869,8982,-0.119127,0.268934,-0.955763,0
5620,0,0,0,0,582,167,6369,1996,8365,-0.13083,0.240048,-0.961905,0
3581,0,0,0,0,289,69,3939,1621,5560,-0.0800788,0.186094,-0.979263,0
6420,0,0,0,0,503,106,7029,2330,9359,-0.096642,0.169728,-0.980741,0
5410,0,0,0,0,380,90,5880,3274,9154,-0.0889734,0.194486,-0.976862,0
3719,0,0,0,0,278,63,4060,1877,5937,-0.0307261,0.13133,-0.990862,0
5797,0,0,0,0,378,97,6272,2334,8606,-0.0857344,0.168311,-0.981999,0
5617,0,0,0,0,420,104,6141,2681,8822,-0.0545213,0.154446,-0.986496,0
5784,0,0,0,0,471,118,6373,2016,8389,-0.0912433,0.169284,-0.981335,0
3947,0,0,0,0,356,90,4393,1987,6380,-0.0694261,0.146052,-0.986838,0
5892,0,0,0,0,601,151,6644,2818,9462,-0.0672975,0.168139,-0.983463,0
5694,0,0,0,0,619,164,6477,2542,9019,-0.0458308,0.146818,-0.988101,0
4159,0,0,0,0,504,129,4792,1930,6722,-0.0324467,0.153196,-0.987663,0
6019,0,0,0,0,816,243,7078,2624,9702,-0.0893178,0.210666,-0.973469,0
6202,0,0,0,0,935,249,7386,5118,12504,-0.227106,0.401849,-0.887096,0
6275,0,0,0,0,1055,257,7587,4649,12236,-0.239314,0.422461,-0.874217,0
4181,0,0,0,0,779,190,5150,2068,7218,-0.190009,0.333947,-0.923242,0
7486,0,0,0,0,1425,327,9238,2492,11730,-0.0990201,0.147125,-0.984149,0
4696,0,0,0,0,967,241,5904,1435,7339,-0.106986,0.135254,-0.985018,0
6783,0,0,0,0,1382,321,8486,1990,10476,-0.0831413,0.121081,-0.989155,0
6674,0,0,0,0,914,202,7790,1318,9108,-0.0759714,0.140675,-0.987137,0
4210,0,0,0,0,722,173,5105,1243,6348,-0.0755812,0.12206,-0.989641,0
6401,0,0,0,0,1057,236,7694,1916,9610,-0.0909932,0.154072,-0.983861,0
6173,0,0,0,0,833,195,7201,1396,8597,-0.057703,0.107253,-0.992556,0
1922,0,0,0,0,232,65,2219,636,2855,-0.0591972,0.100139,-0.993211,0
3850,0,0,0,0,426,106,4382,1281,5663,-0.0751568,0.102241,-0.991916,0
6023,0,0,0,0,618,149,6790,2033,8823,-0.129833,0.155317,-0.979296,0
6028,0,0,0,0,607,144,6779,2040,8819,-0.0991944,0.132182,-0.98625,0
5894,0,0,0,0,618,147,6659,2003,8662,-0.145297,0.167183,-0.975161,0
6404,0,0,0,0,629,144,7177,1592,8769,-0.15262,0.17317,-0.972995,0
6138,0,0,0,0,640,155,6933,2049,8982,-0.1436,0.188235,-0.971569,0
5840,0,0,0,0,615,154,6609,2110,8719,-0.155866,0.212006,-0.964759,0
5389,0,0,0,0,560,142,6091,1962,8053,-0.15645,0.213769,-0.964275,0
5312,0,0,0,0,574,143,6029,1792,7821,-0.120277,0.183422,-0.975648,0
5430,0,0,0,0,617,154,6201,1786,7987,-0.142067,0.220542,-0.964976,0
6045,0,0,0,0,753,189,6987,2209,9196,-0.167614,0.24026,-0.956128,0
6122,0,0,0,0,814,204,7140,1985,9125,-0.158808,0.232142,-0.95963,0
4633,0,0,0,0,662,169,5464,1351,6815,-0.163184,0.238653,-0.957296,0
6254,0,0,0,0,1046,245,7545,2057,9602,-0.195709,0.318117,-0.927631,0
6378,0,0,0,0,1104,267,7749,1850,9599,-0.186019,0.320442,-0.928824,0
4491,0,0,0,0,851,204,5546,1393,6939,-0.144637,0.264901,-0.953366,0
4544,0,0,0,0,978,234,5756,1362,7118,-0.114697,0.231445,-0.966063,0
4657,0,0,0,0,1045,217,5919,1401,7320,-0.129227,0.285855,-0.949519,0
4488,0,0,0,0,820,195,5503,1389,6892,-0.110381,0.252765,-0.961211,0
6435,0,0,0,0,1137,258,7830,2406,10236,-0.0979989,0.241701,-0.965389,0
6865,0,0,0,0,1016,246,8127,1584,9711,-0.101005,0.245265,-0.96418,0
3262,0,0,0,0,505,129,3896,1156,5052,-0.113082,0.247925,-0.962157,0
3169,0,0,0,0,390,98,3657,1095,4752,-0.101108,0.183563,-0.977794,0
3512,0,0,0,0,374,92,3978,1081,5059,-0.0930496,0.185769,-0.978178,0
5948,0,0,0,0,670,161,6779,1993,8772,-0.0910622,0.197841,-0.975995,0
5953,0,0,0,0,601,166,6720,1760,8480,-0.101766,0.231162,-0.967578,0
4690,0,0,0,0,423,104,5217,1723,6940,-0.0817961,0.192445,-0.977893,0
5712,0,0,0,0,440,111,6263,2083,8346,-0.0665221,0.180753,-0.981276,0
5394,0,0,0,0,385,96,5875,1963,7838,-0.061049,0.18594,-0.980663,0
3728,0,0,0,0,240,61,4029,1405,5434,-0.0332416,0.163753,-0.985941,0
5476,0,0,0,0,363,98,5937,1810,7747,-0.0700202,0.175867,-0.98192,0
4995,0,0,0,0,404,102,5501,2108,7609,-0.123088,0.226708,-0.966154,0
5897,0,0,0,0,504,134,6535,2258,8793,-0.0762824,0.16518,-0.983309,0
6131,0,0,0,0,597,159,6887,1934,8821,-0.107846,0.21671,-0.970261,0
4120,0,0,0,0,535,143,4798,1866,6664,-0.0678171,0.185067,-0.980383,0
4664,0,0,0,0,550,164,5378,1611,6989,-0.0744317,0.19284,-0.978403,0
4543,0,0,0,0,631,158,5332,3983,9315,-0.130114,0.305811,-0.94316,0
6550,0,0,0,0,1429,374,8353,2534,10887,-0.0752406,0.156999,-0.984729,0
6525,0,0,0,0,841,222,7588,1242,8830,-0.0898367,0.154115,-0.98396,0
2991,0,0,0,0,562,135,3688,926,4614,-0.0734406,0.135406,-0.988065,0
6910,0,0,0,0,1401,377,8688,1992,10680,-0.0804551,0.181994,-0.980003,0
6988,0,0,0,0,1319,324,8631,1401,10032,-0.0668604,0.133394,-0.988805,0
6166,0,0,0,0,849,202,7217,1069,8286,-0.0635211,0.11762,-0.991025,0
2791,0,0,0,0,487,115,3393,906,4299,-0.0587174,0.11283,-0.991878,0
6591,0,0,0,0,991,236,7818,1978,9796,-0.0805905,0.155797,-0.984496,0
6360,0,0,0,0,841,202,7403,1398,8801,-0.090536,0.161711,-0.982676,0
3163,0,0,0,0,414,98,3675,1043,4718,-0.0737519,0.15206,-0.985616,0
6239,0,0,0,0,695,170,7104,2137,9241,-0.0684451,0.156612,-0.985286,0
6058,0,0,0,0,668,162,6888,1782,8670,-0.0628373,0.129878,-0.989537,0
3146,0,0,0,0,342,84,3572,1051,4623,-0.0814117,0.150066,-0.985318,0
6167,0,0,0,0,656,163,6986,2143,9129,-0.1056,0.128093,-0.986124,0
5881,0,0,0,0,657,160,6698,1636,8334,-0.110724,0.221323,-0.968894,0
5935,0,0,0,0,636,158,6729,1763,8492,-0.123236,0.256956,-0.958533,0
4161,0,0,0,0,555,113,4829,1478,6307,-0.107461,0.223366,-0.968793,0
4145,0,0,0,0,438,111,4694,1416,6110,-0.102821,0.238937,-0.965576,0
6318,0,0,0,0,687,176,7181,2024,9205,-0.109527,0.390694,-0.913981,0
6171,0,0,0,0,513,131,6815,1430,8245,-0.0815316,0.35951,-0.929573,0
2742,0,0,0,0,329,74,3145,719,3864,-0.0801864,0.281481,-0.95621,0
2837,0,0,0,0,409,101,3347,1151,4498,-0.0690561,0.267407,-0.961106,0
6360,0,0,0,0,1024,251,7635,1763,9398,-0.061318,0.333186,-0.940865,0
6567,0,0,0,0,1199,289,8055,1356,9411,-0.0341953,0.257988,-0.965543,0
4687,0,0,0,0,934,221,5842,1660,7502,-0.0444353,0.287629,-0.956711,0
6565,0,0,0,0,1244,297,8106,1963,10069,-0.0586937,0.307374,-0.949777,0
4593,0,0,0,0,860,204,5657,1193,6850,-0.0284617,0.227042,-0.973469,0
5124,0,0,0,0,835,197,6156,1640,7796,-0.0576393,0.267032,-0.961962,0
6306,0,0,0,0,861,234,7401,1968,9369,-0.0614837,0.293028,-0.954125,0
6827,0,0,0,0,778,191,7796,2059,9855,-0.0593554,0.262294,-0.963161,0
5956,0,0,0,0,709,185,6850,1971,8821,-0.0409586,0.270181,-0.961938,0
5893,0,0,0,0,651,160,6704,1629,8333,-0.0475236,0.263339,-0.963532,0
5251,0,0,0,0,506,135,5892,1836,7728,-0.0397026,0.228776,-0.972669,0
5751,0,0,0,0,449,112,6312,2118,8430,-0.0335529,0.222732,-0.974302,0
5526,0,0,0,0,392,100,6018,2037,8055,-0.032657,0.240647,-0.970063,0
5455,0,0,0,0,340,86,5881,2093,7974,-0.0465655,0.185393,-0.98156,0
5484,0,0,0,0,347,90,5921,2032,7953,-0.0227643,0.194198,-0.980698,0
5622,0,0,0,0,393,103,6118,2052,8170,-0.0317588,0.214144,-0.976286,0
5789,0,0,0,0,449,127,6365,2146,8511,-0.0275723,0.193452,-0.980722,0
5936,0,0,0,0,504,131,6571,1532,8103,-0.0158556,0.199462,-0.979777,0
5341,0,0,0,0,520,133,5994,1963,7957,-0.0182551,0.205438,-0.9785,0
6027,0,0,0,0,611,150,6788,2082,8870,-0.0186084,0.185169,-0.98253,0
6133,0,0,0,0,759,195,7087,2442,9529,-0.021323,0.227349,-0.97358,0
4379,0,0,0,0,623,151,5153,3922,9075,-0.00947216,0.241389,-0.970382,0
6502,0,0,0,0,1033,249,7784,3165,10949,0.000106922,0.148986,-0.988839,0
6676,0,0,0,0,1195,283,8154,2421,10575,0.0024525,0.130683,-0.991421,0
6971,0,0,0,0,1300,322,8593,1395,9988,-0.010264,0.179914,-0.983629,0
3624,0,0,0,0,676,158,4458,1043,5501,-0.016039,0.138503,-0.990232,0
6846,0,0,0,0,1157,312,8315,2041,10356,-0.027639,0.29033,-0.956527,0
6638,0,0,0,0,731,195,7564,1411,8975,-0.0366805,0.268524,-0.962574,0
2809,0,0,0,0,396,95,3300,697,3997,-0.0228413,0.197088,-0.98012,0
2120,0,0,0,0,265,64,2449,700,3149,-0.0307412,0.16995,-0.984973,0
5981,0,0,0,0,689,164,6834,1990,8824,-0.0207571,0.170997,-0.985053,0
5970,0,0,0,0,688,156,6814,1975,8789,-0.0155054,0.172431,-0.9849,0
5488,0,0,0,0,539,131,6158,1819,7977,-0.00881347,0.158299,-0.987352,0
5720,0,0,0,0,660,132,6512,1909,8421,-0.0243767,0.149481,-0.988464,0
4714,0,0,0,0,504,115,5333,1635,6968,-0.0382139,0.16737,-0.985153,0
6045,0,0,0,0,583,148,6776,2119,8895,-0.0397687,0.162621,-0.985887,0
4117,0,0,0,0,406,101,4624,1401,6025,-0.0444296,0.237049,-0.970481,0
6065,0,0,0,0,561,146,6772,2026,8798,-0.0514671,0.265258,-0.962803,0
6217,0,0,0,0,443,144,6804,1484,8288,-0.0452112,0.332787,-0.941918,0
3235,0,0,0,0,313,78,3626,1093,4719,-0.0376103,0.276916,-0.960158,0
6300,0,0,0,0,630,161,7091,2257,9348,-0.0740004,0.300563,-0.950887,0
6143,0,0,0,0,502,122,6767,1451,8218,-0.0516068,0.265206,-0.96281,0
4205,0,0,0,0,499,145,4849,1332,6181,-0.0638085,0.314362,-0.947156,0
6937,0,0,0,0,881,217,8035,1358,9393,-0.0604337,0.285726,-0.956404,0
4485,0,0,0,0,734,171,5390,1377,6767,-0.0387172,0.30513,-0.951523,0
4402,0,0,0,0,743,177,5322,1291,6613,-0.0180379,0.307569,-0.951355,0
6460,0,0,0,0,1259,295,8014,2225,10239,-0.00313627,0.312254,-0.949993,0
6442,0,0,0,0,1231,348,8021,1955,9976,0.00104437,0.317852,-0.94814,0
4455,0,0,0,0,758,176,5389,1378,6767,0.00744421,0.314246,-0.949312,0
6294,0,0,0,0,1040,297,7631,2046,9677,-0.0205129,0.300938,-0.953423,0
6225,0,0,0,0,883,206,7314,1743,9057,-0.0375698,0.292998,-0.955375,0
4124,0,0,0,0,539,128,4791,1502,6293,-0.0387875,0.237903,-0.970514,0
5955,0,0,0,0,692,169,6816,2109,8925,-0.00237618,0.242368,-0.970182,0
5849,0,0,0,0,647,158,6654,1982,8636,-0.0129943,0.25579,-0.966645,0
5850,0,0,0,0,590,174,6614,2077,8691,-0.00764096,0.229189,-0.973352,0
5722,0,0,0,0,487,122,6331,2115,8446,0.000292762,0.231884,-0.972743,0
5654,0,0,0,0,446,105,6205,2021,8226,0.00521009,0.217534,-0.976039,0
5372,0,0,0,0,344,88,5804,2081,7885,0.0179414,0.182579,-0.983028,0
4906,0,0,0,0,320,81,5307,1877,7184,0.0048282,0.275869,-0.961183,0
5506,0,0,0,0,376,98,5980,2300,8280,-0.00412948,0.248378,-0.968654,0
5753,0,0,0,0,421,114,6288,2006,8294,0.00720245,0.278788,-0.960326,0
5159,0,0,0,0,450,126,5735,1851,7586,0.00700155,0.215345,-0.976513,0
5918,0,0,0,0,576,145,6639,2112,8751,0.00202555,0.193163,-0.981165,0
5964,0,0,0,0,680,167,6811,2398,9209,-0.0135101,0.213132,-0.97693,0
6209,0,0,0,0,761,188,7158,2056,9214,-0.0105796,0.273197,-0.9619,0
5653,0,0,0,0,771,188,6612,2560,9172,-0.0280446,0.198492,-0.979701,0
6494,0,0,0,0,1016,239,7749,2196,9945,0.00334093,0.150081,-0.988668,0
6514,0,0,0,0,1107,267,7888,2284,10172,0.019913,0.163366,-0.986365,0
4607,0,0,0,0,902,205,5714,1553,7267,0.0282664,0.155008,-0.987509,0
6704,0,0,0,0,1316,310,8330,2154,10484,0.0215839,0.16029,-0.986834,0
6799,0,0,0,0,1292,298,8389,1767,10156,0.000291998,0.110325,-0.993896,0
6084,0,0,0,0,1104,258,7446,1760,9206,0.0067962,0.0639913,-0.997927,0
5940,0,0,0,0,1088,252,7280,1798,9078,0.0200696,0.0252132,-0.999481,0
5972,0,0,0,0,1139,253,7364,1864,9228,0.0302683,0.00291837,-0.999538,0
5487,0,0,0,0,1002,248,6737,1739,8476,0.0162312,-0.0250557,-0.999554,0
6645,0,0,0,0,1196,280,8121,2209,10330,0.0162587,-0.0452846,-0.998842,0
6690,0,0,0,0,1233,285,8208,2107,10315,-0.0165178,-0.0170509,-0.999718,0
4415,0,0,0,0,828,192,5435,1488,6923,0.0080438,0.000428131,-0.999968,0
6561,0,0,0,0,1222,274,8057,2275,10332,-0.0060702,0.0157967,-0.999857,0
6685,0,0,0,0,1167,276,8128,1540,9668,0.00330375,0.0275846,-0.999614,0
3657,0,0,0,0,608,142,4407,1234,5641,0.0184608,0.0382627,-0.999097,0
6573,0,0,0,0,1162,264,7999,1987,9986,-0.00142861,0.0539073,-0.998545,0
4398,0,0,0,0,750,171,5319,1351,6670,-0.0157565,0.0459971,-0.998817,0
6446,0,0,0,0,1085,276,7807,2044,9851,-0.00933382,0.0744288,-0.997183,0
4744,0,0,0,0,694,164,5602,1305,6907,0.000856742,0.0759128,-0.997114,0
3491,0,0,0,0,495,118,4104,1033,5137,-0.0019721,0.0740778,-0.997251,0
6274,0,0,0,0,949,208,7431,1982,9413,0.0113237,0.118015,-0.992947,0
6089,0,0,0,0,745,206,7040,2126,9166,0.018756,0.103236,-0.99448,0
4210,0,0,0,0,478,112,4800,1394,6194,0.0129543,0.0797221,-0.996733,0
5950,0,0,0,0,635,163,6748,1978,8726,0.0100888,0.0951411,-0.995413,0
5899,0,0,0,0,583,136,6618,1869,8487,-0.0125336,0.131888,-0.991185,0
5944,0,0,0,0,548,144,6636,2036,8672,-0.0245196,0.153271,-0.98788,0
6409,0,0,0,0,549,131,7089,1973,9062,-0.0481234,0.192775,-0.980062,0
7277,0,0,0,0,570,139,7986,2094,10080,-0.0496444,0.316068,-0.947437,0
3379,0,0,0,0,311,76,3766,929,4695,-0.0438788,0.250127,-0.967218,0
2204,0,0,0,0,213,52,2469,729,3198,-0.038986,0.199357,-0.979151,0
6061,0,0,0,0,576,142,6779,2125,8904,-0.0278248,0.246185,-0.968823,0
6077,0,0,0,0,613,151,6841,2151,8992,-0.0306586,0.209044,-0.977426,0
4428,0,0,0,0,452,112,4992,1424,6416,-0.0232294,0.237946,-0.971001,0
6252,0,0,0,0,713,178,7143,2108,9251,-0.0161064,0.278366,-0.96034,0
6445,0,0,0,0,812,191,7448,2137,9585,0.00771636,0.340235,-0.940309,0
4445,0,0,0,0,611,146,5202,1375,6577,0.0129592,0.301507,-0.953376,0
6525,0,0,0,0,986,235,7746,2163,9909,0.0161208,0.357754,-0.933677,0
4548,0,0,0,0,850,196,5594,1357,6951,0.0207142,0.355991,-0.93426,0
6884,0,0,0,0,1349,301,8534,1941,10475,0.0159711,0.336057,-0.941706,0
4568,0,0,0,0,870,202,5640,1375,7015,0.0150317,0.286181,-0.958058,0
6445,0,0,0,0,1166,269,7880,2041,9921,0.00335649,0.336816,-0.941565,0
6378,0,0,0,0,1114,259,7751,1470,9221,-0.00130178,0.295289,-0.955407,0
4386,0,0,0,0,726,164,5276,1442,6718,-0.0166167,0.284356,-0.958575,0
5477,0,0,0,0,854,187,6518,1851,8369,-0.0104885,0.273016,-0.961952,0
3886,0,0,0,0,499,117,4502,1589,6091,0.00981218,0.222295,-0.97493,0
6007,0,0,0,0,736,170,6913,2065,8978,0.0103791,0.227282,-0.973774,0
5958,0,0,0,0,649,154,6761,1881,8642,0.00950336,0.199796,-0.979791,0
4093,0,0,0,0,428,101,4622,1381,6003,0.0109906,0.203188,-0.979078,0
5980,0,0,0,0,572,139,6691,2027,8718,0.0128854,0.225688,-0.974114,0
5996,0,0,0,0,516,129,6641,2113,8754,0.0415294,0.175116,-0.983672,0
5170,0,0,0,0,408,97,5675,1912,7587,0.0238603,0.179072,-0.983547,0
5618,0,0,0,0,397,106,6121,2054,8175,0.0158414,0.149443,-0.988643,0
5580,0,0,0,0,385,93,6058,2158,8216,0.0042384,0.203521,-0.979061,0
5017,0,0,0,0,358,89,5464,1972,7436,0.0170891,0.206189,-0.978363,0
5728,0,0,0,0,449,114,6291,2160,8451,0.0142868,0.219172,-0.975582,0
5837,0,0,0,0,511,130,6478,2208,8686,0.0219297,0.183369,-0.982799,0
6244,0,0,0,0,576,148,6968,2311,9279,0.0260402,0.200407,-0.979367,0
5986,0,0,0,0,690,166,6842,2485,9327,0.0274602,0.145102,-0.989036,0
4268,0,0,0,0,528,131,4927,1706,6633,0.0230179,0.226694,-0.973694,0
6262,0,0,0,0,879,234,7375,5091,12466,-0.0377416,0.34937,-0.936224,0
6430,0,0,0,0,1000,241,7671,2352,10023,0.0102979,0.179097,-0.983778,0
5907,0,0,0,0,1039,245,7191,2114,9305,0.0118297,0.16835,-0.985656,0
6788,0,0,0,0,1245,274,8307,1779,10086,0.0128942,0.208367,-0.977966,0
6741,0,0,0,0,1313,305,8359,2023,10382,0.00383522,0.28429,-0.958731,0
4002,0,0,0,0,654,154,4810,892,5702,-0.00155361,0.200268,-0.97974,0
2380,0,0,0,0,410,95,2885,710,3595,0.00850417,0.144557,-0.98946,0
6443,0,0,0,0,1058,244,7745,1777,9522,0.0247504,0.168041,-0.985469,0
5574,0,0,0,0,794,182,6550,1826,8376,0.00495506,0.150263,-0.988634,0
6280,0,0,0,0,779,179,7238,2008,9246,0.0136221,0.176362,-0.984231,0
4585,0,0,0,0,438,102,5125,1445,6570,0.0205149,0.159949,-0.986912,0
5685,0,0,0,0,596,149,6430,2406,8836,0.00835272,0.20778,-0.97814,0
5427,0,0,0,0,546,129,6102,1890,7992,-0.00185871,0.146099,-0.989268,0
6335,0,0,0,0,563,146,7044,1796,8840,0.0249044,0.19493,-0.980501,0
3968,0,0,0,0,410,97,4475,1314,5789,0.0328117,0.16146,-0.986334,0
6191,0,0,0,0,648,156,6995,2099,9094,0.0226087,0.239136,-0.970723,0
6129,0,0,0,0,637,150,6916,1440,8356,0.0199283,0.182641,-0.982978,0
3301,0,0,0,0,335,81,3717,1099,4816,0.0127771,0.191112,-0.981485,0
7013,0,0,0,0,659,158,7830,2082,9912,0.0105126,0.250205,-0.968136,0
6349,0,0,0,0,732,172,7253,2042,9295,0.00874564,0.323756,-0.9461,0
4285,0,0,0,0,517,124,4926,1422,6348,0.0104601,0.24881,-0.968496,0
5640,0,0,0,0,725,178,6543,1945,8488,0.00901451,0.228969,-0.973392,0
5795,0,0,0,0,825,198,6818,1895,8713,0.0212437,0.231957,-0.972494,0
6540,0,0,0,0,947,215,7702,1912,9614,0.0446712,0.32274,-0.945433,0
5922,0,0,0,0,999,256,7177,1945,9122,0.0408619,0.263118,-0.963898,0
4363,0,0,0,0,832,189,5384,1369,6753,0.0399788,0.311047,-0.949553,0
5967,0,0,0,0,1125,260,7352,1850,9202,0.0266306,0.31955,-0.947195,0
6926,0,0,0,0,1150,275,8351,2108,10459,0.0202214,0.358668,-0.933246,0
6431,0,0,0,0,1049,243,7723,1374,9097,0.0158142,0.269364,-0.962909,0
3240,0,0,0,0,521,120,3881,1057,4938,0.0293379,0.261998,-0.964622,0
6025,0,0,0,0,913,237,7175,1876,9051,0.0247946,0.237965,-0.970957,0
4047,0,0,0,0,556,125,4728,1363,6091,0.0299995,0.229615,-0.972819,0
6193,0,0,0,0,757,177,7127,2110,9237,0.0304033,0.193118,-0.980704,0
4298,0,0,0,0,540,115,4953,1373,6326,0.0380128,0.196989,-0.979669,0
5999,0,0,0,0,625,163,6787,2124,8911,0.0466009,0.174483,-0.983557,0
5988,0,0,0,0,527,159,6674,2087,8761,0.0456538,0.216469,-0.975221,0
5950,0,0,0,0,445,112,6507,2900,9407,0.0146046,0.368084,-0.929678,0
5526,0,0,0,0,395,97,6018,1997,8015,0.0280207,0.360716,-0.932255,0
3333,0,0,0,0,153,38,3524,879,4403,0.0182794,0.231631,-0.972632,0
1812,0,0,0,0,116,30,1958,640,2598,0.0208327,0.160787,-0.986769,0
5781,0,0,0,0,423,110,6314,2000,8314,0.0373665,0.219664,-0.97486,0
5950,0,0,0,0,494,120,6564,1938,8502,0.0423293,0.168033,-0.984872,0
5931,0,0,0,0,525,132,6588,2244,8832,0.0524902,0.274514,-0.96015,0
4809,0,0,0,0,399,77,5285,1160,6445,0.0402146,0.26574,-0.963205,0
2144,0,0,0,0,231,56,2431,748,3179,0.0290442,0.143174,-0.989271,0
2771,0,0,0,0,335,80,3186,1139,4325,0.0353469,0.103858,-0.993964,0
6296,0,0,0,0,845,202,7343,3212,10555,0.00318247,0.248999,-0.968498,0
6370,0,0,0,0,985,233,7588,2093,9681,0.0305095,0.180538,-0.983095,0
4194,0,0,0,0,776,172,5142,1560,6702,0.00651518,0.11587,-0.993243,0
6844,0,0,0,0,1226,288,8358,2100,10458,0.00731477,0.190897,-0.981583,0
6787,0,0,0,0,1223,307,8317,1923,10240,0.0149666,0.146392,-0.989113,0
5037,0,0,0,0,802,187,6026,1457,7483,0.0289624,0.134279,-0.99052,0
6462,0,0,0,0,1063,250,7775,2057,9832,0.0597539,0.126231,-0.9902,0
6306,0,0,0,0,905,213,7424,1364,8788,0.0460244,0.129342,-0.990531,0
5980,0,0,0,0,787,184,6951,1973,8924,0.051329,0.226317,-0.9727,0
4146,0,0,0,0,477,111,4734,1096,5830,0.0201473,0.160888,-0.986767,0
3169,0,0,0,0,268,66,3503,865,4368,0.011419,0.145016,-0.989363,0
6004,0,0,0,0,831,216,7051,2166,9217,-0.0120657,0.218538,-0.975754,0
6288,0,0,0,0,618,149,7055,1705,8760,0.0193538,0.206563,-0.978242,0
4344,0,0,0,0,447,116,4907,1386,6293,0.0301951,0.235695,-0.971358,0
6330,0,0,0,0,656,163,7149,2633,9782,0.0429054,0.264485,-0.963435,0
6178,0,0,0,0,641,159,6978,2031,9009,0.0616614,0.321901,-0.944763,0
7853,0,0,0,0,668,166,8687,1972,10659,0.0748396,0.414991,-0.906742,0
3371,0,0,0,0,366,96,3833,830,4663,0.0664785,0.34851,-0.934945,0
2219,0,0,0,0,351,75,2645,714,3359,0.0581738,0.302728,-0.9513,0
5694,0,0,0,0,724,195,6613,2367,8980,0.0514487,0.375652,-0.925332,0
6187,0,0,0,0,870,205,7262,1954,9216,0.0345768,0.363042,-0.931131,0
5726,0,0,0,0,892,210,6828,1824,8652,0.0314328,0.38741,-0.921371,0
6797,0,0,0,0,1141,282,8220,1946,10166,0.0548987,0.367254,-0.928499,0
4412,0,0,0,0,831,190,5433,1362,6795,0.0477485,0.300968,-0.952438,0
6522,0,0,0,0,1100,262,7884,2157,10041,0.0883003,0.322041,-0.942599,0
6711,0,0,0,0,1156,268,8135,1951,10086,0.0784956,0.311318,-0.947058,0
4620,0,0,0,0,917,247,5784,1439,7223,0.0633349,0.238344,-0.969113,0
7161,0,0,0,0,957,224,8342,1903,10245,0.10524,0.276994,-0.955091,0
4323,0,0,0,0,596,144,5063,1394,6457,0.0960616,0.236017,-0.966989,0
5562,0,0,0,0,734,188,6484,1874,8358,0.101675,0.274692,-0.956141,0
5611,0,0,0,0,625,189,6425,1892,8317,0.0735438,0.221178,-0.972456,0
6026,0,0,0,0,591,145,6762,2185,8947,0.101551,0.256408,-0.961219,0
5831,0,0,0,0,483,121,6435,2448,8883,0.0850543,0.188547,-0.978374,0
5784,0,0,0,0,431,107,6322,1474,7796,0.1056,0.227105,-0.968128,0
3796,0,0,0,0,246,61,4103,1809,5912,0.0803629,0.167668,-0.982563,0
5655,0,0,0,0,367,90,6112,2090,8202,0.106245,0.197707,-0.974486,0
5582,0,0,0,0,357,92,6031,2156,8187,0.0930383,0.181881,-0.978909,0
5111,0,0,0,0,373,92,5576,1965,7541,0.0874208,0.165517,-0.982325,0
5824,0,0,0,0,433,124,6381,2293,8674,0.0800394,0.137486,-0.987265,0
5794,0,0,0,0,509,129,6432,2306,8738,0.118117,0.233572,-0.965139,0
5839,0,0,0,0,556,139,6534,2406,8940,0.112986,0.191782,-0.974912,0
4110,0,0,0,0,471,116,4697,1646,6343,0.0970082,0.190549,-0.976873,0
6015,0,0,0,0,779,183,6977,3570,10547,0.110382,0.0884391,-0.989947,0
6431,0,0,0,0,890,212,7533,2221,9754,0.109029,0.145924,-0.983269,0
6864,0,0,0,0,1052,246,8162,3231,11393,0.0811914,0.144181,-0.986215,0
4461,0,0,0,0,841,189,5491,1603,7094,0.0804571,0.148708,-0.985603,0
6768,0,0,0,0,1722,321,8811,2221,11032,0.0659266,0.264554,-0.962115,0
5706,0,0,0,0,826,193,6725,1066,7791,0.0556292,0.227821,-0.972113,0
2597,0,0,0,0,413,96,3106,720,3826,0.0359157,0.138479,-0.989714,0
8334,0,0,0,0,1170,249,9753,2129,11882,0.0886047,0.222831,-0.970822,0
3743,0,0,0,0,476,111,4330,948,5278,0.059602,0.147119,-0.987321,0
2226,0,0,0,0,282,64,2572,875,3447,0.0492069,0.0957213,-0.994191,0
5875,0,0,0,0,654,152,6681,2213,8894,0.0436617,0.129355,-0.990637,0
6658,0,0,0,0,659,152,7469,2002,9471,0.0901643,0.327588,-0.940508,0
4491,0,0,0,0,368,85,4944,1173,6117,0.0766027,0.270102,-0.95978,0
2265,0,0,0,0,184,43,2492,766,3258,0.0483793,0.197311,-0.979147,0
2304,0,0,0,0,200,47,2551,906,3457,0.0338693,0.186562,-0.981859,0
5936,0,0,0,0,515,117,6568,2213,8781,0.074619,0.377638,-0.922942,0
4329,0,0,0,0,356,82,4767,1347,6114,0.0746642,0.301812,-0.950439,0
2536,0,0,0,0,228,53,2817,1068,3885,0.0409497,0.211294,-0.976564,0
6051,0,0,0,0,596,156,6803,2467,9270,0.0479601,0.245204,-0.968285,0
6133,0,0,0,0,668,190,6991,1544,8535,0.0787766,0.352189,-0.932608,0
4263,0,0,0,0,516,125,4904,1561,6465,0.0955008,0.297967,-0.949787,0
6229,0,0,0,0,869,224,7322,2081,9403,0.108292,0.378264,-0.919342,0
4319,0,0,0,0,689,163,5171,1403,6574,0.0764619,0.298203,-0.951435,0
6577,0,0,0,0,1160,270,8007,2011,10018,0.0983182,0.336399,-0.936573,0
4442,0,0,0,0,882,231,5555,1378,6933,0.0751545,0.277444,-0.957798,0
5876,0,0,0,0,1012,236,7124,1832,8956,0.0823767,0.318968,-0.944179,0
5859,0,0,0,0,960,231,7050,1675,8725,0.0790075,0.328962,-0.941032,0
5272,0,0,0,0,866,196,6334,1743,8077,0.0707873,0.341947,-0.937049,0
5199,0,0,0,0,700,181,6080,2283,8363,0.0533842,0.247707,-0.967363,0
6203,0,0,0,0,745,180,7128,2149,9277,0.0501276,0.336588,-0.940317,0
4159,0,0,0,0,452,106,4717,2032,6749,0.0361774,0.210178,-0.976994,0
4094,0,0,0,0,397,96,4587,1151,5738,0.032906,0.220011,-0.974942,0
3707,0,0,0,0,342,72,4121,1300,5421,0.0468219,0.202268,-0.97821,0
5501,0,0,0,0,380,101,5982,2455,8437,0.0372462,0.236773,-0.970851,0
5525,0,0,0,0,304,78,5907,2070,7977,0.0344912,0.226408,-0.973422,0
5430,0,0,0,0,286,72,5788,1492,7280,0.0553425,0.230882,-0.971407,0
5355,0,0,0,0,297,76,5728,2249,7977,0.0581023,0.168049,-0.984065,0
5739,0,0,0,0,502,108,6349,1477,7826,0.0451941,0.183582,-0.981965,0
3964,0,0,0,0,266,69,4299,1612,5911,0.0286589,0.200177,-0.97934,0
5763,0,0,0,0,450,140,6353,2414,8767,0.00889979,0.216023,-0.976348,0
6505,0,0,0,0,659,159,7323,2202,9525,0.00131394,0.192475,-0.981301,0
5966,0,0,0,0,602,151,6719,1866,8585,-0.0223734,0.261194,-0.965027,0
4067,0,0,0,0,492,141,4700,4517,9217,-0.0436125,0.347603,-0.936627,0
5509,0,0,0,0,774,186,6469,8288,14757,0.148461,-0.0371495,-0.98822,0
3097,0,0,0,0,510,122,3729,1123,4852,-0.0181012,0.160383,-0.986889,0
6399,0,0,0,0,1398,417,8214,2816,11030,0.0122331,0.152819,-0.988178,0
6624,0,0,0,0,1283,300,8207,1443,9650,0.00265407,0.169128,-0.985591,0
6085,0,0,0,0,1097,256,7438,1767,9205,0.0079245,0.174435,-0.984637,0
7372,0,0,0,0,1171,268,8811,2097,10908,-0.00877555,0.192572,-0.981244,0
4420,0,0,0,0,645,165,5230,1373,6603,-0.0134217,0.13434,-0.990844,0
6760,0,0,0,0,845,192,7797,1961,9758,-0.0120849,0.138022,-0.990355,0
5928,0,0,0,0,656,160,6744,1457,8201,-0.0373144,0.175922,-0.983697,0
3679,0,0,0,0,345,81,4105,1335,5440,-0.0289433,0.0924329,-0.995298,0
6273,0,0,0,0,527,117,6917,2080,8997,-0.0406469,0.211228,-0.976591,0
5806,0,0,0,0,432,102,6340,1622,7962,-0.0366655,0.178686,-0.983223,0
3983,0,0,0,0,311,91,4385,1471,5856,-0.0444862,0.22129,-0.974193,0
5322,0,0,0,0,438,132,5892,1913,7805,-0.056875,0.21122,-0.975782,0
6011,0,0,0,0,523,140,6674,2106,8780,-0.0645459,0.262609,-0.962741,0
6301,0,0,0,0,714,140,7155,2204,9359,-0.0686374,0.292646,-0.953754,0
4093,0,0,0,0,385,97,4575,1529,6104,-0.0551468,0.33195,-0.941684,0
6046,0,0,0,0,603,153,6802,2085,8887,-0.0520403,0.351642,-0.934687,0
6305,0,0,0,0,923,228,7456,1498,8954,-0.0364947,0.363816,-0.930756,0
5552,0,0,0,0,716,176,6444,1757,8201,-0.033931,0.372607,-0.927369,0
5710,0,0,0,0,822,205,6737,1796,8533,-0.0232558,0.403768,-0.914566,0
4024,0,0,0,0,686,167,4877,1368,6245,-0.0216721,0.3597,-0.932816,0
6516,0,0,0,0,1198,286,8000,1978,9978,-0.0255479,0.385832,-0.922215,0
6442,0,0,0,0,1187,302,7931,1372,9303,-0.0134227,0.32985,-0.943938,0
5374,0,0,0,0,896,209,6479,1719,8198,-0.0137739,0.342122,-0.939555,0
5255,0,0,0,0,839,193,6287,1706,7993,-0.00453959,0.286931,-0.95794,0
6378,0,0,0,0,862,200,7440,2031,9471,-0.0189494,0.312541,-0.949715,0
5965,0,0,0,0,693,165,6823,2403,9226,-0.0167987,0.257332,-0.966177,0
4125,0,0,0,0,418,99,4642,1725,6367,-0.00392947,0.238575,-0.971116,0
5966,0,0,0,0,573,133,6672,2164,8836,-0.0360587,0.214505,-0.976057,0
6369,0,0,0,0,583,134,7086,2149,9235,-0.0429608,0.243948,-0.968836,0
3841,0,0,0,0,296,69,4206,1551,5757,-0.0490633,0.240648,-0.969372,0
5596,0,0,0,0,375,87,6058,2225,8283,-0.0841572,0.224813,-0.970761,0
5348,0,0,0,0,328,78,5754,2016,7770,-0.055326,0.19972,-0.97829,0
5436,0,0,0,0,337,81,5854,2258,8112,-0.0699977,0.17716,-0.98169,0
5555,0,0,0,0,504,138,6197,1892,8089,-0.0575681,0.188819,-0.980323,0
5197,0,0,0,0,372,100,5669,2094,7763,-0.0852878,0.203568,-0.975339,0
5863,0,0,0,0,510,131,6504,2393,8897,-0.0872572,0.201937,-0.975504,0
5821,0,0,0,0,589,154,6564,1789,8353,-0.0837208,0.174653,-0.981064,0
5505,0,0,0,0,662,165,6332,2387,8719,-0.074121,0.247356,-0.966086,0
5668,0,0,0,0,833,198,6699,2320,9019,-0.0556617,0.210985,-0.975903,0
4111,0,0,0,0,669,163,4943,2106,7049,0.014754,0.22034,-0.975311,0
5558,0,0,0,0,912,214,6684,1197,7881,-0.0142925,0.191521,-0.981385,0
3250,0,0,0,0,640,153,4043,962,5005,-0.0543825,0.171088,-0.983754,0
6797,0,0,0,0,1362,332,8491,2043,10534,-0.0788781,0.178312,-0.980807,0
7401,0,0,0,0,1330,316,9047,1341,10388,-0.0512025,0.143494,-0.988326,0
4554,0,0,0,0,850,194,5598,1349,6947,-0.0555363,0.140574,-0.988511,0
6458,0,0,0,0,1044,268,7770,1992,9762,-0.0563166,0.126785,-0.99033,0
4345,0,0,0,0,680,143,5168,1875,7043,-0.0619726,0.109854,-0.992014,0
6150,0,0,0,0,757,173,7080,1992,9072,-0.0862783,0.155596,-0.984046,0
6305,0,0,0,0,886,172,7363,1975,9338,-0.0854641,0.172423,-0.981308,0
4066,0,0,0,0,404,94,4564,1376,5940,-0.0953532,0.162316,-0.982121,0
5999,0,0,0,0,590,139,6728,1987,8715,-0.128305,0.214248,-0.968316,0
6116,0,0,0,0,631,152,6899,1953,8852,-0.13252,0.239904,-0.961709,0
4239,0,0,0,0,438,108,4785,1478,6263,-0.132037,0.225643,-0.965221,0
6177,0,0,0,0,651,161,6989,2010,8999,-0.133931,0.223158,-0.965538,0
6123,0,0,0,0,902,199,7224,2235,9459,-0.168141,0.288179,-0.942699,0
4267,0,0,0,0,443,109,4819,1516,6335,-0.146839,0.240799,-0.959403,0
6277,0,0,0,0,946,231,7454,2006,9460,-0.16822,0.309921,-0.935762,0
4334,0,0,0,0,522,132,4988,1383,6371,-0.146019,0.312167,-0.938739,0
6258,0,0,0,0,860,213,7331,1965,9296,-0.151832,0.335415,-0.929755,0
7142,0,0,0,0,1054,250,8446,1447,9893,-0.145029,0.353645,-0.924068,0
7835,0,0,0,0,1188,289,9312,1999,11311,-0.202446,0.467213,-0.860655,0
3547,0,0,0,0,717,169,4433,828,5261,-0.158747,0.357674,-0.920255,0
2352,0,0,0,0,511,116,2979,713,3692,-0.11683,0.281744,-0.95235,0
6460,0,0,0,0,1254,287,8001,2082,10083,-0.157747,0.27889,-0.947278,0
6663,0,0,0,0,1153,276,8092,2182,10274,-0.137802,0.276414,-0.951108,0
6351,0,0,0,0,1011,228,7590,2539,10129,-0.144291,0.225119,-0.963588,0
2850,0,0,0,0,356,84,3290,946,4236,-0.113366,0.217863,-0.969373,0
6261,0,0,0,0,881,187,7329,2092,9421,-0.114949,0.221648,-0.968328,0
6090,0,0,0,0,722,170,6982,1474,8456,-0.0929836,0.218748,-0.971341,0
4162,0,0,0,0,485,115,4762,1429,6191,-0.119508,0.199039,-0.972677,0
6130,0,0,0,0,620,149,6899,2191,9090,-0.116987,0.190316,-0.974727,0
5905,0,0,0,0,541,130,6576,1629,8205,-0.0833454,0.156117,-0.984216,0
3959,0,0,0,0,348,80,4387,1427,5814,-0.0787822,0.181297,-0.980268,0
5596,0,0,0,0,404,100,6100,2238,8338,-0.0406948,0.12596,-0.9912,0
3909,0,0,0,0,267,65,4241,1438,5679,-0.0980746,0.180148,-0.978738,0
5455,0,0,0,0,378,96,5929,2177,8106,-0.0736922,0.164017,-0.983701,0
5760,0,0,0,0,426,111,6297,2377,8674,-0.0884883,0.156922,-0.983639,0
5189,0,0,0,0,445,116,5750,2023,7773,-0.10296,0.164307,-0.981021,0
5889,0,0,0,0,570,147,6606,2111,8717,-0.0989865,0.171026,-0.980282,0
5992,0,0,0,0,656,169,6817,2250,9067,-0.0924991,0.179576,-0.979386,0
6301,0,0,0,0,740,189,7230,2447,9677,-0.110476,0.232067,-0.966406,0
4249,0,0,0,0,596,146,4991,2217,7208,-0.0965371,0.200104,-0.975007,0
6426,0,0,0,0,937,232,7595,3795,11390,-0.213291,0.386667,-0.897216,0
4386,0,0,0,0,712,170,5268,-1000,-1000,-1,-1,-1,0
6509,0,0,0,0,1189,270,7968,1979,9947,0.340204,0.243742,-0.908213,0
6509,0,0,0,0,1209,288,8006,2774,10780,-0.0658159,0.137375,-0.98833,0
3474,0,0,0,0,713,176,4363,1575,5938,-0.0366979,0.0812898,-0.996015,0
6695,0,0,0,0,1360,349,8404,2209,10613,-0.0323227,0.0777965,-0.996445,0
6770,0,0,0,0,1335,313,8418,2413,10831,-0.0804183,0.164941,-0.983019,0
3861,0,0,0,0,647,151,4659,839,5498,-0.037939,0.0824672,-0.995871,0
6626,0,0,0,0,1150,270,8046,1739,9785,-0.0688513,0.133579,-0.988644,0
4418,0,0,0,0,702,165,5285,1345,6630,-0.0478854,0.111094,-0.992656,0
6639,0,0,0,0,867,206,7712,2300,10012,-0.151601,0.203724,-0.96722,0
3572,0,0,0,0,414,97,4083,932,5015,-0.0903154,0.134625,-0.986772,0
2189,0,0,0,0,260,61,2510,741,3251,-0.0417686,0.0767332,-0.996176,0
6388,0,0,0,0,702,170,7260,2123,9383,-0.160691,0.183457,-0.969805,0
3453,0,0,0,0,367,87,3907,1005,4912,-0.108959,0.103022,-0.988693,0
2566,0,0,0,0,305,73,2944,864,3808,-0.0842156,0.074586,-0.993652,0
3737,0,0,0,0,463,109,4309,1244,5553,-0.123481,0.0967344,-0.987621,0
6395,0,0,0,0,759,188,7342,1629,8971,-0.109128,0.115612,-0.987282,0
4897,0,0,0,0,540,130,5567,1371,6938,-0.100765,0.120289,-0.987612,0
6428,0,0,0,0,726,207,7361,1892,9253,-0.144828,0.203771,-0.968247,0
4309,0,0,0,0,487,123,4919,1358,6277,-0.115736,0.18765,-0.975394,0
6159,0,0,0,0,754,181,7094,1987,9081,-0.106054,0.175215,-0.978802,0
6359,0,0,0,0,733,189,7281,2084,9365,-0.115025,0.217453,-0.969269,0
4355,0,0,0,0,557,141,5053,1486,6539,-0.144291,0.239265,-0.960173,0
4472,0,0,0,0,578,146,5196,1436,6632,-0.156535,0.2377,-0.958642,0
6697,0,0,0,0,1005,239,7941,1459,9400,-0.14539,0.224796,-0.963498,0
4497,0,0,0,0,848,206,5551,1345,6896,-0.170391,0.240485,-0.95558,0
5948,0,0,0,0,1119,272,7339,2075,9414,-0.19215,0.26017,-0.94625,0
6282,0,0,0,0,1247,299,7828,1381,9209,-0.209254,0.285925,-0.935126,0
4398,0,0,0,0,934,221,5553,1297,6850,-0.164367,0.237715,-0.957327,0
5533,0,0,0,0,1115,261,6909,1730,8639,-0.184006,0.248807,-0.950914,0
6021,0,0,0,0,1083,257,7361,1805,9166,-0.170366,0.267962,-0.948247,0
5597,0,0,0,0,982,237,6816,1744,8560,-0.152962,0.252793,-0.955352,0
5233,0,0,0,0,891,208,6332,1696,8028,-0.118787,0.199034,-0.972767,0
6417,0,0,0,0,938,244,7599,2006,9605,-0.193461,0.360955,-0.912296,0
4061,0,0,0,0,447,108,4616,1045,5661,-0.166214,0.316145,-0.934037,0
2634,0,0,0,0,320,78,3032,845,3877,-0.0818754,0.200455,-0.976276,0
4154,0,0,0,0,436,107,4697,1422,6119,-0.104308,0.195339,-0.975173,0
5859,0,0,0,0,556,133,6548,1924,8472,-0.141597,0.231327,-0.962517,0
6349,0,0,0,0,448,136,6933,1989,8922,-0.125796,0.217295,-0.967966,0
3893,0,0,0,0,287,74,4254,1422,5676,-0.101243,0.20251,-0.974033,0
6125,0,0,0,0,439,118,6682,2054,8736,-0.0942287,0.183509,-0.978491,0
6063,0,0,0,0,522,135,6720,1459,8179,-0.105574,0.195848,-0.974935,0
4117,0,0,0,0,434,111,4662,1505,6167,-0.0812708,0.164003,-0.983106,0
6484,0,0,0,0,778,194,7456,2277,9733,-0.105987,0.188786,-0.976282,0
6182,0,0,0,0,859,217,7258,2351,9609,-0.0242823,0.0747268,-0.996908,0
4283,0,0,0,0,699,167,5149,1556,6705,-0.0539459,0.155922,-0.986295,0
6422,0,0,0,0,1287,352,8061,2368,10429,-0.045086,0.142445,-0.988775,0
6638,0,0,0,0,1139,297,8074,2012,10086,-0.0782473,0.204511,-0.975732,0
4919,0,0,0,0,1011,208,6138,1382,7520,-0.0622764,0.151125,-0.986551,0
6744,0,0,0,0,1327,327,8398,2092,10490,-0.0938733,0.170321,-0.980907,0
4653,0,0,0,0,928,234,5815,1384,7199,-0.100981,0.142809,-0.984585,0
7074,0,0,0,0,1431,335,8840,1949,10789,-0.106829,0.130608,-0.985662,0
6893,0,0,0,0,1208,244,8345,1351,9696,-0.0978238,0.104554,-0.989696,0
3395,0,0,0,0,587,140,4122,1224,5346,-0.0736395,0.066855,-0.995042,0
6639,0,0,0,0,1051,258,7948,2095,10043,-0.064787,0.0741221,-0.995142,0
4532,0,0,0,0,692,153,5377,1429,6806,-0.0574484,0.0813078,-0.995032,0
6161,0,0,0,0,850,203,7214,2101,9315,-0.0509424,0.0730548,-0.996026,0
4194,0,0,0,0,577,125,4896,1364,6260,-0.0751605,0.0717408,-0.994587,0
6268,0,0,0,0,669,163,7100,1985,9085,-0.0690317,0.0781068,-0.994552,0
6137,0,0,0,0,647,159,6943,2066,9009,-0.0847113,0.132595,-0.987544,0
4161,0,0,0,0,479,108,4748,1542,6290,-0.0563133,0.0738491,-0.995678,0
5444,0,0,0,0,826,199,6469,1948,8417,-0.106472,0.149389,-0.983029,0
6322,0,0,0,0,652,164,7138,1534,8672,-0.0998221,0.145226,-0.98435,0
4591,0,0,0,0,443,113,5147,1528,6675,-0.129771,0.176584,-0.975693,0
5528,0,0,0,0,574,144,6246,1832,8078,-0.118849,0.149962,-0.981522,0
6266,0,0,0,0,692,168,7126,2006,9132,-0.14421,0.231978,-0.961972,0
6132,0,0,0,0,686,173,6991,2142,9133,-0.123876,0.209614,-0.969906,0
4390,0,0,0,0,506,129,5025,1426,6451,-0.12512,0.210641,-0.969523,0
6266,0,0,0,0,811,213,7290,2046,9336,-0.116869,0.199314,-0.972942,0
6379,0,0,0,0,885,227,7491,1956,9447,-0.14183,0.236615,-0.961196,0
6350,0,0,0,0,935,234,7519,2018,9537,-0.120595,0.200177,-0.97231,0
5837,0,0,0,0,900,223,6960,1850,8810,-0.113745,0.232522,-0.965917,0
6334,0,0,0,0,1046,259,7639,1962,9601,-0.0805866,0.157689,-0.984195,0
6350,0,0,0,0,1067,259,7676,1926,9602,-0.0848002,0.188108,-0.978481,0
6387,0,0,0,0,1068,262,7717,2016,9733,-0.0825878,0.167945,-0.982331,0
4453,0,0,0,0,766,194,5413,1341,6754,-0.080335,0.156102,-0.984469,0
6440,0,0,0,0,1192,286,7918,1895,9813,-0.0875509,0.151976,-0.984499,0
6535,0,0,0,0,1178,287,8000,1976,9976,-0.079622,0.163772,-0.98328,0
6554,0,0,0,0,1246,308,8108,2041,10149,-0.0787375,0.212463,-0.973992,0
4628,0,0,0,0,847,162,5637,1050,6687,-0.0682881,0.145791,-0.986956,0
2403,0,0,0,0,473,110,2986,699,3685,-0.0634134,0.110168,-0.991888,0
7389,0,0,0,0,1361,316,9066,1946,11012,-0.0600063,0.120487,-0.9909,0
6451,0,0,0,0,1270,302,8023,1350,9373,-0.0580829,0.101348,-0.993154,0
6644,0,0,0,0,1245,299,8188,1890,10078,-0.0326177,0.109739,-0.993425,0
4451,0,0,0,0,889,260,5600,1385,6985,-0.0594085,0.0847719,-0.994628,0
5998,0,0,0,0,1151,266,7415,1821,9236,-0.0444176,0.0837038,-0.9955,0
5857,0,0,0,0,1156,270,7283,1232,8515,-0.0365585,0.0682803,-0.996996,0
4179,0,0,0,0,834,211,5224,1231,6455,-0.0316029,0.0598088,-0.997709,0
6540,0,0,0,0,1274,330,8144,1897,10041,-0.0260329,0.0582011,-0.997965,0
6512,0,0,0,0,1257,300,8069,1645,9714,-0.00489615,0.0574813,-0.998335,0
5786,0,0,0,0,1134,271,7191,1782,8973,-0.0195393,0.052223,-0.998444,0
5991,0,0,0,0,1173,277,7441,1772,9213,-0.0143107,0.0536706,-0.998456,0
4177,0,0,0,0,850,194,5221,1246,6467,-0.012839,0.0563048,-0.998331,0
6634,0,0,0,0,1268,305,8207,1998,10205,-0.0124002,0.0800394,-0.996715,0
4814,0,0,0,0,882,212,5908,1320,7228,-0.0313055,0.0781161,-0.996453,0
6420,0,0,0,0,1295,304,8019,1913,9932,-0.0185952,0.0698526,-0.997384,0
6505,0,0,0,0,1261,299,8065,1948,10013,-0.0433975,0.0802507,-0.99583,0
6450,0,0,0,0,1283,301,8034,1531,9565,-0.0177892,0.0732152,-0.997157,0
4419,0,0,0,0,877,249,5545,1389,6934,-0.0161541,0.0704311,-0.997386,0
7437,0,0,0,0,1484,312,9233,1670,10903,-0.0140634,0.0779891,-0.996855,0
5816,0,0,0,0,1510,377,7703,1737,9440,-0.0182345,0.0669617,-0.997589,0
5917,0,0,0,0,1174,304,7395,1318,8713,-0.0148702,0.0486822,-0.998704,0
4180,0,0,0,0,823,195,5198,1262,6460,-0.0077663,0.0616883,-0.998065,0
7251,0,0,0,0,1382,276,8909,1380,10289,0.00644526,0.0865386,-0.996228,0
6483,0,0,0,0,1290,309,8082,1978,10060,-0.00405526,0.0614179,-0.998104,0
6068,0,0,0,0,897,212,7177,1136,8313,-0.0140268,0.046992,-0.998797,0
2797,0,0,0,0,560,137,3494,815,4309,-0.0120652,0.0421359,-0.999039,0
6555,0,0,0,0,1288,331,8174,1928,10102,-0.0131613,0.0410674,-0.99907,0
6465,0,0,0,0,1073,214,7752,1357,9109,-0.016949,0.0476256,-0.998721,0
3764,0,0,0,0,688,164,4616,1053,5669,-0.00358486,0.0468461,-0.998896,0
6448,0,0,0,0,1312,309,8069,1990,10059,-0.000693659,0.0258453,-0.999666,0
