Downsample[ns],BuildFilTree[ns],SearchFil[ns],DeleteFil[ns],BuildTreeSub[ns],SearchSub[ns],DeleteSub[ns],PreProcTotal[ns],Plane[ns],Total[ns],nx,ny,nz,planeCount
4873,3462,85,412,3754,41,241,12868,2016,14884,-0.0117586,0.0182799,-0.999764,0
2586,1740,18,206,1683,17,113,6363,1753,8116,0.00277258,0.0551415,-0.998475,0
4774,3235,32,382,3286,35,219,11963,2788,14751,-0.0133826,0.0285242,-0.999504,0
4743,3232,30,346,3200,35,212,11798,2353,14151,-0.00959732,0.0265534,-0.999601,0
2450,1723,18,201,1689,19,111,6211,1474,7685,-0.0175907,0.0294892,-0.99941,0
4836,3291,40,404,3233,35,218,12057,4430,16487,-0.0293318,-0.0020349,-0.999568,0
3318,2283,24,269,2203,23,147,8267,1864,10131,-0.0109157,0.0244156,-0.999642,0
3917,2751,27,312,2615,27,175,9824,2558,12382,-0.0112255,0.015833,-0.999812,0
4707,3280,35,406,3197,37,256,11918,1778,13696,-0.010462,-0.0107021,-0.999888,0
2468,1750,19,201,1655,17,112,6222,1608,7830,0.00274828,0.0283636,-0.999594,0
4777,3346,34,381,3301,36,221,12096,3470,15566,-0.0323139,0.0241443,-0.999186,0
4705,3276,36,379,3127,23,149,11695,2240,13935,-0.000722042,0.0460919,-0.998937,0
2530,1743,18,199,1708,17,113,6328,1755,8083,-0.0288401,-0.0010264,-0.999584,0
3900,2669,27,309,3328,30,178,10441,2404,12845,-0.00808404,-0.00567824,-0.999951,0
3803,2681,26,307,2721,28,178,9744,2351,12095,-0.00281691,0.012215,-0.999921,0
4755,3302,33,388,3218,35,215,11946,2380,14326,-0.0209062,0.0246185,-0.999478,0
3243,2604,24,262,2246,24,149,8552,2111,10663,-0.0118961,0.0123219,-0.999853,0
3842,2272,24,263,1903,17,115,8436,1588,10024,-0.0237955,0.0226348,-0.999461,0
2023,1397,15,161,1410,15,93,5114,1443,6557,0.00168248,-0.0115332,-0.999932,0
4921,3281,35,384,3212,34,217,12084,3376,15460,-0.0132505,0.014489,-0.999807,0
3174,2263,23,266,2176,22,146,8070,2057,10127,-0.0461249,0.0390594,-0.998172,0
4834,3274,32,416,3252,34,218,12060,2635,14695,-0.0419933,0.0530599,-0.997708,0
4695,3089,26,260,2193,26,149,10438,1702,12140,-0.00303818,0.0220245,-0.999753,0
2254,1387,14,161,1159,11,75,5061,1163,6224,0.017111,0.0195167,-0.999663,0
4825,3334,36,404,3303,34,185,12121,2120,14241,-0.0223192,0.0191611,-0.999567,0
2466,1720,19,198,1684,17,113,6217,1334,7551,-0.0181719,0.0322303,-0.999315,0
4245,2943,29,339,2878,31,228,10693,2553,13246,-0.0100304,-0.0105214,-0.999894,0
4715,3263,42,382,3164,33,215,11814,2938,14752,-0.0218321,0.0192483,-0.999576,0
2966,2094,22,240,2086,21,135,7564,2065,9629,0.000250333,0.0149335,-0.999888,0
4646,3326,34,382,3196,32,213,11829,1772,13601,-0.0225739,0.00224343,-0.999743,0
3190,2438,25,266,2151,22,145,8237,1838,10075,-0.00388635,0.0178672,-0.999833,0
4828,3428,34,362,3137,30,234,12053,2916,14969,-0.0373958,0.0243415,-0.999004,0
4408,3144,37,359,2952,31,194,11125,1964,13089,-0.0147566,0.0282876,-0.999491,0
2300,1602,17,204,1606,17,108,5854,1409,7263,-0.0179301,0.0272961,-0.999467,0
5113,3554,34,380,3355,35,218,12689,2036,14725,-0.0345052,0.0219948,-0.999162,0
4673,3239,34,375,3251,35,217,11824,3818,15642,-0.0412676,0.0177878,-0.99899,0
2872,1747,17,200,1716,14,91,6657,1499,8156,-0.0308204,-0.0032743,-0.99952,0
1440,902,10,103,910,9,59,3433,800,4233,0.0134436,0.0211,-0.999687,0
1737,1313,15,173,1265,14,87,4604,1281,5885,-0.00510942,0.0340708,-0.999406,0
4347,2876,29,367,3037,32,194,10882,2754,13636,-0.019965,0.0203452,-0.999594,0
6742,4046,31,348,2303,27,153,13650,1669,15319,-0.0080055,0.0107623,-0.99991,0
1907,1384,14,154,1317,14,87,4877,1353,6230,-0.0103214,0.0293141,-0.999517,0
4851,3312,33,382,3352,34,218,12182,3074,15256,-0.0345028,0.0361369,-0.998751,0
4199,3009,32,341,2482,21,138,10222,1824,12046,0.00720204,0.0263042,-0.999628,0
2345,1629,18,188,1584,17,106,5887,1483,7370,-0.0295924,0.0169054,-0.999419,0
4747,3312,32,404,3236,35,213,11979,3337,15316,-0.0229408,0.0224361,-0.999485,0
4632,3270,34,377,3253,46,218,11830,2262,14092,-0.0218142,-0.0130767,-0.999677,0
2447,1685,19,197,1644,19,113,6124,1570,7694,-0.032712,0.035917,-0.998819,0
4774,3284,34,390,3251,34,217,11984,2719,14703,-0.0097868,0.0486633,-0.998767,0
4782,3406,34,415,3229,35,218,12119,2117,14236,-0.00339181,0.0181545,-0.999829,0
4731,3335,33,383,3259,34,218,11993,3109,15102,-0.0322103,0.0360252,-0.998832,0
3315,1813,18,199,1726,18,112,7201,1226,8427,-0.0357697,0.0244339,-0.999061,0
1691,1147,12,134,1132,12,76,4204,880,5084,-0.00807837,0.0257721,-0.999635,0
2108,1465,15,178,1707,21,104,5598,1581,7179,-0.0168326,0.0172357,-0.99971,0
4710,3314,34,379,3255,35,216,11943,2616,14559,-0.0265168,0.00604044,-0.99963,0
4633,3358,35,380,3208,35,214,11863,2074,13937,-0.0136829,0.00993263,-0.999857,0
4776,3356,34,382,3309,34,218,12109,2841,14950,-0.0139448,0.0371246,-0.999213,0
2493,1734,19,202,1438,16,92,5994,1322,7316,-0.00618271,0.0462027,-0.998913,0
1698,1171,14,138,1149,12,78,4260,1033,5293,-0.0425808,0.0445508,-0.998099,0
2471,1697,18,198,1714,18,115,6231,1759,7990,0.00310907,0.00107315,-0.999995,0
4753,3221,37,385,3181,36,219,11832,2799,14631,-0.0205494,0.036118,-0.999136,0
3300,2265,23,305,2218,25,151,8287,1796,10083,-0.0194008,0.0235443,-0.999535,0
4709,3289,33,383,3246,35,218,11913,3398,15311,-0.0345694,-0.000486291,-0.999402,0
3282,2236,34,260,2231,24,149,8216,2284,10500,-0.00835475,0.0448531,-0.998959,0
4736,3302,36,387,3191,33,213,11898,2199,14097,-0.00570301,0.0115103,-0.999917,0
3308,2267,23,262,2210,23,149,8242,1873,10115,-0.014314,0.0444675,-0.998908,0
4675,3344,35,381,3344,35,217,12031,2404,14435,-0.0179976,0.0301172,-0.999384,0
3298,2281,23,263,2247,23,150,8285,2443,10728,-0.0447021,0.0382835,-0.998267,0
4197,2951,31,341,2973,30,195,10718,3091,13809,-0.00620675,0.0230907,-0.999714,0
4259,2981,30,352,2920,33,207,10782,3162,13944,-0.00746763,0.000753584,-0.999972,0
4323,2926,30,338,2943,31,194,10785,2562,13347,-0.0127441,0.0386387,-0.999172,0
3103,2066,21,244,2038,22,139,7633,1845,9478,0.0152403,0.00468184,-0.999873,0
4719,3280,31,341,3288,38,254,11951,1774,13725,-0.00613318,0.0347058,-0.999379,0
3479,2693,27,312,2623,28,176,9338,2523,11861,0.000332768,0.0248031,-0.999692,0
5022,3465,34,387,3542,36,247,12733,2425,15158,-0.0237008,0.0239026,-0.999433,0
2496,1726,19,202,1738,19,130,6330,1792,8122,-0.0166453,0.0340646,-0.999281,0
4749,3633,35,437,3304,35,221,12414,1960,14374,-0.0157152,0.0130096,-0.999792,0
3308,2290,24,264,2282,32,163,8363,1579,9942,-0.0215323,0.0144399,-0.999664,0
2214,1384,15,164,1353,15,92,5237,1329,6566,-0.010424,-0.003509,-0.99994,0
4812,3307,35,387,3355,35,221,12152,2623,14775,-0.0110283,-0.00802134,-0.999907,0
3088,2149,22,248,2151,23,140,7821,2157,9978,-0.00756186,-0.00394978,-0.999964,0
3029,1986,25,246,1996,20,131,7433,1803,9236,-0.0258151,0.0536383,-0.998227,0
4244,3058,34,363,2976,33,197,10905,2535,13440,-0.00879437,0.0360925,-0.99931,0
4180,3055,48,349,2978,31,196,10837,1757,12594,-0.0284509,0.00505418,-0.999582,0
2355,1691,18,202,1628,17,107,6018,1618,7636,0.00676355,0.0291521,-0.999552,0
4741,3207,31,340,3496,48,223,12086,3081,15167,-0.0149071,0.017349,-0.999738,0
3247,2222,23,278,2208,24,149,8151,2122,10273,0.0052201,0.0343448,-0.999396,0
4725,3274,32,378,3255,34,216,11914,2609,14523,-0.0320457,0.00211313,-0.999484,0
4741,3341,33,419,3262,33,219,12048,1960,14008,-0.0239449,0.0288505,-0.999297,0
2651,1729,18,201,1706,18,113,6436,1585,8021,0.00633349,0.0256825,-0.99965,0
3948,2791,27,314,2861,43,280,10264,2556,12820,-0.014719,0.0209089,-0.999673,0
3886,2752,28,313,2795,28,178,9980,1915,11895,0.00298261,0.0341296,-0.999413,0
2873,2002,21,247,2231,30,179,7583,1861,9444,-0.0299219,0.00160361,-0.999551,0
3587,2509,25,289,2538,28,167,9143,2548,11691,-0.0095915,0.00209786,-0.999952,0
3658,2537,25,292,2517,26,165,9220,2335,11555,-0.03454,0.026305,-0.999057,0
3479,2659,25,294,2515,35,261,9268,2679,11947,-0.0110384,0.0236675,-0.999659,0
2729,1994,19,224,2005,21,140,7132,1686,8818,-0.00127215,0.0178313,-0.99984,0
4244,3259,31,373,3156,31,209,11303,2853,14156,-0.0198775,0.00899911,-0.999762,0
3049,2348,22,264,2307,22,149,8161,1760,9921,-0.0172414,-0.00712517,-0.999826,0
3903,2935,28,360,2847,27,189,10289,2214,12503,-0.0100209,0.0117519,-0.999881,0
3873,2923,28,332,2853,28,190,10227,2173,12400,-0.0166714,0.0233855,-0.999588,0
4812,3599,42,404,3071,23,157,12108,1937,14045,-0.0209744,0.0214585,-0.99955,0
2524,1888,19,214,1788,17,119,6569,1555,8124,-0.0158908,0.0219006,-0.999634,0
4745,3679,35,424,3596,35,240,12754,2567,15321,-0.0111501,0.0136211,-0.999845,0
3271,2420,22,283,2468,23,164,8651,1926,10577,-0.034659,0.0069213,-0.999375,0
4315,3221,38,461,3166,31,211,11443,1916,13359,-0.0427224,0.0270412,-0.998721,0
3831,2904,29,330,2834,28,199,10155,2110,12265,-0.010289,0.0235073,-0.999671,0
3674,2665,26,301,2549,26,172,9413,1889,11302,-0.00624202,-0.0122886,-0.999905,0
4861,4041,44,509,3448,37,240,13180,2209,15389,-0.0241914,0.0378433,-0.998991,0
2532,1864,18,210,1779,16,118,6537,1524,8061,0.0103045,0.0254003,-0.999624,0
4780,3538,34,404,3561,36,232,12585,3015,15600,-0.0168092,0.0210101,-0.999638,0
3397,2415,23,279,2477,23,159,8773,1876,10649,0.00832307,0.0169654,-0.999821,0
2491,1860,19,213,1783,16,120,6502,1815,8317,-0.00444883,0.00852676,-0.999954,0
4808,3510,36,404,3497,34,231,12520,3611,16131,-0.0115714,0.0313761,-0.999441,0
4931,3636,34,675,3594,35,261,13166,3207,16373,-0.0103146,-0.0114299,-0.999881,0
3354,2501,26,281,2461,23,160,8806,1720,10526,-0.00534061,0.0299126,-0.999538,0
3483,2854,27,325,2901,29,186,9805,2289,12094,0.000363851,-0.000319543,-1,0
4892,3601,34,398,3470,35,227,12657,1793,14450,-0.012419,0.0070063,-0.999898,0
4778,3478,35,400,3536,35,257,12519,2938,15457,0.00137591,0.0373711,-0.999301,0
3991,2406,24,281,1880,18,118,8718,1429,10147,-0.00533904,0.00697245,-0.999961,0
2066,1233,13,164,1225,13,90,4804,962,5766,0.00833418,0.0246244,-0.999662,0
1387,978,10,109,917,9,60,3470,816,4286,-0.0138596,0.00138218,-0.999903,0
3535,2627,25,292,2482,24,204,9189,2400,11589,-0.0145175,0.035109,-0.999278,0
4866,3447,37,384,3437,37,219,12427,1874,14301,-0.0115273,0.0484142,-0.998761,0
2642,1680,19,215,1619,33,114,6322,1681,8003,-0.0371132,0.020858,-0.999093,0
5607,3116,35,413,3218,35,215,12639,2183,14822,-0.011925,0.0425631,-0.999023,0
3306,2133,23,278,2135,25,199,8099,2549,10648,-0.0106375,0.0578236,-0.99827,0
3956,2607,31,300,2507,36,170,9607,3382,12989,-0.0284441,0.000359357,-0.999595,0
3991,2454,28,314,2383,32,165,9367,2766,12133,-0.01324,0.023675,-0.999632,0
2924,1713,21,218,1672,27,114,6689,1623,8312,-0.00781583,0.00207402,-0.999967,0
5060,2795,36,332,2802,58,188,11271,3240,14511,-0.0272244,0.0528556,-0.998231,0
4965,2450,24,227,1866,27,128,9687,1433,11120,-0.032089,0.0456709,-0.998441,0
2080,1150,15,136,1106,18,76,4581,1143,5724,-0.0200948,0.0615802,-0.9979,0
5446,3108,44,365,2654,44,190,11851,3054,14905,0.0102067,0.0501703,-0.998689,0
5628,2605,33,328,2555,46,208,11403,1734,13137,-0.0508307,0.0640307,-0.996653,0
2891,1420,18,165,1363,19,92,5968,1188,7156,-0.0385948,0.0561088,-0.997678,0
6529,2643,35,313,2532,32,154,12238,2516,14754,-0.0455061,0.0557101,-0.997409,0
3616,1625,22,193,1567,36,105,7164,1863,9027,-0.0388034,0.0425739,-0.99834,0
6650,2384,34,286,2319,39,169,11881,2334,14215,-0.0304937,0.0482178,-0.998371,0
2922,1204,18,140,1162,19,78,5543,1878,7421,-0.0302618,0.0499298,-0.998294,0
5721,2058,34,279,1982,35,139,10248,3351,13599,-0.0437985,0.0683356,-0.996701,0
3556,1189,20,145,1222,31,83,6246,2394,8640,-0.018815,0.0568055,-0.998208,0
5635,1801,31,208,1647,39,116,9477,3960,13437,-0.0448395,0.0745141,-0.996211,0
3897,1059,20,135,1048,28,76,6263,3328,9591,-0.00866677,0.0503606,-0.998693,0
4621,1211,25,184,1438,47,92,7618,4551,12169,0.00386565,0.058108,-0.998303,0
4220,1145,25,166,1035,41,78,6710,5335,12045,0.0202143,0.0973532,-0.995045,0
3868,944,23,122,971,63,71,6062,9048,15110,-0.125313,0.683336,-0.71927,0
2872,681,18,98,643,23,47,4382,3628,8010,0.00650103,0.0451688,-0.998958,0
5248,1139,34,178,1068,52,82,7801,5750,13551,-0.0227127,0.12346,-0.99209,0
5546,1214,32,163,726,34,49,7764,-1000,-1000,-1,-1,-1,0
1455,241,10,34,221,15,18,1994,4199,6193,-0.243214,0.482539,-0.841429,0
5191,665,30,99,590,51,51,6677,5633,12310,-0.148759,0.661463,-0.735076,0
2471,296,16,46,272,27,23,3151,3955,7106,-0.0806685,0.684919,-0.72414,0
4378,463,28,75,404,35,39,5422,-1000,-1000,-1,-1,-1,0
1847,195,15,31,167,15,15,2285,7277,9562,-0.155092,0.553251,-0.81845,0
3164,300,31,66,262,28,27,3878,-1000,-1000,-1,-1,-1,0
2952,262,19,45,225,23,22,3548,12853,16401,-0.239594,0.181502,-0.953757,0
1261,101,9,18,82,10,9,1490,3284,4774,-0.233854,0.312593,-0.920651,0
2700,188,19,36,161,27,20,3151,-1000,-1000,-1,-1,-1,0
2025,129,13,25,101,22,12,2327,-1000,-1000,-1,-1,-1,0
2231,137,15,29,104,25,13,2554,-1000,-1000,-1,-1,-1,0
2177,120,14,27,89,17,12,2456,-1000,-1000,-1,-1,-1,0
1914,97,13,23,83,14,11,2155,-1000,-1000,-1,-1,-1,0
1597,117,11,22,93,15,11,1866,17114,18980,-0.195019,-0.287101,-0.937838,0
1510,126,11,22,103,19,11,1802,13710,15512,-0.191118,-0.343946,-0.919334,0
3699,346,31,59,266,48,29,4478,25969,30447,-0.295676,0.440726,-0.847547,0
1051,80,8,14,64,12,7,1236,7042,8278,-0.286636,0.448848,-0.846389,0
959,85,8,16,78,14,9,1169,2467,3636,-0.309279,0.605305,-0.733452,0
2844,269,21,49,226,37,24,3470,8300,11770,-0.301922,0.441939,-0.844709,0
3646,361,25,63,309,44,33,4481,-1000,-1000,-1,-1,-1,0
1389,154,11,25,133,11,13,1736,-1000,-1000,-1,-1,-1,0
1097,147,8,23,127,9,12,1423,-1000,-1000,-1,-1,-1,0
3705,584,27,89,509,31,53,4998,-1000,-1000,-1,-1,-1,0
1695,294,12,43,266,13,23,2346,-1000,-1000,-1,-1,-1,0
1715,347,12,50,312,13,26,2475,-1000,-1000,-1,-1,-1,0
3710,819,27,117,773,31,66,5543,5991,11534,0.0898759,-0.121842,-0.988472,0
3877,951,27,141,905,33,75,6009,3998,10007,0.0941175,-0.0931357,-0.991195,0
3877,1019,27,143,995,40,78,6179,3884,10063,0.0572131,-0.0730986,-0.995682,0
3958,1162,34,182,1078,33,85,6532,4220,10752,0.0745575,-0.119659,-0.990012,0
3964,1576,39,173,1215,31,94,7092,4279,11371,0.0229161,-0.0349298,-0.999127,0
3854,1389,30,181,1317,34,100,6905,4611,11516,0.0538941,-0.129451,-0.99012,0
4221,1532,27,198,1514,34,114,7640,3156,10796,0.0208426,-0.068896,-0.997406,0
4032,1763,28,221,1678,39,122,7883,3866,11749,-0.0491058,0.0942829,-0.994334,0
4230,1841,29,282,1856,41,135,8414,2999,11413,-0.0563354,0.0828,-0.994973,0
4673,1953,28,248,1928,38,139,9007,3404,12411,-0.0380504,0.078782,-0.996165,0
2920,1469,20,187,1403,25,101,6125,1827,7952,-0.0324858,0.109522,-0.993453,0
4415,2250,28,267,2118,47,175,9300,2736,12036,-0.0177349,0.0533122,-0.99842,0
4470,2381,28,278,2691,72,213,10133,2212,12345,-0.0360269,0.0579509,-0.997669,0
3078,1733,19,198,1646,34,114,6822,1881,8703,-0.0336793,0.09695,-0.994719,0
5365,2617,34,336,2560,46,176,11134,2464,13598,-0.0388024,0.0969551,-0.994532,0
4715,2925,31,391,2804,42,193,11101,3163,14264,-0.0302355,0.086553,-0.995788,0
3395,2255,35,263,2176,42,173,8339,2130,10469,-0.0469014,0.0816213,-0.995559,0
4450,3307,27,394,3222,50,218,11668,2799,14467,-0.0659539,0.094413,-0.993346,0
4108,3277,23,371,3169,32,214,11194,2130,13324,-0.0607263,0.118927,-0.991044,0
5270,4597,31,510,4480,48,290,15226,2453,17679,-0.0382657,0.0898886,-0.995216,0
2884,2755,15,302,2695,21,171,8843,1612,10455,-0.056106,0.113413,-0.991962,0
5966,5808,29,650,5745,103,367,18668,2052,20720,-0.021091,0.0828181,-0.996341,0
3194,3208,39,382,3170,27,205,10225,2334,12559,-0.0374465,0.078224,-0.996232,0
3707,3786,17,479,3803,28,242,12062,3189,15251,-0.0266424,0.0444037,-0.998658,0
6280,6394,30,766,5651,33,284,19438,1980,21418,0.0470152,0.113372,-0.99244,0
2599,2803,14,320,2767,43,183,8729,1265,9994,0.0170278,0.119813,-0.99265,0
4626,5085,22,577,5077,64,330,15781,1884,17665,-0.0455816,0.0907823,-0.994827,0
6348,7543,29,817,6183,64,329,21313,1481,22794,-0.0330435,0.116073,-0.992691,0
2788,3039,13,360,3137,28,213,9578,1398,10976,-0.0676948,0.146156,-0.986943,0
3641,4845,20,532,4887,45,300,14270,2083,16353,-0.0257326,0.142748,-0.989425,0
4200,4933,22,519,4830,42,289,14835,1739,16574,-0.0573063,0.115659,-0.991634,0
3142,3347,16,388,3374,30,209,10506,1209,11715,-0.0134844,0.0606406,-0.998069,0
4892,4847,23,565,4920,45,305,15597,1809,17406,-0.0264319,0.0791328,-0.996514,0
3443,3338,18,394,3322,31,218,10764,1554,12318,-0.0570954,0.0729784,-0.995698,0
5869,5311,26,596,5209,52,340,17403,2202,19605,-0.0169121,0.0495087,-0.99863,0
3241,2758,15,305,2767,46,191,9323,1476,10799,-0.0197684,0.0361828,-0.99915,0
3706,3236,22,436,3176,34,202,10812,1687,12499,-0.0188876,0.0293962,-0.999389,0
4713,3870,23,433,3828,37,245,13149,1906,15055,-0.0371374,0.0683164,-0.996972,0
3305,2631,17,290,2825,29,170,9267,1734,11001,-0.0646097,0.0856053,-0.994232,0
5619,4145,30,508,3972,62,267,14603,2163,16766,-0.0548177,0.0868562,-0.994712,0
2921,2044,17,280,2006,26,131,7425,1472,8897,-0.0678645,0.0463771,-0.996616,0
5475,3576,31,406,3602,65,293,13448,1982,15430,-0.0647561,0.141507,-0.987817,0
3657,2354,23,262,2371,36,153,8856,2072,10928,-0.0656479,0.0890912,-0.993858,0
3220,1938,20,223,1943,31,130,7505,2626,10131,-0.0797118,0.185237,-0.979456,0
4880,2803,30,319,2625,43,203,10903,4209,15112,-0.069582,0.180173,-0.981171,0
3942,1773,19,206,1713,29,115,7797,3922,11719,-0.0603569,0.132493,-0.989345,0
2405,1131,19,142,1143,22,79,4941,2974,7915,-0.0395853,0.144848,-0.988662,0
4344,2095,29,244,1897,58,135,8802,6791,15593,-0.0853784,0.169392,-0.981844,0
3807,1693,25,205,1825,51,175,7781,4176,11957,-0.0381866,0.110551,-0.993137,0
3436,1434,28,184,1344,30,99,6555,2763,9318,-0.0498639,0.129227,-0.990361,0
4434,1436,25,184,1367,42,102,7590,3199,10789,-0.0832076,0.195313,-0.977205,0
3499,1395,24,190,1385,40,103,6636,5311,11947,-0.0958054,0.251619,-0.963073,0
3794,1453,26,187,1381,33,104,6978,4512,11490,-0.132934,0.270979,-0.953362,0
3738,1409,42,237,1362,36,101,6925,3967,10892,-0.106669,0.232192,-0.966803,0
3430,1275,21,169,1276,47,95,6313,3120,9433,-0.11554,0.166548,-0.979241,0
3330,1249,24,162,1214,31,90,6100,3501,9601,-0.0932601,0.215449,-0.972052,0
3386,1237,27,187,1169,40,89,6135,3501,9636,-0.0928556,0.217164,-0.971709,0
3646,1380,26,174,1268,34,95,6623,3190,9813,-0.140587,0.224412,-0.9643,0
3372,1201,22,155,1138,31,85,6004,3239,9243,-0.120958,0.235648,-0.964282,0
2326,856,17,109,825,24,61,4218,3128,7346,-0.115167,0.158924,-0.980551,0
3370,1173,34,176,1105,31,84,5973,5688,11661,-0.111652,0.250462,-0.961667,0
3682,1308,27,168,1237,32,93,6547,5406,11953,-0.119336,0.148291,-0.981717,0
3851,1354,26,174,1294,34,97,6830,3477,10307,-0.0741721,0.168084,-0.982978,0
3430,1298,24,157,1154,36,87,6186,4440,10626,-0.083907,0.16202,-0.983214,0
3360,1281,23,156,1183,29,89,6121,3268,9389,-0.0981005,0.219609,-0.970643,0
3816,1324,25,160,1176,34,89,6624,4874,11498,-0.077782,0.182237,-0.980173,0
3410,1222,23,156,1139,46,97,6093,2362,8455,-0.0764575,0.107606,-0.991249,0
2820,992,20,128,982,38,74,5054,4164,9218,-0.217553,0.585152,-0.781196,0
3333,1348,38,218,1370,33,92,6432,3910,10342,-0.0692831,0.174302,-0.982252,0
3650,1474,26,180,1328,31,97,6786,4485,11271,-0.0685886,0.161328,-0.984515,0
3920,1460,27,204,1483,56,140,7290,3240,10530,-0.0894835,0.207014,-0.974237,0
3382,1487,25,181,1417,43,101,6636,3198,9834,-0.0999776,0.20479,-0.973687,0
3830,1799,27,211,1781,48,125,7821,3992,11813,-0.0742251,0.164888,-0.983515,0
3826,1835,25,202,1655,33,115,7691,4272,11963,-0.0686435,0.178312,-0.981577,0
2455,1017,14,118,951,17,66,4638,1885,6523,-0.0713971,0.135259,-0.988234,0
1729,928,12,109,876,19,61,3734,1561,5295,-0.0847566,0.145456,-0.985728,0
4004,2143,29,251,2076,41,145,8689,3640,12329,-0.0603515,0.143043,-0.987875,0
3944,2160,29,251,2060,43,142,8629,3238,11867,-0.0706574,0.159149,-0.984723,0
3987,2127,29,246,2036,50,167,8642,4259,12901,-0.0468516,0.147246,-0.98799,0
4058,2068,29,247,2033,37,141,8613,3793,12406,-0.0604817,0.151925,-0.98654,0
3888,2157,28,255,2027,43,140,8538,2857,11395,-0.0430769,0.141956,-0.988935,0
3965,2099,27,248,2029,43,143,8554,3279,11833,-0.0261801,0.139032,-0.989942,0
4005,2141,34,262,2013,47,148,8650,3652,12302,-0.0575816,0.160621,-0.985335,0
3918,2114,28,248,2041,42,141,8532,3412,11944,-0.063667,0.133911,-0.988946,0
3943,2204,35,260,2122,46,142,8752,3567,12319,-0.070273,0.129215,-0.989124,0
3965,2134,28,274,2128,42,146,8717,3317,12034,-0.0387778,0.167694,-0.985076,0
3569,1919,26,226,1852,49,128,7769,2819,10588,-0.0512489,0.119996,-0.991451,0
3951,2119,28,255,2172,58,149,8732,3798,12530,-0.052225,0.145849,-0.987927,0
4212,2171,29,288,2352,54,157,9263,3438,12701,-0.0349862,0.146115,-0.988649,0
4223,2237,35,308,2236,83,150,9272,4081,13353,-0.0480934,0.141302,-0.988798,0
3742,1934,27,232,2030,35,134,8134,2920,11054,-0.0433605,0.126038,-0.991077,0
3895,2200,29,254,2150,45,147,8720,3309,12029,-0.0711234,0.142979,-0.987167,0
4009,2175,32,254,2083,42,142,8737,3902,12639,-0.0389164,0.106383,-0.993563,0
4015,2182,28,278,2154,37,166,8860,4059,12919,-0.034971,0.153185,-0.987579,0
3929,2232,30,260,2133,39,164,8787,3145,11932,-0.0366842,0.139605,-0.989527,0
3979,2232,49,259,2080,44,144,8787,3286,12073,-0.0562074,0.0940327,-0.993981,0
4015,2217,29,259,2092,45,144,8801,3018,11819,-0.0432739,0.0961781,-0.994423,0
4371,2216,28,261,2266,36,151,9329,2327,11656,-0.0723342,0.128952,-0.989009,0
2755,1489,36,177,1838,30,122,6447,2046,8493,-0.051784,0.153072,-0.986857,0
4107,2219,31,285,2206,42,151,9041,3073,12114,-0.0323556,0.152565,-0.987764,0
4104,2238,29,257,2079,47,185,8939,3596,12535,-0.0502279,0.128764,-0.990402,0
4072,1840,24,263,1799,35,124,8157,2942,11099,-0.0567753,0.0973366,-0.993631,0
3221,1809,23,212,1717,36,121,7139,3626,10765,-0.0620699,0.140957,-0.988068,0
4091,2140,28,258,2139,103,151,8910,3198,12108,-0.0293015,0.158714,-0.98689,0
3977,2179,50,317,2175,35,150,8883,3965,12848,-0.0520595,0.105542,-0.993051,0
6381,2352,31,270,2206,35,151,11426,2229,13655,-0.0287023,0.155112,-0.98748,0
1232,688,10,79,664,12,44,2729,1076,3805,-0.0649874,0.097809,-0.993081,0
4497,2314,29,263,2113,45,144,9405,3295,12700,-0.0649253,0.102588,-0.992603,0
4790,2210,27,260,2218,40,150,9695,2466,12161,-0.0562925,0.117947,-0.991423,0
2103,1148,15,134,1119,16,76,4611,1948,6559,-0.0345533,0.157737,-0.986876,0
4003,2145,29,255,2168,34,151,8785,2334,11119,-0.0274078,0.141434,-0.989568,0
4021,2268,30,260,2189,57,149,8974,3941,12915,-0.0475289,0.122062,-0.991384,0
3945,2200,34,255,2157,34,150,8775,4179,12954,-0.0747247,0.123505,-0.989526,0
3345,1474,20,178,1461,27,98,6603,2757,9360,-0.0761004,0.124887,-0.989248,0
3972,2222,25,228,2047,36,143,8673,3247,11920,-0.0391378,0.0998867,-0.994229,0
3967,2200,35,321,2183,47,149,8902,3703,12605,-0.0320067,0.172126,-0.984555,0
3945,2299,30,264,2119,41,153,8851,3763,12614,-0.0216242,0.129847,-0.991298,0
3960,2226,28,257,2113,36,167,8787,2547,11334,-0.0626643,0.13654,-0.988651,0
3992,2172,31,262,2067,38,143,8705,3180,11885,-0.0413528,0.116701,-0.992306,1
3956,2213,29,256,2095,33,131,8713,3186,11899,-0.0432463,0.131678,-0.990349,1
3988,2278,28,283,2128,33,152,8890,3171,12061,-0.0642888,0.139341,-0.988155,1
4057,2226,34,263,2131,41,147,8899,3784,12683,-0.0448397,0.137046,-0.989549,1
3938,2268,29,263,2111,34,147,8790,3196,11986,-0.0297396,0.09613,-0.994924,1
3975,2173,28,258,2176,35,148,8793,3821,12614,-0.0520567,0.156277,-0.986341,1
3755,2279,25,233,1916,34,131,8373,2938,11311,-0.0531048,0.124048,-0.990854,1
4059,2191,33,300,2180,48,150,8961,2752,11713,-0.0716686,0.139138,-0.987676,1
4076,2227,30,281,2108,39,144,8905,3772,12677,-0.0361621,0.130571,-0.990779,1
4053,2189,28,262,2153,59,162,8906,3727,12633,-0.0713152,0.130946,-0.988821,1
4126,2179,41,334,2143,41,151,9015,3668,12683,-0.0508288,0.130169,-0.990188,1
3561,2008,26,267,1899,40,131,7932,3166,11098,-0.0647039,0.113085,-0.991476,1
3654,1949,25,232,2055,35,134,8084,2743,10827,-0.0219507,0.139378,-0.989996,1
3666,2033,28,264,1939,36,133,8099,3476,11575,-0.0433849,0.121235,-0.991675,1
2511,1388,32,164,1352,24,94,5565,2666,8231,-0.0573278,0.138389,-0.988717,1
4220,2305,29,265,2267,46,152,9284,3056,12340,-0.0696983,0.146965,-0.986683,1
3678,1996,30,256,2007,36,136,8139,3386,11525,-0.0566012,0.187304,-0.98067,1
2520,1439,19,165,1360,27,94,5624,2273,7897,-0.0641275,0.152132,-0.986278,1
4529,2137,30,263,2109,41,146,9255,2958,12213,-0.0615717,0.130932,-0.989477,1
4104,2256,28,300,2208,43,149,9088,2975,12063,-0.0667621,0.110939,-0.991582,1
2832,1510,20,185,1437,25,102,6111,2949,9060,-0.0565368,0.117456,-0.991467,1
4111,2155,30,260,2481,38,150,9225,2930,12155,-0.0537848,0.103579,-0.993166,1
3935,2116,28,252,2174,36,148,8689,2998,11687,-0.0449857,0.147719,-0.988006,1
4484,2204,29,267,2105,37,145,9271,2846,12117,-0.0498522,0.127883,-0.990536,1
3994,2171,30,286,2189,40,149,8859,3421,12280,-0.0403699,0.0986031,-0.994308,1
2848,1499,20,176,1425,22,99,6089,2280,8369,-0.0559004,0.13735,-0.988944,1
4005,2161,26,233,2327,53,197,9002,3200,12202,-0.0555185,0.133907,-0.989438,1
3923,2186,29,256,2076,38,144,8652,3781,12433,-0.0601004,0.114658,-0.991585,1
3060,1745,28,177,1464,27,101,6602,2680,9282,-0.0593257,0.143045,-0.987937,1
2560,1398,20,167,1350,21,92,5608,2060,7668,-0.0614273,0.128906,-0.989752,1
3990,2129,29,272,2141,36,148,8745,3344,12089,-0.0617556,0.144282,-0.987608,1
4083,2138,28,259,2181,42,150,8881,3656,12537,-0.0623698,0.126121,-0.990052,1
4000,2207,28,257,2164,32,145,8833,3053,11886,-0.0455659,0.141017,-0.988958,1
4011,2149,30,293,2085,39,173,8780,3084,11864,-0.0437275,0.130907,-0.99043,1
3920,2135,29,251,2147,54,147,8683,4360,13043,-0.0284873,0.095283,-0.995043,1
3986,2236,27,255,2155,34,145,8838,2861,11699,-0.0484794,0.125526,-0.990905,1
3939,2134,28,253,2177,38,163,8732,3692,12424,-0.0244933,0.0979639,-0.994889,1
3926,2127,29,253,2049,39,143,8566,3540,12106,-0.0547481,0.133411,-0.989547,1
3531,1893,25,228,1918,35,130,7760,3036,10796,-0.053018,0.140898,-0.988603,1
3924,2112,28,305,2139,39,146,8693,3691,12384,-0.0669834,0.115941,-0.990995,1
4016,2182,28,254,2072,36,145,8733,3164,11897,-0.0567092,0.144466,-0.987883,1
4151,2105,33,256,2073,38,143,8799,4569,13368,-0.063959,0.146431,-0.987151,1
4251,2130,28,254,2034,42,141,8880,2659,11539,-0.0449668,0.130894,-0.990376,1
2072,1110,15,130,1073,20,73,4493,2489,6982,-0.0688543,0.129915,-0.989132,1
3992,2084,28,248,2047,40,142,8581,3732,12313,-0.0588786,0.134794,-0.989123,1
3966,2090,28,249,2021,35,149,8538,3406,11944,-0.0670922,0.126798,-0.989657,1
3988,2191,29,261,2089,35,144,8737,4880,13617,-0.0553746,0.113418,-0.992003,1
3947,2115,28,252,2069,42,146,8599,4127,12726,-0.0490941,0.129731,-0.990333,1
3607,2071,30,251,2205,45,154,8363,3510,11873,-0.0610051,0.127409,-0.989972,1
3927,2137,27,254,2018,37,143,8543,3132,11675,-0.0330949,0.0859721,-0.995748,1
3902,2127,28,253,2116,43,149,8618,3194,11812,-0.0650362,0.131861,-0.989132,1
3951,2169,28,255,2078,38,168,8687,4226,12913,-0.0382747,0.122051,-0.991786,1
3929,2143,35,280,2093,39,143,8662,3615,12277,-0.0499099,0.101386,-0.993594,1
3956,2088,27,251,2575,43,149,9089,3739,12828,-0.0401306,0.111594,-0.992943,1
2703,1471,18,174,1439,26,99,5930,2347,8277,-0.0486257,0.135391,-0.989598,1
3964,2134,30,253,2091,34,143,8649,3956,12605,-0.040556,0.149823,-0.987881,1
3979,2135,29,254,2086,39,144,8666,4375,13041,-0.037543,0.117433,-0.992371,1
3928,2123,30,251,2055,37,141,8565,2763,11328,-0.0553948,0.136224,-0.989128,1
3951,2136,28,253,2038,35,141,8582,3124,11706,-0.0497848,0.142021,-0.988611,1
3982,2173,28,251,2062,37,142,8675,2296,10971,-0.0532529,0.117155,-0.991685,1
2081,1131,16,140,1087,20,75,4550,1891,6441,-0.0427745,0.134232,-0.990026,1
3963,2110,39,251,2062,39,143,8607,4746,13353,-0.0304484,0.161711,-0.986368,1
3982,2135,29,255,2094,40,147,8682,3531,12213,-0.061908,0.142963,-0.98779,1
3953,2133,28,252,2074,36,142,8618,5022,13640,-0.0647693,0.114056,-0.991361,1
3991,2200,28,303,2108,44,146,8820,3977,12797,-0.0467502,0.111527,-0.992661,1
3570,1930,25,225,1925,35,132,7842,3438,11280,-0.0588579,0.132817,-0.989391,1
3983,2182,30,257,2131,40,148,8771,3805,12576,-0.0554323,0.135608,-0.989211,1
4039,2182,28,254,2054,40,144,8741,4123,12864,-0.064986,0.113645,-0.991394,1
4098,2181,33,280,2019,35,184,8830,2948,11778,-0.0696464,0.12883,-0.989218,1
2824,1448,19,172,1442,25,100,6030,2001,8031,-0.0530904,0.170774,-0.983879,1
3962,2235,30,260,2126,40,148,8801,3514,12315,-0.0548909,0.134998,-0.989324,1
4169,2171,36,283,2488,52,157,9356,3046,12402,-0.0660723,0.152392,-0.986109,1
2728,1472,20,174,1416,27,100,5937,1895,7832,-0.073092,0.162227,-0.984043,1
4055,2133,29,256,2315,67,224,9079,3762,12841,-0.0598313,0.16524,-0.984437,1
3973,2395,29,264,2204,44,151,9060,4438,13498,-0.0568267,0.155335,-0.986226,1
2133,1200,15,145,1203,24,83,4803,2687,7490,-0.0507793,0.162438,-0.985411,1
4234,2370,28,283,2304,51,168,9438,6449,15887,-0.0837504,0.200982,-0.976008,1
2933,1666,20,200,1622,51,114,6606,3368,9974,-0.0642472,0.18509,-0.980619,1
1755,1039,14,126,1017,33,70,4054,1917,5971,-0.247292,-0.276433,-0.928672,1
3102,1982,22,238,1923,43,129,7439,5658,13097,-0.0540653,0.196604,-0.978991,1
4170,2623,35,376,2703,81,181,10169,5490,15659,-0.260391,-0.128986,-0.956849,1
3128,2018,22,230,1979,49,129,7555,4857,12412,-0.177792,0.330393,-0.926947,1
4365,3181,32,368,3199,76,227,11448,4922,16370,-0.0727585,0.185766,-0.979896,1
3153,2282,23,283,2289,47,155,8232,4060,12292,-0.324832,-0.0773875,-0.9426,1
3301,2436,21,283,2443,39,163,8686,2246,10932,-0.0266386,0.206461,-0.978092,1
4545,3721,33,426,3588,71,241,12625,5039,17664,-0.0408843,0.19715,-0.97952,1
3156,2592,22,297,2525,48,185,8825,3827,12652,-0.0325882,0.189011,-0.981434,1
4668,3630,34,436,3583,70,246,12667,5446,18113,-0.260372,0.152384,-0.953407,1
4631,3758,33,488,3708,64,253,12935,5539,18474,-0.00977157,0.170293,-0.985345,1
2454,2056,18,232,1952,30,129,6871,4547,11418,-0.0140106,0.172328,-0.98494,1
2369,1836,17,233,1856,37,138,6486,3983,10469,-0.158012,0.334652,-0.928999,1
4814,3877,35,452,3787,98,248,13311,9092,22403,-0.139272,0.661997,-0.736453,1
2454,2009,18,232,2064,61,135,6973,3803,10776,-0.139735,0.575146,-0.806028,1
4411,3831,32,446,3897,75,327,13019,14239,27258,-0.131424,0.600311,-0.788894,1
2046,1695,15,191,1670,41,108,5766,3584,9350,-0.200344,0.418288,-0.885944,1
2754,2205,20,253,2192,45,167,7636,6509,14145,-0.0450428,0.163275,-0.985552,1
4854,3757,31,402,3721,106,227,13098,5134,18232,-0.1838,0.439406,-0.879284,1
1971,1280,14,145,1239,24,82,4755,4565,9320,-0.0740205,0.692146,-0.717951,1
4559,2638,29,319,2848,152,265,10810,5912,16722,-0.215479,0.421108,-0.881043,1
2285,1247,16,162,1220,29,82,5041,4030,9071,-0.241097,0.40289,-0.882922,1
5423,2418,38,383,2423,61,151,10897,8819,19716,-0.0746978,0.657809,-0.749472,1
2972,1380,20,157,1348,53,91,6021,6548,12569,-0.0933734,0.629172,-0.771637,1
1853,776,13,93,753,23,53,3564,3814,7378,0.00115352,0.67472,-0.738073,1
4581,2401,30,228,1797,59,128,9224,5224,14448,-0.0165892,0.673579,-0.738929,1
3186,1250,20,149,1172,34,83,5894,11150,17044,-0.0856823,0.648625,-0.75627,1
1615,581,11,71,561,14,39,2892,6947,9839,-0.00398293,0.104774,-0.994488,1
3045,1078,20,130,994,39,71,5377,-1000,-1000,-1,-1,-1,1
2357,741,16,100,699,24,51,3988,12114,16102,-0.0142649,0.100451,-0.99484,1
4460,1303,28,168,1198,36,91,7284,13027,20311,-0.0271707,0.15727,-0.987182,1
2173,494,12,65,466,16,36,3262,10233,13495,-0.0483641,0.209372,-0.976639,1
3443,750,33,100,710,26,55,5117,-1000,-1000,-1,-1,-1,1
1341,321,9,42,302,12,23,2050,6260,8310,-0.0140058,0.182084,-0.983183,1
2273,501,15,68,464,15,37,3373,24165,27538,-0.0114565,0.202109,-0.979296,1
1559,317,10,44,292,12,24,2258,7386,9644,0.0311016,0.200057,-0.97929,1
2462,458,16,65,457,18,38,3514,9857,13371,0.0231741,0.209163,-0.977606,1
4695,753,26,111,749,38,65,6437,22620,29057,0.0188235,0.237654,-0.971167,1
1456,218,9,32,199,10,17,1941,-1000,-1000,-1,-1,-1,1
1105,163,7,24,149,10,12,1470,11835,13305,0.0323695,0.193176,-0.98063,1
1501,199,9,30,176,10,15,1940,4086,6026,-0.00809655,0.189933,-0.981764,1
4724,543,27,87,485,32,60,5958,13817,19775,0.0515634,0.223332,-0.973378,1
2457,260,14,43,237,17,22,3050,5205,8255,0.0627739,0.223199,-0.97275,1
3401,359,20,59,323,29,31,4222,9798,14020,-0.0215702,0.233193,-0.972191,1
3344,350,21,76,312,30,31,4164,18468,22632,0.0548624,0.233573,-0.97079,1
1388,131,8,22,114,10,11,1684,3535,5219,0.0455923,0.203805,-0.977949,1
4385,396,27,69,354,42,38,5311,5909,11220,0.0466487,0.234015,-0.971113,1
4320,398,30,70,325,28,34,5205,3335,8540,0.0756656,0.252634,-0.964599,1
2788,275,19,48,238,19,24,3411,3878,7289,0.0215297,0.226029,-0.973883,1
4064,434,28,76,373,26,38,5039,5169,10208,0.025716,0.189979,-0.981451,1
4113,592,27,93,539,27,47,5438,3370,8808,0.066523,0.236846,-0.969267,1
2760,448,18,67,409,25,36,3763,4301,8064,0.0620288,0.207719,-0.97622,1
3961,748,26,112,739,42,64,5692,7105,12797,-0.131857,-0.400077,-0.906947,1
3973,826,29,123,800,34,66,5851,6195,12046,0.0936662,0.185026,-0.97826,1
3894,1034,28,137,911,36,73,6113,6836,12949,0.0621151,0.183996,-0.980962,1
3498,1031,25,140,1066,32,82,5874,6805,12679,-0.0894888,0.284816,-0.954396,1
4098,1494,28,184,1349,34,103,7290,4024,11314,-0.0332523,0.135306,-0.990246,1
2910,1170,19,148,1123,21,82,5473,1976,7449,-0.021118,0.178632,-0.983689,1
4387,2133,28,324,2095,45,150,9162,2872,12034,-0.0404121,0.221112,-0.974411,1
4542,2738,28,316,2646,67,183,10520,3003,13523,-0.0443013,0.221777,-0.974091,1
4837,3294,31,379,3261,42,220,12064,2166,14230,-0.0339429,0.200045,-0.979199,1
5868,4049,30,476,3793,36,179,14431,1981,16412,-0.0340923,0.175157,-0.98395,1
2924,2618,15,294,2592,27,164,8634,1654,10288,-0.0462887,0.175119,-0.983459,1
6104,5627,31,634,5684,60,364,18504,2126,20630,-0.0485133,0.199468,-0.978703,1
3253,3186,15,358,3354,43,230,10439,1906,12345,0.0217687,0.168173,-0.985517,1
3058,3198,16,408,3167,20,204,10071,1982,12053,-0.0275775,0.146405,-0.98884,1
5111,5078,32,571,4902,68,320,16082,1458,17540,-0.0319618,0.225789,-0.973652,1
3557,3864,17,431,3788,39,244,11940,1509,13449,-0.0227439,0.216329,-0.976055,1
3066,3105,12,351,3181,47,211,9973,1186,11159,-0.0400462,0.200631,-0.978848,1
6505,7386,29,791,6957,34,301,22003,1821,23824,-0.0388335,0.215882,-0.975647,1
2642,2796,13,327,2877,28,174,8857,1153,10010,-0.0322505,0.202222,-0.978809,1
6641,6055,31,661,4580,38,261,18267,1491,19758,-0.0648107,0.15446,-0.985871,1
2548,2281,13,282,2279,21,143,7567,1213,8780,-0.0302734,0.188558,-0.981595,1
3188,2657,17,299,2734,27,198,9120,1546,10666,-0.0644794,0.180223,-0.98151,1
3840,2798,19,307,2755,44,179,9942,1812,11754,-0.04603,0.188694,-0.980957,1
5658,3539,28,393,3658,54,227,13557,2374,15931,-0.0733714,0.217778,-0.973237,1
2722,1699,20,254,1579,32,107,6413,1821,8234,-0.0349976,0.175752,-0.983812,1
5100,2907,38,336,3114,56,195,11746,3141,14887,-0.054139,0.174046,-0.983248,1
3459,1825,21,216,1817,39,131,7508,2899,10407,-0.0483147,0.182288,-0.982057,1
3934,2353,29,253,2121,49,166,8905,4286,13191,-0.0530756,0.195705,-0.979226,1
3901,1938,25,231,1859,36,143,8133,4364,12497,-0.0425253,0.180293,-0.982693,1
4670,2409,32,274,2246,44,155,9830,5012,14842,-0.0460151,0.248358,-0.967575,1
2354,1109,15,143,1083,21,76,4801,2815,7616,-0.0578865,0.174077,-0.983029,1
4667,2037,28,246,1940,40,140,9098,6387,15485,-0.0548798,0.191245,-0.980007,1
4307,2004,35,376,2535,38,139,9434,4493,13927,-0.0478557,0.16939,-0.984387,1
2145,981,15,118,975,21,69,4324,3178,7502,-0.0399559,0.097227,-0.99446,1
4059,1744,27,216,1752,39,126,7963,6335,14298,-0.0588024,0.2043,-0.977141,1
4054,1717,30,255,1635,48,121,7860,4606,12466,-0.0747281,0.21226,-0.974352,1
2788,1213,18,143,1092,23,79,5356,3591,8947,-0.0661997,0.252136,-0.965425,1
4266,1588,25,234,1645,35,118,7911,5255,13166,-0.0402833,0.276876,-0.960061,1
4463,1549,19,141,1030,38,76,7316,3160,10476,-0.0580886,0.253384,-0.96562,1
1648,716,11,92,632,15,47,3161,1715,4876,-0.0954052,0.235099,-0.967278,1
2768,1032,19,132,1056,32,100,5139,5134,10273,-0.096489,0.174953,-0.979837,1
3950,1377,32,240,1269,33,101,7002,-1000,-1000,-1,-1,-1,1
3887,1219,50,169,1169,44,91,6629,11057,17686,-0.14953,0.634914,-0.757974,1
3691,1192,25,167,1328,59,139,6601,7781,14382,-0.19538,0.54666,-0.814242,1
4143,1224,27,204,1145,45,89,6877,-1000,-1000,-1,-1,-1,1
1308,460,11,58,450,15,33,2335,3496,5831,-0.142396,0.65511,-0.741993,1
956,360,8,45,337,12,25,1743,1919,3662,-0.0865863,0.258129,-0.962223,1
3960,1611,27,184,1340,47,113,7282,-1000,-1000,-1,-1,-1,1
1605,612,12,79,607,21,45,2981,3650,6631,-0.164508,0.595081,-0.786648,1
2563,1042,19,132,1008,37,79,4880,6410,11290,-0.229313,0.266601,-0.93613,1
3808,1604,27,201,1845,69,133,7687,8149,15836,-0.249433,-0.258844,-0.933158,1
2630,1151,22,193,1155,42,84,5277,6727,12004,-0.204407,-0.524071,-0.826782,1
4034,1643,25,222,1598,38,118,7678,8307,15985,-0.212352,0.321635,-0.922745,1
3969,1935,27,231,1901,37,133,8233,8340,16573,-0.0869815,0.189794,-0.977964,1
3979,2184,26,251,2044,45,142,8671,5922,14593,-0.0742691,0.254178,-0.964302,1
2169,1144,14,139,1122,57,80,4725,3294,8019,-0.315055,-0.360168,-0.878077,1
4256,2399,27,283,2275,45,175,9460,9746,19206,-0.325948,-0.282074,-0.902326,1
2194,1403,15,161,1371,44,115,5303,4602,9905,-0.333164,-0.230193,-0.914337,1
4290,2814,29,328,2773,69,189,10492,8579,19071,-0.36655,-0.159757,-0.91658,1
2976,2372,22,255,2236,28,143,8032,3714,11746,-0.346097,-0.0936767,-0.93351,1
2344,1989,18,219,1865,34,124,6593,3086,9679,-0.0525523,0.290657,-0.955383,1
4617,3929,34,465,4747,120,375,14287,4079,18366,-0.0416599,0.349652,-0.935953,1
3257,2823,23,335,2767,63,190,9458,2375,11833,-0.0533034,0.326262,-0.943775,1
2991,2699,20,316,2828,85,269,9208,3970,13178,-0.0447519,0.310316,-0.949579,1
4882,4463,33,505,4335,111,283,14612,4466,19078,-0.0488612,0.28264,-0.957981,1
2552,2315,18,271,2556,59,157,7928,1835,9763,-0.0490958,0.292742,-0.95493,1
5080,4623,34,560,4690,118,303,15408,5146,20554,-0.0880844,0.385127,-0.91865,1
2768,2164,15,244,2006,41,125,7363,2008,9371,-0.0664782,0.321418,-0.944601,1
1535,1216,10,124,1087,26,70,4068,1679,5747,-0.0352112,0.300101,-0.953257,1
1646,1046,11,119,1028,30,67,3947,4089,8036,-0.0559446,0.267626,-0.961897,1
3240,1940,22,223,1958,60,148,7591,3431,11022,-0.0304504,0.286705,-0.957535,1
4666,2490,31,292,2806,145,309,10739,7760,18499,0.0314108,0.653325,-0.756426,1
2505,1157,17,128,1022,27,71,4927,5898,10825,0.0718489,0.653815,-0.753236,1
5206,1677,31,239,1584,61,114,8912,-1000,-1000,-1,-1,-1,1
5049,1509,33,186,1333,63,133,8306,-1000,-1000,-1,-1,-1,1
2086,517,13,58,419,18,32,3143,7200,10343,-0.367184,0.10667,-0.924012,1
1134,298,7,38,280,10,21,1788,-1000,-1000,-1,-1,-1,1
3822,1009,24,131,970,46,73,6075,-1000,-1000,-1,-1,-1,1
1733,492,12,64,465,17,35,2818,-1000,-1000,-1,-1,-1,1
1929,535,13,71,532,20,46,3146,11564,14710,-0.0474936,0.296257,-0.953927,1
2347,641,15,81,580,18,44,3726,-1000,-1000,-1,-1,-1,1
1663,390,11,52,360,12,28,2516,3347,5863,-0.0174963,0.17001,-0.985287,1
4626,971,27,134,890,44,72,6764,10817,17581,-0.0319765,0.274912,-0.960938,1
3323,581,19,86,545,42,46,4642,5458,10100,-0.0335802,0.275383,-0.960748,1
4601,866,26,127,740,44,63,6467,6989,13456,-0.0327953,0.342834,-0.938824,1
3012,392,14,58,361,22,31,3890,2762,6652,-0.0541617,0.336028,-0.940293,1
1631,258,10,37,232,19,19,2206,2497,4703,-0.0157461,0.23192,-0.972607,1
2943,438,18,66,400,30,35,3930,7476,11406,-0.0235974,0.207909,-0.977863,1
3821,535,23,83,486,41,45,5034,7912,12946,-0.0883022,0.275397,-0.957266,1
2650,372,17,55,317,28,29,3468,4775,8243,-0.0361021,0.261178,-0.964615,1
4186,530,27,82,472,52,62,5411,6762,12173,-0.0162973,0.148592,-0.988764,1
2883,324,31,52,289,24,27,3630,4917,8547,0.0195811,0.0407296,-0.998978,1
4016,428,25,72,373,41,38,4993,5172,10165,-0.0150646,0.00401256,-0.999878,1
4176,384,26,70,360,41,41,5098,4923,10021,-0.162021,0.0824153,-0.98334,1
2711,257,19,44,219,20,34,3304,4041,7345,-0.0424092,-0.163483,-0.985634,1
4779,456,30,70,295,29,33,5692,5200,10892,-0.0270765,-0.0968981,-0.994926,1
3920,395,28,71,406,38,43,4901,3803,8704,-0.00414966,-0.142358,-0.989806,1
2835,368,14,43,245,14,22,3541,2179,5720,-0.041821,-0.114391,-0.992555,1
1214,222,9,32,205,10,17,1709,1231,2940,-0.0268501,-0.170783,-0.984943,1
3981,856,30,120,790,31,65,5873,3684,9557,0.0062946,0.014263,-0.999878,1
4019,1060,27,142,1031,30,79,6388,3761,10149,-0.0487787,-0.0195443,-0.998618,1
4080,1430,30,176,1459,32,101,7308,4188,11496,-0.0037208,0.0540308,-0.998532,1
4311,1748,27,210,1674,37,117,8124,2772,10896,-0.027014,0.153739,-0.987742,1
2926,1394,18,163,1399,25,95,6020,2219,8239,-0.00597506,0.0295795,-0.999545,1
4328,2290,32,293,2304,42,156,9445,3989,13434,-0.0301036,0.166878,-0.985518,1
4390,2480,28,293,2394,28,116,9729,1960,11689,-0.0514875,0.160404,-0.985708,1
2377,1354,15,160,1346,20,91,5363,1812,7175,-0.0359508,0.12262,-0.991802,1
4545,2728,29,319,2629,34,180,10464,2725,13189,-0.0638429,0.132406,-0.989137,1
4608,2704,33,322,2534,24,129,10354,1900,12254,-0.0547799,0.161694,-0.985319,1
2734,1490,15,189,1453,18,100,5999,1587,7586,-0.0622246,0.196418,-0.978544,1
4680,3072,27,345,3007,39,196,11366,2944,14310,-0.0901819,0.16703,-0.981819,1
3241,2110,20,246,2194,31,142,7984,1860,9844,-0.0448084,0.210475,-0.976572,1
4873,3584,30,389,3446,46,222,12590,1723,14313,-0.0550973,0.221131,-0.973687,1
3398,2519,20,284,2478,35,178,8912,2090,11002,-0.0486354,0.224759,-0.9732,1
4658,3815,26,435,3797,45,246,13022,1768,14790,-0.0483458,0.237684,-0.970139,1
3423,3071,57,344,3041,29,206,10171,1921,12092,-0.0716726,0.23175,-0.970131,1
4639,4206,23,484,4161,37,274,13824,2174,15998,-0.0740887,0.17461,-0.981846,1
3520,3198,18,372,3304,32,211,10655,1779,12434,-0.0636959,0.215616,-0.974398,1
3593,3402,18,384,3333,39,236,11005,2284,13289,-0.0579152,0.21297,-0.975341,1
6289,5862,29,709,4402,30,267,17588,2718,20306,-0.0558816,0.21018,-0.976064,1
2670,2701,13,304,2663,17,169,8537,1711,10248,-0.0393717,0.172328,-0.984252,1
6503,6588,29,1133,6387,41,302,20983,1446,22429,-0.0643437,0.262256,-0.962851,1
2870,2824,14,361,2859,39,193,9160,1136,10296,-0.0731621,0.251023,-0.965212,1
6344,6880,29,767,5404,37,290,19751,1769,21520,-0.0377615,0.275865,-0.960454,1
2784,2695,13,302,2853,21,165,8833,1297,10130,-0.0547938,0.279293,-0.958641,1
4248,3968,21,432,3871,51,243,12834,2263,15097,-0.0383854,0.263779,-0.963819,1
4136,3539,20,398,3504,33,228,11858,1743,13601,-0.0380541,0.234798,-0.971299,1
3774,3197,19,353,3087,49,201,10680,1542,12222,-0.04611,0.206827,-0.97729,1
5915,4830,28,550,4918,37,218,16496,2292,18788,-0.0592333,0.200016,-0.978001,1
5826,3736,20,373,2996,35,153,13139,1370,14509,-0.0381087,0.166362,-0.985328,1
2439,1942,12,215,2041,19,126,6794,1188,7982,-0.0219167,0.181504,-0.983146,1
5728,4510,28,611,4894,45,294,16110,2039,18149,-0.0325396,0.15246,-0.987774,1
3045,2473,18,285,2363,28,169,8381,1320,9701,-0.0470649,0.139178,-0.989148,1
5094,3870,37,420,3595,41,237,13294,1793,15087,-0.0296584,0.164726,-0.985893,1
3534,2726,17,314,2676,26,177,9470,1801,11271,-0.0348189,0.171125,-0.984634,1
6333,4538,27,528,4622,62,301,16411,1901,18312,-0.0207737,0.161783,-0.986608,1
3178,2470,14,279,2461,28,157,8587,1184,9771,-0.0386123,0.152511,-0.987547,1
3634,2882,16,319,2842,27,180,9900,1837,11737,-0.0314751,0.14068,-0.989555,1
3536,3157,18,346,2852,31,180,10120,1470,11590,-0.0455519,0.173202,-0.983832,1
5826,4922,35,713,4425,48,263,16232,1598,17830,-0.0329336,0.156964,-0.987055,1
3106,2660,15,282,2522,24,160,8769,1284,10053,-0.0278762,0.173796,-0.984387,1
3654,3014,21,444,3194,28,184,10539,1674,12213,-0.0454035,0.172446,-0.983972,1
5896,4521,25,479,4402,49,428,15800,2047,17847,-0.0362004,0.161447,-0.986217,1
5779,4613,28,549,4617,46,309,15941,2500,18441,-0.0262725,0.163381,-0.986213,1
2828,1966,13,224,1905,15,108,7059,1022,8081,-0.0406551,0.170723,-0.98448,1
1800,1379,8,144,1222,11,80,4644,769,5413,-0.0439967,0.165709,-0.985193,1
1916,1647,11,189,1757,24,167,5711,900,6611,-0.0342025,0.155887,-0.987183,1
5864,4455,26,472,4179,84,270,15350,1948,17298,-0.0505949,0.175416,-0.983194,1
2936,2287,15,266,2317,32,149,8002,1684,9686,-0.0378289,0.13502,-0.99012,1
4362,3406,20,538,3595,33,249,12203,1876,14079,-0.0431527,0.175823,-0.983476,1
4388,3477,21,391,3424,36,223,11960,1837,13797,-0.0416381,0.138792,-0.989446,1
3560,2730,16,302,2579,26,167,9380,1701,11081,-0.0306438,0.156548,-0.987195,1
5260,4217,25,477,4524,57,277,14837,2234,17071,-0.0407905,0.155464,-0.986999,1
3891,3172,19,345,2942,29,192,10590,1694,12284,-0.0658017,0.174129,-0.982522,1
3139,2759,17,315,2783,27,182,9222,1774,10996,-0.0441137,0.176007,-0.9834,1
5840,4610,28,525,4587,63,300,15953,1987,17940,-0.0634384,0.157619,-0.98546,1
3143,2455,15,296,2428,34,159,8530,1381,9911,-0.0467772,0.168104,-0.984659,1
5814,4747,30,541,4329,34,209,15704,1892,17596,-0.0253556,0.176605,-0.983955,1
3118,2449,15,312,2702,27,162,8785,1937,10722,-0.034223,0.179631,-0.983139,1
5140,3979,24,440,3756,37,247,13623,2289,15912,-0.0388868,0.163893,-0.985711,1
3581,2837,18,324,2733,28,181,9702,1724,11426,-0.0339068,0.165634,-0.985604,1
4266,3231,19,367,3141,34,207,11265,1738,13003,-0.0226557,0.186802,-0.982136,1
4050,3219,20,368,3239,46,216,11158,2218,13376,-0.0399922,0.166199,-0.985281,1
3199,2456,15,279,2409,36,158,8552,1682,10234,-0.0335038,0.160116,-0.986529,1
3871,3093,18,342,2924,28,191,10467,1979,12446,-0.0384116,0.171465,-0.984441,1
5823,4694,30,534,4665,51,305,16102,2022,18124,-0.0212518,0.167567,-0.985632,1
3115,2645,16,290,2473,27,161,8727,1681,10408,-0.0490654,0.16047,-0.98582,1
4638,3495,21,397,3543,36,229,12359,2318,14677,-0.0184621,0.162861,-0.986476,1
4337,3514,21,398,3486,39,229,12024,1911,13935,-0.0299362,0.164576,-0.98591,1
2630,2081,14,255,2037,19,134,7170,1405,8575,-0.0268187,0.145757,-0.988957,1
3143,2425,15,276,2398,30,157,8444,1417,9861,-0.0369528,0.161659,-0.986155,1
6027,4628,26,536,5103,62,305,16687,1801,18488,-0.0226347,0.157456,-0.987267,1
3114,2606,16,283,2596,27,160,8802,1579,10381,-0.0339167,0.129149,-0.991045,1
6606,5092,37,722,5126,64,353,18000,1924,19924,-0.0428241,0.182216,-0.982326,1
3104,2511,14,299,2074,20,129,8151,988,9139,-0.047816,0.175471,-0.983323,1
2782,2411,14,255,2296,25,142,7925,1196,9121,-0.0441744,0.167332,-0.98491,1
5401,4329,25,500,4299,67,291,14912,2100,17012,-0.0391958,0.184847,-0.981985,1
2940,2504,16,316,2352,24,151,8303,1275,9578,-0.0380732,0.152209,-0.987615,1
6087,4580,18,384,3790,34,191,15084,1359,16443,-0.043478,0.151475,-0.987504,1
2121,1846,12,196,1732,17,109,6033,870,6903,-0.0379832,0.162177,-0.98603,1
4082,3332,19,367,3549,33,213,11595,1944,13539,-0.0412214,0.151684,-0.987569,1
4051,4312,20,390,3298,32,211,12314,1533,13847,-0.0509104,0.156448,-0.986373,1
2676,2322,13,230,2070,29,143,7483,1159,8642,-0.0507634,0.164716,-0.985034,1
6407,4998,30,560,4799,46,279,17119,1677,18796,-0.0517073,0.166471,-0.98469,1
2633,2022,11,225,1951,28,161,7031,985,8016,-0.045758,0.166975,-0.984899,2
1604,1287,9,144,1256,19,81,4400,700,5100,-0.0500834,0.182548,-0.981921,2
2587,2028,13,227,2002,22,129,7008,1241,8249,-0.0501374,0.183675,-0.981708,2
5942,4743,28,530,4832,45,307,16427,2032,18459,-0.040329,0.163043,-0.985794,2
5897,4731,43,528,4661,46,303,16209,2153,18362,-0.0307968,0.173939,-0.984275,2
2562,1992,12,225,1760,16,108,6675,844,7519,-0.0352935,0.154553,-0.987354,2
1576,1304,8,144,1253,16,81,4382,739,5121,-0.0364785,0.164545,-0.985695,2
3205,2849,17,320,2783,27,195,9396,1507,10903,-0.0543051,0.155684,-0.986313,2
5888,4776,31,540,4745,47,303,16330,1821,18151,-0.0498474,0.180602,-0.982292,2
2945,2018,12,225,1973,17,119,7309,1106,8415,-0.0303812,0.164419,-0.985923,2
1862,1463,9,165,1436,15,92,5042,794,5836,-0.0490736,0.149763,-0.987503,2
2209,1780,11,199,2007,22,118,6346,937,7283,-0.0373364,0.170012,-0.984734,2
5884,4721,27,536,4836,68,433,16505,1953,18458,-0.0561258,0.157359,-0.985945,2
3370,2619,16,288,2492,24,158,8967,1317,10284,-0.0425685,0.166409,-0.985138,2
3793,3070,19,348,3369,32,197,10828,1606,12434,-0.0344254,0.161272,-0.986309,2
5858,4653,27,564,5097,68,347,16614,2155,18769,-0.0399715,0.17217,-0.984256,2
3065,2455,15,278,2459,36,158,8466,1384,9850,-0.0445105,0.163577,-0.985526,2
3817,3097,18,339,3084,29,196,10580,2264,12844,-0.0477311,0.15869,-0.986174,2
5883,4844,28,536,4691,30,209,16221,1887,18108,-0.0461402,0.151258,-0.987417,2
2479,2040,14,228,1987,20,130,6898,1191,8089,-0.0303732,0.164187,-0.985962,2
5873,5362,31,541,4264,41,213,16325,1633,17958,-0.0390114,0.174411,-0.9839,2
3077,2587,15,280,2571,24,161,8715,1433,10148,-0.038684,0.180752,-0.982768,2
3813,3038,19,337,3228,42,247,10724,1517,12241,-0.0405866,0.182675,-0.982335,2
3816,3138,18,338,3076,29,194,10609,1591,12200,-0.0422968,0.183244,-0.982157,2
2999,2346,14,281,2374,35,194,8243,1546,9789,-0.0354213,0.159371,-0.986583,2
3545,2942,17,315,2894,26,253,9992,1620,11612,-0.0341514,0.159809,-0.986557,2
3506,2812,17,317,2831,28,179,9690,1649,11339,-0.0423387,0.174145,-0.983809,2
6334,4962,36,810,5131,51,295,17619,2075,19694,-0.039911,0.171786,-0.984326,2
3092,2551,15,277,2544,24,180,8683,1274,9957,-0.0376891,0.155153,-0.987171,2
2753,1939,12,215,1909,20,122,6970,1195,8165,-0.0439192,0.159881,-0.986159,2
5306,4392,27,482,4233,43,306,14789,1680,16469,-0.0436566,0.168226,-0.984781,2
4056,3092,18,342,3065,28,195,10796,1285,12081,-0.029176,0.187294,-0.981871,2
3916,2832,17,318,2834,30,182,10129,1670,11799,-0.0456003,0.156026,-0.9867,2
7728,6795,39,797,4374,40,212,19985,1335,21320,-0.0417096,0.177882,-0.983168,2
2488,2007,13,232,1761,18,109,6628,1041,7669,-0.0478181,0.184222,-0.981721,2
3213,2809,17,293,2496,30,158,9016,1617,10633,-0.0353022,0.165851,-0.985519,2
3880,3153,18,356,3040,44,194,10685,1820,12505,-0.0382292,0.164271,-0.985674,2
4270,3157,19,375,3020,57,197,11095,1580,12675,-0.0313345,0.177454,-0.98363,2
3779,3116,18,357,3052,46,213,10581,2076,12657,-0.0461389,0.179629,-0.982652,2
5984,4954,39,724,5293,46,219,17259,2023,19282,-0.0519558,0.16219,-0.985391,2
3094,2142,12,223,1998,28,140,7637,1089,8726,-0.0413439,0.194098,-0.98011,2
2008,1621,10,181,1596,17,103,5536,1095,6631,-0.0451433,0.166514,-0.985005,2
5911,4679,28,515,4596,42,206,15977,1893,17870,-0.0481138,0.169598,-0.984338,2
3103,2398,16,268,2451,32,155,8423,1967,10390,-0.0461129,0.203084,-0.978075,2
3802,2901,19,319,2944,28,183,10196,1691,11887,-0.0624171,0.198173,-0.978178,2
3665,2805,18,427,3302,35,182,10434,1770,12204,-0.0393693,0.196221,-0.979769,2
3694,2774,19,301,2792,32,176,9788,1913,11701,-0.0350457,0.187293,-0.981679,2
3743,2630,19,312,2554,42,169,9469,1471,10940,-0.0436601,0.157181,-0.986604,2
3626,2548,19,283,2447,36,163,9122,1739,10861,-0.0641179,0.191784,-0.97934,2
5620,3757,29,426,3683,53,244,13812,1875,15687,-0.0509052,0.189594,-0.980542,2
2900,1968,16,217,1907,29,123,7160,1383,8543,-0.0265822,0.170327,-0.985029,2
5450,3486,30,395,3509,66,227,13163,2604,15767,-0.0568581,0.195285,-0.979097,2
3765,2336,20,267,2324,34,191,8937,1350,10287,-0.0399258,0.177536,-0.983304,2
4386,2853,25,313,2688,51,177,10493,2330,12823,-0.0321076,0.164887,-0.98579,2
4449,2717,25,335,2604,51,208,10389,1925,12314,-0.0506625,0.190463,-0.980386,2
2529,1501,15,173,1495,27,99,5839,1593,7432,-0.0490305,0.185904,-0.981344,2
5322,3218,30,359,3100,59,205,12293,2319,14612,-0.0394995,0.152557,-0.987505,2
3679,2117,21,240,2010,37,134,8238,2387,10625,-0.0395477,0.162307,-0.985947,2
4787,2580,40,304,2575,48,177,10511,1863,12374,-0.0399464,0.154618,-0.987166,2
4319,2263,24,321,2263,39,155,9384,2051,11435,-0.0398894,0.181879,-0.982511,2
5256,2697,30,337,2292,27,126,10765,2257,13022,-0.0601246,0.179257,-0.981963,2
3312,1658,19,197,1696,28,113,7023,2357,9380,-0.0729512,0.213137,-0.974295,2
5145,2545,30,331,2522,43,194,10810,2589,13399,-0.0675088,0.212512,-0.974824,2
2616,1385,18,157,1205,23,87,5491,1975,7466,-0.0972465,0.231095,-0.968059,2
4886,2262,30,272,2238,63,166,9917,4201,14118,-0.0735264,0.20273,-0.97647,2
2481,1123,16,137,1069,24,77,4927,2914,7841,-0.0707079,0.200261,-0.977188,2
4661,1984,32,245,1915,44,139,9020,5891,14911,-0.070486,0.209762,-0.975209,2
3154,1287,20,161,1243,29,90,5984,3723,9707,-0.0841958,0.236326,-0.968019,2
4443,1847,30,230,1733,42,132,8457,5357,13814,-0.0884941,0.244806,-0.965525,2
4367,1740,30,218,1654,40,122,8171,5645,13816,-0.0642157,0.294629,-0.953452,2
2966,1165,20,146,1122,27,83,5529,3814,9343,-0.0789238,0.327126,-0.941679,2
2562,1005,17,129,1024,28,75,4840,2568,7408,-0.0726012,0.303956,-0.949916,2
3882,1508,26,197,1505,47,115,7280,5636,12916,-0.0700495,0.340952,-0.937467,2
4210,1593,38,196,1533,43,114,7727,4387,12114,0.0172575,0.323228,-0.946164,2
2602,1033,18,133,986,24,73,4869,2824,7693,-0.0742145,0.263081,-0.961915,2
4254,1558,26,195,1430,41,108,7612,3942,11554,-0.0918429,0.306832,-0.947322,2
3866,1468,33,217,1402,35,105,7126,4811,11937,-0.0860588,0.340441,-0.936319,2
3792,1447,25,185,1455,33,109,7046,3953,10999,-0.107577,0.266235,-0.957886,2
3780,1499,26,190,1387,32,132,7046,5186,12232,-0.0961548,0.311427,-0.945393,2
2689,984,18,129,943,24,71,4858,2047,6905,-0.0930687,0.316505,-0.944014,2
3750,1446,26,186,1391,34,106,6939,3718,10657,-0.0900775,0.354389,-0.930749,2
3842,1472,26,194,1457,32,113,7136,3511,10647,-0.0548001,0.415503,-0.90794,2
4196,1695,27,211,1703,45,128,8005,3579,11584,-0.101927,0.383663,-0.917831,2
2728,1243,19,152,1179,24,84,5429,2007,7436,-0.0530332,0.407989,-0.911445,2
3554,1685,25,206,1653,33,120,7276,3145,10421,-0.0651999,0.387366,-0.919618,2
3662,1696,24,209,1740,35,122,7488,2930,10418,-0.0603585,0.348741,-0.935274,2
3628,1676,25,236,1639,35,120,7359,3783,11142,-0.0564977,0.385785,-0.920857,2
4118,1914,27,234,1854,39,134,8320,4029,12349,-0.0414431,0.359009,-0.932414,2
4099,2008,29,245,1937,41,141,8500,3309,11809,-0.0338604,0.416848,-0.908345,2
4288,2152,28,263,2121,42,150,9044,3401,12445,-0.0552478,0.366173,-0.928905,2
4229,2482,28,297,2366,48,164,9614,2810,12424,-0.0547938,0.361432,-0.930787,2
3880,2541,27,299,2521,56,173,9497,2865,12362,-0.00272601,0.107952,-0.994152,2
4018,2877,26,324,2770,61,187,10263,3095,13358,9.65497e-05,0.123337,-0.992365,2
2942,2242,20,261,2203,43,148,7859,2238,10097,-0.0417662,0.342118,-0.938728,2
3866,2978,27,380,2978,80,237,10546,2461,13007,-0.0483801,0.380276,-0.923607,2
3888,3073,31,421,3064,36,210,10723,1867,12590,-0.0778725,0.345136,-0.935317,2
2880,2536,24,393,2769,28,198,8828,1432,10260,-0.029589,0.360089,-0.932449,2
4859,3956,35,483,3921,42,272,13568,2295,15863,-0.0640593,0.396946,-0.915604,2
5042,4162,35,485,4088,43,276,14131,1504,15635,-0.0475232,0.364224,-0.930098,2
3406,2928,25,342,2878,30,193,9802,1403,11205,-0.0530423,0.341571,-0.938358,2
5002,4385,35,511,4385,42,291,14651,1578,16229,-0.00778097,0.355386,-0.934687,2
2831,2544,19,285,2454,23,158,8314,1179,9493,-0.0256384,0.351309,-0.935909,2
5193,5009,53,546,4612,40,303,15756,1454,17210,-0.0265086,0.348108,-0.93708,2
2646,2411,18,259,2257,28,145,7764,1135,8899,-0.0243807,0.326576,-0.944856,2
2991,2484,21,277,2734,34,161,8702,1387,10089,-0.0139062,0.36038,-0.932702,2
3585,2754,27,313,2737,30,179,9625,1773,11398,-0.0552886,0.355541,-0.933024,2
4204,2911,37,339,2814,49,186,10540,2243,12783,-0.0613829,0.377695,-0.923893,2
4003,2443,31,283,2379,45,163,9347,2604,11951,-0.0231085,0.348359,-0.937076,2
3873,2066,30,252,2209,98,152,8680,3150,11830,-0.0230379,0.338653,-0.940629,2
3889,1683,29,204,1644,46,122,7617,2782,10399,-0.214902,0.522604,-0.825046,2
3891,1287,29,168,1209,38,92,6714,4365,11079,-0.210472,0.504771,-0.837202,2
4446,1132,38,156,1095,40,87,6994,4016,11010,-0.230792,0.525762,-0.818724,2
4535,835,27,116,719,37,61,6330,5326,11656,-0.00631754,0.384719,-0.923012,2
2946,472,18,71,404,21,36,3968,3330,7298,0.0268124,0.371415,-0.92808,2
4229,599,26,92,628,42,70,5686,8533,14219,0.0995985,0.242147,-0.965114,2
4192,520,28,84,461,30,44,5359,7508,12867,0.0460597,0.392997,-0.918385,2
4332,479,27,78,462,32,44,5454,7019,12473,0.0462294,0.440802,-0.896413,2
2491,249,15,40,208,28,29,3060,2773,5833,0.0401182,0.41434,-0.909237,2
1616,162,11,30,138,11,13,1981,1965,3946,0.0870497,0.391746,-0.915946,2
4783,453,26,78,398,31,39,5808,4308,10116,0.0566906,0.426007,-0.902942,2
4772,402,42,72,352,29,37,5706,3881,9587,0.0843574,0.416421,-0.90525,2
2819,224,17,39,189,18,21,3327,3918,7245,0.0887679,0.366902,-0.926014,2
4237,360,27,65,300,28,33,5050,4098,9148,0.085703,0.377509,-0.922031,2
4281,420,26,75,353,36,37,5228,4998,10226,0.0555379,0.401988,-0.913959,2
2839,291,19,49,251,28,26,3503,3290,6793,0.0840611,0.339556,-0.936822,2
4096,423,27,72,362,29,37,5046,7763,12809,0.072764,0.330386,-0.941037,2
3688,322,24,58,268,33,29,4422,5219,9641,-0.0318157,0.384004,-0.922783,2
4581,379,38,72,311,36,36,5453,8194,13647,-0.0208178,0.355721,-0.93436,2
4044,330,29,62,273,35,32,4805,4781,9586,0.034473,0.220294,-0.974824,2
1677,158,28,27,132,14,14,2050,2255,4305,0.0314383,-0.0158584,-0.99938,2
1441,151,10,26,126,11,12,1777,1924,3701,0.0708809,0.299538,-0.951448,2
4067,611,34,99,531,41,57,5440,4526,9966,0.0307149,0.360886,-0.932104,2
4073,852,29,115,733,33,61,5896,3122,9018,0.0746181,0.331493,-0.940502,2
4178,968,29,130,898,35,72,6310,4175,10485,0.0373784,0.352936,-0.9349,2
4437,1251,30,163,1173,36,87,7177,4813,11990,0.075463,0.356295,-0.931321,2
3030,1070,21,134,1029,27,74,5385,2487,7872,-0.00261713,0.409493,-0.91231,2
4995,1975,31,242,1908,39,135,9325,2544,11869,-0.0508551,0.384974,-0.921525,2
3323,1802,20,215,1760,32,139,7291,1705,8996,-0.0400583,0.392536,-0.918864,2
5215,3418,40,401,3345,60,228,12707,1519,14226,-0.0996235,0.405594,-0.908608,2
3017,2352,17,263,2317,32,149,8147,1340,9487,-0.0687692,0.376298,-0.923943,2
6011,5062,48,578,5579,43,326,17647,1697,19344,-0.0947427,0.37802,-0.920937,2
3837,2932,16,334,2912,23,191,10245,1492,11737,-0.0710671,0.336956,-0.938834,2
4419,3665,19,412,3635,43,235,12428,1401,13829,-0.0874618,0.318252,-0.943963,2
4993,4823,21,544,5299,50,311,16041,1360,17401,-0.0848866,0.344213,-0.935046,2
4059,3787,17,417,3710,27,232,12249,1101,13350,-0.0702553,0.31907,-0.945124,2
2947,3037,14,330,3040,24,188,9580,942,10522,-0.0712944,0.304884,-0.949717,2
5230,5457,23,608,5445,56,333,17152,1469,18621,-0.0394485,0.323615,-0.945366,2
3339,2952,13,321,2911,26,180,9742,1293,11035,-0.0506016,0.332048,-0.941904,2
5095,5232,25,588,5792,52,320,17104,2356,19460,-0.0632462,0.340675,-0.938051,2
5423,3787,19,394,3142,28,158,12951,1179,14130,-0.0605503,0.352149,-0.933983,2
2376,1777,15,196,1732,24,117,6237,1129,7366,-0.0586565,0.323207,-0.944509,2
2571,1593,14,187,1606,28,109,6108,1199,7307,-0.0553945,0.345288,-0.936861,2
5285,2706,29,318,2740,44,220,11342,1965,13307,-0.0865116,0.359196,-0.929244,2
3489,1490,20,196,1432,31,123,6781,1760,8541,-0.0731864,0.377868,-0.922963,2
2905,1083,17,127,1004,23,70,5229,1815,7044,-0.0999327,0.37067,-0.923373,2
5541,1800,30,228,1796,53,146,9594,3418,13012,-0.0828729,0.417278,-0.904992,2
4938,1730,31,219,1677,42,125,8762,6603,15365,-0.103937,0.448724,-0.887605,2
4376,1151,21,163,1121,29,81,6942,3108,10050,-0.0925901,0.458667,-0.883771,2
1746,577,10,73,571,15,41,3033,2167,5200,-0.091152,0.376346,-0.921984,2
4746,1578,29,199,1504,38,110,8204,5185,13389,-0.0790859,0.346319,-0.934777,2
4679,1578,31,197,1560,44,113,8202,8048,16250,-0.0937021,0.408979,-0.90772,2
2810,615,13,81,612,21,46,4198,4400,8598,-0.0921252,0.360754,-0.9281,2
1212,370,18,49,357,15,33,2054,10123,12177,-0.0264877,0.229805,-0.972876,2
1333,378,9,51,364,12,27,2174,3288,5462,0.0177927,0.343523,-0.938976,2
3691,972,38,142,974,30,70,5917,9842,15759,0.030515,0.406655,-0.913072,2
3439,847,20,114,816,31,63,5330,7469,12799,-0.056109,0.320045,-0.945739,2
2434,661,16,86,618,28,47,3890,6423,10313,-0.0855932,0.360043,-0.929001,2
3986,1150,27,152,1114,37,82,6548,6321,12869,-0.0337238,0.31919,-0.947091,2
4144,1165,26,179,1146,35,87,6782,6878,13660,-0.0537752,0.282592,-0.957732,2
2665,851,19,119,800,22,60,4536,3714,8250,-0.0206934,0.230618,-0.972824,2
3510,1101,22,143,1147,38,85,6046,4638,10684,-0.0964137,0.465193,-0.879943,2
4017,1255,26,162,1146,35,88,6729,4210,10939,-0.087384,0.487566,-0.868702,2
3853,1457,27,178,1341,37,103,6996,3654,10650,-0.0703391,0.451672,-0.889407,2
3903,1464,33,187,1392,34,102,7115,3393,10508,-0.0862626,0.466667,-0.880216,2
4148,1704,35,205,1573,38,129,7832,3283,11115,-0.0988749,0.390769,-0.915163,2
4012,1927,29,228,1779,40,126,8141,3303,11444,-0.110414,0.416125,-0.902579,2
4297,2085,28,253,2069,33,145,8910,3009,11919,-0.0969452,0.437706,-0.893877,2
5030,2320,29,284,2219,36,157,10075,3214,13289,-0.0817209,0.464709,-0.881684,2
2993,1770,20,229,1708,25,118,6863,2044,8907,-0.0895506,0.41169,-0.906914,2
5005,2859,29,351,2724,48,187,11203,4271,15474,-0.0706625,0.418607,-0.905414,2
3071,2295,22,339,2689,26,149,8591,1976,10567,-0.08837,0.433524,-0.896798,2
4489,3305,29,394,3239,37,224,11717,4831,16548,-0.0901088,0.425275,-0.900567,2
3192,2595,25,354,2514,37,164,8881,3014,11895,-0.0749264,0.350451,-0.933579,2
4290,3134,28,376,3127,40,219,11214,3190,14404,-0.0952217,0.367379,-0.925184,2
4548,3253,42,434,3206,44,223,11750,2155,13905,-0.0692571,0.399777,-0.913992,2
2593,2297,16,229,1868,20,127,7150,1115,8265,-0.0513229,0.38239,-0.922575,2
5053,3904,34,466,3927,41,265,13690,1590,15280,-0.0864909,0.416517,-0.905004,2
2842,2186,17,254,2345,25,154,7823,1223,9046,-0.0734839,0.415686,-0.906535,2
3299,2792,24,315,2704,29,179,9342,1476,10818,-0.1062,0.395576,-0.912273,2
3296,2554,21,313,2703,26,168,9081,1481,10562,-0.064732,0.42988,-0.900563,2
3254,2651,25,264,2275,31,148,8648,1421,10069,-0.0553448,0.380985,-0.922923,2
4578,3219,44,353,3305,36,204,11739,2534,14273,-0.0444838,0.425599,-0.903818,2
4796,2859,37,357,2643,59,176,10927,2157,13084,-0.0603424,0.420039,-0.905498,2
2809,1482,19,179,1436,45,103,6073,2068,8141,-0.00954498,0.36608,-0.930534,2
3586,1623,30,237,1565,31,114,7186,3118,10304,0.0389419,0.131219,-0.990588,2
3490,1318,26,179,1300,54,100,6467,2921,9388,-0.0396843,0.374482,-0.926385,2
3519,979,26,175,927,26,77,5729,3501,9230,-0.0291215,0.376586,-0.925924,2
4255,842,27,127,840,29,70,6190,3656,9846,-0.0439572,0.369506,-0.928188,2
4104,792,33,148,899,37,60,6073,3749,9822,-0.0532057,0.386612,-0.920707,2
4015,611,27,93,596,27,50,5419,4646,10065,-0.0552396,0.398839,-0.915356,2
4747,753,31,103,595,31,56,6316,5709,12025,-0.0172091,0.400957,-0.915935,2
3032,358,24,61,327,18,30,3850,3649,7499,-0.0507868,0.376318,-0.925098,2
4730,500,27,86,426,29,41,5839,5718,11557,-0.0296623,0.393115,-0.919011,2
3072,430,19,59,303,20,39,3942,4852,8794,0.00406391,0.40667,-0.913566,2
4232,469,27,76,413,29,39,5285,7505,12790,-0.0253025,0.36805,-0.929462,2
2966,327,19,52,291,20,28,3703,5140,8843,-0.00772603,0.363861,-0.931421,2
3861,457,25,71,378,26,36,4854,8458,13312,-0.000771715,0.416355,-0.909202,2
4796,509,28,82,455,30,43,5943,7326,13269,0.0294233,0.407547,-0.91271,2
3139,329,18,55,299,19,28,3887,4675,8562,0.0115898,0.460342,-0.887666,2
1933,190,12,31,164,12,16,2358,2648,5006,0.0506117,0.332423,-0.941771,2
1862,184,11,30,150,11,14,2262,2211,4473,0.0607901,0.385503,-0.920702,2
6794,474,29,78,469,34,45,7923,9228,17151,0.024285,0.454838,-0.890243,2
3136,353,19,57,306,22,29,3922,5705,9627,0.0546352,0.397265,-0.916076,2
2686,271,14,43,241,23,22,3300,3133,6433,0.0532614,0.413781,-0.908817,2
4350,569,28,89,503,36,47,5622,8274,13896,-0.0232002,0.451231,-0.892106,2
4445,585,30,91,530,30,47,5758,5565,11323,-0.0287962,0.409445,-0.91188,2
3036,404,23,72,385,34,36,3990,4414,8404,-0.0612365,0.371958,-0.926228,2
4257,594,29,93,547,35,49,5604,5730,11334,0.061447,0.416682,-0.906973,2
2922,462,20,70,398,25,35,3932,2383,6315,-0.054812,0.342735,-0.937832,2
4858,789,29,116,759,35,66,6652,4173,10825,-0.0187546,0.397424,-0.917444,2
3018,722,21,126,686,26,71,4670,2541,7211,-0.00962389,0.309058,-0.950995,2
4022,1651,26,185,1373,30,100,7387,3256,10643,-0.0319237,0.334813,-0.941744,2
4426,2152,27,300,2030,33,146,9114,2435,11549,-0.0180447,0.435956,-0.899787,2
3347,2252,19,239,2009,30,134,8030,1630,9660,-0.0418276,0.450936,-0.891576,2
3815,2711,24,297,2588,34,191,9660,1624,11284,-0.0483626,0.382599,-0.922648,2
3975,3198,19,358,2981,33,194,10758,1608,12366,-0.0801574,0.420411,-0.903786,2
3171,2464,15,303,2455,26,165,8599,1097,9696,-0.0615548,0.407476,-0.911139,2
6430,5542,32,623,4759,59,241,17686,1352,19038,-0.0833543,0.422218,-0.902654,2
3425,2956,18,325,2891,30,212,9857,1105,10962,-0.0985083,0.362449,-0.926783,2
2729,2561,14,286,2559,38,192,8379,1212,9591,-0.0556642,0.381801,-0.922567,2
5839,4444,29,573,4322,66,285,15558,1778,17336,-0.036067,0.381162,-0.923804,2
2981,1863,18,229,1848,26,126,7091,1241,8332,-0.0349908,0.31273,-0.949197,2
5387,2793,28,343,2666,41,228,11486,2846,14332,-0.0733651,0.327938,-0.941846,2
3496,1516,19,191,1532,32,110,6896,1778,8674,-0.0691519,0.346721,-0.935416,2
3405,1249,20,162,1256,28,91,6211,1905,8116,-0.0747844,0.345469,-0.935445,2
5010,1664,47,240,1619,38,130,8748,3657,12405,-0.0623955,0.408493,-0.910626,2
3338,1107,21,146,1151,31,82,5876,2592,8468,-0.0685969,0.381674,-0.921748,2
4986,1914,44,214,1535,39,116,8848,3244,12092,-0.091566,0.40698,-0.908836,2
3486,1092,22,141,1041,41,76,5899,3060,8959,-0.0901215,0.402838,-0.910824,2
4198,1737,29,184,1343,36,99,7626,5615,13241,-0.107281,0.385834,-0.916309,2
2900,974,18,122,920,33,81,5048,2790,7838,-0.104737,0.382879,-0.917842,2
4626,1721,29,196,1455,44,110,8181,5073,13254,-0.0969629,0.38894,-0.916146,2
2891,1003,19,129,937,29,95,5103,3340,8443,-0.0772118,0.377141,-0.922932,2
4049,1653,27,188,1335,40,101,7393,4354,11747,-0.0935033,0.447126,-0.88957,2
3939,1353,26,181,1333,40,103,6975,3302,10277,-0.0310371,0.414795,-0.909385,2
3950,1284,26,172,1244,45,96,6817,2532,9349,-0.0546007,0.415386,-0.908005,2
3842,1320,25,174,1305,37,97,6800,2482,9282,-0.0847031,0.410236,-0.908038,2
3839,1381,25,181,1381,33,104,6944,2786,9730,-0.0684063,0.482979,-0.872956,2
3888,1571,26,237,1454,32,106,7314,2747,10061,-0.0821031,0.457181,-0.885576,2
3932,1525,26,200,1512,33,112,7340,2291,9631,-0.0924829,0.473491,-0.87593,2
2734,1180,20,146,1084,30,79,5273,1672,6945,-0.0913437,0.421837,-0.902059,2
4041,1612,25,201,1478,39,111,7507,3404,10911,-0.11005,0.376994,-0.919655,2
3984,1473,30,191,1442,56,109,7285,4037,11322,-0.103882,0.26915,-0.957479,2
4109,1533,27,197,1453,60,108,7487,3664,11151,-0.00959934,0.127697,-0.991767,2
4856,1763,27,223,1681,52,124,8726,2823,11549,-0.000675711,0.123815,-0.992305,2
4217,1938,28,244,1901,32,138,8498,2301,10799,-0.00772634,0.14773,-0.988998,2
4803,2329,28,281,2290,32,162,9925,2106,12031,-0.0066172,0.199433,-0.979889,2
4417,2724,28,319,2582,37,183,10290,1780,12070,-0.0310924,0.220552,-0.97488,2
4627,2680,28,364,2650,49,192,10590,2191,12781,-0.0201928,0.234442,-0.97192,2
4679,2647,27,351,2595,39,187,10525,2368,12893,-0.0320774,0.26974,-0.962399,2
3273,1778,21,219,1716,26,123,7156,1752,8908,-0.0395229,0.26949,-0.962192,2
4837,2424,28,305,2274,41,215,10124,2338,12462,-0.0210891,0.264198,-0.964238,2
3346,1913,23,211,1603,32,117,7245,1584,8829,0.00731046,0.191269,-0.98151,2
4913,2554,37,416,2589,41,173,10723,1551,12274,0.00305311,0.269552,-0.962981,2
3400,1700,22,213,1670,54,117,7176,1478,8654,0.00229779,0.199969,-0.9798,2
4496,1963,26,249,2168,42,182,9126,1949,11075,0.0032838,0.221023,-0.975263,2
2929,1113,19,145,1052,77,79,5414,1779,7193,0.00233555,0.209173,-0.977876,2
5357,1454,28,199,1443,51,112,8644,2729,11373,-0.00116347,0.172311,-0.985042,2
2872,945,19,124,912,30,83,4985,2373,7358,-0.184882,0.383805,-0.904717,2
4139,1203,26,163,1318,52,96,6997,3976,10973,-0.0673952,0.622481,-0.779728,2
4245,954,26,137,877,33,73,6345,3257,9602,-0.0157988,0.669123,-0.742983,2
4025,758,25,115,711,45,62,5741,12038,17779,-0.147399,0.501316,-0.852617,2
2086,321,14,50,296,17,27,2811,5882,8693,-0.192943,0.513178,-0.836314,2
3876,526,26,84,480,29,45,5066,4042,9108,-0.213018,0.646398,-0.732662,2
3952,494,27,80,444,31,43,5071,3360,8431,0.01167,0.144395,-0.989451,2
4106,341,19,58,303,18,29,4874,1932,6806,0.0102873,0.126083,-0.991966,2
2068,227,13,39,198,13,20,2578,1545,4123,0.013356,0.128758,-0.991586,2
4152,462,25,80,421,29,44,5213,5930,11143,-0.101372,0.428587,-0.897796,2
4204,488,26,78,445,35,43,5319,10122,15441,-0.0689047,0.393835,-0.916595,2
2740,230,16,40,199,17,20,3262,7579,10841,-0.0637968,0.385933,-0.920318,2
2830,278,19,49,266,20,28,3490,7004,10494,-0.0663714,0.384771,-0.920623,2
4766,447,29,75,386,37,40,5780,10404,16184,-0.0510133,0.418626,-0.906725,2
4713,503,28,77,385,29,38,5773,8480,14253,-0.0628525,0.482508,-0.873634,2
2461,221,12,31,157,12,16,2910,3889,6799,-0.0730038,0.45728,-0.886321,2
1286,124,8,21,105,11,11,1566,1681,3247,0.00276304,0.367285,-0.930104,2
1363,143,9,24,123,9,12,1683,2540,4223,-0.0150279,0.381843,-0.924105,2
4287,477,26,103,439,46,47,5425,7860,13285,-0.0887362,0.289731,-0.952986,2
4238,520,27,77,418,28,41,5349,4191,9540,-0.0151394,0.394655,-0.918705,2
2895,300,19,51,261,20,26,3572,2753,6325,-0.0330595,0.289461,-0.956619,2
4295,460,27,78,403,37,40,5340,2924,8264,-0.0655517,0.323837,-0.943839,2
5260,545,37,113,420,39,42,6456,3238,9694,-0.0652184,0.337186,-0.939176,2
4257,821,30,103,597,32,51,5891,2538,8429,-0.0492334,0.332917,-0.94167,2
2951,708,22,94,630,24,51,4480,2044,6524,-0.0631862,0.418607,-0.905967,2
4279,1256,30,168,1206,33,92,7064,2803,9867,-0.0746702,0.370236,-0.925932,2
4457,1772,30,217,1699,30,123,8328,2248,10576,-0.0367413,0.260495,-0.964776,2
3380,1938,30,205,1619,28,112,7312,2101,9413,-0.0373476,0.400614,-0.915485,2
4594,2815,26,374,2772,58,190,10829,2264,13093,-0.0563796,0.419909,-0.905813,2
3601,2552,22,289,2437,88,162,9151,1607,10758,-0.0486938,0.424372,-0.904178,2
6003,4411,30,550,4325,59,281,15659,1846,17505,-0.071364,0.443199,-0.893578,2
3317,2473,17,314,2391,32,170,8714,1234,9948,-0.0605497,0.377573,-0.923998,2
3267,2721,16,288,2516,34,162,9004,1537,10541,-0.0595655,0.3744,-0.925352,2
6562,5141,32,662,4226,45,227,16895,1649,18544,-0.0279417,0.357825,-0.93337,2
5979,3381,24,407,2696,35,165,12687,1771,14458,-0.0306301,0.300379,-0.953328,2
2427,1728,12,194,1694,34,111,6200,1255,7455,-0.0145557,0.277404,-0.960643,2
3951,2440,19,330,2474,31,162,9407,2312,11719,-0.0490427,0.339571,-0.939301,2
5295,2518,26,360,2552,39,175,10965,2375,13340,-0.0690009,0.314699,-0.94668,2
3409,1529,21,185,1546,35,106,6831,2218,9049,-0.0547204,0.307438,-0.949993,2
3314,1433,19,193,1403,29,96,6487,2346,8833,-0.0708589,0.315922,-0.946136,2
5060,1568,30,237,1590,50,114,8649,3167,11816,-0.0811132,0.340341,-0.936797,2
3049,1116,19,140,1100,25,96,5545,2804,8349,-0.0705015,0.30702,-0.949088,2
5699,1709,30,237,1675,44,125,9519,4787,14306,-0.0614488,0.36134,-0.930407,2
2507,858,17,110,822,21,60,4395,2927,7322,-0.0471713,0.345337,-0.937293,2
4705,1534,29,196,1466,43,108,8081,6562,14643,-0.0562334,0.373313,-0.926,2
3070,1047,20,130,963,32,72,5334,4824,10158,-0.0647183,0.392937,-0.917285,2
4208,1367,27,178,1310,42,102,7234,5487,12721,-0.0807064,0.480207,-0.873434,2
2756,870,17,166,843,26,64,4742,1267,6009,-0.071611,0.379341,-0.922481,2
1664,546,12,71,519,16,51,2879,1065,3944,-0.0684555,0.397532,-0.915031,2
1902,608,15,82,708,23,54,3392,1478,4870,-0.0882265,0.393931,-0.914896,2
3958,1210,26,162,1174,44,93,6667,2805,9472,-0.0884531,0.396231,-0.91388,2
3996,1258,24,187,1208,32,94,6799,2674,9473,-0.0766731,0.405119,-0.911043,2
4016,1282,27,180,1251,34,97,6887,2590,9477,-0.0740496,0.413486,-0.907494,2
4065,1413,26,186,1426,33,108,7257,2741,9998,-0.0707064,0.438709,-0.895843,2
4123,1583,26,198,1518,42,142,7632,3082,10714,-0.0926597,0.434521,-0.895883,2
4066,1555,27,204,1579,33,119,7583,2946,10529,-0.0956802,0.317046,-0.943572,2
2790,1184,19,147,1165,22,85,5412,2826,8238,-0.0752423,0.236826,-0.968634,2
4051,1773,27,240,1727,35,128,7981,3402,11383,-0.0516792,0.222654,-0.973527,2
4134,1922,33,396,2408,35,140,9068,1707,10775,-0.0430092,0.204404,-0.977941,2
2898,1507,18,176,1399,23,99,6120,1516,7636,-0.0459126,0.187639,-0.981164,2
4510,2456,29,294,2418,42,204,9953,2133,12086,-0.0433043,0.217799,-0.975032,2
4639,2284,29,342,2250,44,216,9804,1590,11394,-0.0135522,0.239887,-0.970706,2
2436,1057,18,133,1010,31,74,4759,1290,6049,-0.00262843,0.25616,-0.966631,2
4909,1983,29,277,1925,55,154,9332,1962,11294,-0.00226482,0.28119,-0.95965,2
3311,1421,20,177,1389,57,102,6477,1851,8328,-0.00458784,0.244997,-0.969513,2
4197,1679,26,206,1602,30,115,7855,3085,10940,-0.0112214,0.251936,-0.967679,2
4004,1561,25,194,1487,38,109,7418,1890,9308,-0.167398,0.375394,-0.911623,2
3534,1265,28,159,1219,37,92,6334,5515,11849,-0.209426,0.451001,-0.867605,2
2556,640,16,85,594,30,47,3968,3847,7815,-0.190442,0.449207,-0.872895,2
3366,591,21,86,535,29,46,4674,3578,8252,-0.0285647,0.167407,-0.985474,2
4165,538,27,83,483,31,45,5372,3121,8493,-0.0116048,0.155723,-0.987733,2
4167,372,45,67,391,45,43,5130,6474,11604,-0.0631304,0.313989,-0.947325,2
2877,237,18,43,200,24,22,3421,2878,6299,-0.0516583,0.315044,-0.94767,2
4366,340,26,80,294,39,33,5178,4638,9816,-0.0613572,0.354847,-0.932909,2
4487,318,26,59,267,32,31,5220,6684,11904,-0.0517042,0.363285,-0.930242,2
4199,278,24,53,223,30,26,4833,5589,10422,-0.050449,0.376355,-0.925101,2
4423,250,24,49,202,34,24,5006,6434,11440,-0.032573,0.334779,-0.941734,2
2967,157,17,32,127,23,16,3339,4729,8068,-0.0288686,0.390943,-0.919962,2
4486,235,28,47,184,29,23,5032,5553,10585,-0.0241045,0.340701,-0.939863,2
4314,204,26,44,158,28,22,4796,11444,16240,-0.0206997,0.294002,-0.955581,2
1810,87,12,19,63,11,9,2011,7667,9678,-0.0387405,0.335503,-0.941242,2
4094,183,27,42,134,27,20,4527,4877,9404,-0.0771047,0.396579,-0.914757,2
2135,101,15,21,65,14,10,2361,2366,4727,-0.00267351,0.269354,-0.963038,2
4566,248,41,69,178,46,32,5180,6497,11677,-0.0762695,0.404768,-0.911233,2
4372,170,28,41,115,29,19,4774,4268,9042,-0.0927301,0.397651,-0.912839,2
2822,135,19,31,94,19,14,3134,3008,6142,-0.036442,0.244255,-0.969026,2
2823,158,19,46,133,23,19,3221,2798,6019,-0.0575406,0.327115,-0.943231,2
3244,251,23,48,239,37,31,3873,2273,6146,-0.0443744,0.231157,-0.971904,2
4141,400,28,72,352,42,35,5070,3723,8793,0.0744876,0.113184,-0.990778,2
4136,664,29,102,592,34,53,5610,2631,8241,-0.0412837,0.346681,-0.937074,2
4012,1040,27,140,974,29,74,6296,2345,8641,-0.0485066,0.330559,-0.942538,2
4586,1955,28,259,1829,43,131,8831,2643,11474,-0.0339026,0.315126,-0.948444,2
4445,2869,36,415,2636,34,181,10616,1726,12342,-0.0647624,0.424336,-0.903186,2
3570,2353,19,276,2330,41,158,8747,1711,10458,-0.0392824,0.342075,-0.938851,2
5351,3755,26,446,3741,50,266,13635,1769,15404,-0.0634389,0.432096,-0.899593,2
3047,2346,15,264,2307,29,149,8157,1408,9565,-0.0700357,0.32309,-0.943773,2
6721,4872,36,587,4412,53,222,16903,1578,18481,-0.0385888,0.302638,-0.952324,2
3287,2987,15,300,2541,39,169,9338,1229,10567,-0.0346777,0.299424,-0.95349,2
3929,2993,23,371,2963,49,192,10520,1615,12135,-0.0391643,0.292768,-0.955381,2
4850,3513,23,387,3343,69,216,12401,1339,13740,-0.0422343,0.227931,-0.972761,2
2646,1620,13,185,1587,34,107,6192,997,7189,-0.0334115,0.169188,-0.985017,2
5287,2692,27,326,2622,44,191,11189,2277,13466,-0.0371966,0.194039,-0.980288,2
4481,2035,27,287,2395,52,178,9455,1669,11124,-0.0472097,0.188896,-0.980862,2
5024,2005,30,243,1719,38,96,9155,1858,11013,-0.0293051,0.22973,-0.972813,2
2616,1066,16,126,995,32,70,4921,1816,6737,-0.0514342,0.195431,-0.979368,2
4465,1631,27,199,1513,56,110,8001,4242,12243,-0.0338964,0.304961,-0.951761,2
4080,1312,26,170,1303,34,98,7023,3056,10079,-0.0371247,0.291068,-0.955982,2
4046,1343,27,180,1313,37,101,7047,4890,11937,-0.0322303,0.398676,-0.916525,2
3957,1325,32,185,1233,47,97,6876,2640,9516,-0.0266802,0.364972,-0.930636,2
3615,860,18,113,784,29,60,5479,1354,6833,-0.0362402,0.299531,-0.953398,2
1567,514,13,85,517,16,39,2751,975,3726,-0.0276508,0.306197,-0.951567,2
3879,1154,24,213,1076,43,84,6473,2282,8755,-0.024158,0.323266,-0.946,2
3709,1227,24,161,1138,48,88,6395,2765,9160,-0.0270436,0.339711,-0.940141,2
4105,1321,25,175,1296,45,97,7064,2263,9327,-0.0320103,0.352143,-0.935399,2
3823,1808,27,195,1566,42,111,7572,2131,9703,-0.0432957,0.339924,-0.939456,2
3989,1623,26,204,1566,50,115,7573,2274,9847,-0.0379011,0.375341,-0.926111,2
3985,1786,27,219,1760,44,138,7959,2328,10287,-0.047034,0.333826,-0.941461,2
4210,1939,27,237,1888,39,134,8474,2433,10907,-0.0374516,0.282627,-0.958499,2
4280,2109,27,276,2118,42,149,9001,2555,11556,-0.0586445,0.330055,-0.942138,2
4230,2347,29,285,2255,50,158,9354,2316,11670,-0.0401584,0.311684,-0.949337,2
4208,2506,27,297,2542,42,172,9794,2296,12090,-0.0521656,0.319907,-0.946012,2
4279,2550,29,309,2531,57,178,9933,1746,11679,-0.0290029,0.337498,-0.940879,2
2956,1847,19,222,1852,38,139,7073,1474,8547,-0.0398053,0.2915,-0.955742,2
4498,2951,31,357,2842,78,196,10953,2277,13230,-0.0383724,0.295496,-0.954573,2
4593,3156,45,391,3124,56,202,11567,2305,13872,-0.0517738,0.249121,-0.967087,2
4633,3133,34,402,3050,42,206,11500,1873,13373,-0.0308515,0.255789,-0.96624,2
7038,3111,29,346,1944,28,111,12607,1275,13882,-0.0203235,0.178263,-0.983773,2
1645,1115,11,132,1103,21,74,4101,868,4969,-0.0274585,0.230332,-0.972725,2
4169,2935,37,330,2816,53,187,10527,2117,12644,-0.0369136,0.215487,-0.975809,2
4601,3103,33,425,3008,68,209,11447,2203,13650,-0.0317401,0.237948,-0.970759,2
3068,2193,22,251,2095,46,148,7823,1588,9411,-0.0292168,0.242882,-0.969616,2
4566,3084,31,363,3024,46,206,11320,2751,14071,-0.0239048,0.216082,-0.976083,2
4690,2566,33,252,2052,46,139,9778,1310,11088,-0.0249278,0.250342,-0.967836,2
1828,1279,15,134,1138,18,75,4487,825,5312,-0.014593,0.211136,-0.977348,2
1627,1155,12,136,1134,20,77,4161,897,5058,-0.041147,0.237328,-0.970558,2
4441,3054,31,360,2987,49,205,11127,2280,13407,-0.0308846,0.258697,-0.965465,2
4674,3086,31,396,3017,58,209,11471,2278,13749,-0.0344789,0.223742,-0.974038,2
3225,2199,23,256,2102,31,144,7980,1592,9572,-0.0333719,0.199859,-0.979256,2
4567,3236,34,374,3021,46,210,11488,2482,13970,-0.0314921,0.224616,-0.973938,2
4703,3278,32,373,3099,74,212,11771,2540,14311,-0.0340167,0.228762,-0.972888,2
5484,3197,32,373,3221,72,260,12639,1678,14317,-0.0394529,0.248464,-0.967837,2
2379,1598,13,170,1300,25,90,5575,1063,6638,-0.0295394,0.208405,-0.977596,2
1379,981,10,115,937,14,64,3500,727,4227,-0.0058803,0.178573,-0.983909,2
4500,3295,32,379,3166,64,233,11669,3585,15254,-0.0326754,0.204293,-0.978364,2
4927,3365,30,375,3167,44,213,12121,1867,13988,-0.0398836,0.229872,-0.972403,2
3128,2194,22,251,2200,36,145,7976,2196,10172,-0.0146039,0.194553,-0.980783,2
4245,2823,29,333,2815,63,189,10497,2115,12612,-0.0336622,0.225272,-0.973714,2
4222,2852,28,359,2846,66,206,10579,1521,12100,-0.0323657,0.218964,-0.975196,2
2872,1982,20,234,1944,50,132,7234,1487,8721,-0.0332397,0.228003,-0.973093,2
4814,3227,31,373,3257,65,215,11982,2682,14664,-0.0307159,0.193943,-0.980532,2
4583,3306,30,370,3646,60,224,12219,2107,14326,-0.0312034,0.20934,-0.977345,2
3260,2107,21,254,2241,30,150,8063,1889,9952,-0.0235682,0.19954,-0.979606,2
4345,2921,47,377,2750,65,187,10692,2215,12907,-0.0299327,0.234448,-0.971668,2
4200,2815,27,330,2794,42,204,10412,2301,12713,-0.0171734,0.205389,-0.97853,2
4188,2853,29,359,2809,72,189,10499,2233,12732,-0.0401477,0.218535,-0.975003,2
2877,2036,20,238,1932,38,133,7274,1862,9136,-0.0307723,0.218341,-0.975387,2
4904,3182,32,369,3075,74,209,11845,2283,14128,-0.0209914,0.20687,-0.978143,2
4848,2751,29,334,2819,42,190,11013,2004,13017,-0.0420367,0.222163,-0.974103,2
2883,2021,21,233,1910,34,132,7234,1642,8876,-0.0263932,0.234265,-0.971814,2
4007,2495,28,298,2485,58,171,9542,1952,11494,-0.0288075,0.184577,-0.982396,2
3727,2581,29,297,2897,43,172,9746,1936,11682,-0.0307778,0.215666,-0.975982,2
4437,2477,27,321,2486,51,169,9968,2156,12124,-0.0418085,0.236654,-0.970694,2
4998,3218,34,371,2987,60,203,11871,2700,14571,-0.0461209,0.188207,-0.981046,2
4048,2777,30,331,2700,44,185,10115,2906,13021,-0.0285859,0.179623,-0.98332,2
5128,2821,30,332,2711,44,186,11252,2466,13718,-0.0173053,0.173639,-0.984657,2
4113,2795,29,330,2853,55,191,10366,2142,12508,-0.0254632,0.180049,-0.983328,2
2969,1929,20,252,1919,34,132,7255,1545,8800,-0.0158767,0.189055,-0.981838,2
5544,2934,29,378,2813,43,187,11928,2141,14069,-0.0321089,0.234169,-0.971666,2
4243,2936,29,330,2723,46,188,10495,2820,13315,-0.0374657,0.213244,-0.97628,2
3027,2046,21,239,1927,28,132,7420,1424,8844,-0.0439767,0.194951,-0.979827,2
4127,2793,29,329,2732,46,188,10244,2339,12583,-0.0340487,0.195075,-0.980197,2
4595,3106,41,366,3064,56,231,11459,2530,13989,-0.0175008,0.202203,-0.979187,2
4389,2129,23,253,2024,27,109,8954,1195,10149,-0.0300437,0.184276,-0.982415,2
1952,1307,16,155,1272,24,87,4813,916,5729,-0.022195,0.18336,-0.982795,2
4591,3151,33,392,3057,62,210,11496,2596,14092,-0.0342488,0.199158,-0.979369,2
4562,3080,35,364,2998,57,207,11303,2587,13890,-0.0384526,0.194296,-0.980189,2
3169,2073,22,250,2073,39,143,7769,1715,9484,-0.0432807,0.209452,-0.976861,2
4629,3126,33,365,3153,61,208,11575,2422,13997,-0.022167,0.179248,-0.983554,2
3191,2272,26,357,2479,40,146,8511,1998,10509,-0.0509634,0.16187,-0.985495,2
3225,2173,28,256,2082,35,163,7962,1801,9763,-0.0383112,0.192605,-0.980528,2
4275,3122,34,368,2968,52,187,11006,2214,13220,-0.0408128,0.208003,-0.977276,2
4524,3207,34,371,3040,58,208,11442,2277,13719,-0.0460649,0.204579,-0.977766,2
4583,2992,32,361,2986,58,227,11239,2297,13536,-0.0354782,0.206138,-0.97788,2
2928,1982,21,234,1954,27,131,7277,1648,8925,-0.0294437,0.215232,-0.976119,2
4710,3221,32,364,2988,47,206,11568,2543,14111,-0.0754277,0.152033,-0.985493,2
4974,2830,30,327,2780,42,186,11169,1729,12898,-0.0221016,0.197481,-0.980058,2
2939,1957,20,231,1900,29,131,7207,1845,9052,-0.0170999,0.13074,-0.991269,2
4565,3086,49,349,2675,46,184,10954,2233,13187,-0.0412843,0.248733,-0.967692,2
4090,2706,28,325,2967,54,203,10373,2584,12957,-0.0366297,0.164693,-0.985665,2
4351,2913,31,332,2888,45,183,10743,2403,13146,-0.0282696,0.214712,-0.976268,2
4131,2770,30,333,2704,52,187,10207,2201,12408,-0.0486692,0.211215,-0.976227,2
4573,3084,32,359,2902,60,186,11196,2468,13664,-0.00430062,0.169111,-0.985588,2
4649,3038,31,363,3062,55,228,11426,2653,14079,-0.0532156,0.18882,-0.980569,2
3151,2102,22,248,2099,36,143,7801,1796,9597,-0.0450538,0.167518,-0.984839,2
3221,2162,22,249,2051,37,146,7888,1913,9801,-0.0212566,0.1682,-0.985524,3
4978,2990,30,328,2826,57,182,11391,2462,13853,-0.0449356,0.176716,-0.983236,3
4086,2766,28,323,2677,50,184,10114,2476,12590,-0.0507203,0.202382,-0.977992,3
4260,2814,29,355,2745,60,257,10520,2297,12817,-0.0357919,0.206569,-0.977777,3
4253,2886,50,384,2723,40,216,10552,2171,12723,-0.0280087,0.232651,-0.972157,3
2994,2017,22,236,1951,32,134,7386,1703,9089,-0.0275846,0.229515,-0.972914,3
4748,3194,40,378,2984,73,208,11625,2473,14098,-0.0504441,0.208913,-0.976632,3
4283,2780,31,330,2904,46,188,10562,1832,12394,-0.0672325,0.205925,-0.976255,3
3039,2012,22,239,1879,41,149,7381,1655,9036,-0.034451,0.244751,-0.968974,3
3045,1999,23,239,1943,30,141,7420,1875,9295,-0.0147317,0.219839,-0.975425,3
4801,3161,36,355,2786,49,200,11388,2648,14036,-0.0420827,0.209823,-0.976833,3
4484,2737,31,328,2687,60,186,10513,2223,12736,-0.04283,0.226202,-0.973138,3
2978,2010,21,253,1915,42,133,7352,2913,10265,-0.0310418,0.205544,-0.978155,3
4014,2444,26,295,2444,51,167,9441,2072,11513,-0.0304458,0.209459,-0.977343,3
4842,3173,39,368,3035,50,239,11746,2554,14300,-0.0410999,0.20388,-0.978133,3
4421,2861,29,329,2619,42,204,10505,2176,12681,-0.038718,0.208818,-0.977188,3
3035,2030,21,234,1945,37,133,7435,1749,9184,-0.00783427,0.202851,-0.979178,3
4161,2725,30,328,2651,54,185,10134,2708,12842,-0.00528305,0.192436,-0.981295,3
4392,2715,30,381,2656,57,185,10416,2487,12903,-0.0168122,0.201446,-0.979355,3
3103,1971,21,236,1949,42,131,7453,1851,9304,-0.0611426,0.197062,-0.978483,3
4436,2813,34,356,2629,74,185,10527,2412,12939,-0.00558913,0.222264,-0.974971,3
4761,3102,34,357,2635,42,184,11115,2772,13887,-0.0264611,0.240625,-0.970257,3
4444,3463,38,388,2799,59,188,11379,2609,13988,-0.0190054,0.200071,-0.979597,3
3071,1907,22,242,1977,35,136,7390,1807,9197,-0.039887,0.238361,-0.970357,3
4760,3124,33,364,2980,49,224,11534,2464,13998,-0.014332,0.202291,-0.97922,3
4916,3891,33,370,2977,56,241,12484,2122,14606,0.0156188,0.211505,-0.977252,3
2543,1549,17,187,1488,24,104,5912,1542,7454,-0.0311407,0.202411,-0.978805,3
4999,2539,29,308,2490,45,175,10585,2603,13188,-0.00586044,0.207848,-0.978143,3
4311,2606,28,306,2434,45,170,9900,2461,12361,0.00131195,0.194318,-0.980938,3
3058,1799,21,216,1809,43,122,7068,1682,8750,-0.0464284,0.186418,-0.981373,3
4312,2376,28,316,2517,58,183,9790,2669,12459,-0.0298273,0.209926,-0.977262,3
3846,2319,28,324,2374,49,162,9102,2021,11123,0.0146785,0.204735,-0.978707,3
2817,2061,25,281,1670,29,119,7002,1581,8583,-0.0183516,0.198621,-0.979905,3
4475,2762,45,436,2841,46,182,10787,2179,12966,-0.0118807,0.212228,-0.977148,3
3052,1877,21,224,1841,36,127,7178,1994,9172,0.00793686,0.216694,-0.976207,3
2949,1813,20,213,1860,46,163,7064,1882,8946,0.0115739,0.217375,-0.976019,3
2928,1819,20,214,1731,33,121,6866,1723,8589,-0.0424897,0.204464,-0.977951,3
4943,3026,33,364,2751,43,180,11340,2469,13809,-0.0353924,0.202497,-0.978643,3
4327,2610,30,324,2623,49,182,10145,2707,12852,0.0285153,0.19025,-0.981321,3
4531,2657,30,318,2548,44,180,10308,2207,12515,-0.0502267,0.225266,-0.973002,3
3150,2094,22,232,1837,31,128,7494,1657,9151,-0.0551831,0.214058,-0.975261,3
4343,2620,44,317,2552,41,178,10095,2549,12644,0.00389189,0.202946,-0.979182,3
4350,2583,32,317,2598,63,184,10127,1733,11860,-0.0239543,0.201452,-0.979206,3
3144,1892,21,228,1846,29,126,7286,1588,8874,-0.0157772,0.202143,-0.979229,3
4424,2650,35,321,2575,51,196,10252,2306,12558,-0.00529155,0.201825,-0.979407,3
4553,2686,30,325,2600,66,179,10439,2231,12670,-0.00786208,0.219973,-0.975474,3
4879,3537,42,412,2887,53,201,12011,2509,14520,-0.0261051,0.227815,-0.973355,3
3186,1967,22,232,1919,41,130,7497,1829,9326,0.00658383,0.230218,-0.973117,3
4091,2461,33,335,2357,41,164,9482,2211,11693,-0.0105933,0.194152,-0.980914,3
4173,2428,26,291,2320,44,161,9443,2323,11766,-0.0110554,0.175495,-0.984418,3
2957,1773,22,218,1768,32,119,6889,1789,8678,-0.0298839,0.203482,-0.978622,3
4569,2841,33,319,2646,57,198,10663,2269,12932,-0.0164175,0.186441,-0.982329,3
3894,1834,22,247,1823,33,135,7988,1565,9553,-0.0243866,0.19726,-0.980048,3
4819,2856,30,323,2546,56,180,10810,2391,13201,-0.0273426,0.206345,-0.978097,3
3122,1897,21,227,1911,35,129,7342,1499,8841,-0.0325756,0.191145,-0.981021,3
4631,2730,29,326,2672,42,184,10614,2160,12774,-0.0358224,0.217081,-0.975496,3
3188,1935,23,227,1896,47,129,7445,1945,9390,-0.022808,0.224107,-0.974298,3
4755,2727,31,325,2658,49,186,10731,2379,13110,-0.0297521,0.240087,-0.970295,3
3173,1982,23,236,1926,30,134,7504,1776,9280,-0.0160757,0.21752,-0.975923,3
3195,2057,23,241,2005,37,136,7694,1724,9418,-0.0787793,0.231061,-0.969745,3
4571,3066,31,349,2933,53,228,11231,2951,14182,-0.0298473,0.26715,-0.963193,3
3216,2126,23,280,2161,58,159,8023,1781,9804,-0.0463058,0.220188,-0.974358,3
5098,3420,30,352,3371,59,197,12527,2477,15004,-0.0358988,0.248934,-0.967855,3
3282,2056,21,236,2046,32,134,7807,2009,9816,-0.018825,0.267262,-0.96344,3
3975,2335,33,286,2250,52,155,9086,1847,10933,-0.00659198,0.273342,-0.961894,3
4684,2355,30,307,2360,54,159,9949,1783,11732,-0.0186861,0.242631,-0.969939,3
2843,1501,20,174,1454,35,100,6127,1535,7662,-0.0279129,0.23016,-0.972752,3
4322,1881,27,202,1759,46,126,8363,2098,10461,-0.0185071,0.246266,-0.969025,3
4165,1393,29,179,1335,35,99,7235,3243,10478,-0.0482369,0.409871,-0.910867,3
4146,1175,28,157,1168,41,86,6801,2795,9596,-0.0172231,0.28707,-0.957755,3
2247,518,15,70,454,20,38,3362,1397,4759,-0.0324532,0.251887,-0.967212,3
2392,477,16,68,420,20,35,3428,3278,6706,-0.0053526,0.191373,-0.981503,3
4056,662,26,100,633,34,55,5566,4429,9995,0.0233177,0.241674,-0.970077,3
4172,676,25,100,639,40,53,5705,4418,10123,0.00418974,0.240007,-0.970762,3
4457,695,25,101,653,36,72,6039,4070,10109,0.00843956,0.264956,-0.964223,3
4375,766,27,96,568,53,49,5934,4929,10863,0.00201297,0.283578,-0.958947,3
3067,440,18,67,419,30,37,4078,3709,7787,-0.00619714,0.218518,-0.975813,3
3748,546,22,84,494,30,44,4968,2699,7667,-0.0275996,0.220625,-0.974968,3
3808,579,22,89,546,28,45,5117,3260,8377,-0.0336386,0.252845,-0.966922,3
3699,729,24,87,563,38,46,5186,3010,8196,-0.0352183,0.224289,-0.973886,3
4006,666,23,94,523,41,48,5401,2690,8091,-0.0223495,0.26809,-0.963135,3
3885,522,25,85,469,46,57,5089,2378,7467,-0.0234921,0.275776,-0.960935,3
3821,492,25,79,444,44,41,4946,2060,7006,-0.03766,0.251436,-0.967141,3
4191,549,26,125,503,52,50,5496,2028,7524,-0.0989367,0.374392,-0.921977,3
2591,378,20,59,322,22,30,3422,1333,4755,-0.0645613,0.281389,-0.95742,3
1706,263,13,41,238,14,21,2296,1025,3321,-0.0447417,0.23531,-0.97089,3
4380,1038,29,140,955,32,78,6652,2698,9350,-0.078396,0.264365,-0.961231,3
4538,1964,40,235,1808,61,117,8763,2631,11394,-0.0460267,0.2929,-0.955035,3
4852,2725,40,339,2698,50,182,10886,2034,12920,-0.0392734,0.266314,-0.963086,3
3124,2254,19,252,2155,33,141,7978,2001,9979,-0.0269055,0.254411,-0.966722,3
5139,3978,27,396,3472,46,228,13286,1620,14906,-0.0321079,0.287091,-0.957365,3
4861,3969,26,451,3694,31,182,13214,1800,15014,-0.0148935,0.238589,-0.971007,3
2741,2281,16,260,2232,29,146,7705,1489,9194,0.0168605,0.174226,-0.984561,3
4345,3423,23,392,3350,70,245,11848,1686,13534,0.002338,0.178148,-0.984001,3
4450,3376,23,411,3351,37,222,11870,2200,14070,0.0112377,0.170774,-0.985246,3
3445,2499,17,301,2710,35,182,9189,1735,10924,0.00868244,0.166737,-0.985963,3
4266,3197,23,355,3155,47,204,11247,1808,13055,-0.0342405,0.195584,-0.980089,3
6634,4200,21,335,2876,48,189,14303,1365,15668,-0.0472889,0.173084,-0.983771,3
2500,1882,12,214,1864,29,123,6624,885,7509,-0.0474213,0.151194,-0.987366,3
4273,3310,19,368,3249,45,213,11477,1572,13049,-0.0405983,0.150033,-0.987847,3
5423,4181,25,477,4062,56,303,14527,1751,16278,-0.0252499,0.119824,-0.992474,3
2959,2125,14,257,2109,25,172,7661,1242,8903,-0.016153,0.0981148,-0.995044,3
5918,4234,26,404,3476,50,230,14338,1730,16068,-0.0281855,0.103437,-0.994237,3
2765,1810,14,206,1807,25,119,6746,1559,8305,-0.00269773,0.0664997,-0.997783,3
4142,2502,38,307,2513,39,165,9706,1844,11550,-0.017456,0.136826,-0.990441,3
5319,3018,31,352,2962,40,198,11920,2004,13924,-0.0301353,0.108798,-0.993607,3
2689,1392,20,162,1348,33,107,5751,1421,7172,-0.0262611,0.100479,-0.994593,3
4762,1919,25,228,1903,61,129,9027,2392,11419,-0.0375107,0.104266,-0.993842,3
3893,1656,24,196,1552,38,109,7468,2185,9653,-0.0244639,0.129835,-0.991234,3
4574,1599,29,210,1584,66,118,8180,3568,11748,-0.0266923,0.180563,-0.983201,3
4328,1514,27,188,1356,44,101,7558,4273,11831,-0.0309478,0.201925,-0.978912,3
2836,946,21,122,849,29,65,4868,2259,7127,-0.0139307,0.180785,-0.983424,3
3920,1209,25,161,1146,46,88,6595,2364,8959,-0.0207249,0.235256,-0.971713,3
4692,1180,39,158,1267,41,91,7468,2665,10133,-0.0268746,0.249536,-0.967992,3
3731,1114,25,153,1042,45,84,6194,1993,8187,-0.0447765,0.234046,-0.971194,3
3668,1071,25,161,1027,35,83,6070,2105,8175,-0.0327258,0.23827,-0.970648,3
3787,1266,32,159,1081,41,85,6451,2010,8461,-0.0344182,0.245137,-0.968877,3
3833,1233,27,170,1248,51,125,6687,2205,8892,-0.0422527,0.282698,-0.958278,3
4042,1406,36,179,1337,39,98,7137,2022,9159,-0.0620968,0.308406,-0.949226,3
4424,1581,25,197,1547,40,110,7924,2100,10024,-0.0635315,0.308674,-0.949044,3
3892,1804,26,226,1700,42,122,7812,2576,10388,-0.072695,0.339088,-0.937942,3
4082,2219,28,262,2155,38,148,8932,2092,11024,-0.0335098,0.369978,-0.928436,3
4423,2805,30,323,2750,55,185,10571,2279,12850,0.00188846,0.376376,-0.926465,3
4576,2974,34,346,3002,63,200,11195,2225,13420,0.00403993,0.339167,-0.940718,3
2539,1612,19,194,1636,32,110,6142,1300,7442,-0.00244235,0.295727,-0.955269,3
4963,4081,39,383,3271,54,215,13006,2173,15179,-0.0234572,0.314329,-0.949024,3
3395,2218,23,254,2208,34,143,8275,1504,9779,-0.0343678,0.278459,-0.959833,3
4877,3014,35,341,2842,66,188,11363,2225,13588,-0.0210105,0.271278,-0.962272,3
4409,2356,31,280,2400,56,161,9693,2538,12231,-0.00199425,0.26175,-0.965134,3
2961,1337,20,163,1281,38,91,5891,1849,7740,0.00372534,0.282417,-0.959285,3
4190,1634,27,199,1500,50,110,7710,3405,11115,-0.0114582,0.25847,-0.965951,3
4526,1280,29,174,1247,38,97,7391,3046,10437,-0.0153837,0.261188,-0.965165,3
5048,1066,35,187,1030,43,79,7488,4347,11835,-0.0494469,0.264001,-0.963254,3
3073,433,18,66,426,26,36,4078,2663,6741,-0.0402181,0.222025,-0.974211,3
3485,468,20,72,429,28,37,4539,2924,7463,-0.0472864,0.21059,-0.97643,3
5339,703,28,111,668,39,58,6946,8362,15308,-0.0221038,0.222833,-0.974606,3
2370,401,16,72,349,19,30,3257,2472,5729,0.00974088,0.1751,-0.984503,3
4586,732,28,109,684,42,57,6238,2824,9062,0.028633,0.214286,-0.976351,3
4445,795,28,116,725,42,61,6212,2940,9152,0.0041498,0.232899,-0.972492,3
3042,552,19,80,508,24,42,4267,2406,6673,-0.00810662,0.230619,-0.97301,3
4328,855,28,124,797,39,69,6240,3291,9531,-0.028018,0.239469,-0.9705,3
4217,825,30,119,755,45,84,6075,2406,8481,-0.0363036,0.237351,-0.970745,3
4415,856,28,138,858,39,71,6405,1812,8217,-0.0625367,0.240736,-0.968574,3
2926,598,20,86,573,25,46,4274,1665,5939,-0.0624412,0.249518,-0.966355,3
3977,866,26,122,818,47,66,5922,1926,7848,-0.0381655,0.222053,-0.974287,3
3986,1065,25,148,1014,47,78,6363,1967,8330,-0.0282432,0.205109,-0.978332,3
3711,1283,23,162,1263,28,91,6561,1802,8363,-0.0453035,0.259575,-0.96466,3
4853,1996,27,270,2030,43,144,9363,2680,12043,-0.0583402,0.262066,-0.963285,3
3469,1887,20,211,1824,33,119,7563,1974,9537,-0.0419436,0.238801,-0.970162,3
5367,3637,30,447,3482,48,228,13239,2084,15323,-0.0461262,0.246943,-0.967931,3
3029,2368,17,259,2368,30,150,8221,1582,9803,-0.0191489,0.179933,-0.983492,3
6296,5368,37,601,4774,38,216,17330,2105,19435,-0.0323621,0.201842,-0.978883,3
3345,2726,16,344,2754,29,177,9391,1158,10549,-0.0173001,0.166831,-0.985834,3
4012,3137,17,342,3172,56,196,10932,1512,12444,-0.000955287,0.169196,-0.985582,3
3569,2511,18,279,2461,35,161,9034,1556,10590,0.00784967,0.163039,-0.986588,3
5576,3154,28,359,3030,49,202,12398,2402,14800,0.019509,0.201617,-0.97927,3
5183,2877,28,303,1949,36,121,10497,1644,12141,-0.027978,0.171317,-0.984819,3
2115,903,13,111,880,16,61,4099,1060,5159,-0.0010224,0.144434,-0.989514,3
5017,2048,30,242,2047,41,145,9570,2992,12562,-0.0234293,0.133204,-0.990812,3
4779,1912,31,225,1741,51,149,8888,2148,11036,-0.0396333,0.185822,-0.981784,3
2494,851,15,106,823,21,59,4369,2395,6764,-0.0390332,0.146443,-0.988449,3
4468,1581,29,191,1459,50,153,7931,5450,13381,-0.0679708,0.151621,-0.986099,3
4200,1395,27,182,1335,44,99,7282,3673,10955,-0.0518604,0.177909,-0.982679,3
3997,1617,36,219,1342,45,101,7357,2459,9816,-0.0404465,0.225516,-0.9734,3
3460,1154,22,158,1146,35,89,6064,2194,8258,-0.034206,0.256374,-0.965972,3
4766,1474,28,191,1285,40,107,7891,2147,10038,-0.0426555,0.262563,-0.963972,3
3870,1321,26,168,1204,52,92,6733,2166,8899,-0.0609207,0.252624,-0.965645,3
3941,1342,26,173,1272,46,97,6897,2104,9001,-0.0871813,0.28207,-0.955424,3
3959,1468,26,197,1388,45,130,7213,2149,9362,-0.0993714,0.298879,-0.949103,3
3919,1532,25,195,1530,47,112,7360,2077,9437,-0.115542,0.279122,-0.953279,3
4134,1896,27,229,1719,48,125,8178,2119,10297,-0.102058,0.285494,-0.952931,3
4121,2170,28,258,2139,49,150,8915,2155,11070,-0.121205,0.29348,-0.94825,3
4305,2614,32,339,2612,45,193,10140,2020,12160,-0.0722709,0.33451,-0.939617,3
4791,3124,35,375,3222,73,254,11874,2134,14008,-0.0295389,0.423245,-0.905534,3
5655,2820,24,276,2325,36,154,11290,1181,12471,-0.0186794,0.319853,-0.947283,3
2095,1452,15,177,1430,21,95,5285,1116,6401,-0.0109473,0.272994,-0.961953,3
3524,2382,24,266,2394,34,152,8776,1622,10398,-0.0203386,0.297851,-0.954396,3
4510,2144,36,254,2148,41,144,9277,2178,11455,-0.00369011,0.296074,-0.955158,3
4192,1289,29,162,1144,38,86,6940,2804,9744,-0.0391526,0.434743,-0.899703,3
4206,613,19,81,541,34,46,5540,1965,7505,-0.0320716,0.336809,-0.941027,3
1880,292,12,46,269,13,23,2535,1675,4210,-0.0172016,0.251666,-0.967661,3
4934,684,28,104,664,32,58,6504,4675,11179,-0.0388214,0.267636,-0.962738,3
3346,446,19,68,405,30,36,4350,5480,9830,-0.0388978,0.276572,-0.960206,3
3456,469,31,72,416,29,36,4509,3212,7721,-0.0130211,0.204352,-0.978811,3
3284,389,19,61,380,29,36,4198,4525,8723,-0.00427104,0.214952,-0.976615,3
4624,500,26,84,445,43,43,5765,3651,9416,7.22944e-05,0.229999,-0.973191,3
4437,451,26,76,397,34,40,5461,2622,8083,-0.00690926,0.223979,-0.974569,3
2971,246,20,48,209,27,22,3543,1874,5417,-0.00643221,0.16284,-0.986631,3
4251,263,28,54,208,40,26,4870,3380,8250,0.00123382,0.220275,-0.975437,3
4076,207,28,44,154,31,21,4561,2541,7102,0.0099752,0.156108,-0.98769,3
4016,213,51,59,200,38,28,4605,2597,7202,0.0357476,0.208465,-0.977376,3
4092,312,38,62,255,28,29,4816,2517,7333,0.0215965,0.205626,-0.978392,3
4079,524,27,84,466,30,44,5254,2432,7686,0.0220571,0.235565,-0.971608,3
4220,830,29,121,794,31,66,6091,2604,8695,0.0346762,0.174294,-0.984083,3
5017,1308,29,159,1093,33,86,7725,2454,10179,-0.0194171,0.204831,-0.978605,3
4487,1533,29,197,1566,39,114,7965,2185,10150,-0.00976794,0.207277,-0.978233,3
2928,984,13,118,955,25,68,5091,1014,6105,-0.0390891,0.170081,-0.984654,3
1656,799,10,95,786,19,55,3420,991,4411,0.0151045,0.122722,-0.992326,3
4947,2842,48,336,2766,66,190,11195,2123,13318,-0.00360285,0.150148,-0.988657,3
4844,3397,28,383,3264,45,215,12176,1711,13887,-0.0026826,0.147539,-0.989053,3
3713,2861,18,316,2772,29,181,9890,1825,11715,0.00102409,0.1595,-0.987197,3
4149,3186,19,363,3188,50,237,11192,1527,12719,0.0315717,0.163327,-0.986067,3
3699,3005,17,344,3058,43,199,10365,1426,11791,0.0215851,0.140577,-0.989834,3
6151,4949,28,561,4411,35,220,16355,1439,17794,-0.00450302,0.152039,-0.988364,3
6265,4624,30,514,4295,44,208,15980,1341,17321,-0.0463622,0.197753,-0.979155,3
2623,1502,11,175,1316,16,86,5729,773,6502,-0.0196351,0.0879032,-0.995935,3
1429,732,8,88,713,11,49,3030,633,3663,-0.00398959,0.0819849,-0.996626,3
3045,1288,17,157,1256,24,88,5875,1451,7326,-0.0104486,0.0942465,-0.995494,3
5003,2032,33,235,1817,48,129,9297,2865,12162,-0.0112499,0.108463,-0.994037,3
3804,1517,21,154,1201,49,128,6874,2368,9242,-0.0146092,0.0939661,-0.995468,3
4884,1572,29,231,1484,51,115,8366,3668,12034,-0.0364031,0.318265,-0.947303,3
2403,734,16,99,678,27,43,4000,2459,6459,-0.0262984,0.207876,-0.977802,3
4553,1332,27,180,972,31,69,7164,2642,9806,-0.0451792,0.211148,-0.976409,3
1866,497,12,66,500,17,40,2998,2930,5928,-0.024359,0.218659,-0.975497,3
4208,944,32,159,884,38,73,6338,2606,8944,-0.0417758,0.275666,-0.960345,3
2029,441,14,64,415,33,34,3030,1153,4183,-0.0569819,0.253787,-0.96558,3
4818,1079,28,141,1009,74,80,7229,2292,9521,-0.0411039,0.280017,-0.959115,3
3812,1275,26,164,1311,35,95,6718,2220,8938,-0.0319036,0.298006,-0.954031,3
3919,1470,26,186,1395,37,102,7135,2095,9230,-0.0201355,0.446932,-0.894341,3
3920,1724,28,209,1682,38,119,7720,2160,9880,-0.00410989,0.412921,-0.910758,3
2876,1549,20,181,1237,31,80,5974,1197,7171,-0.047887,0.340125,-0.93916,3
4499,2943,32,328,2789,59,186,10836,2296,13132,0.0276767,0.44251,-0.896336,3
4074,2256,28,346,2287,35,113,9139,1136,10275,0.0109421,0.342454,-0.939471,3
4680,3266,33,386,3262,33,155,11815,1448,13263,0.0312824,0.282866,-0.958649,3
2511,2016,21,242,1836,35,123,6784,1157,7941,0.0180868,0.248038,-0.968582,3
4895,3681,37,445,3625,78,243,13004,2712,15716,0.0290467,0.201709,-0.979015,3
5266,3871,35,445,2763,39,193,12612,1248,13860,0.0182931,0.168051,-0.985609,3
2699,2069,19,231,2041,29,132,7220,1136,8356,0.0247336,0.163008,-0.986315,3
4274,3315,27,365,3214,45,234,11474,1934,13408,0.0145442,0.159338,-0.987117,3
3749,2424,21,295,2417,35,154,9095,1367,10462,0.0175164,0.135928,-0.990564,3
3268,2423,21,269,2347,32,184,8544,1349,9893,0.0173027,0.11577,-0.993125,3
3116,2374,19,265,2322,29,151,8276,1326,9602,0.0136925,0.116361,-0.993113,3
5227,4036,35,484,3962,66,260,14070,1725,15795,0.0232071,0.0968863,-0.995025,3
2692,1921,16,234,1788,20,112,6783,777,7560,0.0426384,0.106628,-0.993384,3
1602,1310,11,160,1184,24,82,4373,598,4971,0.0256439,0.0968332,-0.99497,3
1509,1244,12,140,1211,14,78,4208,633,4841,0.0361527,0.101375,-0.994191,3
4616,4015,32,442,3846,47,250,13248,1828,15076,0.0587652,0.105566,-0.992674,3
4682,3966,32,438,3498,35,229,12880,1472,14352,0.0575551,0.115114,-0.991683,3
2560,2171,17,284,2149,23,138,7342,1198,8540,0.045471,0.102748,-0.993668,3
5366,4319,35,490,4320,73,275,14878,1552,16430,0.0600675,0.101962,-0.992973,3
2728,2402,19,256,2212,32,160,7809,1502,9311,0.0527591,0.104766,-0.993096,3
3440,2807,22,309,2741,37,189,9545,1387,10932,0.0691506,0.102024,-0.992376,3
3274,2796,22,309,2756,42,175,9374,1437,10811,0.0348294,0.10902,-0.993429,3
4272,3499,39,407,3444,46,250,11957,1636,13593,0.0346761,0.114803,-0.992783,3
5199,4354,35,484,4181,72,271,14596,2071,16667,0.066088,0.114239,-0.991253,3
5509,4415,35,559,3940,36,191,14685,1507,16192,0.0532343,0.119307,-0.991429,3
2684,2260,18,255,2252,36,144,7649,1153,8802,0.0142449,0.114235,-0.993352,3
5237,4330,34,491,4226,68,273,14659,2078,16737,0.0578895,0.113504,-0.99185,3
3534,2979,23,332,2934,52,196,10050,1202,11252,0.0204126,0.103722,-0.994397,3
4362,3600,29,403,3533,47,226,12200,1866,14066,0.0256417,0.0893987,-0.995666,3
3266,2628,21,293,2577,35,163,8983,1493,10476,0.0402218,0.09831,-0.994343,3
5343,4459,34,488,4356,48,220,14948,1568,16516,0.0604971,0.099475,-0.993199,3
2766,2346,18,256,2318,26,147,7877,1167,9044,0.0423499,0.106037,-0.99346,3
3510,2802,29,338,2927,52,180,9838,1364,11202,0.035762,0.127725,-0.991165,3
5262,4462,36,523,4612,63,281,15239,1504,16743,0.0484261,0.131192,-0.990174,3
2999,2250,17,267,2376,32,145,8086,1073,9159,0.0535401,0.133922,-0.989544,3
3060,2589,20,289,2536,34,163,8691,1349,10040,0.0311812,0.128445,-0.991226,3
5469,4408,33,541,4262,68,273,15054,1558,16612,0.0195616,0.107839,-0.993976,3
2704,2283,19,251,2259,34,143,7693,1211,8904,0.0450542,0.0956678,-0.994393,3
3359,2771,22,305,2698,31,173,9359,1317,10676,0.0437485,0.105081,-0.993501,3
5166,4346,36,619,4278,55,289,14789,1635,16424,0.0404482,0.0953718,-0.99462,3
2705,2231,18,272,2256,28,142,7652,1207,8859,0.0440991,0.101042,-0.993904,3
3308,2709,27,339,2659,44,171,9257,1378,10635,0.0202972,0.122861,-0.992216,3
5372,4260,35,483,4193,60,270,14673,1416,16089,0.0170205,0.106955,-0.994118,3
5170,4440,36,483,4242,74,277,14722,1703,16425,0.0377449,0.122803,-0.991713,3
2521,1837,15,206,1833,23,108,6543,761,7304,0.0409338,0.111359,-0.992937,3
1608,1262,9,131,1123,15,73,4221,659,4880,0.029004,0.134298,-0.990516,3
4734,3970,32,438,3879,55,265,13373,1994,15367,0.0501804,0.0731078,-0.996061,3
3343,2844,21,308,2732,33,177,9458,1475,10933,0.035617,0.103478,-0.993994,3
4613,4645,40,592,4746,98,318,15052,2088,17140,0.0326541,0.121933,-0.992001,3
2114,1477,13,197,1451,23,97,5372,804,6176,0.0346005,0.109249,-0.993412,3
1422,1176,11,132,1132,21,73,3967,597,4564,0.0265574,0.132804,-0.990786,3
5146,4261,36,522,4412,50,272,14699,1401,16100,0.0281021,0.110278,-0.993503,3
3550,2922,38,327,2896,42,184,9959,1486,11445,0.0312603,0.121691,-0.992076,3
4187,3569,35,460,3396,53,220,11920,1846,13766,0.0404453,0.114825,-0.992562,3
4651,3508,29,391,3814,60,252,12705,1723,14428,0.0383794,0.115767,-0.992535,3
4239,3433,28,388,3527,39,224,11878,1303,13181,0.0448855,0.107622,-0.993178,3
2887,1986,17,226,1956,31,126,7229,967,8196,0.0484647,0.118028,-0.991827,3
4805,3837,34,460,4402,59,263,13860,1888,15748,0.0334736,0.113543,-0.992969,3
3304,3129,24,310,2724,43,177,9711,1454,11165,0.0394674,0.0766432,-0.996277,3
3331,2674,24,305,2675,45,173,9227,1408,10635,0.0410866,0.104522,-0.993674,3
5191,4090,40,509,4176,64,273,14343,1850,16193,0.0296901,0.107096,-0.993805,3
3310,2709,22,312,2665,37,172,9227,1415,10642,0.0407186,0.110282,-0.993066,3
5272,4256,36,485,4176,85,272,14582,1505,16087,0.0310397,0.0989653,-0.994607,3
2747,2244,19,249,2415,48,161,7883,1193,9076,0.0319283,0.11183,-0.993214,3
5176,4370,35,567,4199,62,311,14720,1591,16311,0.0377086,0.0808693,-0.996011,3
2782,2229,18,251,2284,31,143,7738,1131,8869,0.0536505,0.0982756,-0.993712,3
5274,4230,34,478,4235,62,272,14585,1567,16152,0.0610453,0.104859,-0.992612,3
5268,4297,43,547,3467,45,189,13856,1377,15233,0.04601,0.0843734,-0.995371,3
2193,1824,14,203,1792,30,155,6211,1033,7244,0.0308595,0.106643,-0.993818,3
5263,4206,45,481,4411,77,295,14778,2259,17037,0.0366196,0.103423,-0.993963,3
3570,2984,25,328,2910,42,188,10047,1641,11688,0.0594221,0.106111,-0.992577,3
5023,2911,23,338,2899,44,188,11426,1310,12736,0.0381719,0.0984807,-0.994407,3
2729,2257,18,251,2236,27,147,7665,1259,8924,0.0117825,0.0882229,-0.996031,3
5414,4275,36,482,4334,69,219,14829,1598,16427,0.0396455,0.101512,-0.994044,3
2702,2257,19,252,2247,32,145,7654,1228,8882,0.0379349,0.107803,-0.993448,3
5268,4268,37,519,4277,57,246,14672,1854,16526,0.0404779,0.107254,-0.993407,3
3369,2768,21,305,2635,29,172,9299,1440,10739,0.0530963,0.105413,-0.99301,3
3090,2575,22,285,2540,39,174,8725,1455,10180,0.0224178,0.0991041,-0.994825,3
5423,4347,35,478,4357,68,273,14981,1494,16475,0.0529423,0.0968327,-0.993892,3
2731,2202,19,250,2155,40,139,7536,1182,8718,0.0429636,0.10423,-0.993625,3
5148,4641,51,634,4243,61,273,15051,2088,17139,0.0362063,0.110147,-0.993256,3
3651,3029,24,369,2942,45,191,10251,1486,11737,0.0363218,0.0913093,-0.99516,3
3548,2713,21,387,2777,36,195,9677,1401,11078,0.0352653,0.106475,-0.99369,3
3304,2714,23,300,2716,46,171,9274,1457,10731,0.03853,0.106211,-0.993597,3
4268,3446,28,380,3321,52,217,11712,1520,13232,0.0586274,0.107202,-0.992507,3
5270,4159,42,670,4233,72,259,14705,1575,16280,0.0352602,0.0964004,-0.994718,3
2706,2109,18,237,2117,29,134,7350,1119,8469,0.00316481,0.0902809,-0.995911,3
5165,4519,36,513,4048,72,263,14616,2236,16852,0.0195912,0.110976,-0.99363,3
3619,2871,24,423,3689,55,185,10866,1552,12418,0.0090407,0.10052,-0.994894,3
2779,2150,19,251,2095,29,137,7460,1170,8630,0.0285868,0.100323,-0.994544,3
