Downsample[ns],BuildFilTree[ns],SearchFil[ns],DeleteFil[ns],BuildTreeSub[ns],SearchSub[ns],DeleteSub[ns],PreProcTotal[ns],Plane[ns],Total[ns],nx,ny,nz,planeCount
7001,4232,98,521,4012,69,274,16207,1598,17805,0.00233801,0.00899557,-0.999957,0
4450,2649,23,342,2616,37,187,10304,1240,11544,-0.00806548,0.0352935,-0.999344,0
3687,2095,18,239,2004,36,136,8215,1176,9391,-0.00631729,0.0421956,-0.999089,0
4105,2577,23,296,2416,35,166,9618,1476,11094,-0.00343262,0.0280146,-0.999602,0
7004,4060,37,481,4062,93,294,16031,1613,17644,-0.00835037,0.0394855,-0.999185,0
3332,2004,19,236,2000,29,135,7755,1277,9032,-0.00515044,0.0523694,-0.998615,0
6230,3664,33,450,3333,52,172,13934,1231,15165,-0.0142978,0.0401371,-0.999092,0
3244,1941,17,225,1909,29,127,7492,1133,8625,-0.0062388,0.0478698,-0.998834,0
3089,1932,17,222,1915,32,126,7333,1135,8468,0.000509396,0.050915,-0.998703,0
6925,4163,35,477,4094,46,242,15982,1504,17486,-0.00496919,0.029789,-0.999544,0
3352,2089,18,240,2029,29,134,7891,1171,9062,-0.00935621,0.0406259,-0.999131,0
6660,4125,36,477,4050,59,272,15679,1614,17293,0.0078288,0.0228517,-0.999708,0
3369,2010,19,235,2026,28,136,7823,1013,8836,0.0120598,0.0181324,-0.999763,0
4925,2945,27,347,2901,42,197,11384,1724,13108,0.000560987,0.0275681,-0.99962,0
6561,3519,22,291,2466,39,165,13063,1125,14188,0.0125958,0.0255368,-0.999595,0
2563,1627,14,203,1552,21,119,6099,924,7023,-0.00683813,0.0612713,-0.998098,0
4482,2877,23,329,2728,59,192,10690,1637,12327,-0.0183301,0.030061,-0.99938,0
4552,2793,25,329,2804,47,184,10734,1297,12031,-0.0150135,0.0406653,-0.99906,0
5936,3707,32,459,3453,43,168,13798,1550,15348,-0.0126475,0.0292536,-0.999492,0
3812,2272,21,270,2237,33,156,8801,1331,10132,-0.0110141,0.0286566,-0.999529,0
6398,3655,45,431,3649,59,248,14485,1403,15888,0.00254088,0.0380357,-0.999273,0
4147,2556,23,298,2511,40,169,9744,1526,11270,-0.0119271,0.0327436,-0.999393,0
5542,3364,30,388,3312,46,222,12904,1363,14267,-0.0061316,0.0396272,-0.999196,0
3898,2392,20,274,2365,37,160,9146,1294,10440,0.00540363,0.0423969,-0.999086,0
4949,2975,25,352,2976,45,224,11546,1407,12953,-0.00379274,0.0353081,-0.999369,0
3649,2209,19,259,2248,37,147,8568,1249,9817,-0.00309032,0.0222087,-0.999749,0
6389,3679,34,441,4168,71,251,15033,1402,16435,-0.0154658,0.0195592,-0.999689,0
3121,1964,16,225,1950,37,130,7443,1043,8486,0.00390497,0.0166057,-0.999854,0
5012,3095,28,349,2973,58,201,11716,1697,13413,0.00441679,0.0077427,-0.99996,0
6102,3778,39,433,2710,41,169,13272,1139,14411,0.00685105,0.022673,-0.999719,0
2582,1583,15,182,1551,35,120,6068,858,6926,-0.0158284,0.020535,-0.999664,0
6232,3758,32,429,3797,70,261,14579,1447,16026,-0.0109074,0.0329302,-0.999398,0
4113,2699,21,298,2540,52,169,9892,1480,11372,-0.0118642,0.0282052,-0.999532,0
6138,3262,27,413,3242,41,220,13343,1382,14725,-0.0111049,0.0368879,-0.999258,0
3877,2338,21,276,2306,48,156,9022,1343,10365,-0.0080511,0.0245402,-0.999666,0
5638,3159,28,360,2981,55,201,12422,1655,14077,-0.00592184,0.0221259,-0.999738,0
3637,2292,19,256,2527,34,151,8916,1187,10103,-0.00931347,0.0179841,-0.999795,0
7175,3730,31,435,3661,90,297,15419,1931,17350,0.0128109,0.00850261,-0.999882,0
3195,2043,17,230,1962,24,130,7601,1092,8693,0.00701621,0.0116906,-0.999907,0
3590,2271,18,259,2174,32,146,8490,1219,9709,-0.0213617,0.0469595,-0.998668,0
6619,3680,31,429,3663,54,245,14721,1454,16175,-0.0223614,0.0497198,-0.998513,0
3188,1950,17,228,2255,31,133,7802,1112,8914,-0.015799,0.0339682,-0.999298,0
5030,3018,24,351,2961,44,199,11627,1816,13443,0.00375061,0.0209463,-0.999774,0
3602,2402,23,319,2324,32,150,8852,1243,10095,-0.00345159,0.029542,-0.999558,0
5981,4335,32,460,3073,38,168,14087,1329,15416,0.000317921,0.0304205,-0.999537,0
3252,2022,18,231,1951,28,131,7633,1071,8704,-0.00410966,-0.00200078,-0.99999,0
6148,3746,32,434,3691,53,247,14351,1474,15825,-0.00271554,0.043152,-0.999065,0
3174,2014,18,232,1981,33,132,7584,1121,8705,-0.00285461,0.0376154,-0.999288,0
6116,3824,34,449,3819,69,257,14568,1734,16302,-0.0127277,0.0241591,-0.999627,0
4174,2682,26,312,2655,40,177,10066,1101,11167,-0.015473,0.00812138,-0.999847,0
4882,3178,26,363,3117,48,206,11820,1648,13468,-0.0215175,0.0226518,-0.999512,0
4476,2971,24,347,2851,36,188,10893,1601,12494,-0.0313243,0.0296313,-0.99907,0
4547,2888,22,330,2826,36,201,10850,1619,12469,0.00295167,0.0137295,-0.999901,0
4636,2899,23,334,2893,38,191,11014,1531,12545,-0.0142536,0.0248941,-0.999588,0
5963,4064,37,579,3911,51,259,14864,1407,16271,-0.0235222,0.0130716,-0.999638,0
3123,2043,17,232,2056,26,133,7630,1070,8700,-0.0131815,0.0282764,-0.999513,0
6098,3861,31,444,3820,51,254,14559,2096,16655,-0.0240693,0.0484562,-0.998535,0
4120,2812,21,314,2663,37,177,10144,1399,11543,-0.0202767,0.0448425,-0.998788,0
3856,2498,21,283,2397,44,162,9261,1393,10654,-0.00870959,0.0251486,-0.999646,0
5396,3127,26,361,3103,53,207,12273,1721,13994,-0.0201846,0.03977,-0.999005,0
3628,2259,18,306,2221,34,149,8615,1199,9814,-0.0165384,0.03443,-0.99927,0
4490,3102,23,331,2770,41,185,10942,1571,12513,-0.0174048,0.0591313,-0.998098,0
4473,2773,24,326,3046,50,212,10904,1587,12491,-0.00150542,0.0231396,-0.999731,0
3341,2185,17,243,2038,41,157,8022,1154,9176,-0.0261998,0.0396654,-0.998869,0
6184,3745,33,433,3769,69,251,14484,1553,16037,-0.0305023,0.0566082,-0.99793,0
4126,2780,23,306,2471,46,189,9941,1247,11188,-0.00239175,0.0326286,-0.999465,0
3193,1959,17,229,1935,33,130,7496,1104,8600,-0.00323253,0.0284056,-0.999591,0
6205,3751,34,507,3712,59,251,14519,1477,15996,-0.0183284,0.0410422,-0.998989,0
3143,2023,16,230,1991,33,131,7567,1093,8660,-0.0188784,0.0429668,-0.998898,0
4883,3038,25,355,3057,61,205,11624,1515,13139,-0.0130281,0.036719,-0.999241,0
5738,2709,20,280,2485,27,126,11385,1040,12425,-0.0270086,0.0209252,-0.999416,0
2840,1781,15,206,1725,30,117,6714,978,7692,-0.00987799,0.0431743,-0.999019,0
5479,3397,29,392,3309,67,224,12897,1398,14295,-0.00725122,0.036257,-0.999316,0
3936,2429,20,279,2350,47,158,9219,1328,10547,-0.0010637,0.0307026,-0.999528,0
6823,3837,30,438,3753,74,252,15207,1401,16608,-0.0203277,0.01542,-0.999674,0
3138,1965,17,230,1951,38,129,7468,895,8363,-0.0151379,0.0482978,-0.998718,0
5908,3407,35,431,3352,54,223,13410,1978,15388,-0.0102874,0.0375763,-0.999241,0
3903,2472,22,279,2767,66,233,9742,1273,11015,-0.00879733,0.0386096,-0.999216,0
3001,1826,15,214,1805,82,123,7066,996,8062,-0.0152141,0.0300878,-0.999431,0
6190,3794,30,471,3809,73,251,14618,2097,16715,-0.00824408,0.0332555,-0.999413,0
4233,2521,21,300,2478,36,187,9776,1481,11257,-0.0138677,0.0328362,-0.999365,0
3809,2371,20,273,2319,33,156,8981,1412,10393,-0.0176022,0.0566218,-0.998241,0
6064,3662,30,433,3633,57,247,14126,1650,15776,-0.0102458,0.050114,-0.998691,0
4225,2525,23,297,2221,31,129,9451,1087,10538,-0.0235904,0.0554977,-0.99818,0
2600,1595,13,181,1529,20,103,6041,885,6926,-0.0117257,0.0573101,-0.998288,0
6049,3636,28,381,3507,85,216,13902,1699,15601,-0.0242105,0.0607964,-0.997857,0
3764,2300,21,277,2196,31,151,8740,1354,10094,-0.00987009,0.0892942,-0.995956,0
5885,3551,31,417,3403,43,232,13562,1443,15005,-0.0220303,0.106277,-0.994092,0
4019,2421,23,274,2387,39,159,9322,1521,10843,0.0130793,0.124644,-0.992115,0
5506,3132,27,349,2962,52,203,12231,1882,14113,0.00305286,0.129653,-0.991555,0
3742,2123,20,251,2033,41,141,8351,1393,9744,-0.00347493,0.12075,-0.992677,0
5209,2506,25,304,2476,52,174,10746,1695,12441,-0.0141823,0.120646,-0.992594,0
5046,2213,25,281,2193,55,159,9972,1743,11715,-0.0297234,0.114789,-0.992945,0
6216,2491,31,313,2372,66,175,11664,2086,13750,-0.049882,0.131952,-0.99,0
4180,1568,20,204,1540,37,116,7665,1475,9140,-0.0384913,0.132207,-0.990474,0
5769,2140,30,281,2102,55,160,10537,1699,12236,-0.0218796,0.189078,-0.981718,0
4113,1441,20,185,1361,32,104,7256,1541,8797,-0.0144458,0.156857,-0.987516,0
5612,1888,47,225,1660,51,127,9610,2286,11896,-0.00228389,0.171499,-0.985182,0
5123,1660,24,216,1569,50,121,8763,1812,10575,-0.0243916,0.180377,-0.983295,0
5648,1721,25,231,1694,57,131,9507,2815,12322,-0.0117404,0.177938,-0.983972,0
4669,1147,18,149,1114,40,84,7221,1458,8679,-0.0154553,0.170342,-0.985264,0
4128,1081,20,146,1027,52,81,6535,3146,9681,-0.0122626,0.185785,-0.982514,0
5533,1231,28,185,1087,62,95,8221,3715,11936,-0.0152923,0.197858,-0.980111,0
3425,718,16,100,698,35,56,5048,2752,7800,0.00371496,0.141106,-0.989988,0
5274,1008,26,146,965,60,82,7561,3169,10730,-0.0110668,0.146668,-0.989124,0
5650,919,27,133,826,48,71,7674,3332,11006,0.0246353,0.159216,-0.986936,0
3810,628,18,93,590,33,50,5222,2484,7706,-0.017071,0.17518,-0.984388,0
5357,934,27,132,818,50,100,7418,2643,10061,-0.00210018,0.168247,-0.985743,0
5502,940,25,139,908,37,76,7627,2161,9788,-0.0114346,0.191015,-0.981521,0
4028,723,18,109,691,24,58,5651,1928,7579,0.00206138,0.0975215,-0.995231,0
5754,1191,28,173,1103,33,82,8364,2476,10840,-0.030895,0.156137,-0.987252,0
5709,1278,27,187,1334,38,107,8680,2069,10749,-0.00125139,0.132712,-0.991154,0
3619,934,16,129,937,24,72,5731,1457,7188,-0.0372126,0.177921,-0.983341,0
5741,1605,26,222,1486,55,123,9258,2277,11535,-0.0042913,0.113844,-0.993489,0
5289,1655,25,236,1505,51,121,8882,2202,11084,0.00105915,0.160253,-0.987075,0
3769,1280,17,169,1294,36,98,6663,1501,8164,0.0113472,0.0871332,-0.996132,0
4891,1814,23,245,1885,46,154,9058,1879,10937,-0.0015123,0.141619,-0.98992,0
5805,1707,18,225,1695,37,141,9628,1245,10873,-0.00367822,0.134777,-0.990869,0
2598,1212,13,162,1206,33,88,5312,976,6288,0.00281651,0.125972,-0.99203,0
6168,3402,28,398,3356,64,230,13646,2245,15891,-0.0300982,0.211283,-0.976961,0
4345,2766,19,313,2517,31,135,10126,1256,11382,-0.00553537,0.158861,-0.987285,0
2692,1749,13,198,1695,24,114,6485,1012,7497,-0.0186402,0.140685,-0.989879,0
6636,3897,28,452,3976,151,263,15403,1577,16980,-0.00192841,0.158606,-0.98734,0
3361,1815,21,224,1990,43,125,7579,1187,8766,0.000823162,0.132563,-0.991174,0
7013,2950,24,333,2841,90,221,13472,1771,15243,0.012253,0.165713,-0.986098,0
5408,2696,27,308,2393,53,167,11052,1469,12521,-0.0101725,0.18277,-0.983103,0
3913,1279,17,161,1263,41,93,6767,1521,8288,-0.000407066,0.133338,-0.991071,0
6151,1670,23,195,1582,67,132,9820,2118,11938,-0.00127827,0.141593,-0.989924,0
3576,959,18,126,923,45,70,5717,1632,7349,-0.00656723,0.116014,-0.993226,0
5606,1497,48,198,1352,51,105,8857,2504,11361,-0.0121849,0.146441,-0.989144,0
3528,911,18,119,857,28,66,5527,2162,7689,-0.028735,0.146993,-0.98872,0
5770,1439,27,191,1342,48,104,8921,3272,12193,-0.0297541,0.259481,-0.96529,0
3738,939,17,126,917,33,72,5842,2341,8183,-0.0398319,0.197143,-0.979565,0
4665,1204,22,158,1165,41,89,7344,2817,10161,-0.0253909,0.226672,-0.97364,0
5730,1483,23,198,1479,54,113,9080,2466,11546,-0.0067649,0.267752,-0.963464,0
5130,1428,21,181,1417,60,105,8342,1527,9869,0.0112344,0.297349,-0.954703,0
3653,1039,16,142,1036,41,81,6008,1487,7495,-0.0261039,0.29805,-0.954193,0
5590,1719,21,222,1652,55,135,9394,2078,11472,-0.0308201,0.315118,-0.948552,0
5603,1954,21,271,1925,55,145,9974,1974,11948,-0.0404588,0.376889,-0.925375,0
3808,1665,15,202,1641,31,115,7477,1491,8968,-0.00452939,0.37321,-0.927736,0
5412,2794,23,329,2699,75,187,11519,1611,13130,-0.00261737,0.406995,-0.913426,0
3951,2280,17,260,2237,28,148,8921,1246,10167,0.00244291,0.386621,-0.922235,0
3966,2606,24,312,2522,36,166,9632,1309,10941,0.0114975,0.365644,-0.930684,0
5086,2864,25,339,2845,53,191,11403,1792,13195,0.0168214,0.356925,-0.933981,0
4503,2290,23,276,2223,44,154,9513,1558,11071,0.0234793,0.327293,-0.944631,0
5373,2367,29,330,2439,67,171,10776,1712,12488,0.0143624,0.337206,-0.941321,0
3778,1379,19,178,1391,35,101,6881,1419,8300,0.0263965,0.257577,-0.965897,0
4766,1602,24,208,1537,36,117,8290,1739,10029,0.0373761,0.27529,-0.960634,0
5129,1667,25,218,1608,47,140,8834,2339,11173,0.0214628,0.218327,-0.97564,0
4728,1401,22,188,1393,40,109,7881,2596,10477,0.0251147,0.214508,-0.976399,0
5723,1563,28,213,1525,49,118,9219,3929,13148,0.00511055,0.249354,-0.968399,0
5245,1180,24,164,1182,46,92,7933,2528,10461,-0.0187755,0.198422,-0.979937,0
3516,680,17,98,632,30,52,5025,2559,7584,-0.00307003,0.226282,-0.974057,0
5570,896,28,136,891,41,79,7641,2802,10443,0.00314746,0.206068,-0.978533,0
4817,781,22,118,735,37,63,6573,1770,8343,0.00747129,0.172205,-0.985033,0
5516,857,27,130,812,40,70,7452,2676,10128,-0.00298188,0.219589,-0.975588,0
4803,854,22,123,811,48,94,6755,2429,9184,0.00332857,0.255993,-0.966673,0
2709,579,13,79,540,20,44,3984,1397,5381,-0.00107291,0.205142,-0.978732,0
5252,1166,46,220,1213,41,98,8036,2625,10661,0.0288738,0.13721,-0.990121,0
5553,1381,25,176,1167,58,95,8455,2939,11394,0.0255485,0.144701,-0.989145,0
3932,1079,18,147,1066,56,130,6428,1839,8267,-0.00371934,0.159955,-0.987117,0
4768,1412,21,193,1426,27,112,7959,1955,9914,0.0261687,0.146105,-0.988923,0
4732,1565,23,207,1573,29,119,8248,1979,10227,0.0173374,0.136376,-0.990505,0
4793,1845,22,230,1782,38,131,8841,1931,10772,0.0175497,0.132096,-0.991081,0
5622,2189,45,276,2184,44,157,10517,1699,12216,0.00370175,0.161977,-0.986788,0
3845,1715,17,210,1853,31,124,7795,1443,9238,0.00463855,0.145153,-0.989398,0
5774,2599,24,328,2551,34,187,11497,1504,13001,0.00016295,0.172106,-0.985078,0
4129,2172,16,259,2061,25,155,8817,1477,10294,0.00803854,0.139801,-0.990147,0
5209,3263,22,387,3065,35,223,12204,1392,13596,0.0173391,0.135447,-0.990633,0
3793,2561,17,286,2495,58,165,9375,1350,10725,0.00859425,0.138559,-0.990317,0
6495,4179,25,469,4121,45,282,15616,1644,17260,0.0438386,0.17613,-0.98339,0
3266,2352,14,267,2369,43,152,8463,1067,9530,0.0305167,0.131562,-0.990838,0
5874,4068,25,456,4006,64,281,14774,1583,16357,0.037738,0.176391,-0.983597,0
4082,2842,23,372,2469,38,139,9965,1139,11104,0.046638,0.132454,-0.990091,0
3047,1819,13,207,1802,33,119,7040,991,8031,0.0476504,0.123982,-0.99114,0
6300,3068,25,371,2902,53,200,12919,1963,14882,0.0346228,0.167537,-0.985258,0
3871,1604,17,202,1732,51,151,7628,1443,9071,0.0135108,0.12131,-0.992523,0
5901,1862,25,239,1788,48,143,10006,1969,11975,-0.000327666,0.156483,-0.987681,0
3720,1158,18,150,1133,29,84,6292,1564,7856,-0.0195684,0.117276,-0.992907,0
5578,1518,27,207,1456,45,112,8943,2618,11561,-0.0165502,0.150525,-0.988468,0
5327,1347,26,184,1313,44,101,8342,1987,10329,-0.0378656,0.152618,-0.98756,0
4305,1171,23,167,1155,43,88,6952,2863,9815,-0.0503444,0.167345,-0.984612,0
5713,1541,26,214,1594,63,121,9272,3901,13173,-0.0596933,0.1912,-0.979734,0
5231,1539,41,195,1484,70,111,8671,1833,10504,-0.0575613,0.193763,-0.979358,0
2847,878,12,109,850,28,61,4785,1356,6141,-0.0722212,0.190872,-0.978954,0
5710,1718,23,221,1727,65,147,9611,2241,11852,-0.0812991,0.273969,-0.958296,0
5198,1635,21,209,1710,58,124,8955,1487,10442,-0.0902682,0.295283,-0.951136,0
4707,1594,20,201,1643,60,120,8345,1888,10233,-0.0916834,0.296967,-0.950476,0
4767,1774,19,225,1737,56,128,8706,1594,10300,-0.0818592,0.25037,-0.964683,0
3551,1439,14,181,1455,29,102,6771,1260,8031,-0.0814516,0.247077,-0.965566,0
5997,2686,24,331,2581,49,174,11842,1821,13663,-0.103888,0.241742,-0.964763,0
4262,1979,16,236,1889,29,133,8544,1280,9824,-0.118842,0.224186,-0.967273,0
6166,3282,26,417,3765,72,312,14040,1360,15400,-0.120792,0.307595,-0.943819,0
3285,2639,29,250,2245,23,140,8611,1074,9685,-0.0858554,0.258148,-0.962283,0
6568,4514,47,580,5290,66,214,17279,1457,18736,-0.0967494,0.294541,-0.950729,0
3401,2229,18,254,2312,33,145,8392,1113,9505,-0.098526,0.256989,-0.961379,0
4527,2737,22,343,2673,38,223,10563,1659,12222,-0.119479,0.286619,-0.950565,0
6906,3388,32,440,2903,41,164,13874,1277,15151,-0.111257,0.297256,-0.948294,0
2736,1103,14,150,1076,23,78,5180,1019,6199,-0.116251,0.292495,-0.949175,0
7239,2180,28,258,2106,36,144,11991,1993,13984,-0.111929,0.273157,-0.955435,0
5287,1737,25,226,1701,41,129,9146,2161,11307,-0.115205,0.273817,-0.954857,0
5818,1800,29,238,1777,52,138,9852,2178,12030,-0.12399,0.280521,-0.951806,0
3713,1000,18,137,987,26,79,5960,2218,8178,-0.100904,0.223936,-0.969366,0
5316,1190,24,173,1134,40,91,7968,2887,10855,-0.125296,0.249551,-0.960222,0
5506,1114,27,167,1160,39,94,8107,3683,11790,-0.0708466,0.180309,-0.981055,0
4892,980,31,137,911,50,75,7076,2995,10071,-0.091363,0.195722,-0.976394,0
4433,856,23,123,799,53,67,6354,2283,8637,-0.0593479,0.165077,-0.984493,0
5494,1052,26,160,1071,57,92,7952,2573,10525,-0.0875459,0.167575,-0.981965,0
3545,805,17,132,757,29,62,5347,1797,7144,-0.0621184,0.13058,-0.98949,0
5801,1447,24,176,1355,52,120,8975,2293,11268,-0.0635743,0.173324,-0.982811,0
5191,1530,26,201,1470,33,120,8571,2186,10757,-0.0562206,0.141259,-0.988375,0
4753,1580,22,205,1583,37,118,8298,2081,10379,-0.037785,0.16708,-0.985219,0
5694,2100,24,253,1954,40,153,10218,1534,11752,-0.0561607,0.129424,-0.989998,0
3825,1586,22,203,1571,22,115,7344,1476,8820,-0.0171256,0.145898,-0.989151,0
5952,2812,28,353,2747,34,180,12106,2014,14120,-0.095221,0.195331,-0.976104,0
3842,2105,18,258,2062,39,147,8471,1493,9964,-0.0926478,0.145983,-0.984939,0
6025,3280,23,390,3297,33,276,13324,2356,15680,-0.0729666,0.133294,-0.988387,0
5827,3978,24,444,3941,57,253,14524,2117,16641,-0.110382,0.1777,-0.977875,0
4304,3246,18,358,3165,54,211,11356,1583,12939,-0.106975,0.159223,-0.98143,0
4001,3050,17,346,3033,64,200,10711,1478,12189,-0.117001,0.149586,-0.981802,0
6258,4324,25,522,4240,50,277,15696,1502,17198,-0.100881,0.118404,-0.987828,0
3267,2130,13,244,2128,30,139,7951,1037,8988,-0.0718772,0.110049,-0.991324,0
4864,2922,19,334,2828,52,190,11209,1515,12724,-0.0887899,0.14229,-0.985835,0
5682,2952,23,347,2898,56,202,12160,1440,13600,-0.0928145,0.168058,-0.981398,0
3951,1678,18,211,1740,40,120,7758,1378,9136,-0.0510194,0.099359,-0.993743,0
6138,2323,29,301,2109,50,149,11099,2126,13225,-0.0857215,0.140506,-0.986362,0
5320,1762,25,230,1684,39,129,9189,1836,11025,-0.0593887,0.087304,-0.99441,0
3145,921,14,120,919,22,70,5211,1401,6612,-0.0830743,0.102204,-0.991289,0
6094,1813,30,238,1761,44,132,10112,2658,12770,-0.0958063,0.117989,-0.988382,0
5834,1875,28,242,1824,44,140,9987,2021,12008,-0.140446,0.164434,-0.976338,0
4101,1369,19,171,1370,28,97,7155,2642,9797,-0.145267,0.163214,-0.975837,0
4902,1651,20,205,1617,38,117,8550,3083,11633,-0.128079,0.165098,-0.977926,0
5876,2081,23,255,1989,61,144,10429,1785,12214,-0.151152,0.217452,-0.964296,0
4291,1588,17,183,1408,51,103,7641,1714,9355,-0.156354,0.227336,-0.961183,0
5956,2082,21,269,2151,88,194,10761,1956,12717,-0.172357,0.247306,-0.953484,0
4302,1581,15,200,1548,78,113,7837,1442,9279,-0.142976,0.225629,-0.963664,0
6445,2482,24,311,2464,78,223,12027,1508,13535,-0.157641,0.249296,-0.955511,0
3195,1504,13,181,1463,26,103,6485,1066,7551,-0.163001,0.240164,-0.956949,0
3205,1830,13,224,1727,23,123,7145,1066,8211,-0.152046,0.264209,-0.952405,0
6906,3666,27,414,3461,44,236,14754,1360,16114,-0.190771,0.310401,-0.931267,0
3336,2161,15,240,2161,26,137,8076,1068,9144,-0.157501,0.245275,-0.956574,0
6507,4656,28,552,4609,53,260,16665,1344,18009,-0.151248,0.29423,-0.943691,0
3484,2648,16,296,2227,21,133,8825,900,9725,-0.116627,0.238266,-0.964172,0
3672,2653,18,301,2650,34,172,9500,1139,10639,-0.145055,0.287214,-0.94682,0
4420,2974,42,332,2947,38,193,10946,1388,12334,-0.0999031,0.251383,-0.962718,0
4862,2589,22,301,2547,37,171,10529,1270,11799,-0.0956914,0.248976,-0.963771,0
6192,3139,32,378,3049,47,213,13050,2038,15088,-0.131975,0.271875,-0.95324,0
3851,1696,19,243,1923,41,122,7895,1437,9332,-0.117818,0.246353,-0.961992,0
3804,1903,20,205,1577,25,110,7644,1414,9058,-0.125424,0.223483,-0.966604,0
5778,2385,27,301,2151,49,144,10835,1781,12616,-0.102828,0.206516,-0.973025,0
3853,1385,19,175,1410,31,119,6992,1711,8703,-0.106764,0.21449,-0.970873,0
5521,1565,23,204,1526,50,122,9011,2307,11318,-0.0990089,0.215529,-0.971465,0
4690,1305,22,174,1279,38,98,7606,2692,10298,-0.0893353,0.190625,-0.97759,0
4201,1006,20,147,966,31,77,6448,1841,8289,-0.0644517,0.175415,-0.982383,0
5484,1176,27,169,1049,40,90,8035,2593,10628,-0.0476435,0.164065,-0.985298,0
3435,683,17,97,644,29,53,4958,1648,6606,-0.0417714,0.153022,-0.98734,0
6357,1108,29,166,1091,36,92,8879,2425,11304,-0.086606,0.180076,-0.979833,0
5127,1276,24,170,1217,32,95,7941,1431,9372,-0.119192,0.219728,-0.968253,0
4168,1170,18,149,1071,38,98,6712,1535,8247,-0.114998,0.213202,-0.970217,0
6274,2051,28,295,2025,68,185,10926,2104,13030,-0.0851024,0.186044,-0.978849,0
4072,1762,20,208,1613,22,116,7813,1492,9305,-0.0790674,0.180049,-0.980475,0
5541,2605,24,310,2614,32,177,11303,1761,13064,-0.0560882,0.160227,-0.985485,0
4033,2119,18,252,2098,32,144,8696,1401,10097,-0.0838818,0.19549,-0.977112,0
6427,4083,29,452,3786,48,231,15056,1766,16822,-0.116759,0.228632,-0.966486,0
3376,2128,23,200,1893,21,115,7756,863,8619,-0.0840208,0.165551,-0.982616,0
2337,1649,10,183,1622,39,104,5944,785,6729,-0.0716775,0.158058,-0.984825,0
7159,5213,28,579,5003,59,325,18366,1886,20252,-0.0746765,0.180516,-0.980733,0
3654,2581,15,285,2229,23,132,8919,1085,10004,-0.0747803,0.139227,-0.987433,0
2402,1599,10,177,1548,28,105,5869,790,6659,-0.0750023,0.112964,-0.990764,0
3691,2311,16,253,2177,25,154,8627,1331,9958,-0.0686263,0.151889,-0.986012,0
5860,2937,24,352,3021,54,231,12479,1851,14330,-0.0829427,0.178037,-0.980522,0
4148,1769,17,212,1718,31,123,8018,1424,9442,-0.0877433,0.138101,-0.986524,0
5939,2392,29,303,2324,50,154,11191,1958,13149,-0.0717878,0.15231,-0.985722,0
5368,2031,26,251,2034,55,188,9953,2303,12256,-0.0695831,0.140085,-0.987691,0
3787,1354,20,170,1391,34,99,6855,1714,8569,-0.0377749,0.093958,-0.994859,0
5475,1891,27,236,1863,42,134,9668,2927,12595,-0.0799127,0.16756,-0.982618,0
5725,1928,26,250,1860,34,136,9959,2726,12685,-0.081631,0.119565,-0.989465,0
3961,1409,18,179,1323,27,97,7014,1756,8770,-0.0883935,0.152301,-0.984373,0
4864,1736,22,239,1720,44,126,8751,2266,11017,-0.105056,0.215733,-0.970784,0
4917,1828,20,219,1651,38,125,8798,1879,10677,-0.115423,0.238094,-0.964359,0
4868,1738,19,222,1748,62,128,8785,1318,10103,-0.0992708,0.224467,-0.969412,0
6346,2301,24,316,2249,58,149,11443,1511,12954,-0.106315,0.395145,-0.912446,0
3960,1828,19,212,1698,37,119,7873,1380,9253,-0.0746725,0.321144,-0.944082,0
3143,1547,12,175,1405,32,100,6414,856,7270,-0.0618044,0.263436,-0.962695,0
3522,1879,15,217,1838,38,123,7632,1154,8786,-0.0615898,0.274171,-0.959707,0
6749,3686,25,425,3303,27,155,14370,1253,15623,-0.0533513,0.32574,-0.943953,0
5880,3834,19,311,2785,40,178,13047,1114,14161,-0.0220943,0.296908,-0.95465,0
2844,2138,13,241,2138,23,129,7526,841,8367,-0.0426996,0.284296,-0.957785,0
5905,3978,30,453,4208,55,295,14924,1970,16894,-0.0691923,0.292069,-0.953891,0
4030,2688,21,292,2468,32,164,9695,1323,11018,-0.0458778,0.222759,-0.973793,0
3753,2188,22,400,2298,33,145,8839,1251,10090,-0.0658848,0.269061,-0.960867,0
4788,2222,22,265,2115,45,150,9607,1594,11201,-0.0575984,0.262818,-0.963125,0
6088,2542,25,289,2324,40,165,11473,1406,12879,-0.0599504,0.263892,-0.962687,0
3786,1498,17,189,1530,34,109,7163,1656,8819,-0.0500747,0.262783,-0.963555,0
4771,1756,23,247,1715,43,133,8688,2204,10892,-0.0461009,0.250898,-0.966915,0
5222,1455,23,197,1420,32,109,8458,3084,11542,-0.0510947,0.27109,-0.961197,0
3419,823,20,120,785,23,63,5253,1506,6759,-0.037639,0.22759,-0.973029,0
5527,1195,26,168,1140,47,92,8195,2254,10449,-0.0329376,0.224434,-0.973932,0
4853,1018,32,190,1049,40,80,7262,2106,9368,-0.0219402,0.2052,-0.978474,0
3558,663,17,98,630,27,54,5047,1564,6611,-0.0348902,0.214615,-0.976075,0
5623,1281,27,179,1186,49,101,8446,2262,10708,-0.03866,0.205237,-0.977948,0
5369,1063,18,127,863,37,72,7549,1233,8782,-0.0120105,0.179111,-0.983756,0
2861,811,13,112,769,17,62,4645,1090,5735,-0.00454698,0.174197,-0.9847,0
5963,1874,27,251,1885,36,147,10183,2031,12214,-0.0105014,0.196167,-0.980514,0
5748,2153,24,256,1963,31,146,10321,1413,11734,-0.0298642,0.202969,-0.97873,0
3018,1298,17,162,1289,18,93,5895,1040,6935,-0.00775986,0.20071,-0.97962,0
6009,2790,23,340,2718,33,193,12106,1883,13989,-0.0170346,0.19198,-0.981251,0
4207,2443,17,277,2378,30,158,9510,1505,11015,-0.0137783,0.152832,-0.988156,0
6706,4433,46,516,3923,29,194,15847,1473,17320,0.00718564,0.145693,-0.989304,0
3599,2479,13,281,2474,23,159,9028,1263,10291,0.00105559,0.150135,-0.988665,0
4445,2882,19,324,2987,33,187,10877,1638,12515,-0.0363768,0.158938,-0.986618,0
6775,4041,27,436,3797,75,236,15387,2132,17519,-0.0335623,0.29905,-0.953647,0
3952,1871,13,222,1804,27,122,8011,863,8874,-0.0206558,0.258993,-0.965658,0
2102,957,9,112,1013,13,74,4280,610,4890,-0.0256944,0.167558,-0.985527,0
1856,682,9,85,676,18,49,3375,608,3983,-0.0264277,0.149936,-0.988342,0
6209,2180,28,302,2094,52,188,11053,2392,13445,-0.00968266,0.140947,-0.98997,0
4415,1573,20,199,1368,33,101,7709,1384,9093,-0.012963,0.150269,-0.98856,0
3189,1000,15,124,1007,35,72,5442,1449,6891,-0.00236274,0.103474,-0.994629,0
5981,1840,32,238,1850,43,137,10121,2566,12687,-0.0189631,0.14498,-0.989253,0
6223,1908,27,243,1839,42,139,10421,2683,13104,-0.0441733,0.162003,-0.985801,0
3313,1000,15,153,993,19,74,5567,1900,7467,-0.0342589,0.133633,-0.990439,0
5601,1550,21,201,1527,42,116,9058,2467,11525,-0.0416821,0.237147,-0.970579,0
4814,1479,20,195,1420,41,111,8080,2321,10401,-0.049036,0.253007,-0.966221,0
6206,1905,24,256,1987,51,151,10580,1994,12574,-0.0486288,0.308047,-0.950127,0
3890,1192,15,165,1212,34,109,6617,1330,7947,-0.0242742,0.231877,-0.972442,0
6128,2135,30,279,1991,38,153,10754,1858,12612,-0.0532355,0.336175,-0.940294,0
4655,1600,18,207,1541,23,116,8160,1406,9566,-0.0494742,0.266342,-0.962608,0
6243,2569,26,340,2581,38,188,11985,2142,14127,-0.0805994,0.350416,-0.93312,0
4517,2065,17,250,2004,27,154,9034,1422,10456,-0.0806196,0.288473,-0.954088,0
6846,3663,35,423,3567,57,216,14807,1362,16169,-0.027626,0.342995,-0.938931,0
4516,2918,20,321,2818,29,141,10763,1045,11808,-0.031535,0.317668,-0.947677,0
3077,2257,15,265,2290,24,145,8073,1005,9078,-0.0195761,0.292788,-0.955977,0
6464,4215,40,567,4546,75,321,16228,1446,17674,-0.00705506,0.366481,-0.930399,0
4900,2729,22,309,2644,55,175,10834,1117,11951,0.0112824,0.318372,-0.947899,0
2772,1572,14,177,1534,24,101,6194,1230,7424,-0.0066402,0.28755,-0.957742,0
4673,2170,23,293,2133,41,150,9483,1625,11108,-0.0304363,0.282154,-0.958886,0
5976,2587,30,316,2698,47,185,11839,1489,13328,-0.0318726,0.271246,-0.961982,0
4119,1660,19,199,1608,35,114,7754,1742,9496,-0.0108873,0.251399,-0.967822,0
4603,1525,20,186,1454,39,104,7931,1654,9585,-0.00797263,0.229214,-0.973343,0
5374,2211,26,223,1681,49,124,9688,3195,12883,-0.0108081,0.233126,-0.972386,0
3640,980,41,130,939,24,73,5827,2690,8517,-0.0103375,0.230803,-0.972946,0
5559,1202,26,169,1182,37,93,8268,3674,11942,0.00142906,0.251805,-0.967777,0
3754,731,19,122,669,31,55,5381,1882,7263,0.0126972,0.195776,-0.980567,0
5337,1009,26,145,927,54,79,7577,2210,9787,0.0136105,0.262359,-0.964874,0
3785,753,17,115,765,31,64,5530,1597,7127,-0.00349609,0.250906,-0.968005,0
5639,1275,28,188,1268,59,107,8564,2146,10710,0.000150087,0.257665,-0.966234,0
5749,1569,25,218,1516,56,122,9255,1548,10803,0.00388091,0.23377,-0.972284,0
5278,1642,23,228,1608,36,126,8941,1918,10859,-0.00125709,0.219627,-0.975583,0
4889,1771,23,229,1724,32,131,8799,1847,10646,-0.0105788,0.201815,-0.979366,0
6095,2510,27,319,2465,35,183,11634,2238,13872,-0.0222705,0.226414,-0.973777,0
4322,1984,36,250,1935,24,153,8704,1584,10288,-0.00713942,0.210828,-0.977497,0
6424,3526,27,407,3450,65,236,14135,1662,15797,-0.0102323,0.180217,-0.983574,0
4446,2837,47,319,2702,44,180,10575,1136,11711,0.00966031,0.180356,-0.983554,0
5416,3706,22,410,3631,61,235,13481,1916,15397,0.0106483,0.196225,-0.980501,0
4038,2850,16,321,2767,48,181,10221,1416,11637,0.00474822,0.151041,-0.988516,0
5103,3322,21,381,3300,41,216,12384,1576,13960,0.00590167,0.0941209,-0.995543,0
5999,3765,24,433,3704,47,246,14218,1448,15666,0.0101785,0.0531933,-0.998532,0
4263,2597,17,304,2618,42,173,10014,1453,11467,0.0390601,0.0281433,-0.99884,0
3325,2008,14,233,1990,39,134,7743,1114,8857,0.0208016,-0.0055686,-0.999768,0
6765,4052,29,494,3994,50,271,15655,1488,17143,0.014464,-0.0296886,-0.999455,0
4584,2849,18,329,2820,36,189,10825,1192,12017,0.0130868,-0.0259824,-0.999577,0
4243,2713,18,306,2659,29,177,10145,1354,11499,-0.000615217,0.00824395,-0.999966,0
6484,4161,29,490,4091,47,276,15578,1553,17131,0.0033532,-0.00703549,-0.99997,0
3411,2106,15,258,2099,24,141,8054,1160,9214,-0.00347248,0.0130263,-0.999909,0
6530,4054,26,466,4023,79,241,15419,1487,16906,0.00829786,0.0320774,-0.999451,0
3417,2046,14,242,2085,39,139,7982,1079,9061,0.0233428,0.0367309,-0.999053,0
6435,3763,25,436,3690,62,225,14636,1462,16098,-0.00776499,0.0534861,-0.998538,0
4432,2560,18,303,2469,54,167,10003,1385,11388,-0.0209954,0.0569147,-0.998158,0
4088,2282,17,267,2233,36,150,9073,1281,10354,-0.00842788,0.0690963,-0.997574,0
6367,3385,25,396,3331,51,229,13784,1290,15074,-0.00359143,0.11295,-0.993594,0
3123,1572,14,185,1586,33,108,6621,1056,7677,0.00765205,0.0542727,-0.998497,0
4666,2101,21,252,2062,38,143,9283,1500,10783,0.00966853,0.0936411,-0.995559,0
6244,2300,27,288,2351,97,188,11495,1365,12860,0.0279767,0.070252,-0.997137,0
3236,1153,16,158,1105,29,82,5779,1458,7237,0.0290203,0.0781281,-0.996521,0
6354,1948,27,246,1926,45,142,10688,2728,13416,0.00796713,0.131226,-0.99132,0
3448,921,16,130,929,30,71,5545,1181,6726,-0.00101697,0.111372,-0.993778,0
5895,1603,27,217,1608,39,125,9514,2666,12180,-0.0224643,0.130256,-0.991226,0
5299,1479,26,196,1448,36,113,8597,2657,11254,-0.0248097,0.129648,-0.99125,0
6061,1729,28,233,1697,40,132,9920,3207,13127,-0.0447326,0.294582,-0.954579,0
3000,912,13,119,814,15,55,4928,1630,6558,-0.0359496,0.227688,-0.97307,0
1846,533,19,73,515,14,40,3040,863,3903,-0.0484918,0.199063,-0.978786,0
4484,1319,17,178,1252,33,101,7384,1872,9256,-0.0306641,0.199627,-0.979392,0
4571,1456,18,190,1342,40,107,7724,1693,9417,-0.0274029,0.211571,-0.976978,0
6737,1985,21,248,2018,75,140,11224,1907,13131,-0.0118804,0.318185,-0.947954,0
3933,1446,16,188,1433,34,106,7156,1309,8465,-0.00811834,0.292242,-0.95631,0
6383,2457,23,328,2483,48,173,11895,1870,13765,0.0135201,0.33614,-0.941715,0
5711,2525,36,321,2517,45,184,11339,1281,12620,0.0198992,0.28771,-0.957511,0
3286,1673,14,198,1664,26,134,6995,1036,8031,0.0139356,0.310831,-0.950363,0
6988,3870,25,409,3767,44,230,15333,1511,16844,0.00807798,0.348966,-0.937101,0
4227,3002,19,326,2915,37,186,10712,990,11702,0.0157605,0.314391,-0.949163,0
5050,3393,26,392,3322,54,219,12456,1563,14019,0.0111876,0.285786,-0.958228,0
4711,2957,24,348,2929,45,196,11210,1561,12771,0.00241929,0.336586,-0.94165,0
3657,2156,16,251,2165,30,143,8418,1162,9580,-0.00617501,0.315064,-0.94905,0
5780,2999,27,354,3005,58,217,12440,1406,13846,-0.0183451,0.295042,-0.955308,0
3933,1853,20,242,1832,29,129,8038,1325,9363,-0.0119623,0.280612,-0.959747,0
6399,2575,30,318,2667,71,183,12243,1882,14125,-0.0119639,0.264859,-0.964213,0
3864,1446,18,184,1416,39,107,7074,1437,8511,-2.0388e-05,0.202938,-0.979192,0
5006,1693,44,218,1612,41,122,8736,2044,10780,0.010392,0.19944,-0.979855,0
5034,1593,21,207,1624,47,120,8646,1668,10314,0.00662607,0.211819,-0.977286,0
6022,1777,28,253,1740,47,136,10003,3186,13189,0.016051,0.228184,-0.973486,0
4149,1102,19,145,1098,33,84,6630,1949,8579,0.0139667,0.224279,-0.974425,0
5308,1271,24,171,1147,38,92,8051,2474,10525,0.0152136,0.225943,-0.974022,0
3571,718,16,104,710,28,61,5208,2104,7312,0.0155453,0.176924,-0.984102,0
5751,1039,28,168,1002,47,86,8121,2465,10586,0.00690991,0.219492,-0.97559,0
3801,795,20,117,791,33,66,5623,1532,7155,0.00525502,0.220674,-0.975334,0
5653,1315,25,193,1254,49,108,8597,2184,10781,0.00818985,0.223637,-0.974638,0
4234,1006,17,141,998,31,79,6506,1483,7989,0.0103899,0.174171,-0.984661,0
5983,1792,27,245,1757,60,125,9989,1926,11915,0.0324461,0.202597,-0.978724,0
6109,2120,27,282,2139,58,160,10895,1583,12478,0.0293382,0.180848,-0.983073,0
4215,1772,20,244,1745,26,128,8150,1563,9713,0.0447281,0.186747,-0.981389,0
6245,2918,26,358,3132,59,278,13016,1593,14609,-0.0151413,0.243677,-0.969738,0
4554,2484,19,314,2421,31,165,9988,1126,11114,-0.00396775,0.193042,-0.981182,0
4148,2698,18,302,2621,35,173,9995,1376,11371,-0.00240094,0.20726,-0.978283,0
5525,3849,21,438,3695,51,245,13824,1256,15080,0.0134108,0.213569,-0.976836,0
6995,4537,25,532,4498,77,234,16898,1559,18457,0.00509709,0.283448,-0.958974,0
3067,1904,11,211,1555,21,99,6868,727,7595,-0.00593993,0.198667,-0.980049,0
1753,1085,8,123,1061,23,70,4123,603,4726,0.0100064,0.131396,-0.991279,0
3559,1880,15,225,1938,27,132,7776,1218,8994,0.0218181,0.142811,-0.98951,0
6215,2808,28,343,2630,45,192,12261,2455,14716,0.0220392,0.1619,-0.986561,0
4256,1645,20,206,1556,39,117,7839,1539,9378,0.0114423,0.0933208,-0.99557,0
4949,1650,25,213,1594,37,121,8589,2072,10661,0.0105749,0.126391,-0.991924,0
6068,1800,28,244,1808,44,139,10131,2104,12235,-0.000177209,0.125457,-0.992099,0
4135,1221,21,163,1183,29,92,6844,2271,9115,-0.0039497,0.123365,-0.992354,0
3868,1200,20,157,1150,25,89,6509,1866,8375,0.0191951,0.147959,-0.988807,0
6362,1982,27,273,1893,56,143,10736,4276,15012,0.0167335,0.206234,-0.97836,0
4237,1345,18,228,1324,34,102,7288,1969,9257,0.0238165,0.207686,-0.977906,0
4972,1588,20,207,1519,37,118,8461,2001,10462,0.0197323,0.183021,-0.982911,0
6273,1915,25,322,1983,49,152,10719,1817,12536,0.0280766,0.277218,-0.960397,0
4256,1405,17,185,1365,31,103,7362,1522,8884,0.00399541,0.251275,-0.967908,0
6232,2198,24,286,2154,49,161,11104,1890,12994,0.0151002,0.291993,-0.956301,0
4289,1654,16,263,1641,32,121,8016,1527,9543,-0.000478971,0.258906,-0.965902,0
6395,2585,24,327,2563,43,210,12147,1459,13606,0.0339914,0.287429,-0.957199,0
3392,1520,15,189,1541,22,107,6786,1041,7827,0.0319586,0.248998,-0.967977,0
6566,3416,27,400,3390,70,233,14102,1434,15536,0.0353154,0.336692,-0.940952,0
4661,2716,19,307,2697,36,174,10610,1330,11940,0.0207416,0.274342,-0.961409,0
3557,2399,16,312,2344,29,153,8810,1070,9880,0.0422667,0.312343,-0.949029,0
6649,4392,33,503,4135,40,199,15951,1424,17375,0.0400081,0.31634,-0.947802,0
3423,2076,17,239,2211,29,159,8154,1136,9290,0.0201324,0.32194,-0.946546,0
4157,2499,20,294,2446,47,182,9645,1450,11095,0.0239115,0.279407,-0.959875,0
6600,3497,32,414,3403,55,238,14239,1423,15662,0.0237883,0.310803,-0.950177,0
3313,1537,16,191,1679,28,112,6876,1165,8041,0.0456756,0.233235,-0.971347,0
6153,2697,31,334,2571,54,189,12029,2231,14260,0.0310066,0.22878,-0.972984,0
4247,1651,20,206,1642,41,115,7922,1695,9617,0.0202812,0.157139,-0.987368,0
3918,1416,18,207,1379,34,102,7074,1753,8827,0.0385888,0.192775,-0.980484,0
5921,1908,26,248,1893,44,155,10195,2350,12545,0.0392221,0.18457,-0.982036,0
4140,1102,19,150,1069,31,87,6598,2644,9242,0.0492935,0.177567,-0.982873,0
7030,1507,31,226,1292,44,106,10236,2848,13084,0.0270524,0.389614,-0.920581,0
3858,755,19,110,764,28,63,5597,1624,7221,0.00725437,0.353186,-0.935525,0
3121,530,14,81,433,20,36,4235,1145,5380,0.0142473,0.230872,-0.97288,0
1989,381,10,58,360,16,31,2845,804,3649,0.00985782,0.186238,-0.982455,0
5221,1143,23,187,1050,43,92,7759,1893,9652,0.0362674,0.212781,-0.976427,0
5675,1337,23,183,1193,43,100,8554,2150,10704,0.034934,0.181363,-0.982796,0
6093,1619,39,227,1550,50,126,9704,2453,12157,0.0597021,0.304935,-0.9505,0
3485,954,14,128,916,26,71,5594,909,6503,0.0339253,0.23165,-0.972208,0
1990,613,9,83,593,13,51,3352,559,3911,0.0474871,0.130847,-0.990265,0
1974,860,9,100,780,13,57,3793,706,4499,0.032463,0.114577,-0.992884,0
5609,2546,25,322,2511,34,177,11224,2052,13276,0.0153734,0.201792,-0.979308,0
6125,3053,27,382,3013,42,207,12849,1438,14287,0.0141184,0.224262,-0.974427,0
3251,2008,14,229,2009,37,130,7678,1146,8824,0.014804,0.143509,-0.989538,0
4099,2718,17,296,2571,40,186,9927,1329,11256,0.000826677,0.157196,-0.987567,0
5103,3138,19,364,3112,50,208,11994,1146,13140,0.0181885,0.144796,-0.989294,0
3703,2210,16,418,2235,37,149,8768,1355,10123,0.040815,0.144882,-0.988607,0
5818,3232,25,377,3167,75,236,12930,1779,14709,0.0641091,0.135273,-0.988732,0
3116,1600,14,181,1461,39,116,6527,1045,7572,0.0594026,0.133521,-0.989264,0
1864,750,9,90,721,16,50,3500,624,4124,0.0400605,0.187278,-0.98149,0
2295,815,11,104,800,19,60,4104,923,5027,0.0245004,0.158321,-0.987084,0
5852,1634,29,222,1588,60,127,9512,2575,12087,0.007036,0.156539,-0.987647,0
5345,1611,26,214,1547,37,120,8900,1892,10792,0.00542235,0.2151,-0.976577,0
3016,941,14,122,917,19,69,5098,1638,6736,0.00646216,0.195885,-0.980606,0
6214,2031,29,265,1933,38,147,10657,3427,14084,0.0116433,0.230262,-0.973059,0
4216,1412,17,182,1348,26,104,7305,1957,9262,0.0358046,0.246647,-0.968444,0
6329,1814,23,241,1771,48,136,10362,1635,11997,0.0620318,0.323082,-0.944336,0
6172,2180,38,409,2601,77,165,11642,2023,13665,0.0925905,0.460427,-0.882856,0
3225,1170,18,123,942,19,70,5567,853,6420,0.0636102,0.344054,-0.936793,0
2207,833,9,108,812,15,61,4045,723,4768,0.0600205,0.312048,-0.948169,0
4967,1716,17,219,1690,31,125,8765,1422,10187,0.0309519,0.348062,-0.93696,0
6221,2971,26,349,2853,46,197,12663,1391,14054,0.0595202,0.391996,-0.91804,0
4362,2422,20,275,2362,30,179,9650,1750,11400,0.0404799,0.385261,-0.92192,0
4059,2097,15,258,2052,27,152,8660,1100,9760,0.0549953,0.344855,-0.937044,0
4083,2985,22,310,2695,47,176,10318,1308,11626,0.0466279,0.306029,-0.95088,0
5343,3147,25,364,3036,45,222,12182,2049,14231,0.071819,0.303776,-0.950033,0
4864,2972,24,344,2847,59,195,11305,1540,12845,0.0568725,0.306901,-0.950041,0
3585,1968,17,231,2090,41,135,8067,1605,9672,0.0485041,0.236844,-0.970336,0
6291,3169,30,384,3222,44,219,13359,1452,14811,0.106346,0.300817,-0.947734,0
3253,1628,19,284,1675,29,109,6997,1278,8275,0.0907427,0.249904,-0.964009,0
2637,1116,12,138,1112,21,79,5115,1103,6218,0.0731505,0.218482,-0.973095,0
6118,2434,29,288,2207,75,165,11316,3197,14513,0.100658,0.278927,-0.955022,0
4150,1454,20,170,1269,32,100,7195,2343,9538,0.103285,0.278658,-0.95482,0
2903,740,13,100,706,19,55,4536,2229,6765,0.072799,0.214668,-0.97397,0
5567,1205,26,172,1195,40,94,8299,2822,11121,0.118168,0.285027,-0.951208,0
3792,704,18,106,668,32,56,5376,2181,7557,0.0883237,0.183221,-0.979096,0
5048,849,26,154,805,46,72,7000,2155,9155,0.10127,0.218646,-0.970535,0
5023,931,25,140,863,54,74,7110,1959,9069,0.0903654,0.181137,-0.979297,0
3336,690,16,102,651,66,55,4916,1499,6415,0.0828688,0.159685,-0.983684,0
4297,999,20,141,905,28,77,6467,1793,8260,0.0695454,0.121034,-0.990209,0
5880,1498,27,238,1425,62,133,9263,2027,11290,0.0799496,0.168546,-0.982446,0
4101,1145,19,163,1135,34,94,6691,1958,8649,0.0762992,0.133797,-0.988067,0
4320,1447,20,190,1430,32,108,7547,1584,9131,0.0720055,0.185147,-0.980069,0
5413,2317,25,283,2218,36,163,10455,1561,12016,0.0933685,0.155162,-0.983467,0
3954,1967,18,234,1931,30,133,8267,1643,9910,0.0987724,0.152834,-0.983303,0
6304,3576,34,493,3612,65,241,14325,1825,16150,0.079296,0.201184,-0.976339,0
3461,2148,16,246,2323,29,143,8366,1368,9734,0.0941069,0.147467,-0.98458,0
6428,4143,26,558,4817,81,297,16350,1746,18096,0.0752777,0.274662,-0.95859,0
3070,1711,11,200,1631,28,97,6748,1268,8016,0.0641942,0.222882,-0.97273,0
1728,925,8,108,916,19,62,3766,628,4394,0.0352963,0.130872,-0.990771,0
5608,3105,25,370,3122,48,234,12512,1892,14404,0.0981166,0.231341,-0.967912,0
4003,1587,13,176,1440,39,102,7360,901,8261,0.0890547,0.166793,-0.981962,0
2207,836,10,109,802,19,58,4041,886,4927,0.0437444,0.0791091,-0.995906,0
5995,1970,28,252,1892,57,166,10360,1894,12254,0.0251357,0.0861943,-0.995961,0
5867,1858,28,292,1955,45,161,10206,2156,12362,0.0788904,0.256126,-0.963419,0
2541,759,17,125,664,19,52,4177,1289,5466,0.0584699,0.194932,-0.979072,0
1789,467,10,63,438,15,34,2816,843,3659,0.0271967,0.101619,-0.994452,0
2200,664,13,93,539,16,54,3579,1613,5192,0.0244811,0.124818,-0.991878,0
6230,1474,26,239,1467,55,152,9643,6580,16223,0.0849586,0.375779,-0.922807,0
3050,621,9,84,602,17,48,4431,1938,6369,0.0435064,0.280095,-0.958986,0
1806,471,7,65,452,13,45,2859,1091,3950,0.0510586,0.189364,-0.980579,0
3831,1113,16,153,1139,29,91,6372,1620,7992,0.0564607,0.264436,-0.962749,0
6078,2020,24,273,2008,48,160,10611,2739,13350,0.0832048,0.342035,-0.935996,0
4215,1631,20,211,1577,37,120,7811,1677,9488,0.0541137,0.286843,-0.956448,0
4465,2030,17,239,1955,34,137,8877,1654,10531,0.0985987,0.347368,-0.932531,0
4301,2394,18,279,2339,37,157,9525,1582,11107,0.0889107,0.302149,-0.949105,0
5839,3677,25,413,3587,59,235,13835,1316,15151,0.0884391,0.326948,-0.940895,0
3235,2159,15,246,2177,24,141,7997,1011,9008,0.0676463,0.268822,-0.960812,0
4777,2938,25,342,2860,47,194,11183,1613,12796,0.0732908,0.326763,-0.94226,0
3616,2101,26,247,2060,27,141,8218,1178,9396,0.0907777,0.330919,-0.939283,0
6396,3468,32,406,3350,64,229,13945,1544,15489,0.0867006,0.342503,-0.935508,0
3248,1461,16,179,1435,29,103,6471,1322,7793,0.0396073,0.269812,-0.962098,0
6221,2511,29,307,2501,45,177,11791,1631,13422,0.0377475,0.332258,-0.942433,0
3125,1086,15,138,1074,21,80,5539,1441,6980,0.0388119,0.232131,-0.97191,0
6033,1829,27,232,1745,46,132,10044,3264,13308,0.0360526,0.267952,-0.962757,0
3978,955,18,146,999,35,76,6207,3448,9655,0.0301701,0.160381,-0.986594,0
3795,681,18,99,650,40,53,5336,3422,8758,0.0339904,0.217966,-0.975364,0
5458,879,26,130,860,53,100,7506,5322,12828,0.0384606,0.251068,-0.967205,0
3871,514,18,82,480,43,43,5051,3123,8174,0.0564909,0.205839,-0.976954,0
5351,854,26,148,861,60,77,7377,5081,12458,0.0642074,0.192689,-0.979157,0
3880,685,18,106,644,41,56,5430,3134,8564,0.0366844,0.199804,-0.979149,0
5237,1023,25,157,963,30,85,7520,2445,9965,0.0303582,0.20561,-0.978163,0
3897,892,21,143,857,46,72,5928,1554,7482,0.0143949,0.202278,-0.979222,0
5949,1630,27,232,1649,36,133,9656,1944,11600,-0.00407913,0.211737,-0.977318,0
3596,1268,17,166,1242,23,93,6405,1585,7990,-0.00854717,0.201704,-0.979409,0
5980,2391,28,307,2400,39,174,11319,2267,13586,-0.0126078,0.207627,-0.978127,0
4205,2108,19,251,2073,28,145,8829,1271,10100,-0.027259,0.186081,-0.982156,0
5140,2967,22,345,2909,40,219,11642,1651,13293,-0.0104239,0.202419,-0.979244,0
3918,2584,15,292,2492,26,164,9491,1291,10782,-0.00796973,0.178399,-0.983926,0
6716,4527,27,541,4516,45,298,16670,1604,18274,0.0078991,0.204041,-0.978931,0
3510,2230,15,254,2182,25,146,8362,1132,9494,-0.00323335,0.166249,-0.986079,0
3887,2176,17,283,2140,50,165,8718,1302,10020,-0.00157397,0.174196,-0.98471,0
6430,3140,29,374,3041,45,235,13294,1572,14866,-0.0146396,0.155897,-0.987665,0
3247,1316,14,163,1280,23,99,6142,1083,7225,-0.00464459,0.109433,-0.993983,0
5855,2237,27,254,1911,50,143,10477,2101,12578,-0.0604236,0.148357,-0.987086,0
5662,1638,29,218,1505,49,122,9223,1648,10871,-0.0280757,0.0936044,-0.995214,0
3264,750,15,99,687,26,53,4894,1480,6374,-0.0184316,0.101572,-0.994657,0
5822,1266,27,173,1543,61,100,8992,3138,12130,-0.0376237,0.181311,-0.982706,0
3972,907,19,122,879,30,67,5996,2420,8416,-0.0486286,0.203041,-0.977962,0
5161,1176,21,161,1146,37,90,7792,2888,10680,-0.0483181,0.189216,-0.980746,0
4781,1321,28,177,1269,54,100,7730,2704,10434,-0.0566032,0.25535,-0.96519,0
4586,1207,17,169,1217,35,97,7328,2313,9641,-0.0633077,0.29522,-0.95333,0
4418,1327,17,175,1245,74,100,7356,2020,9376,-0.0570269,0.33049,-0.942085,0
3498,1076,13,147,1070,30,83,5917,1382,7299,-0.0488847,0.352795,-0.934423,0
6879,2330,41,291,2240,56,166,12003,1426,13429,-0.0324595,0.361303,-0.931883,0
4256,1899,17,238,1836,26,132,8404,1518,9922,-0.061322,0.368466,-0.927616,0
5680,2950,53,347,2955,35,201,12221,1394,13615,-0.0239657,0.416159,-0.908976,0
4056,2462,18,284,2434,36,161,9451,1302,10753,-0.0271548,0.353907,-0.934886,0
6590,4468,30,524,4369,35,194,16210,1456,17666,-0.0355415,0.391907,-0.919318,0
7187,3310,22,356,2845,72,144,13936,1126,15062,-0.0309778,0.288412,-0.957005,0
2701,1542,14,185,1525,21,105,6093,975,7068,-0.0221511,0.296832,-0.954673,0
6464,3389,32,427,3470,81,235,14098,1602,15700,-0.00742423,0.327116,-0.944955,0
3347,1449,15,201,1498,28,104,6642,1208,7850,-0.0186912,0.262973,-0.964622,0
3808,1484,22,229,1414,40,103,7100,1376,8476,-0.0181441,0.266947,-0.96354,0
5993,1989,27,245,1916,56,140,10366,1903,12269,-0.0450874,0.278601,-0.959348,0
4043,1190,19,153,1136,35,85,6661,1580,8241,-0.0339064,0.200119,-0.979185,0
4849,1348,21,178,1236,43,116,7791,2665,10456,-0.0563548,0.244199,-0.968086,0
4579,1028,22,174,976,45,80,6904,3506,10410,-0.0872665,0.225566,-0.970312,0
3463,630,18,87,606,33,65,4902,2381,7283,-0.0725833,0.235257,-0.969219,0
5470,844,28,141,801,52,67,7403,3102,10505,-0.0575171,0.188538,-0.98038,0
3976,649,24,91,594,30,48,5412,1929,7341,-0.0581487,0.216647,-0.974517,0
4975,932,32,159,908,40,80,7126,2258,9384,-0.0615885,0.19751,-0.978364,0
3827,874,17,144,824,50,68,5804,1878,7682,-0.0797569,0.220631,-0.972091,0
5876,1564,32,225,1625,36,127,9485,1921,11406,-0.079639,0.17337,-0.981631,0
4248,1347,19,186,1299,52,99,7250,1741,8991,-0.0757318,0.170235,-0.982489,0
6882,2509,26,313,2464,26,128,12348,1508,13856,-0.0714653,0.219058,-0.973091,0
3361,1679,15,198,1682,22,115,7072,1130,8202,-0.0471442,0.207803,-0.977034,0
6675,3786,26,436,3807,39,250,15019,1569,16588,-0.0497107,0.237368,-0.970147,0
3494,2305,15,263,2280,24,150,8531,941,9472,-0.0248614,0.195593,-0.98037,0
3394,2499,14,280,2518,20,160,8885,1162,10047,-0.0700516,0.171827,-0.982633,0
6742,5175,35,738,4801,95,223,17809,1550,19359,-0.0804721,0.183237,-0.97977,0
4295,2851,40,328,2481,50,145,10190,1037,11227,-0.0484347,0.136711,-0.989426,0
3645,2218,16,263,2232,42,183,8599,1177,9776,-0.0461128,0.138261,-0.989322,0
5678,3205,25,375,3375,87,281,13026,1542,14568,-0.0690218,0.146331,-0.986825,0
4031,1734,16,213,1739,44,149,7926,1287,9213,-0.0608649,0.12146,-0.990728,0
6097,2210,27,295,2175,55,160,11019,2140,13159,-0.0758524,0.174899,-0.98166,0
4065,1342,21,170,1261,39,95,6993,1689,8682,-0.0556703,0.127578,-0.990265,0
5992,1767,29,231,1754,68,141,9982,2821,12803,-0.0939092,0.160382,-0.982578,0
4129,1395,21,179,1230,37,91,7082,2633,9715,-0.117697,0.194416,-0.973832,0
3949,1291,25,174,1348,34,93,6914,2276,9190,-0.127754,0.226758,-0.965536,0
5431,1805,21,219,1703,36,124,9339,3339,12678,-0.126946,0.223789,-0.966335,0
6180,2128,24,268,1632,38,108,10378,1444,11822,-0.129242,0.217049,-0.967567,0
3421,1168,13,139,1106,22,80,5949,1266,7215,-0.1406,0.247595,-0.958608,0
6032,2157,23,276,2146,53,80,10767,587,11354,-0.140324,0.237174,-0.961279,0
6235,2438,28,314,2266,52,166,11499,1605,13104,-0.182507,0.308148,-0.933668,0
6348,2317,18,236,1848,33,129,10929,1261,12190,-0.162237,0.328385,-0.930506,0
3335,1623,13,189,1686,25,112,6983,1114,8097,-0.137311,0.304795,-0.942468,0
6355,3641,26,422,3323,40,167,13974,1387,15361,-0.155606,0.352551,-0.922765,0
6514,4275,27,487,4472,49,284,16108,1613,17721,-0.201716,0.470516,-0.859026,0
3439,2091,13,245,2079,20,131,8018,728,8746,-0.203647,0.398383,-0.894326,0
2030,1501,11,183,1275,17,84,5101,529,5630,-0.137153,0.312449,-0.939981,0
2614,1689,12,199,1655,24,112,6305,892,7197,-0.122899,0.254551,-0.959218,0
6566,3812,30,485,3801,54,260,15008,1410,16418,-0.152049,0.280883,-0.947621,0
4344,2247,21,276,2184,41,164,9277,1439,10716,-0.108278,0.217844,-0.969959,0
5621,2433,27,329,2406,67,171,11054,1602,12656,-0.12319,0.234578,-0.96426,0
3889,1613,19,217,1557,34,110,7439,1410,8849,-0.1152,0.207263,-0.971479,0
5002,1954,21,237,1850,34,134,9232,2468,11700,-0.112885,0.221265,-0.968658,0
4953,1806,24,231,1870,40,133,9057,1916,10973,-0.121863,0.199808,-0.972227,0
3791,1215,16,148,1137,25,84,6416,2019,8435,-0.107461,0.190906,-0.975708,0
5919,1775,27,254,1593,40,124,9732,3271,13003,-0.121653,0.208268,-0.970477,0
3100,727,13,100,710,24,57,4731,1631,6362,-0.0944841,0.19299,-0.976641,0
4545,938,21,139,896,33,75,6647,2124,8771,-0.0593952,0.130715,-0.989639,0
5001,860,22,141,876,47,77,7024,1712,8736,-0.102062,0.188543,-0.976747,0
3324,655,15,99,626,36,53,4808,1253,6061,-0.0734284,0.141405,-0.987225,0
5839,1279,38,189,1220,64,105,8734,2093,10827,-0.0850353,0.155543,-0.984162,0
3968,1053,20,148,1018,39,94,6340,1578,7918,-0.0940949,0.14103,-0.985524,0
5995,1919,27,252,1961,36,145,10335,1847,12182,-0.101303,0.168908,-0.980412,0
4075,1590,19,197,1505,29,111,7526,1568,9094,-0.0748691,0.148275,-0.986108,0
6240,2593,27,324,2594,39,202,12019,2089,14108,-0.0931442,0.168913,-0.98122,0
6142,3010,28,368,3017,38,215,12818,1672,14490,-0.0720716,0.127913,-0.989163,0
3268,1782,14,209,1765,19,120,7177,1238,8415,-0.0783114,0.153646,-0.985018,0
3751,2201,17,251,2231,24,160,8635,1333,9968,-0.0461941,0.133151,-0.990019,0
6406,4020,28,468,3935,53,296,15206,1513,16719,-0.0776755,0.144958,-0.986384,0
3441,2272,13,259,2307,24,148,8464,1157,9621,-0.081173,0.12148,-0.989269,0
6659,4752,27,550,4667,42,211,16908,1498,18406,-0.0712295,0.128427,-0.989158,0
3552,2545,14,293,2550,33,167,9154,1140,10294,-0.0366867,0.0758481,-0.996444,0
7634,4986,31,546,4546,53,307,18103,1372,19475,-0.0960759,0.185192,-0.977995,0
3128,1752,11,207,1699,23,102,6922,704,7626,-0.0493569,0.12997,-0.990289,0
1895,1049,8,123,1029,18,71,4193,559,4752,-0.0245565,0.082422,-0.996295,0
3423,1730,15,210,1741,31,122,7272,1120,8392,-0.0479113,0.094077,-0.994411,0
6423,2865,26,343,2816,55,198,12726,2085,14811,-0.14457,0.197397,-0.969605,0
3458,1026,11,131,1030,19,75,5750,978,6728,-0.0883373,0.117155,-0.989177,0
1942,693,10,88,685,16,51,3485,793,4278,-0.0343313,0.0502837,-0.998145,0
6748,2178,30,341,2145,44,161,11647,2847,14494,-0.11335,0.160393,-0.980523,0
3216,1145,16,148,1052,18,68,5663,1159,6822,-0.0952002,0.0755751,-0.992585,0
1844,693,9,89,744,17,57,3453,1144,4597,-0.0752411,0.0556868,-0.995609,0
2730,1084,13,136,1065,22,77,5127,1347,6474,-0.0874849,0.0714849,-0.993598,0
6915,2494,55,325,2630,44,181,12644,2600,15244,-0.0920337,0.0970343,-0.991017,0
3305,1263,14,161,1271,21,93,6128,1329,7457,-0.0754538,0.094548,-0.992657,0
6451,2431,29,324,2403,44,173,11855,2750,14605,-0.12361,0.182308,-0.975441,0
4360,1591,17,203,1760,49,175,8155,1570,9725,-0.107716,0.187002,-0.976436,0
3941,1489,14,189,1486,32,108,7259,1315,8574,-0.0961279,0.170261,-0.980699,0
6323,2484,26,311,2413,62,179,11798,1449,13247,-0.139396,0.229909,-0.963177,0
4315,1893,17,231,1816,37,129,8438,1466,9904,-0.12693,0.215295,-0.968265,0
6350,2934,24,351,2877,36,203,12775,1522,14297,-0.148642,0.226359,-0.962636,0
4352,2278,19,279,2215,34,155,9332,1238,10570,-0.139674,0.206399,-0.968448,0
5289,3187,20,365,3112,29,226,12228,1603,13831,-0.223817,0.296265,-0.928511,0
6541,4021,18,369,3089,37,203,14278,1081,15359,-0.188245,0.296817,-0.936196,0
3425,2587,15,282,2632,24,161,9126,1079,10205,-0.206217,0.273223,-0.939587,0
6788,5497,32,591,4569,45,234,17756,1061,18817,-0.208947,0.298001,-0.931417,0
2826,2048,28,236,2155,28,179,7500,880,8380,-0.180486,0.25541,-0.949837,0
3715,2523,18,316,2522,38,185,9317,1192,10509,-0.160109,0.242483,-0.956853,0
6307,3793,29,437,3596,57,249,14468,1460,15928,-0.136957,0.256392,-0.956821,0
3197,1794,16,215,1780,35,122,7159,1233,8392,-0.125837,0.194544,-0.972789,0
6418,3294,30,394,3257,69,225,13687,1904,15591,-0.199231,0.377939,-0.90414,0
3297,1271,12,172,1250,20,85,6107,875,6982,-0.16077,0.296921,-0.941271,0
1946,854,9,97,702,16,48,3672,646,4318,-0.103808,0.209868,-0.972203,0
2522,893,11,112,875,22,64,4499,881,5380,-0.121568,0.2205,-0.967782,0
5999,1665,27,238,1644,50,132,9755,2322,12077,-0.178618,0.267662,-0.946812,0
3842,979,18,144,913,34,73,6003,1610,7613,-0.148244,0.219111,-0.964372,0
5794,1241,26,182,1235,47,103,8628,2404,11032,-0.134714,0.243574,-0.960481,0
3848,958,18,133,957,23,73,6010,1877,7887,-0.104942,0.191809,-0.975806,0
6130,1714,30,231,1647,50,130,9932,2131,12063,-0.126807,0.222785,-0.966585,0
6587,2249,27,282,2099,42,157,11443,1554,12997,-0.0881461,0.171699,-0.981198,0
6632,2950,24,320,1844,47,131,11948,1186,13134,-0.0844221,0.158192,-0.983793,0
2625,1307,12,159,1287,15,91,5496,954,6450,-0.0714774,0.138975,-0.987713,0
6335,3918,30,484,3409,48,236,14460,1696,16156,-0.0976973,0.157318,-0.982704,0
3392,2012,15,233,2006,68,134,7860,1245,9105,-0.0914652,0.15673,-0.983397,0
5602,3448,22,412,3346,55,223,13108,1531,14639,-0.087673,0.196527,-0.976571,0
4011,2732,17,300,2715,30,174,9979,1234,11213,-0.0737944,0.170948,-0.982513,0
4673,3339,19,381,3311,52,216,11991,1757,13748,-0.108962,0.178673,-0.977856,0
4685,3225,19,371,3459,44,252,12055,1558,13613,-0.0941234,0.138588,-0.985867,0
4290,2848,19,324,2804,51,191,10527,1575,12102,-0.102264,0.130969,-0.986098,0
7078,4460,35,543,4112,39,197,16464,1542,18006,-0.0901244,0.131855,-0.987163,0
2779,1622,12,192,1633,23,111,6372,880,7252,-0.0834071,0.0881477,-0.992609,0
6532,3489,27,410,3928,64,242,14692,2175,16867,-0.0583745,0.0765738,-0.995354,0
4349,2128,19,253,2087,40,147,9023,1482,10505,-0.0515268,0.0797995,-0.995478,0
3177,1354,15,193,1421,24,100,6284,1250,7534,-0.0437112,0.0497736,-0.997804,0
6176,2222,29,292,2191,47,166,11123,2358,13481,-0.0653195,0.0797731,-0.994671,0
5973,2055,30,268,1990,63,164,10543,1726,12269,-0.0429371,0.0640881,-0.99702,0
3179,1095,16,141,1041,31,80,5583,1287,6870,-0.0617884,0.0844409,-0.994511,0
6479,1996,29,266,2069,52,154,11045,2024,13069,-0.05758,0.0766993,-0.99539,0
3203,1103,14,140,1055,25,79,5619,2089,7708,-0.0818195,0.0910297,-0.992481,0
6188,2124,30,290,2041,48,154,10875,3186,14061,-0.103658,0.145391,-0.983929,0
4250,1407,19,196,1464,39,110,7485,2944,10429,-0.14401,0.188176,-0.97152,0
3919,1293,17,172,1318,32,99,6850,2054,8904,-0.119188,0.160728,-0.979776,0
1522,545,8,70,509,14,39,2707,665,3372,-0.119962,0.159749,-0.979841,0
4218,1633,18,202,1641,32,117,7861,1657,9518,-0.118025,0.201195,-0.972415,0
6563,2555,24,314,2525,53,181,12215,1818,14033,-0.118558,0.22135,-0.967961,0
4292,1978,16,234,1942,25,136,8623,1271,9894,-0.108121,0.192111,-0.975399,0
4053,2140,16,242,2027,36,139,8653,1338,9991,-0.137939,0.225497,-0.964429,0
6314,3379,24,407,3327,72,166,13689,1452,15141,-0.103555,0.216367,-0.970805,0
3363,1916,13,225,1957,22,132,7628,1083,8711,-0.110662,0.206469,-0.972175,0
6423,3856,24,426,3404,32,229,14394,1510,15904,-0.0869583,0.173293,-0.981024,0
3302,2004,16,301,2042,24,129,7818,1017,8835,-0.0703611,0.167219,-0.983406,0
6493,3743,24,433,4353,50,292,15388,1430,16818,-0.085357,0.191267,-0.97782,0
3350,2242,15,275,1786,23,115,7806,827,8633,-0.0878374,0.16922,-0.981656,0
3019,2027,13,226,2043,30,130,7488,939,8427,-0.0883706,0.153933,-0.984122,0
6786,4211,26,472,4122,42,274,15933,1384,17317,-0.0841935,0.17857,-0.980319,0
6583,4610,30,519,4617,70,296,16725,1436,18161,-0.0806135,0.202987,-0.975857,0
3370,1968,13,235,1791,17,106,7500,719,8219,-0.0684298,0.143531,-0.987277,0
1893,1351,9,150,1130,19,73,4625,491,5116,-0.064802,0.107691,-0.99207,0
2390,1645,11,191,1639,16,107,5999,731,6730,-0.0555836,0.0834981,-0.994957,0
6498,4443,35,480,4050,41,273,15820,1710,17530,-0.0542738,0.105743,-0.992911,0
4188,2870,21,326,2738,30,145,10318,1177,11495,-0.0442253,0.111627,-0.992766,0
3033,2076,15,238,2081,31,136,7610,923,8533,-0.0425464,0.0748824,-0.996284,0
6496,4320,33,507,4018,62,258,15694,1437,17131,-0.0472784,0.0763278,-0.995961,0
4204,2830,21,327,2795,40,186,10403,1205,11608,-0.04158,0.0639167,-0.997089,0
4845,3464,37,387,3232,48,216,12229,1994,14223,-0.0331638,0.0457165,-0.998404,0
6637,4469,34,518,3735,46,200,15639,1266,16905,-0.00419475,0.0580099,-0.998307,0
2732,1914,14,223,1903,33,127,6946,917,7863,-0.0198779,0.0529878,-0.998397,0
6532,4293,33,538,4203,67,266,15932,1491,17423,0.0112539,0.0541395,-0.99847,0
3466,2386,17,293,2392,42,156,8752,1441,10193,-0.0131923,0.0563683,-0.998323,0
6435,4140,32,511,3974,83,191,15366,1305,16671,-0.00511717,0.0691598,-0.997592,0
3203,2213,16,270,2205,35,147,8089,1036,9125,-0.0169196,0.0541063,-0.998392,0
6469,4486,32,543,4429,64,298,16321,1406,17727,-0.036392,0.0696951,-0.996904,0
3366,2364,18,279,2353,41,164,8585,1178,9763,-0.028809,0.0570963,-0.997953,0
6366,4505,33,534,4182,46,188,15854,1302,17156,-0.0356544,0.0696984,-0.996931,0
3191,2230,17,262,2194,33,147,8074,1108,9182,-0.00972099,0.0811289,-0.996656,0
6458,4502,30,480,4248,61,270,16049,1328,17377,-0.00485569,0.0545748,-0.998498,0
3153,2227,15,265,2246,34,148,8088,1048,9136,-0.0127217,0.0664735,-0.997707,0
6391,4424,30,531,4202,59,268,15905,1807,17712,-0.00934591,0.0696909,-0.997525,0
4133,2870,16,284,2190,30,150,9673,987,10660,-0.0114217,0.0717412,-0.997358,0
2997,2102,15,249,2098,30,151,7642,1028,8670,-0.00685723,0.0663953,-0.99777,0
6496,4687,34,564,4341,54,272,16448,1696,18144,-0.00338388,0.0604858,-0.998163,0
6486,4532,31,543,4453,55,270,16370,1556,17926,-0.0241022,0.0549851,-0.998196,0
3103,1943,15,229,1893,28,109,7320,736,8056,-0.00662122,0.0485566,-0.998798,0
1988,1428,11,165,1383,23,93,5091,636,5727,-0.00532543,0.0556176,-0.998438,0
5491,3736,26,444,3670,64,246,13677,1706,15383,0.000143184,0.0514545,-0.998675,0
5305,3722,27,440,3312,48,182,13036,1270,14306,-0.010125,0.0496342,-0.998716,0
3099,2171,17,260,2102,38,141,7828,957,8785,0.0066487,0.0479723,-0.998827,0
6506,4600,35,550,4617,70,309,16687,1461,18148,0.00119156,0.0399312,-0.999202,0
