Downsample[ns],BuildFilTree[ns],SearchFil[ns],DeleteFil[ns],BuildTreeSub[ns],SearchSub[ns],DeleteSub[ns],PreProcTotal[ns],Plane[ns],Total[ns],nx,ny,nz,planeCount
6623,4118,105,512,0,1137,280,12775,4441,17216,0.0404315,0.105949,-0.993549,0
3168,2126,19,282,0,514,141,6250,1031,7281,0.00888363,0.0316283,-0.99946,0
4883,3047,23,384,0,762,204,9303,1420,10723,0.0101083,0.0412453,-0.999098,0
6097,4471,45,478,0,1009,268,12368,1365,13733,0.0107856,0.0353758,-0.999316,0
3130,2153,16,249,0,525,141,6214,1005,7219,0.0147216,0.0359536,-0.999245,0
6799,4093,45,478,0,977,268,12660,1366,14026,0.00779551,0.0369938,-0.999285,0
4227,2810,22,326,0,677,184,8246,1320,9566,0.00737605,0.0323979,-0.999448,0
5633,3648,29,426,0,879,233,10848,1832,12680,0.0108692,0.0319306,-0.999431,0
5398,3638,38,446,0,878,240,10638,1736,12374,0.00882414,0.0348839,-0.999352,0
5449,3683,28,424,0,875,245,10704,1419,12123,0.00616415,0.0393251,-0.999207,0
3822,2654,23,315,0,666,171,7651,1259,8910,0.0159263,0.0320044,-0.999361,0
5882,4008,32,469,0,1005,273,11669,1333,13002,0.00889215,0.04017,-0.999153,0
4150,2879,22,336,0,746,187,8320,1319,9639,0.00507413,0.0437731,-0.999029,0
3842,2614,21,319,0,635,174,7605,2049,9654,0.000668345,0.0471628,-0.998887,0
4963,3500,24,390,0,795,219,9891,1610,11501,9.52095e-05,0.0569706,-0.998376,0
3598,2437,19,277,0,583,158,7072,1229,8301,0.012837,0.058423,-0.998209,0
6092,4139,32,479,0,1036,285,12063,1399,13462,0.0168676,0.054239,-0.998386,0
4215,2914,26,340,0,728,195,8418,1344,9762,0.0107873,0.0592818,-0.998183,0
4176,2853,21,332,0,695,185,8262,1364,9626,0.0288763,0.0842441,-0.996027,0
5437,3870,29,468,0,922,252,10978,1850,12828,-0.0103984,0.0481816,-0.998784,0
3863,2774,22,308,0,661,177,7805,1257,9062,0.00450383,0.0748564,-0.997184,0
5941,4131,32,470,0,990,268,11832,1408,13240,0.0384747,0.0724065,-0.996633,0
3417,2285,19,253,0,532,140,6646,1039,7685,0.0170852,0.0614575,-0.997963,0
5975,3952,32,460,0,968,260,11647,1932,13579,0.0234474,0.083705,-0.996215,0
6501,3950,32,477,0,974,261,12195,1366,13561,0.0121699,0.102513,-0.994657,0
3539,2082,18,243,0,548,154,6584,1077,7661,0.0206498,0.0784538,-0.996704,0
6049,4243,33,472,0,1116,271,12184,2779,14963,0.000984982,0.0709459,-0.99748,0
4707,2878,22,328,0,696,198,8829,1319,10148,0.0109839,0.0751487,-0.997112,0
3436,2220,19,258,0,543,141,6617,1072,7689,0.0484813,0.0851687,-0.995186,0
6235,4103,32,467,0,1016,266,12119,2003,14122,0.00795496,0.112249,-0.993648,0
6663,3640,32,318,0,695,179,11527,1145,12672,0.0133785,0.0874171,-0.996082,0
3117,1970,16,232,0,496,131,5962,1020,6982,0.0196281,0.102245,-0.994566,0
5832,3737,39,454,0,914,245,11221,1969,13190,0.024082,0.0982268,-0.994873,0
3999,2464,21,312,0,623,169,7588,1382,8970,0.0332702,0.100992,-0.994331,0
5750,3515,31,444,0,891,263,10894,1685,12579,0.0285771,0.0992556,-0.994652,0
3899,2438,20,311,0,569,160,7397,1390,8787,0.0141929,0.0838037,-0.996381,0
5082,2862,28,361,0,716,200,9249,1841,11090,0.00942259,0.113209,-0.993527,0
3453,2285,32,257,0,571,135,6733,1278,8011,0.00853841,0.0866635,-0.996201,0
4410,2343,24,289,0,653,190,7909,1654,9563,0.0041889,0.102669,-0.994707,0
6086,2772,28,337,0,718,191,10132,2123,12255,-0.0057913,0.0981231,-0.995157,0
5331,2659,33,404,0,978,194,9599,1374,10973,0.00116337,0.0986425,-0.995122,0
2795,1445,16,167,0,348,93,4864,1065,5929,-0.00165253,0.092835,-0.99568,0
5693,2673,50,315,0,631,172,9534,2025,11559,0.0164421,0.0744628,-0.997088,0
5309,2525,30,306,0,631,173,8974,1490,10464,0.0193262,0.0701069,-0.997352,0
2966,1335,23,168,0,345,94,4931,1083,6014,0.0156944,0.0734967,-0.997172,0
5258,2666,29,327,0,838,255,9373,2123,11496,0.0212914,0.0884045,-0.995857,0
3627,1725,19,223,0,472,127,6193,1413,7606,0.0222959,0.0677093,-0.997456,0
5494,2506,28,322,0,645,175,9170,1812,10982,0.0253112,0.104778,-0.994173,0
3593,1652,21,213,0,438,119,6036,1433,7469,0.0187624,0.0557368,-0.998269,0
5319,2358,29,303,0,605,167,8781,2059,10840,0.0158871,0.0912181,-0.995704,0
5321,2242,27,291,0,579,159,8619,1438,10057,0.0202726,0.0865542,-0.996041,0
3636,1380,18,183,0,369,103,5689,1452,7141,0.0122286,0.0792593,-0.996779,0
5236,1846,28,244,0,482,134,7970,2237,10207,0.00782194,0.110896,-0.993801,0
5269,1702,27,228,0,453,129,7808,1898,9706,0.0105343,0.133131,-0.991042,0
3619,1106,19,151,0,291,81,5267,1650,6917,0.0181945,0.093335,-0.995469,0
5343,1494,26,208,0,401,112,7584,2612,10196,0.0261528,0.0923457,-0.995383,0
5262,1438,27,203,0,416,114,7460,2327,9787,0.0219715,0.0702704,-0.997286,0
5363,1552,32,224,0,376,86,7633,1495,9128,0.0276022,0.08083,-0.996346,0
3025,962,15,136,0,234,73,4445,1626,6071,0.025029,0.0899124,-0.995635,0
5502,2023,26,276,0,500,152,8479,2499,10978,0.0182348,0.124086,-0.992104,0
5592,2275,27,292,0,566,176,8928,1670,10598,0.00108623,0.130269,-0.991478,0
2869,1338,15,183,0,329,128,4862,1601,6463,-0.0136218,0.13622,-0.990585,0
6389,2950,29,353,0,685,195,10601,4722,15323,-0.0670061,0.207145,-0.976013,0
2982,1591,15,200,0,389,109,5286,2409,7695,0.0341479,-0.0736283,-0.996701,0
5846,3143,28,381,0,757,208,10363,2562,12925,0.0428702,0.0605299,-0.997245,0
5268,2936,37,353,0,756,196,9546,2237,11783,0.00820041,0.0594267,-0.998199,0
3818,2164,19,254,0,514,144,6913,1841,8754,0.0239739,0.0960976,-0.995083,0
6007,3334,28,423,0,841,230,10863,1870,12733,-0.0123153,0.040095,-0.99912,0
4214,2320,21,283,0,568,158,7564,2361,9925,0.0311615,0.0505861,-0.998233,0
6207,3430,28,420,0,843,230,11158,1705,12863,0.0366774,0.0724384,-0.996698,0
4220,2484,21,302,0,610,166,7803,1225,9028,0.0341176,0.0805519,-0.996166,0
6416,4007,31,483,0,961,259,12157,1535,13692,0.0524808,0.169062,-0.984207,0
2954,1723,35,208,0,421,116,5457,849,6306,0.0506093,0.131101,-0.990076,0
1863,1207,9,136,0,287,77,3579,623,4202,0.0280729,0.0951524,-0.995067,0
2196,1598,11,187,0,386,126,4504,964,5468,0.0263719,0.0920158,-0.995408,0
6113,4455,45,523,0,1076,293,12505,2207,14712,0.0267112,0.141689,-0.989551,0
6198,4562,35,587,0,1123,302,12807,1570,14377,0.00179324,0.182775,-0.983153,0
3172,1963,13,224,0,468,126,5966,843,6809,-0.00590801,0.143413,-0.989645,0
1880,1386,10,156,0,334,90,3856,678,4534,0.0133467,0.112103,-0.993607,0
3039,2160,14,249,0,529,139,6130,1046,7176,0.00951131,0.104302,-0.9945,0
6150,4365,28,489,0,1073,297,12402,2133,14535,-0.00195291,0.105527,-0.994415,0
6280,3992,19,333,0,740,196,11560,1321,12881,-0.0169173,0.111929,-0.993572,0
3294,2341,14,256,0,613,182,6700,1126,7826,-0.00816566,0.0892672,-0.995974,0
6278,4072,26,473,0,1095,277,12221,1409,13630,-0.000341056,0.122081,-0.99252,0
4343,2942,20,352,0,739,196,8592,1354,9946,-0.00628931,0.0973322,-0.995232,0
5132,3435,23,404,0,898,230,10122,1706,11828,0.00460837,0.09836,-0.99514,0
5250,3462,42,414,0,878,246,10292,1646,11938,0.0158937,0.108593,-0.993959,0
4788,3153,22,368,0,847,214,9392,1618,11010,0.0190144,0.0612759,-0.99794,0
3589,2451,17,272,0,584,155,7068,1167,8235,0.0172231,0.0700508,-0.997395,0
6578,4069,32,468,0,1016,268,12431,2157,14588,0.0113186,0.099881,-0.994935,0
4362,2738,21,318,0,691,182,8312,1181,9493,0.00472721,0.111618,-0.99374,0
5249,3309,45,381,0,824,222,10030,1696,11726,0.0106964,0.101555,-0.994772,0
6676,4056,34,505,0,1075,273,12619,1387,14006,-0.00703015,0.102191,-0.99474,0
3230,2131,17,243,0,524,141,6286,1069,7355,-0.0048899,0.133378,-0.991053,0
6580,3785,35,462,0,972,262,12096,1716,13812,-0.0110151,0.137344,-0.990462,0
4210,2557,21,313,0,676,179,7956,1450,9406,-0.0203991,0.123437,-0.992143,0
4091,2404,18,302,0,642,171,7628,1259,8887,-0.0194588,0.123453,-0.99216,0
3987,2476,18,295,0,669,229,7674,1371,9045,-0.0361381,0.121061,-0.991987,0
6123,3784,27,459,0,984,261,11638,2132,13770,-0.0210101,0.153585,-0.987912,0
4203,2725,18,329,0,740,190,8205,1374,9579,-0.014794,0.145153,-0.989299,0
6119,3967,25,508,0,1018,299,11936,2064,14000,-0.0129182,0.160891,-0.986888,0
6722,4092,23,497,0,1065,309,12708,1425,14133,-0.000188472,0.151376,-0.988476,0
3191,2339,13,278,0,576,156,6553,1075,7628,0.00610623,0.14962,-0.988725,0
6007,4554,24,558,0,1111,305,12559,1424,13983,0.0254348,0.183773,-0.98264,0
4511,3283,18,389,0,774,214,9189,1176,10365,0.0267019,0.205184,-0.978359,0
3100,2511,27,296,0,602,182,6718,1061,7779,0.0184284,0.19184,-0.981253,0
5842,4894,25,570,0,1179,328,12838,1974,14812,0.0181832,0.256734,-0.966311,0
5821,5034,24,498,0,820,226,12423,1340,13763,0.00755524,0.250559,-0.968072,0
3114,2795,15,321,0,683,198,7126,1037,8163,0.00200181,0.223872,-0.974616,0
6467,4827,25,567,0,1239,344,13469,1932,15401,-0.0154666,0.28031,-0.959785,0
6305,4803,29,558,0,1130,309,13134,2082,15216,-0.0142264,0.24142,-0.970316,0
3180,2556,15,285,0,626,159,6821,1125,7946,-0.0032776,0.212208,-0.977219,0
5167,3814,26,451,0,887,239,10584,1632,12216,-0.0178136,0.247253,-0.968787,0
5086,3596,61,403,0,866,228,10240,1172,11412,-0.0173356,0.253319,-0.967228,0
3814,3132,21,312,0,679,172,8130,1183,9313,-0.00828221,0.220029,-0.975458,0
6163,4416,47,506,0,1088,290,12510,1500,14010,-0.0118635,0.218846,-0.975687,0
4279,3282,23,383,0,814,209,8990,1109,10099,-0.00963639,0.191043,-0.981534,0
5193,4406,27,525,0,1002,268,11421,1668,13089,0.00863761,0.170096,-0.98539,0
5152,4223,27,496,0,1058,278,11234,1323,12557,0.00466041,0.163329,-0.986561,0
5330,3933,25,456,0,972,269,10985,1562,12547,-0.000479541,0.141968,-0.989871,0
4642,3790,23,450,0,958,252,10115,1643,11758,0.0197917,0.129315,-0.991406,0
5053,3746,33,458,0,936,246,10472,1523,11995,0.0106928,0.12216,-0.992453,0
4187,3705,26,427,0,824,239,9408,1456,10864,0.00925549,0.11533,-0.993284,0
5953,4765,28,560,0,1184,318,12808,1785,14593,0.0053439,0.0886848,-0.996045,0
3343,2893,16,337,0,668,175,7432,1035,8467,0.00446483,0.0799806,-0.996786,0
5079,4146,29,469,0,1053,273,11049,1719,12768,0.00961481,0.0529468,-0.998551,0
5536,3899,31,472,0,954,263,11155,1261,12416,0.00516786,0.0502679,-0.998722,0
4594,3688,22,453,0,877,258,9892,1502,11394,0.0134952,0.0385089,-0.999167,0
4801,3672,22,422,0,862,237,10016,1089,11105,0.0244709,0.0616431,-0.997798,0
4194,3413,19,386,0,876,217,9105,1372,10477,0.0184641,0.0982141,-0.994994,0
5606,4334,27,581,0,1046,288,11882,1322,13204,0.00241915,0.138228,-0.990397,0
3868,3002,19,359,0,725,200,8173,1291,9464,-0.011345,0.153722,-0.988049,0
6504,5346,30,549,0,1113,336,13878,1832,15710,0.00773687,0.19251,-0.981265,0
4104,3289,20,402,0,776,212,8803,1414,10217,0.0421087,0.157885,-0.986559,0
5277,3968,25,497,0,967,270,11004,1902,12906,0.0306601,0.178643,-0.983436,0
4682,3544,23,428,0,876,242,9795,1667,11462,0.0144703,0.155504,-0.987729,0
9434,4372,29,517,0,741,199,15292,1485,16777,-0.031347,0.140688,-0.989558,0
2999,2262,15,260,0,543,149,6228,1062,7290,-0.00207078,0.114987,-0.993365,0
6625,4614,31,548,0,1128,315,13261,1605,14866,-0.00825707,0.132046,-0.991209,0
5883,3951,27,471,0,970,263,11565,2051,13616,0.0105104,0.164439,-0.986331,0
3607,1934,15,230,0,490,129,6405,909,7314,0.0108899,0.164677,-0.986287,0
1964,1036,9,126,0,264,70,3469,663,4132,0.0180811,0.120554,-0.992542,0
2217,1155,10,140,0,289,79,3890,798,4688,0.0106793,0.131873,-0.991209,0
5517,2487,28,319,0,662,181,9194,2202,11396,-0.0115138,0.16936,-0.985487,0
5636,2247,31,293,0,589,176,8972,1902,10874,0.00712089,0.126066,-0.991996,0
3761,1348,18,181,0,372,101,5781,1518,7299,0.0102414,0.119002,-0.992841,0
5532,1820,25,247,0,497,146,8267,2239,10506,0.0119437,0.100706,-0.994845,0
5533,1725,27,234,0,514,138,8171,1591,9762,0.00388907,0.0986831,-0.995111,0
4917,1661,25,221,0,450,124,7398,1866,9264,0.0148837,0.135237,-0.990702,0
4955,1922,42,253,0,511,143,7826,1791,9617,0.00966547,0.135086,-0.990787,0
4626,1978,22,252,0,514,142,7534,1714,9248,0.0213482,0.123775,-0.992081,0
5689,2551,27,328,0,659,181,9435,1725,11160,0.0239063,0.125484,-0.991808,0
4177,1863,20,248,0,481,134,6923,1544,8467,0.0383861,0.0974315,-0.994502,0
3780,1831,20,234,0,478,131,6474,1528,8002,0.0255225,0.0931781,-0.995322,0
5919,3078,31,445,0,806,219,10498,1785,12283,0.0190961,0.115164,-0.993163,0
4212,2221,40,278,0,560,193,7504,1853,9357,0.0128601,0.115658,-0.993206,0
6069,3311,30,413,0,818,224,10865,2775,13640,0.00488323,0.184403,-0.982839,0
3145,1625,13,178,0,358,101,5420,1516,6936,0.0111362,0.138716,-0.99027,0
2084,1252,11,152,0,310,87,3896,794,4690,0.0252367,0.0852521,-0.99604,0
6009,3623,36,464,0,880,252,11264,1867,13131,0.0274469,0.13882,-0.989937,0
2941,1504,12,203,0,378,105,5143,1009,6152,0.0317306,0.100023,-0.994479,0
1814,1133,10,133,0,273,74,3437,934,4371,0.0566401,0.0419049,-0.997515,0
3759,2355,38,270,0,573,171,7166,1640,8806,0.0482386,0.0925953,-0.994535,0
6073,3501,29,412,0,840,241,11096,3563,14659,0.0354322,0.107852,-0.993535,0
6027,3468,31,362,0,612,161,10661,2141,12802,0.00611334,0.121687,-0.99255,0
3147,1795,15,216,0,443,117,5733,2182,7915,0.00253641,0.129867,-0.991528,0
6184,3449,29,398,0,835,220,11115,3315,14430,0.0200569,0.106466,-0.994114,0
4240,2403,19,274,0,593,156,7685,2333,10018,0.0590146,0.054149,-0.996787,0
5053,2755,22,328,0,710,185,9053,2040,11093,0.0139691,0.0798991,-0.996705,0
5157,2789,24,334,0,773,191,9268,2295,11563,0.0113755,0.116043,-0.993179,0
3740,2212,17,292,0,574,149,6984,1636,8620,-0.00394685,-0.0324473,-0.999466,0
6923,3855,26,457,0,1135,270,12666,1884,14550,0.0131057,0.0960749,-0.995288,0
6530,4037,27,475,0,1074,275,12418,1790,14208,0.0249368,0.0671224,-0.997433,0
3007,1773,12,249,0,466,119,5626,900,6526,0.0264007,0.0919776,-0.995411,0
1967,1293,10,157,0,336,88,3851,767,4618,0.0231923,-0.0585381,-0.998016,0
2419,1523,19,188,0,408,109,4666,1014,5680,0.0191474,0.0111659,-0.999754,0
6510,3877,28,468,0,1019,269,12171,2487,14658,-0.0172894,0.104535,-0.994371,0
5104,2726,16,230,0,495,129,8700,1202,9902,-0.0103059,0.11343,-0.993493,0
2197,1266,11,151,0,319,87,4031,847,4878,-0.0130606,0.11906,-0.992801,0
6155,3399,30,416,0,874,230,11104,2486,13590,-0.0338209,0.12218,-0.991932,0
6050,3423,30,409,0,855,265,11032,1418,12450,-0.0374377,0.166063,-0.985404,0
3213,1817,17,216,0,470,123,5856,1112,6968,-0.0306431,0.115737,-0.992807,0
6606,3602,31,421,0,876,238,11774,1936,13710,-0.03801,0.136818,-0.989867,0
4248,2311,20,282,0,617,160,7638,1462,9100,-0.0196193,0.118087,-0.992809,0
5970,3391,30,403,0,845,230,10869,1481,12350,-0.0168898,0.161442,-0.986738,0
4169,2263,19,276,0,602,158,7487,1508,8995,-0.0109696,0.143557,-0.989581,0
3837,2142,17,256,0,533,145,6930,1357,8287,-0.00939803,0.172046,-0.985044,0
6016,3307,26,405,0,870,233,10857,1851,12708,-0.00199926,0.224984,-0.974361,0
4174,2429,18,299,0,614,169,7703,1526,9229,0.00385566,0.216585,-0.976256,0
5869,3816,25,458,0,948,278,11394,1674,13068,0.0175366,0.275595,-0.961114,0
4097,2866,18,338,0,738,197,8254,1442,9696,-0.0020038,0.20657,-0.97843,0
6020,4445,25,525,0,1097,297,12409,2103,14512,0.000175621,0.252701,-0.967544,0
4053,3111,18,381,0,783,217,8563,1489,10052,-0.00287227,0.245224,-0.969462,0
3703,2879,18,338,0,706,188,7832,1287,9119,-0.00138089,0.213971,-0.976839,0
5907,4514,28,543,0,1117,315,12424,2097,14521,-0.00353071,0.203537,-0.979061,0
5784,4351,28,513,0,1067,289,12032,1433,13465,-0.00365432,0.171125,-0.985243,0
3965,2937,18,359,0,756,202,8237,1352,9589,-0.000894425,0.163674,-0.986514,0
5734,4272,45,554,0,1079,288,11972,1391,13363,-0.00384302,0.148814,-0.988858,0
4029,2958,18,340,0,741,193,8279,1427,9706,-0.007426,0.15622,-0.987694,0
4435,2982,19,354,0,766,197,8753,1459,10212,-0.0281461,0.147008,-0.988735,0
5825,4221,26,475,0,1098,273,11918,1501,13419,-0.00921769,0.141236,-0.989933,0
4022,2792,20,327,0,690,183,8034,1421,9455,-0.00474312,0.133553,-0.99103,0
5214,3931,29,562,0,933,267,10936,1846,12782,0.00201726,0.13781,-0.990457,0
3755,2455,22,303,0,627,166,7328,1281,8609,-0.00520641,0.145984,-0.989273,0
4622,3123,27,389,0,810,208,9179,1695,10874,-0.0036727,0.136149,-0.990682,0
4714,3060,23,378,0,772,203,9150,1651,10801,-0.008455,0.11018,-0.993876,0
3442,2206,17,269,0,600,151,6685,1205,7890,-0.00734018,0.116538,-0.993159,0
5717,3657,27,453,0,963,250,11067,1986,13053,-0.015584,0.120214,-0.992626,0
6030,3598,28,438,0,926,254,11274,1397,12671,-0.00949821,0.104411,-0.994489,0
6353,3585,29,463,0,941,250,11621,1363,12984,-0.00394203,0.095124,-0.995458,0
3007,1909,15,234,0,497,130,5792,1046,6838,-0.00435355,0.105759,-0.994382,0
5657,3633,27,442,0,1009,281,11049,1996,13045,-0.00761968,0.104546,-0.994491,0
3952,2577,20,310,0,658,174,7691,1356,9047,-0.00699362,0.11533,-0.993303,0
5834,3595,26,462,0,958,251,11126,2014,13140,-0.00432009,0.0991245,-0.995066,0
3969,2790,25,313,0,682,177,7956,1394,9350,0.00169859,0.103469,-0.994631,0
3765,2381,18,283,0,634,171,7252,1291,8543,-0.00861986,0.101285,-0.99482,0
8606,4359,32,491,0,968,254,14710,2113,16823,-0.0101025,0.102434,-0.994689,0
3115,1580,12,185,0,402,105,5399,847,6246,-0.00914634,0.0939787,-0.995532,0
1761,1144,10,158,0,327,79,3479,638,4117,-0.00541054,0.108712,-0.994059,0
4699,2990,22,368,0,803,207,9089,1587,10676,0.00725591,0.112822,-0.993589,0
5821,3640,27,431,0,936,247,11102,1973,13075,-0.00275766,0.120038,-0.992766,0
4004,2519,18,347,0,666,174,7728,1406,9134,-0.0101936,0.112752,-0.993571,0
5837,3587,27,485,0,929,247,11112,2134,13246,-0.00796553,0.100058,-0.99495,0
5930,3564,26,436,0,950,250,11156,1365,12521,-0.006043,0.115247,-0.993319,0
3060,1874,14,229,0,501,140,5818,1100,6918,-0.00142141,0.109924,-0.993939,0
4635,2954,23,358,0,788,204,8962,1635,10597,-0.010947,0.107126,-0.994185,0
5099,2912,23,363,0,760,203,9360,1658,11018,-0.0121271,0.102545,-0.994654,0
5693,3533,28,451,0,936,243,10884,1893,12777,-0.0165131,0.116533,-0.993049,0
4065,2492,20,302,0,640,167,7686,1355,9041,-0.0132559,0.118737,-0.992837,0
5185,3477,25,396,0,868,221,10172,1806,11978,-0.0133728,0.110864,-0.993746,0
3671,2241,17,284,0,585,155,6953,1288,8241,-0.0305878,0.12088,-0.992196,0
4757,2899,23,351,0,755,197,8982,1675,10657,-0.0284043,0.100245,-0.994557,0
5711,3487,27,427,0,967,246,10865,1562,12427,-0.0123777,0.122285,-0.992418,0
3979,2468,21,298,0,656,164,7586,1369,8955,-0.0163425,0.128143,-0.991621,0
3942,2365,19,286,0,639,161,7412,1497,8909,-0.00465497,0.133133,-0.991087,0
4013,2377,19,287,0,614,160,7470,1458,8928,0.00450197,0.102494,-0.994723,0
5618,3074,26,376,0,832,238,10164,1915,12079,-0.00773204,0.119284,-0.99283,0
3671,2234,18,264,0,566,169,6922,1334,8256,-0.00735606,0.113495,-0.993511,0
5832,3397,28,411,0,893,246,10807,2005,12812,0.000500424,0.127787,-0.991802,0
4083,2416,20,316,0,627,164,7626,1431,9057,-0.00511662,0.112,-0.993695,0
4048,2430,20,307,0,621,164,7590,1503,9093,-0.0100516,0.096986,-0.995235,0
5448,3151,24,377,0,864,239,10103,1307,11410,-0.0146178,0.0928587,-0.995572,0
4683,2705,24,372,0,716,190,8690,1701,10391,-0.00492808,0.114657,-0.993393,0
4714,2761,23,333,0,741,201,8773,1249,10022,-0.0114347,0.110452,-0.993816,0
5685,4065,29,422,0,885,235,11321,1910,13231,-0.0147008,0.0927321,-0.995583,0
3887,2349,29,292,0,613,159,7329,1359,8688,-0.0191449,0.081624,-0.996479,0
5635,3752,38,437,0,963,240,11065,1775,12840,-0.0128493,0.10992,-0.993857,0
3889,2415,20,284,0,541,128,7277,1110,8387,-0.0198457,0.0989334,-0.994896,0
5704,3414,27,423,0,899,251,10718,1394,12112,-0.0151179,0.0986369,-0.995009,0
3940,2377,19,292,0,686,168,7482,1529,9011,-0.0131132,0.0895502,-0.995896,0
5374,3201,25,381,0,811,237,10029,1891,11920,-0.00289148,0.0900151,-0.995936,0
3622,2373,18,292,0,597,156,7058,1377,8435,-0.010271,0.0976121,-0.995172,0
3355,2067,16,252,0,577,142,6409,1262,7671,-0.00966917,0.105924,-0.994327,0
5700,3437,27,426,0,910,234,10734,2650,13384,-0.0109858,0.115837,-0.993207,0
4149,2440,30,296,0,693,168,7776,1082,8858,-0.0189625,0.111738,-0.993557,0
3002,1866,16,265,0,501,131,5781,1136,6917,-0.0143265,0.114191,-0.993355,0
4820,2856,22,390,0,771,198,9057,1868,10925,-0.007618,0.117649,-0.993026,0
4841,2809,23,347,0,745,196,8961,1265,10226,-0.00816414,0.127154,-0.991849,0
3689,2107,21,254,0,513,135,6719,1151,7870,-0.0120195,0.105203,-0.994378,0
5684,3544,28,458,0,923,238,10875,1424,12299,-0.0352854,0.121403,-0.991976,0
4261,2380,39,315,0,627,167,7789,1437,9226,-0.0244764,0.103887,-0.994288,0
5689,3141,27,380,0,816,215,10268,1632,11900,-0.0181868,0.121912,-0.992374,0
3599,2220,18,268,0,581,155,6841,1255,8096,-0.0103375,0.109239,-0.993962,0
5703,3404,52,430,0,993,247,10829,1972,12801,-0.024638,0.107335,-0.993918,0
3922,2395,19,330,0,623,162,7451,1397,8848,-0.0135922,0.0797219,-0.996724,0
3329,1857,15,223,0,475,125,6024,1134,7158,-0.0207884,0.105311,-0.994222,0
6544,3468,29,448,0,900,242,11631,1982,13613,-0.010942,0.113262,-0.993505,0
3906,2366,19,300,0,622,161,7374,1409,8783,-0.0112872,0.117288,-0.993034,0
5769,3442,42,415,0,985,243,10896,1873,12769,-0.00923284,0.11782,-0.992992,0
3910,2390,19,285,0,621,164,7389,1385,8774,-0.0144309,0.109573,-0.993874,0
3987,2460,20,288,0,632,176,7563,1371,8934,-0.00543472,0.114964,-0.993355,0
6050,3540,30,488,0,928,243,11279,2435,13714,-0.00650004,0.113581,-0.993508,0
4195,2374,20,286,0,618,162,7655,1058,8713,-0.0145858,0.115892,-0.993155,0
2986,1926,22,244,0,478,124,5780,1040,6820,-0.00719035,0.124263,-0.992223,1
5679,3797,29,417,0,896,234,11052,1835,12887,-0.00602058,0.114305,-0.993427,1
5148,3031,24,363,0,792,204,9562,1282,10844,-0.0111445,0.136211,-0.990617,1
3914,2256,17,282,0,585,148,7202,1418,8620,-0.026112,0.172763,-0.984617,1
3709,2127,22,293,0,586,153,6890,1422,8312,-0.0176527,0.116636,-0.993018,1
5698,3404,26,627,0,1279,341,11375,2324,13699,-0.018483,0.139653,-0.990028,1
3305,1754,14,213,0,456,97,5839,889,6728,-0.0109196,0.122241,-0.99244,1
2017,1203,24,142,0,372,101,3859,658,4517,0.00144799,0.0870903,-0.996199,1
3443,1778,15,217,0,482,123,6058,1062,7120,-0.00489677,0.117862,-0.993018,1
5698,3399,30,447,0,856,223,10653,2077,12730,-0.0056533,0.114104,-0.993453,1
4020,2309,20,315,0,627,158,7449,1429,8878,-0.00603676,0.112437,-0.993641,1
5394,3485,30,464,0,914,206,10493,1248,11741,-0.0158635,0.120499,-0.992587,1
2815,1700,14,198,0,426,110,5263,1086,6349,-0.0127883,0.101936,-0.994709,1
5434,2942,25,350,0,759,236,9746,1802,11548,-0.00753034,0.122105,-0.992489,1
5169,2889,24,366,0,756,219,9423,1620,11043,-0.000646878,0.119631,-0.992818,1
3710,2020,18,247,0,557,143,6695,1295,7990,-0.00455319,0.135265,-0.990799,1
5654,2932,32,511,0,888,220,10237,1553,11790,-0.0116696,0.125617,-0.99201,1
3829,2080,18,251,0,536,141,6855,1273,8128,-0.00763196,0.112612,-0.99361,1
5788,3198,40,388,0,837,215,10466,2015,12481,0.00859122,0.136901,-0.990548,1
5679,3201,27,390,0,795,153,10245,1392,11637,0.000444182,0.121153,-0.992634,1
3133,1677,15,202,0,437,116,5580,1149,6729,-0.00675015,0.11749,-0.993051,1
5105,2759,23,315,0,674,177,9053,1777,10830,-0.00894679,0.104253,-0.994511,1
4751,2616,22,341,0,673,180,8583,1704,10287,-0.00753469,0.132254,-0.991187,1
3440,1876,17,237,0,489,129,6188,1473,7661,-0.0116369,0.150435,-0.988551,1
5684,3063,32,380,0,834,215,10208,2057,12265,-0.00393908,0.130844,-0.991395,1
5946,3047,27,398,0,835,215,10468,1570,12038,0.00176512,0.112615,-0.993637,1
5273,2786,26,350,0,751,197,9383,1474,10857,0.00823946,0.125329,-0.992081,1
3654,1934,17,290,0,513,134,6542,1274,7816,0.00709274,0.151392,-0.988448,1
5764,3077,27,417,0,835,214,10334,1977,12311,-0.00131891,0.12283,-0.992427,1
5951,2717,24,270,0,556,145,9663,1130,10793,-0.000911551,0.128642,-0.991691,1
3017,1622,15,217,0,439,110,5420,1045,6465,0.0116436,0.146612,-0.989125,1
5066,2522,23,335,0,644,170,8760,1693,10453,0.00406423,0.153045,-0.988211,1
4777,2487,40,290,0,630,161,8385,1643,10028,0.0060596,0.142154,-0.989826,1
4612,2335,25,284,0,623,160,8039,1572,9611,0.00441274,0.121021,-0.99264,1
5958,2989,37,350,0,800,197,10331,2011,12342,0.00473605,0.103525,-0.994616,1
4057,1958,20,241,0,539,135,6950,1346,8296,0.00557454,0.108536,-0.994077,1
3639,1899,19,225,0,529,126,6437,1246,7683,0.00771514,0.112598,-0.993611,1
5795,2957,30,361,0,771,196,10110,1949,12059,0.0126047,0.114151,-0.993383,1
5793,3227,33,352,0,812,225,10442,1535,11977,-0.00116975,0.141805,-0.989894,1
5957,2877,32,344,0,740,139,10089,1399,11488,0.00148358,0.147812,-0.989014,1
3027,1602,32,179,0,413,101,5354,1026,6380,0.00648389,0.156481,-0.98766,1
5856,2627,32,355,0,784,186,9840,1973,11813,0.00882809,0.162128,-0.98673,1
4083,1861,21,233,0,527,130,6855,1399,8254,0.00571403,0.168857,-0.985624,1
6100,2806,32,336,0,750,188,10212,2096,12308,0.0264522,0.246625,-0.96875,1
3848,1492,17,180,0,435,108,6080,915,6995,0.0235985,0.189377,-0.981621,1
2096,1041,10,114,0,251,65,3577,634,4211,0.0142149,0.153527,-0.988042,1
2537,1352,13,161,0,355,90,4508,862,5370,-0.00398002,0.141384,-0.989947,1
6018,3233,34,393,0,946,227,10851,1989,12840,-0.00356392,0.14665,-0.989182,1
5881,3531,42,540,0,904,234,11132,1337,12469,0.00438565,0.146842,-0.98915,1
3360,1841,17,225,0,486,125,6054,1088,7142,0.0137803,0.116599,-0.993083,1
6304,3828,33,440,0,960,244,11809,1658,13467,0.0245773,0.149189,-0.988503,1
4474,2641,21,316,0,720,199,8371,1294,9665,0.0290754,0.146889,-0.988726,1
3925,2738,19,304,0,655,174,7815,1485,9300,0.0304617,0.140331,-0.989636,1
5850,4407,30,484,0,1112,278,12161,1787,13948,0.014671,0.13035,-0.991359,1
5951,3061,21,324,0,685,183,10225,1140,11365,0.0204851,0.147858,-0.988796,1
2469,1682,13,195,0,426,112,4897,872,5769,0.0222483,0.134435,-0.990673,1
5775,3887,28,472,0,960,255,11377,1900,13277,0.000682957,0.118555,-0.992947,1
4251,2621,20,302,0,658,177,8029,1560,9589,0.00654748,0.118869,-0.992888,1
5105,3333,25,393,0,829,227,9912,2105,12017,0.0168431,0.11917,-0.992731,1
3944,2331,33,299,0,598,159,7364,1376,8740,0.00119353,0.0765758,-0.997063,1
5744,3709,29,432,0,899,242,11055,1558,12613,-0.0124897,0.0911764,-0.995756,1
3991,2523,19,302,0,625,169,7629,1721,9350,0.0289374,0.134425,-0.990501,1
6078,3531,27,457,0,914,248,11255,2304,13559,0.0254631,0.122793,-0.992106,1
4030,2394,19,305,0,599,163,7510,1817,9327,0.023711,0.106916,-0.993985,1
5926,3286,28,402,0,822,228,10692,2275,12967,0.00646476,0.0871836,-0.996171,1
3956,2044,20,267,0,530,154,6971,1772,8743,0.0160635,0.117705,-0.992919,1
5956,2411,28,308,0,650,171,9524,1732,11256,0.0191432,0.14927,-0.988611,1
3850,1236,20,165,0,357,91,5719,1617,7336,0.0165873,0.161897,-0.986668,1
5688,1474,28,205,0,421,111,7927,2332,10259,0.036638,0.18191,-0.982632,1
3778,968,18,136,0,285,87,5272,1956,7228,0.0135062,0.1155,-0.993216,1
5554,1582,29,214,0,432,126,7937,3125,11062,0.00519825,0.166739,-0.985987,1
3788,1294,19,179,0,412,99,5791,2487,8278,0.0440544,0.0928206,-0.994708,1
5860,2313,28,305,0,635,178,9319,3473,12792,0.0615638,0.16008,-0.985182,1
4016,1799,20,230,0,474,129,6668,2022,8690,0.0497481,0.119941,-0.991534,1
5841,2928,31,365,0,511,137,9813,1945,11758,0.0515834,0.124921,-0.990825,1
3050,1568,16,199,0,416,112,5361,1843,7204,0.0550258,0.0691365,-0.996089,1
5697,3044,31,372,0,778,210,10132,2132,12264,0.0364757,0.112539,-0.992978,1
4043,2102,21,259,0,543,146,7114,2974,10088,0.0342017,0.12817,-0.991162,1
5585,3523,32,365,0,705,190,10400,3358,13758,0.042129,0.109791,-0.993061,1
3760,1820,19,235,0,484,130,6448,2807,9255,0.0412449,0.136354,-0.989801,1
4367,2067,22,259,0,546,143,7404,4360,11764,0.0809437,0.0794867,-0.993544,1
6059,2695,31,330,0,701,206,10022,2208,12230,0.029333,0.105842,-0.99395,1
4201,1746,23,225,0,468,121,6784,4713,11497,-0.0461536,0.246682,-0.967997,1
3067,1285,14,157,0,362,95,4980,3414,8394,-0.0322373,0.293959,-0.955274,1
5921,2459,33,304,0,673,164,9554,4741,14295,0.157194,0.128826,-0.979129,1
3750,1462,16,182,0,409,101,5920,1906,7826,0.0600161,0.0559783,-0.996627,1
4909,1866,21,246,0,537,131,7710,2871,10581,0.0717878,0.129035,-0.989038,1
3792,1490,20,188,0,486,107,6083,2240,8323,0.0682038,0.078733,-0.99456,1
4602,2055,20,242,0,558,138,7615,2086,9701,0.012954,-0.0483365,-0.998747,1
4534,2203,20,287,0,618,160,7822,1958,9780,-0.0106893,0.001872,-0.999941,1
4213,2091,18,264,0,590,145,7321,1375,8696,-0.0121207,-0.0446229,-0.99893,1
5479,2750,24,357,0,743,188,9541,1561,11102,-0.0321695,-0.0223814,-0.999232,1
3942,1969,18,239,0,523,135,6826,1623,8449,-0.0276737,-0.0459728,-0.998559,1
4967,2572,27,467,0,889,179,9101,2411,11512,-0.0224887,-0.0570785,-0.998116,1
3614,1758,18,218,0,463,121,6192,1454,7646,-0.0057004,-0.0721151,-0.99738,1
5980,2794,43,345,0,743,245,10150,2935,13085,0.021464,-0.016366,-0.999636,1
3969,1843,19,227,0,494,129,6681,2007,8688,-0.00618831,-0.0280962,-0.999586,1
5391,2223,27,286,0,720,162,8809,2267,11076,-0.0318762,0.0328561,-0.998952,1
5779,2458,29,319,0,884,228,9697,1832,11529,-0.0361448,0.0254102,-0.999023,1
3200,1268,15,162,0,352,91,5088,1437,6525,-0.0332724,0.020308,-0.99924,1
6051,2277,26,298,0,622,163,9437,2728,12165,-0.0338222,0.0314546,-0.998933,1
4305,1577,24,209,0,435,116,6666,2039,8705,-0.0319754,0.00673974,-0.999466,1
4900,1910,27,255,0,513,137,7742,2440,10182,-0.00118344,0.0832797,-0.996526,1
4736,2007,20,262,0,547,148,7720,2202,9922,0.00763916,0.100559,-0.994902,1
5218,1643,19,226,0,434,117,7657,1401,9058,-0.0124916,0.0866509,-0.99616,1
3396,1716,15,221,0,469,126,5943,1460,7403,-0.00460985,0.085232,-0.99635,1
5666,3092,25,395,0,838,224,10240,2551,12791,-0.0225222,0.0441661,-0.99877,1
3841,2279,17,279,0,575,156,7147,1573,8720,-0.0157528,0.0943363,-0.995416,1
5462,3150,23,391,0,826,223,10075,2318,12393,-0.0342044,0.060498,-0.997582,1
4462,2492,20,342,0,684,182,8182,1924,10106,-0.0283059,0.0922832,-0.99533,1
4386,2474,26,415,0,831,190,8322,1802,10124,-0.0166109,0.0553903,-0.998327,1
4435,2394,20,328,0,645,171,7993,1807,9800,-0.0130891,0.0439949,-0.998946,1
6185,2854,26,368,0,860,206,10499,1857,12356,-0.0222541,0.0510771,-0.998447,1
3764,1810,18,234,0,500,132,6458,1402,7860,-0.0358593,0.0768316,-0.996399,1
5511,2589,29,325,0,693,196,9343,2179,11522,-0.0281673,0.0990154,-0.994687,1
5698,2860,30,342,0,526,122,9578,1612,11190,-0.0461971,0.0617504,-0.997022,1
3697,1578,18,206,0,498,113,6110,1414,7524,0.00183582,0.169592,-0.985513,1
5728,2313,30,308,0,670,164,9213,2236,11449,0.00542382,0.0397071,-0.999197,1
5555,2291,30,283,0,663,160,8982,1665,10647,-0.00891959,0.207787,-0.978133,1
5200,2244,28,277,0,626,153,8528,2446,10974,-0.0243249,0.0335049,-0.999142,1
3653,1707,19,209,0,492,119,6199,1680,7879,-0.0304026,0.1564,-0.987226,1
5782,2830,31,344,0,764,192,9943,2430,12373,-0.0285499,0.0728667,-0.996933,1
3991,2033,20,246,0,541,136,6967,1767,8734,-0.0203978,0.0480518,-0.998637,1
3997,2184,21,258,0,604,149,7213,1662,8875,-0.00134656,0.046279,-0.998928,1
5057,2908,29,374,0,776,193,9337,1685,11022,-0.0118288,0.0629739,-0.997945,1
5549,3120,30,381,0,775,201,10056,2203,12259,0.0237942,0.180623,-0.983265,1
5375,2088,19,248,0,522,140,8392,1154,9546,-0.0145568,0.172197,-0.984955,1
2380,1272,12,154,0,306,72,4196,940,5136,0.0233401,0.0321173,-0.999212,1
1511,797,9,101,0,209,55,2682,633,3315,-0.00873793,0.0294165,-0.999529,1
4120,2209,21,278,0,572,155,7355,2267,9622,-0.0275464,0.0858687,-0.995926,1
4889,2730,26,333,0,680,185,8843,2214,11057,-0.0173092,0.0897287,-0.995816,1
5573,2761,29,375,0,728,199,9665,1892,11557,-0.0223908,0.0875503,-0.995908,1
4124,1581,19,209,0,428,116,6477,1890,8367,-0.0171405,0.104307,-0.994397,1
4558,1829,23,261,0,483,134,7288,2945,10233,-0.0113613,0.0217855,-0.999698,1
4526,1582,23,211,0,426,116,6884,3158,10042,-0.0563524,0.0593821,-0.996643,1
3321,1057,20,142,0,309,91,4940,2594,7534,0.00703539,0.0346739,-0.999374,1
5497,1556,30,218,0,467,135,7903,2825,10728,-0.00456232,0.0245976,-0.999687,1
3537,931,18,135,0,293,76,4990,2025,7015,-0.091399,0.0646859,-0.993711,1
4440,1410,23,186,0,379,103,6541,3432,9973,-0.110395,0.159257,-0.981045,1
4548,1639,23,240,0,438,122,7010,2037,9047,-0.0835016,0.0998932,-0.991488,1
5535,1831,24,249,0,498,137,8274,2076,10350,-0.0949967,0.109917,-0.989391,1
3534,1540,18,205,0,399,110,5806,1673,7479,-0.0743659,0.0152298,-0.997115,1
5962,2860,32,404,0,790,227,10275,3044,13319,-0.100215,0.0872153,-0.991136,1
4022,2007,22,253,0,555,143,7002,1759,8761,-0.0767078,0.0459267,-0.995995,1
3080,1243,13,158,0,321,88,4903,1669,6572,-0.0437679,-0.00092612,-0.999041,1
4332,2374,42,414,0,735,158,8055,3267,11322,-0.0199459,0.0636959,-0.99777,1
4355,2157,23,262,0,542,158,7497,6245,13742,-0.0386184,-0.0468219,-0.998156,1
3794,1677,17,186,0,393,139,6206,1500,7706,-0.041602,0.0010835,-0.999134,1
5139,2302,25,279,0,612,183,8540,3968,12508,-0.0417452,0.104588,-0.993639,1
3682,1543,17,205,0,423,108,5978,4061,10039,0.0033813,0.0822856,-0.996603,1
3427,1345,16,195,0,383,96,5462,2512,7974,0.0375586,0.0668913,-0.997053,1
5955,2138,26,274,0,618,175,9186,2765,11951,0.033529,0.0888761,-0.995478,1
3660,1389,17,201,0,403,101,5771,1975,7746,0.0475026,0.125253,-0.990987,1
5866,2221,24,285,0,647,182,9225,3022,12247,0.0120676,-0.0152656,-0.999811,1
5833,2262,45,283,0,657,164,9244,1545,10789,0.000879455,-0.00850484,-0.999963,1
4032,1569,18,198,0,505,111,6433,1441,7874,0.0300541,0.00639884,-0.999528,1
5195,2045,24,261,0,589,149,8263,1988,10251,0.0223189,-0.0381012,-0.999025,1
5926,2111,25,282,0,621,158,9123,2270,11393,-0.0122297,0.0833405,-0.996446,1
4865,1351,19,175,0,380,101,6891,1140,8031,-0.0181073,0.0214216,-0.999607,1
2441,773,12,117,0,186,49,3578,990,4568,-0.00461333,-0.0588763,-0.998255,1
2131,667,10,94,0,192,51,3145,1107,4252,-0.0163264,-0.050888,-0.998571,1
5687,1616,32,225,0,466,124,8150,3162,11312,-0.0335398,-0.0192428,-0.999252,1
4938,1268,26,174,0,359,124,6889,2741,9630,-0.0272638,-0.0315573,-0.99913,1
3607,816,19,117,0,297,69,4925,2498,7423,-0.0235515,-0.0218312,-0.999484,1
5603,1404,28,191,0,391,104,7721,4426,12147,-0.0361397,-0.0308955,-0.998869,1
3862,990,19,140,0,284,76,5371,3343,8714,-0.022524,0.0487487,-0.998557,1
2844,902,14,119,0,245,66,4190,1937,6127,-0.0320112,-0.0387352,-0.998737,1
5531,1626,22,221,0,455,123,7978,4661,12639,-0.0512248,0.112665,-0.992312,1
5014,1803,20,243,0,500,137,7717,4329,12046,-0.0936418,0.00237315,-0.995603,1
2868,1130,12,151,0,311,85,4557,2355,6912,-0.0823144,-0.00346619,-0.9966,1
5411,2363,23,366,0,616,169,8948,3661,12609,-0.0546153,0.0786377,-0.995406,1
3603,1770,15,232,0,475,130,6225,1954,8179,-0.0731744,0.0873519,-0.993486,1
5409,2856,22,341,0,725,190,9543,2557,12100,-0.0547724,0.115749,-0.991767,1
3376,1879,15,234,0,480,132,6116,1887,8003,-0.00486117,0.0901058,-0.99592,1
5368,2743,23,376,0,786,206,9502,2558,12060,-0.0133331,0.144591,-0.989402,1
3334,1724,16,219,0,462,124,5879,1331,7210,-0.024405,0.109357,-0.993703,1
4665,2296,22,298,0,635,168,8084,1890,9974,-0.00782481,0.111997,-0.993678,1
5131,2138,24,279,0,571,153,8296,2191,10487,-0.00356837,0.0900842,-0.995928,1
3381,1325,18,180,0,396,102,5402,1367,6769,-0.0143764,0.0866557,-0.996135,1
5589,1993,30,269,0,584,150,8615,1916,10531,-0.0128621,0.0848337,-0.996312,1
5150,1739,25,230,0,515,137,7796,1843,9639,-0.0397178,0.0662988,-0.997009,1
4612,1470,23,194,0,438,107,6844,1761,8605,-0.0443586,0.0473247,-0.997894,1
4604,1412,24,198,0,421,105,6764,2465,9229,-0.0160526,0.028114,-0.999476,1
5699,2064,35,361,0,838,213,9210,2925,12135,-0.0305418,0.082041,-0.996161,1
3000,1034,15,133,0,301,75,4558,1128,5686,-0.0293166,0.0430587,-0.998642,1
5727,1948,30,261,0,564,143,8673,2377,11050,-0.0261461,0.0463371,-0.998584,1
5731,1929,37,276,0,547,139,8659,1632,10291,-0.0210858,0.0721479,-0.997171,1
3712,1292,20,178,0,383,97,5682,1565,7247,-0.0225486,0.0341305,-0.999163,1
5446,1785,29,271,0,503,132,8166,2117,10283,-0.0093043,-0.000470556,-0.999957,1
5208,1746,27,249,0,502,149,7881,2210,10091,0.0105427,-0.00415598,-0.999936,1
3509,1326,18,172,0,366,96,5487,1482,6969,0.00987061,-0.0123688,-0.999875,1
5107,1996,26,270,0,571,174,8144,2195,10339,0.00403637,0.0116499,-0.999924,1
5068,2233,25,287,0,607,158,8378,2138,10516,0.0207883,0.131777,-0.991061,1
3512,1442,13,164,0,346,91,5568,1119,6687,0.0209863,0.0437868,-0.99882,1
2179,1071,10,139,0,295,78,3772,967,4739,0.023652,0.0236175,-0.999441,1
4711,2244,22,294,0,636,170,8077,2063,10140,-0.00941513,-0.000104692,-0.999956,1
5318,2449,28,315,0,629,171,8910,3032,11942,-0.0553627,-0.00062785,-0.998466,1
3627,1443,20,194,0,409,107,5800,1947,7747,-0.0665942,0.00863016,-0.997743,1
4950,1593,26,218,0,429,118,7334,2570,9904,-0.0343472,-0.0112849,-0.999346,1
3411,965,22,187,0,264,74,4923,1846,6769,-0.0386734,-0.0286891,-0.99884,1
5015,1202,24,170,0,331,89,6831,3305,10136,-0.0621512,-0.00338412,-0.998061,1
3547,747,17,112,0,217,59,4699,2523,7222,-0.0531246,0.00265138,-0.998584,1
5316,1204,26,166,0,318,88,7118,3762,10880,-0.0648786,-0.0171902,-0.997745,1
3647,754,19,114,0,220,61,4815,2337,7152,-0.0823539,0.0421124,-0.995713,1
5324,1077,26,172,0,325,88,7012,3780,10792,-0.0745678,0.126365,-0.989177,1
3670,813,23,123,0,243,66,4938,2740,7678,0.0047756,0.0784877,-0.996904,1
5328,1352,26,210,0,395,110,7421,4152,11573,-0.00872433,0.138454,-0.99033,1
3439,1047,17,146,0,290,80,5019,2287,7306,0.0167777,-0.000212177,-0.999859,1
4922,1638,26,231,0,457,126,7400,2835,10235,-0.0025319,0.0112332,-0.999934,1
4563,1762,24,235,0,461,126,7171,2436,9607,0.00689084,0.041264,-0.999125,1
4658,1817,23,244,0,489,135,7366,3036,10402,0.0122638,-0.0158115,-0.9998,1
5692,2405,28,320,0,644,178,9267,3244,12511,0.0136352,0.0100681,-0.999856,1
3620,1687,19,223,0,487,123,6159,1972,8131,0.00410822,0.00155001,-0.99999,1
5048,2619,27,323,0,647,178,8842,3249,12091,-0.0165288,0.0162404,-0.999731,1
3720,1823,18,234,0,481,130,6406,2898,9304,-0.0149369,0.029206,-0.999462,1
5722,2961,36,519,0,1045,275,10558,3495,14053,0.0205662,0.00213113,-0.999786,1
3024,1455,14,188,0,416,108,5205,3386,8591,0.0112326,0.00963196,-0.999891,1
4698,2175,23,287,0,592,157,7932,5782,13714,0.00877624,0.238062,-0.97121,1
3432,1609,18,205,0,430,114,5808,3857,9665,-0.00322691,0.283397,-0.958997,1
4380,1844,23,274,0,512,160,7193,4718,11911,-0.0142409,0.324529,-0.945769,1
3863,1664,21,243,0,468,120,6379,4632,11011,-0.0208064,0.261431,-0.964998,1
5008,2112,25,278,0,609,156,8188,4416,12604,-0.0543701,0.231572,-0.971297,1
5832,2252,28,300,0,659,168,9239,4791,14030,-0.097003,0.273946,-0.956841,1
5567,2081,19,205,0,441,112,8425,3303,11728,-0.0526726,0.145771,-0.987915,1
2460,918,13,136,0,227,57,3811,1946,5757,-0.182067,0.236247,-0.954484,1
1530,578,8,88,0,173,43,2420,1116,3536,-0.187066,0.258438,-0.947743,1
4233,1741,19,213,0,478,119,6803,4555,11358,-0.280008,0.35543,-0.891776,1
5310,1993,24,256,0,570,142,8295,3478,11773,-0.369459,0.40922,-0.834289,1
5140,1982,24,289,0,580,143,8158,4238,12396,-0.319054,0.330195,-0.888355,1
3724,1415,17,180,0,429,102,5867,4180,10047,-0.252257,0.265186,-0.930614,1
5273,1994,23,256,0,575,143,8264,5372,13636,-0.222176,0.216509,-0.950664,1
3696,1391,16,179,0,461,104,5847,3537,9384,-0.157722,0.159167,-0.974572,1
5782,2106,25,274,0,637,153,8977,3866,12843,-0.106066,0.144021,-0.983874,1
5311,1908,22,244,0,570,138,8193,2965,11158,-0.0515004,0.0847284,-0.995072,1
3750,1398,17,173,0,412,98,5848,3117,8965,-0.014172,0.0494924,-0.998674,1
5246,1880,22,252,0,571,151,8122,3131,11253,-0.00461056,-0.100602,-0.994916,1
5381,1995,23,250,0,582,139,8370,2037,10407,0.00849232,-0.0506914,-0.998678,1
3678,1347,17,185,0,413,100,5740,1444,7184,0.00236441,-0.10717,-0.994238,1
5427,1813,23,238,0,594,160,8255,2257,10512,-0.0032453,-0.110847,-0.993832,1
5180,1893,23,243,0,596,140,8075,2254,10329,0.00365124,-0.0901644,-0.99592,1
3669,1343,17,195,0,409,119,5752,1348,7100,0.01154,-0.0848258,-0.996329,1
5815,2071,24,296,0,636,154,8996,2064,11060,0.000965075,-0.0954358,-0.995435,1
3663,1312,16,173,0,404,98,5666,1478,7144,-0.0102771,-0.0767623,-0.996996,1
5741,2039,27,261,0,612,150,8830,1946,10776,-0.00580644,-0.0810636,-0.996692,1
6058,1814,24,232,0,594,140,8862,1503,10365,0.00649958,-0.0858458,-0.996287,1
2948,983,13,158,0,294,75,4471,1222,5693,0.0243867,-0.0832144,-0.996233,1
5726,2035,23,238,0,524,163,8709,2076,10785,0.00743261,-0.0800681,-0.996762,1
5135,1633,23,216,0,509,147,7663,1817,9480,0.000981033,-0.0817922,-0.996649,1
3671,1197,17,157,0,354,89,5485,1601,7086,-0.0114496,-0.102487,-0.994668,1
5764,1760,28,235,0,671,142,8600,2320,10920,-0.0122818,-0.0955124,-0.995352,1
3663,1091,18,148,0,323,82,5325,1991,7316,-0.0134984,-0.121211,-0.992535,1
5735,1629,29,221,0,476,124,8214,2691,10905,-0.0249472,-0.0903267,-0.9956,1
5065,1405,26,194,0,416,119,7225,2999,10224,-0.00114319,-0.0705224,-0.99751,1
3641,968,20,135,0,286,75,5125,2220,7345,-0.0153692,-0.100492,-0.994819,1
5701,1561,31,211,0,436,114,8054,3200,11254,-0.00699859,-0.0832072,-0.996508,1
5826,1524,32,210,0,433,115,8140,2012,10152,-0.0210513,-0.0896979,-0.995747,1
2940,790,15,112,0,236,63,4156,1803,5959,-0.0136084,-0.0896985,-0.995876,1
5096,1413,28,192,0,409,106,7244,2828,10072,-0.00982849,-0.0882736,-0.996048,1
3516,1040,18,149,0,276,74,5073,2302,7375,-0.010589,-0.0916587,-0.995734,1
4695,1201,23,193,0,393,97,6602,2683,9285,-0.0321581,-0.0570801,-0.997852,1
5398,1370,25,212,0,399,109,7513,3189,10702,-0.0210137,-0.081576,-0.996446,1
5258,1427,25,202,0,448,116,7476,2691,10167,-0.019809,-0.0434702,-0.998858,1
3553,1097,19,148,0,303,82,5202,2290,7492,-0.0158968,-0.0965152,-0.995205,1
5503,1697,31,239,0,486,130,8086,2677,10763,-0.00648343,0.0131471,-0.999893,1
4919,1555,23,210,0,452,118,7277,3185,10462,0.0101099,-0.0131637,-0.999862,1
3553,1185,15,157,0,326,88,5324,1975,7299,0.0202259,0.0457511,-0.998748,1
5520,2042,24,272,0,561,152,8571,2745,11316,0.00471268,0.0470998,-0.998879,1
2868,967,11,128,0,266,71,4311,1052,5363,-0.00449901,0.0733257,-0.997298,1
2034,879,10,114,0,246,66,3349,892,4241,-0.0167326,0.0607652,-0.998012,1
4980,2433,22,310,0,645,175,8565,2417,10982,-0.0513393,0.0816107,-0.995341,1
5606,2822,20,348,0,747,217,9760,2331,12091,-0.040794,0.0997394,-0.994177,1
5019,2654,22,329,0,680,188,8892,2266,11158,-0.0520285,0.0870367,-0.994846,1
4997,2546,22,324,0,694,187,8770,1742,10512,-0.0272454,0.119279,-0.992487,1
3538,1732,16,220,0,466,128,6100,1482,7582,-0.0213382,0.109771,-0.993728,1
5496,2712,25,381,0,755,198,9567,2126,11693,-0.0194832,0.111792,-0.993541,1
5540,2324,26,335,0,636,120,8981,1499,10480,0.00456584,0.13457,-0.990894,1
2816,1106,15,148,0,311,83,4479,1154,5633,0.00605735,0.0724983,-0.99735,1
5317,1884,30,258,0,559,146,8194,2232,10426,0.00461189,0.082912,-0.996546,1
5666,1827,29,262,0,553,140,8477,1372,9849,-0.0150455,0.069138,-0.997494,1
3484,1069,20,142,0,321,79,5115,1399,6514,0.0141646,0.0354009,-0.999273,1
5490,1637,32,222,0,499,123,8003,2038,10041,-0.0169851,0.0341947,-0.999271,1
6252,1838,30,250,0,545,134,9049,1461,10510,-0.0174372,0.0343719,-0.999257,1
2869,958,16,128,0,288,72,4331,1096,5427,-0.00480738,0.018489,-0.999818,1
5755,1870,31,256,0,586,142,8640,2269,10909,0.00753142,0.0610745,-0.998105,1
5572,2416,33,286,0,698,155,9160,1620,10780,0.0070359,0.0766895,-0.99703,1
4021,1418,24,185,0,432,105,6185,1544,7729,-0.0178593,0.0322213,-0.999321,1
5548,2049,29,291,0,604,179,8700,1698,10398,0.0222995,0.0414912,-0.99889,1
3654,1377,19,221,0,389,99,5759,1373,7132,-0.0293585,0.00604817,-0.999551,1
4735,1920,27,253,0,499,131,7565,1958,9523,-0.0100192,0.0296405,-0.99951,1
4876,2381,27,243,0,501,132,8160,1988,10148,-0.00501247,0.0444699,-0.998998,1
3252,1262,18,170,0,357,94,5153,1518,6671,-0.0122997,0.0636513,-0.997896,1
5709,1959,29,264,0,543,145,8649,2384,11033,0.00366075,0.0345459,-0.999396,1
5151,1995,29,277,0,549,149,8150,2461,10611,0.0148673,0.0684527,-0.997544,1
3651,1437,21,193,0,391,103,5796,1589,7385,0.0151862,-0.00275195,-0.999881,1
5186,2060,27,277,0,572,153,8275,2194,10469,0.0135682,0.0118162,-0.999838,1
5145,2164,28,283,0,575,153,8348,1743,10091,0.00300809,-0.00463745,-0.999985,1
3539,1430,19,193,0,571,141,5893,1651,7544,-0.00571672,0.0299022,-0.999536,1
5314,2156,33,295,0,592,159,8549,2450,10999,-0.0124441,0.0465189,-0.99884,1
5315,2173,28,284,0,577,155,8532,2097,10629,-0.025303,-0.0223013,-0.999431,1
2805,1089,23,145,0,294,80,4436,1738,6174,-0.00569679,0.0586498,-0.998262,1
5486,1866,29,257,0,516,141,8295,2944,11239,0.00805161,0.0747386,-0.997171,1
5426,1627,31,233,0,474,128,7919,2906,10825,-0.00802363,0.0905195,-0.995862,1
3671,928,21,153,0,265,75,5113,2547,7660,-0.00983527,0.0473733,-0.998829,1
3436,726,16,109,0,215,59,4561,2522,7083,0.00529282,0.026703,-0.999629,1
5061,1242,30,233,0,448,129,7143,4306,11449,0.0115736,0.0863854,-0.996195,1
2776,634,13,91,0,173,47,3734,2258,5992,-0.00354728,0.118581,-0.992938,1
4938,1146,26,170,0,334,91,6705,4385,11090,-0.0158329,0.221762,-0.974972,1
4764,1240,34,178,0,353,95,6664,3356,10020,0.00846507,0.0383475,-0.999229,1
4409,1241,22,181,0,371,100,6324,3949,10273,0.0124596,-0.027092,-0.999555,1
5422,1692,28,236,0,475,129,7982,3265,11247,-0.00147811,-0.0312548,-0.99951,1
2943,1008,16,138,0,283,77,4465,2084,6549,0.00115591,0.0245014,-0.999699,1
5726,2208,33,340,0,618,166,9091,3018,12109,-0.00471339,0.0355848,-0.999356,1
5659,2354,28,312,0,664,178,9195,2603,11798,-0.0174524,0.0493431,-0.998629,1
3024,1337,26,173,0,353,106,5019,2425,7444,0.0026023,0.0674438,-0.99772,1
5269,2391,27,308,0,631,172,8798,6010,14808,0.0201188,0.0787918,-0.996688,1
5162,2379,26,316,0,680,180,8743,3053,11796,0.0141859,0.0422375,-0.999007,1
2838,1365,14,179,0,375,100,4871,2697,7568,0.0263116,0.0513113,-0.998336,1
6133,2674,28,347,0,714,191,10087,4512,14599,0.0741824,0.0464539,-0.996162,1
5779,2576,28,364,0,694,189,9630,3902,13532,0.0335155,0.12234,-0.991922,1
4008,1631,18,227,0,489,123,6496,6043,12539,-0.00948273,0.134957,-0.990806,1
3130,1227,15,161,0,346,89,4968,3266,8234,0.0212305,-0.0333447,-0.999218,1
4625,1914,23,241,0,533,138,7474,2863,10337,0.0322456,-0.0183704,-0.999311,1
4733,1872,22,239,0,530,134,7530,3698,11228,0.0760026,0.0532364,-0.995685,1
6446,2443,46,298,0,651,164,10048,3330,13378,0.0990001,0.0655383,-0.992927,1
3028,1113,15,170,0,370,85,4781,2107,6888,0.119555,0.0853136,-0.989155,1
5880,2003,27,290,0,679,179,9058,4043,13101,0.128183,0.174599,-0.97626,1
3889,1373,18,182,0,439,103,6004,2526,8530,0.0896835,0.205573,-0.974524,1
4673,1668,21,211,0,530,123,7226,3986,11212,0.0322479,0.203909,-0.978459,1
5054,1851,22,242,0,581,141,7891,2555,10446,0.0385484,0.217131,-0.975381,1
5832,2046,26,276,0,604,147,8931,3629,12560,0.00526446,0.362675,-0.931901,1
5679,1370,17,175,0,402,100,7743,1924,9667,-0.0339543,0.36708,-0.929569,1
2261,673,9,88,0,200,49,3280,1343,4623,-0.0207524,0.385921,-0.922298,1
2159,658,11,88,0,197,50,3163,1257,4420,-0.00557426,0.380682,-0.924689,1
5761,1721,29,332,0,549,134,8526,4237,12763,-0.0457324,0.450345,-0.891683,1
5983,1811,39,232,0,383,114,8562,2372,10934,-0.0724124,0.468179,-0.880661,1
5535,1912,38,274,0,596,139,8494,3777,12271,-0.0519035,0.473238,-0.879404,1
5648,1667,29,216,0,389,85,8034,2730,10764,-0.111188,0.526895,-0.842626,1
2348,630,12,88,0,183,48,3309,1481,4790,-0.111798,0.6451,-0.755875,1
6345,1500,29,239,0,436,118,8667,3641,12308,-0.104937,0.694114,-0.712175,1
3848,1039,25,175,0,306,82,5475,-1000,-1000,-1,-1,-1,1
2401,637,12,87,0,187,49,3373,1444,4817,-0.0636156,-0.0447942,-0.996969,1
5457,1595,27,216,0,452,119,7866,3416,11282,-0.0497218,0.0238224,-0.998479,1
5480,1726,25,238,0,530,136,8135,2074,10209,-0.0465775,-0.0949846,-0.994388,1
3854,1249,17,181,0,360,98,5759,2079,7838,-0.0487856,-0.0392189,-0.998039,1
3885,1350,17,176,0,409,101,5938,2185,8123,-0.0519279,0.0133957,-0.998561,1
5583,2087,23,283,0,591,159,8726,3071,11797,-0.0332101,0.0452092,-0.998425,1
5730,2444,29,473,0,924,215,9815,3333,13148,-0.0194063,0.0438075,-0.998851,1
5745,2519,24,329,0,726,232,9575,2050,11625,-0.0407486,0.0558015,-0.99761,1
2913,1421,13,183,0,421,104,5055,1467,6522,-0.0400158,0.0455695,-0.998159,1
5509,2902,23,358,0,737,200,9729,2357,12086,-0.0400762,0.0149544,-0.999085,1
3826,2022,17,257,0,554,162,6838,1714,8552,-0.0347131,0.0397433,-0.998607,1
4907,2581,23,325,0,698,187,8721,2163,10884,-0.0266058,0.00436187,-0.999636,1
5252,2792,27,354,0,786,194,9405,2206,11611,-0.0311367,0.0326621,-0.998981,1
5243,2556,26,339,0,713,191,9068,2183,11251,-0.0985737,0.1697,-0.980553,1
3433,1285,13,168,0,350,94,5343,1002,6345,-0.0633531,0.117758,-0.991019,1
1872,1084,10,106,0,218,59,3349,665,4014,-0.0862684,0.0668275,-0.994028,1
2856,1016,13,150,0,301,92,4428,1108,5536,-0.0716242,0.104542,-0.991938,1
6527,1926,28,256,0,588,146,9471,2300,11771,-0.0591826,0.228069,-0.971845,1
4752,1267,21,167,0,362,72,6641,1177,7818,-0.0323589,0.174483,-0.984128,1
2345,587,10,77,0,175,42,3236,766,4002,-0.0279036,0.0639378,-0.997564,1
2240,637,12,89,0,196,48,3222,834,4056,-0.0313648,0.0579259,-0.997828,1
5594,1724,27,230,0,538,131,8244,2130,10374,-0.0487042,0.0517238,-0.997473,1
5701,1723,30,236,0,540,130,8360,2049,10409,-0.0207933,0.0469479,-0.998681,1
5448,1685,44,226,0,511,124,8038,2703,10741,0.00833752,0.10984,-0.993914,1
5352,2050,29,236,0,522,129,8318,1456,9774,-0.0152458,0.105644,-0.994287,1
2467,771,22,102,0,220,55,3637,906,4543,-0.0115972,0.0270343,-0.999567,1
1624,560,9,74,0,162,52,2481,667,3148,-0.00774456,0.0681035,-0.997648,1
4337,1711,28,268,0,461,122,6927,2165,9092,-0.00947559,0.0608749,-0.9981,1
5295,2357,33,353,0,625,183,8846,2018,10864,-0.0101392,0.0744051,-0.997177,1
3710,1604,18,205,0,486,117,6140,1454,7594,-0.00491141,0.0413401,-0.999133,1
5379,2452,27,394,0,718,184,9154,2223,11377,-0.00931997,0.0697463,-0.997521,1
3707,1618,18,215,0,445,124,6127,1817,7944,0.0166952,0.0441906,-0.998884,1
5508,2197,26,296,0,629,168,8824,2699,11523,-0.00717881,0.0362538,-0.999317,1
5442,2156,44,283,0,587,158,8670,3169,11839,-0.0296525,0.155924,-0.987324,1
3755,1324,15,144,0,296,80,5614,1253,6867,-0.00967539,0.117472,-0.993029,1
2115,637,11,89,0,183,49,3084,1245,4329,0.00515494,0.0870297,-0.996192,1
1854,558,10,78,0,160,43,2703,1303,4006,0.019092,-0.00943102,-0.999773,1
4925,1283,23,182,0,369,116,6898,3142,10040,0.0183308,-0.0131233,-0.999746,1
4892,1159,23,166,0,333,90,6663,3381,10044,0.0220252,0.0435839,-0.998807,1
3563,771,17,122,0,222,60,4755,2514,7269,-0.00574195,-0.0207625,-0.999768,1
5985,1116,29,163,0,318,86,7697,4163,11860,0.0114338,0.0444789,-0.998945,1
3670,694,18,106,0,210,56,4754,2728,7482,0.0207974,0.0743647,-0.997014,1
5242,1026,35,200,0,342,90,6935,6266,13201,0.00835174,0.0982002,-0.995132,1
2743,593,15,86,0,174,47,3658,1915,5573,-0.0207938,0.0027612,-0.99978,1
2170,466,10,71,0,138,37,2892,1258,4150,0.00927781,-0.00143625,-0.999956,1
2572,819,14,109,0,217,62,3793,2153,5946,0.0194755,0.0208734,-0.999592,1
5783,2011,37,286,0,541,149,8807,3915,12722,0.0128927,-0.00702105,-0.999892,1
4075,1499,20,196,0,397,109,6296,2477,8773,0.00539039,-0.137146,-0.990536,1
5982,2544,35,409,0,679,189,9838,6010,15848,-0.0138152,0.161773,-0.986731,1
2808,1309,15,170,0,293,80,4675,2672,7347,-0.0238908,-0.0458699,-0.998662,1
1642,727,9,93,0,195,53,2719,1031,3750,0.00575538,-0.0509026,-0.998687,1
1966,963,10,123,0,257,68,3387,1708,5095,0.00350793,-0.0446799,-0.998995,1
5932,2611,30,348,0,742,191,9854,4445,14299,0.0121603,0.0282336,-0.999527,1
5720,2453,26,310,0,723,185,9417,3413,12830,0.043625,0.0680739,-0.996726,1
2974,1229,15,160,0,352,91,4821,2882,7703,0.0380391,0.144713,-0.988742,1
6310,2359,28,303,0,652,165,9817,5173,14990,0.10513,0.0958482,-0.989829,1
3663,1386,17,186,0,458,135,5845,3244,9089,0.0886964,0.0979278,-0.991233,1
6192,2469,27,305,0,631,158,9782,2540,12322,0.0921533,0.141666,-0.985616,1
5782,2148,27,265,0,610,147,8979,4194,13173,0.0406137,0.282814,-0.958315,1
4751,1399,17,204,0,417,101,6889,1993,8882,0.0152501,0.298908,-0.95416,1
2246,696,9,90,0,215,51,3307,1535,4842,0.0017492,0.313245,-0.949671,1
5685,1921,26,298,0,589,144,8663,2893,11556,0.0517172,0.366753,-0.92888,1
2981,1165,15,131,0,302,72,4666,1889,6555,0.0581158,0.409755,-0.910342,1
5887,1879,26,239,0,550,131,8712,3499,12211,0.0839768,0.445287,-0.891441,1
3980,1248,18,161,0,369,90,5866,2525,8391,0.0768356,0.389258,-0.917919,1
5741,1705,26,232,0,560,132,8396,2319,10715,0.0629691,0.429632,-0.900806,1
5072,1425,30,215,0,492,116,7350,2915,10265,0.00785582,0.408796,-0.912592,1
5624,1537,31,247,0,437,116,7992,2568,10560,-0.041333,0.388181,-0.920656,1
3569,1111,19,148,0,312,81,5240,2322,7562,-0.0323171,0.367522,-0.929453,1
6032,1969,30,263,0,489,131,8914,3676,12590,-0.00588732,0.446943,-0.894543,1
5496,1751,29,236,0,487,130,8129,2319,10448,0.0501034,0.51206,-0.857487,1
2893,901,15,123,0,259,69,4260,1576,5836,0.0485827,0.597607,-0.800316,1
5474,1670,29,231,0,476,131,8011,-1000,-1000,-1,-1,-1,1
2952,765,13,99,0,203,55,4087,1495,5582,-0.024854,-0.0156354,-0.999569,1
1749,511,9,65,0,131,35,2500,892,3392,-0.0241166,-0.0256045,-0.999381,1
1715,567,9,76,0,155,41,2563,1221,3784,-0.00390596,-0.0523154,-0.998623,1
5632,1873,27,251,0,509,139,8431,3613,12044,0.0291866,0.0180898,-0.99941,1
5765,1871,28,259,0,528,143,8594,3398,11992,0.00439501,-0.000106552,-0.99999,1
3863,1399,18,189,0,382,109,5960,2828,8788,-0.0246455,-0.0418208,-0.998821,1
5667,2170,27,289,0,625,164,8942,3566,12508,-0.0440778,0.135491,-0.989798,1
3011,1230,15,165,0,335,91,4847,1398,6245,-0.0379305,0.0880273,-0.995396,1
2002,888,10,115,0,239,78,3332,979,4311,-0.0510548,-0.00888951,-0.998656,1
5056,2348,23,307,0,642,173,8549,2645,11194,-0.0130575,0.0187099,-0.99974,1
4970,2560,25,323,0,661,179,8718,1628,10346,-0.0373129,0.177208,-0.983466,1
2688,1453,13,203,0,392,102,4851,1328,6179,-0.0138059,0.0622008,-0.997968,1
5543,2762,32,431,0,777,231,9776,2553,12329,-0.027518,0.0367311,-0.998946,1
3832,1942,17,247,0,548,148,6734,1719,8453,-0.0396721,0.0495246,-0.997985,1
4857,2411,23,313,0,646,207,8457,2086,10543,-0.0404698,0.0523432,-0.997809,1
3502,1615,16,212,0,460,124,5929,1381,7310,-0.0360026,0.0203118,-0.999145,1
5529,2378,25,309,0,690,177,9108,1863,10971,-0.0273323,0.045809,-0.998576,1
3798,1483,18,211,0,457,118,6085,1479,7564,-0.0345404,0.0484672,-0.998227,1
5136,1835,27,240,0,519,136,7893,1899,9792,-0.0401567,0.0699305,-0.996743,1
3586,1245,19,169,0,367,93,5479,1363,6842,-0.0187171,0.0558961,-0.998261,1
5739,1951,28,252,0,607,147,8724,2046,10770,-0.00933233,0.0506656,-0.998672,1
5701,1791,30,236,0,535,134,8427,1515,9942,-0.0159325,0.0472373,-0.998757,1
5766,1646,31,234,0,551,153,8381,1483,9864,-0.0273068,0.0395246,-0.998845,1
2988,877,15,118,0,274,66,4338,1131,5469,-0.0410898,0.0297355,-0.998713,1
5891,1599,28,222,0,534,126,8400,2277,10677,-0.0382696,0.0995741,-0.994294,1
3166,811,15,109,0,256,60,4417,842,5259,-0.0252869,0.0259876,-0.999342,1
1961,541,11,74,0,172,40,2799,788,3587,-0.0206139,0.00686298,-0.999764,1
6255,1482,27,212,0,474,115,8565,2254,10819,0.00800964,0.00845293,-0.999932,1
5229,1601,27,220,0,480,120,7677,2239,9916,0.0272054,0.0278438,-0.999242,1
3962,1224,19,164,0,381,92,5842,1669,7511,0.0268704,0.0398111,-0.998846,1
4268,1524,21,227,0,435,114,6589,1864,8453,0.0252535,-0.00144831,-0.99968,1
5256,2096,41,275,0,573,151,8392,2728,11120,-0.0219969,0.031759,-0.999253,1
3031,1184,14,154,0,328,89,4800,1053,5853,-0.0112247,0.033304,-0.999382,1
1884,879,10,113,0,237,63,3186,854,4040,-0.00807942,-0.0263654,-0.99962,1
5642,2616,31,340,0,698,189,9516,2307,11823,-0.00103331,0.125765,-0.992059,1
3775,1405,13,193,0,377,101,5864,1152,7016,-0.00564211,0.0298369,-0.999539,1
2121,965,10,126,0,258,70,3550,760,4310,0.00384014,-0.0182392,-0.999826,1
3457,1667,17,219,0,523,125,6008,1831,7839,0.00990172,-0.0051206,-0.999938,1
5423,2537,27,332,0,696,189,9204,2301,11505,0.0113689,-0.0119313,-0.999864,1
6248,2501,28,332,0,743,192,10044,2767,12811,-0.0184731,0.079618,-0.996654,1
5512,1397,28,191,0,389,106,7623,1614,9237,-0.0143549,0.0503262,-0.99863,1
2109,629,11,86,0,196,49,3080,1267,4347,-0.0253405,0.0167123,-0.999539,1
1439,405,9,57,0,115,31,2056,1229,3285,0.0148606,0.0253856,-0.999567,1
4180,952,20,141,0,309,74,5676,2879,8555,0.00914847,0.0385304,-0.999216,1
4016,881,20,123,0,244,65,5349,3830,9179,0.0354435,0.10882,-0.993429,1
5284,1074,29,165,0,321,89,6962,3954,10916,-0.00151874,0.0145392,-0.999893,1
3610,853,22,129,0,254,70,4938,3120,8058,-0.056192,0.0639266,-0.996371,1
4899,1437,26,210,0,418,115,7105,4373,11478,-0.0517734,0.0460548,-0.997596,1
3508,1267,18,206,0,381,101,5481,3775,9256,-0.0413778,0.0590936,-0.997395,1
6167,2266,39,342,0,617,202,9633,3410,13043,-0.0443652,0.0506141,-0.997732,1
3976,1775,21,233,0,463,128,6596,3537,10133,0.000558173,-0.0242308,-0.999706,1
3100,1413,16,201,0,392,110,5232,2764,7996,0.0158403,-0.00813638,-0.999841,1
3683,1763,18,259,0,510,131,6364,2684,9048,0.00905411,-0.0545365,-0.998471,1
5646,2875,33,368,0,744,203,9869,5236,15105,-0.0553231,0.0294192,-0.998035,1
2988,1220,15,173,0,313,85,4794,1550,6344,-0.0499263,0.0415911,-0.997887,1
1753,790,10,103,0,216,58,2930,948,3878,-0.0353267,-0.0207812,-0.99916,1
2382,990,24,131,0,280,74,3881,1837,5718,-0.0601974,-0.034097,-0.997604,1
5701,2265,31,351,0,642,170,9160,3700,12860,-0.0435596,-0.0211924,-0.998826,1
5703,2146,29,292,0,648,159,8977,3396,12373,-0.0378349,0.0880257,-0.995399,1
4001,1482,19,206,0,478,112,6298,2755,9053,0.0386228,0.0764955,-0.996322,1
3778,1403,18,184,0,460,102,5945,2569,8514,0.0605043,0.0793987,-0.995005,1
6799,2166,27,277,0,628,155,10052,3371,13423,0.0736573,0.0962093,-0.992632,1
4049,1458,19,184,0,431,103,6244,1919,8163,0.0560288,0.119858,-0.991209,1
4848,1597,20,209,0,547,122,7343,3172,10515,0.0690901,0.146373,-0.986814,1
4761,1597,22,206,0,530,123,7239,2640,9879,0.0582567,0.159701,-0.985445,1
4844,1560,19,198,0,467,108,7196,2688,9884,0.0528341,0.202464,-0.977863,1
4772,1866,26,213,0,503,111,7491,3033,10524,0.0858225,0.192133,-0.977609,1
3438,1015,15,132,0,344,77,5021,2142,7163,0.0777298,0.208483,-0.974932,1
5791,1545,28,207,0,508,146,8225,3223,11448,0.0397281,0.26986,-0.96208,1
5971,1484,25,194,0,443,132,8249,2407,10656,0.0854924,0.285229,-0.954639,1
2992,723,14,100,0,236,57,4122,1754,5876,0.069579,0.30654,-0.949311,1
5800,1395,41,199,0,470,115,8020,3436,11456,0.0225371,0.26255,-0.964655,1
5737,1788,36,269,0,558,93,8481,2601,11082,0.0117904,0.263721,-0.964527,1
2949,832,14,129,0,242,63,4229,2002,6231,0.0306882,0.285811,-0.957794,1
5404,1423,31,187,0,434,106,7585,2955,10540,0.0412992,0.342647,-0.938556,1
4735,1414,24,208,0,398,107,6886,2528,9414,0.0273401,0.419739,-0.907233,1
4071,1580,29,235,0,407,128,6450,2758,9208,-0.0011172,0.490807,-0.871268,1
5617,1746,30,262,0,481,133,8269,3752,12021,0.00929152,0.590674,-0.806857,1
3847,1252,20,164,0,331,91,5705,2978,8683,0.0936202,0.597479,-0.796401,1
5156,1545,25,215,0,429,116,7486,3328,10814,0.100223,0.699347,-0.707721,1
3621,1209,45,150,0,303,82,5410,-1000,-1000,-1,-1,-1,1
3296,1029,16,137,0,281,76,4835,2232,7067,-0.00520957,0.0131496,-0.9999,1
5468,1725,33,312,0,721,202,8461,2521,10982,-0.00965411,-0.0572479,-0.998313,1
3840,1205,18,167,0,392,96,5718,2824,8542,-0.00664267,-0.010497,-0.999923,1
5127,2087,29,279,0,503,132,8157,2871,11028,-0.00519079,-0.0199753,-0.999787,1
5132,1736,23,238,0,481,130,7740,2193,9933,-0.011143,0.00717142,-0.999912,1
3499,1277,15,174,0,366,98,5429,2081,7510,-0.0135219,0.0216566,-0.999674,1
5582,2665,32,323,0,647,170,9419,2952,12371,-0.0163142,0.0454711,-0.998832,1
3946,1654,17,214,0,437,118,6386,1774,8160,-0.0324586,0.0424154,-0.998573,1
4533,1937,22,351,0,637,141,7621,1827,9448,-0.0384361,0.0562075,-0.997679,1
5490,2524,25,338,0,704,191,9272,2486,11758,-0.0286377,0.0554724,-0.998049,1
3730,1884,19,240,0,487,134,6494,1583,8077,-0.0307089,0.0428823,-0.998608,1
4740,2457,22,327,0,659,190,8395,1932,10327,-0.0237052,0.0747389,-0.996921,1
5312,2631,26,347,0,732,196,9244,2110,11354,-0.0285442,0.0489265,-0.998394,1
5194,3229,31,353,0,725,219,9751,1495,11246,-0.0623959,0.0452854,-0.997024,1
3500,1758,17,230,0,498,131,6134,1428,7562,-0.035874,0.0313839,-0.998863,1
5147,3138,29,323,0,691,182,9510,2061,11571,-0.045456,0.0626154,-0.997002,1
5246,2155,27,293,0,600,161,8482,1972,10454,-0.0380171,0.06981,-0.996836,1
3581,1325,18,183,0,402,105,5614,1426,7040,-0.0571526,0.0236737,-0.998085,1
5439,1922,27,255,0,537,140,8320,2157,10477,-0.041432,0.0653154,-0.997004,1
5461,1777,28,247,0,572,158,8243,1475,9718,-0.0264654,0.064248,-0.997583,1
4997,1622,28,218,0,471,118,7454,1797,9251,-0.0449561,0.0636411,-0.99696,1
4929,1490,27,198,0,442,109,7195,1971,9166,-0.0293102,0.048734,-0.998382,1
4606,1304,25,196,0,397,99,6627,1668,8295,-0.029753,0.0484432,-0.998383,1
5695,1686,28,228,0,499,124,8260,2111,10371,-0.0381336,0.0105276,-0.999217,1
3938,1104,20,145,0,377,80,5664,1408,7072,-0.0115669,0.0186755,-0.999759,1
5631,1487,29,198,0,470,120,7935,2416,10351,-0.00277084,0.0021273,-0.999994,1
5505,1373,29,192,0,434,104,7637,2189,9826,0.0130284,0.00403216,-0.999907,1
3724,975,19,135,0,296,77,5226,1470,6696,0.0028559,0.00539637,-0.999981,1
5327,1706,30,230,0,458,120,7871,2206,10077,0.0247635,0.03493,-0.999083,1
5195,1875,27,252,0,518,136,8003,1458,9461,0.00365512,0.0675948,-0.997706,1
3539,1520,18,202,0,409,110,5798,2128,7926,0.00889566,0.0744758,-0.997183,1
5245,2468,31,319,0,664,178,8905,3318,12223,-0.0176355,0.0992204,-0.994909,1
5384,2591,26,342,0,690,189,9222,2901,12123,-0.00213162,0.141381,-0.989953,1
3625,1706,18,227,0,483,128,6187,2106,8293,0.00484529,0.0961668,-0.995353,1
5411,2380,27,335,0,630,173,8956,2852,11808,-0.0155253,0.0940572,-0.995446,1
4410,1373,19,187,0,378,101,6468,2305,8773,-0.0048392,0.0679051,-0.99768,1
5435,1533,39,217,0,499,150,7873,2607,10480,-0.0516264,0.122377,-0.99114,1
3719,866,19,121,0,236,64,5025,2805,7830,-0.070301,0.320989,-0.94447,1
5565,997,25,150,0,336,84,7157,3698,10855,0.00157723,0.102431,-0.994739,1
4669,1018,25,166,0,290,80,6248,2992,9240,0.0235392,0.083474,-0.996232,1
5357,1253,28,184,0,359,100,7281,3840,11121,0.00175001,0.212055,-0.977256,1
3753,1078,19,153,0,334,85,5422,3115,8537,-0.00654846,0.0663118,-0.997777,1
5585,1883,28,267,0,565,166,8494,4295,12789,0.0489539,0.0601314,-0.996989,1
6406,2447,32,335,0,667,203,10090,4046,14136,0.0185049,0.188906,-0.981821,1
2887,1013,12,132,0,278,75,4397,2138,6535,0.0352846,0.104375,-0.993912,1
1733,765,8,90,0,185,50,2831,1259,4090,-0.00742796,0.0785741,-0.996881,1
1976,881,11,119,0,242,65,3294,1433,4727,-0.0138081,0.0561033,-0.998329,1
5613,2626,30,353,0,731,218,9571,4506,14077,-0.0285396,0.120786,-0.992268,1
3927,1851,21,249,0,511,134,6693,4853,11546,-0.0596812,0.011877,-0.998147,1
3897,1699,34,282,0,472,126,6510,2589,9099,-0.0122946,0.0755545,-0.997066,1
3912,1584,20,213,0,471,125,6325,4563,10888,-0.0144339,0.0808349,-0.996623,1
5145,1897,24,264,0,556,144,8030,6113,14143,-0.0297805,0.173913,-0.984311,1
3294,1223,16,164,0,352,90,5139,2923,8062,-0.0940251,0.217071,-0.971617,1
5668,2083,27,275,0,608,153,8814,4856,13670,-0.0895077,0.210129,-0.973568,1
4050,1439,19,192,0,429,106,6235,3044,9279,0.00579562,0.152004,-0.988363,1
4087,1496,20,187,0,428,110,6328,3199,9527,0.0498332,0.146659,-0.987931,1
5928,2076,27,292,0,620,163,9106,2927,12033,0.091609,0.161544,-0.982604,1
5872,2045,28,262,0,636,148,8991,2545,11536,0.123103,0.195492,-0.972948,1
5953,1990,28,260,0,606,164,9001,3259,12260,0.034623,0.30485,-0.951771,1
3551,1002,15,130,0,318,73,5089,1139,6228,-0.0166918,0.289308,-0.957091,1
2092,648,9,84,0,204,48,3085,1185,4270,-0.0335946,0.235581,-0.971274,1
5916,1741,25,229,0,566,131,8608,3307,11915,-0.0237443,0.273299,-0.961636,1
4115,1189,19,157,0,373,94,5947,2298,8245,0.0376854,0.322302,-0.945887,1
5754,1698,28,228,0,513,128,8349,3327,11676,0.0268497,0.41731,-0.908367,1
3947,1258,20,170,0,438,100,5933,2482,8415,0.0370248,0.455684,-0.889371,1
5780,1909,30,270,0,578,146,8713,3314,12027,-0.00206916,0.598838,-0.800868,1
5681,1930,31,258,0,540,152,8592,2505,11097,-0.0293747,0.575183,-0.817497,1
2614,794,12,107,0,225,60,3812,1856,5668,-0.00431081,0.592882,-0.805278,1
1655,549,9,74,0,152,43,2482,1266,3748,-0.0311452,0.655293,-0.754733,1
4540,1313,25,184,0,383,100,6545,-1000,-1000,-1,-1,-1,1
5512,1517,30,212,0,427,115,7813,2589,10402,0.0138876,0.0317473,-0.999399,1
5062,1347,25,188,0,379,102,7103,2775,9878,-0.00116012,0.0268756,-0.999638,1
5429,1545,43,219,0,439,119,7794,3357,11151,-0.00977678,0.0388531,-0.999197,1
4843,1120,18,153,0,315,86,6535,1556,8091,-0.00978032,-0.0365339,-0.999285,1
2752,870,13,119,0,261,67,4082,1480,5562,-0.0335128,-0.00906682,-0.999397,1
5551,1877,25,257,0,518,141,8369,3268,11637,-0.0658824,0.127853,-0.989602,1
3091,1099,12,147,0,325,83,4757,1317,6074,-0.0567789,0.0815126,-0.995054,1
1925,796,8,107,0,223,60,3119,975,4094,-0.0500545,-0.00442791,-0.998737,1
3335,1565,16,210,0,427,118,5671,1824,7495,-0.0393618,0.0711134,-0.996691,1
5357,2627,24,356,0,784,202,9350,2730,12080,-0.0370228,0.125158,-0.991446,1
5190,2724,27,377,0,768,202,9288,2433,11721,-0.029333,0.132582,-0.990738,1
3580,1756,18,245,0,488,131,6218,1527,7745,-0.0624896,0.136138,-0.988717,1
5149,2468,24,341,0,690,185,8857,2315,11172,-0.0393933,0.149313,-0.988005,1
5198,2228,26,308,0,638,169,8567,2178,10745,-0.0332194,0.13372,-0.990462,1
4695,1844,23,271,0,525,138,7496,1997,9493,-0.0404572,0.112197,-0.992862,1
5337,1869,29,252,0,545,140,8172,2141,10313,-0.0275011,0.101535,-0.994452,1
5982,1889,28,281,0,687,174,9041,2142,11183,-0.0301306,0.236252,-0.971224,1
3908,965,16,129,0,288,71,5377,976,6353,-0.024667,0.148994,-0.98853,1
1718,492,10,68,0,151,36,2475,670,3145,-0.00815618,0.0794991,-0.996802,1
1661,466,9,63,0,148,35,2382,676,3058,-0.00383784,0.00126922,-0.999992,1
5533,1522,30,204,0,451,112,7852,3471,11323,-0.00505028,0.045448,-0.998954,1
2967,766,15,118,0,227,57,4150,1173,5323,-0.0126419,0.0379195,-0.999201,1
5550,1495,27,197,0,438,132,7839,2620,10459,-0.00290273,0.158989,-0.987276,1
4045,1083,18,149,0,314,81,5690,1116,6806,-0.0366102,0.153027,-0.987544,1
1974,677,11,89,0,257,63,3071,817,3888,-0.0356237,0.140072,-0.9895,1
1747,692,9,92,0,191,51,2782,768,3550,-0.0394546,0.133564,-0.990255,1
5432,2478,25,313,0,673,220,9141,2408,11549,-0.080705,0.235863,-0.968429,1
3618,1986,23,381,0,618,153,6779,2145,8924,-0.103637,0.245872,-0.963746,1
3670,1779,18,235,0,488,132,6322,2212,8534,-0.107318,0.290375,-0.950876,1
5531,2641,27,343,0,710,199,9451,3368,12819,0.0032809,0.0409594,-0.999155,1
3699,1757,18,226,0,490,128,6318,1769,8087,-0.00654709,0.0317596,-0.999474,1
5558,2451,27,331,0,684,181,9232,2570,11802,0.0132763,-0.00583495,-0.999895,1
3620,1667,31,217,0,456,121,6112,1750,7862,-0.0078193,0.0463221,-0.998896,1
4821,2014,25,308,0,571,160,7899,2103,10002,-0.00806264,0.101801,-0.994772,1
3785,1333,19,180,0,482,105,5904,1831,7735,0.00989677,0.00820465,-0.999917,1
5346,1677,27,235,0,482,128,7895,2923,10818,-0.00807802,-0.0104102,-0.999913,1
3916,1029,19,187,0,292,79,5522,2018,7540,-0.004267,0.0373044,-0.999295,1
3825,1059,19,144,0,252,70,5369,2171,7540,0.0171372,0.0186763,-0.999679,1
5327,1145,41,169,0,335,112,7129,3077,10206,-0.00458503,0.0272997,-0.999617,1
5504,1094,27,164,0,317,87,7193,3328,10521,0.0103329,0.0160445,-0.999818,1
3643,721,19,115,0,217,59,4774,2410,7184,0.006167,0.0287022,-0.999569,1
5437,1143,29,190,0,336,93,7228,3794,11022,-0.000499388,0.111182,-0.9938,1
3671,875,19,130,0,259,70,5024,2542,7566,0.0172037,0.0275235,-0.999473,1
5291,1403,28,205,0,412,112,7451,3947,11398,0.0259123,-0.00434906,-0.999655,1
4377,1046,21,155,0,337,83,6019,2507,8526,0.00501367,0.00284942,-0.999983,1
4896,1568,25,220,0,444,120,7273,3118,10391,0.0172748,-0.00443188,-0.999841,1
6297,1895,28,267,0,535,146,9168,3718,12886,-0.0105609,0.016192,-0.999813,1
3887,1447,20,196,0,398,109,6057,2048,8105,0.018256,0.0143012,-0.999731,1
5725,2220,30,309,0,622,170,9076,3336,12412,0.0213769,0.0126388,-0.999692,1
3065,1301,16,179,0,389,100,5050,2568,7618,0.0206826,0.0273952,-0.999411,1
5796,2533,31,339,0,717,191,9607,3514,13121,0.0184907,0.0420128,-0.998946,1
3903,2223,27,248,0,518,139,7058,2788,9846,0.0308618,0.0344625,-0.998929,1
4575,2234,24,286,0,599,161,7879,3268,11147,0.00851856,0.0790655,-0.996833,1
3609,1471,18,215,0,448,130,5891,4274,10165,-0.0230136,0.201616,-0.979194,1
4238,1860,21,231,0,482,128,6960,4747,11707,-0.068078,0.26704,-0.961278,1
4198,1571,22,216,0,456,120,6583,7233,13816,-0.0716859,0.218956,-0.973098,1
4333,1529,22,202,0,438,112,6636,6112,12748,-0.0376989,0.294928,-0.954776,1
3450,1621,21,244,0,517,131,5984,4309,10293,-0.05567,0.390538,-0.918902,1
5392,1867,24,269,0,600,141,8293,4940,13233,-0.0867123,0.426661,-0.900245,1
4240,1396,19,211,0,396,98,6360,1870,8230,-0.0654733,0.367815,-0.927591,1
3816,1271,17,173,0,378,94,5749,3178,8927,-0.0377682,0.395528,-0.917677,1
3782,1192,16,154,0,381,88,5613,2584,8197,-0.0598519,0.433477,-0.899175,1
5737,1833,27,223,0,516,122,8458,3729,12187,-0.0394501,0.469865,-0.881856,1
5936,1387,28,207,0,427,101,8086,2584,10670,-0.0477484,0.492242,-0.869148,1
3022,716,18,133,0,319,56,4264,1921,6185,-3.48635e-05,0.483052,-0.875592,1
5915,1315,30,178,0,403,95,7936,2803,10739,0.0563398,0.449486,-0.891509,1
3016,681,15,94,0,210,49,4065,2350,6415,0.0697649,0.476324,-0.876498,1
5794,1351,30,183,0,410,100,7868,3857,11725,0.0606723,0.472687,-0.879139,1
3954,936,20,126,0,305,68,5409,2895,8304,0.0590784,0.463804,-0.883966,1
5003,1063,28,151,0,318,100,6663,3992,10655,0.0847011,0.469586,-0.878814,1
5478,1048,35,183,0,306,81,7131,3907,11038,0.140731,0.502185,-0.853232,1
3730,720,21,102,0,208,53,4834,2437,7271,0.136283,0.5775,-0.804935,1
5462,972,29,143,0,286,75,6967,5322,12289,0.17596,0.618761,-0.765619,1
3660,634,19,95,0,191,49,4648,5027,9675,0.078819,0.667442,-0.740479,1
3171,576,16,86,0,170,44,4063,3464,7527,0.0534518,0.693699,-0.718279,1
4858,945,25,134,0,267,70,6299,7898,14197,0.0227008,0.677282,-0.735373,1
2691,541,13,76,0,154,40,3515,7785,11300,0.0766793,0.702936,-0.707108,1
4093,863,31,123,0,243,64,5417,-1000,-1000,-1,-1,-1,1
2998,720,16,98,0,195,64,4091,1687,5778,-0.0157062,-0.113433,-0.993421,1
5973,1554,30,193,0,455,106,8311,3677,11988,-0.0237723,-0.0724704,-0.997087,1
5327,1444,26,199,0,433,113,7542,1694,9236,-0.0232105,-0.0818527,-0.996374,1
2885,1018,18,156,0,243,68,4388,1669,6057,-0.0314578,-0.0692393,-0.997104,1
5410,1827,25,241,0,518,137,8158,2928,11086,-0.00262152,-0.108562,-0.994086,1
5155,1818,23,234,0,487,133,7850,2419,10269,-0.0321904,-0.0920406,-0.995235,1
3558,1387,16,184,0,371,102,5618,1771,7389,-0.00208837,-0.103477,-0.99463,1
5418,2317,41,306,0,625,171,8878,2578,11456,-0.0249329,-0.0360309,-0.99904,1
5031,1989,21,261,0,532,145,7979,2328,10307,-0.0254859,-0.066659,-0.99745,1
4422,2023,22,266,0,546,147,7426,2188,9614,-0.029057,-0.116751,-0.992736,1
4154,1941,18,256,0,519,149,7037,1892,8929,-0.0444717,-0.0689779,-0.996626,1
4057,1958,18,266,0,523,146,6968,1846,8814,-0.0300166,-0.0985352,-0.994681,1
5346,2676,25,350,0,734,198,9329,2483,11812,-0.05811,-0.073196,-0.995623,1
5400,2692,24,351,0,722,141,9330,1834,11164,-0.0459241,-0.107886,-0.993102,1
2779,1455,13,188,0,389,106,4930,1373,6303,-0.0425522,-0.0657016,-0.996932,1
5374,2845,25,379,0,744,209,9576,2538,12114,-0.0362222,-0.0942717,-0.994887,1
5305,2872,25,382,0,776,209,9569,2210,11779,-0.0230014,-0.066933,-0.997492,1
5899,2946,26,381,0,780,212,10244,1763,12007,-0.0231123,-0.0600067,-0.99793,1
2790,1547,13,201,0,424,114,5089,1257,6346,-0.0267685,-0.0755486,-0.996783,1
5327,3071,29,392,0,815,217,9851,2107,11958,-0.00428014,-0.053482,-0.99856,1
3643,2362,23,414,0,698,183,7323,1527,8850,-0.0088121,-0.0532734,-0.998541,1
5521,2913,27,392,0,824,238,9915,2259,12174,0.00624016,-0.0252678,-0.999661,1
3796,2072,18,268,0,590,150,6894,2370,9264,0.00797135,-0.0395267,-0.999187,1
2810,1598,15,260,0,435,116,5234,1101,6335,0.0354817,-0.0162784,-0.999238,1
3442,1882,16,244,0,543,136,6263,1332,7595,0.0152198,-0.0257908,-0.999551,1
5319,2942,26,378,0,832,217,9714,2260,11974,0.0299918,-0.0119021,-0.999479,1
5316,2939,25,371,0,814,220,9685,1934,11619,0.0541709,-0.0168696,-0.998389,1
4730,2488,25,319,0,700,177,8439,1756,10195,0.0782151,-0.0086217,-0.996899,1
4409,2261,23,282,0,631,154,7760,1642,9402,0.0843703,-0.0129819,-0.99635,1
5288,2296,24,286,0,659,162,8715,1962,10677,0.0897909,-0.0161514,-0.99583,1
5119,2316,28,281,0,656,159,8559,1705,10264,0.100156,-0.0214023,-0.994742,1
3665,1502,19,192,0,453,123,5954,1320,7274,0.11004,-0.0501742,-0.99266,1
5711,2304,30,294,0,684,163,9186,1924,11110,0.123192,-0.0627548,-0.990397,1
5303,1952,27,271,0,619,168,8340,1538,9878,0.124323,-0.0715053,-0.989662,1
3718,1296,20,167,0,442,97,5740,1300,7040,0.0983251,-0.078257,-0.992073,1
5932,1915,31,298,0,583,146,8905,2135,11040,0.104113,-0.0950513,-0.990013,1
5620,1805,29,238,0,537,133,8362,1512,9874,0.144782,-0.100973,-0.984298,1
5221,1524,25,210,0,534,121,7635,2042,9677,0.107515,-0.091273,-0.990005,1
5038,1635,39,230,0,468,116,7526,2002,9528,0.119593,-0.0891448,-0.988813,1
3665,1206,18,155,0,360,87,5491,1338,6829,0.0915247,-0.0850468,-0.992164,1
5794,1568,23,204,0,466,113,8168,1684,9852,0.0906996,-0.110283,-0.989753,1
4708,1663,25,217,0,495,131,7239,1682,8921,0.0562109,-0.108753,-0.992478,1
5752,2136,30,271,0,637,157,8983,1364,10347,0.0723993,-0.140588,-0.987417,1
3936,1536,20,197,0,467,110,6266,1509,7775,0.062754,-0.135814,-0.988745,1
5640,2330,38,380,0,986,196,9570,1552,11122,0.0767821,-0.142331,-0.986837,1
4538,1941,29,278,0,564,137,7487,1663,9150,0.0794675,-0.143039,-0.986522,1
5420,2254,27,270,0,707,168,8846,1792,10638,0.0835791,-0.156671,-0.984108,1
3421,1453,18,189,0,419,104,5604,1326,6930,0.0755742,-0.139941,-0.987271,1
5213,2058,29,277,0,616,156,8349,1823,10172,0.0850295,-0.150262,-0.984983,1
5366,2135,29,283,0,617,156,8586,1922,10508,0.0787907,-0.150494,-0.985466,1
4824,2200,29,284,0,608,155,8100,1952,10052,0.0636362,-0.157327,-0.985494,1
4641,1952,26,255,0,555,141,7570,1928,9498,0.0374853,-0.153026,-0.987511,1
5228,2176,27,285,0,622,160,8498,2061,10559,0.0324873,-0.163024,-0.986087,1
3313,1327,17,175,0,382,103,5317,1334,6651,0.0365669,-0.156342,-0.987026,1
4560,1843,24,239,0,521,133,7320,1961,9281,0.0286264,-0.164955,-0.985886,1
4477,1704,25,233,0,501,128,7068,1813,8881,0.00725411,-0.147141,-0.989089,1
4960,1929,24,230,0,499,161,7803,1900,9703,0.00341347,-0.154616,-0.987969,1
4490,1767,24,231,0,488,135,7135,1856,8991,0.0188361,-0.169908,-0.98528,1
5009,1903,24,230,0,547,143,7856,2004,9860,0.0445632,-0.186967,-0.981355,1
5103,1927,26,259,0,537,144,7996,1878,9874,0.0438759,-0.188106,-0.981168,1
3216,1196,17,163,0,342,90,5024,1461,6485,0.0378281,-0.188954,-0.981257,1
5279,1881,27,258,0,527,142,8114,2094,10208,0.0748081,-0.245426,-0.966525,1
3265,1207,18,162,0,334,89,5075,1397,6472,0.0405241,-0.180021,-0.982828,1
5040,1860,27,284,0,485,136,7832,2124,9956,0.0529165,-0.214384,-0.975315,1
3268,1213,18,162,0,332,105,5098,1471,6569,0.0681707,-0.259129,-0.963434,1
5187,1894,27,249,0,509,136,8002,2474,10476,0.0711453,-0.23521,-0.969337,1
4690,1538,25,210,0,437,115,7015,2207,9222,0.0364922,-0.192183,-0.98068,1
5501,1441,25,212,0,409,109,7697,2519,10216,0.033461,-0.235137,-0.971386,1
3390,948,18,143,0,271,72,4842,1619,6461,0.0390229,-0.229815,-0.972452,1
5394,1306,28,195,0,394,106,7423,2671,10094,0.0368834,-0.182034,-0.9826,1
4537,1236,26,172,0,343,93,6407,2567,8974,0.0716204,-0.233726,-0.969661,1
4634,1137,25,167,0,334,89,6386,2347,8733,0.0654045,-0.239165,-0.968774,1
4313,1024,37,148,0,293,78,5893,2098,7991,0.0648754,-0.245037,-0.967341,1
4261,987,22,144,0,303,78,5795,2503,8298,0.0626881,-0.238227,-0.969184,1
4844,965,28,138,0,268,72,6315,2287,8602,0.0184735,-0.20131,-0.979353,1
4776,997,26,148,0,313,80,6340,2690,9030,0.0160934,-0.223434,-0.974586,1
4810,986,26,171,0,300,100,6393,2615,9008,0.0687063,-0.231125,-0.970495,1
4587,954,24,142,0,274,74,6055,2571,8626,0.0457009,-0.208301,-0.976997,1
4671,1032,23,150,0,288,78,6242,2500,8742,0.0667833,-0.198719,-0.977779,1
3277,784,18,113,0,222,61,4475,1638,6113,0.0598802,-0.209414,-0.975992,1
4361,1332,29,249,0,445,129,6545,2644,9189,0.0786847,-0.19595,-0.977452,1
5294,1430,25,201,0,394,108,7452,2449,9901,0.0774795,-0.204708,-0.975752,1
5114,1425,23,196,0,392,109,7259,2684,9943,0.0721636,-0.224942,-0.971696,1
5086,1740,25,236,0,487,129,7703,2942,10645,0.0809629,-0.219564,-0.972233,1
4836,1949,26,266,0,514,143,7734,2633,10367,0.0578878,-0.208307,-0.976349,1
4461,1821,22,243,0,502,134,7183,3526,10709,0.0621906,-0.219326,-0.973667,1
4455,1946,22,257,0,513,161,7354,2922,10276,0.0630621,-0.237903,-0.96924,1
4152,1934,21,246,0,497,138,6988,2877,9865,0.0455426,-0.213137,-0.97596,1
5223,2443,34,311,0,622,171,8804,3957,12761,0.0274308,-0.230962,-0.972576,1
3782,1819,18,274,0,495,134,6522,3381,9903,0.0104792,-0.220122,-0.975416,1
5288,2626,26,333,0,734,213,9220,3671,12891,-0.0341401,-0.119044,-0.992302,1
3071,1459,15,208,0,380,106,5239,2505,7744,-0.0611234,-0.00703123,-0.998105,1
4402,2286,22,291,0,577,158,7736,2989,10725,-0.0195258,-0.190932,-0.981409,1
5288,2681,28,351,0,733,200,9281,4492,13773,-0.0173697,-0.134813,-0.990719,1
3958,2030,20,247,0,501,137,6893,4425,11318,0.00220996,-0.198776,-0.980042,1
3818,1975,20,248,0,504,140,6705,3499,10204,-0.00113064,-0.186974,-0.982364,1
5814,2896,26,370,0,696,197,9999,4150,14149,-0.000127195,-0.195329,-0.980738,1
5183,2678,25,378,0,716,194,9174,2647,11821,-0.00802883,-0.219181,-0.975651,1
2804,1428,14,181,0,375,101,4903,2167,7070,-0.00356424,-0.242215,-0.970216,1
5704,2561,27,323,0,702,197,9514,4797,14311,-0.00394032,-0.244249,-0.969705,1
5270,2777,33,394,0,678,130,9282,4009,13291,0.0492155,-0.355964,-0.933203,1
2324,982,13,128,0,279,73,3799,2617,6416,0.0742035,-0.417024,-0.905861,1
5705,2183,29,293,0,595,157,8962,6837,15799,0.107029,-0.347357,-0.931605,1
3455,1103,19,142,0,307,78,5104,2569,7673,0.101349,-0.32021,-0.94191,1
3059,902,15,129,0,268,66,4439,4003,8442,0.128864,-0.410954,-0.902503,1
5291,1628,23,213,0,477,119,7751,3812,11563,0.228527,-0.593989,-0.771332,1
5353,1701,24,227,0,487,119,7911,10357,18268,0.105252,-0.685088,-0.720817,1
2863,796,10,107,0,233,56,4065,2539,6604,-0.0186155,-0.567206,-0.823366,1
1621,514,8,67,0,153,37,2400,968,3368,-0.0275853,-0.573903,-0.818459,1
5753,2043,23,235,0,559,133,8746,2826,11572,-0.0112396,-0.661583,-0.749788,1
5124,1800,23,236,0,519,130,7832,-1000,-1000,-1,-1,-1,1
2844,911,13,124,0,271,69,4232,2431,6663,0.015566,-0.0704886,-0.997391,1
5272,1449,27,206,0,463,116,7533,3872,11405,0.0224361,-0.212943,-0.976807,1
5040,1198,48,175,0,433,101,6995,2700,9695,0.0359753,-0.272695,-0.961428,1
5454,1164,30,171,0,339,90,7248,2360,9608,0.0467227,-0.256704,-0.96536,1
4763,928,49,143,0,280,75,6238,2494,8732,0.0401531,-0.243927,-0.968962,1
5617,1086,30,157,0,308,82,7280,2887,10167,0.0364153,-0.223949,-0.97392,1
5127,1145,25,191,0,317,86,6891,1635,8526,0.0393484,-0.238793,-0.970273,1
4544,1248,26,184,0,348,95,6445,2528,8973,0.0235899,-0.239709,-0.970558,1
5436,1663,24,221,0,453,121,7918,2695,10613,-0.0030875,-0.30152,-0.953455,1
4584,1776,21,231,0,473,150,7235,2212,9447,0.0202881,-0.267444,-0.96336,1
4694,2023,20,261,0,541,148,7687,2313,10000,0.0235365,-0.268047,-0.963118,1
5702,2580,47,312,0,707,195,9543,2799,12342,0.0266881,-0.301676,-0.953037,1
3939,1974,15,287,0,477,137,6829,2485,9314,0.0245514,-0.228708,-0.973186,1
5705,2911,25,391,0,761,209,10002,2192,12194,0.0259956,-0.282019,-0.959057,1
3831,2069,17,262,0,532,146,6857,2088,8945,0.000177331,-0.321188,-0.947015,1
4967,2643,21,337,0,689,186,8843,2814,11657,0.00877674,-0.348988,-0.937086,1
4973,2711,21,366,0,758,196,9025,2079,11104,0.021359,-0.325897,-0.945164,1
3469,1901,15,239,0,499,171,6294,1472,7766,0.0195907,-0.313761,-0.9493,1
4876,2727,24,334,0,690,186,8837,2190,11027,0.00431934,-0.32394,-0.946068,1
4601,2522,23,311,0,656,181,8294,1957,10251,-0.00202826,-0.301355,-0.95351,1
5842,2929,25,356,0,758,191,10101,2056,12157,-0.0379881,-0.426479,-0.903699,1
3545,1519,17,200,0,423,113,5817,1163,6980,-0.0263918,-0.433089,-0.900965,1
2136,698,11,92,0,194,51,3182,752,3934,-0.00148167,-0.353892,-0.935285,1
2439,725,13,99,0,216,55,3547,943,4490,-0.00504666,-0.319643,-0.947525,1
5625,1521,29,207,0,460,116,7958,1966,9924,-0.00432365,-0.457087,-0.889412,1
5114,1296,21,138,0,290,71,6930,1519,8449,-0.0163649,-0.383266,-0.923493,1
2369,600,12,87,0,183,44,3295,916,4211,-0.0165445,-0.34553,-0.938262,1
1844,587,10,70,0,156,38,2705,816,3521,-0.0351686,-0.315624,-0.948232,1
5824,1681,30,224,0,504,122,8385,2217,10602,-0.0356403,-0.299932,-0.953295,1
4930,1532,26,205,0,464,113,7270,2216,9486,-0.0509057,-0.288244,-0.956203,1
5083,1567,26,240,0,482,121,7519,2091,9610,-0.00672485,-0.269661,-0.962932,1
6093,1956,41,323,0,570,97,9080,1411,10491,-0.128052,-0.372553,-0.919134,1
4773,1396,19,186,0,395,101,6870,1090,7960,-0.121833,-0.3474,-0.929769,1
2230,895,10,122,0,379,86,3722,900,4622,-0.0697804,-0.259716,-0.963161,1
1637,724,9,95,0,195,52,2712,711,3423,-0.0846077,-0.235872,-0.968094,1
5276,2335,27,313,0,660,176,8787,2318,11105,-0.0900931,-0.386305,-0.917961,1
4445,1720,18,215,0,434,119,6951,1223,8174,-0.0712218,-0.34824,-0.934696,1
1852,758,10,102,0,215,57,2994,794,3788,-0.0351167,-0.273543,-0.961219,1
5376,1773,28,243,0,513,161,8094,2935,11029,-0.0480381,-0.315465,-0.947721,1
3597,901,19,128,0,252,69,4966,2086,7052,-0.0780306,-0.301841,-0.95016,1
5454,1011,28,157,0,295,82,7027,3280,10307,-0.0591685,-0.320503,-0.945398,1
3510,731,17,113,0,217,59,4647,3001,7648,-0.0365251,-0.311539,-0.949531,1
5383,1436,27,210,0,406,111,7573,3017,10590,-0.0852477,-0.276927,-0.957102,1
3985,1711,22,183,0,403,102,6406,2359,8765,0.0055106,-0.323902,-0.946075,1
3754,1567,21,210,0,413,115,6080,2061,8141,0.0258782,-0.344803,-0.938318,1
5881,2559,29,326,0,653,182,9630,4125,13755,-0.0372913,-0.304663,-0.95173,1
5861,3233,25,338,0,506,139,10102,2578,12680,-0.00315259,-0.234372,-0.972142,1
2509,1216,13,153,0,311,98,4300,1477,5777,-0.0245325,-0.276138,-0.960805,1
5732,2893,33,391,0,787,209,10045,3337,13382,-0.00888049,-0.234397,-0.9721,1
2954,1552,22,215,0,383,108,5234,1842,7076,-0.0134267,-0.212203,-0.977133,1
3740,1869,18,231,0,456,125,6439,2557,8996,-0.0197069,-0.279462,-0.959954,1
4634,2221,23,275,0,596,157,7906,3857,11763,-0.021207,-0.286026,-0.957987,1
3504,1538,17,199,0,406,110,5774,4039,9813,-0.0308778,-0.265444,-0.963632,1
3345,1539,17,192,0,394,106,5593,3557,9150,-0.0378648,-0.538131,-0.84201,1
4355,1827,22,233,0,498,138,7073,5512,12585,-0.0246385,-0.584551,-0.810983,1
3182,1285,16,193,0,347,95,5118,5153,10271,0.0126984,-0.680396,-0.732735,1
3895,1441,20,204,0,413,107,6080,8925,15005,0.117696,-0.57795,-0.80754,1
5620,1940,32,262,0,576,145,8575,6168,14743,0.115674,-0.481047,-0.86903,1
2869,835,14,114,0,257,63,4152,2109,6261,0.0994449,-0.46397,-0.880251,1
5818,1674,28,220,0,507,123,8370,4630,13000,0.0413178,-0.488423,-0.871628,1
5222,1538,25,208,0,458,112,7563,3353,10916,0.0321986,-0.556835,-0.829999,1
5805,1833,27,237,0,564,133,8599,-1000,-1000,-1,-1,-1,1
2832,810,11,108,0,242,59,4062,1785,5847,-0.0456258,-0.0569299,-0.997335,1
1571,535,9,70,0,160,40,2385,1021,3406,-0.0374801,-0.0485738,-0.998116,1
1623,567,8,76,0,171,43,2488,1523,4011,-0.0888474,-0.219166,-0.971634,1
5713,1938,29,263,0,592,150,8685,2331,11016,-0.0625121,-0.328029,-0.942597,1
5497,1696,30,274,0,525,141,8163,3238,11401,-0.0321926,-0.263885,-0.964017,1
5055,1432,27,203,0,423,113,7253,2619,9872,-0.0400771,-0.264783,-0.963475,1
4934,1348,28,191,0,410,107,7018,2643,9661,0.00799285,-0.243795,-0.969794,1
5527,1330,32,191,0,397,108,7585,2684,10269,-0.0141702,-0.250342,-0.968054,1
4119,856,23,129,0,255,72,5454,2292,7746,0.044414,-0.231836,-0.97174,1
5914,1414,28,201,0,473,191,8221,5034,13255,0.0199025,-0.318124,-0.94784,1
3012,977,16,134,0,273,72,4484,1538,6022,-0.000343289,-0.2636,-0.964632,1
5636,2282,26,297,0,613,168,9022,2415,11437,-0.0132384,-0.313124,-0.94962,1
3954,1787,17,228,0,473,129,6588,2022,8610,0.00446083,-0.310242,-0.950647,1
5667,2788,31,319,0,688,204,9697,2559,12256,0.00426796,-0.336203,-0.94178,1
4998,2552,20,330,0,707,189,8796,1884,10680,0.0203014,-0.39515,-0.918392,1
4450,2395,19,371,0,630,174,8039,2172,10211,0.0024384,-0.356529,-0.934281,1
4371,2423,20,314,0,628,171,7927,1779,9706,0.016515,-0.382681,-0.923733,1
3180,1720,15,218,0,457,122,5712,1368,7080,0.00772484,-0.377818,-0.925848,1
4919,2536,23,347,0,676,183,8684,1963,10647,0.0268786,-0.360833,-0.932243,1
3266,1658,17,212,0,461,121,5735,1374,7109,0.0352047,-0.356988,-0.933445,1
5206,2247,25,293,0,618,163,8552,2162,10714,0.0363273,-0.359957,-0.932261,1
5355,1840,25,256,0,543,157,8176,2058,10234,0.0338165,-0.360163,-0.932276,1
5599,1690,26,218,0,489,128,8150,1419,9569,0.0560806,-0.363998,-0.92971,1
3848,1073,19,143,0,316,78,5477,1424,6901,0.0423248,-0.352573,-0.934827,1
5781,1483,30,225,0,455,112,8086,1941,10027,0.0433353,-0.346365,-0.937098,1
5025,1478,27,200,0,439,109,7278,1852,9130,0.0431463,-0.307112,-0.950695,1
5358,1568,26,210,0,462,121,7745,1933,9678,0.00112892,-0.34018,-0.94036,1
5155,1623,26,220,0,475,119,7618,1785,9403,0.0255033,-0.336325,-0.941401,1
3388,1194,18,161,0,353,90,5204,1654,6858,0.0313931,-0.297151,-0.954314,1
5002,1774,38,248,0,538,139,7739,1955,9694,0.0566207,-0.382884,-0.92206,1
5095,1945,29,263,0,571,147,8050,2036,10086,0.067977,-0.457188,-0.886768,1
3303,1521,18,202,0,415,111,5570,1505,7075,0.089748,-0.507512,-0.856958,1
4756,2281,24,294,0,603,159,8117,2326,10443,0.0681728,-0.590264,-0.804327,1
4984,2138,26,301,0,610,160,8219,2765,10984,0.0738599,-0.67226,-0.736622,1
5352,2420,28,305,0,613,162,8880,-1000,-1000,-1,-1,-1,1
2325,867,12,132,0,260,68,3664,-1000,-1000,-1,-1,-1,1
1583,566,9,77,0,154,42,2431,-1000,-1000,-1,-1,-1,1
5559,1553,28,222,0,479,124,7965,3044,11009,0.0222281,-0.304018,-0.952407,1
5201,1184,24,174,0,346,92,7021,2820,9841,0.00529561,-0.256244,-0.966598,1
3723,784,18,125,0,234,63,4947,1766,6713,-0.0137285,-0.2264,-0.973938,1
4814,1043,26,157,0,307,84,6431,2508,8939,-0.00589538,-0.200357,-0.979705,1
5047,1245,26,181,0,338,89,6926,3007,9933,-0.0330596,-0.263086,-0.964206,1
5413,1438,29,205,0,447,139,7671,2835,10506,0.00672986,-0.259526,-0.965713,1
3743,1444,25,264,0,478,125,6079,1832,7911,0.021851,-0.268168,-0.963124,1
4867,1924,25,255,0,515,140,7726,2825,10551,0.0100403,-0.272917,-0.961985,1
5596,2443,29,322,0,645,174,9209,3415,12624,0.056003,-0.321285,-0.945325,1
5210,2453,26,327,0,567,133,8716,1699,10415,0.0457493,-0.281391,-0.958502,1
2814,1391,17,189,0,359,113,4883,1910,6793,0.0501126,-0.241086,-0.969209,1
5169,2409,29,322,0,662,178,8769,3130,11899,0.0224335,-0.325224,-0.945371,1
5599,2534,30,413,0,677,191,9444,6311,15755,0.020773,-0.500815,-0.865305,1
3853,1661,20,207,0,432,116,6289,4148,10437,0.0426599,-0.615031,-0.787348,1
2402,846,12,113,0,243,63,3679,3916,7595,-0.00907466,-0.531992,-0.846701,1
5231,1660,22,242,0,530,140,7825,5774,13599,-0.0687478,-0.551839,-0.831112,1
3763,1178,16,146,0,358,86,5547,3435,8982,-0.0528423,-0.571874,-0.818638,1
4796,1427,21,187,0,465,107,7003,4656,11659,-0.110543,-0.528433,-0.841747,1
4937,1512,19,195,0,489,122,7274,3370,10644,-0.0731725,-0.591806,-0.802753,1
3412,1173,15,152,0,357,85,5194,2689,7883,-0.0983127,-0.628841,-0.771293,1
5755,2108,25,279,0,626,151,8944,5104,14048,-0.062477,-0.69142,-0.719747,1
3807,1419,18,194,0,410,104,5952,2174,8126,-0.0667246,-0.657839,-0.750197,1
4356,1726,22,219,0,481,120,6924,-1000,-1000,-1,-1,-1,1
3113,1211,16,160,0,347,89,4936,7769,12705,0.0411374,-0.250728,-0.967183,1
5043,1871,27,260,0,530,139,7870,3348,11218,0.0194433,-0.233577,-0.972144,1
4584,1619,26,226,0,451,141,7047,2592,9639,0.0763934,-0.235043,-0.968978,1
4471,1458,26,196,0,403,106,6660,2504,9164,0.0321832,-0.263462,-0.964133,1
5526,1448,30,212,0,449,121,7786,2574,10360,0.0336929,-0.312249,-0.949403,1
4531,1120,26,157,0,313,84,6231,2174,8405,0.050647,-0.276164,-0.959775,1
5002,1289,27,177,0,354,94,6943,2246,9189,0.0823329,-0.302545,-0.949572,1
5648,1655,29,238,0,477,128,8175,2641,10816,0.0682817,-0.316433,-0.946154,1
3823,1461,19,191,0,394,108,5996,2120,8116,0.0629937,-0.310983,-0.948325,1
5644,2353,26,345,0,639,176,9183,2546,11729,0.0389294,-0.356788,-0.933374,1
5127,2306,24,295,0,615,189,8556,2112,10668,0.00991281,-0.338817,-0.9408,1
3652,1766,15,230,0,472,129,6264,1849,8113,-0.00268624,-0.341483,-0.939884,1
5398,2588,26,353,0,682,186,9233,2435,11668,0.016251,-0.314061,-0.949264,1
5058,2667,22,339,0,697,189,8972,1645,10617,-0.00625091,-0.354616,-0.934991,1
2819,1441,13,200,0,445,103,5021,1224,6245,-0.020026,-0.314729,-0.94897,1
4753,2799,24,347,0,664,181,8768,2011,10779,0.0223899,-0.373116,-0.927514,1
4840,2300,21,297,0,646,168,8272,2036,10308,0.0226499,-0.360839,-0.932353,1
5343,2067,25,274,0,576,154,8439,1796,10235,0.0327255,-0.35619,-0.93384,1
3356,1337,17,183,0,383,97,5373,1364,6737,0.0504895,-0.334281,-0.94112,1
5473,1840,27,247,0,568,139,8294,2286,10580,0.0133777,-0.318643,-0.94778,1
5184,1542,31,228,0,490,119,7594,1282,8876,0.0382537,-0.285768,-0.957535,1
3547,1067,16,142,0,322,78,5172,1318,6490,0.0261865,-0.278977,-0.959941,1
5075,1542,25,194,0,472,113,7421,1816,9237,0.0246138,-0.289361,-0.956904,1
5002,1453,25,195,0,460,109,7244,2110,9354,0.0257009,-0.271792,-0.962013,1
5683,1659,32,220,0,515,122,8231,1924,10155,0.0372124,-0.27363,-0.961115,1
3899,1169,19,158,0,368,122,5735,1404,7139,0.040924,-0.279745,-0.959202,1
5124,1641,27,213,0,494,120,7619,1811,9430,0.0410933,-0.292844,-0.955277,1
3511,1157,21,172,0,353,86,5300,1482,6782,0.0328726,-0.287214,-0.957302,1
5539,1825,31,250,0,568,139,8352,2651,11003,0.0417855,-0.271896,-0.961419,1
5673,2279,34,408,0,904,228,9526,2211,11737,0.0434708,-0.358671,-0.932451,1
2938,956,12,120,0,259,66,4351,972,5323,0.0313656,-0.314068,-0.948882,1
2045,767,13,118,0,219,57,3219,772,3991,0.0237834,-0.257205,-0.966064,1
3927,1511,19,234,0,474,116,6281,1761,8042,0.0289095,-0.298557,-0.953954,1
5593,2459,27,321,0,683,178,9261,2439,11700,0.0274483,-0.254853,-0.96659,1
3854,1738,18,242,0,468,127,6447,1578,8025,0.0162231,-0.254773,-0.966865,1
4822,2256,24,294,0,719,280,8395,1989,10384,0.0286655,-0.250677,-0.967646,1
4917,2139,30,289,0,634,166,8175,2218,10393,0.0331711,-0.273112,-0.96141,1
3393,1557,20,318,0,633,161,6082,1342,7424,0.0372306,-0.292799,-0.955449,1
3539,1470,16,200,0,430,119,5774,1389,7163,0.0184469,-0.257907,-0.965994,1
5337,2145,25,295,0,601,165,8568,2333,10901,0.00760011,-0.263849,-0.964534,1
3748,1319,18,183,0,376,103,5747,1812,7559,0.0217662,-0.239248,-0.970714,1
4765,1507,23,206,0,421,134,7056,2302,9358,0.0192245,-0.262506,-0.964739,1
5351,1365,25,191,0,406,108,7446,2731,10177,0.0449255,-0.308849,-0.950049,1
5351,1255,25,176,0,351,96,7254,2532,9786,0.0677417,-0.313695,-0.947104,1
3690,832,18,130,0,236,65,4971,2257,7228,0.0107745,-0.269702,-0.962883,1
5310,1262,26,181,0,367,100,7246,2786,10032,0.00770902,-0.31209,-0.950021,1
5326,1484,43,205,0,425,116,7599,3071,10670,0.043904,-0.290207,-0.955956,1
3729,1235,18,168,0,342,93,5585,2135,7720,0.0277131,-0.310431,-0.950192,1
5457,2155,30,285,0,619,162,8708,2840,11548,0.0391142,-0.260874,-0.96458,1
5015,2198,25,282,0,573,154,8247,2483,10730,0.0146813,-0.255795,-0.96662,1
5777,2590,29,349,0,713,191,9649,3110,12759,0.017606,-0.272106,-0.962106,1
3975,1893,19,241,0,483,132,6743,2106,8849,0.0247477,-0.239313,-0.970627,1
5723,2683,30,370,0,724,211,9741,2429,12170,0.0317254,-0.242063,-0.969742,1
3880,1799,19,234,0,480,132,6544,2896,9440,0.0289895,-0.261094,-0.964878,1
5672,2498,28,323,0,690,189,9400,2818,12218,0.0235344,-0.225057,-0.974061,1
5002,2115,30,309,0,573,154,8183,2844,11027,0.0325088,-0.280958,-0.959169,1
6108,2623,34,274,0,638,158,9835,4659,14494,0.0853556,-0.487914,-0.868708,1
3432,957,13,129,0,291,74,4896,2405,7301,0.0649483,-0.537225,-0.840935,1
2007,587,9,80,0,180,38,2901,1629,4530,0.0367239,-0.600063,-0.79911,1
1758,477,8,64,0,150,35,2492,1762,4254,0.0167009,-0.60307,-0.797513,1
4673,1338,20,176,0,410,97,6714,4345,11059,-0.0124047,-0.644087,-0.764852,1
5631,1857,25,232,0,539,127,8411,5774,14185,-0.105271,-0.568104,-0.816196,1
3063,1008,14,128,0,306,71,4590,2187,6777,-0.131787,-0.577236,-0.805873,1
5701,1941,26,251,0,592,141,8652,3150,11802,-0.10375,-0.670517,-0.734604,1
5802,2036,27,287,0,632,152,8936,-1000,-1000,-1,-1,-1,1
3584,1428,17,165,0,274,69,5537,-1000,-1000,-1,-1,-1,1
1757,676,11,90,0,188,48,2770,3124,5894,0.0589023,-0.16642,-0.984294,1
1289,468,7,62,0,135,35,1996,730,2726,0.057119,-0.215129,-0.974914,1
2819,985,15,136,0,281,76,4312,1292,5604,0.022689,-0.218804,-0.975505,1
6324,1930,29,263,0,571,175,9292,3265,12557,0.0164354,-0.268077,-0.963257,1
3797,859,16,120,0,243,65,5100,1677,6777,0.0066516,-0.290404,-0.956881,1
5693,1379,45,195,0,443,110,7865,2410,10275,0.073127,-0.274032,-0.958936,1
2975,626,15,110,0,187,62,3975,2017,5992,0.0735017,-0.247558,-0.966081,1
5488,1317,30,220,0,390,122,7567,2456,10023,0.0165996,-0.303462,-0.952699,1
3568,1032,18,144,0,314,83,5159,2389,7548,0.0159396,-0.251278,-0.967784,1
4631,1706,21,222,0,458,127,7165,2400,9565,0.0599349,-0.309444,-0.949027,1
5490,1890,20,250,0,511,140,8301,2350,10651,0.0121995,-0.341924,-0.939648,1
5734,2614,23,335,0,698,189,9593,2705,12298,0.011903,-0.377072,-0.926107,1
5157,2542,22,323,0,659,181,8884,2507,11391,0.0572966,-0.326452,-0.943476,1
3535,1826,17,231,0,475,130,6214,1602,7816,0.0633939,-0.317595,-0.946105,1
5471,2761,25,357,0,731,201,9546,2476,12022,0.0420202,-0.342444,-0.938598,1
4824,2409,23,307,0,639,186,8388,2151,10539,0.0246697,-0.329767,-0.94374,1
5362,2489,27,348,0,679,189,9094,2286,11380,0.03165,-0.44021,-0.897337,1
3287,1177,13,154,0,328,85,5044,952,5996,0.0236082,-0.357563,-0.933591,1
1871,691,10,92,0,212,53,2929,753,3682,0.0308245,-0.318006,-0.947587,1
5104,1504,25,234,0,449,116,7432,1920,9352,0.0150741,-0.387956,-0.921555,1
5607,1597,27,218,0,514,120,8083,1389,9472,0.0191022,-0.482215,-0.875845,1
3916,1098,19,147,0,375,83,5638,1075,6713,0.0291384,-0.434602,-0.900151,1
2026,577,12,76,0,173,41,2905,641,3546,0.0137283,-0.362259,-0.931976,1
2218,630,12,86,0,198,48,3192,775,3967,0.0129665,-0.319071,-0.947642,1
5740,1751,28,233,0,528,127,8407,1839,10246,0.0264135,-0.319276,-0.947293,1
5081,1566,28,213,0,511,128,7527,1403,8930,0.0279789,-0.289483,-0.956774,1
3527,1191,19,158,0,360,88,5343,1336,6679,0.0108474,-0.278563,-0.960357,1
5474,1862,30,255,0,566,140,8327,2062,10389,0.0162347,-0.286348,-0.957988,1
5349,1918,30,261,0,574,143,8275,2360,10635,0.0263505,-0.284751,-0.958239,1
5298,2047,28,298,0,581,154,8406,1547,9953,0.0489217,-0.294207,-0.954489,1
3582,1525,18,208,0,434,113,5880,1423,7303,0.081483,-0.313078,-0.946225,1
4912,2253,25,336,0,600,165,8291,2323,10614,0.076719,-0.599174,-0.796935,1
3457,1648,17,217,0,456,122,5917,1982,7899,0.0869798,-0.616218,-0.782758,1
5372,2550,28,337,0,696,188,9171,2560,11731,0.0990776,-0.69193,-0.715134,1
3668,1638,18,223,0,493,124,6164,-1000,-1000,-1,-1,-1,1
5539,2272,25,314,0,680,178,9008,-1000,-1000,-1,-1,-1,1
2509,937,10,130,0,263,71,3920,1257,5177,0.0486567,-0.252742,-0.96631,1
4069,1583,20,248,0,444,133,6497,2001,8498,0.0706185,-0.327379,-0.94225,1
3932,1496,20,209,0,416,114,6187,1843,8030,0.0533548,-0.379912,-0.923483,1
5352,1847,46,257,0,510,139,8151,2312,10463,0.0699604,-0.337218,-0.938823,1
3641,1073,20,156,0,344,86,5320,1621,6941,0.0749038,-0.324316,-0.942979,1
5329,1598,28,239,0,409,111,7714,2787,10501,0.076703,-0.316962,-0.945331,1
3637,868,18,132,0,250,68,4973,1720,6693,0.0723154,-0.318032,-0.945318,1
5249,1184,27,211,0,360,98,7129,3917,11046,0.0917063,-0.349538,-0.932423,1
3663,787,18,117,0,227,62,4874,2272,7146,0.0989116,-0.333272,-0.937628,1
3555,894,19,124,0,242,66,4900,2232,7132,0.0454653,-0.276338,-0.959985,1
5186,1498,29,207,0,402,112,7434,3148,10582,0.0347735,-0.298396,-0.953809,1
4872,1603,26,218,0,435,118,7272,2692,9964,-0.021407,-0.273942,-0.961508,1
4962,1915,26,260,0,563,174,7900,2271,10171,-0.00740626,-0.276411,-0.961011,1
3620,1541,20,213,0,407,113,5914,2210,8124,-0.0163573,-0.245611,-0.96923,1
6184,2568,30,364,0,807,220,10173,3643,13816,0.0488409,-0.306666,-0.950563,1
3912,1850,36,233,0,500,136,6667,2839,9506,0.0198557,-0.280748,-0.959576,1
6134,2453,28,329,0,693,185,9822,4770,14592,0.0241489,-0.336557,-0.941353,1
2929,1224,15,176,0,276,84,4704,1313,6017,-0.028712,-0.279837,-0.959618,1
1748,650,10,88,0,185,48,2729,2654,5383,-0.00103182,-0.422564,-0.906332,1
2167,801,11,100,0,213,56,3348,2695,6043,-0.0831485,-0.387625,-0.91806,1
4240,1326,20,181,0,394,99,6260,3967,10227,-0.163553,-0.36081,-0.918187,1
5768,1719,28,230,0,506,125,8376,4611,12987,-0.184593,-0.410827,-0.892831,1
3933,1191,19,163,0,355,86,5747,3504,9251,-0.210835,-0.415793,-0.884684,1
4730,1451,21,185,0,429,103,6919,3139,10058,-0.215495,-0.421966,-0.880629,1
5716,1828,29,235,0,540,131,8479,3353,11832,-0.179572,-0.404367,-0.896795,1
5106,1627,22,214,0,505,120,7594,11085,18679,-0.281559,-0.165602,-0.945146,1
2305,770,10,99,0,236,56,3476,1046,4522,-0.0030254,-0.189044,-0.981964,1
5666,1972,25,248,0,604,143,8658,2695,11353,-0.0249503,-0.210166,-0.977347,1
5755,1909,24,269,0,588,143,8688,2146,10834,0.00830305,-0.151083,-0.988486,1
3886,1306,17,170,0,417,97,5893,2107,8000,0.00233949,-0.14638,-0.989226,1
5608,1936,24,248,0,588,141,8545,2643,11188,0.00783477,-0.117137,-0.993085,1
3988,1336,14,133,0,310,73,5854,1717,7571,0.0183938,-0.103714,-0.994437,1
2250,711,9,90,0,211,51,3322,811,4133,-0.00748303,-0.121976,-0.992505,1
2056,744,10,93,0,221,53,3177,817,3994,-0.0153346,-0.110645,-0.993742,1
5615,1925,27,267,0,626,150,8610,2184,10794,-0.000191178,-0.168291,-0.985737,1
5770,1428,19,175,0,407,99,7898,1525,9423,-0.00337725,-0.188904,-0.98199,1
2412,820,11,107,0,253,61,3664,907,4571,-0.0106358,-0.174969,-0.984517,1
1712,623,9,78,0,184,44,2650,692,3342,0.0078501,-0.148208,-0.988925,1
5705,2023,26,252,0,589,142,8737,2887,11624,-0.0117898,-0.13775,-0.990397,1
5695,2002,27,256,0,597,144,8721,1673,10394,-0.0479913,-0.163763,-0.985332,1
2997,1027,14,132,0,309,75,4554,1406,5960,-0.0053353,-0.152417,-0.988302,1
5645,1920,36,247,0,573,140,8561,2385,10946,0.020488,-0.15603,-0.98754,1
5617,1919,24,249,0,589,143,8541,2187,10728,0.0302921,-0.136162,-0.990223,1
3903,1290,17,169,0,391,96,5866,1975,7841,0.0636647,-0.107513,-0.992163,1
6431,2098,30,273,0,697,159,9688,2664,12352,-0.00728307,-0.125114,-0.992116,1
4041,1316,17,150,0,342,74,5940,1281,7221,-0.012377,-0.130717,-0.991342,1
2205,693,10,87,0,203,50,3248,832,4080,0.00205068,-0.137773,-0.990462,1
1665,596,9,75,0,173,42,2560,981,3541,0.0171847,-0.148524,-0.988759,1
5831,1947,27,252,0,656,147,8860,2730,11590,-0.00553781,-0.163414,-0.986542,1
5737,1925,26,253,0,599,144,8684,2319,11003,0.00697297,-0.182079,-0.983259,1
4295,1385,18,172,0,406,98,6374,1566,7940,0.00738417,-0.190938,-0.981574,1
2408,700,9,89,0,210,51,3467,770,4237,-0.01049,-0.175748,-0.984379,1
1679,601,9,78,0,178,44,2589,662,3251,0.00476468,-0.179214,-0.983799,1
5761,1980,25,306,0,626,153,8851,2365,11216,0.000713718,-0.18047,-0.98358,1
5679,1999,30,273,0,626,153,8760,1707,10467,0.0035806,-0.184606,-0.982806,1
3030,1068,13,137,0,323,78,4649,1341,5990,0.00630382,-0.208545,-0.977992,1
5853,2088,27,286,0,612,153,9019,2189,11208,0.031314,-0.213081,-0.976533,1
5875,2070,28,274,0,602,151,9000,1881,10881,0.0367507,-0.22978,-0.972549,1
4029,1412,21,189,0,437,108,6196,1592,7788,0.0221299,-0.230388,-0.972847,1
3958,1366,19,183,0,408,105,6039,1692,7731,0.0426167,-0.247,-0.968078,1
5785,1971,28,266,0,617,178,8845,2327,11172,0.056666,-0.23045,-0.971433,1
3826,1312,21,173,0,415,100,5847,2202,8049,0.0161913,-0.20019,-0.979623,1
5162,1504,26,245,0,462,121,7520,3012,10532,0.0694878,-0.18473,-0.98033,1
3507,1003,19,136,0,282,76,5023,1667,6690,0.00853296,-0.225639,-0.974174,1
4811,1121,23,162,0,334,90,6541,2852,9393,0.0276573,-0.274562,-0.961171,1
4276,948,22,140,0,284,88,5758,2368,8126,0.0218797,-0.280645,-0.959562,1
6018,1411,30,200,0,382,102,8143,2674,10817,0.0341454,-0.276933,-0.960282,1
3785,1042,20,142,0,297,78,5364,2399,7763,0.0325255,-0.283533,-0.958411,1
5657,1760,27,246,0,494,132,8316,3411,11727,0.0607095,-0.291912,-0.954517,1
3827,1405,16,187,0,440,105,5980,1794,7774,0.024646,-0.264243,-0.964141,1
5636,2435,22,278,0,566,154,9091,2470,11561,0.0265502,-0.279294,-0.959838,1
5806,2629,24,336,0,689,188,9672,2489,12161,0.0201635,-0.30092,-0.953436,1
3533,1765,15,227,0,480,128,6148,1710,7858,0.0105316,-0.300536,-0.953712,1
5603,2879,23,365,0,782,211,9863,2549,12412,-0.018538,-0.3021,-0.953096,1
3763,2064,17,279,0,524,142,6789,1690,8479,0.00509621,-0.362119,-0.932118,1
5362,2907,24,364,0,801,205,9663,2375,12038,0.0065347,-0.385029,-0.922881,1
5315,2813,25,359,0,740,202,9454,1546,11000,-0.00487434,-0.393915,-0.919134,1
2760,1347,13,171,0,362,98,4751,1149,5900,0.00449022,-0.375674,-0.926741,1
5132,2318,23,285,0,644,173,8575,1906,10481,0.0311051,-0.377879,-0.925332,1
5203,2160,26,281,0,652,161,8483,2046,10529,0.049537,-0.363518,-0.930269,1
5450,1955,28,255,0,557,143,8388,1855,10243,0.0510508,-0.334091,-0.941157,1
3919,1328,20,172,0,424,98,5961,1373,7334,0.0367835,-0.293618,-0.955215,1
5798,1869,28,259,0,567,168,8689,2117,10806,0.0145012,-0.3065,-0.95176,1
4611,1320,22,176,0,411,107,6647,1425,8072,0.021411,-0.326914,-0.944812,1
3905,1342,21,192,0,434,97,5991,1458,7449,0.0246309,-0.325403,-0.945255,1
5532,1911,31,252,0,572,138,8436,2079,10515,0.0425525,-0.329112,-0.943332,1
5455,1945,30,255,0,586,150,8421,1753,10174,0.0313012,-0.315705,-0.948341,1
3753,1395,20,189,0,438,106,5901,1426,7327,0.0196484,-0.279186,-0.960036,1
5473,2079,29,286,0,606,150,8623,2322,10945,0.0066418,-0.269527,-0.96297,1
3751,1434,19,198,0,440,109,5951,1412,7363,0.0048571,-0.250407,-0.968129,1
5479,2132,29,301,0,621,160,8722,2276,10998,0.0111635,-0.272526,-0.962084,1
5476,2302,27,312,0,645,174,8936,1722,10658,0.00336079,-0.274511,-0.961578,1
3759,1716,19,228,0,471,125,6318,1554,7872,0.0170882,-0.266715,-0.963624,1
5485,2588,28,343,0,701,201,9346,2683,12029,0.0258406,-0.328281,-0.944227,1
5326,2602,26,347,0,714,191,9206,1576,10782,0.00505324,-0.257611,-0.966236,1
3280,1395,19,186,0,390,101,5371,1138,6509,0.0222744,-0.2261,-0.973849,1
5305,2436,27,332,0,710,182,8992,1945,10937,0.0478531,-0.273731,-0.960615,1
4905,2255,25,287,0,613,159,8244,1941,10185,0.0389866,-0.309185,-0.950203,1
3408,1422,17,193,0,396,108,5544,1734,7278,0.0579495,-0.338678,-0.939116,1
5325,2128,39,292,0,578,157,8519,2863,11382,0.0351497,-0.312233,-0.949355,1
5400,1932,27,266,0,532,145,8302,2492,10794,0.0296827,-0.322286,-0.946177,1
3676,1209,20,167,0,354,94,5520,2008,7528,0.0300744,-0.336868,-0.941072,1
5412,1582,29,230,0,458,125,7836,3176,11012,0.0291113,-0.265981,-0.963539,1
5327,1788,40,217,0,453,133,7958,2001,9959,0.0247787,-0.238864,-0.970737,1
2874,690,14,99,0,200,54,3931,1624,5555,0.0406299,-0.257762,-0.965354,1
5356,1149,27,177,0,339,94,7142,3424,10566,0.0195797,-0.252101,-0.967503,1
5291,1203,28,174,0,336,93,7125,3302,10427,0.0259374,-0.370632,-0.928418,1
3676,945,19,132,0,260,71,5103,2799,7902,0.0744808,-0.272774,-0.959191,1
5512,1740,28,237,0,466,128,8111,3088,11199,0.0655943,-0.298606,-0.95212,1
3797,1521,20,240,0,406,112,6096,2426,8522,0.0368435,-0.2502,-0.967493,1
4189,1804,22,232,0,465,128,6840,2959,9799,0.0652345,-0.256792,-0.964263,1
5833,2789,30,360,0,727,196,9935,3327,13262,0.0293579,-0.26265,-0.964444,1
3875,1829,21,238,0,490,135,6588,2210,8798,0.0257136,-0.276817,-0.960579,1
5668,2540,29,351,0,735,201,9524,4452,13976,0.0450107,-0.302313,-0.952145,1
2963,1306,27,166,0,341,93,4896,2660,7556,0.0549511,-0.313241,-0.948083,1
5836,2301,30,298,0,634,168,9267,4563,13830,0.0462881,-0.399063,-0.915754,1
3023,1161,17,151,0,321,83,4756,2234,6990,0.0508765,-0.453239,-0.889936,1
5798,2244,28,287,0,620,160,9137,3557,12694,0.0187471,-0.490175,-0.871423,1
5676,2126,27,277,0,663,159,8928,3849,12777,0.00301498,-0.477958,-0.878378,1
2984,1137,16,147,0,328,81,4693,2403,7096,-0.0833424,-0.395775,-0.914558,1
5846,2175,26,281,0,631,156,9115,3749,12864,-0.0673383,-0.479449,-0.874982,1
3841,1518,19,226,0,445,126,6175,2077,8252,-0.0819405,-0.526535,-0.846195,1
5770,2219,27,284,0,643,156,9099,6614,15713,-0.0128628,-0.517336,-0.855685,1
2981,1194,13,162,0,343,84,4777,2337,7114,-0.0251357,-0.538789,-0.842066,1
5845,2186,26,306,0,642,159,9164,3725,12889,-0.0447031,-0.644727,-0.763105,1
3987,1800,23,289,0,528,120,6747,-1000,-1000,-1,-1,-1,1
3009,1228,16,158,0,345,89,4845,2363,7208,0.0173398,-0.119411,-0.992694,1
5622,2327,30,306,0,636,170,9091,3327,12418,0.0407017,-0.349578,-0.936023,1
3770,1451,22,196,0,402,108,5949,1728,7677,0.0640247,-0.299319,-0.952003,1
4040,1229,23,171,0,381,113,5957,1682,7639,0.0334826,-0.266751,-0.963184,1
6117,1261,36,202,0,376,132,8124,2918,11042,0.0395296,-0.328279,-0.943753,1
3827,801,19,147,0,235,63,5092,1863,6955,0.0496086,-0.307861,-0.950137,1
5462,1653,34,264,0,449,118,7980,2921,10901,0.0715145,-0.279986,-0.957337,1
3832,1328,18,175,0,366,97,5816,2519,8335,0.0506962,-0.325271,-0.944261,1
5656,2193,25,292,0,674,172,9012,3083,12095,0.0619436,-0.296853,-0.952912,1
4144,1696,17,220,0,468,125,6670,1801,8471,0.0351856,-0.313232,-0.949025,1
5603,2564,24,334,0,728,194,9447,2617,12064,0.0492345,-0.316926,-0.947172,1
3896,1908,16,268,0,502,140,6730,1732,8462,0.0555108,-0.336876,-0.939911,1
5608,2981,24,360,0,755,204,9932,2038,11970,0.047916,-0.330748,-0.942502,1
3811,1945,17,250,0,528,139,6690,1763,8453,0.0510185,-0.299681,-0.952674,1
5297,2767,24,354,0,744,209,9395,2126,11521,0.0208085,-0.388267,-0.921312,1
3105,1504,13,189,0,398,108,5317,1059,6376,0.0275027,-0.354684,-0.934582,1
1877,993,10,126,0,266,71,3343,813,4156,0.0563733,-0.265672,-0.962414,1
5293,2772,24,383,0,734,233,9439,2641,12080,0.0469458,-0.370144,-0.927788,1
2766,1365,17,182,0,357,79,4766,936,5702,0.0415787,-0.289522,-0.956268,1
1872,874,10,113,0,257,65,3191,749,3940,0.022578,-0.289883,-0.956796,1
4870,2234,25,275,0,661,163,8228,2469,10697,0.00345678,-0.344034,-0.938951,1
5244,2255,29,350,0,691,162,8731,1824,10555,0.0155733,-0.328165,-0.944492,1
3721,1553,18,192,0,417,108,6009,1352,7361,0.026553,-0.291141,-0.956312,1
5789,2506,30,318,0,640,168,9451,2098,11549,0.0282013,-0.420055,-0.90706,1
4676,1534,21,215,0,449,83,6978,1050,8028,0.0191464,-0.405103,-0.914071,1
2545,785,12,109,0,223,57,3731,742,4473,0.0296116,-0.330265,-0.943424,1
5571,1987,21,182,0,433,112,8306,1436,9742,0.0340547,-0.317473,-0.947655,1
2903,1029,17,148,0,301,74,4472,1073,5545,0.0272117,-0.300277,-0.953464,1
5518,1947,31,257,0,574,143,8470,2135,10605,0.00217937,-0.383956,-0.923349,1
4224,1391,43,188,0,392,80,6318,1167,7485,0.0213876,-0.300729,-0.95347,1
2175,730,11,100,0,217,54,3287,792,4079,0.00574333,-0.334005,-0.942554,1
1758,702,10,96,0,204,53,2823,870,3693,-0.00438735,-0.334763,-0.942292,1
5337,2176,28,342,0,676,170,8729,2720,11449,-0.00123871,-0.400824,-0.916154,1
5310,2307,33,254,0,456,120,8480,1951,10431,0.0101063,-0.438256,-0.898793,1
2737,1304,15,175,0,364,97,4692,1760,6452,0.0157168,-0.494738,-0.8689,1
5388,2538,27,339,0,700,185,9177,2754,11931,0.0207407,-0.589654,-0.80739,1
5317,2532,28,348,0,721,194,9140,2786,11926,0.0394008,-0.655776,-0.753926,1
5398,2486,27,341,0,696,186,9134,4477,13611,0.0970743,-0.693503,-0.713884,1
2807,1356,14,178,0,363,98,4816,-1000,-1000,-1,-1,-1,1
2245,997,12,156,0,309,78,3797,901,4698,0.0108407,-0.243143,-0.96993,1
5616,2289,26,314,0,644,176,9065,2404,11469,0.0288503,-0.284828,-0.958145,1
5379,2389,26,313,0,619,168,8894,1731,10625,0.031323,-0.283695,-0.958403,1
3720,1488,18,201,0,441,110,5978,1127,7105,0.0182245,-0.291686,-0.956341,1
2644,886,13,123,0,252,69,3987,1334,5321,0.0536134,-0.291324,-0.955121,1
5549,1444,26,205,0,438,115,7777,2576,10353,0.0578083,-0.324182,-0.944227,1
5338,1248,27,179,0,386,117,7295,1945,9240,0.0632632,-0.327089,-0.942873,1
2751,636,14,93,0,188,51,3733,1702,5435,0.0180651,-0.272482,-0.961991,1
5515,1549,39,271,0,426,120,7920,2997,10917,-0.00497677,-0.415883,-0.909404,1
3993,1180,15,147,0,293,81,5709,1863,7572,-0.00056437,-0.402431,-0.91545,1
2169,910,10,121,0,233,64,3507,1337,4844,0.0869729,-0.309485,-0.946919,1
1539,734,8,94,0,191,52,2618,951,3569,0.00998161,-0.290829,-0.956723,1
4222,1973,21,258,0,533,160,7167,5733,12900,0.0709362,-0.426539,-0.901683,1
4326,2033,22,261,0,536,145,7323,5102,12425,0.0766402,-0.471018,-0.878788,1
3189,1582,17,200,0,413,112,5513,3042,8555,0.103495,-0.654522,-0.748926,1
6361,2969,32,361,0,750,196,10669,7951,18620,0.106179,-0.536414,-0.837249,1
2989,1501,15,196,0,395,105,5201,2484,7685,0.0947084,-0.586329,-0.804518,1
5391,2806,29,347,0,880,201,9654,7963,17617,0.257227,-0.645017,-0.719574,1
6184,2859,26,397,0,984,285,10735,7219,17954,0.104908,-0.580547,-0.80744,1
2539,1079,10,121,0,289,72,4110,1785,5895,0.11116,-0.563254,-0.818773,1
1906,956,10,118,0,209,59,3258,1441,4699,0.0369269,-0.488457,-0.871806,1
1684,730,8,95,0,203,49,2769,1249,4018,0.0151534,-0.513194,-0.858139,1
4066,1560,17,244,0,473,136,6496,2155,8651,0.0305848,-0.587699,-0.808501,1
5908,2211,27,294,0,713,191,9344,3314,12658,0.0343177,-0.675602,-0.736467,1
6122,2333,28,310,0,654,165,9612,-1000,-1000,-1,-1,-1,1
2461,1042,18,150,0,308,78,4057,1740,5797,0.0164095,0.0534816,-0.998434,1
1573,617,11,82,0,184,53,2520,1076,3596,-0.0147046,0.0338211,-0.99932,1
5772,2198,34,335,0,638,161,9138,3395,12533,-0.0180794,-0.203061,-0.978999,1
2346,767,13,106,0,220,59,3511,1751,5262,-0.026146,-0.277519,-0.960364,1
4264,1199,23,159,0,325,114,6084,2841,8925,0.0696753,-0.239909,-0.968292,1
4226,948,23,156,0,329,101,5783,2949,8732,0.0263992,-0.267407,-0.963222,1
4175,940,22,148,0,266,71,5622,2914,8536,0.0511944,-0.267053,-0.962321,1
6358,1210,29,182,0,360,94,8233,2410,10643,0.0239767,-0.297503,-0.95442,1
3752,1006,19,137,0,291,75,5280,1942,7222,0.047934,-0.233216,-0.971243,1
5699,1694,25,243,0,478,131,8270,3536,11806,0.0733287,-0.298516,-0.951584,1
3849,1482,18,181,0,381,101,6012,2137,8149,0.0591815,-0.261036,-0.963513,1
5015,2083,24,265,0,553,148,8088,2652,10740,0.0842512,-0.247809,-0.965138,1
3745,1652,17,214,0,498,119,6245,1666,7911,0.102084,-0.240995,-0.965143,1
4734,2379,21,297,0,641,165,8237,2152,10389,0.0938872,-0.319296,-0.942993,1
4646,2723,21,341,0,710,188,8629,1938,10567,0.0777357,-0.286583,-0.954897,1
6692,4741,27,451,0,819,171,12901,1573,14474,0.0927444,-0.378084,-0.921114,1
6086,3793,19,312,0,742,179,11131,1537,12668,0.0533178,-0.375539,-0.925272,1
2379,1632,12,303,0,578,151,5055,855,5910,0.034476,-0.356128,-0.933801,1
2803,2058,16,249,0,482,128,5736,1161,6897,0.0418569,-0.374784,-0.926167,1
6147,4734,29,432,0,1036,265,12643,2051,14694,0.0183351,-0.384658,-0.922877,1
4434,2790,20,313,0,666,178,8401,1428,9829,0.0197005,-0.36322,-0.931495,1
3212,1966,16,235,0,494,132,6055,1040,7095,0.0170005,-0.355733,-0.934433,1
4376,2279,20,290,0,594,148,7707,1556,9263,0.0132071,-0.343402,-0.939096,1
3770,1998,20,236,0,539,136,6699,1387,8086,0.0355457,-0.32045,-0.946598,1
4759,2243,26,281,0,670,201,8180,1685,9865,0.00720268,-0.302778,-0.953034,1
4749,2273,31,386,0,833,198,8470,1704,10174,0.00478201,-0.296782,-0.954933,1
5171,2169,29,313,0,637,153,8472,1321,9793,0.0208682,-0.32891,-0.944131,1
3636,1551,21,200,0,444,109,5961,1481,7442,0.0367024,-0.333564,-0.942013,1
5442,2150,29,284,0,666,168,8739,3014,11753,0.0800601,-0.335059,-0.93879,1
3815,1646,20,213,0,438,116,6248,1516,7764,0.0371208,-0.311338,-0.949574,1
3784,1745,19,230,0,475,124,6377,2162,8539,0.0405495,-0.292505,-0.955404,1
5599,2577,27,344,0,764,191,9502,2460,11962,0.0532875,-0.341392,-0.938409,1
5481,2407,29,336,0,695,181,9129,3543,12672,0.075766,-0.385828,-0.919454,1
3771,1558,18,211,0,436,117,6111,2294,8405,0.0476269,-0.306433,-0.9507,1
5960,2278,28,294,0,603,159,9322,2025,11347,0.0464234,-0.306804,-0.95064,1
4824,1594,25,225,0,449,122,7239,2316,9555,0.0146833,-0.251124,-0.967843,1
3453,992,17,142,0,352,91,5047,1840,6887,0.0367526,-0.29551,-0.954632,1
3494,943,17,130,0,260,69,4913,1556,6469,0.0423908,-0.244861,-0.968631,1
5261,1286,26,188,0,379,99,7239,3151,10390,0.0530662,-0.314504,-0.947772,1
3660,938,18,134,0,270,72,5092,2091,7183,0.0324765,-0.255417,-0.966285,1
5038,1507,24,196,0,390,105,7260,3041,10301,0.0597721,-0.277389,-0.958897,1
3452,1178,17,157,0,321,85,5210,1882,7092,0.0146241,-0.208563,-0.9779,1
5471,2211,26,289,0,610,163,8770,3020,11790,0.0177222,-0.252174,-0.96752,1
5524,2503,26,329,0,669,177,9228,2658,11886,0.0236345,-0.246183,-0.968935,1
2960,1563,18,201,0,400,109,5251,1368,6619,0.00310931,-0.257356,-0.966312,1
5923,3271,30,410,0,881,278,10793,3353,14146,-0.0337597,-0.219919,-0.974934,1
6090,3512,30,470,0,900,247,11249,3897,15146,-0.0686808,-0.120582,-0.990325,1
4171,2536,21,308,0,663,178,7877,2190,10067,-0.0725887,-0.123007,-0.989748,1
5933,3687,31,491,0,936,258,11336,2540,13876,-0.0837286,-0.127221,-0.988334,1
3088,1959,15,239,0,489,133,5923,2552,8475,-0.0866825,-0.150979,-0.984729,1
4808,2941,24,356,0,724,200,9053,5173,14226,-0.0735444,-0.165245,-0.983507,1
3477,2118,18,253,0,519,141,6526,3358,9884,-0.0143658,-0.306591,-0.951733,1
5866,3441,29,415,0,861,227,10839,7442,18281,0.0644262,-0.49189,-0.86827,1
2486,1355,10,149,0,315,83,4398,1601,5999,0.0657665,-0.438733,-0.896207,1
1556,911,9,110,0,237,62,2885,1945,4830,-0.0405464,-0.247326,-0.968084,1
1758,971,9,118,0,258,67,3181,1112,4293,-0.0882624,-0.165277,-0.98229,1
6129,3357,29,482,0,903,225,11125,3029,14154,-0.112414,-0.184533,-0.976376,1
5988,3123,25,367,0,602,157,10262,1298,11560,-0.0446748,-0.197506,-0.979283,1
3309,1626,14,194,0,492,116,5751,979,6730,-0.00204238,-0.103577,-0.994619,1
7006,2782,27,364,0,786,195,11160,2369,13529,-0.00693774,-0.319188,-0.947666,1
3245,1198,14,138,0,308,76,4979,949,5928,0.00517696,-0.180105,-0.983634,1
1835,726,9,90,0,208,52,2920,676,3596,0.00698357,-0.0889635,-0.99601,1
1546,608,8,78,0,179,53,2472,579,3051,-0.00273767,-0.0832736,-0.996523,1
5802,2656,40,416,0,691,183,9788,2261,12049,0.0116949,-0.203815,-0.97894,1
3011,1321,16,170,0,374,78,4970,1054,6024,0.0147471,-0.154404,-0.987898,1
2063,960,11,120,0,254,68,3476,873,4349,0.00388955,-0.0908722,-0.995855,1
5971,2568,31,328,0,707,186,9791,2221,12012,0.0287824,-0.158232,-0.986982,1
3949,1548,21,200,0,429,113,6260,1937,8197,0.0230085,-0.167898,-0.985536,1
3945,1289,26,166,0,342,88,5856,1669,7525,0.00774631,-0.201122,-0.979536,1
5758,1428,29,190,0,397,103,7905,2423,10328,-0.00145415,-0.21475,-0.976668,1
3652,1055,20,141,0,342,83,5293,1502,6795,-0.00664543,-0.226972,-0.973879,1
4670,2196,29,323,0,674,161,8053,1811,9864,0.00579312,-0.237567,-0.971354,1
4901,2549,23,310,0,668,178,8629,2249,10878,0.00847576,-0.21777,-0.975963,1
3651,2438,16,317,0,608,157,7187,1376,8563,0.013737,-0.1885,-0.981977,1
6843,4546,24,541,0,1095,296,13345,1848,15193,0.00717258,-0.238625,-0.971085,1
4312,3238,17,412,0,811,217,9007,1498,10505,0.0276474,-0.223839,-0.974234,1
3345,2556,13,302,0,664,182,7062,1848,8910,0.0300961,-0.178807,-0.983424,1
6275,5471,32,586,0,977,221,13562,1662,15224,0.016092,-0.210223,-0.977521,1
3178,2536,12,299,0,638,167,6830,1243,8073,0.0178155,-0.286887,-0.957799,1
6074,4754,25,567,0,1197,321,12938,1657,14595,0.0389264,-0.182381,-0.982457,1
3114,2489,14,301,0,617,163,6698,1247,7945,0.029918,-0.266165,-0.963463,1
5878,4632,26,526,0,1104,291,12457,1533,13990,0.0314037,-0.284532,-0.958152,1
5931,4271,28,539,0,728,192,11689,1549,13238,0.0661041,-0.300962,-0.951342,1
2573,1776,12,220,0,431,115,5127,919,6046,0.0545593,-0.282832,-0.957617,1
4578,3171,21,375,0,765,200,9110,1652,10762,0.0624651,-0.275324,-0.95932,1
4641,3059,21,359,0,750,211,9041,1557,10598,0.033043,-0.268244,-0.962784,1
4702,3114,28,399,0,816,210,9269,1543,10812,0.0448174,-0.301282,-0.952481,1
3386,2215,17,267,0,571,147,6603,1103,7706,0.0495734,-0.280653,-0.958528,1
6204,3674,32,468,0,967,250,11595,1465,13060,0.0457126,-0.282531,-0.958168,1
4133,2427,24,289,0,627,160,7660,1472,9132,0.0236496,-0.273683,-0.961529,1
4150,2264,41,297,0,599,152,7503,1411,8914,0.0253195,-0.256696,-0.96616,1
5348,2820,65,346,0,749,193,9521,1894,11415,0.045745,-0.240253,-0.969632,1
3820,1923,21,287,0,513,131,6695,1311,8006,0.0168433,-0.241994,-0.970131,1
5814,2848,32,372,0,774,201,10041,2023,12064,0.0119014,-0.262294,-0.964915,1
3967,1887,22,227,0,544,129,6776,1499,8275,0.0215946,-0.246614,-0.968873,1
5631,2491,31,311,0,707,175,9346,1647,10993,0.022955,-0.269213,-0.962807,1
4021,1774,21,219,0,500,123,6658,1562,8220,0.0533667,-0.25264,-0.966088,1
5591,2655,31,331,0,787,188,9583,2342,11925,0.00643314,-0.256181,-0.966608,1
5879,2737,40,466,0,722,138,9982,1800,11782,0.0157279,-0.293044,-0.95597,1
3507,1799,19,221,0,477,123,6146,2065,8211,0.00550494,-0.2068,-0.978368,1
5548,2763,28,339,0,747,194,9619,2120,11739,0.0168881,-0.187505,-0.982118,1
5662,2726,27,346,0,658,134,9553,1377,10930,-0.00521226,-0.153,-0.988212,1
2969,1475,16,188,0,398,103,5149,1208,6357,0.00940796,-0.113801,-0.993459,1
5622,2847,30,351,0,764,176,9790,1975,11765,0.0186877,-0.127143,-0.991708,1
5491,2700,36,445,0,747,197,9616,1385,11001,0.01791,-0.148777,-0.988709,1
2905,1480,15,194,0,401,117,5112,1082,6194,0.015812,-0.138324,-0.990261,1
5592,2863,30,373,0,765,194,9817,2190,12007,0.0168361,-0.148673,-0.988743,1
3785,1965,23,254,0,539,138,6704,1516,8220,0.0198925,-0.140507,-0.98988,1
5036,2520,25,329,0,705,202,8817,2042,10859,0.00272881,-0.173892,-0.984761,1
5622,2827,30,370,0,952,279,10080,2451,12531,0.00714825,-0.212879,-0.977052,1
3069,1521,14,195,0,417,109,5325,1060,6385,-0.00486669,-0.184195,-0.982878,1
1733,890,8,121,0,250,71,3073,644,3717,0.00508125,-0.168725,-0.98565,1
5569,2846,29,377,0,800,210,9831,3069,12900,-0.0129865,-0.0753256,-0.997074,1
3720,2160,20,261,0,550,143,6854,1551,8405,-0.003828,-0.0671037,-0.997739,1
5459,3175,37,378,0,974,213,10236,1999,12235,-0.00536707,-0.0204663,-0.999776,1
3849,1963,20,259,0,543,160,6794,1525,8319,0.00520133,-0.0447013,-0.998987,1
5390,2755,32,356,0,743,190,9466,1847,11313,-0.00367832,-0.0021974,-0.999991,1
4992,2585,46,355,0,715,190,8883,1796,10679,-0.000820244,-0.0170671,-0.999854,1
3525,1838,17,237,0,545,132,6294,1352,7646,-0.00247395,-0.0457461,-0.99895,1
5468,3508,29,378,0,788,213,10384,2303,12687,-0.00483304,0.000880746,-0.999988,1
3846,2026,20,257,0,571,145,6865,1434,8299,-0.00885966,-0.0153882,-0.999842,1
4079,2007,20,269,0,609,182,7166,1514,8680,-0.00778195,-0.0241596,-0.999678,1
5608,2716,25,331,0,711,186,9577,1651,11228,-0.00962714,-0.0334736,-0.999393,1
3439,1829,18,233,0,548,131,6198,1280,7478,-0.00709217,-0.0501636,-0.998716,1
5533,2904,30,378,0,791,206,9842,2114,11956,-0.00478215,-0.0516163,-0.998656,1
3787,1958,19,253,0,573,146,6736,1465,8201,-0.00697912,-0.0308571,-0.999499,1
5494,2832,29,375,0,853,208,9791,1553,11344,-0.0167016,-0.0184001,-0.999691,1
5494,2903,28,378,0,790,207,9800,2046,11846,-0.0160431,-0.00188787,-0.99987,1
3530,1516,14,192,0,415,109,5776,885,6661,-0.0209124,0.00292027,-0.999777,1
1953,1036,10,131,0,283,74,3487,741,4228,-0.0110933,0.00380977,-0.999931,1
5080,2599,41,334,0,730,187,8971,1836,10807,-0.00880081,-0.0104162,-0.999907,1
5004,2716,26,345,0,739,191,9021,1943,10964,-0.0191651,-0.0231405,-0.999549,1
3536,1850,20,255,0,527,136,6324,1408,7732,-0.0300663,-0.0257868,-0.999215,1
5574,2961,34,424,0,790,211,9994,1639,11633,-0.0226633,-0.0155111,-0.999623,1
6281,2757,20,261,0,571,146,10036,1385,11421,-0.00687845,-0.0419548,-0.999096,1
2846,1540,15,192,0,418,109,5120,1158,6278,0.00212727,-0.0447288,-0.998997,1
5521,2886,29,372,0,790,205,9803,2178,11981,-0.0105993,-0.0268722,-0.999583,1
5561,2909,28,389,0,851,212,9950,1886,11836,-0.0115922,-0.0093957,-0.999889,1
3869,1995,21,266,0,543,146,6840,1090,7930,-0.0219987,-0.00616767,-0.999739,1
4550,2844,29,340,0,666,173,8602,1876,10478,-0.0120683,-0.00511095,-0.999914,1
4615,2391,23,306,0,714,183,8232,1719,9951,-0.0168765,-0.00801275,-0.999825,1
4585,2886,24,317,0,651,175,8638,1863,10501,-0.0129983,-0.000853396,-0.999915,1
5590,2903,46,374,0,795,207,9915,2458,12373,-0.0124839,-0.0235622,-0.999644,1
5152,2576,26,337,0,720,209,9020,1949,10969,-0.00802308,-0.0187243,-0.999792,1
4897,2598,25,339,0,715,188,8762,1270,10032,-0.0119678,-0.00131889,-0.999928,1
2729,1440,14,185,0,443,107,4918,1073,5991,-0.0110469,-0.00770778,-0.999909,1
5759,3042,28,380,0,802,211,10222,1827,12049,-0.00952124,0.000683367,-0.999954,1
5012,2602,25,335,0,733,190,8897,1900,10797,-0.00993826,0.00687118,-0.999927,1
3793,1840,18,256,0,573,137,6617,1322,7939,-0.0214228,-0.0222613,-0.999523,1
5464,2943,29,380,0,793,210,9819,2068,11887,-0.0266033,-0.018775,-0.99947,1
5488,2860,42,375,0,866,212,9843,1640,11483,-0.0334895,-0.00688361,-0.999415,1
5491,3074,29,414,0,839,217,10064,2178,12242,-0.00993479,-0.0112988,-0.999887,1
5462,2884,29,373,0,794,217,9759,1430,11189,-0.00761698,-0.0103567,-0.999917,1
2595,1209,11,153,0,331,85,4384,807,5191,-0.0223211,-0.018155,-0.999586,1
1668,895,9,115,0,243,63,2993,641,3634,-0.0246178,-0.0397377,-0.998907,1
3494,1952,20,240,0,509,135,6350,1333,7683,-0.0321276,-0.0372631,-0.998789,1
5696,3304,29,409,0,878,227,10543,2145,12688,-0.026855,-0.0759173,-0.996752,1
5689,3332,27,411,0,915,244,10618,1417,12035,-0.0242103,-0.102039,-0.994486,1
5844,3306,28,419,0,932,237,10766,1440,12206,-0.037232,-0.108516,-0.993397,1
2940,1789,15,224,0,467,127,5562,1230,6792,-0.0427871,-0.116657,-0.99225,1
5817,3222,27,409,0,888,231,10594,2213,12807,-0.0166147,-0.119847,-0.992653,1
3838,2144,19,270,0,564,152,6987,1538,8525,-0.0244764,-0.128545,-0.991402,1
5712,2850,25,323,0,714,200,9824,2130,11954,-0.00425466,-0.169628,-0.985499,1
5143,2278,23,304,0,627,172,8547,2518,11065,-0.00781529,-0.23151,-0.972801,1
4660,1966,21,262,0,544,146,7599,1858,9457,0.00484701,-0.172568,-0.984986,1
4569,2042,22,257,0,539,141,7570,1875,9445,0.00850184,-0.242183,-0.970193,1
5741,2414,27,299,0,646,169,9296,2471,11767,-0.00788952,-0.183149,-0.983054,1
3909,1532,20,238,0,416,111,6226,1493,7719,-0.0141547,-0.154785,-0.987847,1
3872,1532,18,203,0,416,120,6161,1605,7766,-0.0179888,-0.111716,-0.993577,1
5770,2438,29,307,0,633,168,9345,2209,11554,-0.0011501,-0.122414,-0.992478,1
3926,1776,20,225,0,467,123,6537,1596,8133,-0.00305787,-0.100602,-0.994922,1
5840,2711,28,359,0,724,194,9856,2094,11950,-0.00420044,-0.109429,-0.993986,1
3850,1903,19,240,0,503,134,6649,1418,8067,-0.00126189,-0.0887913,-0.996049,1
5455,2884,26,368,0,776,206,9715,2019,11734,-0.0175498,-0.104845,-0.994334,1
6192,3113,28,382,0,830,235,10780,1415,12195,-0.0248541,-0.109485,-0.993678,1
3139,2041,18,257,0,540,191,6186,1314,7500,-0.014717,-0.122641,-0.992342,1
5892,3373,28,405,0,847,226,10771,2136,12907,-0.0284702,-0.128037,-0.991361,1
4790,2850,25,359,0,748,215,8987,2144,11131,-0.0107572,-0.090957,-0.995797,1
7650,3640,28,425,0,741,201,12685,1514,14199,-0.0101137,-0.103606,-0.994567,1
6005,3644,37,631,0,902,253,11472,2552,14024,0.00400629,-0.185731,-0.982592,1
3157,1670,13,218,0,386,105,5549,1560,7109,0.0127807,-0.204897,-0.9787,1
1840,1128,10,138,0,284,77,3477,2150,5627,0.0239869,-0.218889,-0.975455,1
3833,2393,18,299,0,587,162,7292,3471,10763,0.0678295,-0.205089,-0.97639,1
5941,3772,30,460,0,1044,266,11513,3278,14791,0.057659,-0.254731,-0.965291,1
3964,2676,19,314,0,606,135,7714,1403,9117,0.101932,-0.340941,-0.934542,2
3422,2382,17,278,0,624,163,6886,2399,9285,0.161312,-0.406553,-0.899274,2
5509,4561,27,470,0,998,262,11827,5101,16928,0.211606,-0.509736,-0.833902,2
4025,2775,19,339,0,710,189,8057,1858,9915,0.00231471,-0.0776265,-0.99698,2
6553,3929,27,456,0,992,255,12212,2091,14303,0.0211106,-0.145311,-0.989161,2
4017,2653,19,301,0,680,174,7844,1641,9485,-0.00663579,-0.073817,-0.99725,2
6485,3788,27,457,0,1050,270,12077,2065,14142,-0.0274915,-0.195016,-0.980415,2
3078,1473,14,230,0,494,104,5393,840,6233,-0.012806,-0.111824,-0.993646,2
1984,980,9,116,0,266,67,3422,662,4084,-0.00974475,-0.0641589,-0.997892,2
5622,2955,27,346,0,688,169,9807,1434,11241,0.00149588,-0.0712545,-0.997457,2
3073,1629,15,183,0,418,122,5440,1138,6578,0.00149699,-0.0754888,-0.997146,2
6189,2789,24,323,0,807,190,10322,1828,12150,-0.00735061,-0.0764385,-0.997047,2
6019,2956,28,350,0,808,204,10365,1918,12283,0.0272968,-0.102928,-0.994314,2
3839,1878,21,251,0,536,151,6676,1049,7725,0.0158249,-0.0683168,-0.997538,2
6143,3174,49,496,0,845,213,10920,2112,13032,0.0394453,-0.114627,-0.992625,2
3230,1394,11,152,0,335,86,5208,1189,6397,0.0318491,-0.0546031,-0.998,2
2222,1078,11,132,0,283,74,3800,765,4565,0.0214499,-0.0409218,-0.998932,2
4084,2027,24,253,0,543,145,7076,1466,8542,0.0267444,-0.0690237,-0.997256,2
5467,2475,27,342,0,660,220,9191,1982,11173,0.0160506,-0.104981,-0.994345,2
3822,1581,20,203,0,442,114,6182,1295,7477,0.0138221,-0.116551,-0.993088,2
5737,2009,27,257,0,631,151,8812,2015,10827,0.0150568,-0.0900379,-0.995825,2
3922,1431,20,197,0,430,105,6105,1364,7469,0.0326419,-0.0945891,-0.994981,2
3751,1570,23,328,0,595,128,6395,1407,7802,0.0435711,-0.112963,-0.992643,2
5759,2403,44,311,0,658,171,9346,1842,11188,0.0586394,-0.260151,-0.963786,2
5451,2141,18,241,0,512,134,8497,1096,9593,0.0669373,-0.242306,-0.967888,2
2316,1183,10,144,0,309,82,4044,760,4804,0.0525612,-0.192414,-0.979905,2
1819,1141,9,139,0,291,78,3477,615,4092,0.0510893,-0.131517,-0.989997,2
3007,2159,17,321,0,574,159,6237,1062,7299,0.0537023,-0.176792,-0.982782,2
5767,3931,25,496,0,1064,413,11696,1562,13258,0.0522137,-0.207343,-0.976874,2
3494,2196,24,288,0,786,186,6974,1020,7994,0.056176,-0.212322,-0.975584,2
5333,4044,23,513,0,1028,278,11219,1802,13021,0.0466322,-0.261445,-0.964091,2
5742,4136,23,510,0,1053,286,11750,1443,13193,0.0386338,-0.280959,-0.958942,2
2870,2344,14,284,0,658,166,6336,1034,7370,0.0264215,-0.281787,-0.959113,2
5770,4448,24,519,0,1026,282,12069,1784,13853,0.0232194,-0.298607,-0.954094,2
3706,2737,13,267,0,550,149,7422,1481,8903,0.0146194,-0.26972,-0.962828,2
2333,1728,12,200,0,416,112,4801,775,5576,0.0134342,-0.252147,-0.967596,2
6410,4541,28,486,0,1088,276,12829,1642,14471,0.0236601,-0.306284,-0.951646,2
3048,2455,19,268,0,541,198,6529,1234,7763,0.012571,-0.307548,-0.95145,2
6001,3479,28,418,0,933,244,11103,2312,13415,0.0430205,-0.269981,-0.961904,2
4104,2407,21,278,0,604,157,7571,1629,9200,0.028864,-0.361565,-0.9319,2
5146,2808,25,328,0,717,184,9208,2437,11645,0.0228159,-0.231601,-0.972543,2
5790,3582,31,408,0,821,261,10893,1426,12319,0.0205325,-0.265598,-0.963865,2
5253,3502,48,454,0,921,228,10406,1580,11986,0.0307176,-0.226891,-0.973436,2
2830,2057,15,240,0,504,135,5781,1090,6871,0.023994,-0.199651,-0.979573,2
5213,4111,26,487,0,1029,287,11153,1871,13024,0.0171983,-0.209554,-0.977646,2
3617,2603,18,305,0,658,173,7374,1460,8834,0.0413027,-0.194265,-0.980079,2
5415,3505,26,415,0,881,233,10475,2103,12578,0.0555666,-0.225235,-0.972719,2
5150,3333,25,398,0,835,219,9960,1853,11813,0.0487558,-0.195229,-0.979545,2
4599,2921,23,333,0,706,191,8773,1915,10688,0.0444536,-0.179546,-0.982745,2
4710,2617,22,307,0,659,177,8492,1694,10186,0.0393028,-0.148102,-0.988191,2
5682,3083,28,388,0,783,213,10177,1674,11851,0.0301834,-0.144328,-0.989069,2
3968,2138,23,254,0,532,148,7063,1594,8657,0.0121598,-0.123093,-0.992321,2
5686,2890,28,357,0,765,203,9929,2190,12119,0.0563747,-0.142933,-0.988125,2
5702,2815,27,352,0,729,194,9819,1671,11490,0.03856,-0.117418,-0.992334,2
3568,1668,18,209,0,479,116,6058,1460,7518,0.0494744,-0.108478,-0.992867,2
5679,2684,28,342,0,708,218,9659,2455,12114,0.057913,-0.117655,-0.991364,2
5986,2913,33,392,0,797,212,10333,1708,12041,0.0277807,-0.129334,-0.991212,2
3097,1634,16,232,0,434,121,5534,1247,6781,0.041546,-0.107939,-0.993289,2
5946,3311,28,413,0,851,233,10782,1580,12362,0.0121465,-0.114386,-0.993362,2
2986,1748,15,213,0,438,116,5516,1224,6740,0.00899584,-0.106054,-0.99432,2
6226,3587,29,435,0,889,249,11415,1694,13109,0.00706986,-0.112479,-0.993629,2
4167,2551,21,301,0,616,168,7824,2281,10105,0.0621804,-0.180292,-0.981646,2
3791,2443,19,283,0,581,160,7277,1864,9141,0.00200118,-0.100421,-0.994943,2
6002,3792,33,521,0,930,272,11550,2953,14503,0.00725959,-0.169477,-0.985507,2
3019,1953,17,337,0,626,145,6097,1986,8083,0.0390352,-0.356344,-0.933539,2
5972,3796,26,428,0,906,235,11363,3747,15110,0.0806092,-0.486762,-0.869807,2
3839,2597,19,323,0,636,169,7583,2922,10505,0.109195,-0.517276,-0.848824,2
6198,4127,30,479,0,1032,272,12138,-1000,-1000,-1,-1,-1,2
2655,1547,11,196,0,372,101,4882,842,5724,0.0504772,-0.165211,-0.984966,2
1680,1071,8,125,0,258,68,3210,914,4124,-0.0184836,-0.116374,-0.993033,2
6356,4513,31,556,0,1094,285,12835,2608,15443,0.0198671,-0.0953564,-0.995245,2
3350,2578,16,330,0,580,155,7009,1252,8261,0.0329659,-0.0888089,-0.995503,2
6645,5275,27,514,0,1097,291,13849,1401,15250,0.0309379,-0.11539,-0.992838,2
3381,2190,14,252,0,612,146,6595,1062,7657,0.00951168,-0.111048,-0.99377,2
6995,3892,26,460,0,1011,265,12649,1418,14067,-0.001768,-0.133433,-0.991056,2
6212,3648,28,425,0,979,242,11534,2009,13543,0.0268948,-0.230365,-0.972733,2
3938,1792,15,220,0,438,101,6504,944,7448,0.0174612,-0.200446,-0.979549,2
2038,996,9,114,0,256,67,3480,628,4108,0.0158384,-0.128672,-0.991561,2
1951,1032,10,122,0,269,70,3454,707,4161,0.0101839,-0.0761365,-0.997045,2
6232,3163,33,374,0,807,215,10824,2140,12964,0.0116474,-0.143474,-0.989586,2
5927,3106,32,371,0,826,216,10478,1403,11881,0.0175234,-0.153482,-0.987996,2
3055,1533,18,189,0,393,106,5294,1084,6378,0.00757244,-0.128248,-0.991713,2
5715,2623,32,328,0,686,187,9571,2029,11600,-7.73041e-05,-0.106721,-0.994289,2
5857,2387,33,307,0,637,172,9393,1392,10785,0.00670456,-0.130636,-0.991408,2
3661,1224,17,156,0,323,86,5467,1141,6608,0.0157956,-0.109379,-0.993875,2
3175,1142,16,148,0,322,83,4886,1049,5935,0.0398143,-0.101837,-0.994004,2
6656,2164,29,277,0,586,156,9868,2118,11986,0.0606136,-0.148785,-0.98701,2
4096,1664,20,210,0,442,120,6552,1472,8024,0.0672257,-0.111181,-0.991524,2
6026,2557,63,333,0,744,194,9917,1480,11397,0.0667791,-0.133918,-0.98874,2
3034,1490,17,242,0,545,134,5462,1334,6796,0.0642478,-0.15954,-0.985099,2
5941,3015,26,383,0,790,217,10372,2422,12794,0.0708509,-0.17657,-0.981735,2
5811,3578,27,442,0,920,251,11029,1468,12497,0.0771668,-0.204688,-0.975781,2
3018,2229,13,263,0,548,150,6221,1205,7426,0.0543828,-0.175927,-0.9829,2
6105,4649,25,564,0,1137,314,12794,1656,14450,0.0825957,-0.236669,-0.968073,2
4006,3293,17,401,0,795,219,8731,1617,10348,0.0464149,-0.220198,-0.97435,2
3678,3137,16,368,0,746,208,8153,1405,9558,0.0630664,-0.160501,-0.985019,2
5972,4709,25,611,0,1140,319,12776,1937,14713,0.032489,-0.2095,-0.977269,2
3959,3238,17,416,0,785,233,8648,1444,10092,0.0439918,-0.219647,-0.974587,2
3691,3154,18,377,0,759,225,8224,1415,9639,0.0397712,-0.231289,-0.972072,2
5835,4952,29,647,0,1153,316,12932,1849,14781,0.0372968,-0.260973,-0.964625,2
6075,4446,19,404,0,824,223,11991,1190,13181,0.0149918,-0.222366,-0.974848,2
6243,5039,28,575,0,1226,335,13446,1697,15143,0.025862,-0.289085,-0.956954,2
3102,2289,12,246,0,516,138,6303,795,7098,0.015706,-0.223809,-0.974507,2
1875,1535,10,177,0,369,96,4062,634,4696,0.0146908,-0.202097,-0.979255,2
4566,4025,26,434,0,977,249,10277,1564,11841,0.0160703,-0.176889,-0.9841,2
6192,4686,33,571,0,1156,311,12949,1389,14338,0.0119741,-0.16497,-0.986226,2
3223,2364,18,297,0,637,161,6700,1084,7784,0.00470463,-0.140851,-0.99002,2
5984,4420,34,530,0,1118,295,12381,1530,13911,0.000457764,-0.122969,-0.99241,2
3133,2292,17,266,0,579,152,6439,1149,7588,-0.00524828,-0.104009,-0.994563,2
5788,3982,33,468,0,1017,261,11549,2047,13596,-0.00633705,-0.086283,-0.996251,2
5840,3744,32,423,0,733,167,10939,1633,12572,-0.00239971,-0.0854303,-0.996341,2
5797,3584,33,424,0,902,263,11003,1485,12488,-0.00507388,-0.06825,-0.997655,2
4044,2558,22,295,0,652,182,7753,1375,9128,-0.0111047,-0.0566321,-0.998333,2
4759,2970,26,355,0,797,203,9110,1584,10694,0.00204139,-0.0601833,-0.998185,2
5874,3703,30,443,0,909,235,11194,2068,13262,-0.0463894,-0.0544796,-0.997437,2
4154,2104,16,220,0,486,159,7139,1097,8236,-0.0230837,-0.0391355,-0.998967,2
2022,1075,9,127,0,273,72,3578,623,4201,-0.0107186,-0.0365028,-0.999276,2
2152,1296,12,153,0,331,87,4031,880,4911,-0.0225332,-0.0275047,-0.999368,2
5868,3625,31,417,0,887,241,11069,2014,13083,-0.00632679,-0.0268124,-0.99962,2
5808,3642,31,445,0,905,246,11077,1401,12478,-0.00637164,-0.00784578,-0.999949,2
3659,2343,20,295,0,582,156,7055,1293,8348,0.00120451,-0.0095034,-0.999954,2
5724,3808,30,427,0,940,284,11213,1968,13181,-0.00358466,-0.0265165,-0.999642,2
5297,2603,22,330,0,664,148,9064,1029,10093,-0.00387474,-0.0228653,-0.999731,2
2177,1341,11,159,0,341,91,4120,654,4774,-0.00457969,-0.0233846,-0.999716,2
1748,1116,9,142,0,285,76,3376,597,3973,0.000631885,-0.0310533,-0.999518,2
5907,3777,31,452,0,951,253,11371,1973,13344,-0.00531341,-0.0372869,-0.99929,2
5925,3788,31,448,0,947,251,11390,1333,12723,-0.00900577,-0.0360179,-0.999311,2
3696,2479,20,280,0,607,161,7243,1318,8561,-0.00641678,-0.043199,-0.999046,2
5309,3005,25,356,0,824,210,9729,1659,11388,-0.00214664,-0.0548123,-0.998494,2
4795,3017,24,355,0,777,202,9170,1695,10865,-0.0278333,-0.0314928,-0.999116,2
4796,2974,24,353,0,813,233,9193,1646,10839,-0.00665286,-0.0360634,-0.999327,2
5815,3697,29,439,0,985,254,11219,1321,12540,-0.0162267,-0.023042,-0.999603,2
5842,3786,35,468,0,1014,271,11416,1957,13373,-0.0303138,-0.0196598,-0.999347,2
3228,1978,15,239,0,515,105,6080,836,6916,-0.0258409,-0.0151393,-0.999551,2
2071,1333,11,157,0,351,92,4015,739,4754,-0.0219502,-0.0127999,-0.999677,2
5278,3321,27,402,0,855,227,10110,1838,11948,-0.0167442,-0.00769572,-0.99983,2
5926,3784,31,441,0,969,254,11405,1808,13213,-0.0125134,-0.00731191,-0.999895,2
5857,3803,32,463,0,977,259,11391,1472,12863,-0.0177735,-0.0119367,-0.999771,2
3085,2006,17,234,0,521,135,5998,1076,7074,-0.0143324,-0.0195601,-0.999706,2
5932,3817,54,472,0,959,281,11515,2036,13551,-0.0210163,-0.0207231,-0.999564,2
6093,3324,21,310,0,666,185,10599,1011,11610,-0.0106015,-0.0257701,-0.999612,2
2899,1946,15,221,0,500,127,5708,975,6683,-0.0165477,-0.0309911,-0.999383,2
5903,3813,33,441,0,948,245,11383,1937,13320,-0.0251022,-0.0278714,-0.999296,2
6011,3756,29,442,0,942,244,11424,1350,12774,-0.0149338,-0.0282635,-0.999489,2
3134,1957,17,273,0,512,135,6028,1011,7039,-0.00535983,-0.0276656,-0.999603,2
5979,3661,29,434,0,935,248,11286,2078,13364,-0.0059366,-0.0303116,-0.999523,2
4052,2807,20,375,0,646,174,8074,1515,9589,-0.0123997,-0.0216361,-0.999689,2
3803,2333,19,275,0,601,170,7201,1246,8447,-0.0318458,-0.0238801,-0.999207,2
5979,3682,30,432,0,955,248,11326,1990,13316,-0.0296762,-0.0330407,-0.999013,2
5905,3611,29,387,0,641,184,10757,1404,12161,-0.0179161,-0.0260218,-0.999501,2
3101,1880,23,245,0,487,131,5867,1067,6934,-0.014561,-0.028865,-0.999477,2
5940,3616,28,480,0,923,256,11243,2006,13249,-0.0248337,-0.0237493,-0.999409,2
5979,3587,28,427,0,920,243,11184,1779,12963,-0.00916801,-0.014693,-0.99985,2
3237,1545,13,182,0,391,103,5471,863,6334,-0.0113879,-0.019586,-0.999743,2
6003,3613,29,448,0,935,257,11285,2017,13302,-0.018414,-0.0246009,-0.999528,2
3629,1872,15,223,0,485,126,6350,883,7233,-0.0226527,-0.024493,-0.999443,2
2098,1275,11,151,0,329,100,3964,705,4669,-0.0214024,-0.0315477,-0.999273,2
5789,3541,31,423,0,921,242,10947,2002,12949,-0.0178745,-0.0277299,-0.999456,2
4064,2434,31,331,0,635,174,7669,1391,9060,-0.0441893,-0.0217924,-0.998785,2
5887,3507,29,445,0,930,242,11040,1939,12979,-0.0253142,-0.031277,-0.99919,2
5937,3541,30,421,0,928,242,11099,1428,12527,-0.0153852,-0.0267612,-0.999523,2
