Downsample[ns],BuildFilTree[ns],SearchFil[ns],DeleteFil[ns],BuildTreeSub[ns],SearchSub[ns],DeleteSub[ns],PreProcTotal[ns],Plane[ns],Total[ns],nx,ny,nz,planeCount
5304,3838,93,491,0,868,257,10851,2843,13694,0.0606863,-0.0189627,-0.997977,0
3719,2556,27,307,0,600,172,7381,1439,8820,0.0368161,-0.00566995,-0.999306,0
3524,2456,28,333,0,672,173,7186,2175,9361,0.0224544,-0.0136661,-0.999654,0
5224,3566,33,476,0,871,278,10448,1762,12210,0.0324121,-0.00221109,-0.999472,0
3560,2469,24,318,0,579,182,7132,1813,8945,0.026876,-0.00966157,-0.999592,0
4712,3177,28,363,0,754,207,9241,2040,11281,0.0193431,-0.0113185,-0.999749,0
3264,2195,21,268,0,535,146,6429,1756,8185,0.00628001,-0.00342681,-0.999974,0
5126,3483,32,437,0,808,230,10116,2278,12394,0.0450256,-0.00898537,-0.998945,0
4650,3098,29,384,0,754,220,9135,2239,11374,0.00681474,0.00805219,-0.999944,0
4680,3237,39,409,0,745,223,9333,2481,11814,0.0242593,-0.0124659,-0.999628,0
5433,3617,40,425,0,833,177,10525,1843,12368,0.0136249,-0.0118378,-0.999837,0
2214,1696,19,277,0,496,135,4837,1062,5899,0.00592771,-0.000979941,-0.999982,0
3972,2671,25,309,0,617,225,7819,1705,9524,0.0287306,-0.00496796,-0.999575,0
5341,3689,34,417,0,844,231,10556,1546,12102,0.0210129,0.00623987,-0.99976,0
3598,2467,29,285,0,561,183,7123,1949,9072,0.0315477,0.0146557,-0.999395,0
3702,2397,24,319,0,577,181,7200,1736,8936,0.0285142,-0.0143042,-0.999491,0
3343,2196,21,255,0,559,151,6525,1948,8473,0.042478,-0.0153544,-0.998979,0
5436,3503,34,425,0,810,228,10436,2513,12949,0.0304376,-0.0122497,-0.999462,0
5398,3576,35,496,0,848,240,10593,2500,13093,0.0144671,0.0150216,-0.999783,0
3153,1535,14,174,0,346,97,5319,1111,6430,0.0311587,0.0131674,-0.999428,0
1440,945,10,109,0,225,62,2791,1008,3799,0.0288717,0.00174347,-0.999582,0
2158,1422,13,177,0,343,101,4214,1076,5290,0.0346103,-0.00288098,-0.999397,0
5593,3642,34,528,0,863,266,10926,2605,13531,0.0405203,0.00924265,-0.999136,0
5380,3052,25,304,0,562,158,9481,1271,10752,0.0233621,-0.0170552,-0.999582,0
2378,1574,16,195,0,362,105,4630,1153,5783,-0.00148067,-0.0427548,-0.999084,0
5465,3575,35,466,0,933,228,10702,2505,13207,-0.000853753,-0.0318566,-0.999492,0
3384,1890,40,271,0,443,134,6162,1129,7291,0.0174661,0.0090432,-0.999807,0
2399,1116,14,151,0,261,78,4019,874,4893,0.0275513,0.0187068,-0.999445,0
5269,3564,41,464,0,851,243,10432,2743,13175,0.0291554,0.00113718,-0.999574,0
3752,2443,28,287,0,558,166,7234,1838,9072,0.0208311,0.0121702,-0.999709,0
3684,2434,28,290,0,562,168,7166,1768,8934,0.0212984,-0.0126122,-0.999694,0
3564,2466,29,362,0,587,178,7186,1833,9019,0.0231742,-0.0270773,-0.999365,0
4753,3233,31,402,0,762,211,9392,2408,11800,0.0201481,-0.0107477,-0.999739,0
3365,2271,22,291,0,559,151,6659,1836,8495,0.00116887,-0.000392318,-0.999999,0
5657,3524,33,457,0,846,265,10782,2792,13574,-0.0178015,-0.0247789,-0.999534,0
5234,3633,49,454,0,653,165,10188,1770,11958,0.0317055,0.00479637,-0.999486,0
5674,3518,37,492,0,969,237,10927,2268,13195,0.0208453,0.00340887,-0.999777,0
4775,2389,23,286,0,555,156,8184,1480,9664,0.0264557,7.1055e-05,-0.99965,0
2218,1294,15,149,0,287,85,4048,947,4995,0.0205663,-0.014984,-0.999676,0
5335,3645,33,404,0,893,273,10583,2734,13317,0.0158048,0.0108705,-0.999816,0
2940,2153,19,223,0,384,96,5815,1140,6955,0.0283476,-0.0113237,-0.999534,0
1827,1075,12,129,0,245,73,3361,850,4211,0.0235503,0.0176916,-0.999566,0
3403,2203,26,266,0,511,152,6561,1823,8384,0.0260316,-0.0050285,-0.999648,0
5465,3599,35,437,0,789,255,10580,2283,12863,0.0372731,-0.0311111,-0.998821,0
2790,2083,24,336,0,603,181,6017,1380,7397,0.00970706,-0.000884475,-0.999952,0
5172,3523,34,492,0,870,229,10320,2430,12750,0.0248792,-0.0105906,-0.999634,0
5211,3527,34,448,0,823,266,10309,1822,12131,0.0287143,-0.00894667,-0.999548,0
5365,2539,24,276,0,549,157,8910,1535,10445,0.00557161,0.0127981,-0.999903,0
2251,1451,16,172,0,351,96,4337,1023,5360,0.0118851,0.0134803,-0.999839,0
5279,3868,36,458,0,881,294,10816,2394,13210,0.0235095,-0.0124623,-0.999646,0
3580,2472,24,315,0,577,212,7180,1822,9002,0.0311813,0.00377293,-0.999507,0
5294,3726,46,418,0,926,232,10642,2264,12906,0.0131886,-0.00924724,-0.99987,0
3621,2427,24,279,0,592,156,7099,1657,8756,0.0262776,-0.0187622,-0.999479,0
4293,2929,28,392,0,656,188,8486,2492,10978,0.0507044,-0.037805,-0.997998,0
4330,2852,27,328,0,655,186,8378,2112,10490,0.0217227,0.000789155,-0.999764,0
3144,2156,21,271,0,500,140,6232,1654,7886,0.0309674,0.0148873,-0.99941,0
5403,3529,37,495,0,943,244,10651,2075,12726,0.0370222,-0.0473732,-0.998191,0
3654,2410,42,322,0,577,185,7190,1422,8612,0.0422731,-0.0326719,-0.998572,0
5305,3569,34,495,0,820,263,10486,2710,13196,0.0101254,-0.0332195,-0.999397,0
3681,2344,23,275,0,602,158,7083,2263,9346,0.0277329,0.00616597,-0.999596,0
3408,2216,22,294,0,510,166,6616,1618,8234,0.0305468,0.0105448,-0.999478,0
5742,3550,44,489,0,831,231,10887,2598,13485,0.0222032,-0.00293805,-0.999749,0
5959,3470,44,396,0,793,222,10884,1717,12601,0.0296326,-0.0112075,-0.999498,0
2872,1870,19,234,0,428,138,5561,1464,7025,0.0330016,-0.010496,-0.9994,0
3380,2221,22,317,0,568,168,6676,1660,8336,0.0140462,-0.00712314,-0.999876,0
5351,3556,34,420,0,693,159,10213,1772,11985,0.0312522,-0.00223993,-0.999509,0
4736,3131,31,362,0,876,278,9414,2185,11599,0.0175519,-0.0143481,-0.999743,0
3340,2257,26,258,0,522,146,6549,1497,8046,0.0174327,-0.00459549,-0.999837,0
5444,3439,33,408,0,838,259,10421,2286,12707,0.0111536,0.0109075,-0.999878,0
3595,2348,24,272,0,568,161,6968,1870,8838,0.0228297,-0.0333953,-0.999181,0
5361,3669,41,448,0,847,285,10651,2825,13476,0.0224482,-0.00466472,-0.999737,0
5243,3524,41,465,0,849,230,10352,2984,13336,-0.0127985,-0.0331321,-0.999369,0
5420,3635,48,434,0,805,229,10571,1830,12401,0.0131261,-0.00174622,-0.999912,0
2753,1970,18,211,0,423,119,5494,1553,7047,0.0390769,0.0139066,-0.999139,0
4369,3014,28,388,0,707,186,8692,2253,10945,0.0309488,-0.0106295,-0.999464,0
4636,3034,28,363,0,699,189,8949,1789,10738,0.00843602,-0.00836596,-0.999929,0
3124,2143,21,262,0,505,139,6194,1325,7519,0.0407897,0.00852638,-0.999131,0
5276,3579,35,414,0,727,231,10262,2402,12664,0.0216237,-0.0146189,-0.999659,0
4752,3169,45,397,0,761,208,9332,2202,11534,0.0270182,-0.0193293,-0.999448,0
2586,1904,17,229,0,421,133,5290,1410,6700,0.0235708,-0.0158817,-0.999596,0
5342,4173,39,543,0,851,233,11181,2007,13188,0.0258624,-0.0215998,-0.999432,0
3351,2320,21,290,0,561,193,6736,1807,8543,0.0306374,-0.0181412,-0.999366,0
3406,2365,23,323,0,599,170,6886,2522,9408,0.0297664,0.0129957,-0.999472,0
3314,2480,23,293,0,575,150,6835,1589,8424,0.0115325,-0.00738197,-0.999906,0
5389,3481,55,411,0,737,210,10283,1593,11876,0.0336298,-0.00912939,-0.999393,0
3344,2284,26,310,0,585,149,6698,1689,8387,0.0214132,-0.00131233,-0.99977,0
3855,2678,25,300,0,601,168,7627,2121,9748,0.0251831,-0.018694,-0.999508,0
4243,2635,25,320,0,613,176,8012,1386,9398,0.0286895,0.00749687,-0.99956,0
5658,3488,39,451,0,846,226,10708,1918,12626,0.0175563,-0.00645215,-0.999825,0
5244,3621,41,430,0,869,226,10431,1795,12226,0.0374702,0.00778429,-0.999267,0
2723,1860,17,238,0,428,137,5403,1379,6782,0.0181769,-0.0106688,-0.999778,0
5435,3467,31,448,0,859,226,10466,2303,12769,0.0268805,-0.00973282,-0.999591,0
4782,3255,39,418,0,741,235,9470,1886,11356,-0.00842465,-0.0161669,-0.999834,0
5360,3505,52,436,0,855,239,10447,2606,13053,0.0202081,-0.0111431,-0.999734,0
6238,3395,36,522,0,834,270,11295,1722,13017,0.0147201,-0.0036078,-0.999885,0
2736,1469,15,168,0,336,95,4819,1222,6041,0.029326,-0.000351842,-0.99957,0
4684,3121,32,394,0,744,258,9233,2100,11333,-0.00641755,-0.0343454,-0.999389,0
3334,2190,22,280,0,520,143,6489,1738,8227,0.0299687,-0.0119847,-0.999479,0
5252,3431,34,440,0,805,264,10226,2171,12397,0.0178156,-0.00823596,-0.999807,0
3657,2303,24,298,0,551,154,6987,1708,8695,0.0165511,-0.000251141,-0.999863,0
4758,3064,32,394,0,702,222,9172,2347,11519,0.0274437,-0.000803085,-0.999623,0
3344,2116,22,294,0,504,168,6448,1672,8120,0.0384602,-0.0437966,-0.9983,0
5385,3598,38,447,0,955,282,10705,2642,13347,0.0375037,-0.0226862,-0.999039,0
3441,2001,22,273,0,475,149,6361,1806,8167,0.0193375,-0.00591223,-0.999796,0
3343,1912,24,237,0,472,148,6136,2487,8623,0.0279246,-0.0109714,-0.99955,0
5769,3027,36,433,0,713,198,10176,1774,11950,0.0323282,0.0133099,-0.999389,0
2752,1524,17,205,0,382,122,5002,1414,6416,0.0203751,-0.015183,-0.999677,0
5696,2808,33,387,0,736,192,9852,2147,11999,0.0227628,-0.0130039,-0.999656,0
4703,2346,32,323,0,575,157,8136,1931,10067,0.0308482,-0.00469343,-0.999513,0
4251,2166,26,255,0,493,141,7332,1965,9297,0.0263882,-0.00446325,-0.999642,0
5685,3115,31,303,0,615,187,9936,2358,12294,0.0380033,0.0418808,-0.9984,0
5168,2770,39,456,0,763,216,9412,1904,11316,0.025231,0.0323753,-0.999157,0
3752,1712,21,212,0,484,119,6300,1677,7977,0.0227794,0.0502221,-0.998478,0
6096,2848,42,382,0,675,209,10252,2362,12614,0.0183274,0.0780051,-0.996784,0
3770,1866,22,238,0,429,112,6437,1468,7905,-0.0184441,0.0822942,-0.996437,0
5382,2323,27,301,0,542,162,8737,2169,10906,-0.0845874,0.00643873,-0.996395,0
4895,2248,33,293,0,511,151,8131,1836,9967,-0.0147381,0.0812358,-0.996586,0
4998,2188,27,271,0,478,128,8090,1343,9433,-0.0103216,0.140874,-0.989974,0
3208,1301,17,174,0,318,102,5120,1754,6874,0.00529707,0.210416,-0.977598,0
5362,2171,31,295,0,531,176,8566,2232,10798,0.0402992,0.183716,-0.982153,0
5950,2080,32,276,0,567,163,9068,1614,10682,0.0451483,0.151852,-0.987372,0
4071,1480,22,212,0,375,95,6255,1501,7756,0.0665115,0.117243,-0.990874,0
3675,1418,19,181,0,320,124,5737,1551,7288,0.0558205,0.127265,-0.990297,0
4281,1739,24,233,0,418,114,6809,1807,8616,0.0582246,0.0981663,-0.993465,0
5496,2118,32,286,0,505,147,8584,2209,10793,0.0629837,0.117496,-0.991074,0
3697,1657,21,210,0,354,107,6046,1278,7324,0.0712405,0.160514,-0.984459,0
2774,1096,15,155,0,264,84,4388,1231,5619,0.0538592,0.12447,-0.990761,0
4439,2029,27,259,0,440,148,7342,2072,9414,0.0889102,0.145106,-0.985413,0
4513,1708,31,218,0,424,127,7021,1988,9009,0.0590926,0.173944,-0.982981,0
4371,1854,31,215,0,397,133,7001,1742,8743,0.0666873,0.130018,-0.989266,0
3029,1170,19,166,0,291,105,4780,1732,6512,0.0373804,0.134271,-0.990239,0
4221,1458,30,197,0,365,117,6388,2567,8955,0.0352332,0.16782,-0.985188,0
4010,1370,28,187,0,356,99,6050,2269,8319,0.0218669,0.152438,-0.988071,0
4415,1461,28,191,0,365,129,6589,2454,9043,0.0416946,0.0952591,-0.994579,0
4363,1229,30,219,0,486,138,6465,1615,8080,0.0362635,0.107097,-0.993587,0
2291,596,15,81,0,156,47,3186,1170,4356,0.0445174,0.116228,-0.992224,0
4674,989,26,168,0,293,88,6238,2173,8411,0.0425169,0.143276,-0.988769,0
4075,980,26,143,0,250,74,5548,1998,7546,0.0290291,0.147271,-0.98867,0
3867,1091,26,149,0,295,91,5519,2215,7734,0.0398732,0.135627,-0.989957,0
3987,1256,33,158,0,285,106,5825,1964,7789,0.0447515,0.129254,-0.990601,0
2320,698,15,110,0,178,52,3373,1277,4650,0.0415705,0.105551,-0.993545,0
4692,1605,33,230,0,451,119,7130,2435,9565,0.0103111,0.152353,-0.988272,0
4603,1913,27,289,0,466,148,7446,2557,10003,0.00343209,0.210186,-0.977655,0
4724,2306,39,369,0,590,203,8231,2318,10549,-0.00717632,0.260192,-0.96553,0
4781,2641,27,395,0,656,231,8731,2076,10807,0.0144047,0.196519,-0.980394,0
3443,2030,25,263,0,476,160,6397,1712,8109,0.021899,0.232435,-0.972365,0
4879,3139,26,415,0,753,241,9453,2146,11599,0.0412386,0.19464,-0.980008,0
3227,2370,18,333,0,534,173,6655,1733,8388,0.0218466,0.227405,-0.973555,0
5307,3943,26,447,0,811,253,10787,1644,12431,0.0274028,0.170005,-0.985062,0
3488,3061,26,357,0,663,180,7775,1484,9259,0.0321166,0.176548,-0.983768,0
4373,4241,25,520,0,925,273,10357,1792,12149,0.0491529,0.134418,-0.989705,0
4068,4175,23,503,0,910,281,9960,1689,11649,0.0660779,0.141906,-0.987672,0
5739,5821,30,670,0,1284,360,13904,2373,16277,0.0448073,0.210602,-0.976544,0
3173,2824,13,312,0,575,168,7065,822,7887,0.0281737,0.170441,-0.984965,0
1958,1664,9,172,0,365,104,4272,568,4840,0.0237863,0.105378,-0.994148,0
6310,5675,30,671,0,1031,262,13979,1525,15504,0.0193469,0.144388,-0.989332,0
3339,2909,16,345,0,719,207,7535,1092,8627,0.0281852,0.129832,-0.991135,0
6136,4706,27,549,0,1608,304,13330,1332,14662,-0.017259,0.232552,-0.972431,0
3038,2070,13,229,0,501,130,5981,728,6709,0.0125307,0.166469,-0.985967,0
1824,1499,10,163,0,381,106,3983,561,4544,0.0246235,0.118541,-0.992644,0
1715,1341,10,159,0,344,94,3663,615,4278,0.0157653,0.122255,-0.992374,0
5272,3874,26,506,0,962,272,10912,1899,12811,0.00377705,0.126803,-0.991921,0
5815,3929,37,471,0,970,288,11510,1481,12991,-0.0155263,0.212108,-0.977123,0
3112,2066,17,249,0,410,120,5974,906,6880,-0.0254077,0.142076,-0.98953,0
2217,1386,11,158,0,331,88,4191,807,4998,-0.0185003,0.117202,-0.992936,0
5430,3474,30,411,0,817,222,10384,2072,12456,-0.0311225,0.130208,-0.990998,0
5253,3420,25,387,0,813,219,10117,1418,11535,-0.0244737,0.144512,-0.9892,0
2819,1900,15,230,0,447,136,5547,1075,6622,-0.0257805,0.111126,-0.993472,0
5444,3467,25,380,0,791,213,10320,2001,12321,-0.0209562,0.170404,-0.985151,0
3417,2256,19,311,0,541,175,6719,1488,8207,-0.000470437,0.139756,-0.990186,0
5459,3221,24,350,0,727,200,9981,1617,11598,-0.00610547,0.149019,-0.988816,0
3363,2091,18,246,0,495,147,6360,2043,8403,-0.00773132,0.0817338,-0.996624,0
4425,2691,22,335,0,673,184,8330,2023,10353,-0.000814392,0.0745087,-0.99722,0
3028,1798,16,214,0,459,128,5643,1461,7104,-0.0188671,0.0968244,-0.995123,0
4409,2736,30,424,0,762,208,8569,1921,10490,-0.0184174,0.134255,-0.990776,0
4111,2461,23,351,0,606,165,7717,1767,9484,-0.0244449,0.113199,-0.993272,0
4464,2772,30,369,0,685,211,8531,1584,10115,-0.0118636,0.145047,-0.989354,0
3040,1950,17,272,0,502,128,5909,1754,7663,0.0145565,0.1775,-0.984013,0
4022,2562,26,346,0,629,176,7761,2178,9939,0.0293351,0.164192,-0.985992,0
4053,2777,21,372,0,696,178,8097,1988,10085,0.0161599,0.221866,-0.974943,0
4195,2815,22,353,0,703,200,8288,2394,10682,0.00415547,0.169164,-0.985579,0
4151,3195,23,380,0,665,229,8643,2221,10864,-0.000287042,0.217088,-0.976152,0
3229,2445,26,310,0,513,141,6664,1500,8164,0.0204741,0.213664,-0.976693,0
3461,2653,17,283,0,581,169,7164,1491,8655,0.0231011,0.19105,-0.981308,0
3096,2512,17,298,0,557,170,6650,1474,8124,0.00435576,0.153876,-0.98808,0
3146,2484,18,293,0,586,150,6677,1663,8340,0.0309713,0.112139,-0.99321,0
3156,2515,16,297,0,596,154,6734,1395,8129,-0.00631176,0.135099,-0.990812,0
4703,3641,25,448,0,816,273,9906,2343,12249,-0.00594305,0.152681,-0.988258,0
3142,2509,17,293,0,590,166,6717,1874,8591,0.000718032,0.154135,-0.98805,0
5017,3862,47,499,0,886,277,10588,2340,12928,-0.00897737,0.18388,-0.982908,0
3226,2839,18,321,0,641,183,7228,1919,9147,-0.0136472,0.147804,-0.988922,0
5031,3583,26,443,0,799,226,10108,2217,12325,-0.0286907,0.143309,-0.989262,0
4126,3442,28,414,0,710,230,8950,2587,11537,-0.097086,0.112128,-0.98894,0
4224,3271,22,395,0,718,219,8849,1905,10754,-0.0827364,0.234154,-0.968673,0
3806,3057,26,415,0,648,192,8144,1722,9866,-0.0826389,0.259315,-0.962251,0
5666,3910,37,477,0,847,248,11185,1393,12578,-0.0754187,0.233336,-0.969467,0
3226,2450,21,268,0,544,153,6662,1436,8098,-0.0675547,0.219212,-0.973336,0
4625,3565,31,387,0,872,236,9716,1686,11402,-0.0518225,0.258933,-0.964504,0
3356,2254,22,267,0,516,156,6571,1563,8134,-0.0395568,0.25623,-0.965806,0
5072,2939,35,412,0,661,224,9343,2200,11543,-0.0347242,0.234639,-0.971462,0
4536,2496,30,337,0,604,170,8173,2184,10357,-0.0130099,0.251974,-0.967647,0
3268,1899,27,233,0,406,117,5950,1604,7554,-0.0526753,0.263416,-0.963243,0
4128,2318,25,269,0,518,148,7406,1931,9337,-0.0365994,0.285726,-0.957612,0
4515,2682,43,360,0,583,160,8343,2029,10372,-0.0989282,0.264852,-0.959201,0
4249,2789,39,385,0,633,200,8295,1837,10132,-0.101632,0.262894,-0.959457,0
4654,2789,22,334,0,615,130,8544,1589,10133,-0.0826621,0.282936,-0.95557,0
2465,1670,14,185,0,371,103,4808,1185,5993,-0.0748941,0.180907,-0.980644,0
5225,4220,29,394,0,788,221,10877,2427,13304,-0.0286727,0.219168,-0.975266,0
3470,2221,20,257,0,505,141,6614,2356,8970,0.00138875,0.240611,-0.970621,0
4953,3160,28,350,0,744,205,9440,2194,11634,0.00567542,0.232138,-0.972666,0
5052,2564,28,338,0,597,171,8750,2433,11183,-0.0279807,0.117685,-0.992657,0
2415,1185,15,146,0,267,77,4105,1210,5315,-0.00584603,0.0754999,-0.997129,0
4814,2260,29,299,0,574,157,8133,2312,10445,-0.033213,0.0475085,-0.998319,0
4787,2696,28,342,0,632,224,8709,3351,12060,0.0144078,0.161451,-0.986776,0
3382,1458,20,178,0,345,104,5487,1302,6789,0.0234124,0.100443,-0.994667,0
1674,829,11,98,0,208,66,2886,791,3677,0.0342181,0.0979072,-0.994607,0
3299,1488,25,239,0,395,102,5548,1640,7188,0.0585806,0.152893,-0.986505,0
5084,1912,30,242,0,522,147,7937,1638,9575,0.0676883,0.186458,-0.980128,0
4255,1271,21,159,0,325,91,6122,1693,7815,0.0397672,0.186756,-0.981601,0
4553,1510,26,232,0,377,110,6808,2291,9099,0.0156242,0.199907,-0.97969,0
5228,1551,29,199,0,374,107,7488,2445,9933,0.00519345,0.174391,-0.984663,0
3542,987,21,135,0,278,82,5045,2033,7078,0.0147157,0.17858,-0.983815,0
3401,913,20,147,0,264,83,4828,1663,6491,0.0123845,0.193878,-0.980947,0
4275,1230,32,178,0,400,93,6208,1952,8160,0.0238218,0.160783,-0.986702,0
4197,1182,26,200,0,295,87,5987,2122,8109,0.0313498,0.168195,-0.985255,0
7214,1765,26,182,0,337,91,9615,1330,10945,0.0257901,0.165098,-0.98594,0
1951,605,13,80,0,179,46,2874,1034,3908,0.0199581,0.0994555,-0.994842,0
4757,1698,30,224,0,407,160,7276,2560,9836,0.0430481,0.163906,-0.985536,0
4818,1967,46,242,0,461,135,7669,1915,9584,0.0394138,0.170322,-0.9846,0
3334,1490,21,196,0,371,163,5575,1694,7269,0.0296467,0.149838,-0.988266,0
4941,2470,29,292,0,555,160,8447,2501,10948,-0.00691428,0.238631,-0.971086,0
3944,1995,26,252,0,439,105,6761,1415,8176,0.00114478,0.21466,-0.976688,0
2167,1395,14,157,0,316,86,4135,1187,5322,0.0058945,0.162165,-0.986746,0
3534,2465,22,307,0,611,166,7105,2006,9111,0.000148315,0.125883,-0.992045,0
5912,4029,30,565,0,917,267,11720,2295,14015,0.0124491,0.159683,-0.98709,0
3899,3599,21,390,0,747,195,8851,1560,10411,0.0141233,0.139764,-0.990084,0
4746,4259,23,504,0,984,258,10774,1882,12656,0.0594364,0.150972,-0.98675,0
3949,3370,16,401,0,766,198,8700,1410,10110,0.0421378,0.139396,-0.98934,0
4650,4040,22,477,0,994,271,10454,1653,12107,0.00842117,0.123475,-0.992312,0
6948,5500,36,640,0,1270,245,14639,1525,16164,0.0123858,0.132455,-0.991112,0
3496,2912,16,305,0,671,170,7570,1161,8731,-0.0113847,0.088907,-0.995975,0
3224,2834,16,334,0,648,179,7235,1240,8475,-0.0287525,0.105306,-0.994024,0
6201,4862,26,596,0,1216,326,13227,1839,15066,-0.0207596,0.100862,-0.994684,0
3073,2311,14,274,0,557,182,6411,1229,7640,-0.0249766,0.111364,-0.993466,0
3491,2132,17,285,0,509,151,6585,1128,7713,-0.0282227,0.124795,-0.991781,0
5602,3591,28,408,0,876,230,10735,3046,13781,-0.0181016,0.119457,-0.992674,0
5772,3526,34,460,0,905,249,10946,1521,12467,-0.0127105,0.124687,-0.992115,0
2931,1919,15,233,0,470,123,5691,1094,6785,-0.0112793,0.131456,-0.991258,0
5615,3804,38,481,0,921,256,11115,2116,13231,-0.0275153,0.121664,-0.99219,0
3920,2791,23,325,0,644,185,7888,1465,9353,-0.0121904,0.131036,-0.991303,0
5120,3819,32,470,0,884,245,10570,1948,12518,-0.011945,0.124392,-0.992161,0
3588,2845,23,300,0,632,174,7562,1327,8889,-0.0193643,0.125686,-0.991881,0
5574,3977,29,438,0,932,266,11216,2144,13360,0.0321587,0.229572,-0.97276,0
3257,2002,18,252,0,474,145,6148,946,7094,0.0277412,0.194255,-0.980559,0
1887,1298,13,148,0,311,96,3753,792,4545,-0.00515024,0.122967,-0.992397,0
2797,2028,15,247,0,454,144,5685,1259,6944,0.0106809,0.188202,-0.982072,0
5007,3710,27,417,0,845,246,10252,2148,12400,-0.00135357,0.27226,-0.962223,0
3315,2571,21,290,0,584,169,6950,1529,8479,-0.00524435,0.265635,-0.964059,0
5098,3803,59,482,0,928,251,10621,1815,12436,-0.0075996,0.364031,-0.931356,0
3363,2746,17,290,0,594,164,7174,1483,8657,-0.00593306,0.317378,-0.94828,0
4970,4285,33,499,0,888,254,10929,2290,13219,-0.0357907,0.353697,-0.934675,0
3450,2688,65,300,0,583,172,7258,1751,9009,-0.0343345,0.316023,-0.94813,0
4456,3592,28,396,0,750,211,9433,2242,11675,-0.0122968,0.409176,-0.912373,0
3223,2676,28,340,0,630,160,7057,1539,8596,0.0313601,0.311626,-0.949687,0
5102,3947,60,450,0,894,260,10713,2794,13507,0.0385221,0.31908,-0.946945,0
5042,3947,51,343,0,753,210,10346,1588,11934,0.0638878,0.315432,-0.946795,0
5237,3610,36,449,0,931,275,10538,2686,13224,0.0188373,0.436547,-0.899484,0
2813,1876,18,215,0,458,95,5475,975,6450,0.0312148,0.356451,-0.933793,0
3730,2499,24,281,0,537,131,7202,1231,8433,-0.0136655,0.305888,-0.951969,0
3174,2075,31,246,0,464,139,6129,1361,7490,-0.0465389,0.325879,-0.944265,0
5865,3397,31,461,0,799,237,10790,2521,13311,-0.0623505,0.325676,-0.943423,0
4850,2203,25,262,0,522,156,8018,1899,9917,-0.0717287,0.34744,-0.934955,0
5193,2877,29,359,0,697,210,9365,1705,11070,-0.00170212,0.289031,-0.957318,0
3358,1657,18,225,0,378,107,5743,1585,7328,0.037898,0.227693,-0.972995,0
5070,2369,35,302,0,570,150,8496,4563,13059,0.0261773,0.288818,-0.957026,0
2595,1155,14,138,0,296,77,4275,1030,5305,0.0144308,0.206445,-0.978352,0
1820,790,11,109,0,181,52,2963,868,3831,0.00940804,0.16696,-0.985919,0
4133,1529,20,176,0,359,97,6314,1833,8147,0.0152057,0.230405,-0.972976,0
4617,1768,28,220,0,491,122,7246,2301,9547,0.0337537,0.219231,-0.975089,0
3499,1247,20,146,0,460,100,5472,1543,7015,0.0234203,0.242202,-0.969943,0
3156,958,17,130,0,345,74,4680,1555,6235,0.0174557,0.18163,-0.983212,0
5800,1592,34,215,0,457,116,8214,2484,10698,0.0173236,0.182106,-0.983126,0
4777,1632,25,186,0,414,106,7140,1855,8995,0.0166732,0.15956,-0.987047,0
2970,1178,19,174,0,313,83,4737,1492,6229,-0.00190908,0.212986,-0.977053,0
5652,1984,27,287,0,475,161,8586,2314,10900,0.031459,0.142662,-0.989271,0
4989,2077,31,292,0,515,143,8047,1589,9636,0.0350385,0.135711,-0.990129,0
2559,1172,16,163,0,291,101,4302,1297,5599,0.0286685,0.176019,-0.983969,0
4952,2498,31,338,0,587,201,8607,2396,11003,0.0364234,0.149302,-0.988121,0
5217,2687,32,355,0,616,199,9106,1771,10877,0.013115,0.215153,-0.976492,0
3474,2177,21,268,0,450,143,6533,1896,8429,0.0185576,0.149925,-0.988523,0
3471,2147,20,257,0,518,152,6565,1910,8475,-0.0288972,0.194986,-0.98038,0
5606,3150,27,384,0,685,236,10088,2137,12225,-0.00919596,0.195043,-0.980752,0
3406,2281,20,247,0,544,164,6662,1830,8492,0.00401763,0.175692,-0.984437,0
4261,3425,41,354,0,667,184,8932,2191,11123,0.0143644,0.12355,-0.992234,0
4834,4216,29,406,0,774,213,10472,2076,12548,0.0733706,0.125321,-0.9894,0
3492,2606,19,283,0,588,169,7157,1588,8745,0.0411927,0.184803,-0.981912,0
2843,2079,21,228,0,420,111,5702,998,6700,0.0658754,0.113013,-0.991407,0
1968,1608,10,171,0,372,98,4227,859,5086,0.0711013,0.112958,-0.991053,0
6202,4967,26,518,0,1053,287,13053,2293,15346,0.0529758,0.0985419,-0.993722,0
5771,4081,27,444,0,826,179,11328,1816,13144,0.00838792,0.163093,-0.986575,0
2883,2080,22,332,0,513,131,5961,1258,7219,-0.0139986,0.0944535,-0.995431,0
5538,3847,33,439,0,905,254,11016,2717,13733,-0.0161874,0.105901,-0.994245,0
5463,3544,33,410,0,848,234,10532,1983,12515,-0.0332384,0.0614878,-0.997554,0
3736,2370,29,338,0,565,149,7187,1648,8835,-0.0232295,-0.00302894,-0.999726,0
4824,2963,31,342,0,706,200,9066,2061,11127,0.000930576,0.0192773,-0.999814,0
4970,3052,33,436,0,800,215,9506,2217,11723,0.00532251,0.0168502,-0.999844,0
3465,2147,19,270,0,531,140,6572,1485,8057,-0.00138366,0.0196675,-0.999806,0
5455,3387,29,411,0,848,217,10347,2419,12766,-0.021286,0.0458553,-0.998721,0
5572,3351,31,395,0,791,218,10358,2560,12918,-0.0145032,0.147167,-0.989005,0
3656,1868,15,202,0,422,120,6283,996,7279,-0.0160219,0.0361001,-0.99922,0
1962,1243,11,138,0,299,79,3732,850,4582,-0.0238956,0.0469756,-0.99861,0
2830,1800,15,205,0,431,120,5401,1231,6632,-0.0215913,0.0655786,-0.997614,0
5432,3540,27,469,0,894,235,10597,1980,12577,-0.0184166,0.0473466,-0.998709,0
5400,3711,29,480,0,860,239,10719,2334,13053,-0.0117661,0.076099,-0.997031,0
4987,3189,26,355,0,731,202,9490,1402,10892,-0.00831179,0.0472499,-0.998849,0
2568,1824,14,208,0,413,115,5142,1161,6303,-0.00942405,0.0908639,-0.995819,0
6321,3811,27,545,0,913,270,11887,2351,14238,-0.00761121,0.21074,-0.977512,0
3655,2614,15,249,0,485,146,7164,1217,8381,-0.0121514,0.161886,-0.986735,0
1764,1394,10,168,0,338,87,3761,724,4485,-0.016751,0.0823085,-0.996466,0
1621,1293,10,139,0,301,87,3451,742,4193,-0.0128063,0.131389,-0.991248,0
4580,3391,22,387,0,762,255,9397,2023,11420,-0.0275457,0.174977,-0.984187,0
5069,3942,26,463,0,936,236,10672,2268,12940,0.00131115,0.329487,-0.944159,0
5063,3644,27,402,0,871,229,10236,1715,11951,0.0145687,0.380583,-0.924632,0
2517,1828,12,171,0,332,91,4951,910,5861,0.0154535,0.318472,-0.947806,0
3362,2360,17,286,0,509,144,6678,1143,7821,-0.00081496,0.253546,-0.967323,0
2935,2157,16,266,0,511,138,6023,1386,7409,0.00668817,0.254045,-0.967169,0
4916,3401,27,388,0,769,215,9716,2237,11953,0.0196706,0.249281,-0.968231,0
4336,3182,24,423,0,717,214,8896,2017,10913,0.032621,0.268236,-0.962801,0
3148,2644,24,302,0,590,161,6869,1452,8321,0.0229059,0.255059,-0.966654,0
3246,2719,24,304,0,530,148,6971,1318,8289,0.0420652,0.2433,-0.969038,0
3922,2850,28,352,0,678,180,8010,1774,9784,0.0479615,0.218462,-0.974666,0
6487,3374,33,440,0,859,264,11457,1495,12952,0.0320121,0.187381,-0.981766,0
2709,1754,19,234,0,423,128,5267,1157,6424,0.0170636,0.155256,-0.987727,0
5573,2902,35,355,0,707,201,9773,2238,12011,-0.00186611,0.163394,-0.986559,0
4833,3158,38,424,0,737,207,9397,1859,11256,-0.0293676,0.182952,-0.982683,0
3181,2153,26,263,0,564,151,6338,1418,7756,0.000141611,0.169254,-0.985572,0
4258,2232,27,273,0,538,156,7484,1408,8892,0.0215028,0.165377,-0.985996,0
4167,2829,27,347,0,702,188,8260,1721,9981,0.0414407,0.139677,-0.98933,0
5137,3661,31,492,0,936,266,10523,1476,11999,0.0450678,0.152023,-0.987349,0
3526,2380,23,286,0,583,157,6955,1480,8435,0.0385037,0.132139,-0.990483,0
3716,2444,23,281,0,575,156,7195,1514,8709,0.0453764,0.121499,-0.991554,0
3429,2460,24,310,0,594,156,6973,1460,8433,0.0495271,0.11734,-0.991856,0
5105,3680,34,464,0,882,232,10397,2110,12507,0.0508786,0.0932741,-0.99434,0
3507,2901,29,484,0,576,162,7659,1342,9001,0.0407943,0.114945,-0.992534,0
3914,2911,27,348,0,703,183,8086,1665,9751,0.0446264,0.14243,-0.988798,0
4136,4135,35,490,0,1025,279,10100,2652,12752,0.0324547,0.122957,-0.991881,0
3007,2049,21,277,0,492,135,5981,1254,7235,0.0487156,0.131086,-0.990173,0
5108,3361,33,453,0,830,223,10008,2074,12082,0.0558561,0.123595,-0.990759,0
5047,3431,34,457,0,834,220,10023,1649,11672,0.0586785,0.121348,-0.990874,0
3238,2175,22,305,0,535,144,6419,1435,7854,0.0501342,0.108913,-0.992786,0
5282,3408,36,456,0,877,235,10294,2376,12670,0.0563797,0.118085,-0.991402,0
3585,2345,24,305,0,594,148,7001,1454,8455,0.0672107,0.112937,-0.991326,0
3654,2315,24,278,0,610,147,7028,1585,8613,0.0748387,0.119953,-0.989955,0
4571,2939,45,347,0,730,196,8828,1904,10732,0.0568647,0.0902793,-0.994292,0
4611,2915,36,417,0,726,199,8904,2030,10934,0.0304924,0.0701714,-0.997069,0
3319,2120,58,293,0,523,145,6458,1832,8290,0.00944429,0.0862523,-0.996229,0
5096,3087,32,338,0,679,183,9415,1973,11388,0.0111095,0.0645141,-0.997855,0
5513,3227,35,381,0,759,211,10126,2427,12553,0.0289438,0.0201002,-0.999379,0
5055,3228,42,438,0,806,225,9794,2419,12213,0.0306942,0.12124,-0.992149,0
4727,2853,30,338,0,689,186,8823,1871,10694,0.0266137,0.120328,-0.992377,0
4637,3992,39,539,0,965,234,10406,2056,12462,0.0420193,0.122168,-0.99162,0
3292,2074,22,275,0,513,134,6310,1352,7662,0.0307318,0.115952,-0.992779,0
5114,3261,35,416,0,844,210,9880,2195,12075,0.013931,0.123683,-0.992224,0
3582,2233,34,298,0,535,168,6850,1564,8414,0.0125749,0.109086,-0.993953,0
4905,2847,31,395,0,711,215,9104,1942,11046,0.00945853,0.117407,-0.993039,0
4680,2834,32,431,0,723,215,8915,2039,10954,0.0158186,0.100916,-0.994769,0
2544,1678,18,220,0,387,123,4970,1011,5981,0.0245095,0.0862372,-0.995973,0
4716,2873,33,341,0,689,191,8843,3004,11847,0.0405092,-0.0252956,-0.998859,0
3258,2055,22,250,0,492,139,6216,1947,8163,0.0171598,-0.0224246,-0.999601,0
4886,2917,47,343,0,689,192,9074,2898,11972,0.0305857,-0.00828423,-0.999498,0
4789,2849,30,338,0,687,190,8883,2605,11488,0.0266849,0.112162,-0.993332,0
5277,2959,31,345,0,758,192,9562,2031,11593,0.0275103,0.126628,-0.991569,0
4536,3001,32,361,0,699,189,8818,1361,10179,0.0426164,0.110517,-0.99296,0
4125,2340,27,284,0,584,155,7515,1580,9095,0.0378267,0.107687,-0.993465,0
4569,2886,31,390,0,706,202,8784,2033,10817,0.0301227,0.0958982,-0.994935,0
3404,2015,17,195,0,394,106,6131,1492,7623,0.0310604,0.116329,-0.992725,0
1762,1104,12,129,0,284,78,3369,621,3990,0.0366622,0.115354,-0.992648,0
2573,1945,20,252,0,477,130,5397,1305,6702,0.030972,0.102686,-0.994232,0
4701,2917,32,383,0,753,200,8986,1993,10979,0.0370175,0.0753835,-0.996467,0
4554,2887,30,378,0,708,215,8772,2838,11610,0.0243496,0.130726,-0.991119,0
5200,3224,60,396,0,768,223,9871,2132,12003,0.0299584,0.114183,-0.993008,0
3453,2184,29,271,0,526,152,6615,1411,8026,0.0316116,0.107173,-0.993738,0
5211,3243,42,444,0,836,234,10010,1455,11465,0.0137117,0.112038,-0.993609,0
4572,2947,38,399,0,745,222,8923,2062,10985,0.0229169,0.0970621,-0.995014,0
5058,2999,35,352,0,804,255,9503,2021,11524,0.0248715,0.096679,-0.995005,0
3211,2084,26,280,0,498,155,6254,2106,8360,0.0172965,0.0518674,-0.998504,0
2526,1589,24,188,0,382,106,4815,1297,6112,0.0211714,0.1325,-0.990957,0
5065,3311,30,384,0,830,216,9836,2021,11857,0.0118941,0.117017,-0.993059,0
5037,3308,32,355,0,777,238,9747,2163,11910,0.0298067,0.113803,-0.993056,0
4702,2935,31,417,0,724,193,9002,1579,10581,0.022562,0.110769,-0.99359,0
4059,2732,27,354,0,676,195,8043,1646,9689,0.0242988,0.112444,-0.993361,0
4586,2958,30,386,0,801,210,8971,1819,10790,0.0186919,0.106761,-0.994109,0
3309,2109,27,282,0,510,153,6390,1379,7769,0.0196614,0.105863,-0.994186,0
3230,2121,23,267,0,503,147,6291,1313,7604,0.0238574,0.0935421,-0.995329,0
5100,3226,44,449,0,810,235,9864,1982,11846,0.0189673,0.0646859,-0.997725,0
3195,2020,22,243,0,489,138,6107,1556,7663,0.0371735,-0.00452713,-0.999299,0
5484,3250,42,443,0,797,247,10263,2614,12877,0.0246215,0.0981297,-0.994869,0
4627,2984,48,393,0,733,207,8992,1894,10886,0.0217111,0.0960589,-0.995139,0
4581,2877,30,392,0,715,191,8786,2052,10838,0.0258234,0.0847606,-0.996067,0
5554,3433,39,403,0,827,229,10485,1904,12389,0.0326228,0.124855,-0.991639,0
3472,2216,29,287,0,549,203,6756,1440,8196,0.0259491,0.129851,-0.991194,0
4516,2951,32,382,0,715,190,8786,1869,10655,0.0195187,0.123715,-0.992126,0
5721,3364,46,414,0,793,237,10575,2026,12601,0.0170276,0.132736,-0.991005,0
3446,1698,18,222,0,426,127,5937,1198,7135,0.0230107,0.107022,-0.99399,0
1809,1147,13,148,0,283,75,3475,749,4224,0.0250342,0.102726,-0.994395,0
4558,2972,31,377,0,712,195,8845,1830,10675,0.0172299,0.113633,-0.993373,0
4673,2953,31,394,0,708,220,8979,1802,10781,0.0264888,0.112287,-0.993323,0
3227,2089,22,290,0,510,157,6295,1296,7591,0.0328583,0.10279,-0.99416,0
5038,3263,37,385,0,763,233,9719,1578,11297,0.0299013,0.101833,-0.994352,0
3492,2222,25,260,0,524,142,6665,1519,8184,0.0194504,0.10965,-0.99378,0
4676,2983,34,401,0,724,220,9038,1848,10886,0.0221512,0.107975,-0.993907,0
4607,2959,32,413,0,759,222,8992,1592,10584,0.019883,0.0972674,-0.99506,0
3210,2084,22,274,0,534,153,6277,1353,7630,0.0187259,0.112334,-0.993494,0
5063,3165,35,380,0,796,230,9669,2031,11700,0.0163589,0.101402,-0.994711,0
3537,2191,23,260,0,615,146,6772,1437,8209,0.0144611,0.097358,-0.995144,0
4979,2879,31,398,0,690,188,9165,1984,11149,0.0189741,0.110744,-0.993668,0
3227,2119,31,244,0,493,160,6274,1308,7582,0.0301147,0.101033,-0.994427,0
5014,3313,32,380,0,783,209,9731,1798,11529,0.028053,0.0979485,-0.994796,0
2685,1736,25,215,0,406,116,5183,1077,6260,0.0225215,0.0980329,-0.994928,0
2656,1720,19,230,0,431,129,5185,1096,6281,0.0160358,0.118171,-0.992864,0
5063,3253,34,442,0,800,247,9839,2074,11913,0.0235169,0.0994159,-0.994768,0
5084,3636,40,415,0,796,224,10195,1638,11833,0.0227666,0.0986593,-0.994861,0
5025,3268,40,466,0,831,227,9857,1408,11265,0.0244295,0.0973954,-0.994946,0
2620,1693,21,206,0,402,116,5058,1243,6301,0.0262926,0.0915395,-0.995454,0
5234,3327,35,399,0,795,245,10035,3311,13346,0.0451241,0.116284,-0.99219,0
3556,2618,31,400,0,783,197,7585,2313,9898,0.0406519,0.103466,-0.993802,0
3466,2159,23,261,0,526,141,6576,1652,8228,0.0481793,0.102138,-0.993603,0
5036,3360,34,399,0,761,205,9795,2093,11888,0.0377351,0.0784666,-0.996202,0
3723,2240,24,266,0,546,149,6948,2199,9147,0.0215209,0.116717,-0.992932,0
5142,3207,35,386,0,766,210,9746,2888,12634,0.0272726,0.0972382,-0.994887,0
4896,3033,36,398,0,700,186,9249,1637,10886,0.0245662,0.098157,-0.994868,0
3186,2056,22,276,0,509,181,6230,1303,7533,0.0204209,0.10951,-0.993776,0
5091,3397,34,447,0,800,220,9989,1975,11964,0.0234678,0.122083,-0.992242,0
4641,2918,32,382,0,735,225,8933,1340,10273,0.0240114,0.119445,-0.99255,0
3236,2156,22,268,0,512,137,6331,1382,7713,0.021785,0.108778,-0.993827,0
5463,3267,33,430,0,822,218,10233,2107,12340,0.0172909,0.119695,-0.99266,0
5096,3087,30,374,0,742,191,9520,1937,11457,0.0266783,0.109251,-0.993656,0
3316,2120,22,300,0,556,147,6461,1295,7756,0.0160804,0.108361,-0.993982,0
5311,3266,43,468,0,805,224,10117,2199,12316,0.0233405,0.102554,-0.994454,0
6123,3226,41,394,0,929,222,10935,1418,12353,0.0179517,0.108441,-0.993941,0
2658,1664,37,206,0,401,116,5082,1103,6185,0.0219115,0.113257,-0.993324,0
5153,3207,42,417,0,766,228,9813,1941,11754,0.0182688,0.0945895,-0.995349,0
3471,2164,56,290,0,522,164,6667,1457,8124,0.0206474,0.0910669,-0.995631,0
4534,2896,31,346,0,703,218,8728,2010,10738,0.0282712,0.0115905,-0.999533,0
4737,2922,32,389,0,682,192,8954,1781,10735,0.0367834,0.114145,-0.992783,0
3271,2027,21,257,0,494,135,6205,1390,7595,0.0434648,0.106394,-0.993374,0
5059,2832,29,340,0,763,219,9242,1840,11082,0.0530781,0.101336,-0.993435,0
4515,2876,33,351,0,686,186,8647,1481,10128,0.0349524,0.0919899,-0.995146,0
4155,2570,28,318,0,622,169,7862,1693,9555,-0.00513446,0.0624211,-0.998037,0
5131,3165,35,379,0,758,219,9687,1978,11665,0.030187,0.0578594,-0.997868,0
3714,2167,26,263,0,523,148,6841,2014,8855,0.00888943,0.0981858,-0.995128,0
5274,2886,31,345,0,691,201,9428,1999,11427,0.0101203,0.109275,-0.99396,0
4555,2856,29,355,0,736,203,8734,1918,10652,0.00995377,0.116085,-0.993189,1
4563,3181,31,386,0,746,194,9101,1958,11059,0.0118974,0.127422,-0.991777,1
4645,2996,30,387,0,718,192,8968,2075,11043,0.020073,0.125063,-0.991946,1
4195,2684,28,349,0,658,175,8089,1696,9785,0.0126614,0.122374,-0.992403,1
4447,3005,29,361,0,670,201,8713,1770,10483,0.0176841,0.119604,-0.992664,1
5235,3320,34,491,0,804,276,10160,2997,13157,0.00945123,0.117749,-0.992998,1
3941,2634,24,263,0,569,156,7587,1386,8973,-0.0103304,0.115772,-0.993222,1
4586,3009,39,385,0,741,218,8978,2479,11457,0.0287982,0.112117,-0.993278,1
3344,2044,23,261,0,492,152,6316,1311,7627,0.0278228,0.112108,-0.993306,1
3207,2048,26,281,0,550,162,6274,1348,7622,0.0234122,0.108912,-0.993776,1
5098,3220,32,491,0,833,271,9945,1813,11758,0.029566,0.101689,-0.994377,1
3485,2257,26,306,0,545,165,6784,1414,8198,0.0248371,0.103371,-0.994333,1
4134,2654,29,359,0,670,198,8044,1709,9753,0.0258486,0.0963321,-0.995014,1
4509,2851,29,307,0,686,170,8552,1621,10173,0.022719,0.0967808,-0.995046,1
4179,2603,29,320,0,620,204,7955,1832,9787,0.0298927,0.0932424,-0.995195,1
4275,2610,33,331,0,621,186,8056,2406,10462,0.0421862,-0.014087,-0.99901,1
4142,2576,28,376,0,663,179,7964,2684,10648,0.0361418,0.107609,-0.993536,1
5180,3263,33,431,0,806,218,9931,2150,12081,0.0345801,0.119877,-0.992186,1
3483,2306,24,267,0,549,145,6774,1455,8229,0.0230501,0.10487,-0.994219,1
3467,2243,23,293,0,557,169,6752,1446,8198,0.019848,0.104007,-0.994379,1
5253,3211,32,411,0,835,211,9953,1997,11950,0.032365,0.092096,-0.995224,1
3267,2148,26,273,0,517,179,6410,1845,8255,0.0362238,0.105424,-0.993767,1
5088,3153,37,431,0,764,208,9681,1844,11525,0.0222241,0.12716,-0.991633,1
5034,3200,34,377,0,766,207,9618,2455,12073,0.0177188,0.111933,-0.993558,1
5061,3295,36,377,0,774,217,9760,1461,11221,0.0202257,0.118565,-0.99274,1
3490,2240,23,296,0,598,161,6808,1547,8355,0.0155389,0.120081,-0.992642,1
5292,3164,41,421,0,815,229,9962,2066,12028,0.019374,0.118315,-0.992787,1
5137,3015,38,339,0,686,186,9401,1377,10778,0.0239947,0.106369,-0.994037,1
3304,2121,26,283,0,494,135,6363,1320,7683,0.0196506,0.10767,-0.993992,1
4211,2734,28,377,0,658,175,8183,1721,9904,0.0181267,0.0952412,-0.995289,1
4211,2668,27,384,0,651,181,8122,1504,9626,0.0183998,0.0988442,-0.994933,1
3096,1981,30,285,0,577,126,6095,1293,7388,0.0161286,0.0972708,-0.995127,1
5333,3266,41,398,0,769,223,10030,2070,12100,0.0181693,0.0986465,-0.994957,1
5074,3098,36,425,0,722,221,9576,1361,10937,0.0187851,0.108974,-0.993867,1
2506,1692,21,236,0,452,178,5085,1087,6172,0.0169706,0.118671,-0.992789,1
4523,2956,31,345,0,753,206,8814,1922,10736,0.00714967,0.133267,-0.991054,1
5157,3167,42,436,0,845,254,9901,2262,12163,0.00626149,0.111988,-0.99369,1
5276,2885,36,380,0,695,223,9495,1485,10980,0.0369534,0.121416,-0.991914,1
3287,2096,25,274,0,491,144,6317,1287,7604,0.0298004,0.107846,-0.993721,1
4634,2960,39,354,0,767,222,8976,2033,11009,0.0192353,0.10483,-0.994304,1
4574,2957,40,357,0,690,216,8834,1866,10700,0.0106354,0.10362,-0.99456,1
5208,3171,39,391,0,860,233,9902,1899,11801,0.00903986,0.095008,-0.995435,1
3237,2044,26,250,0,488,141,6186,1396,7582,0.0139614,0.099803,-0.994909,1
5046,3243,40,478,0,764,259,9830,1919,11749,0.0183134,0.103322,-0.994479,1
4483,2907,37,353,0,691,200,8671,2048,10719,0.0236603,0.105519,-0.994136,1
5078,3195,34,375,0,764,207,9653,1823,11476,0.0235797,0.0950316,-0.995195,1
3242,2034,22,244,0,493,141,6176,1335,7511,0.0229866,0.0911977,-0.995567,1
5051,3224,36,379,0,755,206,9651,1840,11491,0.0190667,0.0918588,-0.995589,1
4538,2848,30,346,0,690,186,8638,1854,10492,0.0183728,0.0894119,-0.995825,1
3437,2104,27,273,0,586,153,6580,1405,7985,0.0177839,0.100135,-0.994815,1
4274,2721,29,353,0,631,213,8221,1692,9913,0.00880298,0.117369,-0.993049,1
4284,2683,29,350,0,630,212,8188,1998,10186,0.0173769,0.112152,-0.993539,1
3129,1986,26,270,0,498,153,6062,1196,7258,0.0248862,0.105284,-0.994131,1
3919,2573,54,327,0,612,180,7665,1517,9182,0.028777,0.110182,-0.993495,1
3858,2554,26,367,0,649,179,7633,1638,9271,0.0315779,0.0937431,-0.995096,1
4481,2998,36,403,0,711,205,8834,1929,10763,0.0423384,0.0658391,-0.996932,1
5189,3509,40,442,0,878,238,10296,2776,13072,0.0240592,0.0306131,-0.999242,1
3443,1780,21,227,0,450,124,6045,1230,7275,0.0258468,0.0919439,-0.995429,1
1835,1234,13,162,0,286,82,3612,754,4366,0.0195017,0.0947132,-0.995314,1
5055,3289,36,375,0,758,210,9723,1829,11552,0.0282779,0.0988871,-0.994697,1
5323,3501,39,465,0,840,235,10403,2094,12497,0.0351166,0.093516,-0.994998,1
3490,2367,26,285,0,570,159,6897,1505,8402,0.0351061,0.0938663,-0.994966,1
5085,3505,39,465,0,882,256,10232,2143,12375,0.0343398,0.103502,-0.994036,1
5171,3424,35,489,0,877,236,10232,2156,12388,0.0404522,0.0848919,-0.995569,1
3527,2396,28,329,0,577,166,7023,2000,9023,0.0377855,0.095663,-0.994696,1
5066,3617,42,474,0,894,274,10367,2216,12583,0.0344106,0.102774,-0.994109,1
5176,3537,39,485,0,874,226,10337,2017,12354,0.0321407,0.122709,-0.991922,1
3596,2414,23,282,0,625,160,7100,1502,8602,0.0364924,0.156221,-0.987048,1
5251,3600,47,428,0,905,249,10480,2007,12487,0.0438697,0.159779,-0.986178,1
3755,2324,21,322,0,562,159,7143,1418,8561,0.0449762,0.195304,-0.979711,1
4794,3272,31,425,0,810,225,9557,2060,11617,0.0343597,0.199461,-0.979303,1
4814,3245,26,445,0,776,253,9559,2067,11626,0.076229,0.213938,-0.973868,1
4796,3508,29,395,0,812,224,9764,1340,11104,0.0711716,0.210781,-0.974939,1
3379,2520,20,306,0,608,189,7022,1415,8437,0.0584515,0.195733,-0.978914,1
3998,2973,27,320,0,629,177,8124,1684,9808,0.0390548,0.157131,-0.986805,1
4930,3542,27,425,0,828,251,10003,1868,11871,0.033273,0.15844,-0.986808,1
3354,2568,19,309,0,562,153,6965,1396,8361,0.0358676,0.119539,-0.992181,1
5178,3737,40,432,0,887,255,10529,2272,12801,0.0470238,0.141877,-0.988767,1
4991,3514,27,435,0,786,228,9981,2100,12081,0.0537462,0.0543579,-0.997074,1
4793,3431,27,424,0,787,220,9682,2146,11828,0.0583435,0.0921315,-0.994036,1
3379,2404,19,307,0,558,164,6831,1457,8288,0.0414143,0.029405,-0.998709,1
4829,3287,27,391,0,741,206,9481,2072,11553,0.0238359,0.0687652,-0.997348,1
4820,3253,27,371,0,761,202,9434,1909,11343,0.0325611,0.0559348,-0.997903,1
3296,2265,19,262,0,546,139,6527,1407,7934,0.0214652,0.0651929,-0.997642,1
4678,3005,27,352,0,671,186,8919,2177,11096,0.0358955,0.100618,-0.994277,1
5269,2833,27,338,0,650,179,9296,2234,11530,0.0490996,0.0536372,-0.997353,1
4312,2443,24,322,0,739,238,8078,1881,9959,0.0356055,0.166221,-0.985446,1
4442,2346,53,310,0,560,152,7863,1377,9240,0.04245,0.12858,-0.99079,1
2648,1332,15,211,0,447,124,4777,1061,5838,0.0270515,0.122968,-0.992042,1
2999,1595,17,175,0,328,109,5223,1311,6534,0.0419525,0.0938533,-0.994702,1
4770,2202,35,324,0,526,176,8033,2203,10236,0.0352877,0.115189,-0.992717,1
4695,2116,28,312,0,741,221,8113,1569,9682,0.0162402,0.156419,-0.987557,1
2950,1161,16,162,0,291,95,4675,1165,5840,0.0541729,0.104473,-0.993051,1
3841,2001,22,260,0,487,196,6807,3165,9972,0.0394989,0.120527,-0.991924,1
2600,1315,16,174,0,296,95,4496,999,5495,0.0249947,0.156815,-0.987312,1
3287,1834,19,266,0,435,150,5991,1542,7533,0.0440352,0.0828195,-0.995591,1
5273,3159,31,405,0,710,229,9807,2333,12140,0.0418301,0.0962802,-0.994475,1
5295,3280,30,435,0,782,241,10063,2116,12179,0.0452175,0.0553777,-0.997441,1
2712,1829,15,245,0,425,119,5345,1321,6666,0.0348898,0.0898507,-0.995344,1
6048,3794,27,437,0,830,296,11432,3372,14804,0.0392398,0.0460308,-0.998169,1
3377,2447,18,289,0,551,182,6864,1433,8297,0.0352242,0.02439,-0.999082,1
2654,1875,14,229,0,413,130,5315,1411,6726,0.0330347,-0.0123484,-0.999378,1
4941,3954,29,409,0,806,269,10408,2479,12887,0.0263037,0.0154923,-0.999534,1
5321,3899,34,534,0,820,267,10875,1572,12447,0.0404575,0.0345378,-0.998584,1
4723,3691,25,430,0,815,244,9928,2261,12189,0.0606213,0.110824,-0.991989,1
3658,2552,17,232,0,436,141,7036,1716,8752,0.128546,0.0355826,-0.991065,1
4853,2695,17,286,0,580,162,8593,1458,10051,0.0223352,0.0966905,-0.995064,1
2170,1740,12,187,0,389,106,4604,1226,5830,0.131436,-0.00945731,-0.99128,1
5387,4588,27,491,0,1015,294,11802,2368,14170,-0.0138669,0.136817,-0.990499,1
4977,4341,27,520,0,951,282,11098,2050,13148,0.161378,-0.0538603,-0.985422,1
2855,2449,14,306,0,577,168,6369,1762,8131,0.100202,-0.0196906,-0.994772,1
5970,5183,33,600,0,1233,340,13359,2720,16079,0.0354023,0.0294808,-0.998938,1
5575,4587,27,582,0,1068,302,12141,1817,13958,0.00124664,-0.0509364,-0.998701,1
6347,4889,19,427,0,836,229,12747,1530,14277,-0.0336893,0.0116654,-0.999364,1
2658,2072,13,270,0,508,147,5668,1130,6798,-0.0209339,-0.0790676,-0.996649,1
6278,4804,33,614,0,1177,369,13275,2568,15843,-0.00488853,-0.0568133,-0.998373,1
4376,3634,24,434,0,811,210,9489,1588,11077,-0.0217224,-0.0744354,-0.996989,1
3175,2438,14,267,0,626,155,6675,1099,7774,0.00216414,-0.102859,-0.994694,1
6388,4160,24,523,0,1084,282,12461,1683,14144,0.00132836,-0.100516,-0.994935,1
3675,2790,17,328,0,657,175,7642,1335,8977,-0.0341303,-0.088459,-0.995495,1
6006,4106,28,543,0,1001,301,11985,2208,14193,-0.0256771,-0.0724763,-0.99704,1
5672,3634,33,421,0,874,226,10860,1438,12298,-0.0367012,-0.056387,-0.997734,1
2765,1889,14,205,0,442,119,5434,1154,6588,-0.0533692,-0.0874525,-0.994738,1
5684,3881,30,454,0,861,274,11184,2024,13208,-0.0586084,-0.0340643,-0.9977,1
4993,3175,28,394,0,782,208,9580,2163,11743,-0.0542542,-0.0496149,-0.997294,1
3621,2305,23,282,0,551,154,6936,1557,8493,-0.0264853,-0.0364058,-0.998986,1
5702,3879,36,486,0,857,265,11225,2469,13694,0.00321487,-0.00155369,-0.999994,1
3864,2725,21,324,0,603,189,7726,1721,9447,0.0163844,-0.0551993,-0.998341,1
3928,2629,20,297,0,666,187,7727,1793,9520,0.0122224,0.00951181,-0.99988,1
4899,3921,25,435,0,817,248,10345,2181,12526,-0.00375844,0.00949394,-0.999948,1
3335,2434,19,279,0,591,162,6820,1620,8440,-0.0149444,0.00763117,-0.999859,1
5563,4115,25,412,0,927,247,11289,2946,14235,-0.0138208,0.112164,-0.993594,1
3518,2728,18,308,0,735,174,7481,1823,9304,-0.0170937,0.011412,-0.999789,1
4549,3574,26,445,0,825,258,9677,2177,11854,0.00432146,0.0516474,-0.998656,1
4469,3650,24,481,0,819,218,9661,2138,11799,0.0117976,0.020331,-0.999724,1
4695,3626,23,525,0,845,265,9979,1525,11504,0.0036247,0.0626143,-0.998031,1
5026,3663,30,504,0,865,250,10338,2315,12653,-0.0295183,0.190036,-0.981333,1
3229,1991,14,285,0,453,139,6111,1073,7184,-0.0172394,0.134067,-0.990822,1
1783,1339,9,164,0,302,87,3684,852,4536,-0.000144592,0.102142,-0.99477,1
3131,2488,17,309,0,572,184,6701,1426,8127,-0.0191592,0.0877852,-0.995955,1
5743,4195,28,475,0,914,284,11639,2143,13782,-0.00115243,0.106368,-0.994326,1
5321,4173,26,480,0,951,294,11245,1921,13166,0.0106004,0.0752188,-0.997111,1
5517,3928,30,452,0,955,262,11144,1797,12941,0.025034,0.0916556,-0.995476,1
3319,2847,19,346,0,631,173,7335,1546,8881,0.010249,0.0537181,-0.998504,1
4227,3592,27,436,0,966,225,9473,1871,11344,0.00427743,0.0298372,-0.999546,1
4236,3653,27,445,0,839,245,9445,1982,11427,0.00186666,0.0682295,-0.997668,1
3885,3336,24,441,0,766,214,8666,1790,10456,0.00722167,0.0554072,-0.998438,1
3957,3407,25,419,0,781,230,8819,1760,10579,0.0321538,0.0173557,-0.999332,1
5261,4447,34,568,0,1030,307,11647,1567,13214,0.0415291,0.0421367,-0.998248,1
2866,2278,36,293,0,552,167,6192,1326,7518,0.0286084,0.0598194,-0.997799,1
5006,3947,29,478,0,952,266,10678,1990,12668,0.00304711,0.101781,-0.994802,1
4292,3636,28,444,0,893,244,9537,1796,11333,0.014338,0.106727,-0.994185,1
4193,3401,26,385,0,880,224,9109,1948,11057,0.014998,0.107623,-0.994079,1
5256,4199,34,538,0,1045,286,11358,2218,13576,0.00918508,0.109974,-0.993892,1
4772,3989,35,536,0,954,280,10566,2047,12613,0.0277781,0.0636735,-0.997584,1
4473,3519,26,407,0,906,232,9563,2043,11606,0.00886058,0.0745258,-0.99718,1
5572,4492,32,500,0,1043,283,11922,1829,13751,-0.0228306,0.151575,-0.988182,1
3522,3090,20,325,0,664,182,7803,1614,9417,-0.0141043,0.0410328,-0.999058,1
4449,3769,26,456,0,889,244,9833,1932,11765,-0.00153061,0.0381108,-0.999272,1
4318,3466,25,425,0,807,226,9267,1478,10745,-0.00888471,0.0377459,-0.999248,1
2973,2194,21,262,0,482,187,6119,1374,7493,-0.00783329,0.0457458,-0.998922,1
5788,3629,30,384,0,796,242,10869,2364,13233,-0.00423175,0.0833281,-0.996513,1
4803,2831,32,330,0,620,185,8801,2769,11570,-0.0241795,0.111723,-0.993445,1
3654,1749,23,240,0,597,170,6433,1403,7836,-0.019729,0.0478717,-0.998659,1
5558,2885,32,303,0,546,155,9479,1574,11053,-0.00886483,0.105915,-0.994336,1
5007,1800,25,221,0,434,138,7625,2209,9834,0.00616527,0.104045,-0.994553,1
4450,1481,32,220,0,342,80,6605,1887,8492,0.0479991,-0.00986979,-0.998799,1
2337,750,16,95,0,163,62,3423,1368,4791,0.0391683,0.0236619,-0.998952,1
5790,1313,33,183,0,310,106,7735,3046,10781,0.0522888,0.0328375,-0.998092,1
4777,1518,34,203,0,248,73,6853,1888,8741,0.051765,-0.0204698,-0.998449,1
2475,916,15,136,0,221,62,3825,1520,5345,0.0626544,-0.0285116,-0.997628,1
4391,1700,34,273,0,418,129,6945,2512,9457,0.0573284,-0.125142,-0.990481,1
4324,1972,47,262,0,455,128,7188,1663,8851,0.0501888,-0.060528,-0.996904,1
2336,1162,15,134,0,277,88,4012,1390,5402,0.0351336,-0.016985,-0.999238,1
4712,2644,34,306,0,551,174,8421,2207,10628,0.0461995,0.0601721,-0.997118,1
3537,1833,22,216,0,402,130,6140,2593,8733,0.0283965,0.122344,-0.992081,1
4815,2818,24,330,0,608,229,8824,3295,12119,-0.0359876,0.283001,-0.958444,1
3226,2127,18,272,0,486,132,6261,2440,8701,-0.0283737,0.337934,-0.940742,1
4060,2927,23,366,0,652,204,8232,3418,11650,-0.0606712,0.258587,-0.964081,1
4280,2926,21,380,0,489,142,8238,2247,10485,-0.0673298,0.20465,-0.976517,1
2402,1778,13,209,0,417,109,4928,1573,6501,-0.0242701,0.085931,-0.996005,1
5321,3863,27,488,0,909,261,10869,2559,13428,-0.0696921,-0.0538813,-0.996112,1
3350,2591,18,301,0,623,154,7037,2061,9098,0.0269311,-0.0246326,-0.999334,1
3355,2498,17,280,0,574,185,6909,2097,9006,0.0853779,-0.0659077,-0.994166,1
5400,4251,35,648,0,1378,295,12007,2765,14772,0.0149725,0.141364,-0.989844,1
3865,2583,20,278,0,664,220,7630,1231,8861,-0.00214909,0.0562866,-0.998412,1
2115,1487,9,160,0,387,92,4250,694,4944,0.00734156,-0.0354625,-0.999344,1
1852,1378,9,159,0,334,88,3820,611,4431,-0.0201972,-0.0266564,-0.999441,1
5593,4678,24,494,0,1037,280,12106,2184,14290,-0.0338868,0.0457231,-0.998379,1
4171,2895,16,371,0,779,192,8424,1524,9948,-0.0273063,0.0210485,-0.999405,1
2909,2036,15,228,0,500,136,5824,1069,6893,-0.0169722,-0.0332691,-0.999302,1
5825,3901,24,435,0,897,253,11335,2143,13478,-0.0162786,-0.00872726,-0.999829,1
3884,2569,22,332,0,644,185,7636,1455,9091,-0.0316092,-0.0391205,-0.998734,1
5460,3202,17,328,0,603,180,9790,1809,11599,-0.0287991,-0.0693437,-0.997177,1
2412,1546,12,195,0,374,113,4652,946,5598,-0.0289591,-0.0372387,-0.998887,1
4027,2633,22,329,0,624,216,7851,2039,9890,-0.00987317,0.0233129,-0.999679,1
4013,2577,21,326,0,626,184,7747,1861,9608,0.00169556,-0.0253938,-0.999676,1
4190,3126,23,315,0,671,167,8492,1818,10310,0.0161472,0.0560568,-0.998297,1
5388,3768,26,469,0,845,256,10752,2416,13168,0.00292031,-0.0212809,-0.999769,1
5036,3757,26,402,0,832,225,10278,1606,11884,0.018835,0.0484245,-0.998649,1
3436,2604,22,287,0,584,163,7096,1550,8646,-0.000320352,-0.0595749,-0.998224,1
5524,3894,27,443,0,891,267,11046,2487,13533,-0.0342081,0.0940866,-0.994976,1
3713,2150,17,238,0,461,137,6716,1078,7794,-0.0434653,0.0574792,-0.9974,1
1819,1152,13,131,0,258,79,3452,691,4143,-0.029608,0.00919009,-0.999519,1
1917,1375,10,163,0,314,94,3873,937,4810,-0.0270268,-0.0218219,-0.999396,1
5033,3783,31,498,0,810,232,10387,2410,12797,-0.0502853,0.0209319,-0.998516,1
4982,3550,31,408,0,791,223,9985,2285,12270,-0.0486388,0.0725664,-0.996177,1
3539,2240,13,232,0,417,120,6561,1275,7836,-0.0565745,0.0741349,-0.995642,1
1818,1111,11,128,0,262,73,3403,711,4114,-0.0364151,-0.0300378,-0.998885,1
2104,1548,13,176,0,339,103,4283,998,5281,-0.027154,0.0384638,-0.998891,1
4933,3594,28,420,0,773,235,9983,1881,11864,-0.019362,-0.0016565,-0.999811,1
4459,3532,25,445,0,789,216,9466,1630,11096,-0.00715016,0.0452148,-0.998952,1
3323,2473,17,300,0,634,155,6902,1486,8388,0.0310258,0.0280064,-0.999126,1
5074,4127,33,500,0,876,277,10887,2332,13219,0.0142064,0.0310543,-0.999417,1
3572,2782,18,304,0,582,164,7422,1529,8951,0.00878257,0.0239313,-0.999675,1
4526,3484,29,418,0,758,226,9441,2075,11516,-0.00603097,0.0547622,-0.998481,1
3270,2496,22,305,0,545,197,6835,1863,8698,-0.0238239,0.0604696,-0.997886,1
3309,2346,19,303,0,530,159,6666,1701,8367,-0.0355467,0.0321089,-0.998852,1
6165,3769,35,446,0,783,252,11450,1700,13150,-0.0608694,-0.000833836,-0.998145,1
3416,2534,22,334,0,541,174,7021,1456,8477,-0.0790311,0.0579737,-0.995185,1
4990,3716,34,521,0,806,259,10326,2532,12858,-0.069895,0.0306102,-0.997085,1
5020,3614,31,465,0,834,265,10229,1587,11816,0.00210863,0.010819,-0.999939,1
2665,1973,17,270,0,466,144,5535,1162,6697,-0.0143583,0.0159121,-0.99977,1
4911,3371,31,438,0,815,245,9811,2008,11819,-0.0427522,0.041087,-0.998241,1
5559,3932,34,493,0,895,248,11161,1490,12651,0.0109668,0.0154901,-0.99982,1
2755,2157,18,250,0,495,135,5810,1186,6996,-0.0153736,0.0153497,-0.999764,1
5422,3851,30,426,0,863,257,10849,1817,12666,0.00406858,0.0380056,-0.999269,1
3487,2860,21,315,0,752,199,7634,1437,9071,-0.0325808,0.0775091,-0.996459,1
4329,3573,24,578,0,1123,305,9932,1817,11749,-0.024802,0.109761,-0.993649,1
3177,2464,23,320,0,615,228,6827,1529,8356,-0.0308364,0.0853018,-0.995878,1
3890,2763,23,322,0,630,170,7798,2002,9800,-0.036738,0.0642508,-0.997257,1
4985,3564,27,419,0,809,245,10049,1654,11703,-0.0478826,0.128635,-0.990535,1
2857,2464,18,232,0,386,125,6082,1284,7366,-0.0281388,0.0244917,-0.999304,1
3378,2122,18,246,0,508,179,6451,1434,7885,0.00714344,0.0191539,-0.999791,1
4632,2338,22,284,0,562,173,8011,1846,9857,0.01962,0.0365696,-0.999138,1
3251,1462,18,182,0,366,117,5396,1771,7167,0.0226918,0.0136755,-0.999649,1
4935,2015,25,259,0,530,169,7933,2105,10038,-0.00638707,0.0762014,-0.997072,1
2542,987,15,123,0,247,83,3997,1258,5255,-0.0262383,0.0920031,-0.995413,1
4857,1475,35,189,0,391,113,7060,2551,9611,-0.0085488,0.0554637,-0.998424,1
5693,1345,29,195,0,348,99,7709,2280,9989,0.0120752,0.0458138,-0.998877,1
4722,1364,29,184,0,384,100,6783,2372,9155,0.0123544,0.0391234,-0.999158,1
3036,1006,19,128,0,277,72,4538,1488,6026,0.023074,0.0175163,-0.99958,1
4831,1777,28,262,0,435,123,7456,2756,10212,-0.000539439,0.055518,-0.998458,1
4751,2047,31,302,0,495,169,7795,2657,10452,-0.0158802,0.0345924,-0.999275,1
5007,2769,36,333,0,564,156,8865,2703,11568,-0.0193008,0.092244,-0.995549,1
5145,2997,27,343,0,628,171,9311,2825,12136,-0.00675506,0.0690319,-0.997592,1
2639,1538,15,175,0,345,96,4808,1948,6756,0.0163637,0.0296976,-0.999425,1
4596,2948,26,347,0,692,185,8794,2295,11089,0.107411,-0.0573237,-0.992561,1
4556,3279,27,365,0,719,223,9169,2213,11382,0.115505,-0.0383575,-0.992566,1
3284,2513,18,280,0,574,158,6827,1725,8552,0.125729,-0.0214423,-0.991833,1
5521,4905,34,527,0,1151,304,12442,2321,14763,-0.0102766,0.0546696,-0.998452,1
5527,5011,35,586,0,987,221,12367,1731,14098,-0.0303311,0.0282755,-0.99914,1
3782,3335,21,408,0,765,211,8522,1530,10052,-0.0262152,-0.000795794,-0.999656,1
4744,4117,25,515,0,969,285,10655,1789,12444,-0.0128252,-0.0404425,-0.9991,1
4296,3850,19,397,0,856,225,9643,1631,11274,-0.0474018,-0.0300403,-0.998424,1
5647,4657,30,514,0,1098,300,12246,2097,14343,-0.0419143,-0.046514,-0.998038,1
3886,3236,21,338,0,727,200,8408,1504,9912,-0.0432557,-0.0444523,-0.998075,1
4908,3861,28,440,0,917,243,10397,1711,12108,-0.0709203,-0.0347827,-0.996875,1
3490,3686,23,333,0,697,234,8463,1354,9817,-0.0522751,-0.0298096,-0.998188,1
6005,4594,29,590,0,1105,321,12644,1531,14175,-0.0539549,0.009079,-0.998502,1
2959,2536,22,334,0,596,145,6592,1201,7793,-0.0466369,0.00367409,-0.998905,1
5082,3921,27,512,0,992,372,10906,2299,13205,-0.0446364,0.00498385,-0.998991,1
3719,3053,21,348,0,629,166,7936,1466,9402,-0.0596017,-0.0160928,-0.998093,1
5227,3758,33,442,0,833,250,10543,2240,12783,-0.0490867,-0.0477148,-0.997654,1
5572,3862,27,329,0,588,161,10539,1401,11940,-0.0317727,-0.00649462,-0.999474,1
5509,4034,26,667,0,1385,328,11949,2397,14346,-0.0259539,0.119771,-0.992462,1
3290,2095,14,232,0,466,140,6237,932,7169,-0.02058,0.0308566,-0.999312,1
1887,1355,9,130,0,271,73,3725,741,4466,-0.0301688,-0.0236331,-0.999265,1
1672,1181,9,133,0,265,74,3334,730,4064,-0.0328119,-0.028613,-0.999052,1
4628,3301,30,508,0,765,262,9494,1961,11455,-0.0161595,0.0478893,-0.998722,1
4433,3157,23,354,0,701,200,8868,2129,10997,-0.0341449,0.0454608,-0.998382,1
4488,3189,66,441,0,738,232,9154,1473,10627,-0.0182608,0.0488645,-0.998638,1
3641,2550,19,326,0,595,183,7314,1718,9032,-0.0215646,0.0463415,-0.998693,1
4879,3306,26,376,0,736,211,9534,2121,11655,-0.0108413,0.109267,-0.993953,1
4820,3708,28,518,0,853,235,10162,2533,12695,-0.00380793,0.104304,-0.994538,1
4842,3279,26,374,0,781,212,9514,2858,12372,0.000561749,0.0336811,-0.999432,1
4846,3423,33,450,0,772,263,9787,2372,12159,-0.0517357,0.1718,-0.983772,1
4907,3341,32,431,0,723,215,9649,2432,12081,0.0220797,0.0381445,-0.999028,1
3322,2157,19,237,0,462,130,6327,1727,8054,-0.0222297,0.0993641,-0.994803,1
5148,2982,54,344,0,658,234,9420,2288,11708,-0.0191782,0.0778634,-0.99678,1
4488,2864,27,385,0,631,174,8569,2081,10650,-0.0541351,0.0962481,-0.993884,1
3166,2137,63,317,0,489,140,6312,1555,7867,-0.020443,0.089073,-0.995815,1
4888,3032,32,459,0,697,259,9367,2331,11698,-0.0131492,0.0526163,-0.998528,1
3180,2163,20,266,0,496,137,6262,1506,7768,-0.00664658,0.0389448,-0.999219,1
5172,3091,31,493,0,1033,311,10131,1908,12039,-0.00814523,0.0411262,-0.999121,1
3313,2335,21,287,0,534,173,6663,1414,8077,0.0101288,0.0766702,-0.997005,1
5623,3797,33,506,0,904,270,11133,2116,13249,-0.0119348,0.0902719,-0.995846,1
3390,2600,20,349,0,589,166,7114,1428,8542,-0.052453,0.0993428,-0.99367,1
5337,4280,30,595,0,1004,279,11525,2060,13585,-0.0529063,0.132501,-0.98977,1
3568,2771,21,332,0,655,167,7514,1651,9165,-0.023928,0.0759724,-0.996823,1
2660,1836,15,204,0,401,114,5230,1314,6544,-0.00526967,-0.00470797,-0.999975,1
4604,3004,26,323,0,700,201,8858,2547,11405,-0.0171951,0.0581757,-0.998158,1
3112,1967,19,229,0,456,124,5907,1602,7509,0.0339033,-0.0570348,-0.997796,1
5417,3062,29,364,0,688,188,9748,2361,12109,0.0275768,-0.0145898,-0.999513,1
3398,1543,16,193,0,338,98,5586,1017,6603,0.000978157,-0.0553803,-0.998465,1
3187,2000,21,276,0,480,127,6091,1494,7585,0.0167272,-0.0570609,-0.998231,1
4737,2418,25,290,0,592,162,8224,2795,11019,0.0317729,-0.0466304,-0.998407,1
3164,1799,19,231,0,494,137,5844,1647,7491,0.0185606,-0.0402131,-0.999019,1
4555,2785,31,295,0,615,177,8458,2114,10572,0.0179182,0.00460414,-0.999829,1
4533,2497,25,342,0,576,191,8164,2002,10166,0.0151887,-0.0417347,-0.999013,1
4273,2281,28,300,0,506,150,7538,1928,9466,0.0178048,0.00247727,-0.999838,1
4722,2382,27,346,0,561,154,8192,2211,10403,0.0225773,-0.000512245,-0.999745,1
5281,2555,33,345,0,614,166,8994,2033,11027,0.0138518,-0.0129144,-0.999821,1
4810,2307,26,320,0,539,195,8197,1919,10116,0.0221795,-0.0105459,-0.999698,1
4456,1916,26,251,0,474,155,7278,1837,9115,-0.000545851,0.00253152,-0.999997,1
5394,2153,27,256,0,504,196,8530,2262,10792,-0.010571,0.0326147,-0.999412,1
5228,2026,28,245,0,488,136,8151,1699,9850,0.00904206,0.00241398,-0.999956,1
4672,1761,26,222,0,392,115,7188,1867,9055,-0.00531644,-0.0272264,-0.999615,1
3200,1159,18,147,0,266,80,4870,1670,6540,-0.000697871,-0.0495779,-0.99877,1
4936,1735,27,238,0,401,118,7455,2869,10324,0.00541865,-0.0682327,-0.997655,1
4552,1448,26,191,0,350,119,6686,2518,9204,-0.00319645,-0.0623923,-0.998047,1
3090,1122,20,137,0,278,76,4723,1694,6417,0.00512655,-0.0935395,-0.995602,1
4915,1660,28,212,0,475,118,7408,2297,9705,-0.00307394,-0.0521271,-0.998636,1
4735,1635,32,215,0,374,116,7107,2791,9898,0.00547884,-0.0842989,-0.996425,1
4792,1687,35,207,0,402,110,7233,3283,10516,-0.000431432,-0.33854,-0.940952,1
4212,1422,27,195,0,340,98,6294,3184,9478,-0.00346512,-0.193804,-0.981034,1
5086,1693,29,242,0,416,119,7585,2896,10481,-0.0103086,-0.00436855,-0.999937,1
4641,2070,29,263,0,532,138,7673,2535,10208,0.0267211,-0.0317804,-0.999138,1
4038,1831,23,225,0,403,117,6637,2642,9279,0.00388641,-0.120838,-0.992665,1
3745,2013,22,246,0,451,127,6604,2649,9253,-0.0296909,-0.0383009,-0.998825,1
3801,2056,24,351,0,507,168,6907,2133,9040,-0.0397509,-0.0441037,-0.998236,1
4874,3048,29,412,0,657,219,9239,2362,11601,-0.0257022,-0.0233949,-0.999396,1
4870,2862,30,424,0,675,214,9075,2368,11443,-0.0428592,-0.0103464,-0.999028,1
3048,1880,20,243,0,417,136,5744,1800,7544,-0.0572547,0.0168688,-0.998217,1
4833,3131,29,434,0,756,228,9411,2388,11799,-0.0332736,0.0220776,-0.999202,1
4902,3239,34,384,0,772,222,9553,4342,13895,0.00497783,0.0280128,-0.999595,1
3437,2640,22,340,0,593,156,7188,2375,9563,0.0269841,0.0870077,-0.995842,1
3631,2935,24,373,0,700,180,7843,1815,9658,0.143396,-0.0650683,-0.987524,1
3804,4388,26,443,0,807,205,9673,1631,11304,0.0939238,-0.0542546,-0.9941,1
3040,2606,15,329,0,614,176,6780,1385,8165,0.0469918,-0.0783092,-0.995821,1
6161,4525,31,510,0,1182,317,12726,1672,14398,-0.0121006,-0.0658358,-0.997757,1
5727,4603,32,591,0,949,227,12129,1559,13688,-0.0611616,-0.0702131,-0.995655,1
3517,2539,20,313,0,644,184,7217,1063,8280,-0.0570311,-0.107344,-0.992585,1
3883,3310,18,375,0,749,233,8568,2110,10678,-0.0690368,-0.0804036,-0.994369,1
2954,2524,13,306,0,642,160,6599,1027,7626,-0.035935,-0.0607856,-0.997504,1
5624,4753,25,581,0,1171,330,12484,2019,14503,-0.0102413,-0.0748722,-0.997141,1
5713,4434,25,535,0,1035,293,12035,1493,13528,-0.0356396,-0.0650927,-0.997243,1
2911,2212,22,379,0,729,183,6436,1116,7552,-0.0432569,-0.0768573,-0.996103,1
4274,3102,22,352,0,690,205,8645,1713,10358,-0.0611622,-0.0123817,-0.998051,1
4909,2945,23,346,0,641,206,9070,1624,10694,-0.0772488,-0.00144644,-0.997011,1
5029,3271,27,424,0,782,235,9768,1734,11502,-0.0935642,0.0104971,-0.995558,1
4457,3220,30,361,0,666,194,8928,1835,10763,-0.0789921,0.0068795,-0.996852,1
4651,3005,29,354,0,672,198,8909,1915,10824,-0.048124,0.0191985,-0.998657,1
5255,2955,28,349,0,677,196,9460,2088,11548,-0.0601695,-0.0135477,-0.998096,1
4380,3428,46,350,0,683,201,9088,2036,11124,-0.0443839,0.0068695,-0.998991,1
3200,2213,18,259,0,490,146,6326,1441,7767,-0.0491517,-0.0022159,-0.998789,1
4612,2728,23,315,0,605,181,8464,1730,10194,-0.0442375,0.0215518,-0.998789,1
5044,3533,24,409,0,742,245,9997,2057,12054,-0.0428686,0.0748325,-0.996274,1
6325,3579,24,445,0,820,231,11424,2328,13752,-0.0260544,0.0867209,-0.995892,1
3196,2216,16,274,0,499,143,6344,1437,7781,-0.041872,0.0707415,-0.996615,1
4566,2955,37,332,0,645,185,8720,2056,10776,-0.0412162,0.120835,-0.991817,1
4307,2970,25,427,0,661,218,8608,2231,10839,-0.051617,0.0895237,-0.994646,1
5009,3237,26,412,0,779,235,9698,2580,12278,-0.0357054,0.0794841,-0.996196,1
2987,1903,18,256,0,447,158,5769,1524,7293,-0.0561925,0.0986362,-0.993536,1
4156,2528,27,309,0,603,182,7805,2554,10359,-0.0849186,0.192195,-0.977676,1
5477,2812,26,367,0,639,205,9526,2295,11821,-0.104188,0.280515,-0.954178,1
3165,1859,35,241,0,427,120,5847,2473,8320,0.111908,0.0574659,-0.992056,1
3183,1897,26,263,0,433,147,5949,1864,7813,-0.0344748,0.133237,-0.990484,1
4239,2401,31,345,0,608,170,7794,2296,10090,-0.0566624,0.150445,-0.986993,1
4931,2984,31,407,0,682,224,9259,2930,12189,-0.0663508,0.0577567,-0.996123,1
3239,2164,41,228,0,390,129,6191,1170,7361,-0.0141311,0.0335614,-0.999337,1
3414,2230,20,276,0,527,167,6634,1356,7990,-0.016245,0.0166759,-0.999729,1
5176,3530,31,434,0,814,265,10250,2224,12474,-0.0363767,-0.00390749,-0.999331,1
4669,3355,36,399,0,746,227,9432,2012,11444,-0.0188384,-0.00695166,-0.999798,1
4904,3577,30,439,0,772,226,9948,4650,14598,0.00226704,-0.0401189,-0.999192,1
2128,1459,13,173,0,376,89,4238,2253,6491,-0.0226542,-0.0555015,-0.998202,1
1416,942,8,104,0,204,58,2732,1059,3791,-0.0218135,-0.0350189,-0.999149,1
3493,2246,21,252,0,490,138,6640,1591,8231,-0.0150204,0.0880232,-0.996005,1
5772,3013,28,372,0,665,190,10040,2795,12835,-0.040231,-0.0158832,-0.999064,1
3284,1730,18,277,0,405,110,5824,1857,7681,-0.0348606,-0.0477207,-0.998252,1
4231,2052,27,248,0,459,141,7158,1909,9067,-0.0789222,-0.0180083,-0.996718,1
5225,2253,30,255,0,520,138,8421,1824,10245,-0.0695558,-0.0605325,-0.99574,1
4388,1754,23,289,0,600,176,7230,1777,9007,-0.0533902,-0.109155,-0.99259,1
3206,1160,17,159,0,265,79,4886,1395,6281,-0.039118,-0.0183665,-0.999066,1
4043,1269,22,161,0,294,101,5890,1821,7711,-0.0388512,-0.0194057,-0.999057,1
5044,1340,34,192,0,350,110,7070,2268,9338,-0.0355053,-0.0216637,-0.999135,1
5411,1222,33,207,0,308,98,7279,2422,9701,-0.054134,0.0108379,-0.998475,1
4454,954,25,132,0,231,71,5867,2150,8017,-0.0549169,-0.0560026,-0.996919,1
5542,1050,28,170,0,255,81,7126,2644,9770,-0.0320747,-0.0147334,-0.999377,1
4224,1088,30,193,0,250,89,5874,1939,7813,-0.0300991,-0.0384046,-0.998809,1
4321,1160,23,178,0,275,85,6042,2074,8116,-0.0333748,-0.0214532,-0.999213,1
4211,1340,36,324,0,328,95,6334,2230,8564,-0.0515368,-0.0161215,-0.998541,1
2988,1031,19,134,0,270,73,4515,1576,6091,-0.042632,-0.014922,-0.998979,1
4851,1917,33,238,0,724,139,7902,2304,10206,-0.0661249,-0.018046,-0.997648,1
4812,2185,29,260,0,377,98,7761,1592,9353,-0.0576025,-0.0104236,-0.998285,1
2376,1267,16,158,0,394,122,4333,1325,5658,-0.0607742,-0.0368473,-0.997471,1
4658,2333,29,290,0,503,181,7994,2345,10339,-0.0532239,-0.00723089,-0.998556,1
4051,1744,20,196,0,330,112,6453,1559,8012,-0.0649883,-0.0190446,-0.997704,1
4294,2234,31,268,0,457,134,7418,3204,10622,-0.0624485,-0.0169944,-0.997903,1
4635,2195,25,283,0,551,146,7835,2284,10119,-0.0600329,0.0610212,-0.996329,1
3025,1851,17,220,0,398,128,5639,2981,8620,0.014641,-0.0208231,-0.999676,1
3114,1883,20,229,0,475,122,5843,2294,8137,0.046025,-0.0899887,-0.994879,1
5123,3449,28,402,0,795,214,10011,2946,12957,0.0440582,-0.0734701,-0.996324,1
3803,2983,19,370,0,651,196,8022,1720,9742,0.00103942,-0.0218311,-0.999761,1
4348,3233,21,370,0,747,219,8938,1803,10741,-0.0696848,-0.0480583,-0.996411,1
4174,3484,20,417,0,809,249,9153,1621,10774,-0.0648919,-0.0551219,-0.996369,1
4334,3505,25,445,0,841,253,9403,1233,10636,-0.0360099,-0.0535906,-0.997913,1
5919,4056,26,481,0,985,275,11742,1786,13528,-0.0520318,-0.0438003,-0.997684,1
3582,2900,18,330,0,697,197,7724,1275,8999,-0.0418463,-0.0656682,-0.996964,1
5852,4463,30,498,0,1108,348,12299,2225,14524,-0.0494842,-0.0410173,-0.997932,1
5642,3830,30,412,0,837,240,10991,1427,12418,-0.0668828,-0.0637475,-0.995722,1
3427,2199,21,255,0,513,148,6563,1343,7906,-0.0513228,-0.087571,-0.994835,1
5009,3224,27,373,0,756,208,9597,2049,11646,-0.0705,-0.0607757,-0.995659,1
5072,3276,26,369,0,776,208,9727,2090,11817,-0.0692339,-0.0859619,-0.99389,1
4540,2903,26,368,0,667,228,8732,1732,10464,-0.0544819,-0.0397695,-0.997722,1
3451,2196,18,262,0,487,141,6555,1409,7964,-0.0460098,-0.0672456,-0.996675,1
5154,3386,28,359,0,766,206,9899,2077,11976,-0.0438439,-0.0161348,-0.998908,1
5023,3457,26,431,0,746,234,9917,1793,11710,-0.0425767,-0.095663,-0.994503,1
4894,3015,23,349,0,676,187,9144,1995,11139,-0.050222,-0.0606033,-0.996898,1
5033,3387,26,390,0,762,212,9810,1990,11800,-0.0562722,-0.070172,-0.995946,1
5452,3935,28,419,0,910,237,10981,2282,13263,-0.0265918,0.103583,-0.994265,1
5322,2873,19,329,0,570,159,9272,1143,10415,-0.0576578,0.0196795,-0.998142,1
2329,1471,11,166,0,338,78,4393,805,5198,-0.0651443,0.000705027,-0.997876,1
1696,1145,9,136,0,256,72,3314,1138,4452,-0.0613736,-0.00726661,-0.998088,1
4855,2603,26,342,0,622,190,8638,2105,10743,-0.0631941,0.0424483,-0.997098,1
4723,2416,21,338,0,567,165,8230,1882,10112,-0.0839065,0.00209657,-0.996471,1
3735,2348,25,271,0,533,158,7070,1715,8785,-0.0628188,0.0266028,-0.99767,1
3744,2228,26,314,0,524,176,7012,1807,8819,-0.0786214,0.0455317,-0.995864,1
4430,2696,24,335,0,572,185,8242,2144,10386,-0.063577,0.0849037,-0.994359,1
4209,2362,22,311,0,551,166,7621,2120,9741,-0.0426841,0.0784246,-0.996006,1
4083,2167,27,304,0,544,166,7291,1808,9099,-0.0737679,0.0614826,-0.995378,1
2738,1395,20,201,0,328,102,4784,1521,6305,-0.0599272,0.0468408,-0.997103,1
4300,2125,24,291,0,491,141,7372,2278,9650,-0.0660226,0.0763974,-0.994889,1
4552,1945,27,297,0,455,133,7409,2170,9579,0.0960857,0.21668,-0.971503,1
3512,907,14,126,0,219,63,4841,1845,6686,0.0801006,0.212315,-0.973913,1
1703,655,9,83,0,161,46,2657,2007,4664,0.106728,0.233437,-0.966497,1
4455,1926,23,277,0,477,141,7299,5564,12863,0.258823,0.380656,-0.887756,1
4947,2387,23,336,0,564,159,8416,8218,16634,0.24955,0.410527,-0.877036,1
2578,1485,13,193,0,346,97,4712,7241,11953,0.428693,0.298599,-0.852679,1
3138,1933,16,249,0,468,127,5931,8292,14223,0.337085,-0.0325748,-0.94091,1
3946,2714,20,335,0,662,190,7867,-1000,-1000,-1,-1,-1,1
4638,3383,24,405,0,708,227,9385,-1000,-1000,-1,-1,-1,1
2103,1371,14,173,0,313,97,4071,-1000,-1000,-1,-1,-1,1
4612,2903,26,336,0,609,201,8687,6373,15060,-0.0717606,0.0244599,-0.997122,1
3692,1872,19,261,0,419,135,6398,4228,10626,-0.0547499,-0.0273546,-0.998125,1
3701,1984,21,256,0,444,121,6527,3022,9549,-0.0345878,0.0074099,-0.999374,1
3994,1781,21,239,0,428,138,6601,2376,8977,-0.0342862,-0.066763,-0.99718,1
3952,1745,23,210,0,573,143,6646,1735,8381,-0.0148207,-0.00440351,-0.99988,1
5370,2212,31,255,0,555,149,8572,2329,10901,-0.0103812,0.0296023,-0.999508,1
3665,1403,18,199,0,348,101,5734,1549,7283,-0.0252466,-0.0670124,-0.997433,1
5216,2216,33,266,0,490,154,8375,2215,10590,-0.0246526,-0.0670444,-0.997445,1
3657,1724,23,193,0,344,109,6050,1695,7745,-0.0259169,-0.0696829,-0.997232,1
3424,1537,24,205,0,347,110,5647,1628,7275,0.00522161,-0.103411,-0.994625,1
5171,2187,34,269,0,555,191,8407,2631,11038,-0.0263,-0.146654,-0.988838,1
3101,1346,18,178,0,360,90,5093,1945,7038,-0.0351039,-0.13152,-0.990692,1
4005,1708,31,244,0,381,132,6501,2152,8653,-0.0388909,-0.0653335,-0.997105,1
4236,1823,24,190,0,363,108,6744,2141,8885,-0.0500863,-0.0278952,-0.998355,1
4488,1524,24,195,0,419,111,6761,2311,9072,-0.0388098,0.011312,-0.999183,1
4664,1700,38,226,0,390,129,7147,2857,10004,-0.0381281,-0.0220419,-0.99903,1
4583,1562,36,229,0,390,127,6927,2588,9515,-0.0409698,0.0108826,-0.999101,1
4386,1478,36,265,0,336,114,6615,2631,9246,-0.0411728,0.0598194,-0.99736,1
4277,1498,30,236,0,364,112,6517,2210,8727,-0.0105957,0.0348082,-0.999338,1
4668,1570,29,239,0,379,115,7000,2265,9265,-0.0104806,0.0296348,-0.999506,1
4381,1813,33,233,0,421,135,7016,2615,9631,-0.047267,0.0887093,-0.994935,1
4559,1500,24,192,0,379,130,6784,1300,8084,-0.0472947,0.0250175,-0.998568,1
3192,1782,23,227,0,325,89,5638,1355,6993,-0.0289714,0.00429323,-0.999571,1
2837,1810,17,210,0,459,119,5452,1580,7032,-0.0597035,-0.0179631,-0.998055,1
4635,3350,40,441,0,812,234,9512,2328,11840,-0.075989,-0.0653194,-0.994967,1
4672,4003,31,467,0,932,193,10298,1987,12285,-0.0558008,-0.0893673,-0.994434,1
2228,2065,17,266,0,492,142,5210,914,6124,-0.0681468,-0.0949678,-0.993145,1
5287,5062,32,621,0,1212,344,12558,1410,13968,-0.0723385,-0.0753722,-0.994528,1
3975,3875,20,429,0,937,240,9476,1447,10923,-0.027115,-0.0704482,-0.997147,1
5384,5022,29,540,0,1131,304,12410,1747,14157,-0.060243,-0.116968,-0.991307,1
5154,4790,23,578,0,1366,387,12298,1956,14254,-0.0417622,-0.115975,-0.992374,1
5512,5233,26,618,0,1184,350,12923,1336,14259,-0.0501142,-0.122359,-0.99122,1
2964,2644,15,308,0,591,223,6745,1202,7947,-0.0504984,-0.0955032,-0.994147,1
4361,3616,23,431,0,809,244,9484,1759,11243,-0.066484,-0.101791,-0.992582,1
6132,4248,28,520,0,1038,309,12275,2196,14471,-0.055996,-0.0456017,-0.997389,1
3602,2603,19,297,0,609,204,7334,1616,8950,-0.0619496,-0.0828939,-0.994631,1
4776,3351,24,412,0,755,238,9556,1880,11436,-0.0410922,-0.0418714,-0.998278,1
4654,3281,25,399,0,758,234,9351,1830,11181,-0.0302378,-0.0404841,-0.998723,1
3442,2507,17,314,0,560,164,7004,1311,8315,-0.0276865,-0.076678,-0.996671,1
5157,3729,26,449,0,850,277,10488,1843,12331,-0.0579578,-0.0613319,-0.996433,1
3530,2609,17,322,0,603,158,7239,1486,8725,-0.0536499,-0.0637419,-0.996523,1
5461,3897,29,456,0,885,236,10964,2400,13364,-0.0632341,0.0014227,-0.997998,1
4581,3153,23,348,0,694,196,8995,1706,10701,-0.0601476,0.0026908,-0.998186,1
4381,2737,22,354,0,661,210,8365,1990,10355,-0.0667594,-0.010226,-0.997717,1
4014,2523,21,305,0,555,160,7578,2031,9609,-0.0545011,0.0207417,-0.998298,1
4526,2587,25,301,0,571,166,8176,2285,10461,-0.0372255,0.0884916,-0.995381,1
4255,2230,22,308,0,477,155,7447,2186,9633,-0.0288895,0.138655,-0.989919,1
4365,2284,30,338,0,546,166,7729,2191,9920,-0.0266758,0.118042,-0.99265,1
4255,2272,27,322,0,527,170,7573,2285,9858,-0.0296058,0.147422,-0.988631,1
4227,2193,31,341,0,511,144,7447,2628,10075,-0.0201266,0.259219,-0.965609,1
4284,2202,19,202,0,390,120,7217,1656,8873,-0.0215168,0.178062,-0.983784,1
1863,972,12,137,0,225,63,3272,890,4162,0.088891,-0.320762,-0.942979,1
3428,1857,23,245,0,407,148,6108,1762,7870,-0.0460337,0.0514609,-0.997613,1
4663,2703,29,309,0,578,171,8453,2197,10650,-0.0537161,0.115666,-0.991835,1
4496,3107,28,374,0,726,202,8933,2201,11134,-0.0161897,0.22468,-0.974298,1
5785,3948,31,483,0,896,256,11399,2448,13847,0.0762739,0.205053,-0.975774,1
2946,2236,17,252,0,501,141,6093,1565,7658,-0.0114345,0.0388927,-0.999178,1
5511,4646,27,514,0,941,291,11930,2832,14762,-0.0471643,0.0578207,-0.997212,1
3482,2972,18,344,0,643,197,7656,1336,8992,-0.254937,0.373952,-0.891722,1
5489,4172,29,463,0,1093,365,11611,4861,16472,0.340752,0.0629484,-0.938043,1
2947,2112,25,230,0,435,104,5853,1057,6910,0.06991,-0.0664114,-0.99534,1
1901,1425,12,160,0,300,84,3882,833,4715,-0.00129563,-0.124065,-0.992273,1
4679,3552,25,392,0,735,206,9589,2127,11716,0.0136138,-0.0160167,-0.999779,1
5352,4504,35,457,0,821,227,11396,3371,14767,-0.0129806,0.00311003,-0.999911,1
5587,3766,29,403,0,803,222,10810,1561,12371,-0.0296005,0.0689721,-0.997179,1
2683,1873,15,232,0,409,130,5342,1240,6582,-0.0271566,0.0382429,-0.998899,1
5327,3538,30,433,0,788,269,10385,2376,12761,-0.0190549,-0.00564799,-0.999802,1
5100,2979,38,386,0,705,220,9428,1641,11069,-0.0356756,-0.061812,-0.99745,1
3482,2049,20,252,0,436,124,6363,1451,7814,-0.0230228,-0.0520656,-0.998378,1
5579,2966,28,355,0,686,196,9810,1964,11774,-0.00445728,-0.0668624,-0.997752,1
4876,2337,28,334,0,618,154,8347,2134,10481,-0.0094781,-0.0461788,-0.998888,1
3369,1437,18,171,0,361,95,5451,1564,7015,-0.00205198,-0.00430416,-0.999989,1
4828,1652,28,220,0,378,114,7220,2386,9606,-0.00932571,0.0610005,-0.998094,1
4032,935,25,130,0,250,86,5458,2122,7580,-0.0276414,0.038817,-0.998864,1
2604,449,17,77,0,113,37,3297,1129,4426,-0.0236088,-0.012508,-0.999643,1
1683,398,11,54,0,95,30,2271,942,3213,-0.0212109,-0.102918,-0.994464,1
4533,1032,27,154,0,251,80,6077,2503,8580,-0.0252397,-0.0421477,-0.998793,1
4205,1033,34,158,0,260,91,5781,2579,8360,-0.0141949,-0.058199,-0.998204,1
4423,1097,32,162,0,255,94,6063,2323,8386,-0.0305746,-0.0394717,-0.998753,1
4095,1648,33,189,0,306,106,6377,2362,8739,-0.0155451,-0.0222201,-0.999632,1
4367,1295,29,178,0,378,101,6348,1887,8235,-0.0311138,0.0209688,-0.999296,1
3383,1036,18,135,0,250,72,4894,1891,6785,-0.0323891,0.0167445,-0.999335,1
2902,1081,18,138,0,269,76,4484,1922,6406,-0.0456677,0.140572,-0.989017,1
4532,1757,28,257,0,458,124,7156,3911,11067,-0.0286724,0.298832,-0.953875,1
2983,1394,19,174,0,342,94,5006,2967,7973,0.196827,-0.119205,-0.973165,1
4666,2413,28,298,0,611,176,8192,2389,10581,0.0315917,-0.0506501,-0.998217,1
5044,3353,30,437,0,852,210,9926,6814,16740,0.0868719,-0.0469749,-0.995111,1
5120,4250,28,468,0,966,262,11094,3158,14252,0.107317,-0.055006,-0.992702,1
3497,2723,16,308,0,634,163,7341,1755,9096,0.146448,-0.064298,-0.987127,1
5762,4945,26,677,0,1559,341,13310,1925,15235,-0.0581905,-0.0189481,-0.998126,1
3060,2966,14,334,0,689,183,7246,1066,8312,-0.0466681,-0.0238117,-0.998627,1
6414,6194,27,673,0,1398,374,15080,1575,16655,-0.0648327,-0.0218745,-0.997656,1
3269,3230,14,392,0,752,250,7907,1174,9081,-0.03833,-0.0253965,-0.998942,1
5834,5136,25,622,0,1241,307,13165,1520,14685,-0.0191327,0.0045292,-0.999807,1
2943,2713,18,322,0,597,181,6774,1250,8024,-0.0117525,-0.0586224,-0.998211,1
4498,3736,22,411,0,825,244,9736,2001,11737,-0.0219078,-0.0458058,-0.99871,1
5865,4693,29,592,0,1103,330,12612,1619,14231,-0.038923,-0.0718144,-0.996658,1
3063,2466,14,288,0,577,150,6558,1223,7781,-0.0457628,-0.0967079,-0.99426,1
7113,4391,27,521,0,960,264,13276,2214,15490,-0.0635702,-0.0735556,-0.995263,1
5158,4128,26,464,0,894,276,10946,2257,13203,-0.0704489,-0.0852268,-0.993868,1
5079,4101,31,537,0,940,277,10965,1896,12861,-0.0793079,-0.094926,-0.99232,1
3598,2723,17,311,0,652,200,7501,1477,8978,-0.073103,-0.0771277,-0.994338,1
2605,1915,13,225,0,427,119,5304,1070,6374,-0.0559157,-0.0852705,-0.994788,1
5345,3940,36,477,0,911,270,10979,2629,13608,-0.0512527,-0.0589405,-0.996945,1
5315,3907,28,502,0,811,257,10820,1780,12600,-0.0356918,-0.0858321,-0.99567,1
2592,1804,14,209,0,430,114,5163,1271,6434,-0.0497638,-0.0637479,-0.996725,1
4851,3239,32,400,0,724,200,9446,2270,11716,-0.065592,-0.0352346,-0.997224,1
3094,1970,16,234,0,488,128,5930,1583,7513,-0.0797401,-0.0748066,-0.994005,1
3979,2290,21,288,0,554,152,7284,2119,9403,-0.0626876,-0.0459948,-0.996973,1
4081,2043,23,247,0,468,138,7000,2157,9157,-0.0471343,-0.0398715,-0.998092,1
4154,2191,26,263,0,494,150,7278,2312,9590,-0.025338,0.0244797,-0.999379,1
4286,2358,26,256,0,545,146,7617,2264,9881,-0.0124631,0.0497695,-0.998683,1
4164,2140,31,308,0,522,158,7323,2385,9708,-0.0149073,0.0622876,-0.997947,1
4293,2078,31,301,0,491,149,7343,2347,9690,-0.0138891,0.162521,-0.986607,1
4153,2401,33,329,0,464,147,7527,2531,10058,0.005031,0.174057,-0.984723,1
2348,1068,16,132,0,242,76,3882,906,4788,-0.0110422,0.0604753,-0.998109,1
1735,925,12,137,0,200,56,3065,893,3958,-0.0103257,0.0708016,-0.997437,1
4222,2284,30,319,0,524,165,7544,3061,10605,0.00330772,0.111058,-0.993808,1
4825,2503,30,355,0,581,162,8456,2105,10561,-0.00346591,0.159124,-0.987253,1
3139,2068,21,269,0,482,139,6118,2458,8576,-0.0328257,0.108802,-0.993521,1
4769,3567,32,462,0,837,244,9911,2420,12331,-0.0216305,0.0805047,-0.99652,1
3675,2697,21,330,0,603,191,7517,1738,9255,-0.0146287,0.032126,-0.999377,1
5363,5074,38,786,0,1073,311,12645,1547,14192,0.00410355,0.122687,-0.992437,1
3023,2226,14,247,0,500,137,6147,1221,7368,-0.0227852,0.0533118,-0.998318,1
4951,4247,27,503,0,889,243,10860,2767,13627,0.0156118,0.0304777,-0.999414,1
5107,3629,27,392,0,800,206,10161,1419,11580,0.00104278,0.0713529,-0.997451,1
2936,1685,16,192,0,367,103,5299,1213,6512,-0.0227615,0.054865,-0.998234,1
5068,2418,26,309,0,577,155,8553,2381,10934,0.00761886,0.0593858,-0.998206,1
4657,1885,27,299,0,455,126,7449,1393,8842,-0.0109952,0.0211234,-0.999716,1
2816,1024,17,159,0,252,71,4339,1343,5682,-0.012444,-0.00383317,-0.999915,1
4198,1376,33,213,0,343,101,6264,2009,8273,0.00629675,0.0083526,-0.999945,1
4411,1763,36,304,0,418,114,7046,2411,9457,0.00177027,-0.0200227,-0.999798,1
4607,1611,27,235,0,385,132,6997,2298,9295,-0.0113564,-0.0421039,-0.999049,1
4532,1656,27,235,0,522,137,7109,2290,9399,-0.0180048,-0.0372656,-0.999143,1
3083,1011,19,138,0,232,70,4553,1664,6217,0.0144256,-0.0672117,-0.997634,1
4182,1273,25,177,0,328,92,6077,1940,8017,-0.00325585,-0.088237,-0.996094,1
3791,1248,29,193,0,308,99,5668,1960,7628,0.000411168,-0.0782661,-0.996932,1
4544,1383,26,189,0,302,108,6552,2543,9095,-0.00625681,-0.0947106,-0.995485,1
4046,1077,25,155,0,306,102,5711,2550,8261,-0.0191744,-0.0779495,-0.996773,1
3736,956,24,139,0,230,72,5157,2176,7333,0.0191899,-0.0822187,-0.99643,1
3765,1076,32,170,0,234,76,5353,2417,7770,0.0327219,-0.220917,-0.974744,1
3905,861,24,155,0,217,64,5226,2558,7784,0.0335451,-0.175405,-0.983925,1
2564,585,18,114,0,162,43,3486,1768,5254,0.0492109,-0.240923,-0.969296,1
3693,794,26,127,0,182,61,4883,3258,8141,0.0623621,-0.0320516,-0.997539,1
3649,879,25,156,0,247,73,5029,3515,8544,0.0396883,-0.310418,-0.949771,1
3794,1218,35,189,0,247,80,5563,4315,9878,0.0958845,-0.22057,-0.970647,1
3787,1373,28,196,0,326,86,5796,2407,8203,0.0739189,-0.394684,-0.915839,1
3728,1303,25,189,0,320,110,5675,2697,8372,0.0254454,-0.458492,-0.888334,1
3005,1214,21,147,0,264,79,4730,2278,7008,0.00770414,-0.0936557,-0.995575,1
3732,1521,29,266,0,380,112,6040,2616,8656,0.0237324,-0.0588868,-0.997983,1
3945,1404,25,217,0,353,109,6053,2329,8382,0.0132107,-0.0132531,-0.999825,1
3991,1585,30,247,0,395,119,6367,2718,9085,-0.00399856,-0.0521434,-0.998632,1
4068,1577,25,215,0,354,107,6346,3441,9787,-0.0121551,-0.00493423,-0.999914,1
3401,1596,22,200,0,403,123,5745,3214,8959,-0.00801556,-0.00780554,-0.999937,1
4308,2475,28,293,0,561,156,7821,4526,12347,0.00904342,0.116621,-0.993135,1
4230,2596,19,221,0,444,139,7649,2598,10247,-0.0203059,0.293969,-0.955599,1
1889,1204,9,123,0,254,69,3548,1978,5526,0.144109,0.0542965,-0.988071,1
2317,1839,14,203,0,424,115,4912,1828,6740,0.242529,-0.0622571,-0.968145,1
5218,3626,28,429,0,953,238,10492,2579,13071,0.188211,-0.0091424,-0.982086,1
4434,3702,24,456,0,889,239,9744,2343,12087,0.277939,-0.0110383,-0.960535,1
5175,4830,27,583,0,1122,299,12036,2168,14204,0.222799,-0.0384818,-0.974104,1
2838,2753,19,331,0,643,178,6762,1350,8112,0.202573,-0.0231964,-0.978992,1
5683,5539,36,689,0,1304,365,13616,2671,16287,0.207249,-0.0180985,-0.978121,1
3098,3016,18,361,0,736,199,7428,1839,9267,0.215088,-0.0551545,-0.975036,1
5986,5760,33,679,0,1418,382,14258,2696,16954,0.179829,-0.0589918,-0.981928,1
3891,3792,23,430,0,884,245,9265,1794,11059,0.176557,-0.0658478,-0.982085,1
3034,2905,18,345,0,713,190,7205,1360,8565,0.201237,-0.0840762,-0.975928,1
6238,6087,25,636,0,1288,356,14630,2008,16638,0.206102,-0.0787019,-0.97536,1
3112,2838,14,350,0,675,196,7185,1534,8719,0.0929857,-0.0218674,-0.995427,1
7058,5390,25,651,0,1409,396,14929,2327,17256,-0.0131032,0.0174474,-0.999762,1
3055,2603,13,314,0,648,179,6812,1134,7946,-0.0404812,-0.0291908,-0.998754,1
3679,2941,41,329,0,813,208,8011,1454,9465,-0.0499504,-0.00648348,-0.998731,1
5602,4420,31,459,0,1005,314,11831,1844,13675,-0.0364192,-0.000294047,-0.999337,1
3878,2695,18,334,0,652,171,7748,1571,9319,-0.0690833,-0.0308208,-0.997135,1
5611,3803,24,402,0,857,232,10929,2050,12979,-0.0832541,-0.0381295,-0.995799,1
3699,2705,19,336,0,629,167,7555,1566,9121,-0.0542478,-0.0335279,-0.997964,1
5319,3936,26,493,0,912,265,10951,2395,13346,-0.0513083,-0.0149336,-0.998571,1
3550,2675,17,328,0,634,168,7372,1586,8958,-0.0560426,-0.0291197,-0.998004,1
4017,2734,21,292,0,584,159,7807,1681,9488,-0.0545324,-0.0233992,-0.998238,1
4860,3308,39,401,0,737,220,9565,2274,11839,-0.0516284,-0.0352086,-0.998046,1
4464,3167,23,382,0,953,250,9239,1958,11197,-0.0745935,-0.010062,-0.997163,1
2645,1643,13,201,0,431,105,5038,1142,6180,-0.0553759,-0.0508116,-0.997172,1
2767,1712,15,227,0,424,111,5256,1422,6678,-0.0466312,-0.00495993,-0.9989,1
4028,2697,45,275,0,554,184,7783,2073,9856,-0.0482924,-0.0179278,-0.998672,1
4047,2264,23,304,0,502,162,7302,2176,9478,-0.0417694,-0.0327969,-0.998589,1
3928,2110,23,320,0,534,158,7073,2445,9518,-0.0493285,-0.0099055,-0.998733,1
3903,2000,22,281,0,523,163,6892,2256,9148,-0.0402326,-0.0277258,-0.998806,1
4227,2068,32,306,0,512,144,7289,2340,9629,-0.0326031,-0.0476038,-0.998334,1
4207,2104,26,321,0,508,156,7322,2490,9812,-0.0477231,-0.0283284,-0.998459,1
4264,2092,26,309,0,514,184,7389,2336,9725,-0.056819,-0.0253969,-0.998061,1
4054,2000,26,267,0,468,134,6949,2252,9201,-0.0499994,-0.0210388,-0.998528,1
4178,1876,26,236,0,472,145,6933,2000,8933,-0.0644,-0.00125943,-0.997923,1
2991,1354,18,162,0,322,97,4944,1532,6476,-0.0500885,0.00799656,-0.998713,1
4030,1778,25,251,0,380,124,6588,2031,8619,-0.0573595,0.0592208,-0.996596,1
3711,1676,24,314,0,421,116,6262,2014,8276,-0.0402918,0.0058743,-0.999171,1
4126,1817,26,264,0,495,152,6880,2394,9274,-0.0380651,0.030768,-0.998801,1
4098,1798,29,281,0,428,123,6757,2385,9142,0.0107112,0.0991352,-0.995016,1
4194,1905,26,313,0,623,199,7260,2300,9560,0.0184024,0.152255,-0.98817,1
2921,1735,19,234,0,388,129,5426,2122,7548,0.0810345,0.160304,-0.983736,1
3961,2330,25,309,0,526,153,7304,4350,11654,0.0612202,0.191677,-0.979547,1
4258,2562,27,313,0,638,171,7969,4789,12758,0.01772,0.161442,-0.986723,1
3177,2203,18,278,0,485,140,6301,2663,8964,0.154871,0.144616,-0.977293,1
3599,2547,18,337,0,542,180,7223,2717,9940,-0.0441276,0.0307173,-0.998554,1
4054,2769,41,305,0,600,168,7937,1451,9388,-0.134791,0.102032,-0.985607,1
3545,3172,23,489,0,870,262,8361,15194,23555,-0.0541883,0.504383,-0.861778,1
1621,1324,9,151,0,278,88,3471,2970,6441,-0.0432297,0.523318,-0.85104,1
2111,1658,10,191,0,352,108,4430,2221,6651,-0.0474321,0.541873,-0.839121,1
5019,3847,24,416,0,876,238,10420,3515,13935,-0.0355946,0.0193964,-0.999178,1
4911,3830,49,426,0,1033,246,10495,1594,12089,0.0179277,-0.0329448,-0.999296,1
2615,2091,16,233,0,467,133,5555,1027,6582,0.0114356,0.0108836,-0.999875,1
5325,4134,33,472,0,890,254,11108,2286,13394,0.023853,0.00715845,-0.99969,1
5394,3957,28,505,0,869,270,11023,2355,13378,0.00594811,0.0475173,-0.998853,1
5591,3963,35,558,0,698,174,11019,1638,12657,0.0222536,0.0141656,-0.999652,1
2722,1774,14,205,0,379,124,5218,1838,7056,0.0176918,0.0163043,-0.999711,1
4333,2530,24,310,0,549,150,7896,2016,9912,-0.031883,0.0901765,-0.995415,1
5002,2580,32,323,0,544,169,8650,2570,11220,-0.0113095,0.107868,-0.994101,1
3351,1323,19,166,0,260,79,5198,1287,6485,-0.0054768,0.0216885,-0.99975,1
2731,851,16,106,0,175,56,3935,1093,5028,-0.0137576,0.020707,-0.999691,1
4494,1125,29,194,0,342,110,6294,2370,8664,-0.0102715,0.00646465,-0.999926,1
4314,671,24,110,0,169,56,5344,2225,7569,0.0149333,0.0383044,-0.999155,1
4125,571,25,107,0,146,50,5024,2695,7719,-0.00322747,0.0224857,-0.999742,1
4259,525,27,116,0,159,50,5136,2836,7972,0.00958919,0.011231,-0.999891,1
3997,468,35,109,0,133,50,4792,2242,7034,-0.00539306,-0.0230081,-0.999721,1
4002,441,32,104,0,115,53,4747,2643,7390,0.0087492,-0.0386733,-0.999214,1
4068,453,29,85,0,138,58,4831,2214,7045,-0.00347205,-0.012286,-0.999918,1
3648,451,30,90,0,117,53,4389,2188,6577,0.0390125,-0.0293583,-0.998807,1
3921,668,31,124,0,187,62,4993,2947,7940,0.0185667,-0.0218265,-0.999589,1
3543,535,25,111,0,143,51,4408,2298,6706,-0.0336793,-0.0153915,-0.999314,1
3535,774,25,113,0,191,61,4699,2366,7065,-0.00849889,-0.0476941,-0.998826,1
4084,995,31,171,0,274,88,5643,2234,7877,-0.0340572,-0.0253882,-0.999097,1
4106,1335,29,181,0,316,106,6073,2262,8335,-0.0475249,-0.0175831,-0.998715,1
4002,1821,30,233,0,476,139,6701,2264,8965,-0.0738091,0.0355538,-0.996638,1
4681,2729,34,376,0,657,205,8682,3680,12362,-0.049553,-0.0343408,-0.998181,1
4458,3317,25,420,0,802,218,9240,2777,12017,-0.0432411,0.0628129,-0.997088,1
5424,4539,30,567,0,1126,330,12016,4655,16671,-0.00965016,0.340296,-0.940269,1
2398,2353,13,282,0,552,149,5747,1452,7199,0.0625548,0.315866,-0.946739,1
5922,6060,30,727,0,1402,395,14536,3005,17541,0.254276,0.085354,-0.963358,1
3211,3113,15,381,0,817,212,7749,2116,9865,0.194311,0.0974414,-0.976088,1
4969,4939,25,565,0,1208,348,12054,2511,14565,-0.00205065,0.1161,-0.993235,1
6216,5147,19,433,0,882,238,12935,1666,14601,0.00802092,0.0796273,-0.996792,1
3051,2790,14,322,0,689,188,7054,1286,8340,0.00613529,0.0730651,-0.997308,1
5755,5279,29,663,0,1296,352,13374,2354,15728,0.0174718,0.0679859,-0.997533,1
3987,3274,17,397,0,820,220,8715,1460,10175,-0.0634899,0.0321662,-0.997464,1
4372,3476,25,467,0,819,240,9399,1771,11170,-0.0257269,0.0305024,-0.999204,1
5930,4311,30,570,0,1033,326,12200,2144,14344,-0.0747907,0.0546598,-0.9957,1
3918,2663,22,349,0,657,203,7812,1906,9718,-0.0603687,0.023902,-0.99789,1
5297,3633,26,373,0,879,235,10443,2251,12694,-0.0636368,0.0406642,-0.997144,1
5245,3169,33,388,0,722,210,9767,2029,11796,-0.0151083,0.0468836,-0.998786,1
5109,3171,28,338,0,739,225,9610,2466,12076,-0.0195285,0.0837137,-0.996298,1
4438,2613,30,466,0,825,166,8538,2244,10782,-0.0175317,0.0554916,-0.998305,1
5179,2963,29,412,0,705,216,9504,2769,12273,-0.0184826,0.0950101,-0.995305,1
4991,2826,28,386,0,702,177,9110,1711,10821,-0.0338068,0.11262,-0.993063,1
2387,1317,15,161,0,311,85,4276,1450,5726,-0.0241845,0.0357358,-0.999069,1
4283,2271,25,304,0,540,151,7574,2629,10203,-0.0395408,0.145801,-0.988523,1
4710,2068,23,295,0,481,159,7736,2443,10179,-0.0197896,0.153542,-0.987944,1
3842,1852,21,297,0,429,152,6593,2211,8804,-0.0343945,0.167754,-0.985229,1
2690,1297,16,163,0,307,88,4561,1455,6016,-0.0188582,0.109036,-0.993859,1
4112,2047,27,281,0,469,156,7092,2498,9590,-0.000263814,0.223602,-0.97468,1
4405,2232,26,242,0,445,131,7481,2291,9772,0.0183115,0.212136,-0.977069,1
4194,2013,32,285,0,486,152,7162,2360,9522,0.011945,0.22244,-0.974873,1
4297,2162,27,310,0,482,166,7444,2644,10088,0.015854,0.192757,-0.981118,1
4275,2240,28,267,0,552,148,7510,2585,10095,0.0084016,0.208177,-0.978055,1
4311,2376,31,350,0,609,171,7848,2010,9858,0.0624469,0.189375,-0.979917,1
3595,2123,22,254,0,477,140,6611,1885,8496,-0.0175653,0.110629,-0.993707,1
4375,2600,26,327,0,607,192,8127,2366,10493,-0.0155908,-0.0101212,-0.999827,1
4373,2562,31,323,0,610,191,8090,2175,10265,0.00977505,0.111021,-0.99377,1
3042,1864,24,254,0,442,127,5753,1462,7215,0.011267,0.0447923,-0.998933,1
4498,2795,35,440,0,744,183,8695,2233,10928,0.015261,0.0869457,-0.996096,1
3928,2375,25,287,0,550,154,7319,2230,9549,-0.00637251,0.0401992,-0.999171,1
4403,2590,27,320,0,605,170,8115,2190,10305,0.0670103,0.127924,-0.989518,1
2820,2007,21,216,0,425,109,5598,1449,7047,0.0254502,-0.00112514,-0.999675,1
4476,2629,27,320,0,608,171,8231,3051,11282,-0.00537189,0.146308,-0.989224,1
2995,1913,20,229,0,462,121,5740,2314,8054,0.072945,0.15887,-0.984601,1
3977,2391,26,282,0,650,157,7483,3039,10522,0.0288396,-0.168894,-0.985212,1
4025,2547,27,315,0,565,162,7641,2471,10112,0.0243611,0.180869,-0.983205,1
4680,3094,33,390,0,685,211,9093,2272,11365,0.0312639,0.215425,-0.97602,1
4525,2448,22,278,0,550,175,7998,1366,9364,0.04421,0.177973,-0.983042,1
1726,1887,16,239,0,337,99,4304,826,5130,0.060079,0.122423,-0.990658,1
4229,3599,30,412,0,845,230,9345,2159,11504,0.0355132,0.0873981,-0.99554,1
4399,4050,34,497,0,936,260,10176,1648,11824,-0.0596002,-0.0126772,-0.998142,1
3170,2561,20,323,0,584,184,6842,1601,8443,0.0669235,0.0366478,-0.997085,1
4491,3727,31,418,0,847,234,9748,1973,11721,0.057868,0.0905098,-0.994213,1
4276,3933,38,555,0,910,269,9981,2129,12110,0.030895,0.0677569,-0.997223,1
4477,3585,30,470,0,819,233,9614,1466,11080,0.0113569,0.0761105,-0.997035,1
2465,2064,20,243,0,459,135,5386,1554,6940,0.0138568,0.0361122,-0.999252,1
5051,3956,35,483,0,913,276,10714,2514,13228,-0.0207505,0.000872648,-0.999784,1
3448,2730,23,315,0,679,211,7406,1605,9011,0.00696521,0.0468143,-0.998879,1
5088,3949,35,466,0,918,339,10795,2184,12979,0.0177101,0.0643597,-0.99777,1
4967,4014,41,571,0,993,263,10849,2155,13004,-0.0317853,-0.0245051,-0.999194,1
3406,2724,22,368,0,720,180,7420,1746,9166,-0.0195683,-0.00530139,-0.999794,1
4450,3674,30,469,0,826,259,9708,2092,11800,0.0666221,-0.385458,-0.920317,1
4515,4224,42,448,0,920,262,10411,2162,12573,0.0277656,0.00799498,-0.999582,1
3120,2571,23,339,0,629,175,6857,1612,8469,-0.00924233,-0.00307118,-0.999953,1
4909,4117,81,590,0,973,269,10939,2219,13158,-0.165122,0.149531,-0.974872,1
4891,4013,70,527,0,931,270,10702,1842,12544,0.000763074,0.0356346,-0.999365,1
3359,2670,28,328,0,649,194,7228,1979,9207,0.0301521,0.0115072,-0.999479,1
4879,3959,42,480,0,909,275,10544,2771,13315,0.0204609,0.0203657,-0.999583,1
4993,4017,40,543,0,1011,282,10886,2824,13710,-0.00019235,0.0318678,-0.999492,1
4855,4035,37,585,0,688,229,10429,1811,12240,0.000372399,0.0188159,-0.999823,1
2513,2155,19,263,0,491,136,5577,1658,7235,-0.0028678,0.0350041,-0.999383,1
5067,4126,34,537,0,993,294,11051,2763,13814,0.00781483,0.0264814,-0.999619,1
4954,4698,38,614,0,899,258,11461,1798,13259,0.0152855,0.0409102,-0.999046,1
2597,2127,18,301,0,504,154,5701,1383,7084,-0.00111892,0.0156641,-0.999877,1
4942,4076,36,616,0,928,331,10929,2384,13313,0.0164515,0.0154695,-0.999745,1
4874,4395,40,620,0,972,312,11213,1539,12752,-0.000181037,0.0324455,-0.999473,1
2531,2109,19,273,0,506,160,5598,1277,6875,0.02863,0.0173966,-0.999439,1
4801,4081,53,490,0,936,257,10618,2783,13401,0.0127444,0.0145239,-0.999813,1
4328,3607,31,409,0,839,230,9444,2437,11881,0.0162769,0.0366314,-0.999196,1
3101,2463,23,302,0,578,163,6630,1470,8100,-0.00777692,0.0114899,-0.999904,1
4334,4066,39,441,0,863,229,9972,2240,12212,0.00102636,0.00454996,-0.999989,1
4397,3596,31,429,0,829,238,9520,2486,12006,0.00707162,0.0242573,-0.999681,1
4473,3527,30,412,0,874,235,9551,2090,11641,0.0111402,0.0199554,-0.999739,1
4376,3564,32,436,0,901,254,9563,2821,12384,0.011952,0.0114153,-0.999863,1
3304,2645,23,320,0,595,186,7073,1670,8743,0.0254092,0.0144166,-0.999573,1
5762,3907,43,454,0,817,259,11242,2133,13375,-0.00279768,0.0279791,-0.999605,1
4479,3583,37,438,0,860,260,9657,3269,12926,0.0173267,0.0272843,-0.999478,1
3631,2719,22,333,0,578,195,7478,1662,9140,0.00885162,0.0104505,-0.999906,1
3117,2635,21,309,0,593,232,6907,2521,9428,-0.00304948,0.0310325,-0.999514,1
3271,2660,22,314,0,593,184,7044,1884,8928,0.0193202,0.0127006,-0.999733,1
3165,3056,26,414,0,910,265,7836,1908,9744,0.00794052,0.0125446,-0.99989,1
3228,3376,28,421,0,812,222,8087,1972,10059,0.0145258,0.0161119,-0.999765,1
4891,3754,32,420,0,813,231,10141,2051,12192,0.00159589,0.0210045,-0.999778,1
3085,2488,21,289,0,672,164,6719,1695,8414,-0.00267246,0.0226871,-0.999739,1
3913,3227,29,419,0,761,229,8578,2034,10612,0.0102507,0.0206419,-0.999734,1
4395,3584,31,461,0,833,260,9564,2651,12215,0.00354499,-0.00154613,-0.999993,1
4350,3650,31,456,0,835,230,9552,2405,11957,0.00832483,0.0141025,-0.999866,1
4428,3694,30,467,0,863,248,9730,2528,12258,-0.0172942,0.0266667,-0.999495,1
4426,3563,30,460,0,834,260,9573,1838,11411,0.0449692,-0.0506256,-0.997705,1
4510,3741,36,479,0,854,262,9882,1735,11617,0.0121193,-0.0241687,-0.999634,1
3153,2577,26,337,0,599,187,6879,1742,8621,-0.00287351,0.0433319,-0.999057,1
4941,3975,44,582,0,938,258,10738,2576,13314,0.000314536,0.0244766,-0.9997,1
3354,2742,28,361,0,636,185,7306,1841,9147,0.0195631,0.0172929,-0.999659,1
4823,3909,29,463,0,839,246,10309,2782,13091,0.000600552,0.0116767,-0.999932,1
4393,3652,38,539,0,871,235,9728,2215,11943,0.0170007,-0.00556694,-0.99984,1
3990,3258,27,430,0,764,212,8681,2286,10967,0.00588461,0.0270381,-0.999617,1
4909,4844,35,462,0,935,272,11457,2153,13610,-0.0142115,0.0156117,-0.999777,1
3307,2718,23,314,0,658,308,7328,1442,8770,0.0674143,0.0232175,-0.997455,1
4617,3731,34,470,0,926,256,10034,2557,12591,-0.000883122,0.0391827,-0.999232,1
4623,5040,38,686,0,1216,364,11967,1792,13759,0.00337953,0.0116368,-0.999927,1
4750,3890,30,451,0,867,258,10246,1661,11907,0.00999912,-0.00993347,-0.999901,1
2418,2018,17,238,0,459,141,5291,1913,7204,-0.00923654,0.0224864,-0.999704,1
3087,2384,19,292,0,539,169,6490,1274,7764,-0.0787707,0.0213582,-0.996664,1
4925,3968,36,567,0,930,302,10728,2295,13023,0.0100274,0.0171965,-0.999802,1
5031,3955,31,491,0,870,233,10611,1740,12351,0.00890524,0.0106704,-0.999903,1
2466,1978,24,257,0,466,128,5319,1287,6606,0.00627029,0.0252552,-0.999661,1
3777,3056,26,397,0,666,250,8172,2161,10333,0.0155953,0.00748417,-0.99985,1
3707,3099,25,365,0,707,245,8148,1893,10041,0.00379756,0.0325503,-0.999463,1
4077,2902,27,328,0,616,185,8135,2159,10294,-0.000896703,0.00437203,-0.99999,1
5012,3864,40,509,0,910,267,10602,2848,13450,-0.00859461,0.0062869,-0.999943,1
2965,2371,25,300,0,546,159,6366,1277,7643,-0.0094493,0.0176404,-0.9998,1
4512,3593,36,430,0,811,239,9621,-1000,-1000,-1,-1,-1,1
4548,3670,30,452,0,806,269,9775,9561,19336,0.00970002,0.0217464,-0.999716,1
3187,2572,21,332,0,611,166,6889,1704,8593,0.0234672,0.00858028,-0.999688,1
4065,3397,26,465,0,790,212,8955,2182,11137,-0.0164411,0.0233995,-0.999591,1
5237,4214,34,599,0,982,302,11368,2166,13534,-0.0145204,0.0168976,-0.999752,1
3409,2874,29,393,0,646,186,7537,1495,9032,-0.016067,0.0194799,-0.999681,1
4920,3950,34,429,0,1038,273,10644,2747,13391,0.00827308,0.0387824,-0.999213,1
3089,2437,32,313,0,571,164,6606,1771,8377,0.0371608,0.0158412,-0.999184,1
3966,3199,34,395,0,756,220,8570,1903,10473,-0.0255288,0.0547622,-0.998173,1
4001,3288,33,385,0,726,240,8673,1898,10571,0.00959896,0.00239375,-0.999951,1
4079,3401,34,401,0,1120,236,9271,2392,11663,0.0100864,0.0201562,-0.999746,1
4239,3299,48,538,0,1081,318,9523,2269,11792,-0.022641,0.0262867,-0.999398,1
2913,2355,30,287,0,536,159,6280,1416,7696,-0.151198,0.0245677,-0.988198,1
5692,3909,38,444,0,923,290,11296,1988,13284,0.0276777,0.0160791,-0.999488,1
3135,2610,23,364,0,626,163,6921,1617,8538,0.00507941,0.0119921,-0.999915,1
5728,4266,34,521,0,933,275,11757,2543,14300,-0.0164812,0.0365613,-0.999195,2
4581,3488,49,428,0,843,239,9628,1673,11301,-0.0100164,0.0341774,-0.999366,2
2919,2367,20,327,0,672,153,6458,1280,7738,-0.0922516,0.00796943,-0.995704,2
2899,2366,19,274,0,565,168,6291,2097,8388,0.00703909,0.0213433,-0.999747,2
3055,2407,21,292,0,558,171,6504,1639,8143,0.0106695,0.0128616,-0.99986,2
2991,2399,21,420,0,813,221,6865,1622,8487,-0.0113772,0.00482639,-0.999924,2
3011,2436,21,304,0,538,170,6480,1360,7840,-0.188338,-0.00829618,-0.982069,2
2899,2632,19,292,0,539,151,6532,1470,8002,0.0227316,0.0231878,-0.999473,2
4670,3630,34,413,0,810,260,9817,3113,12930,-0.0125414,0.00482369,-0.99991,2
4406,3825,33,424,0,844,226,9758,2043,11801,-0.11153,0.0179556,-0.993599,2
5020,4087,35,526,0,938,264,10870,2156,13026,0.00791045,0.00973927,-0.999921,2
4350,3675,32,425,0,586,197,9265,1735,11000,-0.00617424,0.0147596,-0.999872,2
2332,1600,14,205,0,388,105,4644,1054,5698,0.00479514,0.00252392,-0.999985,2
1589,1333,18,162,0,309,86,3497,806,4303,0.0102025,0.00854371,-0.999911,2
5126,4078,33,517,0,1025,277,11056,2253,13309,0.0128855,0.0177966,-0.999759,2
4435,3732,31,456,0,820,238,9712,2168,11880,-0.00650312,-0.00527343,-0.999965,2
3156,2627,23,342,0,623,177,6948,1950,8898,0.00926594,0.00403554,-0.999949,2
4087,3369,28,390,0,748,275,8897,2273,11170,0.0171227,-0.00633458,-0.999833,2
4062,3311,29,429,0,780,249,8860,1880,10740,0.000730869,0.0198248,-0.999803,2
2870,2380,34,296,0,542,161,6283,1652,7935,-0.00917263,0.00828007,-0.999924,2
4814,3736,30,456,0,937,258,10231,2288,12519,0.006792,0.0147773,-0.999868,2
3131,2996,38,463,0,704,177,7509,1454,8963,0.00178452,0.0184845,-0.999828,2
3934,3220,33,434,0,732,223,8576,2166,10742,0.00524857,0.0150544,-0.999873,2
5493,4230,37,554,0,910,294,11518,1753,13271,0.0155005,0.0134419,-0.99979,2
2604,2081,18,240,0,472,163,5578,1377,6955,0.00366786,0.0294387,-0.99956,2
4375,3778,31,470,0,806,258,9718,2606,12324,-0.00345378,0.0240352,-0.999705,2
4460,3682,31,507,0,899,260,9839,1654,11493,0.013278,0.0309482,-0.999433,2
4724,2963,21,318,0,592,164,8782,1141,9923,0.00158824,0.00548521,-0.999984,2
1782,1386,16,190,0,388,108,3870,936,4806,0.00203375,0.0194344,-0.999809,2
4071,3329,27,420,0,768,255,8870,2678,11548,0.00227885,0.0192203,-0.999813,2
4395,3329,32,439,0,762,235,9192,1455,10647,-0.00218158,0.0193884,-0.99981,2
3024,2377,21,299,0,555,194,6470,1306,7776,0.0376202,-0.00351772,-0.999286,2
3748,3034,25,396,0,706,219,8128,1726,9854,-0.0672708,-0.00660316,-0.997713,2
4047,4219,31,397,0,681,215,9590,1602,11192,-0.0325184,0.0158349,-0.999346,2
4971,4532,45,614,0,977,298,11437,2121,13558,-0.154687,0.0300121,-0.987508,2
4941,3689,31,424,0,731,178,9994,1267,11261,0.0143977,0.0113782,-0.999832,2
2107,1565,13,196,0,332,93,4306,922,5228,0.00135386,0.00811797,-0.999966,2
2170,1788,16,226,0,412,123,4735,1446,6181,0.0108173,0.0117576,-0.999872,2
4769,3628,32,444,0,830,235,9938,2563,12501,-0.0106393,0.0673097,-0.997675,2
4434,3925,31,484,0,806,225,9905,2032,11937,0.0100464,0.00614635,-0.999931,2
4394,3416,29,421,0,803,230,9293,2061,11354,0.0116453,0.0278773,-0.999544,2
4275,3310,28,442,0,764,210,9029,1718,10747,0.0117445,0.00611378,-0.999912,2
5016,4102,35,571,0,1013,298,11035,1751,12786,0.00968011,0.0178905,-0.999793,2
2618,2148,18,276,0,487,158,5705,1462,7167,0.00563707,0.00329736,-0.999979,2
5716,4014,31,478,0,933,294,11466,2115,13581,-0.00634704,0.023377,-0.999707,2
3158,2525,25,304,0,629,174,6815,2094,8909,0.00757965,0.0259385,-0.999635,2
3306,2522,29,330,0,661,168,7016,1637,8653,0.0123224,-0.00864961,-0.999887,2
5276,4014,35,515,0,958,262,11060,2661,13721,0.0182989,-0.00684487,-0.999809,2
4449,3706,39,475,0,734,182,9585,2049,11634,0.00243288,-0.00118185,-0.999996,2
2463,1983,20,261,0,517,156,5400,1367,6767,-0.00414043,0.0248403,-0.999683,2
4403,3579,35,495,0,887,236,9635,2692,12327,0.00705099,0.00334107,-0.99997,2
4472,3616,30,422,0,814,239,9593,2333,11926,0.0117663,-0.0093138,-0.999887,2
4136,3331,28,390,0,768,214,8867,2441,11308,0.00142296,0.00618265,-0.99998,2
4036,3316,28,378,0,742,209,8709,1813,10522,0.00215327,0.0287281,-0.999585,2
5720,4129,34,505,0,910,284,11582,2425,14007,0.0273645,0.0132959,-0.999537,2
4479,3615,30,444,0,608,170,9346,1683,11029,0.00889168,0.0252612,-0.999641,2
2626,2497,19,243,0,472,129,5986,1178,7164,0.0307351,-0.0143142,-0.999425,2
5853,3990,33,482,0,954,295,11607,2309,13916,0.0153302,-0.00730238,-0.999856,2
3152,2593,23,343,0,632,189,6932,1860,8792,0.00340271,0.00195277,-0.999992,2
4898,3219,29,375,0,738,211,9470,2223,11693,0.0192078,0.0206103,-0.999603,2
4116,3294,26,480,0,783,241,8940,1882,10822,0.017006,0.0368931,-0.999175,2
2913,2419,22,318,0,555,175,6402,1301,7703,0.0198514,0.0499275,-0.998556,2
4952,3606,31,462,0,915,261,10227,2056,12283,0.00634406,0.0240273,-0.999691,2
4503,3657,30,482,0,824,293,9789,2613,12402,0.0205749,-0.0115279,-0.999722,2
5096,4114,40,488,0,921,275,10934,1973,12907,0.00483666,-0.00435094,-0.999979,2
3441,2728,27,366,0,641,189,7392,2037,9429,0.0236394,0.00380931,-0.999713,2
4594,3672,38,437,0,809,244,9794,2233,12027,-0.00372347,0.0263586,-0.999646,2
3239,2595,26,333,0,599,192,6984,1982,8966,0.00970959,-0.0260632,-0.999613,2
2488,2235,22,294,0,461,130,5630,1340,6970,-0.00619895,0.0335892,-0.999416,2
5270,3582,30,466,0,858,248,10454,1810,12264,-0.0875635,0.62584,-0.77502,2
5462,3586,31,475,0,841,242,10637,3842,14479,-0.00320774,0.0309406,-0.999516,2
2440,1978,17,254,0,530,179,5398,1290,6688,-0.00323444,0.0176112,-0.99984,2
2476,1997,17,256,0,499,129,5374,1207,6581,0.00198305,0.0208752,-0.99978,2
5732,3606,36,430,0,833,243,10880,2884,13764,-0.01413,-0.00133258,-0.999899,2
4560,3658,37,434,0,813,240,9742,1348,11090,-0.374296,0.322536,-0.869409,2
2575,1962,21,252,0,457,134,5401,1277,6678,0.018833,0.00794454,-0.999791,2
5839,4001,37,478,0,911,293,11559,2979,14538,0.0156828,0.0214448,-0.999647,2
4481,3594,31,414,0,832,232,9584,2479,12063,0.00868087,0.00355554,-0.999956,2
3233,2677,25,310,0,585,174,7004,1756,8760,0.00038378,0.0130658,-0.999915,2
4544,3609,41,436,0,853,247,9730,2756,12486,-0.02024,-0.0147942,-0.999686,2
4720,3614,36,472,0,882,261,9985,2109,12094,-0.100224,0.0043784,-0.994955,2
5612,4303,34,494,0,942,285,11670,2642,14312,-0.0364524,0.0218571,-0.999096,2
4678,3647,30,445,0,811,255,9866,2181,12047,-0.0405912,0.0641266,-0.997116,2
4511,3820,33,490,0,823,287,9964,2081,12045,-0.0351371,0.0532983,-0.99796,2
5118,3902,35,426,0,810,241,10532,2314,12846,-0.0156406,0.037021,-0.999192,2
4821,3773,32,483,0,817,255,10181,2373,12554,0.002105,0.0194815,-0.999808,2
4593,3625,36,425,0,809,244,9732,2566,12298,0.0250122,0.0110615,-0.999626,2
4115,3494,28,385,0,746,218,8986,1854,10840,-0.0719468,0.00175731,-0.997407,2
4072,3326,28,377,0,797,211,8811,2041,10852,-0.0154408,-0.00168122,-0.999879,2
3023,2549,21,279,0,547,178,6597,1414,8011,-0.103468,-0.00304878,-0.994628,2
5160,3625,31,449,0,843,257,10365,2329,12694,-0.0354804,0.0202183,-0.999166,2
3239,2627,22,312,0,660,183,7043,1709,8752,-0.0365179,0.0577854,-0.997661,2
4183,3328,28,408,0,748,232,8927,1925,10852,-0.0176784,0.0469974,-0.998739,2
4087,3295,26,399,0,749,208,8764,1807,10571,0.00281743,0.0152838,-0.999879,2
4119,3423,29,396,0,747,241,8955,2275,11230,0.0184949,-0.00026351,-0.999829,2
5042,4189,34,551,0,919,264,10999,2900,13899,-0.00106876,0.00317713,-0.999994,2
3485,2774,25,355,0,625,178,7442,1920,9362,0.00551507,0.00359159,-0.999978,2
3587,2837,23,401,0,646,219,7713,1803,9516,0.00740656,-0.00507837,-0.99996,2
3588,2748,27,361,0,706,200,7630,1913,9543,0.0133436,-0.00784332,-0.99988,2
3650,3027,24,326,0,680,182,7889,2299,10188,0.0126033,0.0148091,-0.999811,2
4920,3842,30,479,0,880,250,10401,2504,12905,-0.00726088,-0.00837268,-0.999939,2
3309,2669,23,302,0,613,166,7082,-1000,-1000,-1,-1,-1,2
5002,3761,29,488,0,844,245,10369,8778,19147,-0.03467,0.0310316,-0.998917,2
2532,2037,20,238,0,466,134,5427,1478,6905,-0.0225284,0.0449855,-0.998734,2
5002,3911,30,467,0,870,247,10527,1958,12485,-0.0219394,0.0527848,-0.998365,2
4665,3737,30,458,0,862,233,9985,1606,11591,-0.0191695,0.0548,-0.998313,2
5115,4012,42,514,0,950,286,10919,2387,13306,-0.0180983,0.0470489,-0.998729,2
5040,4125,51,485,0,980,261,10942,2191,13133,-0.00334135,0.0181617,-0.999829,2
4533,3599,30,462,0,958,249,9831,1624,11455,-0.00170513,-0.0111848,-0.999936,2
3242,2671,21,361,0,629,177,7101,1680,8781,0.00159518,-0.00719092,-0.999973,2
4208,3324,26,379,0,743,212,8892,2283,11175,-0.0104239,-0.0227965,-0.999686,2
4206,3337,47,431,0,1078,212,9311,1526,10837,-0.275772,0.224991,-0.934521,2
2950,2462,20,312,0,594,173,6511,1410,7921,0.0250964,-0.00992851,-0.999636,2
5559,3866,37,460,0,896,279,11097,1834,12931,-0.00487028,0.00722764,-0.999962,2
3239,2722,22,380,0,609,211,7183,1774,8957,0.00244552,-0.00795047,-0.999965,2
3318,3151,23,300,0,583,165,7540,1857,9397,0.00910191,0.00350034,-0.999952,2
4188,3378,28,418,0,750,214,8976,2160,11136,-0.0178921,-0.00377277,-0.999833,2
6064,3910,35,466,0,923,296,11694,2172,13866,-0.10698,0.0327179,-0.993723,2
3338,3395,32,343,0,588,175,7871,1495,9366,-0.0255939,0.0234156,-0.999398,2
3231,2571,26,318,0,606,166,6918,2172,9090,-0.00762409,0.0167189,-0.999831,2
4734,3663,30,416,0,900,234,9977,2287,12264,0.00481723,-0.00337012,-0.999983,2
4616,3873,37,454,0,823,281,10084,2040,12124,0.0100111,-0.0196613,-0.999757,2
3426,2459,20,298,0,546,155,6904,1912,8816,-0.0250227,-0.000681481,-0.999687,2
3021,2418,21,323,0,561,174,6518,1504,8022,-0.258377,0.339667,-0.90436,2
5287,4188,30,475,0,874,246,11100,2519,13619,-0.0223221,0.0201018,-0.999549,2
4496,3683,38,450,0,828,242,9737,1553,11290,0.0915933,0.0240354,-0.995506,2
3214,2540,26,319,0,586,203,6888,1604,8492,0.0228241,-0.0154443,-0.99962,2
5982,4033,42,510,0,914,274,11755,1928,13683,-0.00524995,0.00452587,-0.999976,2
4634,3895,36,417,0,820,231,10033,2589,12622,-0.0056273,-0.0183129,-0.999816,2
3336,2693,26,343,0,608,178,7184,1894,9078,0.00754998,-0.00387615,-0.999964,2
4616,3641,38,453,0,820,248,9816,2718,12534,0.0231257,0.00204766,-0.99973,2
5059,3947,38,494,0,921,273,10732,2635,13367,0.00214108,-0.00038906,-0.999998,2
4761,3838,36,437,0,865,248,10185,2174,12359,-0.00455947,0.00606296,-0.999971,2
3293,2586,22,295,0,813,170,7179,2035,9214,-0.0177044,0.00200332,-0.999841,2
3383,2609,21,302,0,589,164,7068,1370,8438,-0.365664,0.316184,-0.875396,2
4755,3668,31,477,0,859,234,10024,2217,12241,0.00551199,0.00257638,-0.999981,2
4717,3713,30,482,0,816,233,9991,2573,12564,-0.0182523,-0.0124713,-0.999756,2
5053,3658,37,453,0,818,270,10289,-1000,-1000,-1,-1,-1,2
3488,2727,21,320,0,587,164,7307,6414,13721,-0.0318067,0.00999073,-0.999444,2
2533,1992,17,228,0,455,127,5352,1645,6997,0.140047,0.0245154,-0.989841,2
5009,4031,34,460,0,914,255,10703,2598,13301,0.00146728,0.00207251,-0.999997,2
3603,2661,23,339,0,625,180,7431,1906,9337,-0.00366078,0.00955156,-0.999948,2
4598,3688,31,470,0,836,266,9889,2517,12406,-0.0274766,-0.0123165,-0.999547,2
3281,2676,28,348,0,604,187,7124,1498,8622,0.0891205,0.0227285,-0.995761,2
4630,3629,30,436,0,878,273,9876,2158,12034,-0.00925759,0.00342015,-0.999951,2
3246,2587,21,302,0,586,165,6907,-1000,-1000,-1,-1,-1,2
5165,4137,32,617,0,1002,321,11274,6204,17478,0.0254479,0.0138271,-0.999581,2
2524,2019,18,263,0,467,145,5436,1161,6597,-0.0103263,-0.0178038,-0.999788,2
3875,3058,26,392,0,697,216,8264,-1000,-1000,-1,-1,-1,2
5428,4499,33,478,0,925,258,11621,6191,17812,-0.0802837,0.073107,-0.994087,2
2811,2098,17,245,0,482,134,5787,1256,7043,0.000114383,0.0164833,-0.999864,2
3232,2556,21,330,0,652,168,6959,1917,8876,0.0218265,0.00115017,-0.999761,2
4131,3271,26,418,0,786,213,8845,2055,10900,0.00157602,-0.00229612,-0.999996,2
5819,3734,29,470,0,874,237,11163,2616,13779,-0.0106496,-0.0101273,-0.999892,2
4595,3711,30,471,0,1181,304,10292,-1000,-1000,-1,-1,-1,2
3287,2672,26,318,0,589,175,7067,5097,12164,-0.0379845,0.035544,-0.998646,2
4840,3899,31,484,0,861,247,10362,2123,12485,-0.0433605,0.075288,-0.996219,2
4805,3732,29,497,0,895,263,10221,2290,12511,-0.0267031,-0.0262153,-0.9993,2
5195,3665,31,422,0,821,285,10419,1375,11794,-0.0476177,0.0136822,-0.998772,2
2512,2031,17,238,0,468,147,5413,1219,6632,-0.00759689,-0.00406291,-0.999963,2
5034,4090,34,478,0,917,259,10812,2562,13374,0.00379764,-0.00887083,-0.999953,2
3473,2779,22,365,0,655,180,7474,1741,9215,-0.0172818,-0.0207446,-0.999635,2
3731,2922,28,364,0,661,180,7886,1574,9460,-0.324584,0.384875,-0.864012,2
3522,2895,23,362,0,669,180,7651,1844,9495,-0.00731378,0.0196712,-0.99978,2
5317,3920,36,419,0,858,235,10785,1720,12505,0.00770316,-0.0071764,-0.999945,2
3250,2664,23,306,0,588,187,7018,1946,8964,-0.00520358,-0.00156009,-0.999985,2
4619,3787,29,478,0,820,332,10065,2251,12316,-0.00709128,0.00442354,-0.999965,2
5945,3719,32,539,0,836,259,11330,1350,12680,0.161135,0.133835,-0.977816,2
2556,2049,17,269,0,458,143,5492,1308,6800,-0.0181309,-0.00210494,-0.999833,2
3048,2501,20,377,0,548,172,6666,1555,8221,0.380323,-0.558251,-0.737367,2
4536,3747,38,481,0,850,278,9930,2120,12050,0.01528,-0.0403987,-0.999067,2
4813,3668,30,477,0,853,295,10136,2751,12887,-0.00279502,-0.0125961,-0.999917,2
3280,2706,22,357,0,624,168,7157,1898,9055,-0.0249768,-0.00690279,-0.999664,2
5051,3912,29,446,0,874,259,10571,3189,13760,0.0675589,0.329039,-0.941897,2
4006,2548,21,300,0,590,179,7644,1863,9507,-0.00397962,-0.00926772,-0.999949,2
3228,2553,23,298,0,582,165,6849,1551,8400,0.00969879,-0.0234268,-0.999679,2
5093,3590,29,421,0,831,242,10206,2472,12678,0.0144684,-0.022498,-0.999642,2
3273,2676,21,333,0,608,168,7079,1707,8786,0.00759925,-0.0238546,-0.999687,2
5083,4162,33,569,0,976,268,11091,2334,13425,0.000444197,-0.00819169,-0.999966,2
4558,3765,54,492,0,837,260,9966,1577,11543,-0.00797842,-0.00429382,-0.999959,2
3269,2675,21,349,0,662,183,7159,1391,8550,-0.124778,0.0904872,-0.98805,2
5265,4119,51,536,0,942,301,11214,2298,13512,0.0269528,-0.000450447,-0.999637,2
4580,4447,31,453,0,896,263,10670,1900,12570,-0.00364159,-0.00674236,-0.999971,2
2615,2123,17,278,0,492,148,5673,1472,7145,0.00748754,-0.00100245,-0.999971,2
4640,3754,29,492,0,854,246,10015,2637,12652,-0.0226124,-0.00615061,-0.999725,2
4845,3587,30,421,0,829,232,9944,1920,11864,-0.384376,0.331865,-0.861465,2
4667,3727,38,488,0,847,217,9984,1637,11621,-0.00792984,0.0148564,-0.999858,2
2487,1989,17,248,0,498,129,5368,1296,6664,0.00587833,-0.0244096,-0.999685,2
5265,4077,39,536,0,1020,294,11231,2900,14131,0.00248614,-0.00808288,-0.999964,2
4603,3684,30,734,0,870,275,10196,2087,12283,0.0225967,0.0219254,-0.999504,2
2847,2052,22,264,0,467,146,5798,1160,6958,-0.0287052,0.00543371,-0.999573,2
4724,3674,37,438,0,850,268,9991,1905,11896,0.0777222,0.0558323,-0.99541,2
4646,3939,39,528,0,796,168,10116,1350,11466,-0.0152186,0.00944801,-0.99984,2
2553,2175,17,276,0,484,152,5657,1204,6861,0.00855342,-0.00870157,-0.999926,2
4786,3916,29,532,0,903,279,10445,2448,12893,0.00410743,-0.0163587,-0.999858,2
5150,4191,33,477,0,951,311,11113,2368,13481,0.0148977,-0.00687367,-0.999865,2
4969,3846,36,593,0,881,267,10592,2029,12621,0.00673062,-0.0225585,-0.999723,2
3496,2692,21,340,0,615,169,7333,1673,9006,0.000355408,0.017387,-0.999849,2
4702,3796,31,472,0,865,245,10111,2540,12651,-0.0171864,-0.0134375,-0.999762,2
4730,3741,31,540,0,871,257,10170,1322,11492,-0.454741,0.118244,-0.88274,2
5242,4285,36,471,0,924,291,11249,2586,13835,0.0381739,0.0442799,-0.99829,2
3609,2700,18,252,0,537,138,7254,1279,8533,-0.0139046,0.0482398,-0.998739,2
2380,1849,12,192,0,341,103,4877,790,5667,-0.0115803,0.0617363,-0.998025,2
4857,3990,36,452,0,947,254,10536,2286,12822,-0.0200314,0.0895274,-0.995783,2
5155,4081,34,442,0,937,279,10928,2042,12970,-0.0125734,0.14403,-0.989493,2
3803,3018,43,390,0,597,191,8042,1326,9368,-0.0226736,0.0765212,-0.99681,2
2211,1582,13,189,0,356,108,4459,1015,5474,-0.0280177,0.13094,-0.990994,2
4897,3343,30,438,0,715,234,9657,1997,11654,-0.00260042,0.113958,-0.993482,2
3225,1985,18,249,0,439,119,6035,1289,7324,-0.0104497,0.0939978,-0.995518,2
5971,2643,29,318,0,597,189,9747,2821,12568,-0.0029045,0.1728,-0.984953,2
4912,2714,28,313,0,602,165,8734,1661,10395,-0.0137555,0.200353,-0.979627,2
2446,1283,15,174,0,313,70,4301,907,5208,-0.00487132,0.0825726,-0.996573,2
1839,759,16,97,0,175,56,2942,837,3779,0.00213418,0.0798447,-0.996805,2
4286,1704,32,220,0,420,127,6789,2099,8888,-0.00295093,0.0881638,-0.996102,2
4392,1532,32,200,0,366,118,6640,1483,8123,-0.00237682,0.0649932,-0.997883,2
3036,984,23,140,0,227,74,4484,1556,6040,0.0232496,0.0338371,-0.999157,2
3928,1062,24,150,0,258,79,5501,1997,7498,0.0186942,0.0514988,-0.998498,2
3887,1059,29,142,0,296,88,5501,1971,7472,0.0288884,0.108058,-0.993725,2
3855,893,24,123,0,215,67,5177,2387,7564,0.0210488,0.0639385,-0.997732,2
3759,819,24,150,0,221,73,5046,2150,7196,0.0140324,0.0740589,-0.997155,2
4003,705,24,112,0,181,60,5085,2570,7655,-0.0229113,0.0857736,-0.996051,2
4500,656,32,129,0,178,70,5565,2584,8149,-0.0122411,0.110678,-0.993781,2
3811,492,25,86,0,132,45,4591,2163,6754,-0.0374396,0.115094,-0.992649,2
4351,517,30,100,0,133,48,5179,3048,8227,-0.0651712,0.123647,-0.990184,2
4013,451,26,95,0,118,45,4748,2744,7492,-0.009948,0.0709318,-0.997432,2
4345,459,28,86,0,134,48,5100,2825,7925,-0.0365955,0.0730059,-0.99666,2
4171,485,28,116,0,196,68,5064,3132,8196,-0.0321555,0.105905,-0.993856,2
4403,626,29,117,0,207,62,5444,2575,8019,-0.0200225,0.141165,-0.989784,2
4534,751,27,131,0,266,73,5782,2954,8736,-0.00746035,0.136929,-0.990553,2
2873,580,19,94,0,157,48,3771,2309,6080,-0.00168653,0.144715,-0.989472,2
4278,1015,29,146,0,325,81,5874,6293,12167,0.00409876,0.187974,-0.982165,2
3813,1010,25,154,0,319,94,5415,6698,12113,-0.00584153,0.19551,-0.980684,2
2804,962,19,151,0,281,66,4283,4944,9227,-0.102393,0.203047,-0.973801,2
3671,1560,23,207,0,423,113,5997,3958,9955,-0.0724407,0.0490944,-0.996164,2
3977,2204,24,271,0,570,147,7193,2209,9402,-0.0243336,0.050675,-0.998419,2
4253,2930,23,392,0,728,195,8521,3875,12396,-0.034663,0.125766,-0.991454,2
4088,3476,26,390,0,804,225,9009,2655,11664,-0.11312,0.0977964,-0.988757,2
5751,5355,35,618,0,951,239,12949,1563,14512,-0.107585,0.193028,-0.975277,2
2613,2334,15,290,0,576,161,5989,1486,7475,-0.0912092,0.174968,-0.98034,2
6100,5210,31,609,0,1253,341,13544,2523,16067,-0.0700794,0.193671,-0.97856,2
4134,3786,23,415,0,869,238,9465,1383,10848,-0.0707522,0.190764,-0.979083,2
2414,2206,14,250,0,513,143,5540,1169,6709,-0.0386483,0.166353,-0.985309,2
5459,4567,47,500,0,1112,298,11983,2338,14321,-0.0351685,0.16712,-0.985309,2
3762,2695,22,322,0,850,205,7856,1900,9756,-0.0401373,0.15043,-0.987806,2
3410,2368,25,269,0,549,156,6777,1977,8754,-0.0613768,0.129224,-0.989714,2
4187,3033,22,354,0,692,197,8485,1908,10393,-0.0435894,0.0737547,-0.996323,2
5443,3022,27,379,0,1069,306,10246,1613,11859,-0.0769779,0.124483,-0.989231,2
2910,1658,16,211,0,393,121,5309,1270,6579,-0.11988,0.0919492,-0.988521,2
2665,1527,15,179,0,368,117,4871,1251,6122,-0.109547,0.0863822,-0.990221,2
5312,3137,30,389,0,699,189,9756,2163,11919,-0.136484,0.135829,-0.981286,2
5048,2499,29,329,0,606,179,8690,1845,10535,-0.104829,0.149087,-0.983252,2
3308,1434,25,184,0,345,106,5402,1645,7047,-0.0735286,0.132077,-0.988509,2
3882,1846,40,248,0,401,129,6546,2411,8957,-0.102365,0.189496,-0.976531,2
4608,1819,29,241,0,427,138,7262,2525,9787,-0.113631,0.257614,-0.959543,2
4078,1806,31,279,0,418,138,6750,2797,9547,-0.107356,0.272247,-0.95622,2
2771,890,12,114,0,225,64,4076,1360,5436,-0.0546563,0.159004,-0.985764,2
1858,815,13,105,0,229,59,3079,1318,4397,-0.0815447,0.169921,-0.982078,2
4101,1707,26,226,0,434,123,6617,2391,9008,-0.0883827,0.210952,-0.973493,2
4159,1691,26,226,0,473,139,6714,2436,9150,-0.0842811,0.241101,-0.966834,2
3969,1746,28,273,0,458,146,6620,2708,9328,-0.0615106,0.251562,-0.965885,2
4422,1790,26,263,0,493,164,7158,1997,9155,-0.0657145,0.240899,-0.968323,2
2753,1344,19,200,0,314,106,4736,1560,6296,-0.0273014,0.235235,-0.971555,2
4479,2273,26,288,0,513,153,7732,2263,9995,-0.0176111,0.227733,-0.973564,2
4706,2721,34,311,0,581,167,8520,2202,10722,-0.0185681,0.286652,-0.957855,2
2991,2522,20,293,0,544,172,6542,1443,7985,0.0184287,0.251949,-0.967565,2
3928,3538,30,463,0,783,246,8988,1919,10907,0.00682536,0.257051,-0.966374,2
4100,3876,35,642,0,1257,305,10215,2106,12321,-0.0262596,0.242415,-0.969817,2
3374,2978,35,356,0,673,201,7617,1427,9044,-0.0291347,0.256664,-0.966061,2
5526,4778,32,562,0,1103,299,12300,1539,13839,-0.0359519,0.25236,-0.966965,2
3378,2863,20,346,0,607,171,7385,1438,8823,-0.0436027,0.21609,-0.975399,2
5192,3742,28,419,0,827,231,10439,2102,12541,-0.0709717,0.216672,-0.973661,2
4409,3000,26,350,0,656,193,8634,2159,10793,-0.0555079,0.208174,-0.976516,2
4231,2629,28,335,0,605,165,7993,2143,10136,-0.036106,0.152599,-0.987628,2
5065,2068,26,247,0,454,131,7991,1951,9942,-0.0281258,0.164711,-0.985941,2
2939,1100,18,170,0,317,97,4641,1707,6348,-0.0325775,0.168949,-0.985086,2
4713,1413,26,211,0,373,137,6873,2777,9650,-0.0174728,0.208481,-0.97787,2
4456,1300,29,225,0,375,97,6482,2637,9119,-0.0269681,0.137101,-0.99019,2
3081,929,17,160,0,238,68,4493,2034,6527,-0.0507981,0.161011,-0.985644,2
4860,1541,29,243,0,367,126,7166,3354,10520,-0.0643971,0.226406,-0.971902,2
4620,1443,25,182,0,405,101,6776,3245,10021,-0.0785094,0.260821,-0.96219,2
3022,967,18,132,0,273,71,4483,1708,6191,-0.0301508,0.0984275,-0.994687,2
4654,1428,27,200,0,342,106,6757,2740,9497,-0.100493,0.170604,-0.980202,2
4489,1415,27,183,0,379,108,6601,2810,9411,-0.00913235,0.117448,-0.993037,2
4596,1334,29,248,0,350,97,6654,2658,9312,0.0295048,0.0930274,-0.995226,2
5172,1083,27,152,0,270,87,6791,2705,9496,-0.0093621,0.0993865,-0.995005,2
3979,974,26,166,0,332,82,5559,3191,8750,-0.01145,0.140934,-0.989953,2
4630,1072,32,161,0,264,98,6257,3478,9735,0.00577116,0.0906451,-0.995867,2
4019,1104,24,175,0,230,84,5636,2755,8391,-0.0859966,0.125798,-0.988322,2
3920,859,26,160,0,246,72,5283,2689,7972,-0.0812864,0.118885,-0.989575,2
4479,970,29,176,0,302,91,6047,3312,9359,-0.0286105,0.0733263,-0.996898,2
4259,820,24,130,0,207,102,5542,2852,8394,-0.0282626,0.0701517,-0.997136,2
4859,966,33,135,0,233,70,6296,3053,9349,-0.0279726,0.0797385,-0.996423,2
4366,802,26,179,0,298,77,5748,3298,9046,-0.0420233,0.103297,-0.993762,2
4477,987,28,148,0,323,89,6052,2605,8657,-0.0416094,0.100121,-0.994105,2
2970,822,20,143,0,253,79,4287,1570,5857,-0.0367976,0.134043,-0.990292,2
4342,1331,29,193,0,360,102,6357,2415,8772,-0.0126049,0.130701,-0.991342,2
4097,1501,25,198,0,386,107,6314,2882,9196,0.0296821,0.15433,-0.987573,2
4135,1842,27,244,0,470,138,6856,3234,10090,0.0554221,0.109351,-0.992457,2
4535,2208,28,363,0,802,165,8101,2108,10209,0.0874275,0.128911,-0.987795,2
4963,2846,64,365,0,718,208,9164,3813,12977,0.0748277,0.16745,-0.983037,2
3402,1788,14,174,0,349,100,5827,1874,7701,0.0655442,0.121397,-0.990438,2
1570,1088,9,124,0,247,70,3108,951,4059,0.0758666,0.0832718,-0.993635,2
1933,1718,14,204,0,409,116,4394,1192,5586,0.0919689,0.027466,-0.995383,2
5134,4300,30,542,0,1101,302,11409,2398,13807,0.0843953,0.0471306,-0.995317,2
4995,4582,30,579,0,1075,268,11529,1642,13171,0.051662,0.0308455,-0.998188,2
3014,2795,15,348,0,658,194,7024,1241,8265,0.0446644,0.014516,-0.998897,2
4641,6173,26,779,0,1274,326,13219,1529,14748,0.0606853,0.0720451,-0.995554,2
3364,3561,17,395,0,869,218,8424,2147,10571,0.0569232,0.0728333,-0.995718,2
5673,5717,30,658,0,1419,364,13861,1625,15486,0.0293159,0.154563,-0.987548,2
4104,4325,22,547,0,833,230,10061,1368,11429,-0.00807027,0.178818,-0.983849,2
5934,6075,27,618,0,1031,304,13989,1442,15431,-0.0123073,0.158188,-0.987332,2
3278,3431,17,386,0,831,220,8163,1398,9561,-0.0309057,0.13984,-0.989692,2
2941,3188,16,381,0,796,253,7575,1327,8902,-0.0389114,0.0829914,-0.99579,2
4515,4755,23,534,0,1103,304,11234,1715,12949,-0.0531862,0.106836,-0.992853,2
4478,4638,24,521,0,1080,310,11051,1731,12782,-0.0463658,0.0752573,-0.996086,2
3385,3485,15,431,0,824,233,8373,1339,9712,-0.0520634,0.0854895,-0.994978,2
5228,5411,27,638,0,982,258,12544,1702,14246,-0.0269757,0.137403,-0.990148,2
2944,3126,18,342,0,709,191,7330,1256,8586,0.00898131,0.146566,-0.98916,2
2948,3067,14,490,0,1020,249,7788,1608,9396,0.0123048,0.125231,-0.992051,2
5829,5647,26,664,0,1310,378,13854,3381,17235,-0.0250417,0.168626,-0.985362,2
4501,3872,18,422,0,889,237,9939,1825,11764,0.009748,0.154676,-0.987917,2
3969,3758,17,402,0,856,227,9229,1503,10732,0.00212919,0.135766,-0.990739,2
2524,2220,11,258,0,524,141,5678,1150,6828,-0.000851452,0.10681,-0.994279,2
5416,6135,31,804,0,1273,339,13998,1777,15775,-0.00593654,0.0813362,-0.996669,2
3822,3424,18,416,0,806,215,8701,1140,9841,-0.0110448,0.0726616,-0.997295,2
6069,5015,23,532,0,1135,302,13076,2178,15254,-0.00208941,0.0844855,-0.996423,2
3173,2659,14,261,0,552,138,6797,998,7795,-0.0397964,0.0738453,-0.996475,2
1860,1595,11,201,0,381,112,4160,738,4898,-0.0302162,0.0972293,-0.994803,2
3607,3256,16,401,0,776,243,8299,1432,9731,-0.0634899,0.0460299,-0.99692,2
6288,5452,27,688,0,1200,250,13905,1635,15540,-0.0565432,0.063544,-0.996376,2
6043,5416,32,661,0,1595,378,14125,1807,15932,-0.0431106,0.0663574,-0.996864,2
3043,2292,14,281,0,521,152,6303,903,7206,-0.0442996,0.0618437,-0.997102,2
5873,3516,19,398,0,639,190,10635,1221,11856,-0.0165267,0.0735227,-0.997157,2
2420,2175,12,258,0,516,147,5528,1069,6597,-0.0159948,0.0602073,-0.998058,2
6332,5511,26,685,0,1281,385,14220,2188,16408,-0.0188192,0.051805,-0.99848,2
3820,3390,17,381,0,804,228,8640,1124,9764,-0.0203459,0.0292811,-0.999364,2
4697,4169,20,504,0,963,274,10627,1592,12219,-0.00922011,0.0520533,-0.998602,2
4560,4025,21,501,0,952,279,10338,1361,11699,-0.00533076,0.0379998,-0.999264,2
3336,3110,14,350,0,741,206,7757,1215,8972,-0.0246602,0.0393611,-0.998921,2
4168,3638,19,414,0,900,308,9447,1525,10972,-0.030002,0.0342061,-0.998964,2
6116,5461,33,630,0,1265,424,13929,2279,16208,-0.0261342,0.0414123,-0.9988,2
3221,2414,13,269,0,569,145,6631,979,7610,-0.034835,0.0420769,-0.998507,2
2299,1619,10,237,0,391,117,4673,626,5299,-0.0445375,0.0515462,-0.997677,2
1546,1383,10,170,0,335,97,3541,590,4131,-0.0605752,0.0411754,-0.997314,2
2959,2530,12,283,0,563,168,6515,1096,7611,-0.0599974,0.0288051,-0.997783,2
5546,4814,24,573,0,1146,303,12406,1973,14379,-0.0399202,0.0550897,-0.997683,2
3882,3373,20,398,0,852,276,8801,1589,10390,-0.0373831,0.0410225,-0.998459,2
3801,3404,16,388,0,825,217,8651,1418,10069,-0.0546903,0.0351555,-0.997884,2
6101,5125,29,489,0,824,214,12782,1492,14274,-0.0520737,0.0449116,-0.997633,2
3003,2628,13,301,0,627,168,6740,1126,7866,-0.0378834,0.0439883,-0.998314,2
6020,4962,24,598,0,1227,307,13138,2427,15565,-0.0573094,0.0358351,-0.997713,2
3976,3661,19,397,0,811,217,9081,1508,10589,-0.0385025,0.0325566,-0.998728,2
5112,4559,27,492,0,1036,278,11504,1830,13334,-0.0306806,0.0388151,-0.998775,2
5011,4832,25,623,0,1057,300,11848,1447,13295,-0.0372774,0.053551,-0.997869,2
3593,3281,16,442,0,781,220,8333,1409,9742,-0.0287214,0.0435596,-0.998638,2
6041,5423,24,604,0,1295,331,13718,1820,15538,-0.0306575,0.0367554,-0.998854,2
6458,5652,27,665,0,1382,399,14583,2585,17168,-0.0545339,0.0441798,-0.997534,2
3350,2754,12,278,0,566,168,7128,1016,8144,-0.0552626,0.0430387,-0.997544,2
1976,1676,9,203,0,408,108,4380,665,5045,-0.037237,0.044325,-0.998323,2
1762,1496,8,177,0,358,94,3895,613,4508,-0.0302321,0.0240674,-0.999253,2
5961,5414,25,574,0,1178,314,13466,1863,15329,-0.0455431,0.0455881,-0.997922,2
5508,5755,23,589,0,1175,315,13365,1554,14919,-0.0250358,0.0220733,-0.999443,2
2997,2761,14,309,0,656,174,6911,1132,8043,-0.0472327,0.0158295,-0.998758,2
6998,5586,29,686,0,1350,347,14996,1377,16373,-0.0545226,0.0305811,-0.998044,2
3012,2734,12,336,0,664,187,6945,1080,8025,-0.0418201,0.0464764,-0.998044,2
6255,5311,25,560,0,1173,316,13640,1559,15199,-0.0366059,0.0771071,-0.996351,2
6080,5641,26,688,0,1308,389,14132,2642,16774,-0.0366944,0.0499974,-0.998075,2
3381,2443,12,288,0,584,176,6884,967,7851,-0.0428046,0.0628789,-0.997103,2
1883,1528,9,214,0,354,96,4084,621,4705,-0.0237873,0.0508901,-0.998421,2
2229,1977,10,238,0,467,126,5047,807,5854,-0.0461608,0.0241031,-0.998643,2
