Downsample[ns],BuildFilTree[ns],SearchFil[ns],DeleteFil[ns],BuildTreeSub[ns],SearchSub[ns],DeleteSub[ns],PreProcTotal[ns],Plane[ns],Total[ns],nx,ny,nz,planeCount
6974,4734,111,655,0,950,171,13595,2093,15688,0.0119033,-0.162046,-0.986711,0
3303,1889,17,227,0,491,126,6053,978,7031,0.000358584,0.0271703,-0.999631,0
2599,1684,14,185,0,405,105,4992,854,5846,0.0111563,0.0216268,-0.999704,0
5936,3675,33,446,0,964,242,11296,1944,13240,-0.00632045,0.0276423,-0.999598,0
6264,3604,33,430,0,932,253,11516,1663,13179,-0.0041757,0.0239007,-0.999706,0
4160,2525,22,294,0,655,168,7824,1347,9171,-0.00545556,0.0264352,-0.999636,0
6029,3707,31,449,0,945,244,11405,1981,13386,-0.00197516,0.00421847,-0.999989,0
4051,2521,22,291,0,648,167,7700,1307,9007,0.013642,0.00216743,-0.999905,0
4958,3042,25,349,0,772,199,9345,1657,11002,0.0139455,0.0295865,-0.999465,0
6023,3722,32,426,0,953,250,11406,1628,13034,-0.00780891,0.0324601,-0.999443,0
4067,2542,22,291,0,644,175,7741,1371,9112,0.00154106,0.0275076,-0.99962,0
4142,2556,22,310,0,666,169,7865,1379,9244,-0.00788104,0.0315572,-0.999471,0
6141,3624,49,426,0,935,240,11415,1991,13406,0.0205656,0.00379787,-0.999781,0
4067,2526,23,294,0,650,179,7739,1420,9159,0.0133549,0.00912026,-0.999869,0
5977,3724,32,436,0,953,245,11367,2073,13440,-0.00478086,0.0269858,-0.999624,0
5950,3441,22,305,0,663,169,10550,1205,11755,0.00353938,0.0283167,-0.999593,0
3150,1912,17,223,0,499,134,5935,1054,6989,-0.00483484,0.0295118,-0.999553,0
5991,3639,33,500,0,971,249,11383,1949,13332,-0.00590478,0.0279971,-0.999591,0
5948,3526,31,433,0,941,243,11122,1889,13011,-0.00763682,0.0244199,-0.999673,0
4173,2804,29,463,0,868,189,8526,1334,9860,-0.0035509,0.0240683,-0.999704,0
5402,3257,53,380,0,865,220,10177,1770,11947,-0.00087671,0.0222634,-0.999752,0
4101,2687,21,278,0,613,157,7857,1238,9095,-0.00844396,0.031637,-0.999464,0
6278,4332,31,434,0,1019,247,12341,1988,14329,-0.00763853,0.0255905,-0.999643,0
4117,2532,21,295,0,664,171,7800,1332,9132,-0.00222208,0.0205668,-0.999786,0
5950,3311,28,387,0,896,226,10798,1683,12481,-0.00684619,0.0274401,-0.9996,0
3817,2410,22,280,0,627,158,7314,1293,8607,-0.00640614,0.0290672,-0.999557,0
5980,3733,31,429,0,970,245,11388,2014,13402,-0.00848741,0.029455,-0.99953,0
6045,3759,33,447,0,660,194,11138,1356,12494,-0.00709381,0.0281695,-0.999578,0
3171,1938,17,224,0,504,137,5991,1060,7051,-0.0104613,0.0270731,-0.999579,0
6144,3767,33,432,0,968,245,11589,1923,13512,-0.0112391,0.0339544,-0.99936,0
4197,2630,23,298,0,661,181,7990,1326,9316,-0.00396616,0.0325969,-0.999461,0
4158,2568,22,306,0,662,174,7890,1327,9217,-0.00798705,0.0335608,-0.999405,0
6098,3716,30,431,0,981,248,11504,1330,12834,-0.00759811,0.0240681,-0.999681,0
4133,2598,23,340,0,661,196,7951,1368,9319,-0.00241684,0.0321072,-0.999482,0
5525,3330,29,395,0,927,228,10434,1706,12140,-0.00369204,0.0303762,-0.999532,0
5005,3028,26,354,0,823,216,9452,1595,11047,0.00200753,0.0281184,-0.999603,0
4955,3135,25,354,0,805,204,9478,1582,11060,-0.00185216,0.0257528,-0.999667,0
5017,3558,42,358,0,790,204,9969,1598,11567,-0.00589522,0.0294196,-0.99955,0
6069,3704,30,431,0,961,246,11441,1341,12782,0.00726921,0.0265241,-0.999622,0
3297,1987,17,229,0,505,129,6164,1100,7264,-0.00848089,0.0333606,-0.999407,0
6510,4374,33,484,0,965,249,12615,1941,14556,-0.0105269,0.00235395,-0.999942,0
6020,3361,21,297,0,661,169,10529,1191,11720,-0.00467107,0.0209541,-0.99977,0
3220,1996,18,250,0,510,151,6145,1047,7192,-0.00387361,0.022059,-0.999749,0
6039,3718,31,432,0,953,244,11417,1734,13151,-0.00529405,0.0298252,-0.999541,0
4241,2571,26,296,0,668,171,7973,1339,9312,-0.0118085,0.0200465,-0.999729,0
6758,3345,28,393,0,869,222,11615,1602,13217,-0.000752351,0.0219231,-0.999759,0
3939,2436,24,297,0,629,168,7493,1281,8774,-0.00102947,0.026079,-0.999659,0
6725,3913,39,503,0,997,259,12436,1436,13872,-0.0167804,0.039215,-0.99909,0
4219,2597,21,309,0,695,176,8017,1775,9792,-0.00251933,0.028332,-0.999595,0
5562,3481,27,398,0,898,229,10595,1372,11967,-0.0128334,0.027168,-0.999548,0
3939,2799,26,301,0,638,166,7869,1261,9130,-0.0113628,0.0181621,-0.99977,0
6003,3828,30,461,0,1008,265,11595,1368,12963,-0.00441474,0.0219502,-0.999749,0
4070,2984,26,388,0,725,181,8374,1348,9722,-0.00259028,0.0337659,-0.999426,0
5472,4080,29,407,0,916,229,11133,1476,12609,-0.016949,0.0334254,-0.999297,0
3889,2562,21,296,0,662,166,7596,1321,8917,-5.45787e-05,0.0298031,-0.999556,0
6634,3837,30,443,0,802,175,11921,1343,13264,-0.0273743,0.0354038,-0.998998,0
3168,2030,16,233,0,524,134,6105,1189,7294,0.0346849,0.0455528,-0.99836,0
6852,3776,31,443,0,988,254,12344,1636,13980,-0.022495,0.0418367,-0.998871,0
4175,3055,22,310,0,681,173,8416,1378,9794,-0.0230879,0.0340087,-0.999155,0
5026,3050,24,355,0,792,203,9450,1708,11158,-0.00974164,0.0519356,-0.998603,0
4928,3826,27,372,0,792,202,10147,1597,11744,-0.0055363,0.0582964,-0.998284,0
5075,3041,26,394,0,806,206,9548,1233,10781,-0.00595029,0.037547,-0.999277,0
3590,2260,19,261,0,578,148,6856,1195,8051,-0.0015994,0.0342703,-0.999411,0
6661,3784,34,436,0,978,250,12143,2050,14193,-0.00581667,0.032763,-0.999446,0
4131,2569,22,302,0,670,191,7885,1340,9225,-0.00605712,0.0255773,-0.999654,0
4256,3002,41,303,0,688,173,8463,1373,9836,-0.00767707,0.0338383,-0.999398,0
6890,3777,33,435,0,965,246,12346,1392,13738,-0.00845682,0.0346813,-0.999363,0
4211,2572,22,300,0,671,171,7947,1169,9116,-0.00492915,0.0372831,-0.999293,0
5561,3352,28,389,0,961,230,10521,1796,12317,-0.00406912,0.0318199,-0.999485,0
5500,2924,20,276,0,623,159,9502,1142,10644,-0.00573265,0.0284521,-0.999579,0
6137,3775,30,477,0,1023,267,11709,1479,13188,-0.00460993,0.0313322,-0.999498,0
3000,1842,16,215,0,496,125,5694,991,6685,-0.00720434,0.0308701,-0.999497,0
6130,3753,30,476,0,971,251,11611,1389,13000,0.00544418,0.0243879,-0.999688,0
3132,2109,20,303,0,635,136,6335,1042,7377,-0.00173306,0.0395953,-0.999214,0
5959,3692,31,456,0,984,249,11371,2015,13386,-0.00145972,0.0321552,-0.999482,0
6023,3677,30,428,0,979,171,11308,1380,12688,-0.00345842,0.0359901,-0.999346,0
3193,1979,17,227,0,511,131,6058,1246,7304,-0.006026,0.0352918,-0.999359,0
6120,3792,31,437,0,1057,262,11699,2065,13764,-0.00633486,0.0315139,-0.999483,0
6130,3761,37,459,0,990,253,11630,1484,13114,0.00152978,0.0270074,-0.999634,0
3164,1902,15,253,0,507,131,5972,1100,7072,0.000935998,0.0391457,-0.999233,0
6048,3719,28,400,0,860,221,11276,1779,13055,-0.00250531,0.0358662,-0.999353,0
3902,2389,19,316,0,614,158,7398,1331,8729,-0.0125288,0.045831,-0.998871,0
3989,2413,20,274,0,648,156,7500,1318,8818,-0.00978035,0.0492204,-0.99874,0
6041,3653,30,432,0,944,242,11342,2109,13451,-0.016594,0.0647334,-0.997765,0
3182,1889,16,223,0,488,126,5924,1131,7055,-0.00791438,0.0591756,-0.998216,0
5987,3581,27,392,0,989,242,11218,1521,12739,-0.00807392,0.0861513,-0.996249,0
4860,2904,26,331,0,750,190,9061,1762,10823,-0.00900627,0.103148,-0.994625,0
4820,2949,31,460,0,922,188,9370,1715,11085,0.0154498,0.123782,-0.992189,0
4396,2574,22,293,0,643,163,8091,1539,9630,-0.00309587,0.118478,-0.992952,0
4757,2512,23,295,0,695,168,8450,1677,10127,0.00240722,0.120597,-0.992699,0
3565,1734,17,219,0,472,133,6140,1140,7280,-0.0108255,0.107487,-0.994148,0
6368,2809,30,344,0,836,198,10585,2194,12779,-0.0288012,0.103681,-0.994194,0
4357,1896,28,330,0,494,126,7231,1522,8753,-0.0465398,0.133463,-0.989961,0
5558,2034,27,282,0,632,162,8695,1980,10675,-0.0232419,0.137999,-0.99016,0
4171,1379,23,190,0,432,116,6311,1333,7644,-0.019382,0.130258,-0.991291,0
6219,2161,29,273,0,657,157,9496,1958,11454,-0.0105785,0.163358,-0.98651,0
5544,1934,28,261,0,553,142,8462,1921,10383,-0.0136178,0.160209,-0.986989,0
4812,1275,19,166,0,362,93,6727,1455,8182,-0.0116085,0.167071,-0.985877,0
5866,2176,33,237,0,509,131,8952,2235,11187,-0.0133799,0.158999,-0.987188,0
6046,1186,25,196,0,326,87,7866,1191,9057,-0.0184284,0.171426,-0.985025,0
3522,846,16,116,0,252,65,4817,1715,6532,-0.01343,0.170705,-0.985231,0
5516,1226,27,179,0,371,96,7415,1980,9395,-0.0170439,0.183393,-0.982892,0
6073,1069,26,182,0,337,88,7775,1990,9765,0.0146869,0.169189,-0.985474,0
4002,686,18,101,0,209,54,5070,1456,6526,0.0130849,0.120234,-0.992659,0
5668,911,27,135,0,270,73,7084,2167,9251,0.0166868,0.158282,-0.987253,0
5344,938,25,149,0,274,75,6805,2061,8866,0.00185483,0.136756,-0.990603,0
5432,891,25,128,0,259,71,6806,2188,8994,-0.0115002,0.175891,-0.984343,0
5471,943,47,139,0,277,76,6953,1974,8927,-0.0277132,0.180334,-0.983215,0
3770,739,17,109,0,211,58,4904,1520,6424,0.00128145,0.122016,-0.992527,0
5772,1234,27,175,0,347,102,7657,2541,10198,-0.0117026,0.146429,-0.989152,0
5813,1445,27,189,0,395,119,7988,2111,10099,-0.0112923,0.144612,-0.989424,0
5776,1432,27,227,0,411,116,7989,1654,9643,-0.0136687,0.120557,-0.992612,0
3015,827,14,126,0,243,68,4293,1183,5476,-0.00653022,0.0988463,-0.995081,0
5781,1747,26,240,0,497,135,8426,2156,10582,-0.0148574,0.134862,-0.990753,0
5935,2017,27,282,0,571,151,8983,1924,10907,-0.00502549,0.171176,-0.985228,0
4069,1555,18,203,0,432,113,6390,2199,8589,-0.0104301,0.200398,-0.979659,0
6106,2542,26,326,0,695,182,9877,4026,13903,-0.0278158,0.193093,-0.980786,0
4211,2041,19,255,0,555,141,7222,2390,9612,-0.103154,0.244722,-0.964091,0
6179,3382,27,416,0,862,224,11090,3189,14279,-0.166791,0.388032,-0.906428,0
4405,2745,18,312,0,677,175,8332,2270,10602,-0.183693,0.401782,-0.897122,0
3384,2140,14,244,0,539,137,6458,2293,8751,-0.00528936,0.129286,-0.991593,0
6492,3935,28,448,0,1056,263,12222,2049,14271,-0.0109934,0.156277,-0.987652,0
4348,2436,21,288,0,643,162,7898,1393,9291,-0.0177012,0.129725,-0.991392,0
6190,3206,27,369,0,841,212,10845,1827,12672,0.0145754,0.173374,-0.984748,0
5385,2428,24,287,0,671,172,8967,1834,10801,-0.00454311,0.162058,-0.986771,0
5260,1770,23,232,0,534,131,7950,1352,9302,0.00235126,0.127106,-0.991886,0
5642,1640,26,214,0,512,125,8159,2129,10288,-0.00780091,0.177238,-0.984137,0
5601,1495,26,197,0,464,112,7895,2134,10029,-0.00938801,0.143649,-0.989584,0
5594,1412,25,191,0,435,108,7765,2060,9825,-0.0174588,0.163163,-0.986445,0
4990,1251,40,180,0,381,94,6936,2104,9040,-0.0242686,0.161818,-0.986522,0
5627,1426,26,187,0,426,105,7797,2374,10171,-0.0458413,0.27087,-0.961524,0
5723,1490,28,198,0,450,112,8001,2201,10202,-0.0320856,0.303367,-0.952333,0
4020,1038,17,152,0,303,76,5606,1548,7154,-0.0101245,0.305889,-0.952013,0
5706,1480,22,203,0,429,112,7952,2338,10290,-0.018432,0.275343,-0.961169,0
5699,1560,22,221,0,457,117,8076,1697,9773,0.0136511,0.323545,-0.946114,0
3674,1027,14,137,0,303,83,5238,1540,6778,-0.0113803,0.313239,-0.949606,0
5805,1869,36,244,0,552,142,8648,2656,11304,-0.0264164,0.339222,-0.940335,0
5959,2142,24,279,0,607,157,9168,2780,11948,-0.0300915,0.377868,-0.92537,0
4086,1777,16,216,0,481,123,6699,1646,8345,-0.00216611,0.358677,-0.933459,0
5985,3041,26,362,0,805,208,10427,2334,12761,-0.00373411,0.429623,-0.903001,0
6096,3576,28,428,0,893,208,11229,1407,12636,0.00298167,0.40924,-0.912422,0
3276,2077,16,239,0,535,136,6279,1088,7367,-0.00385944,0.345433,-0.938436,0
6301,3585,31,433,0,941,235,11526,1752,13278,0.0169561,0.358781,-0.933268,0
5386,2695,37,355,0,743,185,9401,1921,11322,0.0153124,0.327745,-0.944642,0
6011,2630,39,335,0,884,259,10158,2180,12338,0.0128214,0.368135,-0.929684,0
4053,1454,22,193,0,437,107,6266,1560,7826,0.00779563,0.272845,-0.962026,0
5773,1933,28,253,0,567,143,8697,2496,11193,0.0423664,0.333222,-0.941896,0
5732,1851,28,241,0,586,151,8589,2248,10837,0.0204699,0.240025,-0.970551,0
4330,1196,18,177,0,354,111,6186,1582,7768,0.0239407,0.222196,-0.974708,0
5057,1444,24,187,0,410,139,7261,2061,9322,0.00570193,0.217692,-0.976001,0
5576,1316,26,178,0,393,99,7588,2578,10166,0.00750067,0.21647,-0.97626,0
5958,1093,28,153,0,490,135,7857,1558,9415,0.00995174,0.193549,-0.98104,0
3445,589,31,86,0,187,46,4384,1381,5765,0.0163314,0.194664,-0.980734,0
4375,699,21,132,0,254,95,5576,1906,7482,0.00937766,0.175888,-0.984365,0
5314,860,27,128,0,265,69,6663,1826,8489,0.0178424,0.222,-0.974883,0
3685,679,17,96,0,196,52,4725,2294,7019,0.0161543,0.172334,-0.984906,0
5520,1124,24,159,0,309,85,7221,2561,9782,0.0431648,0.170376,-0.984433,0
3627,758,17,111,0,223,60,4796,1802,6598,0.0116561,0.154288,-0.987957,0
5764,1414,26,194,0,382,105,7885,2348,10233,0.0140116,0.183306,-0.982956,0
3642,1163,21,203,0,384,107,5520,1427,6947,0.00524932,0.169327,-0.985546,0
5883,1745,26,238,0,738,180,8810,2656,11466,0.00763195,0.177685,-0.984058,0
4012,1391,19,181,0,360,98,6061,1841,7902,0.0202048,0.188506,-0.981864,0
3871,1436,18,187,0,367,99,5978,1662,7640,0.033946,0.145902,-0.988716,0
5930,2525,26,331,0,734,176,9722,2577,12299,0.0184986,0.141789,-0.989724,0
6030,2777,29,359,0,695,188,10078,1789,11867,-0.000862327,0.179939,-0.983677,0
4238,2043,18,249,0,526,140,7214,2476,9690,0.00983981,0.143687,-0.989574,0
6282,3318,26,400,0,870,224,11120,3360,14480,-0.00856003,0.221548,-0.975112,0
4031,2449,18,281,0,613,163,7555,2698,10253,0.0708708,0.145872,-0.986762,0
4257,2808,17,309,0,691,178,8260,1566,9826,0.0198667,0.112457,-0.993458,0
6125,4291,28,479,0,1031,268,12222,2271,14493,0.0488135,0.131537,-0.990109,0
6184,3841,17,362,0,755,194,11353,1164,12517,0.0543022,0.147307,-0.987599,0
3926,2742,16,319,0,713,194,7910,1210,9120,0.0211414,0.14608,-0.989047,0
6402,3981,24,428,0,1084,278,12197,1295,13492,0.0441251,0.154858,-0.986951,0
3198,1886,14,232,0,503,139,5972,975,6947,0.0484704,0.127024,-0.990715,0
6212,3235,26,387,0,913,227,11000,2107,13107,0.0350163,0.182648,-0.982555,0
5983,2506,28,315,0,730,209,9771,1397,11168,0.0217311,0.143078,-0.989473,0
3134,1079,15,150,0,332,81,4791,1117,5908,0.00155185,0.136081,-0.990696,0
5727,1780,29,236,0,553,134,8459,2043,10502,-0.0310989,0.184033,-0.982428,0
5678,1631,29,214,0,536,125,8213,2184,10397,-0.0401463,0.214106,-0.975985,0
5745,1490,29,201,0,466,115,8046,1392,9438,-0.0473261,0.173321,-0.983728,0
5209,1413,26,211,0,423,103,7385,1925,9310,-0.049787,0.1949,-0.979559,0
4796,1332,22,176,0,400,99,6825,1785,8610,-0.0590903,0.159502,-0.985427,0
5830,1700,25,218,0,515,126,8414,2442,10856,-0.0463554,0.294791,-0.954437,0
3963,1233,17,152,0,372,85,5822,1757,7579,-0.0492403,0.174415,-0.98344,0
6475,1721,24,224,0,568,135,9147,2319,11466,-0.0847713,0.280295,-0.956164,0
5214,1621,21,208,0,450,119,7633,2047,9680,-0.0947442,0.276888,-0.95622,0
5676,1774,21,250,0,483,127,8331,2020,10351,-0.101719,0.321513,-0.941426,0
5201,1993,38,264,0,545,143,8184,1856,10040,-0.0682133,0.197484,-0.97793,0
3788,1586,17,194,0,417,110,6112,1312,7424,-0.0806585,0.227164,-0.970511,0
6027,2742,24,347,0,722,189,10051,2016,12067,-0.10599,0.242393,-0.964371,0
4198,2125,17,252,0,551,143,7286,1519,8805,-0.102527,0.233646,-0.966901,0
6162,3548,27,436,0,901,234,11308,1924,13232,-0.116547,0.298283,-0.947335,0
4015,2824,24,422,0,894,201,8380,1377,9757,-0.0988721,0.27329,-0.956837,0
5876,4288,26,505,0,1408,346,12449,1744,14193,-0.0990925,0.286292,-0.953004,0
4061,2654,20,309,0,691,175,7910,1314,9224,-0.110297,0.296371,-0.948683,0
6440,3288,29,378,0,850,214,11199,2003,13202,-0.122968,0.337457,-0.933275,0
5786,2823,29,338,0,785,200,9961,1617,11578,-0.113073,0.316894,-0.941697,0
5133,1998,24,252,0,607,144,8158,1924,10082,-0.107648,0.285456,-0.952327,0
4836,1772,24,227,0,509,125,7493,1879,9372,-0.119924,0.291627,-0.948985,0
5798,2053,29,256,0,556,140,8832,1511,10343,-0.114692,0.335567,-0.935008,0
3794,1150,18,152,0,357,87,5558,1361,6919,-0.103932,0.281284,-0.95398,0
3605,1014,18,135,0,309,76,5157,1395,6552,-0.0956021,0.21895,-0.971041,0
5682,1378,40,190,0,401,101,7792,2327,10119,-0.130754,0.244574,-0.960774,0
5456,1200,28,166,0,362,91,7303,1697,9000,-0.116524,0.206003,-0.971589,0
3765,771,20,106,0,227,57,4946,1578,6524,-0.084317,0.192061,-0.977754,0
5011,941,25,135,0,284,73,6469,2620,9089,-0.0660165,0.1705,-0.983144,0
4890,1013,24,143,0,299,77,6446,2216,8662,-0.0725898,0.157417,-0.984861,0
3629,791,17,111,0,228,60,4836,1562,6398,-0.0801936,0.148926,-0.985591,0
5790,1469,28,197,0,401,108,7993,2641,10634,-0.0567037,0.145231,-0.987772,0
5704,1693,28,259,0,453,128,8265,2004,10269,0.0109759,0.0738198,-0.997211,0
5196,1766,25,226,0,485,130,7828,2088,9916,-0.0676642,0.174935,-0.982252,0
5119,1951,24,253,0,538,143,8028,2256,10284,-0.0302669,0.139622,-0.989742,0
3857,1619,18,204,0,441,116,6255,1811,8066,-0.0487072,0.154629,-0.986771,0
6333,3074,33,351,0,796,240,10827,3407,14234,-0.0792878,0.205557,-0.975428,0
4207,2403,19,325,0,591,179,7724,3405,11129,-0.124041,0.24776,-0.960848,0
2635,1592,13,185,0,393,104,4922,1553,6475,-0.139227,0.194767,-0.970918,0
6004,3979,25,456,0,994,256,11714,2352,14066,-0.0738392,0.133926,-0.988237,0
6192,4533,26,537,0,1116,292,12696,1466,14162,-0.101032,0.141141,-0.984821,0
4401,3360,17,377,0,829,212,9196,1457,10653,-0.11888,0.157195,-0.980386,0
5599,3999,22,466,0,1135,333,11554,1586,13140,-0.0847896,0.122097,-0.98889,0
4119,2557,16,319,0,677,176,7864,1162,9026,-0.0633082,0.109877,-0.991927,0
6569,4614,28,455,0,1064,263,12993,1843,14836,-0.0942789,0.15388,-0.983581,0
5803,2938,22,369,0,800,224,10156,1272,11428,-0.087446,0.153116,-0.984332,0
3032,1315,13,162,0,373,93,4988,1008,5996,-0.0700624,0.111223,-0.991323,0
5949,2026,24,270,0,605,150,9024,2008,11032,-0.0936782,0.140735,-0.985605,0
5923,1959,27,253,0,605,148,8915,1979,10894,-0.0984626,0.118462,-0.988065,0
5895,1890,28,241,0,553,138,8745,1984,10729,-0.117012,0.142819,-0.982808,0
3771,1176,18,151,0,361,87,5564,1269,6833,-0.0962976,0.114606,-0.988733,0
5877,1861,29,242,0,544,137,8690,1814,10504,-0.139383,0.151688,-0.978552,0
5351,1831,25,223,0,494,128,8052,1296,9348,-0.136878,0.15532,-0.978335,0
4839,1693,21,209,0,453,118,7333,1686,9019,-0.145857,0.193581,-0.970182,0
5767,1847,21,231,0,495,133,8494,1380,9874,-0.15058,0.218773,-0.964087,0
3740,1356,15,167,0,359,96,5733,1336,7069,-0.140127,0.217821,-0.965877,0
5898,2127,23,271,0,566,153,9038,2092,11130,-0.156248,0.244168,-0.957062,0
4068,1641,15,197,0,416,113,6450,1464,7914,-0.127121,0.200718,-0.971366,0
6064,2431,22,328,0,672,178,9695,1996,11691,-0.150061,0.235718,-0.960166,0
4995,2349,20,298,0,600,161,8423,1793,10216,-0.160938,0.244741,-0.956138,0
5011,2614,19,312,0,661,177,8794,1671,10465,-0.161726,0.242754,-0.956512,0
4766,2622,20,308,0,655,180,8551,1568,10119,-0.178932,0.285267,-0.941598,0
6177,3116,22,349,0,735,194,10593,1410,12003,-0.187603,0.316344,-0.92991,0
4496,3272,20,366,0,784,207,9145,1428,10573,-0.14862,0.282318,-0.947739,0
5196,3432,20,391,0,873,237,10149,1174,11323,-0.121481,0.243192,-0.962341,0
3479,2535,16,282,0,638,168,7118,1066,8184,-0.129554,0.27976,-0.951289,0
4137,2723,19,310,0,697,176,8062,1276,9338,-0.111496,0.254034,-0.960747,0
5759,3413,29,419,0,892,224,10736,1899,12635,-0.0971309,0.244842,-0.964685,0
6083,3107,38,378,0,852,213,10671,1934,12605,-0.113637,0.27883,-0.953594,0
4164,1814,20,225,0,512,127,6862,1379,8241,-0.107524,0.225905,-0.968197,0
4088,1655,18,206,0,494,115,6576,1417,7993,-0.126521,0.212803,-0.968869,0
5977,2287,27,283,0,632,178,9384,1920,11304,-0.10981,0.211142,-0.971268,0
5500,1973,25,245,0,534,140,8417,1777,10194,-0.0931766,0.200787,-0.975194,0
5266,1760,26,222,0,481,124,7879,1849,9728,-0.0881801,0.206359,-0.974495,0
5732,1617,26,228,0,471,121,8195,2009,10204,-0.0943106,0.20811,-0.973548,0
5607,1339,27,184,0,392,104,7653,1830,9483,-0.0699364,0.182056,-0.980798,0
5392,1120,27,164,0,338,90,7131,2015,9146,-0.0684382,0.194754,-0.978462,0
5496,1081,27,154,0,317,90,7165,1896,9061,-0.0650125,0.19351,-0.978942,0
4876,997,23,147,0,287,79,6409,1935,8344,-0.0720028,0.177395,-0.981502,0
5651,1403,25,190,0,377,104,7750,2209,9959,-0.110825,0.216809,-0.969903,0
5732,1737,27,225,0,447,126,8294,1813,10107,-0.107284,0.185057,-0.976854,0
3958,1508,18,181,0,370,101,6136,1446,7582,-0.100277,0.18945,-0.976756,0
5823,2365,28,300,0,602,168,9286,2546,11832,-0.145489,0.261258,-0.954242,0
5373,2543,35,323,0,628,171,9073,5230,14303,0.0485687,0.0160323,-0.998691,0
4000,2191,18,253,0,518,143,7123,1301,8424,-0.0496367,0.144067,-0.988322,0
6369,3890,25,453,0,994,258,11989,2295,14284,-0.113261,0.170271,-0.978867,0
5107,2798,15,261,0,565,147,8893,1162,10055,-0.0882312,0.150342,-0.984689,0
2410,2049,12,200,0,419,110,5200,743,5943,-0.0699797,0.137506,-0.988026,0
6930,5238,35,575,0,1215,321,14314,2036,16350,-0.0810066,0.174641,-0.981294,0
6031,3182,14,284,0,753,197,10461,1107,11568,-0.0637686,0.131683,-0.989239,0
2418,1589,10,175,0,399,101,4692,712,5404,-0.069183,0.119207,-0.990456,0
3708,2261,16,281,0,558,146,6970,1130,8100,-0.0755542,0.137786,-0.987576,0
6603,3265,32,389,0,884,248,11421,1974,13395,-0.0863238,0.164515,-0.98259,0
6306,2694,26,327,0,745,192,10290,2199,12489,-0.0812768,0.159827,-0.983793,0
4146,1760,20,210,0,505,118,6759,1389,8148,-0.0768824,0.15258,-0.985296,0
5991,2281,29,282,0,623,161,9367,2021,11388,-0.0600072,0.168299,-0.983908,0
5877,2147,30,269,0,549,105,8977,1400,10377,-0.0655103,0.131002,-0.989215,0
3246,1163,17,141,0,322,82,4971,1091,6062,-0.0654239,0.151403,-0.986305,0
5998,2123,28,284,0,583,155,9171,2039,11210,-0.0866485,0.141143,-0.98619,0
6238,2128,26,268,0,573,156,9389,2228,11617,-0.110496,0.223541,-0.968411,0
4088,1479,18,191,0,390,106,6272,1464,7736,-0.119965,0.249067,-0.961028,0
5839,2097,23,261,0,552,154,8926,1367,10293,-0.112299,0.258289,-0.959518,0
4118,1489,18,193,0,387,106,6311,1440,7751,-0.104275,0.240943,-0.964921,0
6113,2348,28,292,0,607,167,9555,2024,11579,-0.103517,0.365861,-0.924895,0
6132,2621,24,322,0,575,126,9800,1469,11269,-0.0804395,0.366964,-0.926751,0
3225,1524,13,184,0,312,86,5344,840,6184,-0.0781136,0.267348,-0.960429,0
3517,1781,14,213,0,469,123,6117,1100,7217,-0.0752429,0.266494,-0.960895,0
6447,3744,27,423,0,895,243,11779,1436,13215,-0.0639827,0.326546,-0.943013,0
4496,2994,20,332,0,720,191,8753,1326,10079,-0.0355071,0.263893,-0.963898,0
6641,5105,29,551,0,1217,314,13857,2026,15883,-0.0610276,0.348486,-0.935325,0
4770,3392,23,352,0,749,197,9483,1166,10649,-0.0526447,0.290216,-0.955512,0
4085,2540,20,289,0,618,163,7715,1276,8991,-0.0406227,0.227396,-0.972955,0
7056,3563,29,417,0,918,234,12217,1881,14098,-0.0522148,0.253909,-0.965818,0
4225,1984,21,243,0,552,178,7203,1330,8533,-0.0526463,0.271536,-0.960987,0
4224,1820,20,223,0,477,139,6903,1369,8272,-0.0534991,0.272568,-0.960648,0
6120,2076,24,268,0,567,150,9205,1785,10990,-0.0481802,0.26649,-0.962633,0
5263,1931,24,246,0,518,138,8120,1862,9982,-0.0460715,0.242448,-0.96907,0
5827,1768,28,242,0,498,141,8504,2121,10625,-0.04731,0.270268,-0.961622,0
5763,1370,26,192,0,411,107,7869,1716,9585,-0.0298075,0.210145,-0.977216,0
5067,1093,24,153,0,313,84,6734,1834,8568,-0.0355481,0.224725,-0.973774,0
5482,998,27,149,0,299,81,7036,2135,9171,-0.0153955,0.168515,-0.985579,0
5443,1057,25,154,0,305,84,7068,1741,8809,-0.0350916,0.233089,-0.971822,0
5602,1198,27,178,0,348,97,7450,2134,9584,-0.0259589,0.201335,-0.979178,0
5965,1411,30,213,0,393,158,8170,1761,9931,-0.0284731,0.242407,-0.969757,0
4013,1112,17,154,0,362,85,5743,1536,7279,-0.0140757,0.189426,-0.981794,0
5989,1977,27,253,0,543,145,8934,2125,11059,-0.0134169,0.205863,-0.978489,0
4187,1553,19,213,0,416,118,6506,1805,8311,-0.0130006,0.20065,-0.979577,0
4336,1867,18,231,0,458,124,7034,1639,8673,-0.0189173,0.160378,-0.986874,0
6580,3133,26,425,0,844,219,11227,3396,14623,-0.0493337,0.37431,-0.92599,0
4571,2581,19,327,0,634,169,8301,2040,10341,0.00295988,0.10368,-0.994606,0
4340,2845,17,313,0,674,178,8367,1618,9985,0.00227658,0.130159,-0.99149,0
4411,3209,20,461,0,873,197,9171,1269,10440,-0.00687965,0.166874,-0.985954,0
4420,2953,18,341,0,736,189,8657,1300,9957,-0.0236136,0.178424,-0.98367,0
6804,4043,26,464,0,1032,266,12635,1979,14614,-0.0270674,0.283114,-0.958704,0
4434,2513,42,290,0,498,129,7906,1027,8933,-0.0384324,0.258137,-0.965343,0
2619,1153,13,138,0,298,77,4298,700,4998,-0.0315866,0.197928,-0.979707,0
2746,1104,12,134,0,310,78,4384,873,5257,-0.0287657,0.163556,-0.986115,0
5856,2168,27,269,0,617,158,9095,1992,11087,-0.0229203,0.17031,-0.985124,0
6299,2021,28,257,0,578,151,9334,1971,11305,-0.021648,0.168894,-0.985396,0
5831,1903,29,237,0,528,136,8664,1970,10634,-0.0134898,0.181852,-0.983233,0
5865,1846,30,235,0,517,134,8627,1982,10609,-0.0171054,0.164556,-0.986219,0
5867,1897,27,239,0,514,135,8679,2071,10750,-0.0460213,0.212213,-0.976139,0
5954,1916,27,243,0,520,138,8798,2005,10803,-0.0439177,0.182314,-0.982259,0
6157,1909,26,251,0,521,141,9005,2099,11104,-0.0576448,0.261499,-0.963481,0
6036,1821,24,244,0,501,136,8762,2682,11444,-0.0437233,0.28015,-0.95896,0
3903,1014,13,136,0,278,76,5420,921,6341,-0.0345141,0.302848,-0.952414,0
2579,831,12,136,0,327,95,3980,905,4885,-0.0307744,0.291106,-0.956196,0
6094,2041,23,270,0,562,153,9143,2154,11297,-0.0418851,0.322001,-0.945812,0
6122,2284,23,296,0,628,170,9523,1450,10973,-0.0516271,0.266954,-0.962325,0
3259,1368,13,170,0,375,97,5282,1037,6319,-0.0650794,0.300161,-0.951666,0
6345,2937,26,363,0,782,211,10664,1961,12625,-0.0536675,0.291538,-0.955053,0
7215,3636,30,419,0,830,206,12336,1340,13676,-0.00879008,0.333488,-0.942713,0
3550,2201,16,257,0,544,151,6719,1044,7763,-0.0201729,0.292358,-0.956096,0
5500,3696,24,432,0,916,235,10803,1594,12397,-0.00676161,0.296165,-0.955113,0
5260,3656,27,414,0,886,222,10465,1192,11657,0.000855729,0.328647,-0.944452,0
3920,2298,19,287,0,588,158,7270,1164,8434,0.00416029,0.292324,-0.95631,0
6592,3586,32,412,0,927,256,11805,1992,13797,-0.0197329,0.305989,-0.95183,0
6134,2868,29,349,0,766,204,10350,1327,11677,-0.0231591,0.284132,-0.958506,0
3180,1489,15,176,0,364,97,5321,1080,6401,-0.0411417,0.226599,-0.973119,0
6281,2295,27,293,0,625,177,9698,2169,11867,-0.0212989,0.242403,-0.969942,0
4078,1504,19,183,0,398,104,6286,1454,7740,-0.0193904,0.222066,-0.974839,0
6118,1929,28,245,0,519,145,8984,2113,11097,-0.00459072,0.218119,-0.975911,0
5689,1516,28,206,0,434,115,7988,2131,10119,0.00536875,0.208415,-0.978026,0
5650,1245,26,171,0,355,93,7540,1682,9222,0.0134879,0.224174,-0.974456,0
5431,1032,25,146,0,302,82,7018,2060,9078,0.0238905,0.194421,-0.980627,0
5350,991,25,144,0,285,78,6873,1974,8847,0.00776888,0.270561,-0.962671,0
6163,1245,29,189,0,418,97,8141,2446,10587,0.00482909,0.258128,-0.966099,0
3173,753,16,107,0,209,58,4316,1153,5469,0.00228134,0.245329,-0.969437,0
5709,1604,26,221,0,464,124,8148,2293,10441,0.00564253,0.214323,-0.976747,0
5978,1864,26,251,0,502,138,8759,1440,10199,0.0101371,0.211418,-0.977343,0
4207,1534,19,195,0,399,121,6475,1537,8012,-0.0128884,0.221801,-0.975007,0
6257,2550,28,323,0,724,184,10066,2420,12486,-0.0327544,0.264706,-0.963773,0
4313,1979,17,264,0,529,140,7242,2096,9338,0.003513,0.16444,-0.986381,0
4659,2478,19,283,0,612,180,8231,1801,10032,-0.00663188,0.161233,-0.986894,0
6685,4035,26,323,0,687,182,11938,1420,13358,0.0241097,0.137313,-0.990234,0
3580,2515,15,300,0,583,172,7165,1206,8371,0.0192398,0.156629,-0.98747,0
6962,4772,22,392,0,821,215,13184,1277,14461,0.00510769,0.163621,-0.98651,0
2914,1933,12,218,0,485,143,5705,829,6534,0.00350412,0.0962983,-0.995346,0
6687,4298,27,485,0,1085,394,12976,1503,14479,0.00276226,0.0695763,-0.997573,0
3517,2427,15,252,0,606,145,6962,1078,8040,0.0197293,0.0261289,-0.999464,0
5566,3414,22,385,0,899,235,10521,1737,12258,0.0275882,-0.00117784,-0.999619,0
5498,3305,22,387,0,866,221,10299,1753,12052,0.0354593,-0.0324089,-0.998845,0
6568,4153,27,495,0,1067,273,12583,2106,14689,0.0167984,-0.025448,-0.999535,0
4582,2939,19,352,0,743,203,8838,1428,10266,0.0128157,-0.0225979,-0.999662,0
5810,3749,25,429,0,957,273,11243,1380,12623,-0.0123762,-0.0145721,-0.999817,0
4170,2564,18,298,0,671,186,7907,1318,9225,-0.00159557,0.0102339,-0.999946,0
6676,4045,27,470,0,1090,271,12579,1759,14338,0.00267609,0.0313829,-0.999504,0
4493,2749,20,349,0,705,180,8496,1085,9581,0.0144467,0.0516046,-0.998563,0
5276,3093,20,356,0,807,234,9786,1628,11414,-0.00092406,0.0517906,-0.998658,0
4802,2767,20,315,0,716,182,8802,1452,10254,-0.0105608,0.0474087,-0.99882,0
6375,3508,27,411,0,923,234,11478,1523,13001,-0.0102394,0.0697923,-0.997509,0
4474,2333,17,274,0,618,160,7876,1395,9271,-0.000271889,0.0787593,-0.996894,0
5802,2823,25,348,0,766,198,9962,1759,11721,-0.0060777,0.0953074,-0.995429,0
6278,2834,27,342,0,769,195,10445,1382,11827,0.0111413,0.114537,-0.993357,0
4225,1602,19,198,0,462,115,6621,1412,8033,0.0161382,0.100924,-0.994763,0
6194,2213,27,270,0,621,154,9479,2109,11588,0.022976,0.119973,-0.992511,0
4366,1356,18,167,0,399,97,6403,1403,7806,0.00716687,0.0993148,-0.99503,0
6090,1721,27,229,0,521,129,8717,2008,10725,-0.0207121,0.164419,-0.986173,0
5903,1601,29,220,0,487,123,8363,2147,10510,-0.0311108,0.168889,-0.985144,0
6013,1636,28,218,0,489,123,8507,1396,9903,-0.044898,0.2049,-0.977753,0
6097,1757,28,231,0,505,129,8747,2004,10751,-0.0388738,0.322938,-0.945621,0
4114,973,14,125,0,279,72,5577,1105,6682,-0.04222,0.237039,-0.970582,0
2615,785,11,105,0,226,59,3801,847,4648,-0.0384579,0.18421,-0.982134,0
6718,1712,23,242,0,536,137,9368,2075,11443,-0.0277295,0.237197,-0.971066,0
4275,1332,16,174,0,377,100,6274,1384,7658,-0.0351474,0.189614,-0.981229,0
6280,2056,31,274,0,651,177,9469,2041,11510,-0.0153464,0.299125,-0.95409,0
4412,1565,17,203,0,496,120,6813,1468,8281,-0.0111403,0.297462,-0.954669,0
5845,2291,21,285,0,660,172,9274,1780,11054,0.00418412,0.35088,-0.936411,0
4143,1834,42,228,0,505,130,6882,1708,8590,0.0205841,0.30737,-0.951368,0
5353,2764,21,324,0,735,186,9383,1598,10981,0.0184725,0.347143,-0.93763,0
4357,2448,17,271,0,616,155,7864,1160,9024,0.0120374,0.32842,-0.944455,0
6778,4698,51,715,0,1294,300,13836,1567,15403,0.0189535,0.344011,-0.938774,0
4252,2911,22,323,0,717,182,8407,1261,9668,0.00612578,0.291262,-0.956624,0
5269,3846,27,377,0,813,210,10542,1675,12217,0.00139194,0.349537,-0.936921,0
3848,2313,17,266,0,596,149,7189,1218,8407,-0.00155701,0.298307,-0.954469,0
6450,3382,30,443,0,925,226,11456,1394,12850,0.00716922,0.307681,-0.951463,0
4301,1982,20,242,0,564,139,7248,1682,8930,-0.0103627,0.262054,-0.964998,0
5086,2112,24,290,0,565,145,8222,1740,9962,-0.00733347,0.242216,-0.970195,0
3594,1311,17,172,0,382,97,5573,1182,6755,0.0112484,0.215171,-0.976511,0
6161,2063,28,264,0,578,171,9265,2084,11349,0.00442974,0.193667,-0.981057,0
4117,1330,17,210,0,381,98,6153,1430,7583,0.00764025,0.202107,-0.979334,0
5961,1742,28,231,0,508,131,8601,2071,10672,0.0193961,0.211115,-0.977269,0
4123,1102,18,144,0,355,81,5823,1442,7265,0.0278227,0.176188,-0.983963,0
6222,1339,26,191,0,403,104,8285,2054,10339,0.0206171,0.211354,-0.977192,0
5553,1119,25,164,0,364,92,7317,1837,9154,0.0164735,0.188841,-0.981869,0
3863,721,19,112,0,228,59,5002,1351,6353,0.000295632,0.229544,-0.973298,0
5607,1134,25,169,0,392,95,7422,2264,9686,0.0114513,0.197504,-0.980235,0
5677,1289,26,192,0,400,107,7691,1362,9053,0.00858689,0.20794,-0.978104,0
5181,1421,23,214,0,406,116,7361,1905,9266,0.026815,0.189419,-0.98153,0
5955,1819,26,246,0,508,138,8692,2198,10890,0.0257802,0.189728,-0.981498,0
5961,2135,27,279,0,581,156,9139,2204,11343,0.0331004,0.169169,-0.985031,0
4260,1778,19,238,0,468,125,6888,2571,9459,0.0308785,0.236431,-0.971157,0
6244,2947,26,359,0,771,209,10556,5630,16186,-0.0260291,0.307564,-0.951171,0
4891,2441,18,313,0,615,163,8441,1344,9785,0.0136312,0.127519,-0.991742,0
3490,2185,14,265,0,564,143,6661,1251,7912,0.0115359,0.168972,-0.985553,0
4754,3009,16,342,0,785,195,9101,1338,10439,0.00125843,0.193789,-0.981043,0
6804,4479,25,544,0,1159,300,13311,1834,15145,-0.002086,0.305625,-0.95215,0
3846,2183,11,211,0,483,120,6854,852,7706,0.00593643,0.194686,-0.980848,0
2023,1244,10,142,0,315,80,3814,627,4441,0.00588272,0.15124,-0.98848,0
4175,2167,17,259,0,634,149,7401,1220,8621,0.0196791,0.154999,-0.987719,0
6167,2752,27,357,0,794,196,10293,1987,12280,0.0143252,0.141925,-0.989774,0
6908,2291,29,307,0,691,168,10394,1505,11899,0.0173594,0.15786,-0.987309,0
3202,1085,40,136,0,323,78,4864,1100,5964,0.0037447,0.124666,-0.992192,0
6318,1828,33,245,0,567,138,9129,2061,11190,0.00246917,0.179546,-0.983746,0
5985,1838,29,240,0,545,133,8770,1893,10663,-0.0020939,0.145559,-0.989347,0
5474,1674,25,219,0,500,132,8024,1783,9807,0.0245883,0.20476,-0.978503,0
6231,1929,27,250,0,659,151,9247,1897,11144,0.0186995,0.164994,-0.986117,0
6121,1985,25,256,0,588,147,9122,2245,11367,0.0144596,0.242557,-0.970029,0
6130,1942,24,267,0,569,154,9086,1972,11058,0.0234041,0.207628,-0.977928,0
4219,1323,16,174,0,391,100,6223,1441,7664,0.0237609,0.247201,-0.968673,0
6142,2049,24,263,0,587,152,9217,1806,11023,0.0162766,0.274212,-0.961532,0
4003,1374,15,183,0,432,106,6113,1318,7431,0.017142,0.268412,-0.963152,0
6320,2399,24,305,0,667,174,9889,2075,11964,0.0156589,0.273189,-0.961833,0
6372,2615,45,336,0,717,187,10272,2025,12297,0.0201489,0.288259,-0.95734,0
4404,2417,19,252,0,540,141,7773,1434,9207,0.0256169,0.252158,-0.967347,0
5768,3047,22,354,0,787,204,10182,1625,11807,0.0436173,0.320153,-0.946361,0
5592,3280,22,362,0,809,208,10273,1592,11865,0.0379431,0.277534,-0.959966,0
5433,3783,25,413,0,949,238,10841,1674,12515,0.0479413,0.32977,-0.942843,0
6086,3594,27,417,0,911,231,11266,1712,12978,0.0323946,0.314356,-0.948752,0
5645,3473,26,381,0,823,212,10560,1667,12227,0.0206146,0.354667,-0.934765,0
6379,3732,29,419,0,1074,292,11925,1408,13333,0.0131325,0.272316,-0.962118,0
3766,1811,16,216,0,492,124,6425,1086,7511,0.0237144,0.267155,-0.963362,0
4055,1887,18,237,0,523,132,6852,1340,8192,0.0319298,0.238754,-0.970555,0
6005,2398,27,295,0,653,169,9547,1869,11416,0.0342774,0.223767,-0.97404,0
4099,1556,18,190,0,426,107,6396,1311,7707,0.0354746,0.185376,-0.982027,0
5032,1809,22,241,0,506,128,7738,1668,9406,0.0536637,0.197901,-0.978752,0
5921,1542,22,205,0,457,134,8281,1624,9905,0.0470426,0.190213,-0.980615,0
5952,1614,28,214,0,497,121,8426,2120,10546,0.0495499,0.187986,-0.980921,0
5703,1363,28,185,0,443,109,7831,2057,9888,0.0256314,0.380227,-0.924538,0
5507,1133,25,163,0,375,92,7295,1417,8712,0.0195418,0.332687,-0.942835,0
2895,555,14,80,0,166,43,3753,894,4647,0.0143589,0.228301,-0.973485,0
1977,381,15,62,0,120,32,2587,747,3334,0.0154121,0.152704,-0.988152,0
5734,1287,26,185,0,375,101,7708,2025,9733,0.0383651,0.224219,-0.973783,0
6056,1379,26,204,0,413,112,8190,1530,9720,0.0439641,0.197849,-0.979246,0
6012,1619,26,226,0,461,124,8468,2243,10711,0.0498968,0.291051,-0.955405,0
4056,989,16,139,0,270,72,5542,1278,6820,0.0495412,0.248394,-0.967391,0
2271,677,9,85,0,177,46,3265,808,4073,0.0393451,0.147881,-0.988222,0
2292,907,10,116,0,247,64,3636,1514,5150,0.0311419,0.191892,-0.980922,0
6222,2861,27,346,0,750,209,10415,3392,13807,-0.0211448,0.301432,-0.953253,0
4328,2380,21,273,0,608,154,7764,1920,9684,0.0208406,0.168663,-0.985453,0
5890,3581,23,408,0,924,233,11059,1788,12847,0.0192175,0.112981,-0.993411,0
4335,2762,17,313,0,703,179,8309,1357,9666,-0.000272453,0.182462,-0.983213,0
2091,1298,9,156,0,317,80,3951,606,4557,0.0179139,0.136201,-0.990519,0
6654,3933,28,462,0,1042,298,12417,2241,14658,0.0427912,0.171293,-0.98429,0
6560,3532,27,421,0,729,166,11435,1351,12786,0.0515754,0.118036,-0.991669,0
3281,1565,17,205,0,439,109,5616,1113,6729,0.0481178,0.140073,-0.988971,0
6150,2422,28,345,0,703,180,9828,2007,11835,0.0438508,0.225661,-0.973218,0
5077,1421,21,210,0,428,107,7264,1109,8373,0.029757,0.228643,-0.973055,0
2562,790,13,104,0,239,60,3768,899,4667,0.0280137,0.181725,-0.98295,0
6369,1848,29,243,0,539,139,9167,2119,11286,0.0224023,0.258311,-0.965802,0
6238,1931,28,250,0,549,140,9136,2074,11210,0.00965138,0.21739,-0.976037,0
4482,1416,20,211,0,434,107,6670,1455,8125,0.0258654,0.220986,-0.974934,0
6138,2014,25,266,0,583,164,9190,2002,11192,0.0432074,0.274384,-0.960649,0
4216,1396,17,182,0,395,105,6311,1417,7728,0.038714,0.240361,-0.969911,0
6124,2175,26,284,0,605,163,9377,2023,11400,0.0665397,0.381883,-0.921812,0
4186,1188,25,155,0,328,87,5969,1068,7037,0.054802,0.336584,-0.940057,0
6256,1780,16,210,0,467,122,8851,1203,10054,0.0585399,0.309195,-0.949195,0
3318,1326,13,167,0,407,98,5329,1077,6406,0.0224805,0.311483,-0.949986,0
6242,2960,32,366,0,773,199,10572,1977,12549,0.0470943,0.358602,-0.932302,0
4356,2424,20,278,0,617,158,7853,1349,9202,0.0394358,0.36067,-0.931859,0
6679,4089,32,454,0,1054,261,12569,1851,14420,0.0613605,0.367812,-0.927873,0
4433,2889,26,329,0,762,191,8630,1707,10337,0.0482958,0.298554,-0.95317,0
3562,2039,16,238,0,535,147,6537,1152,7689,0.0552534,0.262458,-0.96336,0
6491,3852,32,456,0,1118,264,12213,1959,14172,0.0758104,0.302127,-0.950249,0
6417,3569,34,417,0,665,162,11264,1416,12680,0.0702737,0.210844,-0.974991,0
4188,2026,18,267,0,534,140,7173,1300,8473,0.105379,0.284622,-0.95283,0
3990,1926,18,227,0,491,128,6780,1316,8096,0.0835545,0.215768,-0.972863,0
3114,1361,14,166,0,367,94,5116,1043,6159,0.0879826,0.238636,-0.967115,0
6091,2274,28,289,0,614,161,9457,2133,11590,0.0762758,0.210582,-0.974596,0
5970,1855,28,260,0,523,137,8773,1469,10242,0.0734186,0.251355,-0.965107,0
4041,1069,18,151,0,296,79,5654,1391,7045,0.0792754,0.234694,-0.968831,0
6327,1241,26,177,0,382,99,8252,2177,10429,0.0954733,0.208598,-0.97333,0
5530,1048,27,155,0,311,82,7153,1944,9097,0.0769791,0.187528,-0.979238,0
3857,696,18,101,0,204,54,4930,1494,6424,0.0976984,0.18996,-0.976919,0
5047,974,22,141,0,280,75,6539,1941,8480,0.100413,0.181573,-0.978237,0
5079,1091,26,156,0,310,85,6747,1760,8507,0.0911798,0.162093,-0.982554,0
4184,836,17,123,0,245,66,5471,1413,6884,0.0768162,0.121228,-0.989648,0
4672,1217,22,174,0,375,98,6558,1853,8411,0.0843378,0.152861,-0.984642,0
6045,1783,31,245,0,491,131,8726,2184,10910,0.0725022,0.164333,-0.983737,0
4106,1416,19,231,0,396,122,6290,1830,8120,0.0942296,0.230231,-0.968563,0
6015,2510,28,314,0,672,174,9713,3161,12874,0.0566431,0.24059,-0.968973,0
3938,1939,18,233,0,508,148,6784,2239,9023,0.0954986,0.115859,-0.988664,0
4628,2688,26,323,0,691,175,8531,2255,10786,0.0931703,0.143134,-0.985308,0
6623,4210,29,472,0,1029,266,12629,1627,14256,0.0798707,0.156637,-0.984421,0
6605,4255,27,489,0,1210,430,13016,1461,14477,0.0798957,0.278552,-0.957092,0
3605,1915,11,215,0,470,118,6334,892,7226,0.0517382,0.217104,-0.974776,0
2392,1369,11,158,0,374,92,4396,608,5004,0.0275961,0.130067,-0.991121,0
6342,3496,27,394,0,932,245,11436,2172,13608,0.0907423,0.225977,-0.969897,0
4441,1709,13,190,0,425,124,6902,1045,7947,0.0735536,0.151621,-0.985698,0
2224,880,10,106,0,259,62,3541,733,4274,0.0268851,0.0674102,-0.997363,0
5240,1779,25,228,0,550,132,7954,1871,9825,0.0337768,0.140992,-0.989434,0
5897,1855,28,233,0,517,129,8659,2228,10887,0.0922985,0.322305,-0.942126,0
5378,1082,20,144,0,329,80,7033,1120,8153,0.0585116,0.266588,-0.962033,0
2163,551,11,72,0,177,47,3021,797,3818,0.0408192,0.193281,-0.980294,0
5956,1484,26,204,0,458,113,8241,2228,10469,0.0402553,0.186081,-0.981709,0
5912,1471,26,233,0,507,121,8270,2484,10754,0.0782312,0.370901,-0.925372,0
3300,820,12,117,0,245,60,4554,988,5542,0.0550636,0.281301,-0.958039,0
2140,549,9,75,0,170,43,2986,829,3815,0.0348311,0.214518,-0.976099,0
6007,1805,25,244,0,538,137,8756,2425,11181,0.0575742,0.268656,-0.961514,0
6397,2138,24,283,0,635,158,9635,2255,11890,0.0857542,0.342386,-0.935638,0
6163,2342,23,416,0,959,261,10164,1515,11679,0.0692522,0.318153,-0.945507,0
4283,2063,18,239,0,535,149,7287,1451,8738,0.0897886,0.303659,-0.948541,0
7127,3483,32,427,0,938,262,12269,2269,14538,0.0919479,0.337286,-0.936901,0
4793,2757,18,316,0,695,179,8758,1435,10193,0.075565,0.335412,-0.939036,0
7037,4312,30,498,0,945,194,13016,1369,14385,0.0677603,0.281831,-0.957068,0
3358,2019,18,235,0,528,134,6292,1095,7387,0.0888173,0.302701,-0.948938,0
6510,3681,34,441,0,1009,249,11924,2281,14205,0.086539,0.345852,-0.93429,0
6540,3479,32,407,0,916,246,11620,1446,13066,0.077725,0.345734,-0.935108,0
3331,1471,29,184,0,423,105,5543,1203,6746,0.0449603,0.300191,-0.952819,0
6226,2462,29,309,0,683,173,9882,2228,12110,0.0459761,0.311131,-0.949254,0
6043,2053,28,264,0,582,149,9119,2478,11597,0.0559828,0.234751,-0.970442,0
5371,1604,24,237,0,459,117,7812,2020,9832,0.0306318,0.268196,-0.962877,0
5158,1363,25,174,0,402,97,7219,2096,9315,0.0570528,0.198037,-0.978533,0
5669,1104,28,156,0,327,84,7368,2252,9620,0.0463151,0.207956,-0.977041,0
5469,881,27,141,0,269,69,6856,2007,8863,0.0534922,0.213701,-0.975434,0
5306,751,26,115,0,232,61,6491,2230,8721,0.049525,0.228081,-0.972382,0
5420,858,25,132,0,259,70,6764,2268,9032,0.0619728,0.153894,-0.986142,0
5542,1006,26,150,0,293,81,7098,2104,9202,0.0401615,0.184163,-0.982075,0
5680,1160,27,174,0,334,94,7469,2252,9721,0.0335823,0.138626,-0.989775,0
5962,1355,26,201,0,395,110,8049,2235,10284,0.0112743,0.205318,-0.97863,0
5848,1646,28,228,0,462,127,8339,2765,11104,0.00676551,0.19222,-0.981328,0
5859,2041,26,262,0,529,145,8862,2716,11578,-0.0074839,0.277246,-0.96077,0
6088,2409,28,308,0,639,202,9674,4931,14605,-0.0234278,0.367663,-0.929664,0
6380,3000,26,363,0,787,208,10764,4561,15325,-0.103101,0.541294,-0.834489,0
2983,1563,13,191,0,387,101,5238,1364,6602,-0.125328,0.462164,-0.877894,0
6436,4257,26,508,0,1444,307,12978,2354,15332,0.00582073,0.184031,-0.982903,0
4836,3165,18,357,0,777,203,9356,1497,10853,0.00586005,0.169478,-0.985517,0
6505,3857,26,434,0,961,249,12032,1843,13875,0.00819335,0.177437,-0.984098,0
4126,2318,18,311,0,619,158,7550,1354,8904,-0.014988,0.164428,-0.986275,0
5404,2581,23,306,0,728,177,9219,1664,10883,-0.00688435,0.156584,-0.987641,0
6569,2529,28,315,0,750,188,10379,2040,12419,-0.0123243,0.122207,-0.992428,0
4140,1340,21,206,0,404,101,6212,1449,7661,-0.031422,0.138859,-0.989814,0
5749,1646,29,215,0,486,121,8246,2063,10309,-0.0259925,0.0895109,-0.995647,0
5733,1374,30,186,0,526,149,7998,1425,9423,-0.0427964,0.209812,-0.976805,0
3957,852,19,118,0,267,69,5282,1392,6674,-0.0314892,0.166814,-0.985485,0
5752,1351,29,178,0,420,101,7831,2082,9913,-0.0393638,0.226905,-0.973121,0
5914,1502,27,215,0,432,110,8200,2405,10605,-0.0461084,0.210051,-0.976603,0
5961,1702,31,224,0,469,123,8510,2072,10582,-0.0557036,0.287849,-0.956054,0
5889,1724,32,313,0,620,162,8740,1675,10415,-0.0629962,0.297659,-0.952592,0
5914,1702,24,281,0,560,138,8619,1474,10093,-0.0639701,0.364232,-0.929109,0
6569,1927,24,256,0,552,147,9475,1676,11151,-0.0510163,0.359192,-0.931868,0
4147,1558,17,199,0,434,115,6470,1402,7872,-0.0276062,0.337838,-0.940799,0
6277,2725,27,371,0,714,193,10307,1961,12268,-0.0332056,0.381688,-0.923695,0
6362,3517,19,270,0,560,174,10902,1311,12213,-0.0183727,0.412552,-0.910749,0
3592,2110,16,239,0,499,134,6590,1065,7655,-0.0223563,0.338986,-0.940526,0
6807,4510,32,524,0,1123,284,13280,1644,14924,-0.0226595,0.390846,-0.920177,0
4493,2815,24,332,0,738,188,8590,1443,10033,-0.0121451,0.315507,-0.948846,0
5174,2945,26,353,0,891,206,9595,1766,11361,-0.0040811,0.328719,-0.944419,0
5169,2915,31,465,0,800,195,9575,1638,11213,-0.00841205,0.266113,-0.963905,0
5160,2246,26,290,0,684,158,8564,1706,10270,-0.016164,0.323764,-0.946,0
4904,1701,22,212,0,464,117,7420,1696,9116,-0.00129212,0.246176,-0.969224,0
5970,2204,36,291,0,539,142,9182,2364,11546,-0.0284856,0.284116,-0.958367,0
4009,1177,19,152,0,342,86,5785,1515,7300,-0.0410653,0.251095,-0.967091,0
6211,1582,27,229,0,463,115,8627,2200,10827,-0.0496,0.261503,-0.963927,0
3843,864,20,146,0,265,67,5205,1589,6794,-0.0464194,0.218356,-0.974764,0
5520,1047,27,148,0,319,80,7141,2273,9414,-0.0788003,0.251857,-0.964551,0
5343,952,37,181,0,391,108,7012,2493,9505,-0.0425679,0.187238,-0.981392,0
5455,877,27,133,0,269,70,6831,1488,8319,-0.055614,0.182743,-0.981586,0
4068,842,24,110,0,251,58,5353,1584,6937,-0.0548911,0.188069,-0.980621,0
5694,1212,25,190,0,368,102,7591,2539,10130,-0.0840871,0.239693,-0.967201,0
5270,1466,25,200,0,388,108,7457,2267,9724,-0.0635,0.160078,-0.98506,0
5286,1732,25,274,0,469,134,7920,2130,10050,-0.0823647,0.194701,-0.977398,0
4981,2084,21,256,0,537,144,8023,2238,10261,-0.0531571,0.229289,-0.971906,0
6480,3137,26,382,0,781,211,11017,2358,13375,-0.0438578,0.220168,-0.974475,0
4426,2657,19,299,0,655,171,8227,2227,10454,-0.00205556,0.220109,-0.975473,0
6621,4409,28,535,0,1065,285,12943,2199,15142,-0.0383277,0.201744,-0.978688,0
4693,3506,20,394,0,843,220,9676,1476,11152,-0.0512095,0.185512,-0.981307,0
6731,4963,26,563,0,1231,320,13834,2023,15857,-0.0828353,0.184248,-0.979383,0
4533,3118,19,352,0,799,203,9024,1366,10390,-0.0507125,0.133962,-0.989688,0
6565,3975,40,475,0,1071,275,12401,1983,14384,-0.0771941,0.168514,-0.982672,0
6326,3472,26,416,0,929,257,11426,1419,12845,-0.0582172,0.125734,-0.990354,0
4054,1753,18,216,0,493,124,6658,1288,7946,-0.0612854,0.139142,-0.988374,0
6140,2211,27,287,0,705,173,9543,1961,11504,-0.0813232,0.156991,-0.984246,0
6042,1904,29,248,0,574,141,8938,1389,10327,-0.0868109,0.171917,-0.981279,0
4058,1217,21,159,0,364,90,5909,1438,7347,-0.0939739,0.146009,-0.98481,0
5964,1810,30,230,0,516,130,8680,2025,10705,-0.131248,0.219615,-0.966718,0
4214,1391,23,216,0,374,98,6316,1410,7726,-0.135696,0.259581,-0.95614,0
6116,2164,26,265,0,560,150,9281,2051,11332,-0.149072,0.25157,-0.95629,0
4188,1466,16,193,0,391,105,6359,1472,7831,-0.127969,0.198617,-0.971687,0
6091,2101,23,266,0,549,148,9178,2295,11473,-0.155159,0.290692,-0.944152,0
4187,1482,15,187,0,393,110,6374,1470,7844,-0.148097,0.255541,-0.955388,0
6111,2326,23,294,0,603,167,9524,2003,11527,-0.173104,0.305371,-0.936367,0
6300,2656,26,321,0,720,187,10210,1372,11582,-0.165873,0.323271,-0.931656,0
4422,2125,17,251,0,542,143,7500,1412,8912,-0.142337,0.317202,-0.937616,0
6501,3724,27,422,0,938,244,11856,1353,13209,-0.147256,0.361217,-0.920781,0
6499,4362,29,500,0,1081,282,12753,1406,14159,-0.193476,0.458384,-0.867439,0
3318,2118,12,234,0,524,133,6339,693,7032,-0.172295,0.373398,-0.911531,0
2038,1482,10,170,0,383,97,4180,617,4797,-0.130089,0.293368,-0.947107,0
5236,3417,25,400,0,884,227,10189,1825,12014,-0.121545,0.268094,-0.955695,0
6582,3819,30,456,0,1028,257,12172,2003,14175,-0.141689,0.289588,-0.946606,0
6317,3247,30,386,0,916,219,11115,1453,12568,-0.140281,0.209922,-0.967602,0
3279,1435,15,173,0,395,97,5394,1105,6499,-0.11347,0.214531,-0.970104,0
6212,2749,46,406,0,782,177,10372,2059,12431,-0.0988283,0.198987,-0.975006,0
5982,2380,26,290,0,647,162,9487,1815,11302,-0.105295,0.214063,-0.971128,0
4156,1580,20,197,0,433,122,6508,1463,7971,-0.0852743,0.165366,-0.982539,0
5409,1736,23,224,0,498,126,8016,2506,10522,-0.118112,0.213723,-0.969728,0
5869,1654,28,223,0,482,123,8379,2132,10511,-0.0989629,0.184728,-0.977794,0
3936,974,18,133,0,287,73,5421,1413,6834,-0.0842721,0.195461,-0.977084,0
4937,1059,23,150,0,323,84,6576,1890,8466,-0.0577481,0.147374,-0.987394,0
5572,1047,40,161,0,336,125,7281,2069,9350,-0.111134,0.203211,-0.972808,0
5598,1211,30,179,0,336,91,7445,2308,9753,-0.0764115,0.157197,-0.984607,0
5005,1159,24,170,0,338,93,6789,1935,8724,-0.0960577,0.179531,-0.979051,0
6174,1570,29,222,0,430,120,8545,2057,10602,-0.106659,0.17255,-0.979209,0
5797,2030,27,254,0,504,139,8751,2419,11170,-0.103886,0.165526,-0.980718,0
5307,2054,25,305,0,536,144,8371,2085,10456,-0.0914997,0.146427,-0.984981,0
5649,2332,25,296,0,593,162,9057,1875,10932,-0.104422,0.199853,-0.974246,0
3919,1904,18,233,0,527,130,6731,2551,9282,-0.054842,0.12589,-0.990527,0
5216,2766,23,329,0,678,183,9195,2231,11426,-0.0707463,0.190301,-0.979173,0
6378,3660,27,427,0,897,239,11628,3452,15080,0.0275617,0.12091,-0.992281,0
6461,3965,28,465,0,996,263,12178,1419,13597,-0.0454527,0.131334,-0.990296,0
5742,3976,24,472,0,962,252,11428,2806,14234,0.00730092,0.124015,-0.992253,0
5927,4283,22,518,0,1047,281,12078,1858,13936,-0.0310603,0.138525,-0.989872,0
5494,3967,24,459,0,985,256,11185,1867,13052,-0.0537297,0.0932332,-0.994193,0
6639,4444,27,569,0,1181,309,13169,1844,15013,-0.0946952,0.181941,-0.978739,0
3940,2080,14,239,0,545,148,6966,810,7776,-0.019924,0.0892142,-0.995813,0
2273,1315,10,156,0,355,90,4199,705,4904,-0.0313744,0.0919312,-0.995271,0
6173,3218,25,363,0,818,209,10806,1748,12554,-0.0500142,0.107458,-0.992951,0
6284,2755,28,344,0,778,197,10386,2395,12781,-0.148921,0.202426,-0.967908,0
3336,1273,14,161,0,372,98,5254,861,6115,-0.0874642,0.137579,-0.986622,0
2217,810,10,104,0,233,59,3433,754,4187,-0.0575173,0.0815516,-0.995008,0
5993,2175,27,286,0,625,161,9267,2181,11448,-0.173225,0.19152,-0.966081,0
3183,1047,12,119,0,268,68,4697,833,5530,-0.11847,0.125575,-0.984985,0
2450,919,12,117,0,258,68,3824,823,4647,-0.0977421,0.0960256,-0.990568,0
5600,2157,27,274,0,590,154,8802,1849,10651,-0.127211,0.127542,-0.983641,0
6275,2538,28,320,0,735,192,10088,1496,11584,-0.115104,0.102186,-0.988084,0
4309,1697,19,215,0,457,121,6818,1407,8225,-0.108838,0.124161,-0.986275,0
6229,2427,27,317,0,652,192,9844,2033,11877,-0.136274,0.198751,-0.970529,0
6180,2356,23,299,0,625,169,9652,1408,11060,-0.12684,0.197941,-0.971973,0
3266,1218,13,167,0,328,89,5081,1090,6171,-0.103468,0.176087,-0.978922,0
6220,2460,25,309,0,649,176,9839,2120,11959,-0.143851,0.251577,-0.957087,0
6429,2680,23,343,0,685,191,10351,1581,11932,-0.141533,0.229729,-0.962909,0
4377,1997,16,307,0,520,144,7361,1436,8797,-0.159796,0.248924,-0.95525,0
6396,3290,25,421,0,830,240,11202,1461,12663,-0.148019,0.228589,-0.962204,0
4439,2670,20,313,0,706,181,8329,1364,9693,-0.171332,0.238726,-0.955853,0
5905,4038,24,464,0,1012,265,11708,1320,13028,-0.17238,0.248681,-0.953123,0
6646,5156,29,574,0,1259,322,13986,1377,15363,-0.206527,0.281005,-0.937221,0
3562,2820,18,313,0,685,177,7575,1073,8648,-0.168129,0.23381,-0.957635,0
6736,4779,32,562,0,1185,311,13605,1991,15596,-0.213601,0.299804,-0.929781,0
4638,3149,22,373,0,826,210,9218,1512,10730,-0.158452,0.238829,-0.958047,0
5991,3717,29,437,0,962,253,11389,1888,13277,-0.176033,0.292981,-0.939774,0
5782,3248,28,389,0,835,244,10526,1342,11868,-0.118353,0.195158,-0.973605,0
6531,3346,31,398,0,848,222,11376,2401,13777,-0.183673,0.359232,-0.914995,0
3334,1552,18,203,0,344,86,5537,848,6385,-0.155248,0.300066,-0.9412,0
2443,916,10,115,0,237,63,3784,709,4493,-0.0949383,0.197789,-0.975636,0
4086,1415,21,187,0,386,105,6200,1389,7589,-0.114919,0.215207,-0.969783,0
6088,1739,29,223,0,464,123,8666,1934,10600,-0.143298,0.231959,-0.962113,0
5651,1374,29,193,0,398,106,7751,1639,9390,-0.116613,0.209903,-0.970743,0
3842,874,19,172,0,250,71,5228,1381,6609,-0.114291,0.218428,-0.969137,0
5715,1391,27,195,0,401,142,7871,2111,9982,-0.087354,0.176352,-0.980443,0
6188,1741,39,234,0,458,126,8786,1943,10729,-0.108968,0.200557,-0.973603,0
4096,1540,20,192,0,383,106,6337,1472,7809,-0.0808287,0.166289,-0.982759,0
6286,2646,49,365,0,664,184,10194,2151,12345,-0.0762324,0.1694,-0.982595,0
6254,3199,33,412,0,791,218,10907,1730,12637,-0.0720267,0.15446,-0.98537,0
3268,1865,15,219,0,482,128,5977,1393,7370,-0.0618691,0.154743,-0.986016,0
6550,3845,30,475,0,938,252,12090,2521,14611,-0.0586364,0.188655,-0.980291,0
6657,4113,27,492,0,780,191,12260,1513,13773,-0.0923403,0.219256,-0.971288,0
3612,2414,14,265,0,574,152,7031,1172,8203,-0.0613944,0.148546,-0.986998,0
6777,4788,33,604,0,1190,318,13710,2081,15791,-0.100348,0.17041,-0.98025,0
4724,3262,18,369,0,816,210,9399,1388,10787,-0.105175,0.151648,-0.982823,0
6154,4060,26,506,0,1073,268,12087,1885,13972,-0.110302,0.119567,-0.98668,0
4328,2680,18,352,0,735,182,8295,1308,9603,-0.0953965,0.113058,-0.988998,0
5676,3212,23,388,0,808,211,10318,1668,11986,-0.0817982,0.0909349,-0.992492,0
6397,3517,28,419,0,941,272,11574,1464,13038,-0.0667873,0.0717424,-0.995185,0
3442,1554,16,208,0,451,115,5786,1091,6877,-0.043259,0.0853083,-0.995415,0
6944,2617,27,328,0,721,188,10825,2104,12929,-0.0482197,0.0809839,-0.995548,0
6235,2346,30,332,0,644,171,9758,1412,11170,-0.0880265,0.103479,-0.990729,0
3188,1091,16,145,0,310,81,4831,1082,5913,-0.0707489,0.087495,-0.993649,0
6119,2031,58,270,0,608,154,9240,2051,11291,-0.100831,0.153489,-0.982992,0
6037,2096,29,266,0,562,149,9139,1465,10604,-0.0646945,0.0881359,-0.994005,0
6756,2135,29,270,0,638,166,9994,1401,11395,-0.119021,0.17128,-0.978007,0
3238,1114,16,146,0,307,82,4903,1072,5975,-0.094926,0.13816,-0.98585,0
7066,2251,26,289,0,635,171,10438,1400,11838,-0.141729,0.196992,-0.970107,0
4221,1391,17,189,0,390,116,6324,1392,7716,-0.120282,0.157737,-0.980128,0
6152,2098,25,281,0,571,157,9284,1648,10932,-0.153452,0.264803,-0.952015,0
4516,1687,18,205,0,421,114,6961,1407,8368,-0.128234,0.211239,-0.968986,0
5623,2292,21,281,0,601,161,8979,1893,10872,-0.127727,0.238662,-0.962666,0
5104,2304,19,277,0,677,165,8546,1656,10202,-0.122325,0.202903,-0.971528,0
6911,3341,26,378,0,776,213,11645,1344,12989,-0.141363,0.23552,-0.961534,0
3345,1783,13,208,0,440,120,5909,1037,6946,-0.134525,0.192831,-0.971967,0
5272,2960,21,346,0,741,200,9540,1645,11185,-0.10993,0.212246,-0.971013,0
7030,3938,34,453,0,950,255,12660,1358,14018,-0.0895936,0.175487,-0.980397,0
3470,2060,14,234,0,488,134,6400,1090,7490,-0.0843183,0.186329,-0.978863,0
6344,3936,26,447,0,937,254,11944,1358,13302,-0.0723187,0.15656,-0.985017,0
4434,2911,19,322,0,723,205,8614,1012,9626,-0.0953512,0.158415,-0.982758,0
3489,2291,15,255,0,536,181,6767,1051,7818,-0.0794219,0.145224,-0.986206,0
6607,4437,29,551,0,1083,322,13029,1947,14976,-0.0798117,0.16462,-0.983123,0
2073,1455,10,173,0,328,88,4127,612,4739,-0.0718912,0.178915,-0.981234,0
2304,1657,12,188,0,407,107,4675,714,5389,-0.0657847,0.145314,-0.987196,0
3052,2217,15,253,0,547,142,6226,935,7161,-0.07284,0.101462,-0.992169,0
6923,4652,30,552,0,1154,302,13613,1972,15585,-0.0636908,0.130008,-0.989465,0
6469,4586,32,538,0,1129,318,13072,1327,14399,-0.0593492,0.108133,-0.992363,0
3437,2311,18,276,0,577,151,6770,1017,7787,-0.0529018,0.0945671,-0.994112,0
6684,4462,32,576,0,1172,293,13219,1989,15208,-0.0484356,0.0894668,-0.994811,0
4549,3005,23,352,0,792,202,8923,1377,10300,-0.0541519,0.0749279,-0.995718,0
6529,4453,33,513,0,1110,287,12925,1486,14411,-0.0342791,0.0741491,-0.996658,0
4589,3129,48,497,0,1061,210,9534,1335,10869,-0.0314162,0.0619132,-0.997587,0
6528,4561,35,523,0,1111,331,13089,1351,14440,-0.0185518,0.0615123,-0.997934,0
4473,3242,23,365,0,777,204,9084,1341,10425,-0.0238163,0.0476945,-0.998578,0
5795,4040,30,473,0,1006,264,11608,1777,13385,-0.0114008,0.0505901,-0.998654,0
5819,4131,31,482,0,1016,267,11746,1253,12999,-0.0132695,0.0552412,-0.998385,0
5280,3691,28,435,0,950,244,10628,1608,12236,-0.0183313,0.0626096,-0.99787,0
6534,4519,34,532,0,1156,336,13111,1356,14467,-0.0146262,0.0675635,-0.997608,0
4501,3128,23,367,0,782,205,9006,1362,10368,-0.0206523,0.0714973,-0.997227,0
6450,4618,34,544,0,1140,297,13083,1322,14405,-0.0156003,0.0758455,-0.996998,0
3430,2326,17,272,0,593,154,6792,1037,7829,-0.018523,0.0739961,-0.997086,0
6455,4483,35,551,0,1152,303,12979,1802,14781,-0.0152069,0.0767833,-0.996932,0
5431,3090,26,371,0,782,205,9905,1334,11239,-0.0225846,0.0539437,-0.998289,0
5954,4244,30,492,0,1018,266,12004,1716,13720,-0.0154451,0.0679838,-0.997567,0
7260,4500,32,533,0,1180,299,13804,1789,15593,-0.0126614,0.0735919,-0.997208,0
4511,3069,22,370,0,803,207,8982,1096,10078,-0.00921264,0.0740383,-0.997213,0
5885,4495,32,549,0,1136,298,12395,2075,14470,-0.0220077,0.0788559,-0.996643,0
6506,4573,33,548,0,1166,300,13126,1703,14829,-0.009392,0.0683597,-0.997617,0
7221,4498,30,545,0,1184,301,13779,1961,15740,-0.00815246,0.0717825,-0.997387,0
5049,2881,18,284,0,610,177,9019,1066,10085,-0.005314,0.0586868,-0.998262,0
2315,1636,12,191,0,413,107,4674,693,5367,-0.014556,0.0492532,-0.99868,0
5844,4216,29,485,0,1040,272,11886,1769,13655,-0.0160951,0.0441906,-0.998893,0
5809,4090,31,483,0,1140,271,11824,1523,13347,-0.00397312,0.046463,-0.998912,0
4183,2935,22,358,0,743,193,8434,1287,9721,-0.0083828,0.0406935,-0.999137,0
6523,4642,36,547,0,1183,304,13235,2006,15241,-0.0065296,0.0432462,-0.999043,0
