Downsample[ns],BuildFilTree[ns],SearchFil[ns],DeleteFil[ns],BuildTreeSub[ns],SearchSub[ns],DeleteSub[ns],PreProcTotal[ns],Plane[ns],Total[ns],nx,ny,nz,planeCount
0,0,0,0,0,6310,1131,7441,7167,14608,0.0288321,-0.0791465,-0.996446,0
0,0,0,0,0,6098,1108,7206,2089,9295,0.00952306,-0.0203189,-0.999748,0
0,0,0,0,0,6194,1185,7379,2341,9720,0.00654919,0.0138525,-0.999883,0
0,0,0,0,0,6180,1175,7355,2323,9678,-0.000496885,0.00822435,-0.999966,0
0,0,0,0,0,7143,1159,8302,2211,10513,-0.00649061,-0.013488,-0.999888,0
0,0,0,0,0,6187,1319,7506,2118,9624,-0.00487576,-0.0161066,-0.999858,0
0,0,0,0,0,6109,1164,7273,2214,9487,-0.00753143,0.0323491,-0.999448,0
0,0,0,0,0,4379,798,5177,1629,6806,0.00490912,0.0194235,-0.999799,0
0,0,0,0,0,5565,1026,6591,2626,9217,-0.00839345,0.0212344,-0.999739,0
0,0,0,0,0,6290,1167,7457,2311,9768,-0.00323053,0.0343227,-0.999406,0
0,0,0,0,0,6615,1169,7784,2517,10301,-0.00506408,0.0284438,-0.999583,0
0,0,0,0,0,6251,1143,7394,2567,9961,0.00470277,0.0145965,-0.999882,0
0,0,0,0,0,6385,1146,7531,2277,9808,0.000180816,0.026072,-0.99966,0
0,0,0,0,0,6517,1436,7953,2260,10213,-0.00565867,0.0285129,-0.999577,0
0,0,0,0,0,4403,808,5211,1584,6795,0.00426548,0.0144145,-0.999887,0
0,0,0,0,0,6170,1218,7388,2278,9666,0.0136068,-0.016229,-0.999776,0
0,0,0,0,0,6211,1192,7403,3230,10633,0.0155842,-0.036835,-0.9992,0
0,0,0,0,0,6302,1159,7461,2317,9778,0.0231056,-0.0228785,-0.999471,0
0,0,0,0,0,6155,1129,7284,2390,9674,0.00551006,0.0227812,-0.999725,0
0,0,0,0,0,6178,1171,7349,2418,9767,0.0137131,0.0168964,-0.999763,0
0,0,0,0,0,6147,1152,7299,2218,9517,-0.00581808,0.0212914,-0.999756,0
0,0,0,0,0,6225,1156,7381,2336,9717,-0.0328289,-0.00707776,-0.999436,0
0,0,0,0,0,6193,1136,7329,2187,9516,-0.00337283,0.00444186,-0.999984,0
0,0,0,0,0,4255,788,5043,1647,6690,0.00708853,0.0374788,-0.999272,0
0,0,0,0,0,6154,1144,7298,2537,9835,0.0104062,0.0374285,-0.999245,0
0,0,0,0,0,6266,1179,7445,2315,9760,-0.0170826,0.0300431,-0.999403,0
0,0,0,0,0,6159,1143,7302,1738,9040,0.014336,-0.00850863,-0.999861,0
0,0,0,0,0,6192,1144,7336,2322,9658,-0.0147329,-0.00695429,-0.999867,0
0,0,0,0,0,6199,1251,7450,1694,9144,0.0189903,-0.0227751,-0.99956,0
0,0,0,0,0,3225,624,3849,1272,5121,0.00370171,-0.0257727,-0.999661,0
0,0,0,0,0,6242,1202,7444,2330,9774,0.000107645,-0.0131729,-0.999913,0
0,0,0,0,0,6238,1172,7410,2332,9742,0.00823371,0.015151,-0.999851,0
0,0,0,0,0,6228,1077,7305,1585,8890,0.00690714,0.0204485,-0.999767,0
0,0,0,0,0,3311,605,3916,1380,5296,-0.0153919,0.00105122,-0.999881,0
0,0,0,0,0,6398,1171,7569,2260,9829,-0.00451054,0.0369459,-0.999307,0
0,0,0,0,0,4299,818,5117,1944,7061,-0.0125522,0.0350954,-0.999305,0
0,0,0,0,0,6125,1149,7274,2711,9985,-0.0189324,0.0218393,-0.999582,0
0,0,0,0,0,6334,1156,7490,2299,9789,-0.00625083,0.0167858,-0.99984,0
0,0,0,0,0,4278,817,5095,1551,6646,0.000311074,0.0123135,-0.999924,0
0,0,0,0,0,6734,1168,7902,2423,10325,0.00142077,0.0174449,-0.999847,0
0,0,0,0,0,6443,1189,7632,1782,9414,0.00165572,0.0137022,-0.999905,0
0,0,0,0,0,6290,1146,7436,2473,9909,0.0132117,-0.00862422,-0.999876,0
0,0,0,0,0,5559,1076,6635,2236,8871,0.00183896,0.0344404,-0.999405,0
0,0,0,0,0,6901,1264,8165,2430,10595,0.00308289,0.0248483,-0.999686,0
0,0,0,0,0,6263,1147,7410,2552,9962,-0.00199483,0.0268523,-0.999637,0
0,0,0,0,0,5638,1100,6738,2132,8870,-0.0129518,0.0284088,-0.999512,0
0,0,0,0,0,7162,1370,8532,3165,11697,-0.00913375,0.0247845,-0.999651,0
0,0,0,0,0,4696,900,5596,1739,7335,0.00711147,-0.00181206,-0.999973,0
0,0,0,0,0,6289,1301,7590,2428,10018,0.0147903,-0.00385232,-0.999883,0
0,0,0,0,0,6127,1183,7310,2340,9650,0.00826059,-0.015179,-0.999851,0
0,0,0,0,0,6406,1227,7633,2116,9749,0.0152901,0.00180043,-0.999881,0
0,0,0,0,0,7445,1195,8640,2528,11168,0.00357085,-0.00936278,-0.99995,0
0,0,0,0,0,6110,1146,7256,2351,9607,0.00973115,-0.00189502,-0.999951,0
0,0,0,0,0,6440,1157,7597,2340,9937,0.0243529,-0.018707,-0.999528,0
0,0,0,0,0,6022,1152,7174,2833,10007,0.00844146,-0.00358454,-0.999958,0
0,0,0,0,0,6240,1171,7411,2460,9871,0.0236122,-0.0207253,-0.999506,0
0,0,0,0,0,6088,1171,7259,2459,9718,0.0185735,0.0097815,-0.99978,0
0,0,0,0,0,4253,815,5068,1768,6836,-0.018192,0.0376488,-0.999125,0
0,0,0,0,0,7152,1325,8477,2458,10935,-0.0073126,0.0359091,-0.999328,0
0,0,0,0,0,6132,1152,7284,2415,9699,0.0164082,0.0275746,-0.999485,0
0,0,0,0,0,5744,1024,6768,2044,8812,-0.00549449,0.0419956,-0.999103,0
0,0,0,0,0,7460,1306,8766,3072,11838,0.00808019,0.0216498,-0.999733,0
0,0,0,0,0,5454,1173,6627,2512,9139,0.00695672,0.0159323,-0.999849,0
0,0,0,0,0,7074,1329,8403,2649,11052,0.0270218,0.0273586,-0.99926,0
0,0,0,0,0,4556,843,5399,1738,7137,0.0211085,0.0325141,-0.999248,0
0,0,0,0,0,6499,1134,7633,2369,10002,0.00597525,0.0220321,-0.999739,0
0,0,0,0,0,6133,1193,7326,2298,9624,0.000238043,0.022253,-0.999752,0
0,0,0,0,0,6167,1164,7331,2110,9441,-0.0113416,0.0425882,-0.999028,0
0,0,0,0,0,6147,1141,7288,2411,9699,0.00263223,0.0168755,-0.999854,0
0,0,0,0,0,6907,1317,8224,2486,10710,0.00711826,0.0426227,-0.999066,0
0,0,0,0,0,6119,1153,7272,1609,8881,-0.00264981,0.0341306,-0.999414,0
0,0,0,0,0,3233,603,3836,1308,5144,0.000380351,0.0330061,-0.999455,0
0,0,0,0,0,6088,1159,7247,2269,9516,4.76237e-05,0.0362767,-0.999342,0
0,0,0,0,0,6414,1197,7611,2339,9950,-0.00287048,0.0472404,-0.998879,0
0,0,0,0,0,4173,792,4965,1788,6753,0.0146738,0.0458554,-0.99884,0
0,0,0,0,0,6092,1191,7283,2441,9724,0.00115172,0.0294579,-0.999565,0
0,0,0,0,0,6162,1153,7315,2517,9832,0.0082829,-0.000111221,-0.999966,0
0,0,0,0,0,6165,1176,7341,2276,9617,-0.0136853,0.00921208,-0.999864,0
0,0,0,0,0,6334,1203,7537,2262,9799,-0.00858001,-0.000453069,-0.999963,0
0,0,0,0,0,6217,1172,7389,2128,9517,-0.00512697,0.0192826,-0.999801,0
0,0,0,0,0,6284,1156,7440,2381,9821,-0.0167761,0.0129128,-0.999776,0
0,0,0,0,0,6367,1147,7514,2256,9770,-0.00535513,0.0166571,-0.999847,0
0,0,0,0,0,6213,1145,7358,2096,9454,0.00233588,0.0151542,-0.999882,0
0,0,0,0,0,6235,1246,7481,2325,9806,-0.0114521,0.0156009,-0.999813,0
0,0,0,0,0,5562,1049,6611,2043,8654,-0.0138718,0.0542309,-0.998432,0
0,0,0,0,0,6250,1148,7398,2413,9811,-0.0146286,0.0704142,-0.997411,0
0,0,0,0,0,6171,1138,7309,1949,9258,0.0134584,0.083639,-0.996405,0
0,0,0,0,0,4229,780,5009,1551,6560,0.0114192,0.0669412,-0.997692,0
0,0,0,0,0,6455,1182,7637,2192,9829,0.0250284,0.10036,-0.994636,0
0,0,0,0,0,6936,1117,8053,2229,10282,0.0118524,0.176127,-0.984296,0
0,0,0,0,0,6263,1128,7391,2438,9829,0.000327393,0.172467,-0.985015,0
0,0,0,0,0,4465,796,5261,1798,7059,-0.0154598,0.267934,-0.963313,0
0,0,0,0,0,6486,1114,7600,2562,10162,-0.0477634,0.280315,-0.958719,0
0,0,0,0,0,6516,1150,7666,2338,10004,-0.0458508,0.305804,-0.95099,0
0,0,0,0,0,4674,808,5482,2120,7602,-0.0524531,0.24233,-0.968775,0
0,0,0,0,0,6830,1233,8063,4693,12756,-0.0659076,0.291624,-0.95426,0
0,0,0,0,0,4649,850,5499,3059,8558,-0.0830428,0.313204,-0.946048,0
0,0,0,0,0,6807,1256,8063,6220,14283,-0.0340626,0.228748,-0.97289,0
0,0,0,0,0,6896,1272,8168,3857,12025,-0.00668999,0.170285,-0.985372,0
0,0,0,0,0,6780,1281,8061,3403,11464,0.032285,0.0999038,-0.994473,0
0,0,0,0,0,7345,1292,8637,3635,12272,-0.0374794,0.147742,-0.988316,0
0,0,0,0,0,7073,1326,8399,7065,15464,-0.0509738,0.282519,-0.957907,0
0,0,0,0,0,4953,894,5847,4692,10539,-0.00322611,0.136558,-0.990627,0
0,0,0,0,0,7353,1319,8672,3533,12205,0.0237223,0.120529,-0.992426,0
0,0,0,0,0,7406,1414,8820,2763,11583,0.0105202,0.16523,-0.986199,0
0,0,0,0,0,3862,705,4567,3130,7697,-0.023393,0.346108,-0.937903,0
0,0,0,0,0,7276,1304,8580,4642,13222,0.0123355,0.243446,-0.969836,0
0,0,0,0,0,4931,927,5858,2685,8543,-0.0156505,0.168389,-0.985596,0
0,0,0,0,0,7050,1364,8414,3438,11852,-0.0431422,0.225343,-0.973324,0
0,0,0,0,0,4796,920,5716,2620,8336,-0.0112879,0.116044,-0.99318,0
0,0,0,0,0,6934,1335,8269,2937,11206,-0.0402087,0.234026,-0.971399,0
0,0,0,0,0,4738,892,5630,2043,7673,-0.0277334,0.21219,-0.976835,0
0,0,0,0,0,6846,1401,8247,2663,10910,-0.0548247,0.248116,-0.967178,0
0,0,0,0,0,4665,933,5598,1782,7380,-0.0230059,0.231772,-0.972498,0
0,0,0,0,0,6813,1277,8090,2567,10657,-0.0497562,0.326418,-0.943915,0
0,0,0,0,0,4597,791,5388,3056,8444,0.00280628,0.14736,-0.989079,0
0,0,0,0,0,6862,1263,8125,2211,10336,-0.019973,0.224234,-0.974331,0
0,0,0,0,0,6670,1140,7810,7876,15686,-0.0505142,0.418583,-0.906773,0
0,0,0,0,0,2770,482,3252,5227,8479,0.27986,-0.187349,-0.941583,0
0,0,0,0,0,6506,1240,7746,3916,11662,-0.0103547,0.1445,-0.989451,0
0,0,0,0,0,6603,1181,7784,5783,13567,-0.0240844,0.17682,-0.983948,0
0,0,0,0,0,3307,599,3906,3782,7688,-0.0299676,0.256382,-0.966111,0
0,0,0,0,0,6533,1163,7696,5124,12820,-0.0569444,0.376712,-0.924578,0
0,0,0,0,0,6450,1157,7607,5157,12764,-0.0201285,0.488678,-0.872232,0
0,0,0,0,0,4546,818,5364,3500,8864,0.0229863,0.596495,-0.802287,0
0,0,0,0,0,6868,1318,8186,12242,20428,0.0290187,0.675627,-0.736672,0
0,0,0,0,0,3607,609,4216,2617,6833,0.0384906,0.694244,-0.71871,0
0,0,0,0,0,7038,1174,8212,-1000,-1000,-1,-1,-1,0
0,0,0,0,0,3788,645,4433,1370,5803,-0.00607638,0.0662892,-0.997782,0
0,0,0,0,0,7263,1284,8547,2908,11455,-0.0330748,0.177609,-0.983545,0
0,0,0,0,0,7144,1321,8465,2489,10954,-0.00451246,0.133932,-0.99098,0
0,0,0,0,0,6409,1221,7630,2450,10080,-0.0286385,0.256887,-0.966017,0
0,0,0,0,0,6347,1196,7543,2814,10357,-0.00783088,0.199902,-0.979785,0
0,0,0,0,0,6880,1338,8218,2255,10473,-0.016799,0.189491,-0.981739,0
0,0,0,0,0,6732,1324,8056,3751,11807,-0.0205598,0.307111,-0.951451,0
0,0,0,0,0,6722,1358,8080,3948,12028,-0.0181505,0.309742,-0.950647,0
0,0,0,0,0,4552,887,5439,3863,9302,0.00883955,0.219399,-0.975595,0
0,0,0,0,0,6661,1303,7964,5470,13434,-0.00508268,0.368953,-0.929434,0
0,0,0,0,0,5939,1173,7112,5490,12602,-0.0151903,0.408135,-0.912795,0
0,0,0,0,0,5937,1185,7122,5719,12841,0.0157066,0.449325,-0.89323,0
0,0,0,0,0,6658,1313,7971,5496,13467,0.0336317,0.506007,-0.861873,0
0,0,0,0,0,4504,889,5393,2553,7946,0.0155949,0.433955,-0.9008,0
0,0,0,0,0,4443,897,5340,1955,7295,0.0254204,0.384999,-0.922567,0
0,0,0,0,0,6500,1235,7735,3186,10921,0.0307787,0.387091,-0.921528,0
0,0,0,0,0,6294,1155,7449,2970,10419,0.0312711,0.341935,-0.939203,0
0,0,0,0,0,6446,1174,7620,3093,10713,0.0211279,0.417585,-0.908392,0
0,0,0,0,0,6853,1161,8014,3309,11323,0.00659144,0.383401,-0.923559,0
0,0,0,0,0,6846,1199,8045,3910,11955,0.00601783,0.380351,-0.924823,0
0,0,0,0,0,6139,1147,7286,5982,13268,-0.00494282,0.320653,-0.947184,0
0,0,0,0,0,6889,1302,8191,5275,13466,0.00382886,0.309874,-0.95077,0
0,0,0,0,0,4790,911,5701,4959,10660,-0.0178805,0.29961,-0.953894,0
0,0,0,0,0,7355,1327,8682,5324,14006,-0.0559401,0.377818,-0.924188,0
0,0,0,0,0,5183,941,6124,5564,11688,-0.0345343,0.271317,-0.96187,0
0,0,0,0,0,4721,838,5559,2895,8454,0.0158755,0.126972,-0.991779,0
0,0,0,0,0,5133,904,6037,3670,9707,-0.00827518,0.219385,-0.975603,0
0,0,0,0,0,6744,1177,7921,3246,11167,0.0182275,0.234906,-0.971847,0
0,0,0,0,0,6740,1255,7995,2618,10613,-0.0083873,0.310154,-0.950649,0
0,0,0,0,0,5761,1013,6774,2313,9087,-0.00709626,0.230738,-0.97299,0
0,0,0,0,0,5137,1015,6152,2658,8810,0.0173247,0.18056,-0.983411,0
0,0,0,0,0,6980,1319,8299,2337,10636,-0.0118588,0.255514,-0.966733,0
0,0,0,0,0,4719,892,5611,1873,7484,0.00115562,0.243619,-0.96987,0
0,0,0,0,0,6257,1187,7444,2275,9719,0.00581261,0.253385,-0.967348,0
0,0,0,0,0,4799,813,5612,1791,7403,0.025181,0.198999,-0.979676,0
0,0,0,0,0,4280,822,5102,1630,6732,-0.00377127,0.193214,-0.981149,0
0,0,0,0,0,6896,1201,8097,2531,10628,-0.0124672,0.271251,-0.962428,0
0,0,0,0,0,7457,1218,8675,5375,14050,-0.0195147,0.394073,-0.918872,0
0,0,0,0,0,3375,617,3992,3601,7593,0.0142007,0.259811,-0.965555,0
0,0,0,0,0,5198,914,6112,6922,13034,0.0636547,0.201579,-0.977402,0
0,0,0,0,0,6310,1142,7452,10554,18006,0.0813868,0.289424,-0.953735,0
0,0,0,0,0,3968,733,4701,6696,11397,0.0839589,0.405238,-0.910348,0
0,0,0,0,0,4544,848,5392,10403,15795,0.29723,0.186348,-0.936445,0
0,0,0,0,0,4770,855,5625,2920,8545,0.0088286,0.104419,-0.994494,0
0,0,0,0,0,6317,1153,7470,2626,10096,0.0378202,0.154471,-0.987273,0
0,0,0,0,0,6406,1236,7642,1691,9333,0.0337392,0.164646,-0.985776,0
0,0,0,0,0,4470,877,5347,1549,6896,0.0614386,0.129282,-0.989703,0
0,0,0,0,0,6270,1067,7337,1902,9239,0.0435648,0.164268,-0.985453,0
0,0,0,0,0,6102,1093,7195,1939,9134,0.0213429,0.136896,-0.990355,0
0,0,0,0,0,7072,1245,8317,2122,10439,0.0149817,0.126999,-0.99179,0
0,0,0,0,0,7204,1358,8562,2269,10831,-0.0340484,0.13127,-0.990762,0
0,0,0,0,0,5055,890,5945,1851,7796,-0.0164117,0.0977568,-0.995075,0
0,0,0,0,0,5047,909,5956,1829,7785,-0.0576705,0.196926,-0.978721,0
0,0,0,0,0,6398,1164,7562,2192,9754,-0.0400345,0.132799,-0.990334,0
0,0,0,0,0,5601,1076,6677,2533,9210,-0.0371064,0.0649339,-0.997199,0
0,0,0,0,0,6920,1320,8240,3281,11521,-0.0468217,0.180578,-0.982446,0
0,0,0,0,0,6590,1323,7913,3439,11352,-0.0515997,0.204017,-0.977607,0
0,0,0,0,0,4601,898,5499,2807,8306,-0.0364402,0.209563,-0.977116,0
0,0,0,0,0,6495,1292,7787,5774,13561,-0.0749311,0.366511,-0.927391,0
0,0,0,0,0,4414,945,5359,3769,9128,-0.101379,0.301964,-0.947913,0
0,0,0,0,0,4452,879,5331,4328,9659,-0.0194178,0.215714,-0.976263,0
0,0,0,0,0,4737,891,5628,4113,9741,-0.0764306,0.291683,-0.953457,0
0,0,0,0,0,6456,1302,7758,6114,13872,-0.104241,0.21961,-0.970003,0
0,0,0,0,0,4380,891,5271,2597,7868,-0.108254,0.222968,-0.968796,0
0,0,0,0,0,6340,1269,7609,4013,11622,-0.129271,0.34185,-0.930821,0
0,0,0,0,0,4414,924,5338,2403,7741,-0.137463,0.300234,-0.943909,0
0,0,0,0,0,6381,1330,7711,3266,10977,-0.106284,0.302179,-0.947308,0
0,0,0,0,0,5820,1161,6981,2775,9756,-0.123989,0.317641,-0.94007,0
0,0,0,0,0,5586,1035,6621,2649,9270,-0.133074,0.318575,-0.93851,0
0,0,0,0,0,5744,1079,6823,2552,9375,-0.182266,0.371134,-0.910516,0
0,0,0,0,0,6579,1156,7735,2584,10319,-0.202478,0.403257,-0.892405,0
0,0,0,0,0,6804,1200,8004,3350,11354,-0.220025,0.46418,-0.857978,0
0,0,0,0,0,6755,1112,7867,4697,12564,-0.254478,0.543708,-0.799764,0
0,0,0,0,0,6208,1034,7242,4874,12116,-0.259106,0.491981,-0.831155,0
0,0,0,0,0,4129,770,4899,3835,8734,-0.221806,0.346909,-0.911294,0
0,0,0,0,0,7236,1306,8542,5052,13594,-0.153087,0.273422,-0.949634,0
0,0,0,0,0,3791,701,4492,2993,7485,-0.0836619,0.186203,-0.978943,0
0,0,0,0,0,6039,1064,7103,5302,12405,-0.120202,0.225159,-0.966879,0
0,0,0,0,0,4304,785,5089,3234,8323,-0.171094,0.19828,-0.965097,0
0,0,0,0,0,8246,1348,9594,5540,15134,-0.0895713,0.131235,-0.987297,0
0,0,0,0,0,4929,969,5898,2776,8674,-0.102322,0.254938,-0.961528,0
0,0,0,0,0,5739,1065,6804,2436,9240,-0.142707,0.213423,-0.966481,0
0,0,0,0,0,5657,1055,6712,2528,9240,-0.130794,0.224998,-0.965541,0
0,0,0,0,0,3964,756,4720,2314,7034,-0.10774,0.220379,-0.969446,0
0,0,0,0,0,6598,1274,7872,2875,10747,-0.114245,0.234331,-0.965421,0
0,0,0,0,0,6594,1172,7766,2711,10477,-0.0568115,0.155296,-0.986233,0
0,0,0,0,0,5916,1111,7027,2309,9336,-0.130955,0.248092,-0.959844,0
0,0,0,0,0,5656,990,6646,6788,13434,-0.217254,0.326581,-0.919862,0
0,0,0,0,0,3993,699,4692,4780,9472,-0.216516,0.337195,-0.916199,0
0,0,0,0,0,6298,1168,7466,8094,15560,-0.148966,0.258964,-0.954331,0
0,0,0,0,0,6221,1158,7379,9898,17277,-0.246722,0.279645,-0.927862,0
0,0,0,0,0,2536,491,3027,5469,8496,-0.243257,0.0436294,-0.96898,0
0,0,0,0,0,4434,842,5276,2569,7845,-0.0846195,0.124294,-0.988631,0
0,0,0,0,0,6852,1197,8049,2114,10163,-0.0755525,0.138939,-0.987415,0
0,0,0,0,0,6217,1232,7449,1989,9438,-0.0727662,0.139412,-0.987557,0
0,0,0,0,0,6771,1244,8015,1993,10008,-0.0924701,0.156647,-0.983316,0
0,0,0,0,0,4612,873,5485,1428,6913,-0.0462288,0.0905752,-0.994816,0
0,0,0,0,0,6217,1159,7376,1862,9238,-0.0967026,0.136986,-0.985842,0
0,0,0,0,0,7008,1293,8301,2383,10684,-0.133759,0.134181,-0.981888,0
0,0,0,0,0,4802,919,5721,1549,7270,-0.0635717,0.0722208,-0.995361,0
0,0,0,0,0,6927,1332,8259,2500,10759,-0.0773805,0.104619,-0.991497,0
0,0,0,0,0,6019,1199,7218,2729,9947,-0.12438,0.142943,-0.981884,0
0,0,0,0,0,5965,1176,7141,2246,9387,-0.0748332,0.0513258,-0.995874,0
0,0,0,0,0,6489,1292,7781,2996,10777,-0.0812892,0.0634576,-0.994668,0
0,0,0,0,0,6197,1282,7479,3326,10805,-0.148417,0.19038,-0.970427,0
0,0,0,0,0,5533,1140,6673,3072,9745,-0.154546,0.237366,-0.959048,0
0,0,0,0,0,6293,1173,7466,3913,11379,-0.0798312,0.149025,-0.985606,0
0,0,0,0,0,4449,1034,5483,3627,9110,-0.155466,0.240799,-0.958043,0
0,0,0,0,0,6206,1385,7591,5431,13022,-0.118005,0.180206,-0.976525,0
0,0,0,0,0,6140,1278,7418,3263,10681,-0.158137,0.23121,-0.959966,0
0,0,0,0,0,6198,1291,7489,4133,11622,-0.173816,0.270691,-0.946844,0
0,0,0,0,0,3906,824,4730,3132,7862,-0.179222,0.301456,-0.936485,0
0,0,0,0,0,6080,1276,7356,3385,10741,-0.184147,0.341469,-0.921677,0
0,0,0,0,0,6166,1281,7447,2945,10392,-0.163655,0.309881,-0.936585,0
0,0,0,0,0,6109,1279,7388,1703,9091,-0.105937,0.305692,-0.946219,0
0,0,0,0,0,4787,996,5783,2498,8281,-0.179163,0.352295,-0.91858,0
0,0,0,0,0,4868,971,5839,3247,9086,-0.134071,0.335492,-0.932454,0
0,0,0,0,0,6056,1230,7286,3013,10299,-0.111855,0.277322,-0.954244,0
0,0,0,0,0,7480,1600,9080,2716,11796,-0.122292,0.28367,-0.951092,0
0,0,0,0,0,4810,896,5706,3041,8747,-0.132717,0.295963,-0.945934,0
0,0,0,0,0,4848,969,5817,3611,9428,-0.0649574,0.228583,-0.971355,0
0,0,0,0,0,3606,745,4351,3251,7602,-0.0975898,0.225114,-0.969433,0
0,0,0,0,0,6686,1296,7982,6387,14369,-0.0830235,0.266124,-0.960357,0
0,0,0,0,0,3512,945,4457,3777,8234,-0.0456452,0.188991,-0.980917,0
0,0,0,0,0,5682,1094,6776,5885,12661,-0.0835444,0.18994,-0.978235,0
0,0,0,0,0,5826,1094,6920,3357,10277,-0.0912404,0.226433,-0.969744,0
0,0,0,0,0,5796,1084,6880,3640,10520,-0.037556,0.149293,-0.98808,0
0,0,0,0,0,7061,1301,8362,4330,12692,-0.0617976,0.139456,-0.988298,0
0,0,0,0,0,6945,1369,8314,3798,12112,-0.085808,0.198932,-0.976249,0
0,0,0,0,0,6912,1297,8209,2650,10859,-0.226172,0.380658,-0.89663,0
0,0,0,0,0,3577,671,4248,1908,6156,-0.155501,0.299434,-0.94136,0
0,0,0,0,0,7614,1266,8880,3009,11889,-0.178068,0.356328,-0.917236,0
0,0,0,0,0,6557,1197,7754,3435,11189,-0.129947,0.228412,-0.964853,0
0,0,0,0,0,5014,807,5821,2619,8440,-0.162729,0.304184,-0.938611,0
0,0,0,0,0,6257,1114,7371,12201,19572,0.096311,-0.0644402,-0.993263,0
0,0,0,0,0,5311,1037,6348,2509,8857,-0.0824407,0.195445,-0.977243,0
0,0,0,0,0,5057,949,6006,11691,17697,-0.0208467,0.0349191,-0.999173,0
0,0,0,0,0,4926,1033,5959,1926,7885,-0.0752947,0.153929,-0.985209,0
0,0,0,0,0,6104,1139,7243,5017,12260,-0.0710479,0.180669,-0.980975,0
0,0,0,0,0,5969,1169,7138,2295,9433,-0.0764423,0.131608,-0.98835,0
0,0,0,0,0,5945,1218,7163,1553,8716,-0.062424,0.115773,-0.991312,0
0,0,0,0,0,4338,824,5162,1417,6579,-0.0810285,0.146496,-0.985887,0
0,0,0,0,0,6439,1217,7656,2026,9682,-0.0738866,0.153815,-0.985333,0
0,0,0,0,0,4585,914,5499,1500,6999,-0.0684375,0.137568,-0.988125,0
0,0,0,0,0,6653,1350,8003,2235,10238,-0.0754781,0.17423,-0.981808,0
0,0,0,0,0,7089,1332,8421,2216,10637,-0.079179,0.159285,-0.984052,0
0,0,0,0,0,6728,1280,8008,2739,10747,-0.0613831,0.113259,-0.991668,0
0,0,0,0,0,6632,1311,7943,2937,10880,-0.0467726,0.119387,-0.991746,0
0,0,0,0,0,4437,879,5316,1826,7142,-0.0429415,0.0474108,-0.997952,0
0,0,0,0,0,7303,1482,8785,3398,12183,-0.0705675,0.112027,-0.991196,0
0,0,0,0,0,6193,1288,7481,3225,10706,-0.0806028,0.122284,-0.989217,0
0,0,0,0,0,4768,892,5660,2567,8227,-0.0983991,0.124197,-0.987367,0
0,0,0,0,0,6456,1310,7766,4810,12576,-0.0994078,0.36787,-0.924548,0
0,0,0,0,0,7103,1468,8571,6123,14694,-0.0904371,0.447615,-0.889641,0
0,0,0,0,0,6171,1135,7306,2932,10238,-0.0909894,0.308427,-0.946886,0
0,0,0,0,0,2631,557,3188,1884,5072,-0.0608459,0.330723,-0.941764,0
0,0,0,0,0,5560,1222,6782,4998,11780,-0.0785113,0.307035,-0.948454,0
0,0,0,0,0,6895,1505,8400,3609,12009,-0.0646557,0.37634,-0.924223,0
0,0,0,0,0,4175,906,5081,2125,7206,-0.0517407,0.301522,-0.952054,0
0,0,0,0,0,5956,1291,7247,2694,9941,-0.048157,0.373947,-0.926199,0
0,0,0,0,0,6207,1202,7409,2657,10066,-0.0610483,0.329371,-0.942225,0
0,0,0,0,0,5814,1144,6958,3335,10293,-0.104537,0.373921,-0.921551,0
0,0,0,0,0,6645,1264,7909,3379,11288,-0.0773174,0.368706,-0.926325,0
0,0,0,0,0,6084,1134,7218,3092,10310,-0.124113,0.49844,-0.857994,0
0,0,0,0,0,6894,1161,8055,3465,11520,-0.167522,0.609046,-0.775241,0
0,0,0,0,0,6213,1170,7383,3600,10983,-0.201496,0.644338,-0.737718,0
0,0,0,0,0,4409,807,5216,2692,7908,-0.152976,0.560697,-0.813767,0
0,0,0,0,0,7661,1443,9104,5718,14822,-0.102012,0.473251,-0.875001,0
0,0,0,0,0,5225,1011,6236,4342,10578,-0.0506494,0.263125,-0.963431,0
0,0,0,0,0,8045,1512,9557,2938,12495,-0.0377279,0.259091,-0.965116,0
0,0,0,0,0,7074,1160,8234,2608,10842,-0.0186945,0.180624,-0.983374,0
0,0,0,0,0,3702,689,4391,2237,6628,-0.0560975,0.275777,-0.959583,0
0,0,0,0,0,7900,1511,9411,3347,12758,-0.0193424,0.251959,-0.967544,0
0,0,0,0,0,5078,1008,6086,2196,8282,-0.0171873,0.300253,-0.953705,0
0,0,0,0,0,6053,1196,7249,2764,10013,-0.0299973,0.321378,-0.946476,0
0,0,0,0,0,7672,1518,9190,2105,11295,-0.0380879,0.350295,-0.935865,0
0,0,0,0,0,4965,900,5865,2080,7945,-0.0489981,0.349127,-0.935793,0
0,0,0,0,0,5724,1023,6747,5626,12373,-0.0691479,0.467592,-0.881236,0
0,0,0,0,0,5623,1020,6643,8405,15048,-0.0326312,0.441359,-0.896737,0
0,0,0,0,0,3089,559,3648,5620,9268,-0.00578019,0.270205,-0.962785,0
0,0,0,0,0,6904,1327,8231,9013,17244,0.0988551,0.247681,-0.963785,0
0,0,0,0,0,3307,639,3946,6127,10073,0.148106,0.224382,-0.963181,0
0,0,0,0,0,5392,1045,6437,4927,11364,-0.0347339,0.162774,-0.986052,0
0,0,0,0,0,7154,1370,8524,2387,10911,-0.026879,0.290313,-0.956554,0
0,0,0,0,0,7132,1403,8535,1713,10248,-0.0345013,0.271284,-0.961881,0
0,0,0,0,0,3218,539,3757,883,4640,-0.0150789,0.178998,-0.983734,0
0,0,0,0,0,2768,517,3285,861,4146,-0.0188785,0.129578,-0.99139,0
0,0,0,0,0,6781,1342,8123,2083,10206,-0.0234771,0.149005,-0.988558,0
0,0,0,0,0,6919,1323,8242,2371,10613,-0.0159775,0.157517,-0.987387,0
0,0,0,0,0,6733,1279,8012,2390,10402,-0.0115965,0.132046,-0.991176,0
0,0,0,0,0,4601,929,5530,1899,7429,-0.0361152,0.131993,-0.990593,0
0,0,0,0,0,6550,1284,7834,2278,10112,-0.0420498,0.17066,-0.984432,0
0,0,0,0,0,6362,1304,7666,2728,10394,-0.0203859,0.134195,-0.990745,0
0,0,0,0,0,5718,1210,6928,2557,9485,-0.0527257,0.213618,-0.975493,0
0,0,0,0,0,6754,1317,8071,3826,11897,-0.0456844,0.209667,-0.976705,0
0,0,0,0,0,4299,906,5205,2871,8076,-0.0415689,0.291304,-0.955727,0
0,0,0,0,0,6222,1312,7534,4142,11676,-0.0241791,0.332322,-0.942856,0
0,0,0,0,0,3370,688,4058,3280,7338,-0.049285,0.311497,-0.948968,0
0,0,0,0,0,6273,1320,7593,6649,14242,-0.0518527,0.369212,-0.927898,0
0,0,0,0,0,6387,1352,7739,4704,12443,-0.0560758,0.438388,-0.897035,0
0,0,0,0,0,3386,718,4104,2798,6902,-0.0588255,0.285506,-0.95657,0
0,0,0,0,0,6300,1310,7610,3286,10896,-0.0210673,0.371288,-0.928279,0
0,0,0,0,0,6200,1330,7530,2892,10422,0.0111369,0.360652,-0.932634,0
0,0,0,0,0,4112,896,5008,1484,6492,-0.00352245,0.309916,-0.950757,0
0,0,0,0,0,6071,1239,7310,3354,10664,0.000205904,0.363891,-0.931442,0
0,0,0,0,0,5965,1145,7110,3047,10157,-0.0282929,0.379172,-0.924894,0
0,0,0,0,0,5483,1010,6493,3059,9552,-0.0551826,0.373144,-0.926131,0
0,0,0,0,0,5637,1111,6748,2930,9678,-0.0735227,0.397007,-0.914866,0
0,0,0,0,0,6938,1562,8500,4122,12622,-0.0878175,0.464995,-0.880947,0
0,0,0,0,0,6264,1165,7429,3246,10675,-0.0628091,0.474353,-0.878091,0
0,0,0,0,0,5719,1115,6834,5818,12652,-0.0331146,0.392006,-0.919367,0
0,0,0,0,0,4156,801,4957,3767,8724,-0.0220961,0.262321,-0.964728,0
0,0,0,0,0,6755,1314,8069,6067,14136,-0.0707087,0.199662,-0.97731,0
0,0,0,0,0,5370,906,6276,4378,10654,0.0293206,0.227229,-0.9734,0
0,0,0,0,0,6969,1307,8276,4358,12634,0.0264368,0.0940276,-0.995219,0
0,0,0,0,0,4777,944,5721,2951,8672,-0.0125394,0.321293,-0.946897,0
0,0,0,0,0,6342,1189,7531,2965,10496,-0.000406106,0.275197,-0.961388,0
0,0,0,0,0,5516,1120,6636,2530,9166,-0.0615793,0.352903,-0.933631,0
0,0,0,0,0,6800,1351,8151,2404,10555,-0.027719,0.348151,-0.937029,0
0,0,0,0,0,4637,878,5515,2171,7686,-0.0166603,0.234876,-0.971883,0
0,0,0,0,0,6862,1267,8129,2866,10995,-0.0342637,0.304897,-0.951769,0
0,0,0,0,0,4781,827,5608,5115,10723,-0.0613964,0.299763,-0.952036,0
0,0,0,0,0,4178,729,4907,8263,13170,-0.0736066,0.386266,-0.919446,0
0,0,0,0,0,4045,722,4767,7867,12634,-0.0195233,0.395369,-0.918315,0
0,0,0,0,0,4018,744,4762,7960,12722,0.275396,0.0397942,-0.960507,0
0,0,0,0,0,6298,1200,7498,7440,14938,0.0172801,0.193007,-0.981045,0
0,0,0,0,0,4568,797,5365,5993,11358,0.0126972,0.144673,-0.989398,0
0,0,0,0,0,5545,1027,6572,2780,9352,0.0104156,0.0926717,-0.995642,0
0,0,0,0,0,6277,1159,7436,2704,10140,0.00815461,0.0605866,-0.99813,0
0,0,0,0,0,6329,1156,7485,2277,9762,0.0208903,0.0170428,-0.999637,0
0,0,0,0,0,6285,1147,7432,2794,10226,0.0328042,0.0129109,-0.999378,0
0,0,0,0,0,6291,1189,7480,2233,9713,0.0124134,-0.0284286,-0.999519,0
0,0,0,0,0,6346,1137,7483,2791,10274,0.0148225,-0.0196699,-0.999697,0
0,0,0,0,0,6220,1129,7349,2623,9972,0.0139835,-0.0162445,-0.99977,0
0,0,0,0,0,4236,778,5014,1910,6924,0.0106233,-0.0173214,-0.999794,0
0,0,0,0,0,5581,1022,6603,3534,10137,0.000920033,0.0178574,-0.99984,0
0,0,0,0,0,6345,1217,7562,3107,10669,0.0111222,0.0352599,-0.999316,0
0,0,0,0,0,4222,786,5008,1435,6443,0.0176624,0.0375947,-0.999137,0
0,0,0,0,0,6383,1172,7555,2086,9641,0.005233,0.0626074,-0.998025,0
0,0,0,0,0,6932,943,7875,1058,8933,-0.0154756,0.0496073,-0.998649,0
0,0,0,0,0,2741,494,3235,885,4120,-0.0173074,0.0673062,-0.997582,0
0,0,0,0,0,6705,1261,7966,2031,9997,-0.00271813,0.0726122,-0.997357,0
0,0,0,0,0,6524,1205,7729,1493,9222,-0.000486638,0.0970891,-0.995276,0
0,0,0,0,0,6049,1095,7144,1739,8883,0.00881972,0.0839689,-0.996429,0
0,0,0,0,0,6893,1277,8170,1494,9664,0.0234694,0.0969608,-0.995011,0
0,0,0,0,0,6367,1177,7544,1610,9154,0.0304271,0.116353,-0.992742,0
0,0,0,0,0,7071,1300,8371,2286,10657,0.00764442,0.110435,-0.993854,0
0,0,0,0,0,4942,1286,6228,2084,8312,-0.00149017,0.104712,-0.994501,0
0,0,0,0,0,4415,835,5250,1723,6973,-0.0213773,0.142094,-0.989622,0
0,0,0,0,0,7011,1349,8360,2618,10978,-0.0118629,0.140755,-0.989973,0
0,0,0,0,0,6704,1360,8064,3505,11569,-0.0284361,0.330202,-0.943482,0
0,0,0,0,0,3673,689,4362,1182,5544,-0.0372707,0.254434,-0.966372,0
0,0,0,0,0,2311,474,2785,1151,3936,-0.0320544,0.223009,-0.974289,0
0,0,0,0,0,5805,1207,7012,4306,11318,-0.0163555,0.201238,-0.979406,0
0,0,0,0,0,5687,1190,6877,4510,11387,-0.0222509,0.342063,-0.939414,0
0,0,0,0,0,4231,857,5088,3017,8105,-0.0190268,0.18663,-0.982246,0
0,0,0,0,0,4150,866,5016,2511,7527,-0.00377988,0.317616,-0.948212,0
0,0,0,0,0,5616,1074,6690,4746,11436,0.00951178,0.395602,-0.918373,0
0,0,0,0,0,3869,784,4653,2863,7516,0.0293055,0.379103,-0.92489,0
0,0,0,0,0,6402,1317,7719,4228,11947,0.0305382,0.424408,-0.904956,0
0,0,0,0,0,6774,1477,8251,2615,10866,0.0323611,0.35199,-0.935444,0
0,0,0,0,0,3237,666,3903,1699,5602,0.0350994,0.326882,-0.944413,0
0,0,0,0,0,5949,1207,7156,3428,10584,0.0156548,0.301596,-0.953307,0
0,0,0,0,0,5853,1150,7003,2856,9859,0.0153899,0.338342,-0.940897,0
0,0,0,0,0,5429,1019,6448,2149,8597,-0.00782586,0.370255,-0.928897,0
0,0,0,0,0,6279,1169,7448,2545,9993,-0.0281811,0.424978,-0.904765,0
0,0,0,0,0,6911,1154,8065,3383,11448,-0.0549919,0.509376,-0.858785,0
0,0,0,0,0,4410,830,5240,2285,7525,-0.0278072,0.408201,-0.912468,0
0,0,0,0,0,6545,1215,7760,5757,13517,-0.0444575,0.448467,-0.892693,0
0,0,0,0,0,4557,889,5446,4233,9679,-0.0042125,0.261846,-0.9651,0
0,0,0,0,0,6454,1207,7661,4001,11662,0.0210273,0.273283,-0.961704,0
0,0,0,0,0,4345,872,5217,4187,9404,0.0278895,0.14245,-0.989409,0
0,0,0,0,0,6067,1101,7168,5016,12184,-0.000799608,0.248069,-0.968742,0
0,0,0,0,0,4165,805,4970,3857,8827,0.0221482,0.175506,-0.984229,0
0,0,0,0,0,6991,1319,8310,4040,12350,0.032513,0.177638,-0.983559,0
0,0,0,0,0,4830,951,5781,2730,8511,-0.0303288,0.429309,-0.902649,0
0,0,0,0,0,6877,1350,8227,2435,10662,0.0334285,0.23289,-0.971928,0
0,0,0,0,0,4793,915,5708,2561,8269,0.00402575,0.281833,-0.959455,0
0,0,0,0,0,6751,1344,8095,3299,11394,0.00760148,0.302603,-0.953086,0
0,0,0,0,0,4693,940,5633,1868,7501,-0.0121413,0.310699,-0.950431,0
0,0,0,0,0,6713,1228,7941,3494,11435,0.0253089,0.246439,-0.968828,0
0,0,0,0,0,4584,828,5412,4622,10034,-0.0107302,0.484056,-0.874971,0
0,0,0,0,0,6549,1178,7727,20884,28611,0.0907371,0.364806,-0.926652,0
0,0,0,0,0,1929,312,2241,4307,6548,0.11327,0.434562,-0.893491,0
0,0,0,0,0,1988,364,2352,3733,6085,0.177008,0.113083,-0.977691,0
0,0,0,0,0,5799,1087,6886,2963,9849,-0.00310161,0.19496,-0.980806,0
0,0,0,0,0,7196,1188,8384,3352,11736,0.00232736,0.289039,-0.957315,0
0,0,0,0,0,4152,612,4764,1087,5851,0.00556008,0.183323,-0.983037,0
0,0,0,0,0,2812,504,3316,901,4217,0.0100196,0.138311,-0.990338,0
0,0,0,0,0,6588,1314,7902,1996,9898,0.0244167,0.147616,-0.988743,0
0,0,0,0,0,6848,1267,8115,2179,10294,0.0120797,0.136442,-0.990574,0
0,0,0,0,0,6872,1318,8190,2099,10289,0.0340261,0.163648,-0.985932,0
0,0,0,0,0,6248,1156,7404,1910,9314,0.0148774,0.140478,-0.989972,0
0,0,0,0,0,6432,1201,7633,2195,9828,-0.00267361,0.149886,-0.9887,0
0,0,0,0,0,4442,862,5304,1980,7284,-0.0253064,0.050826,-0.998387,0
0,0,0,0,0,6794,1341,8135,2007,10142,0.0290513,0.210858,-0.977085,0
0,0,0,0,0,4613,943,5556,2239,7795,0.0325214,0.208336,-0.977517,0
0,0,0,0,0,6065,1199,7264,3130,10394,0.0305527,0.169048,-0.985134,0
0,0,0,0,0,5452,1093,6545,2837,9382,0.00224089,0.192664,-0.981262,0
0,0,0,0,0,6442,1320,7762,2905,10667,0.0139938,0.317774,-0.948063,0
0,0,0,0,0,4381,910,5291,3380,8671,0.0219163,0.315018,-0.948833,0
0,0,0,0,0,6694,1406,8100,5324,13424,0.0154797,0.353999,-0.935118,0
0,0,0,0,0,4435,948,5383,3983,9366,0.00174241,0.28342,-0.958994,0
0,0,0,0,0,4042,845,4887,2845,7732,0.00716774,0.206395,-0.978443,0
0,0,0,0,0,6587,1509,8096,4653,12749,0.0278302,0.286597,-0.957647,0
0,0,0,0,0,4305,929,5234,2245,7479,0.0672746,0.368049,-0.927369,0
0,0,0,0,0,6477,1304,7781,4087,11868,0.048321,0.274094,-0.960488,0
0,0,0,0,0,4204,874,5078,2143,7221,0.0625321,0.293564,-0.953892,0
0,0,0,0,0,6167,1215,7382,2406,9788,0.0365494,0.344539,-0.93806,0
0,0,0,0,0,6042,1171,7213,2636,9849,0.0583048,0.379617,-0.923305,0
0,0,0,0,0,6107,1139,7246,2459,9705,0.0188801,0.32972,-0.94389,0
0,0,0,0,0,6349,1224,7573,2559,10132,0.0357638,0.404974,-0.913628,0
0,0,0,0,0,6654,1175,7829,2459,10288,0.0325507,0.414484,-0.909474,0
0,0,0,0,0,4630,824,5454,2853,8307,0.0537825,0.446061,-0.893385,0
0,0,0,0,0,6465,1243,7708,4110,11818,0.0374308,0.404003,-0.913992,0
0,0,0,0,0,4373,837,5210,3157,8367,0.0517695,0.262474,-0.963549,0
0,0,0,0,0,5661,1116,6777,6925,13702,0.0483329,0.212881,-0.975882,0
0,0,0,0,0,4138,790,4928,3279,8207,0.0501807,0.194853,-0.979548,0
0,0,0,0,0,7376,1430,8806,3353,12159,0.00252367,0.379144,-0.925334,0
0,0,0,0,0,3879,704,4583,2120,6703,0.0350467,0.285084,-0.957862,0
0,0,0,0,0,3746,701,4447,1937,6384,0.0299785,0.282743,-0.958727,0
0,0,0,0,0,2964,557,3521,1668,5189,-0.00309852,0.147508,-0.989056,0
0,0,0,0,0,6907,1320,8227,3339,11566,0.0464193,0.287406,-0.956683,0
0,0,0,0,0,6825,1309,8134,2130,10264,0.0413368,0.300727,-0.952814,0
0,0,0,0,0,7277,1449,8726,2996,11722,0.0227378,0.413303,-0.910309,0
0,0,0,0,0,3648,665,4313,1082,5395,0.0292851,0.313461,-0.949149,0
0,0,0,0,0,2177,364,2541,1090,3631,0.0482666,0.139513,-0.989043,0
0,0,0,0,0,2629,463,3092,2243,5335,0.0355273,0.206669,-0.977766,0
0,0,0,0,0,6562,1136,7698,16256,23954,0.0304611,0.32391,-0.945598,0
0,0,0,0,0,2584,449,3033,3774,6807,0.213535,-0.0590425,-0.97515,0
0,0,0,0,0,2942,550,3492,1897,5389,0.0149826,0.144297,-0.989421,0
0,0,0,0,0,6196,1141,7337,5178,12515,0.0118987,0.202363,-0.979238,0
0,0,0,0,0,4341,815,5156,1869,7025,0.0193707,0.14114,-0.9898,0
0,0,0,0,0,6363,1180,7543,2102,9645,0.0450357,0.161334,-0.985872,0
0,0,0,0,0,6493,1241,7734,2178,9912,0.0522048,0.122482,-0.991097,0
0,0,0,0,0,7682,1239,8921,2039,10960,0.0481405,0.131606,-0.990132,0
0,0,0,0,0,7408,1363,8771,2137,10908,0.0263012,0.208053,-0.977764,0
0,0,0,0,0,4428,728,5156,1210,6366,0.0155422,0.146041,-0.989156,0
0,0,0,0,0,2941,563,3504,1120,4624,0.00974018,0.117609,-0.993012,0
0,0,0,0,0,7075,1373,8448,2538,10986,0.0131525,0.214772,-0.976576,0
0,0,0,0,0,5231,934,6165,2107,8272,0.0239456,0.227696,-0.973438,0
0,0,0,0,0,6416,1176,7592,2374,9966,0.00307235,0.190236,-0.981734,0
0,0,0,0,0,5990,1217,7207,2448,9655,0.0483116,0.290083,-0.955781,0
0,0,0,0,0,3114,655,3769,1506,5275,0.0280735,0.220826,-0.974909,0
0,0,0,0,0,6263,1309,7572,5235,12807,0.0735781,0.347886,-0.934645,0
0,0,0,0,0,3553,703,4256,2186,6442,0.0618693,0.381256,-0.922397,0
0,0,0,0,0,6426,911,7337,4308,11645,0.0525662,0.339563,-0.939113,0
0,0,0,0,0,2723,564,3287,3768,7055,0.0454075,0.32878,-0.943314,0
0,0,0,0,0,6516,1370,7886,4252,12138,0.0345135,0.349822,-0.93618,0
0,0,0,0,0,4439,899,5338,2680,8018,0.039443,0.374788,-0.926271,0
0,0,0,0,0,6354,1280,7634,2658,10292,0.0270617,0.356147,-0.934038,0
0,0,0,0,0,4146,843,4989,1765,6754,0.0473435,0.294792,-0.954388,0
0,0,0,0,0,6105,1204,7309,2424,9733,0.0734206,0.310091,-0.947868,0
0,0,0,0,0,6900,1325,8225,2667,10892,0.0803687,0.323017,-0.942974,0
0,0,0,0,0,6221,1157,7378,2465,9843,0.117117,0.35776,-0.92644,0
0,0,0,0,0,6473,1171,7644,2928,10572,0.183724,0.501509,-0.84542,0
0,0,0,0,0,4454,818,5272,2461,7733,0.145048,0.405591,-0.902473,0
0,0,0,0,0,6688,1279,7967,5642,13609,0.179936,0.477534,-0.859991,0
0,0,0,0,0,3587,681,4268,4220,8488,0.14386,0.381813,-0.912975,0
0,0,0,0,0,5741,1093,6834,6531,13365,0.114239,0.292027,-0.949563,0
0,0,0,0,0,4263,788,5051,4669,9720,0.0966831,0.18427,-0.978109,0
0,0,0,0,0,5346,1004,6350,4489,10839,0.0856653,0.210629,-0.973805,0
0,0,0,0,0,7172,1304,8476,4081,12557,0.0402433,0.137621,-0.989667,0
0,0,0,0,0,4877,909,5786,2792,8578,0.148198,0.206497,-0.967159,0
0,0,0,0,0,7131,1302,8433,2368,10801,0.105059,0.190163,-0.976115,0
0,0,0,0,0,4807,948,5755,1955,7710,0.092953,0.194304,-0.976527,0
0,0,0,0,0,4730,913,5643,2035,7678,0.0842474,0.253357,-0.963697,0
0,0,0,0,0,6807,1276,8083,2832,10915,0.120123,0.225075,-0.966908,0
0,0,0,0,0,6877,1278,8155,1886,10041,0.11325,0.256098,-0.959994,0
0,0,0,0,0,4540,812,5352,6155,11507,0.103901,0.326935,-0.939318,0
0,0,0,0,0,5400,926,6326,18332,24658,0.161277,0.422457,-0.891919,0
0,0,0,0,0,2171,375,2546,6770,9316,0.178101,0.356672,-0.917096,0
0,0,0,0,0,2577,489,3066,4127,7193,0.112096,-0.00490792,-0.993685,0
0,0,0,0,0,6338,1227,7565,2891,10456,0.0764805,0.157632,-0.984532,0
0,0,0,0,0,7051,1150,8201,3449,11650,0.0908151,0.268706,-0.958932,0
0,0,0,0,0,5557,813,6370,1228,7598,0.0559689,0.225867,-0.972549,0
0,0,0,0,0,2774,520,3294,766,4060,0.0237366,0.141196,-0.989697,0
0,0,0,0,0,6670,1215,7885,2044,9929,0.0804873,0.228434,-0.970227,0
0,0,0,0,0,4434,674,5108,1070,6178,0.0678173,0.157764,-0.985145,0
0,0,0,0,0,2548,448,2996,786,3782,0.0317878,0.0692459,-0.997093,0
0,0,0,0,0,6549,1170,7719,2096,9815,0.0493406,0.101882,-0.993572,0
0,0,0,0,0,8098,1583,9681,2324,12005,0.0824926,0.289188,-0.953711,0
0,0,0,0,0,4239,709,4948,1109,6057,0.0560738,0.223084,-0.973185,0
0,0,0,0,0,2342,406,2748,926,3674,0.0419238,0.121904,-0.991656,0
0,0,0,0,0,2112,405,2517,937,3454,0.0022417,0.0751384,-0.997171,0
0,0,0,0,0,7083,1328,8411,4479,12890,0.108841,0.410373,-0.905399,0
0,0,0,0,0,4055,727,4782,1878,6660,0.0396823,0.254406,-0.966283,0
0,0,0,0,0,2421,467,2888,1906,4794,0.0312932,0.208485,-0.977525,0
0,0,0,0,0,4561,903,5464,4126,9590,0.104259,0.320698,-0.941426,0
0,0,0,0,0,6671,1317,7988,4799,12787,0.0806265,0.320692,-0.943746,0
0,0,0,0,0,3429,692,4121,2651,6772,0.0338794,0.214577,-0.976119,0
0,0,0,0,0,6568,1318,7886,4932,12818,0.110192,0.378771,-0.918907,0
0,0,0,0,0,4429,907,5336,3051,8387,0.106402,0.312021,-0.944098,0
0,0,0,0,0,5768,1178,6946,3231,10177,0.11198,0.381351,-0.917623,0
0,0,0,0,0,3891,792,4683,1795,6478,0.0711378,0.319029,-0.945071,0
0,0,0,0,0,6237,1195,7432,3052,10484,0.108871,0.315987,-0.942496,0
0,0,0,0,0,6297,1184,7481,2641,10122,0.0938838,0.405375,-0.909317,0
0,0,0,0,0,6556,1159,7715,3076,10791,0.050943,0.386626,-0.920828,0
0,0,0,0,0,4516,842,5358,2095,7453,0.0290799,0.368717,-0.929087,0
0,0,0,0,0,6891,1247,8138,4071,12209,0.0505624,0.41013,-0.910624,0
0,0,0,0,0,6843,1275,8118,3919,12037,0.0333616,0.336738,-0.941007,0
0,0,0,0,0,3625,689,4314,3287,7601,0.0300946,0.245137,-0.969021,0
0,0,0,0,0,7041,1315,8356,5333,13689,-0.00177255,0.350016,-0.936742,0
0,0,0,0,0,5023,923,5946,3553,9499,0.00928596,0.213525,-0.976894,0
0,0,0,0,0,5942,1067,7009,3081,10090,0.0142131,0.175961,-0.984295,0
0,0,0,0,0,7298,1310,8608,2952,11560,0.0603383,0.406171,-0.911803,0
0,0,0,0,0,3703,685,4388,2238,6626,0.0387407,0.185395,-0.9819,0
0,0,0,0,0,7019,1365,8384,3094,11478,0.0389321,0.251978,-0.966949,0
0,0,0,0,0,4757,925,5682,1908,7590,0.0107821,0.237722,-0.971273,0
0,0,0,0,0,7839,1504,9343,1945,11288,0.00403096,0.285355,-0.958414,0
0,0,0,0,0,4654,882,5536,1797,7333,-0.00797496,0.272861,-0.962021,0
0,0,0,0,0,6722,1215,7937,3046,10983,-0.0199168,0.234601,-0.971888,0
0,0,0,0,0,4500,803,5303,4437,9740,-0.0143605,0.183239,-0.982964,0
0,0,0,0,0,6418,1169,7587,17570,25157,0.0102433,-0.0829483,-0.996501,0
0,0,0,0,0,1952,379,2331,675,3006,-0.00511316,0.149626,-0.98873,0
0,0,0,0,0,3924,723,4647,10411,15058,-0.168342,0.00556815,-0.985713,0
0,0,0,0,0,6063,1149,7212,2638,9850,-0.00153228,0.166727,-0.986002,0
0,0,0,0,0,7328,1350,8678,2711,11389,0.0096609,0.180689,-0.983493,0
0,0,0,0,0,6337,1311,7648,1632,9280,-0.00732925,0.149394,-0.988751,0
0,0,0,0,0,3355,650,4005,1087,5092,-0.00253537,0.131621,-0.991297,0
0,0,0,0,0,7844,1447,9291,2060,11351,0.00204224,0.146233,-0.989248,0
0,0,0,0,0,6971,1272,8243,1716,9959,-0.0284785,0.155018,-0.987501,0
0,0,0,0,0,4931,916,5847,1658,7505,-0.0261233,0.0940161,-0.995228,0
0,0,0,0,0,7249,1353,8602,2309,10911,-0.0239617,0.179565,-0.983454,0
0,0,0,0,0,4881,926,5807,1667,7474,0.00113913,0.0779105,-0.99696,0
0,0,0,0,0,7971,1491,9462,1944,11406,-0.0432905,0.197213,-0.979404,0
0,0,0,0,0,4799,900,5699,2270,7969,-0.040233,0.195923,-0.979794,0
0,0,0,0,0,6714,1341,8055,2507,10562,-0.0281896,0.133789,-0.990609,0
0,0,0,0,0,4395,896,5291,3260,8551,-0.0458959,0.200035,-0.978713,0
0,0,0,0,0,4408,939,5347,3439,8786,-0.0711654,0.264734,-0.961692,0
0,0,0,0,0,6382,1322,7704,4356,12060,-0.0406273,0.388627,-0.920499,0
0,0,0,0,0,4360,899,5259,3893,9152,-0.00328736,0.339829,-0.940482,0
0,0,0,0,0,5695,1195,6890,4065,10955,-0.0127587,0.378094,-0.925679,0
0,0,0,0,0,3947,842,4789,3088,7877,-0.0220675,0.41843,-0.907981,0
0,0,0,0,0,6183,1291,7474,3120,10594,-0.0145865,0.394641,-0.918719,0
0,0,0,0,0,5665,1278,6943,3025,9968,-0.0308888,0.398807,-0.916515,0
0,0,0,0,0,5522,1095,6617,3277,9894,-0.0255842,0.352149,-0.935594,0
0,0,0,0,0,3851,749,4600,2124,6724,-0.0191456,0.349565,-0.936716,0
0,0,0,0,0,6832,1231,8063,3037,11100,-0.0328681,0.350223,-0.93609,0
0,0,0,0,0,6488,1160,7648,2254,9902,-0.0788357,0.445699,-0.891705,0
0,0,0,0,0,6898,1263,8161,2285,10446,-0.107389,0.468058,-0.877148,0
0,0,0,0,0,3473,635,4108,2195,6303,-0.11437,0.479944,-0.869812,0
0,0,0,0,0,6656,1261,7917,4314,12231,-0.103484,0.404003,-0.908885,0
0,0,0,0,0,5051,966,6017,4828,10845,-0.104915,0.37631,-0.920534,0
0,0,0,0,0,4904,898,5802,3252,9054,-0.0780405,0.292097,-0.953199,0
0,0,0,0,0,7220,1322,8542,5518,14060,-0.0633788,0.221692,-0.973055,0
0,0,0,0,0,7199,1338,8537,3311,11848,-0.0659548,0.196138,-0.978356,0
0,0,0,0,0,3763,708,4471,1707,6178,-0.0561069,0.180158,-0.982036,0
0,0,0,0,0,7269,1336,8605,3387,11992,-0.0745642,0.248335,-0.9658,0
0,0,0,0,0,4812,925,5737,2673,8410,-0.177325,0.344657,-0.921828,0
0,0,0,0,0,6751,1302,8053,1851,9904,-0.142849,0.311521,-0.939441,0
0,0,0,0,0,4062,667,4729,1574,6303,-0.0969984,0.192381,-0.976515,0
0,0,0,0,0,6949,1246,8195,2765,10960,-0.118777,0.263549,-0.957305,0
0,0,0,0,0,4593,785,5378,9745,15123,-0.14416,0.360633,-0.9215,0
0,0,0,0,0,4149,720,4869,4757,9626,-0.156508,0.428315,-0.889973,0
0,0,0,0,0,6348,1159,7507,7447,14954,-0.113251,0.379245,-0.91834,0
0,0,0,0,0,3481,615,4096,4733,8829,0.00288439,0.315706,-0.948853,0
0,0,0,0,0,5117,954,6071,7405,13476,-0.0739149,0.416972,-0.905909,0
0,0,0,0,0,4958,935,5893,6545,12438,-0.112572,0.466529,-0.877313,0
0,0,0,0,0,4999,1004,6003,5401,11404,-0.195805,0.585017,-0.787029,0
0,0,0,0,0,4814,872,5686,13246,18932,-0.201287,0.482885,-0.852236,0
0,0,0,0,0,2448,446,2894,1225,4119,-0.0575948,0.104619,-0.992843,0
0,0,0,0,0,7332,1416,8748,2130,10878,-0.074553,0.164167,-0.983611,0
0,0,0,0,0,6897,1301,8198,1533,9731,-0.0681195,0.145096,-0.98707,0
0,0,0,0,0,3902,697,4599,1307,5906,-0.081297,0.113762,-0.990176,0
0,0,0,0,0,7815,1378,9193,2614,11807,-0.122407,0.208005,-0.970438,0
0,0,0,0,0,6709,1176,7885,2040,9925,-0.11065,0.187521,-0.976008,0
0,0,0,0,0,3429,705,4134,1613,5747,-0.126648,0.254266,-0.958806,0
0,0,0,0,0,6229,1308,7537,3581,11118,-0.113326,0.240045,-0.964124,0
0,0,0,0,0,6276,1333,7609,2456,10065,-0.134724,0.31629,-0.939048,0
0,0,0,0,0,4277,893,5170,3399,8569,-0.139714,0.249696,-0.958192,0
0,0,0,0,0,6258,1325,7583,4991,12574,-0.174951,0.31956,-0.931275,0
0,0,0,0,0,4361,923,5284,3300,8584,-0.166046,0.329483,-0.929446,0
0,0,0,0,0,5736,1187,6923,4103,11026,-0.12772,0.277275,-0.952264,0
0,0,0,0,0,4068,833,4901,2781,7682,-0.128448,0.350656,-0.927654,0
0,0,0,0,0,6232,1316,7548,3407,10955,-0.226884,0.505855,-0.832246,0
0,0,0,0,0,3951,778,4729,1109,5838,-0.176025,0.389096,-0.904223,0
0,0,0,0,0,2155,444,2599,879,3478,-0.123558,0.324796,-0.937679,0
0,0,0,0,0,6064,1194,7258,3475,10733,-0.150405,0.301256,-0.941607,0
0,0,0,0,0,6524,1178,7702,2068,9770,-0.181497,0.331201,-0.92594,0
0,0,0,0,0,4396,809,5205,1904,7109,-0.175056,0.321658,-0.930533,0
0,0,0,0,0,6500,1172,7672,3741,11413,-0.224054,0.365511,-0.903439,0
0,0,0,0,0,6779,1206,7985,4016,12001,-0.231666,0.381856,-0.894716,0
0,0,0,0,0,4599,858,5457,4080,9537,-0.224475,0.33262,-0.915956,0
0,0,0,0,0,4305,817,5122,4172,9294,-0.125441,0.182492,-0.975172,0
0,0,0,0,0,6256,1080,7336,4471,11807,-0.172377,0.230601,-0.957658,0
0,0,0,0,0,4268,780,5048,2718,7766,-0.0945104,0.149599,-0.98422,0
0,0,0,0,0,7336,1321,8657,4122,12779,-0.117444,0.229856,-0.966112,0
0,0,0,0,0,4958,903,5861,2548,8409,-0.0794035,0.206852,-0.975145,0
0,0,0,0,0,7107,1351,8458,3576,12034,-0.110584,0.194432,-0.974663,0
0,0,0,0,0,4869,906,5775,2157,7932,-0.0937001,0.189231,-0.977452,0
0,0,0,0,0,6467,1178,7645,2685,10330,-0.166983,0.282427,-0.944644,0
0,0,0,0,0,4497,824,5321,2111,7432,-0.150763,0.21013,-0.965979,0
0,0,0,0,0,7049,1326,8375,2644,11019,-0.135459,0.181275,-0.974059,0
0,0,0,0,0,6775,1306,8081,2482,10563,-0.103778,0.157448,-0.982059,0
0,0,0,0,0,4748,943,5691,1946,7637,-0.145768,0.243223,-0.958955,0
0,0,0,0,0,6535,1180,7715,5730,13445,-0.196323,0.316862,-0.927931,0
0,0,0,0,0,4558,780,5338,7537,12875,-0.229983,0.409444,-0.882872,0
0,0,0,0,0,4083,718,4801,8074,12875,-0.0292024,0.228753,-0.973047,0
0,0,0,0,0,3857,722,4579,5219,9798,0.222606,0.06305,-0.972868,0
0,0,0,0,0,6424,1294,7718,3057,10775,-0.0759281,0.134631,-0.987983,0
0,0,0,0,0,6230,1168,7398,6916,14314,-0.119648,0.224627,-0.967071,0
0,0,0,0,0,2578,486,3064,2792,5856,-0.116353,0.265977,-0.956932,0
0,0,0,0,0,6140,1153,7293,5205,12498,-0.21981,0.383785,-0.896879,0
0,0,0,0,0,4442,822,5264,3189,8453,-0.193846,0.417385,-0.887814,0
0,0,0,0,0,2255,419,2674,2225,4899,-0.237613,0.483381,-0.842545,0
0,0,0,0,0,6509,1203,7712,7148,14860,-0.239688,0.428684,-0.87108,0
0,0,0,0,0,6719,1198,7917,3834,11751,-0.146402,0.198357,-0.969134,0
0,0,0,0,0,3744,669,4413,904,5317,-0.0947748,0.118483,-0.988423,0
0,0,0,0,0,2476,459,2935,794,3729,-0.0281876,0.0512417,-0.998288,0
0,0,0,0,0,6978,1308,8286,2446,10732,-0.10993,0.133036,-0.984996,0
0,0,0,0,0,4647,684,5331,1353,6684,-0.0916948,0.089536,-0.991754,0
0,0,0,0,0,2917,553,3470,1096,4566,-0.0680271,0.0659933,-0.995498,0
0,0,0,0,0,5167,1085,6252,1812,8064,-0.076977,0.0718766,-0.994439,0
0,0,0,0,0,6578,1339,7917,3282,11199,-0.0750859,0.0851263,-0.993537,0
0,0,0,0,0,4493,915,5408,2015,7423,-0.0722586,0.0745488,-0.994596,0
0,0,0,0,0,6451,1360,7811,3489,11300,-0.112336,0.190954,-0.97515,0
0,0,0,0,0,4409,926,5335,2630,7965,-0.0743321,0.104728,-0.991719,0
0,0,0,0,0,6506,1368,7874,4445,12319,-0.0958714,0.181459,-0.978714,0
0,0,0,0,0,4331,919,5250,3185,8435,-0.0985494,0.208313,-0.973085,0
0,0,0,0,0,6251,1320,7571,4661,12232,-0.128102,0.228537,-0.96507,0
0,0,0,0,0,5704,1210,6914,6172,13086,-0.0999009,0.184917,-0.977663,0
0,0,0,0,0,3985,840,4825,3556,8381,-0.142913,0.206765,-0.967897,0
0,0,0,0,0,6446,1338,7784,5289,13073,-0.251298,0.37535,-0.892167,0
0,0,0,0,0,4276,887,5163,3145,8308,-0.202325,0.315371,-0.927149,0
0,0,0,0,0,6091,1275,7366,2725,10091,-0.218594,0.307009,-0.926262,0
0,0,0,0,0,4463,1010,5473,1792,7265,-0.177019,0.29682,-0.938383,0
0,0,0,0,0,6081,1213,7294,3093,10387,-0.194347,0.256624,-0.94677,0
0,0,0,0,0,6788,1163,7951,2429,10380,-0.172211,0.248574,-0.953181,0
0,0,0,0,0,4268,877,5145,1807,6952,-0.236693,0.353744,-0.904899,0
0,0,0,0,0,6214,1180,7394,3103,10497,-0.265202,0.421314,-0.867273,0
0,0,0,0,0,6287,1193,7480,9256,16736,-0.195026,0.346715,-0.917471,0
0,0,0,0,0,3408,558,3966,3212,7178,-0.173384,0.334569,-0.926284,0
0,0,0,0,0,2032,385,2417,1171,3588,-0.0756772,0.192719,-0.978331,0
0,0,0,0,0,2902,553,3455,2503,5958,-0.285702,0.411969,-0.865249,0
0,0,0,0,0,7013,1320,8333,5447,13780,-0.125703,0.223103,-0.966656,0
0,0,0,0,0,7062,1315,8377,2938,11315,-0.0912332,0.201729,-0.975183,0
0,0,0,0,0,4321,832,5153,1680,6833,-0.115786,0.210121,-0.970795,0
0,0,0,0,0,6909,1317,8226,3058,11284,-0.13471,0.191327,-0.972238,0
0,0,0,0,0,7042,1321,8363,1907,10270,-0.186209,0.273766,-0.943599,0
0,0,0,0,0,3598,678,4276,1742,6018,-0.120142,0.194302,-0.973557,0
0,0,0,0,0,6627,1273,7900,2637,10537,-0.138202,0.240421,-0.96078,0
0,0,0,0,0,4559,862,5421,5467,10888,-0.18398,0.2876,-0.939914,0
0,0,0,0,0,3461,602,4063,13411,17474,0.192247,0.061162,-0.979439,0
0,0,0,0,0,2734,565,3299,1770,5069,-0.1176,0.202049,-0.972289,0
0,0,0,0,0,6378,1196,7574,10496,18070,0.233813,0.213513,-0.948548,0
0,0,0,0,0,3081,584,3665,2561,6226,-0.0855461,0.166323,-0.982354,0
0,0,0,0,0,6228,1150,7378,8171,15549,-0.0154363,0.260921,-0.965237,0
0,0,0,0,0,3194,611,3805,1771,5576,-0.0925809,0.159278,-0.982883,0
0,0,0,0,0,6328,1198,7526,2273,9799,-0.102144,0.136066,-0.98542,0
0,0,0,0,0,6277,1211,7488,2180,9668,-0.0924754,0.102268,-0.990449,0
0,0,0,0,0,6564,1203,7767,1720,9487,-0.085516,0.0959399,-0.991707,0
0,0,0,0,0,4515,849,5364,1394,6758,-0.0621216,0.0675341,-0.995781,0
0,0,0,0,0,6905,1259,8164,2836,11000,-0.0602872,0.0859033,-0.994478,0
0,0,0,0,0,4726,899,5625,1452,7077,-0.0440141,0.0563881,-0.997438,0
0,0,0,0,0,7609,1378,8987,1573,10560,-0.0527624,0.0532425,-0.997187,0
0,0,0,0,0,6320,1179,7499,1719,9218,-0.0474571,0.0538878,-0.997419,0
0,0,0,0,0,5105,841,5946,1819,7765,-0.0767109,0.0987813,-0.992148,0
0,0,0,0,0,6887,1353,8240,2927,11167,-0.00524786,0.0216129,-0.999753,0
0,0,0,0,0,4644,844,5488,1842,7330,-0.0585285,0.0507184,-0.996997,0
0,0,0,0,0,5532,1061,6593,2242,8835,-0.11755,0.170919,-0.978248,0
0,0,0,0,0,6762,1345,8107,2733,10840,-0.143688,0.218223,-0.965263,0
0,0,0,0,0,4181,886,5067,2183,7250,-0.100063,0.14334,-0.984602,0
0,0,0,0,0,6468,1352,7820,3942,11762,-0.102649,0.227835,-0.968274,0
0,0,0,0,0,4054,843,4897,3138,8035,-0.103022,0.159486,-0.98181,0
0,0,0,0,0,6395,1366,7761,3491,11252,-0.134059,0.240718,-0.961292,0
0,0,0,0,0,4306,941,5247,4796,10043,-0.0563297,0.0918256,-0.994181,0
0,0,0,0,0,4210,857,5067,3102,8169,-0.108161,0.20049,-0.973707,0
0,0,0,0,0,6236,1308,7544,4695,12239,-0.1399,0.241052,-0.960376,0
0,0,0,0,0,4263,909,5172,3344,8516,-0.0926712,0.227295,-0.969407,0
0,0,0,0,0,6350,1316,7666,4949,12615,-0.0934191,0.193023,-0.976737,0
0,0,0,0,0,3152,659,3811,2344,6155,-0.0660156,0.210177,-0.975432,0
0,0,0,0,0,6392,1321,7713,3908,11621,-0.0892107,0.221305,-0.971116,0
0,0,0,0,0,6334,1204,7538,2575,10113,-0.120128,0.236866,-0.964087,0
0,0,0,0,0,3263,677,3940,1935,5875,-0.0801818,0.166786,-0.982727,0
0,0,0,0,0,6372,1307,7679,2741,10420,-0.0938995,0.185827,-0.978085,0
0,0,0,0,0,6252,1353,7605,2700,10305,-0.0677181,0.242596,-0.967761,0
0,0,0,0,0,3491,666,4157,1189,5346,-0.0816628,0.19944,-0.976501,0
0,0,0,0,0,2153,444,2597,994,3591,-0.0400251,0.125006,-0.991348,0
0,0,0,0,0,2677,552,3229,1206,4435,-0.0433283,0.112867,-0.992665,0
0,0,0,0,0,5912,1235,7147,2607,9754,-0.0823813,0.157919,-0.98401,0
0,0,0,0,0,5962,1277,7239,2468,9707,-0.0571448,0.141503,-0.988287,0
0,0,0,0,0,5929,1211,7140,2634,9774,-0.0395685,0.108656,-0.993292,0
0,0,0,0,0,5980,1255,7235,2972,10207,-0.0323399,0.102292,-0.994229,0
0,0,0,0,0,4370,838,5208,1683,6891,-0.0168167,0.103891,-0.994447,0
0,0,0,0,0,6521,1277,7798,2553,10351,0.0023257,0.0710016,-0.997473,0
0,0,0,0,0,5935,1200,7135,2190,9325,-0.0285699,0.0537175,-0.998147,0
0,0,0,0,0,4154,862,5016,1497,6513,-0.00264036,0.0510376,-0.998693,0
0,0,0,0,0,5925,1196,7121,2221,9342,0.00699961,0.0566343,-0.99837,0
0,0,0,0,0,5977,1241,7218,2388,9606,0.00357846,0.0399479,-0.999195,0
0,0,0,0,0,5880,1188,7068,2462,9530,0.0177856,0.0376414,-0.999133,0
0,0,0,0,0,5989,1231,7220,2372,9592,0.0334197,0.0335715,-0.998877,0
0,0,0,0,0,5862,1207,7069,1917,8986,0.00824802,0.0586121,-0.998247,0
0,0,0,0,0,4059,815,4874,1749,6623,-0.00780282,0.0426809,-0.999058,0
0,0,0,0,0,5835,1191,7026,2432,9458,-0.00201255,0.0703113,-0.997523,0
0,0,0,0,0,5865,1217,7082,2320,9402,-0.00455159,0.070509,-0.997501,0
0,0,0,0,0,5903,1178,7081,2370,9451,-0.0138923,0.0603781,-0.998079,0
0,0,0,0,0,6087,1285,7372,2276,9648,0.00423534,0.0682446,-0.99766,0
0,0,0,0,0,5986,1213,7199,2449,9648,0.00799822,0.0632752,-0.997964,0
0,0,0,0,0,9099,1753,10852,2224,13076,-0.0115403,0.0451001,-0.998916,0
0,0,0,0,0,9403,1798,11201,1637,12838,0.0181064,0.0559917,-0.998267,0
0,0,0,0,0,5937,1188,7125,1737,8862,-0.00275393,0.0816206,-0.99666,0
0,0,0,0,0,5787,1185,6972,2374,9346,-1.29622e-05,0.0730898,-0.997325,0
0,0,0,0,0,5603,828,6431,1509,7940,-2.09292e-05,0.0793309,-0.996848,0
0,0,0,0,0,5932,1231,7163,2258,9421,-0.0111322,0.0469904,-0.998833,0
0,0,0,0,0,4028,847,4875,1714,6589,-0.00980143,0.0314795,-0.999456,0
0,0,0,0,0,2973,432,3405,924,4329,-0.00243534,0.0408034,-0.999164,0
0,0,0,0,0,2262,462,2724,892,3616,-0.0205386,0.0322531,-0.999269,0
0,0,0,0,0,6657,1264,7921,2366,10287,-0.000211259,0.0317575,-0.999496,0
