Downsample[ns],BuildFilTree[ns],SearchFil[ns],DeleteFil[ns],BuildTreeSub[ns],SearchSub[ns],DeleteSub[ns],PreProcTotal[ns],Plane[ns],Total[ns],nx,ny,nz,planeCount
0,0,0,0,0,5983,1132,7115,4209,11324,-0.161023,0.0304967,-0.986479,0
0,0,0,0,0,5909,997,6906,2615,9521,-0.0537412,0.0274432,-0.998178,0
0,0,0,0,0,3987,702,4689,1493,6182,-0.0518701,0.036247,-0.997996,0
0,0,0,0,0,5811,1024,6835,2194,9029,-0.0550808,0.0348273,-0.997874,0
0,0,0,0,0,5828,1024,6852,2159,9011,-0.0425233,0.0327265,-0.998559,0
0,0,0,0,0,5839,987,6826,2108,8934,-0.0453711,0.0289546,-0.99855,0
0,0,0,0,0,6293,1020,7313,2395,9708,-0.0432312,0.0367707,-0.998388,0
0,0,0,0,0,5974,973,6947,2222,9169,-0.0399148,0.0465579,-0.998118,0
0,0,0,0,0,6246,963,7209,2174,9383,-0.0473491,0.054095,-0.997413,0
0,0,0,0,0,4115,709,4824,1497,6321,-0.031709,0.0385728,-0.998753,0
0,0,0,0,0,6034,983,7017,2092,9109,-0.0370622,0.0389864,-0.998552,0
0,0,0,0,0,6017,1030,7047,2074,9121,-0.0399301,0.0398306,-0.998408,0
0,0,0,0,0,4300,699,4999,1495,6494,-0.0368717,0.0410943,-0.998475,0
0,0,0,0,0,4194,689,4883,1525,6408,-0.0256567,0.0381393,-0.998943,0
0,0,0,0,0,6139,970,7109,2052,9161,-0.0330203,0.0392044,-0.998685,0
0,0,0,0,0,5458,873,6331,1933,8264,-0.0246558,0.0433419,-0.998756,0
0,0,0,0,0,4102,626,4728,1476,6204,-0.0351733,0.0464439,-0.998301,0
0,0,0,0,0,6086,1059,7145,2160,9305,-0.0337222,0.0422305,-0.998539,0
0,0,0,0,0,6518,1052,7570,1538,9108,-0.0353337,0.0382889,-0.998642,0
0,0,0,0,0,5924,1075,6999,2173,9172,-0.0292977,0.0420116,-0.998687,0
0,0,0,0,0,3053,433,3486,892,4378,-0.0297038,0.0447018,-0.998559,0
0,0,0,0,0,2146,369,2515,738,3253,-0.0248864,0.0427103,-0.998778,0
0,0,0,0,0,6373,1065,7438,2796,10234,-0.0262243,0.0350813,-0.99904,0
0,0,0,0,0,4088,707,4795,1467,6262,-0.0283266,0.0420445,-0.998714,0
0,0,0,0,0,5868,1042,6910,2093,9003,-0.0480973,0.0292471,-0.998414,0
0,0,0,0,0,5927,1076,7003,2246,9249,-0.0443405,0.0404418,-0.998198,0
0,0,0,0,0,5876,979,6855,2005,8860,-0.0467739,0.028667,-0.998494,0
0,0,0,0,0,3906,517,4423,1148,5571,-0.0418243,0.0268005,-0.998765,0
0,0,0,0,0,2110,363,2473,790,3263,-0.0448037,0.0289846,-0.998575,0
0,0,0,0,0,5313,905,6218,1921,8139,-0.0426257,0.0312642,-0.998602,0
0,0,0,0,0,5675,958,6633,1817,8450,-0.0371436,0.0274347,-0.998933,0
0,0,0,0,0,5817,1024,6841,2268,9109,-0.0380931,0.0270147,-0.998909,0
0,0,0,0,0,4073,682,4755,1492,6247,-0.0326292,0.0440202,-0.998498,0
0,0,0,0,0,5846,988,6834,2119,8953,-0.0235437,0.0496651,-0.998488,0
0,0,0,0,0,5887,1074,6961,2338,9299,0.0130883,0.0664625,-0.997703,0
0,0,0,0,0,5381,946,6327,2336,8663,0.0408505,0.0812851,-0.995853,0
0,0,0,0,0,5418,938,6356,2564,8920,0.0178922,0.0830534,-0.996384,0
0,0,0,0,0,6262,1093,7355,2224,9579,0.00654027,0.0825449,-0.996566,0
0,0,0,0,0,5416,941,6357,1700,8057,0.0413991,0.0905484,-0.995031,0
0,0,0,0,0,2667,411,3078,1113,4191,0.0345015,0.061628,-0.997503,0
0,0,0,0,0,5900,1046,6946,3280,10226,0.0444288,0.0562482,-0.997428,0
0,0,0,0,0,4263,693,4956,1514,6470,0.0404873,0.0738835,-0.996445,0
0,0,0,0,0,2134,385,2519,861,3380,0.0422485,0.072885,-0.996445,0
0,0,0,0,0,6004,1061,7065,2980,10045,0.0266349,0.0783159,-0.996573,0
0,0,0,0,0,6007,1058,7065,2100,9165,0.016467,0.0729637,-0.997199,0
0,0,0,0,0,5956,1079,7035,2602,9637,0.0465731,0.0827102,-0.995485,0
0,0,0,0,0,6025,1047,7072,2543,9615,0.0301222,0.0814485,-0.996222,0
0,0,0,0,0,4130,709,4839,1826,6665,0.0513209,0.0682404,-0.996348,0
0,0,0,0,0,4111,705,4816,2261,7077,0.0517921,0.0678562,-0.99635,0
0,0,0,0,0,5545,937,6482,2519,9001,0.0689675,0.0596371,-0.995835,0
0,0,0,0,0,5995,1044,7039,3146,10185,0.0468636,0.0794236,-0.995739,0
0,0,0,0,0,5981,1023,7004,2419,9423,0.030327,0.0627727,-0.997567,0
0,0,0,0,0,5957,727,6684,2060,8744,0.0608913,0.0739131,-0.995404,0
0,0,0,0,0,3154,558,3712,1517,5229,0.0599364,0.0707751,-0.99569,0
0,0,0,0,0,6096,1072,7168,2906,10074,0.00568106,0.0459513,-0.998928,0
0,0,0,0,0,5919,987,6906,2171,9077,-0.0371282,0.0358862,-0.998666,0
0,0,0,0,0,3886,638,4524,1349,5873,-0.0339805,0.035999,-0.998774,0
0,0,0,0,0,5477,894,6371,2076,8447,-0.0293669,0.0485479,-0.998389,0
0,0,0,0,0,5367,887,6254,1934,8188,-0.0277414,0.0484228,-0.998442,0
0,0,0,0,0,5446,944,6390,2612,9002,-0.0312654,0.0543142,-0.998034,0
0,0,0,0,0,3826,632,4458,1445,5903,-0.0248104,0.0528424,-0.998295,0
0,0,0,0,0,5362,891,6253,2265,8518,-0.0317729,0.043682,-0.99854,0
0,0,0,0,0,6077,1043,7120,1856,8976,-0.0415667,0.0363792,-0.998473,0
0,0,0,0,0,5736,911,6647,1957,8604,-0.0393737,0.0388378,-0.998469,0
0,0,0,0,0,4817,891,5708,1736,7444,-0.0403516,0.0413956,-0.998328,0
0,0,0,0,0,6030,1031,7061,2135,9196,-0.0362191,0.0356687,-0.998707,0
0,0,0,0,0,4079,704,4783,1498,6281,-0.0304318,0.0289958,-0.999116,0
0,0,0,0,0,6065,1027,7092,2083,9175,-0.0373585,0.0272604,-0.99893,0
0,0,0,0,0,6000,1067,7067,1763,8830,-0.0392322,0.0341082,-0.998648,0
0,0,0,0,0,3783,625,4408,1284,5692,-0.0364842,0.0154041,-0.999215,0
0,0,0,0,0,5550,911,6461,2217,8678,-0.0248676,0.0501143,-0.998434,0
0,0,0,0,0,5941,1030,6971,2256,9227,-0.0363092,0.0443903,-0.998354,0
0,0,0,0,0,6010,1040,7050,2224,9274,-0.0417698,0.0468675,-0.998027,0
0,0,0,0,0,3796,643,4439,1382,5821,-0.049658,0.0495472,-0.997537,0
0,0,0,0,0,5372,967,6339,1970,8309,-0.0551655,0.0530779,-0.997065,0
0,0,0,0,0,5965,893,6858,2006,8864,-0.0476971,0.0443025,-0.997879,0
0,0,0,0,0,6006,1010,7016,2129,9145,-0.0329032,0.0312689,-0.998969,0
0,0,0,0,0,5978,978,6956,2140,9096,-0.0468294,0.0262439,-0.998558,0
0,0,0,0,0,5281,876,6157,2108,8265,-0.0487741,0.0286691,-0.998398,0
0,0,0,0,0,3783,654,4437,1286,5723,-0.0331666,0.0300329,-0.998999,0
0,0,0,0,0,5376,945,6321,1955,8276,-0.0372114,0.0320315,-0.998794,0
0,0,0,0,0,5936,945,6881,1926,8807,-0.0513627,0.0338146,-0.998107,0
0,0,0,0,0,5334,929,6263,1890,8153,-0.0358102,0.0311281,-0.998874,0
0,0,0,0,0,5439,986,6425,2841,9266,-0.0342787,0.0396812,-0.998624,0
0,0,0,0,0,6041,993,7034,1998,9032,-0.0252892,0.039195,-0.998912,0
0,0,0,0,0,5253,904,6157,1887,8044,-0.0301176,0.0330373,-0.999,0
0,0,0,0,0,2925,504,3429,1094,4523,-0.0317959,0.0313505,-0.999003,0
0,0,0,0,0,5308,905,6213,1996,8209,-0.0326191,0.0298756,-0.999021,0
0,0,0,0,0,6132,1013,7145,1949,9094,-0.0326111,0.0205701,-0.999256,0
0,0,0,0,0,6133,921,7054,2360,9414,-0.0462606,0.0400293,-0.998127,0
0,0,0,0,0,3806,650,4456,1329,5785,-0.0378661,0.0353182,-0.998658,0
0,0,0,0,0,5651,910,6561,1879,8440,-0.0337167,0.028431,-0.999027,0
0,0,0,0,0,5435,847,6282,1307,7589,-0.0327482,0.0337799,-0.998893,0
0,0,0,0,0,3009,489,3498,996,4494,-0.0542416,0.0339986,-0.997949,0
0,0,0,0,0,6049,1022,7071,2186,9257,-0.0446221,0.0303929,-0.998542,0
0,0,0,0,0,5992,880,6872,1449,8321,-0.0499247,0.0276673,-0.99837,0
0,0,0,0,0,2564,444,3008,758,3766,-0.0434409,0.0348426,-0.998448,0
0,0,0,0,0,2305,390,2695,799,3494,-0.0424736,0.0372544,-0.998403,0
0,0,0,0,0,5585,896,6481,1900,8381,-0.0423773,0.027628,-0.99872,0
0,0,0,0,0,5446,896,6342,1963,8305,-0.0432486,0.0218946,-0.998824,0
0,0,0,0,0,5723,894,6617,1656,8273,-0.0380263,0.0319027,-0.998767,0
0,0,0,0,0,3953,644,4597,1364,5961,-0.0328309,0.0344235,-0.998868,0
0,0,0,0,0,5822,1002,6824,2304,9128,-0.0386813,0.0402525,-0.998441,0
0,0,0,0,0,5620,897,6517,1923,8440,-0.0242738,0.047621,-0.99857,0
0,0,0,0,0,6071,925,6996,2316,9312,-0.0221646,0.0457618,-0.998706,0
0,0,0,0,0,4002,671,4673,1427,6100,-0.0506815,0.0264578,-0.998364,0
0,0,0,0,0,6544,1049,7593,2275,9868,-0.0514736,0.0409177,-0.997836,0
0,0,0,0,0,6305,1058,7363,2078,9441,-0.0431752,0.0541515,-0.997599,0
0,0,0,0,0,5679,951,6630,1915,8545,-0.0317896,0.0304918,-0.999029,0
0,0,0,0,0,5657,965,6622,2195,8817,-0.0323163,0.0373569,-0.998779,0
0,0,0,0,0,6764,1007,7771,2207,9978,-0.0245028,0.0748621,-0.996893,0
0,0,0,0,0,6016,994,7010,2062,9072,0.00896326,0.0967544,-0.995268,0
0,0,0,0,0,6142,1059,7201,1465,8666,0.0331696,0.125111,-0.991588,0
0,0,0,0,0,3587,558,4145,1293,5438,0.0924559,0.128314,-0.987415,0
0,0,0,0,0,6070,1097,7167,3024,10191,0.113944,0.107734,-0.987629,0
0,0,0,0,0,6309,1135,7444,2282,9726,0.102525,0.151756,-0.983086,0
0,0,0,0,0,5105,796,5901,2291,8192,0.106971,0.124677,-0.986414,0
0,0,0,0,0,4614,781,5395,2885,8280,0.125946,0.098207,-0.987164,0
0,0,0,0,0,6017,1014,7031,4098,11129,0.139919,0.111096,-0.983911,0
0,0,0,0,0,4400,739,5139,5027,10166,0.238687,0.0622051,-0.969102,0
0,0,0,0,0,4372,779,5151,4771,9922,0.196038,0.0803223,-0.977301,0
0,0,0,0,0,4367,782,5149,6004,11153,0.172536,0.0307867,-0.984522,0
0,0,0,0,0,4101,853,4954,6254,11208,0.127692,0.0698262,-0.989353,0
0,0,0,0,0,6523,1226,7749,8884,16633,0.115349,0.110913,-0.987114,0
0,0,0,0,0,3573,620,4193,5727,9920,0.126039,0.0752285,-0.989169,0
0,0,0,0,0,5339,932,6271,9078,15349,0.0289989,0.252418,-0.967184,0
0,0,0,0,0,3960,706,4666,6504,11170,-0.00156575,0.265953,-0.963985,0
0,0,0,0,0,4792,847,5639,7628,13267,-0.0102488,0.429152,-0.903174,0
0,0,0,0,0,3545,635,4180,6453,10633,-0.00161067,0.413264,-0.91061,0
0,0,0,0,0,5465,1013,6478,8049,14527,0.0166744,0.481133,-0.876489,0
0,0,0,0,0,5978,1119,7097,5914,13011,-0.0236442,0.365378,-0.930559,0
0,0,0,0,0,2669,472,3141,4697,7838,-0.0641932,0.195541,-0.978592,0
0,0,0,0,0,3958,805,4763,4797,9560,-0.00301112,0.174356,-0.984678,0
0,0,0,0,0,4321,773,5094,5932,11026,-0.0390999,0.188507,-0.981293,0
0,0,0,0,0,5935,1143,7078,7133,14211,-0.033984,0.183785,-0.982379,0
0,0,0,0,0,3975,710,4685,4842,9527,-0.030017,0.188623,-0.981591,0
0,0,0,0,0,5058,953,6011,5053,11064,-0.0440029,0.238215,-0.970215,0
0,0,0,0,0,4228,670,4898,2773,7671,-0.027264,0.120778,-0.992305,0
0,0,0,0,0,5640,1017,6657,5995,12652,0.0762417,-0.134186,-0.988019,0
0,0,0,0,0,5137,1012,6149,5300,11449,-0.0143735,0.22509,-0.974232,0
0,0,0,0,0,5062,933,5995,4721,10716,-0.014332,0.146585,-0.989094,0
0,0,0,0,0,3746,669,4415,2436,6851,-0.0319902,0.214091,-0.97629,0
0,0,0,0,0,6528,1242,7770,5198,12968,-0.0388894,0.211232,-0.976662,0
0,0,0,0,0,5546,1000,6546,3716,10262,-0.0717702,0.116093,-0.990642,0
0,0,0,0,0,3073,573,3646,2502,6148,-0.0245593,0.226361,-0.973734,0
0,0,0,0,0,5541,1070,6611,3546,10157,0.0110621,0.243576,-0.969819,0
0,0,0,0,0,6118,1209,7327,3445,10772,0.0223859,0.317318,-0.948055,0
0,0,0,0,0,5967,1350,7317,3068,10385,0.0362858,0.316707,-0.947829,0
0,0,0,0,0,4963,888,5851,3480,9331,0.0137054,0.241549,-0.970292,0
0,0,0,0,0,5100,1222,6322,2564,8886,0.0160663,0.260288,-0.965397,0
0,0,0,0,0,5726,1103,6829,6744,13573,0.0525104,0.318917,-0.946327,0
0,0,0,0,0,5693,954,6647,6259,12906,0.201102,-0.381658,-0.902162,0
0,0,0,0,0,2229,425,2654,1953,4607,0.0595122,0.114669,-0.99162,0
0,0,0,0,0,5053,972,6025,3563,9588,0.0246157,0.22469,-0.974119,0
0,0,0,0,0,3682,726,4408,1819,6227,0.027992,0.166936,-0.98557,0
0,0,0,0,0,3062,584,3646,1157,4803,0.0472231,0.124709,-0.991069,0
0,0,0,0,0,2398,449,2847,913,3760,0.013084,0.101702,-0.994729,0
0,0,0,0,0,5647,1590,7237,1985,9222,0.0184368,0.147725,-0.988857,0
0,0,0,0,0,7116,1238,8354,3210,11564,-0.00728544,0.249318,-0.968394,0
0,0,0,0,0,3396,617,4013,1120,5133,0.0313878,0.160864,-0.986477,0
0,0,0,0,0,2099,379,2478,652,3130,-0.00765645,0.089619,-0.995947,0
0,0,0,0,0,2285,416,2701,824,3525,0.0143968,0.118035,-0.992905,0
0,0,0,0,0,6365,1128,7493,2505,9998,0.029343,0.0604845,-0.997738,0
0,0,0,0,0,8285,1363,9648,2487,12135,-0.0255999,0.171546,-0.984843,0
0,0,0,0,0,3899,674,4573,1375,5948,-0.00586632,0.104828,-0.994473,0
0,0,0,0,0,2415,385,2800,1055,3855,0.0106338,0.0177984,-0.999785,0
0,0,0,0,0,2244,421,2665,1205,3870,-0.00428527,0.0738971,-0.997257,0
0,0,0,0,0,6844,1215,8059,4070,12129,-0.0132747,0.0341043,-0.99933,0
0,0,0,0,0,5886,1187,7073,3713,10786,0.0516776,0.0809978,-0.995374,0
0,0,0,0,0,3276,634,3910,2716,6626,-0.0414872,0.277315,-0.959883,0
0,0,0,0,0,4904,1122,6026,5347,11373,-0.00861476,0.132153,-0.991192,0
0,0,0,0,0,4806,898,5704,5478,11182,-0.071972,0.0420342,-0.996521,0
0,0,0,0,0,3432,654,4086,3785,7871,0.033547,0.107701,-0.993617,0
0,0,0,0,0,3392,648,4040,5172,9212,0.0256552,0.0847511,-0.996072,0
0,0,0,0,0,5365,1060,6425,6121,12546,-0.0124336,0.0809872,-0.996638,0
0,0,0,0,0,3836,744,4580,4458,9038,0.0222637,0.0874866,-0.995917,0
0,0,0,0,0,5256,1038,6294,9150,15444,0.00909048,-0.108639,-0.99404,0
0,0,0,0,0,3688,747,4435,6855,11290,-0.00300251,-0.0569827,-0.998371,0
0,0,0,0,0,5123,967,6090,8598,14688,-0.103182,0.0854875,-0.990982,0
0,0,0,0,0,3000,571,3571,6304,9875,-0.080355,0.126323,-0.988729,0
0,0,0,0,0,4546,1086,5632,11078,16710,-0.132681,0.0168157,-0.991016,0
0,0,0,0,0,2869,503,3372,3943,7315,-0.166402,0.123296,-0.978319,0
0,0,0,0,0,4232,814,5046,10053,15099,-0.146379,0.0842309,-0.985636,0
0,0,0,0,0,5529,1018,6547,9741,16288,-0.13923,0.319689,-0.937237,0
0,0,0,0,0,5073,1033,6106,5570,11676,-0.176194,0.167712,-0.969963,0
0,0,0,0,0,2318,469,2787,4003,6790,-0.130026,0.0920965,-0.987224,0
0,0,0,0,0,5144,1016,6160,12653,18813,-0.194365,0.183302,-0.963651,0
0,0,0,0,0,4174,729,4903,6628,11531,-0.164863,0.0167714,-0.986174,0
0,0,0,0,0,4295,839,5134,6935,12069,-0.124808,0.124498,-0.984339,0
0,0,0,0,0,5755,1121,6876,9194,16070,0.0427746,-0.315616,-0.947922,0
0,0,0,0,0,2431,438,2869,2828,5697,0.0390479,-0.325064,-0.944886,0
0,0,0,0,0,5650,945,6595,6166,12761,0.04978,-0.296263,-0.953808,0
0,0,0,0,0,5232,941,6173,4257,10430,0.0379368,-0.21155,-0.976631,0
0,0,0,0,0,2872,514,3386,2802,6188,0.0187857,-0.182082,-0.983104,0
0,0,0,0,0,6150,1094,7244,4780,12024,-0.00220065,-0.119763,-0.9928,0
0,0,0,0,0,4070,712,4782,3393,8175,0.00480158,-0.0890294,-0.996017,0
0,0,0,0,0,3808,697,4505,3057,7562,0.0039003,-0.062151,-0.998059,0
0,0,0,0,0,4372,835,5207,4085,9292,-0.00216612,0.0188807,-0.999819,0
0,0,0,0,0,4859,987,5846,4800,10646,0.00638411,0.0697161,-0.997546,0
0,0,0,0,0,2788,505,3293,2617,5910,0.0235128,0.114513,-0.993143,0
0,0,0,0,0,5713,939,6652,4912,11564,0.0662244,0.260065,-0.963317,0
0,0,0,0,0,5510,996,6506,4189,10695,0.0454055,0.361649,-0.931208,0
0,0,0,0,0,3894,670,4564,3135,7699,0.0580957,0.288831,-0.955616,0
0,0,0,0,0,6260,1113,7373,2991,10364,0.0203972,0.306421,-0.951678,0
0,0,0,0,0,6383,961,7344,2300,9644,-0.0488432,0.385622,-0.921363,0
0,0,0,0,0,6033,951,6984,3032,10016,-0.101125,0.505144,-0.85709,0
0,0,0,0,0,5097,677,5774,1987,7761,-0.104153,0.562544,-0.820181,0
0,0,0,0,0,3939,681,4620,1604,6224,-0.119413,0.609968,-0.783377,0
0,0,0,0,0,6325,1047,7372,2695,10067,-0.0799129,0.649657,-0.756016,0
0,0,0,0,0,4325,717,5042,4811,9853,0.0133657,0.296013,-0.95509,0
0,0,0,0,0,3352,621,3973,6520,10493,-0.00484103,0.391921,-0.919986,0
0,0,0,0,0,4774,859,5633,8119,13752,-0.0850341,0.629751,-0.772129,0
0,0,0,0,0,4696,837,5533,4825,10358,-0.0622189,0.617326,-0.784243,0
0,0,0,0,0,3612,644,4256,4856,9112,-0.030722,0.481296,-0.876019,0
0,0,0,0,0,6460,1194,7654,8917,16571,0.0209876,0.471435,-0.881651,0
0,0,0,0,0,3162,512,3674,5302,8976,-0.0035892,0.532094,-0.846678,0
0,0,0,0,0,1959,357,2316,3510,5826,0.0358468,0.487028,-0.872651,0
0,0,0,0,0,2458,424,2882,4511,7393,0.159069,0.0397337,-0.986468,0
0,0,0,0,0,6635,1115,7750,8214,15964,0.135357,-0.0203685,-0.990587,0
0,0,0,0,0,4734,835,5569,7243,12812,0.0901312,0.135444,-0.986677,0
0,0,0,0,0,3467,615,4082,4966,9048,0.0954686,0.244985,-0.964815,0
0,0,0,0,0,6954,1309,8263,7050,15313,0.103335,0.043441,-0.993698,0
0,0,0,0,0,3496,616,4112,4664,8776,0.0572835,0.251392,-0.966189,0
0,0,0,0,0,3572,652,4224,4733,8957,-0.0259508,0.113839,-0.99316,0
0,0,0,0,0,6403,1201,7604,8093,15697,-0.0339682,0.0937964,-0.995012,0
0,0,0,0,0,4690,898,5588,5807,11395,0.0836409,0.155791,-0.984243,0
0,0,0,0,0,5885,1192,7077,5109,12186,0.0904477,0.230781,-0.968793,0
0,0,0,0,0,4241,746,4987,5639,10626,0.0293168,0.0717577,-0.996991,0
0,0,0,0,0,6032,1090,7122,5007,12129,0.0642793,0.211193,-0.975329,0
0,0,0,0,0,5129,967,6096,4042,10138,0.0447891,0.249127,-0.967435,0
0,0,0,0,0,6605,1367,7972,5057,13029,0.0752672,0.24556,-0.966455,0
0,0,0,0,0,6935,1276,8211,4699,12910,-0.0456493,0.303094,-0.951867,0
0,0,0,0,0,3846,743,4589,2204,6793,-0.0202382,0.275544,-0.961075,0
0,0,0,0,0,1869,332,2201,3055,5256,0.00254382,0.135095,-0.990829,0
0,0,0,0,0,2888,506,3394,2811,6205,-0.0291844,0.149889,-0.988272,0
0,0,0,0,0,5389,1012,6401,7978,14379,-0.0440709,0.186294,-0.981505,0
0,0,0,0,0,3020,535,3555,9715,13270,0.00245143,0.138233,-0.990397,0
0,0,0,0,0,2965,578,3543,2042,5585,0.0163179,0.105782,-0.994255,0
0,0,0,0,0,5469,1057,6526,3007,9533,0.0405331,0.14865,-0.988059,0
0,0,0,0,0,5750,1051,6801,2514,9315,0.0143075,0.133852,-0.990898,0
0,0,0,0,0,5370,974,6344,2129,8473,-0.00411,0.128518,-0.991699,0
0,0,0,0,0,5838,1126,6964,2180,9144,-0.0247081,0.111911,-0.993411,0
0,0,0,0,0,6718,1245,7963,2128,10091,-0.0353171,0.108216,-0.9935,0
0,0,0,0,0,4434,938,5372,1628,7000,-0.0274023,0.0961532,-0.994989,0
0,0,0,0,0,5955,1183,7138,2241,9379,-0.00231185,0.080691,-0.996736,0
0,0,0,0,0,4174,815,4989,1457,6446,-0.0147777,0.0795716,-0.99672,0
0,0,0,0,0,5988,1052,7040,1641,8681,0.00643421,0.0788161,-0.996868,0
0,0,0,0,0,6392,1133,7525,2506,10031,-0.02189,0.103685,-0.994369,0
0,0,0,0,0,4216,773,4989,1688,6677,-0.0116062,0.123257,-0.992307,0
0,0,0,0,0,6040,1391,7431,3056,10487,-0.0302333,0.114965,-0.992909,0
0,0,0,0,0,6075,1127,7202,2946,10148,-0.027278,0.123632,-0.991953,0
0,0,0,0,0,4389,869,5258,2163,7421,-0.025213,0.117572,-0.992744,0
0,0,0,0,0,4239,852,5091,2450,7541,-0.0210149,0.0771037,-0.996802,0
0,0,0,0,0,6222,1128,7350,3889,11239,-0.0432718,0.164731,-0.985389,0
0,0,0,0,0,3806,615,4421,1786,6207,0.0041484,0.124322,-0.992233,0
0,0,0,0,0,2514,510,3024,1936,4960,0.0321217,0.143045,-0.989195,0
0,0,0,0,0,5494,1163,6657,4799,11456,0.0549401,0.234389,-0.970589,0
0,0,0,0,0,5270,1122,6392,5702,12094,0.0510193,0.28943,-0.955838,0
0,0,0,0,0,3695,768,4463,3699,8162,0.0125254,0.401091,-0.915953,0
0,0,0,0,0,5495,1097,6592,6601,13193,0.110302,0.473312,-0.873962,0
0,0,0,0,0,3668,757,4425,6563,10988,0.0254822,0.287683,-0.957386,0
0,0,0,0,0,2848,579,3427,6179,9606,0.00779899,0.36241,-0.931986,0
0,0,0,0,0,4363,891,5254,8146,13400,-0.0246145,0.56519,-0.824594,0
0,0,0,0,0,5239,1086,6325,6935,13260,0.00695467,0.538875,-0.842357,0
0,0,0,0,0,5674,1032,6706,6630,13336,0.0222917,0.434152,-0.900564,0
0,0,0,0,0,3673,712,4385,2506,6891,0.0237363,0.393026,-0.919221,0
0,0,0,0,0,4982,972,5954,4047,10001,-0.0274238,0.321324,-0.946572,0
0,0,0,0,0,5702,1147,6849,3108,9957,-0.0209418,0.454882,-0.890305,0
0,0,0,0,0,4907,641,5548,1507,7055,0.00312428,0.357922,-0.933746,0
0,0,0,0,0,2445,431,2876,1167,4043,0.0111001,0.377998,-0.92574,0
0,0,0,0,0,3995,692,4687,2037,6724,-0.06931,0.486786,-0.870767,0
0,0,0,0,0,7313,1069,8382,3067,11449,-0.112104,0.524322,-0.844108,0
0,0,0,0,0,6481,1136,7617,3045,10662,-0.0663804,0.519136,-0.85211,0
0,0,0,0,0,3934,593,4527,4211,8738,-0.0638679,0.555228,-0.829242,0
0,0,0,0,0,5935,1005,6940,6534,13474,-0.0456648,0.585163,-0.809629,0
0,0,0,0,0,6459,1049,7508,6674,14182,0.0161085,0.706867,-0.707163,0
0,0,0,0,0,3259,469,3728,2528,6256,0.163261,0.226446,-0.960244,0
0,0,0,0,0,2070,387,2457,5045,7502,0.23087,-0.208226,-0.950443,0
0,0,0,0,0,2888,507,3395,3967,7362,0.235482,0.0238835,-0.971585,0
0,0,0,0,0,7047,1116,8163,13600,21763,0.12401,-0.0157079,-0.992157,0
0,0,0,0,0,2879,542,3421,4145,7566,0.10784,0.130479,-0.985569,0
0,0,0,0,0,2915,533,3448,3480,6928,0.110854,0.0452551,-0.992806,0
0,0,0,0,0,6887,1380,8267,7420,15687,0.0560466,0.274962,-0.95982,0
0,0,0,0,0,4299,797,5096,5042,10138,-0.0891659,0.230988,-0.968862,0
0,0,0,0,0,4039,742,4781,4530,9311,0.0781792,-0.0969495,-0.992214,0
0,0,0,0,0,5907,1148,7055,6421,13476,-0.0455754,0.107237,-0.993188,0
0,0,0,0,0,4148,784,4932,4300,9232,0.0405855,-0.0131381,-0.99909,0
0,0,0,0,0,5287,1004,6291,4138,10429,-0.067666,0.239533,-0.968527,0
0,0,0,0,0,5190,968,6158,4031,10189,-0.0465626,0.190865,-0.980511,0
0,0,0,0,0,6401,1212,7613,5235,12848,-0.0682533,0.244038,-0.967361,0
0,0,0,0,0,4083,793,4876,4473,9349,-0.0792903,0.206399,-0.97525,0
0,0,0,0,0,5032,998,6030,4953,10983,0.0218753,0.139494,-0.989981,0
0,0,0,0,0,4154,725,4879,2466,7345,0.0191504,0.160259,-0.986889,0
0,0,0,0,0,5907,1259,7166,4404,11570,-0.091172,0.266998,-0.959375,0
0,0,0,0,0,5973,1074,7047,7000,14047,-0.0273843,0.184389,-0.982472,0
0,0,0,0,0,6408,1154,7562,8207,15769,0.060723,0.117023,-0.991271,0
0,0,0,0,0,3893,730,4623,1903,6526,-0.0449771,0.214225,-0.975748,0
0,0,0,0,0,4191,615,4806,3660,8466,0.0811094,0.0214183,-0.996475,0
0,0,0,0,0,5857,1097,6954,2925,9879,0.0249266,0.176428,-0.983998,0
0,0,0,0,0,4100,748,4848,3701,8549,0.00525944,0.0491962,-0.998775,0
0,0,0,0,0,6731,1195,7926,2142,10068,-0.0128132,0.0451434,-0.998898,0
0,0,0,0,0,4245,839,5084,1728,6812,-0.0215254,0.0193121,-0.999582,0
0,0,0,0,0,5377,998,6375,1931,8306,0.0106314,0.0414928,-0.999082,0
0,0,0,0,0,5580,1006,6586,2326,8912,-0.033043,-0.00363631,-0.999447,0
0,0,0,0,0,3555,618,4173,1366,5539,-0.0108296,0.0245214,-0.999641,0
0,0,0,0,0,6116,1082,7198,3441,10639,0.00994472,-0.0794631,-0.996788,0
0,0,0,0,0,4221,834,5055,1936,6991,-0.010156,-0.00752452,-0.99992,0
0,0,0,0,0,4018,739,4757,2022,6779,-0.0302778,-0.0988412,-0.994642,0
0,0,0,0,0,6752,1221,7973,2814,10787,-0.0265641,0.0576505,-0.997983,0
0,0,0,0,0,7100,1256,8356,3706,12062,-0.0382668,-0.0282967,-0.998867,0
0,0,0,0,0,3309,537,3846,1646,5492,-0.0186074,0.106447,-0.994144,0
0,0,0,0,0,2419,430,2849,918,3767,-0.0231455,0.0478829,-0.998585,0
0,0,0,0,0,4385,841,5226,1998,7224,-0.0135411,0.00146917,-0.999907,0
0,0,0,0,0,6884,1258,8142,3376,11518,-0.0220515,0.0255211,-0.999431,0
0,0,0,0,0,4482,869,5351,2809,8160,-0.00140302,0.0891656,-0.996016,0
0,0,0,0,0,7146,1219,8365,3429,11794,0.0113778,0.145139,-0.989346,0
0,0,0,0,0,4001,812,4813,2835,7648,-0.0166175,0.13415,-0.990822,0
0,0,0,0,0,6175,1227,7402,5170,12572,-0.0252596,0.0906868,-0.995559,0
0,0,0,0,0,5642,895,6537,3038,9575,-0.0266855,0.14264,-0.989415,0
0,0,0,0,0,2436,498,2934,1764,4698,-0.0252529,0.116244,-0.9929,0
0,0,0,0,0,1536,318,1854,2059,3913,-0.00101825,0.258922,-0.965898,0
0,0,0,0,0,5158,1097,6255,7102,13357,-0.0112351,0.174385,-0.984614,0
0,0,0,0,0,5804,1155,6959,9282,16241,-0.0148591,0.383259,-0.923521,0
0,0,0,0,0,3968,586,4554,6726,11280,-0.0186614,0.292298,-0.956145,0
0,0,0,0,0,1963,385,2348,2703,5051,-0.0652959,0.176082,-0.982208,0
0,0,0,0,0,5234,1027,6261,10036,16297,-0.0623903,0.361865,-0.93014,0
0,0,0,0,0,2315,443,2758,5064,7822,-0.109887,0.2666,-0.957522,0
0,0,0,0,0,5260,1158,6418,9159,15577,-0.0498096,0.199932,-0.978543,0
0,0,0,0,0,3728,901,4629,4312,8941,-0.0446357,0.194069,-0.979972,0
0,0,0,0,0,5265,1003,6268,7625,13893,-0.0247691,0.278815,-0.960025,0
0,0,0,0,0,3891,719,4610,3722,8332,-0.00233988,0.22627,-0.974062,0
0,0,0,0,0,5760,1060,6820,4579,11399,0.0973758,0.288963,-0.952375,0
0,0,0,0,0,5341,1133,6474,3101,9575,0.0837654,0.299441,-0.950431,0
0,0,0,0,0,3863,653,4516,2855,7371,0.0332967,0.257864,-0.965607,0
0,0,0,0,0,5425,1026,6451,3637,10088,0.0050648,0.213026,-0.977033,0
0,0,0,0,0,3824,689,4513,2001,6514,-0.0242766,0.158577,-0.987048,0
0,0,0,0,0,6347,1051,7398,2800,10198,-0.00211426,0.184386,-0.982852,0
0,0,0,0,0,5718,982,6700,2194,8894,0.063779,0.197521,-0.978222,0
0,0,0,0,0,3789,716,4505,2365,6870,0.043639,0.15201,-0.987415,0
0,0,0,0,0,3831,706,4537,1492,6029,0.0478166,0.16041,-0.985892,0
0,0,0,0,0,5499,1003,6502,2473,8975,0.0161016,0.124793,-0.992052,0
0,0,0,0,0,5474,992,6466,1777,8243,-0.00960021,0.128128,-0.991711,0
0,0,0,0,0,2994,527,3521,1329,4850,0.0293234,0.113214,-0.993138,0
0,0,0,0,0,6165,1038,7203,2615,9818,0.0523488,0.0899248,-0.994572,0
0,0,0,0,0,5471,924,6395,1887,8282,0.0456706,0.100033,-0.993935,0
0,0,0,0,0,5337,928,6265,2758,9023,0.0292443,0.0719687,-0.996978,0
0,0,0,0,0,4055,657,4712,1728,6440,0.00468248,0.0569887,-0.998364,0
0,0,0,0,0,5428,921,6349,2160,8509,0.00275328,0.0445637,-0.999003,0
0,0,0,0,0,5695,927,6622,2122,8744,0.0131555,0.0334289,-0.999355,0
0,0,0,0,0,5952,1055,7007,1901,8908,0.026984,0.044934,-0.998625,0
0,0,0,0,0,5371,925,6296,2379,8675,0.0310107,0.0548592,-0.998012,0
0,0,0,0,0,6045,1065,7110,1994,9104,0.034577,0.0682189,-0.997071,0
0,0,0,0,0,5758,893,6651,2312,8963,0.0546629,0.0524927,-0.997124,0
0,0,0,0,0,5325,937,6262,2275,8537,0.0419579,-0.00272306,-0.999116,0
0,0,0,0,0,5322,943,6265,2391,8656,0.0472456,-0.00576503,-0.998867,0
0,0,0,0,0,5905,951,6856,2333,9189,0.042945,-0.0188124,-0.9989,0
0,0,0,0,0,5526,930,6456,2105,8561,0.0286959,-0.0198257,-0.999392,0
0,0,0,0,0,5933,938,6871,2288,9159,0.0163645,-0.0354744,-0.999237,0
0,0,0,0,0,5352,936,6288,2143,8431,0.0260418,-0.0407418,-0.99883,0
0,0,0,0,0,5406,956,6362,2496,8858,0.0275337,-0.045854,-0.998569,0
0,0,0,0,0,5723,879,6602,2314,8916,0.030153,-0.0328327,-0.999006,0
0,0,0,0,0,5986,1017,7003,2689,9692,0.0145164,-0.046384,-0.998818,0
0,0,0,0,0,6524,1134,7658,2108,9766,0.0146515,-0.0449974,-0.99888,0
0,0,0,0,0,3183,542,3725,1540,5265,0.0130657,-0.0182584,-0.999748,0
0,0,0,0,0,5922,1025,6947,2296,9243,0.0159543,-0.0240482,-0.999583,0
0,0,0,0,0,6138,971,7109,2534,9643,0.0165667,-0.0154072,-0.999744,0
0,0,0,0,0,7165,1058,8223,2285,10508,0.0213745,-0.00304038,-0.999767,0
0,0,0,0,0,5506,919,6425,1953,8378,0.0343138,-0.0119795,-0.999339,0
0,0,0,0,0,5914,974,6888,2219,9107,0.0208382,-0.0119604,-0.999711,0
0,0,0,0,0,6001,961,6962,2352,9314,0.0181709,-0.017445,-0.999683,0
0,0,0,0,0,5964,972,6936,2926,9862,0.0095264,-0.00306328,-0.99995,0
0,0,0,0,0,5322,866,6188,1962,8150,0.0045373,-0.00404878,-0.999982,0
0,0,0,0,0,5330,873,6203,1914,8117,0.0143461,-0.00911205,-0.999856,0
0,0,0,0,0,5259,864,6123,2319,8442,0.0154707,0.00548842,-0.999865,0
0,0,0,0,0,5393,931,6324,1813,8137,0.0151517,0.0059916,-0.999867,0
0,0,0,0,0,5967,960,6927,2208,9135,0.00291708,-0.000571399,-0.999996,0
0,0,0,0,0,5323,682,6005,1130,7135,0.00149828,-0.00579322,-0.999982,0
0,0,0,0,0,2941,420,3361,939,4300,-0.000895712,-0.0127557,-0.999918,0
0,0,0,0,0,5287,902,6189,2823,9012,0.0208672,0.00700291,-0.999758,0
0,0,0,0,0,5480,882,6362,2009,8371,0.0160041,-0.000452604,-0.999872,0
0,0,0,0,0,5398,898,6296,1865,8161,-0.00382502,-0.000354364,-0.999993,0
0,0,0,0,0,3839,645,4484,1445,5929,0.00572933,-0.0212407,-0.999758,0
0,0,0,0,0,5424,925,6349,2256,8605,0.00821023,-0.0217407,-0.99973,0
0,0,0,0,0,5894,1081,6975,2330,9305,-0.00426963,-0.026948,-0.999628,0
0,0,0,0,0,5330,911,6241,2082,8323,-0.00798766,0.00204216,-0.999966,0
0,0,0,0,0,5366,861,6227,1980,8207,-0.00713265,0.00493674,-0.999962,0
0,0,0,0,0,6000,1033,7033,2466,9499,0.00324207,0.0063288,-0.999975,0
0,0,0,0,0,5881,980,6861,2246,9107,0.00247038,0.00806035,-0.999964,0
0,0,0,0,0,5985,1003,6988,1921,8909,0.00446512,0.00166085,-0.999989,0
0,0,0,0,0,3828,639,4467,1321,5788,0.00792569,-0.00382296,-0.999961,0
0,0,0,0,0,3860,641,4501,1578,6079,0.00667063,-0.00949021,-0.999933,0
0,0,0,0,0,5445,916,6361,1956,8317,3.36513e-05,-0.023487,-0.999724,0
0,0,0,0,0,6344,990,7334,2368,9702,0.0077609,-0.0192662,-0.999784,0
0,0,0,0,0,5924,1004,6928,2041,8969,0.0166016,-0.0148066,-0.999753,0
0,0,0,0,0,5519,907,6426,2020,8446,0.0159932,-0.0174328,-0.99972,0
0,0,0,0,0,5725,1047,6772,2443,9215,0.0177476,-0.010553,-0.999787,0
0,0,0,0,0,5989,1012,7001,2389,9390,0.00334122,-0.0114516,-0.999929,0
0,0,0,0,0,5951,1016,6967,2304,9271,-0.00507224,-0.0113127,-0.999923,0
0,0,0,0,0,5987,1005,6992,2172,9164,-0.0038426,-0.0319629,-0.999482,0
0,0,0,0,0,5551,920,6471,2293,8764,-0.00564773,-0.030119,-0.99953,0
0,0,0,0,0,6259,1028,7287,2503,9790,0.0048412,-0.016468,-0.999853,0
0,0,0,0,0,5961,1016,6977,2066,9043,0.00612715,-0.0133773,-0.999892,0
0,0,0,0,0,4055,709,4764,1421,6185,0.00654844,0.000637814,-0.999978,0
0,0,0,0,0,6169,1000,7169,2295,9464,0.00518684,-0.0102378,-0.999934,0
0,0,0,0,0,5676,697,6373,1152,7525,0.000260372,0.00368048,-0.999993,0
0,0,0,0,0,2723,434,3157,939,4096,0.0128001,0.00429385,-0.999909,0
0,0,0,0,0,5994,902,6896,1896,8792,0.00821888,0.00316517,-0.999961,0
0,0,0,0,0,5455,898,6353,1875,8228,0.0158383,-0.00432981,-0.999865,0
0,0,0,0,0,6298,879,7177,1625,8802,0.0142207,0.00104378,-0.999898,0
0,0,0,0,0,4962,797,5759,1647,7406,0.0103765,0.000233963,-0.999946,0
0,0,0,0,0,5840,1034,6874,2188,9062,0.0217693,-0.0150091,-0.99965,0
0,0,0,0,0,5951,999,6950,2534,9484,0.00246659,-0.0146512,-0.99989,0
0,0,0,0,0,4242,665,4907,1166,6073,0.0159258,-0.0113001,-0.999809,0
0,0,0,0,0,2519,410,2929,969,3898,0.0140963,-0.00998361,-0.999851,0
0,0,0,0,0,5959,997,6956,2168,9124,0.0133318,-0.00785199,-0.99988,0
0,0,0,0,0,6458,957,7415,2271,9686,0.0163226,-0.000592545,-0.999867,0
0,0,0,0,0,6283,991,7274,2221,9495,0.00477241,-0.000413503,-0.999989,0
0,0,0,0,0,6079,1071,7150,2309,9459,0.0223247,0.00548489,-0.999736,0
0,0,0,0,0,6433,1041,7474,1572,9046,0.0103017,-0.00678486,-0.999924,0
0,0,0,0,0,4057,729,4786,1483,6269,0.00767553,-0.00502892,-0.999958,0
0,0,0,0,0,5931,1002,6933,2240,9173,0.00523368,-0.00969586,-0.999939,0
0,0,0,0,0,5956,1043,6999,2211,9210,0.00957363,0.00352004,-0.999948,0
0,0,0,0,0,6846,1041,7887,2058,9945,0.0169692,-0.00964983,-0.999809,0
0,0,0,0,0,5913,957,6870,2102,8972,0.0176697,0.000117341,-0.999844,0
0,0,0,0,0,5499,983,6482,2007,8489,0.0294825,-0.00528381,-0.999551,0
0,0,0,0,0,6003,1002,7005,2315,9320,0.015887,0.00896974,-0.999834,0
0,0,0,0,0,6297,1004,7301,2239,9540,0.0150205,0.00083296,-0.999887,0
0,0,0,0,0,6684,1031,7715,2744,10459,0.0134674,0.00330291,-0.999904,0
0,0,0,0,0,4137,711,4848,1436,6284,0.0193281,-0.00635398,-0.999793,0
0,0,0,0,0,6480,999,7479,2193,9672,0.0245609,0.0123514,-0.999622,0
0,0,0,0,0,5982,1031,7013,2097,9110,0.0251834,0.0126698,-0.999603,0
0,0,0,0,0,5433,923,6356,2127,8483,0.0211487,0.0113772,-0.999712,0
0,0,0,0,0,5431,901,6332,2620,8952,0.0138937,0.00804925,-0.999871,0
0,0,0,0,0,5477,957,6434,1872,8306,0.0111249,0.0040603,-0.99993,0
0,0,0,0,0,5996,912,6908,1908,8816,0.0165106,-0.015162,-0.999749,0
0,0,0,0,0,5407,890,6297,2068,8365,0.013619,-0.0144294,-0.999803,0
0,0,0,0,0,6104,900,7004,2093,9097,0.0172745,0.00111848,-0.99985,0
0,0,0,0,0,5377,956,6333,1907,8240,0.0223907,0.00168957,-0.999748,0
0,0,0,0,0,5359,915,6274,1931,8205,0.0166981,0.0128813,-0.999778,0
0,0,0,0,0,5422,879,6301,1854,8155,0.0215797,0.014043,-0.999669,0
0,0,0,0,0,4800,857,5657,1895,7552,0.0190567,0.00736751,-0.999791,0
0,0,0,0,0,6295,1025,7320,2197,9517,0.0170713,-0.00975086,-0.999807,0
0,0,0,0,0,6098,989,7087,2243,9330,0.0158835,0.00831762,-0.999839,0
0,0,0,0,0,6140,1050,7190,1743,8933,0.0287251,0.00327992,-0.999582,0
0,0,0,0,0,4172,701,4873,1743,6616,0.0305377,-0.00456119,-0.999523,0
0,0,0,0,0,5960,939,6899,1985,8884,0.0139359,-0.00292767,-0.999899,0
0,0,0,0,0,5309,972,6281,1916,8197,0.0123622,-0.00924486,-0.999881,0
0,0,0,0,0,5922,860,6782,1979,8761,0.0173955,-0.0185801,-0.999676,0
0,0,0,0,0,5292,863,6155,2641,8796,0.0113441,-0.0231031,-0.999669,0
0,0,0,0,0,5868,929,6797,2241,9038,0.0203858,0.0126575,-0.999712,0
0,0,0,0,0,5337,922,6259,1995,8254,0.0422633,0.007373,-0.999079,0
0,0,0,0,0,5314,895,6209,2176,8385,0.0176643,0.00267782,-0.99984,0
0,0,0,0,0,5878,933,6811,2149,8960,0.0283332,0.00823965,-0.999565,0
0,0,0,0,0,5504,956,6460,1488,7948,0.0055758,-0.000717757,-0.999984,1
0,0,0,0,0,3558,595,4153,1308,5461,0.00968548,-0.00726958,-0.999927,1
0,0,0,0,0,5702,942,6644,2695,9339,0.0318796,-0.00245101,-0.999489,1
0,0,0,0,0,5913,967,6880,2407,9287,0.0402902,-0.00478396,-0.999177,1
0,0,0,0,0,5664,915,6579,2444,9023,0.0200387,-0.00053825,-0.999799,1
0,0,0,0,0,5334,905,6239,1908,8147,0.022841,0.000781765,-0.999739,1
0,0,0,0,0,5931,1075,7006,2343,9349,0.034791,0.00281446,-0.999391,1
0,0,0,0,0,6021,1040,7061,2558,9619,0.0423674,0.00642878,-0.999081,1
0,0,0,0,0,5363,888,6251,2360,8611,0.01906,0.00838305,-0.999783,1
0,0,0,0,0,6079,959,7038,2000,9038,0.0196563,0.00622507,-0.999787,1
0,0,0,0,0,5811,916,6727,2017,8744,0.0119655,-0.00519526,-0.999915,1
0,0,0,0,0,5880,1015,6895,2149,9044,0.0286568,0.008405,-0.999554,1
0,0,0,0,0,5354,915,6269,1964,8233,0.0329769,0.00157362,-0.999455,1
0,0,0,0,0,4827,789,5616,1817,7433,0.0242759,0.0100316,-0.999655,1
0,0,0,0,0,5466,918,6384,1832,8216,0.0211209,0.00772908,-0.999747,1
0,0,0,0,0,5445,940,6385,2224,8609,0.0200162,0.0071132,-0.999774,1
0,0,0,0,0,5265,923,6188,2407,8595,0.0308147,0.000347696,-0.999525,1
0,0,0,0,0,5884,987,6871,2481,9352,0.0176825,0.000260242,-0.999844,1
0,0,0,0,0,6490,1118,7608,1440,9048,0.0252875,0.00358265,-0.999674,1
0,0,0,0,0,3100,530,3630,1200,4830,0.0261856,0.000771735,-0.999657,1
0,0,0,0,0,5442,862,6304,2018,8322,0.0278951,-0.018332,-0.999443,1
0,0,0,0,0,5339,949,6288,2066,8354,0.0135474,0.0131251,-0.999822,1
0,0,0,0,0,5925,1022,6947,2205,9152,0.0165022,0.0146898,-0.999756,1
0,0,0,0,0,5953,1092,7045,2198,9243,0.0192346,0.0118017,-0.999745,1
0,0,0,0,0,6096,992,7088,1967,9055,0.0189284,0.013595,-0.999728,1
0,0,0,0,0,4122,688,4810,1460,6270,0.0139593,-0.00263554,-0.999899,1
0,0,0,0,0,6042,998,7040,2233,9273,0.0216163,-0.00713122,-0.999741,1
0,0,0,0,0,6067,970,7037,2232,9269,0.0187455,-0.0254535,-0.9995,1
0,0,0,0,0,5413,862,6275,2095,8370,0.0202859,-0.0243406,-0.999498,1
0,0,0,0,0,5534,907,6441,1978,8419,0.0245775,-0.0227852,-0.999438,1
0,0,0,0,0,5900,975,6875,2614,9489,0.0417781,-0.0258203,-0.998793,1
0,0,0,0,0,5999,1010,7009,2453,9462,0.033341,-0.0246285,-0.999141,1
0,0,0,0,0,5880,1000,6880,2517,9397,0.0362746,-0.0195928,-0.99915,1
0,0,0,0,0,6040,1018,7058,2277,9335,0.0444625,-0.0226735,-0.998754,1
0,0,0,0,0,6031,1005,7036,2432,9468,0.0341143,-0.020235,-0.999213,1
0,0,0,0,0,6167,999,7166,2641,9807,0.0160887,-0.0120357,-0.999798,1
0,0,0,0,0,5437,865,6302,2319,8621,0.0113486,-0.0303144,-0.999476,1
0,0,0,0,0,5304,907,6211,2053,8264,0.0166881,-0.011934,-0.99979,1
0,0,0,0,0,5957,998,6955,2037,8992,0.0205793,-0.0129753,-0.999704,1
0,0,0,0,0,6305,1472,7777,3551,11328,0.0186592,-0.0195128,-0.999635,1
0,0,0,0,0,2608,430,3038,999,4037,0.00918133,-0.00555442,-0.999942,1
0,0,0,0,0,6039,895,6934,2013,8947,0.00758007,-0.0303076,-0.999512,1
0,0,0,0,0,5983,1036,7019,2085,9104,-0.0104287,-0.0266777,-0.99959,1
0,0,0,0,0,5418,922,6340,2157,8497,0.000241985,-0.00397878,-0.999992,1
0,0,0,0,0,5328,1052,6380,1974,8354,0.0108697,-0.0271706,-0.999572,1
0,0,0,0,0,3911,665,4576,1518,6094,0.0114833,-0.0113407,-0.99987,1
0,0,0,0,0,4880,835,5715,2682,8397,0.0209747,-0.00974579,-0.999733,1
0,0,0,0,0,4969,813,5782,2023,7805,0.0061633,-0.0180637,-0.999818,1
0,0,0,0,0,6086,949,7035,2224,9259,-0.00284372,-0.00418316,-0.999987,1
0,0,0,0,0,5600,958,6558,1927,8485,0.00619712,-0.0152961,-0.999864,1
0,0,0,0,0,5382,900,6282,2152,8434,-0.00849672,0.00280346,-0.99996,1
0,0,0,0,0,5503,913,6416,2033,8449,-0.00255643,0.0105941,-0.999941,1
0,0,0,0,0,5820,922,6742,1979,8721,-0.0066721,0.00845695,-0.999942,1
0,0,0,0,0,5544,900,6444,2006,8450,0.00033374,0.0019392,-0.999998,1
0,0,0,0,0,5301,865,6166,1852,8018,0.000779788,-0.0166876,-0.99986,1
0,0,0,0,0,5389,883,6272,2021,8293,-0.00278357,-0.0227083,-0.999738,1
0,0,0,0,0,5933,951,6884,2245,9129,0.00374301,-0.022936,-0.99973,1
0,0,0,0,0,5942,965,6907,2224,9131,0.00434121,-0.0211621,-0.999767,1
0,0,0,0,0,4021,685,4706,1358,6064,0.00330969,-0.0156223,-0.999872,1
0,0,0,0,0,6223,1013,7236,2215,9451,0.0121277,-0.00995366,-0.999877,1
0,0,0,0,0,5932,952,6884,2180,9064,0.0162386,-0.00681884,-0.999845,1
0,0,0,0,0,6155,1056,7211,2168,9379,0.0204306,-0.00261599,-0.999788,1
0,0,0,0,0,5570,898,6468,1986,8454,0.013212,0.0127007,-0.999832,1
0,0,0,0,0,3818,648,4466,1310,5776,0.0219123,0.0163812,-0.999626,1
0,0,0,0,0,6032,1014,7046,2294,9340,0.0093577,0.0204609,-0.999747,1
0,0,0,0,0,6119,1014,7133,2421,9554,0.014119,0.0338695,-0.999327,1
0,0,0,0,0,3715,661,4376,1392,5768,0.0226723,0.0467001,-0.998652,1
0,0,0,0,0,6056,980,7036,3272,10308,0.0201316,0.106105,-0.994151,1
0,0,0,0,0,4289,714,5003,1653,6656,0.0187664,0.132039,-0.991067,1
0,0,0,0,0,6233,1177,7410,2147,9557,0.0454812,0.173191,-0.983837,1
0,0,0,0,0,5612,1007,6619,1728,8347,0.0449392,0.165703,-0.985151,1
0,0,0,0,0,6600,1107,7707,2510,10217,0.0523394,0.227063,-0.972473,1
0,0,0,0,0,6323,1106,7429,3003,10432,0.0949726,0.231119,-0.968279,1
0,0,0,0,0,4315,724,5039,2940,7979,0.0711831,0.24339,-0.967313,1
0,0,0,0,0,5540,968,6508,4536,11044,0.0716565,0.350986,-0.933635,1
0,0,0,0,0,5683,966,6649,3473,10122,0.0876711,0.383936,-0.919188,1
0,0,0,0,0,6257,1078,7335,4389,11724,0.0547262,0.46383,-0.884232,1
0,0,0,0,0,4252,745,4997,3283,8280,0.0432517,0.494576,-0.868057,1
0,0,0,0,0,5534,946,6480,4232,10712,0.0429273,0.567155,-0.822492,1
0,0,0,0,0,5894,978,6872,3358,10230,0.0372504,0.445646,-0.894434,1
0,0,0,0,0,5584,976,6560,5358,11918,0.0107773,0.394334,-0.918904,1
0,0,0,0,0,3992,718,4710,4835,9545,0.000370221,0.388247,-0.921555,1
0,0,0,0,0,6256,1165,7421,7357,14778,0.0130949,0.283933,-0.958755,1
0,0,0,0,0,4379,827,5206,7743,12949,0.0317419,0.181832,-0.982817,1
0,0,0,0,0,5714,1077,6791,9249,16040,0.00610609,0.301806,-0.95335,1
0,0,0,0,0,3149,607,3756,6259,10015,0.0262238,0.176717,-0.983912,1
0,0,0,0,0,6657,1250,7907,8276,16183,0.0448799,0.148089,-0.987955,1
0,0,0,0,0,3627,716,4343,5069,9412,0.0766917,-0.2467,-0.966053,1
0,0,0,0,0,4711,1122,5833,4093,9926,0.0720189,-0.0245801,-0.9971,1
0,0,0,0,0,4492,799,5291,4099,9390,0.0574701,0.0172305,-0.998199,1
0,0,0,0,0,6845,1292,8137,4823,12960,0.0142201,0.184561,-0.982718,1
0,0,0,0,0,6647,1204,7851,3737,11588,0.017139,0.124314,-0.992095,1
0,0,0,0,0,3394,642,4036,1880,5916,0.0465493,0.0461389,-0.99785,1
0,0,0,0,0,6367,1241,7608,3566,11174,0.0329924,0.148133,-0.988417,1
0,0,0,0,0,6248,1192,7440,3222,10662,0.0306116,0.111115,-0.993336,1
0,0,0,0,0,4259,788,5047,2053,7100,0.00709365,0.163705,-0.986484,1
0,0,0,0,0,6234,1134,7368,3011,10379,0.0262692,0.12084,-0.992324,1
0,0,0,0,0,6201,1132,7333,2968,10301,0.023542,0.140876,-0.989747,1
0,0,0,0,0,5295,970,6265,4390,10655,0.0262272,0.128504,-0.991362,1
0,0,0,0,0,5853,1037,6890,8173,15063,0.0245614,0.169834,-0.985166,1
0,0,0,0,0,4062,763,4825,15332,20157,0.0553484,0.0444619,-0.997477,1
0,0,0,0,0,2517,478,2995,1105,4100,0.0352963,0.0169451,-0.999233,1
0,0,0,0,0,5530,1045,6575,3196,9771,0.014003,0.0231621,-0.999634,1
0,0,0,0,0,5984,1119,7103,3637,10740,0.0231183,0.0507486,-0.998444,1
0,0,0,0,0,5845,1087,6932,14703,21635,0.15073,-0.105724,-0.982905,1
0,0,0,0,0,2837,477,3314,2068,5382,0.030481,0.0883411,-0.995624,1
0,0,0,0,0,1748,312,2060,6248,8308,0.1819,-0.0763677,-0.980347,1
0,0,0,0,0,3002,553,3555,2494,6049,0.0245805,0.094584,-0.995213,1
0,0,0,0,0,5625,1118,6743,12569,19312,0.205797,0.0282299,-0.978187,1
0,0,0,0,0,3609,672,4281,2845,7126,-0.00325364,0.1197,-0.992805,1
0,0,0,0,0,5811,1009,6820,11547,18367,0.305851,-0.141586,-0.941493,1
0,0,0,0,0,3074,565,3639,2112,5751,0.277095,-0.126835,-0.952434,1
0,0,0,0,0,6193,1235,7428,3426,10854,0.0879075,0.0106292,-0.996072,1
0,0,0,0,0,7441,1207,8648,2872,11520,-0.0113819,-0.0724248,-0.997309,1
0,0,0,0,0,2763,511,3274,1416,4690,-0.017452,-0.0796254,-0.996672,1
0,0,0,0,0,6118,1112,7230,2097,9327,-0.0354566,-0.0803903,-0.996133,1
0,0,0,0,0,6786,1122,7908,1418,9326,-0.0201121,-0.0795424,-0.996629,1
0,0,0,0,0,4221,786,5007,1543,6550,-0.00793172,-0.0723993,-0.997344,1
0,0,0,0,0,6005,1101,7106,2217,9323,-0.00760252,-0.124213,-0.992226,1
0,0,0,0,0,6037,1113,7150,2448,9598,0.00730917,-0.119223,-0.992841,1
0,0,0,0,0,4355,927,5282,1807,7089,-0.0113327,-0.118337,-0.992909,1
0,0,0,0,0,6683,1269,7952,2334,10286,-0.0346565,-0.0783166,-0.996326,1
0,0,0,0,0,5755,1034,6789,2162,8951,-0.0624276,-0.152575,-0.986318,1
0,0,0,0,0,7697,1260,8957,2320,11277,-0.0331725,-0.0700285,-0.996993,1
0,0,0,0,0,4369,856,5225,1974,7199,0.00196525,-0.185488,-0.982645,1
0,0,0,0,0,6543,1213,7756,2633,10389,-0.00580601,-0.0388466,-0.999228,1
0,0,0,0,0,3942,750,4692,1842,6534,-0.00659694,-0.0476089,-0.998844,1
0,0,0,0,0,6586,1245,7831,2521,10352,-0.00202795,-0.0610392,-0.998133,1
0,0,0,0,0,5973,1551,7524,2421,9945,0.0234984,-0.0465122,-0.998641,1
0,0,0,0,0,6315,1271,7586,3306,10892,0.00445484,-0.090387,-0.995897,1
0,0,0,0,0,6309,1210,7519,3150,10669,-0.0207389,-0.0799326,-0.996585,1
0,0,0,0,0,3169,633,3802,2288,6090,-0.0302206,-0.00670609,-0.999521,1
0,0,0,0,0,5682,1133,6815,4609,11424,-0.0272997,0.0197832,-0.999432,1
0,0,0,0,0,5287,1268,6555,4120,10675,-0.0166008,0.0472527,-0.998745,1
0,0,0,0,0,3706,733,4439,3933,8372,0.0117199,0.0893459,-0.995932,1
0,0,0,0,0,4867,1005,5872,6349,12221,-0.00034286,-0.0354331,-0.999372,1
0,0,0,0,0,6043,1213,7256,7228,14484,-0.0279387,0.153337,-0.987779,1
0,0,0,0,0,3662,599,4261,2455,6716,-0.0189928,0.123564,-0.992155,1
0,0,0,0,0,2026,426,2452,2874,5326,-0.0160588,0.0297548,-0.999428,1
0,0,0,0,0,2679,562,3241,3625,6866,-0.0171299,0.0967755,-0.995159,1
0,0,0,0,0,5890,1191,7081,7256,14337,0.0157254,0.111204,-0.993673,1
0,0,0,0,0,3729,751,4480,5682,10162,0.0571262,0.150185,-0.987006,1
0,0,0,0,0,4796,929,5725,7568,13293,0.0312177,0.2307,-0.972524,1
0,0,0,0,0,3485,692,4177,6487,10664,0.0418901,0.0844582,-0.995546,1
0,0,0,0,0,3424,660,4084,1844,5928,0.0219081,0.0663975,-0.997553,1
0,0,0,0,0,5950,1052,7002,4105,11107,0.0199921,0.0847269,-0.996204,1
0,0,0,0,0,5054,1020,6074,3366,9440,0.00495687,0.0492883,-0.998772,1
0,0,0,0,0,6017,1030,7047,2957,10004,0.0278082,0.0409237,-0.998775,1
0,0,0,0,0,5037,998,6035,3178,9213,-0.0174453,0.0492159,-0.998636,1
0,0,0,0,0,5187,973,6160,2523,8683,0.00329833,0.101339,-0.994847,1
0,0,0,0,0,5616,1120,6736,2713,9449,-0.0109712,0.0926062,-0.995642,1
0,0,0,0,0,5951,1071,7022,2942,9964,-0.0246208,0.104101,-0.994262,1
0,0,0,0,0,4824,956,5780,2465,8245,0.00488428,0.0433543,-0.999048,1
0,0,0,0,0,4888,962,5850,2104,7954,0.0122166,0.0513699,-0.998605,1
0,0,0,0,0,5457,1015,6472,2359,8831,0.0121639,0.0488275,-0.998733,1
0,0,0,0,0,5118,959,6077,2034,8111,0.0108397,0.0408502,-0.999106,1
0,0,0,0,0,5213,944,6157,2352,8509,0.0144136,0.0750409,-0.997076,1
0,0,0,0,0,5868,1058,6926,5655,12581,-0.0416045,0.157946,-0.986571,1
0,0,0,0,0,4121,751,4872,3529,8401,-0.0653494,0.223542,-0.972501,1
0,0,0,0,0,6180,1127,7307,4217,11524,-0.0603462,0.257946,-0.964273,1
0,0,0,0,0,7398,1234,8632,6705,15337,-0.0668185,0.322632,-0.944163,1
0,0,0,0,0,3264,595,3859,5771,9630,-0.118792,0.441686,-0.88927,1
0,0,0,0,0,7529,1225,8754,6147,14901,-0.0652031,0.411241,-0.909192,1
0,0,0,0,0,6484,1138,7622,8047,15669,-0.0157067,0.16603,-0.985996,1
0,0,0,0,0,6362,1161,7523,5108,12631,0.00371338,0.00806454,-0.999961,1
0,0,0,0,0,6383,1170,7553,7247,14800,-0.0151003,0.307264,-0.951504,1
0,0,0,0,0,6190,1362,7552,3316,10868,0.0401336,-0.10757,-0.993387,1
0,0,0,0,0,4092,727,4819,2748,7567,0.0269515,0.0683825,-0.997295,1
0,0,0,0,0,6737,1196,7933,5193,13126,0.0766148,0.0352562,-0.996437,1
0,0,0,0,0,6480,1166,7646,4658,12304,0.0328405,-0.0421281,-0.998572,1
0,0,0,0,0,6315,1185,7500,4623,12123,0.0448643,-0.0120497,-0.99892,1
0,0,0,0,0,4299,818,5117,3099,8216,0.00294683,0.15724,-0.987556,1
0,0,0,0,0,6018,1055,7073,3931,11004,0.0164677,0.12332,-0.99223,1
0,0,0,0,0,5658,1119,6777,4784,11561,0.0083675,0.126055,-0.991988,1
0,0,0,0,0,5367,996,6363,5444,11807,0.0148857,0.121875,-0.992434,1
0,0,0,0,0,6057,968,7025,7028,14053,0.00102074,-0.0415795,-0.999135,1
0,0,0,0,0,3452,640,4092,2067,6159,0.0146392,0.0390292,-0.999131,1
0,0,0,0,0,5701,1006,6707,8237,14944,-0.00312639,0.0926476,-0.995694,1
0,0,0,0,0,5496,937,6433,12219,18652,0.128605,-0.562813,-0.816519,1
0,0,0,0,0,2815,488,3303,1568,4871,0.125929,-0.524581,-0.841995,1
0,0,0,0,0,5660,1027,6687,4440,11127,0.0102181,-0.183512,-0.982964,1
0,0,0,0,0,5804,1097,6901,2661,9562,0.0106751,-0.0746143,-0.997155,1
0,0,0,0,0,5724,1115,6839,3522,10361,0.0220367,-0.0137628,-0.999662,1
0,0,0,0,0,5741,1019,6760,10344,17104,0.303379,-0.288809,-0.908048,1
0,0,0,0,0,5630,1087,6717,5106,11823,0.295095,-0.147084,-0.944079,1
0,0,0,0,0,5827,1101,6928,4556,11484,0.0112101,0.0748517,-0.997132,1
0,0,0,0,0,3991,600,4591,1745,6336,-0.0228398,-2.25783e-05,-0.999739,1
0,0,0,0,0,2324,449,2773,1290,4063,-0.00634525,-0.0188962,-0.999801,1
0,0,0,0,0,6061,1155,7216,3061,10277,-0.0161662,0.0105594,-0.999814,1
0,0,0,0,0,6117,1121,7238,2036,9274,-0.0350355,0.0113165,-0.999322,1
0,0,0,0,0,4269,789,5058,1604,6662,-0.0316613,-0.0575355,-0.997841,1
0,0,0,0,0,6910,1331,8241,2625,10866,-0.0202078,-0.0270124,-0.999431,1
0,0,0,0,0,6775,1326,8101,1827,9928,-0.0329316,-0.100289,-0.994413,1
0,0,0,0,0,4705,851,5556,1745,7301,-0.0143868,-0.0763593,-0.996977,1
0,0,0,0,0,6820,1299,8119,2822,10941,-0.00639151,-0.10574,-0.994373,1
0,0,0,0,0,6890,1305,8195,2725,10920,-0.0174146,-0.0602554,-0.998031,1
0,0,0,0,0,4650,889,5539,2395,7934,-0.0238161,-0.113138,-0.993294,1
0,0,0,0,0,6900,1269,8169,4310,12479,-0.0130878,-0.109453,-0.993906,1
0,0,0,0,0,4412,837,5249,2248,7497,-0.00098768,-0.110639,-0.99386,1
0,0,0,0,0,7417,1263,8680,4929,13609,-0.00101904,-0.018282,-0.999832,1
0,0,0,0,0,5467,844,6311,2786,9097,0.00105243,-0.0444118,-0.999013,1
0,0,0,0,0,6231,1186,7417,5320,12737,-0.0485527,0.107162,-0.993055,1
0,0,0,0,0,5489,838,6327,2852,9179,-0.0452833,0.0606223,-0.997133,1
0,0,0,0,0,2593,434,3027,1666,4693,-0.0331242,0.00129892,-0.99945,1
0,0,0,0,0,1984,375,2359,2050,4409,-0.00876342,-0.0406927,-0.999133,1
0,0,0,0,0,5864,1129,6993,8265,15258,-0.0688883,-0.0216003,-0.997391,1
0,0,0,0,0,5759,1164,6923,8256,15179,-0.0318209,0.197961,-0.979693,1
0,0,0,0,0,3514,658,4172,4145,8317,-0.0453761,0.190929,-0.980554,1
0,0,0,0,0,2196,505,2701,2475,5176,-0.0220925,0.0847784,-0.996155,1
0,0,0,0,0,2408,474,2882,4539,7421,-0.00109545,0.312374,-0.949959,1
0,0,0,0,0,5682,1198,6880,12419,19299,0.0168167,0.269716,-0.962793,1
0,0,0,0,0,5004,1064,6068,8397,14465,0.0317921,0.0336804,-0.998927,1
0,0,0,0,0,2811,584,3395,5728,9123,0.014664,0.0339468,-0.999316,1
0,0,0,0,0,5405,1091,6496,9529,16025,0.0460963,0.07295,-0.99627,1
0,0,0,0,0,3705,743,4448,6505,10953,0.0466662,0.142012,-0.988764,1
0,0,0,0,0,5780,1177,6957,9696,16653,0.0113024,0.113091,-0.99352,1
0,0,0,0,0,3085,601,3686,5060,8746,0.0219076,0.074364,-0.99699,1
0,0,0,0,0,5832,1162,6994,8329,15323,-0.0357512,0.274231,-0.960999,1
0,0,0,0,0,5939,1213,7152,6007,13159,-0.000605281,0.118807,-0.992917,1
0,0,0,0,0,3042,589,3631,2922,6553,-0.0172541,0.0936684,-0.995454,1
0,0,0,0,0,5809,1097,6906,5308,12214,-0.054393,0.161495,-0.985373,1
0,0,0,0,0,5927,1157,7084,5577,12661,-0.0219315,0.131473,-0.991077,1
0,0,0,0,0,3130,565,3695,2442,6137,-0.00966586,0.0445939,-0.998958,1
0,0,0,0,0,5543,1027,6570,2958,9528,-0.000520734,0.0931865,-0.995649,1
0,0,0,0,0,5605,1016,6621,3262,9883,0.00690733,0.031768,-0.999471,1
0,0,0,0,0,5657,1039,6696,2498,9194,-0.0336375,0.0207356,-0.999219,1
0,0,0,0,0,5916,1044,6960,2757,9717,-0.0371861,0.0753001,-0.996467,1
0,0,0,0,0,6227,1048,7275,2217,9492,-0.0357269,0.175551,-0.983822,1
0,0,0,0,0,5971,1029,7000,3894,10894,-0.0653476,0.319687,-0.945267,1
0,0,0,0,0,5975,1063,7038,3726,10764,-0.0704224,0.388855,-0.918604,1
0,0,0,0,0,6098,1069,7167,5419,12586,-0.0632207,0.361583,-0.930194,1
0,0,0,0,0,5559,1008,6567,6130,12697,-0.0319025,0.300005,-0.953404,1
0,0,0,0,0,3983,758,4741,5626,10367,-0.021137,0.178559,-0.983702,1
0,0,0,0,0,4286,791,5077,7256,12333,0.0401048,0.0279747,-0.998804,1
0,0,0,0,0,4391,821,5212,6270,11482,0.0679037,-0.0405292,-0.996868,1
0,0,0,0,0,6366,1126,7492,5611,13103,0.0564425,0.0543601,-0.996925,1
0,0,0,0,0,5954,1096,7050,6124,13174,0.0346918,0.207394,-0.977642,1
0,0,0,0,0,3329,639,3968,3332,7300,0.0273883,0.0692898,-0.997221,1
0,0,0,0,0,6625,1206,7831,4520,12351,0.0222149,0.127226,-0.991625,1
0,0,0,0,0,6395,1226,7621,4735,12356,-0.0428921,0.227289,-0.972882,1
0,0,0,0,0,7000,1252,8252,3507,11759,0.0373939,0.0410286,-0.998458,1
0,0,0,0,0,3427,642,4069,2904,6973,0.00722835,0.101949,-0.994763,1
0,0,0,0,0,6579,1175,7754,4999,12753,0.0220598,0.0972496,-0.995016,1
0,0,0,0,0,4370,854,5224,3482,8706,-0.0373558,0.151049,-0.98782,1
0,0,0,0,0,5467,1049,6516,3826,10342,-0.0371478,0.129058,-0.990941,1
0,0,0,0,0,6187,1145,7332,4483,11815,-0.012683,0.220458,-0.975314,1
0,0,0,0,0,6329,916,7245,16928,24173,0.013201,0.338028,-0.941043,1
0,0,0,0,0,1685,289,1974,4384,6358,0.0371614,0.360787,-0.931907,1
0,0,0,0,0,3204,579,3783,9583,13366,0.0754771,0.49446,-0.865917,1
0,0,0,0,0,5083,911,5994,13941,19935,0.106239,0.525974,-0.843839,1
0,0,0,0,0,3622,687,4309,8400,12709,0.141747,0.591286,-0.793908,1
0,0,0,0,0,3526,638,4164,7829,11993,0.191746,0.347798,-0.917753,1
0,0,0,0,0,6015,1146,7161,7511,14672,0.21074,0.424679,-0.880475,1
0,0,0,0,0,5681,1136,6817,6852,13669,0.241956,0.500288,-0.831366,1
0,0,0,0,0,4202,762,4964,5735,10699,0.247753,0.570152,-0.783291,1
0,0,0,0,0,6421,1163,7584,7399,14983,0.266117,0.493791,-0.82786,1
0,0,0,0,0,4059,744,4803,4304,9107,0.234131,0.541578,-0.807388,1
0,0,0,0,0,4102,768,4870,3285,8155,0.218194,0.580445,-0.784522,1
0,0,0,0,0,6379,1122,7501,6050,13551,0.185261,0.660555,-0.727561,1
0,0,0,0,0,4509,824,5333,12403,17736,0.160607,0.67984,-0.715558,1
0,0,0,0,0,2273,431,2704,-1000,-1000,-1,-1,-1,1
0,0,0,0,0,5783,1151,6934,2607,9541,-0.074066,-0.128677,-0.988917,1
0,0,0,0,0,6525,1300,7825,3451,11276,-0.0853793,-0.126148,-0.98833,1
0,0,0,0,0,6618,1348,7966,2471,10437,-0.0388295,-0.0335683,-0.998682,1
0,0,0,0,0,4426,855,5281,2684,7965,-0.0380756,-0.150058,-0.987944,1
0,0,0,0,0,6317,1277,7594,4480,12074,-0.0215183,-0.0450709,-0.998752,1
0,0,0,0,0,5074,851,5925,2547,8472,-0.00781893,0.0656677,-0.997811,1
0,0,0,0,0,2180,443,2623,1656,4279,-0.00629818,0.116806,-0.993135,1
0,0,0,0,0,2265,448,2713,2162,4875,0.0427608,0.00815977,-0.999052,1
0,0,0,0,0,5881,1219,7100,9434,16534,0.00443635,0.21712,-0.976135,1
0,0,0,0,0,4170,749,4919,5054,9973,0.0928563,0.264712,-0.959847,1
0,0,0,0,0,5226,1002,6228,8163,14391,0.0506598,0.112964,-0.992307,1
0,0,0,0,0,5196,1081,6277,8850,15127,0.194704,0.234991,-0.952297,1
0,0,0,0,0,2819,544,3363,6549,9912,0.16292,0.241102,-0.956727,1
0,0,0,0,0,5699,997,6696,9081,15777,0.0985361,0.102225,-0.989869,1
0,0,0,0,0,5830,1026,6856,7815,14671,0.168249,0.197677,-0.965721,1
0,0,0,0,0,2855,563,3418,5894,9312,0.13153,0.26946,-0.953987,1
0,0,0,0,0,5469,1081,6550,8486,15036,0.0633334,0.0521039,-0.996631,1
0,0,0,0,0,5251,1005,6256,7651,13907,0.13079,0.240302,-0.961847,1
0,0,0,0,0,3692,703,4395,3951,8346,0.120165,0.286681,-0.95046,1
0,0,0,0,0,4226,724,4950,4054,9004,0.125725,0.106999,-0.986278,1
0,0,0,0,0,5782,1112,6894,4913,11807,0.146286,0.13502,-0.979985,1
0,0,0,0,0,5100,996,6096,4378,10474,0.0695081,0.0351404,-0.996962,1
0,0,0,0,0,5096,968,6064,2807,8871,0.0348394,0.11296,-0.992989,1
0,0,0,0,0,5158,933,6091,2856,8947,0.0156443,0.0672234,-0.997615,1
0,0,0,0,0,5891,962,6853,2631,9484,0.0124094,0.104774,-0.994419,1
0,0,0,0,0,5503,983,6486,2438,8924,-0.0844767,0.0668313,-0.994182,1
0,0,0,0,0,5289,941,6230,3225,9455,-0.0986626,0.212066,-0.972262,1
0,0,0,0,0,4968,835,5803,2308,8111,-0.11591,0.299736,-0.946955,1
0,0,0,0,0,5750,911,6661,3362,10023,-0.115657,0.343596,-0.931969,1
0,0,0,0,0,5886,922,6808,3467,10275,-0.0968871,0.412202,-0.905926,1
0,0,0,0,0,5385,979,6364,4017,10381,-0.0794943,0.340001,-0.937059,1
0,0,0,0,0,3950,704,4654,3524,8178,-0.0949118,0.331535,-0.938657,1
0,0,0,0,0,6668,1146,7814,5832,13646,-0.0902094,0.378061,-0.921375,1
0,0,0,0,0,5605,1011,6616,4372,10988,-0.135853,0.432191,-0.89149,1
0,0,0,0,0,3928,684,4612,3126,7738,-0.0908603,0.407284,-0.908771,1
0,0,0,0,0,5739,1030,6769,4809,11578,-0.0661581,0.401344,-0.913535,1
0,0,0,0,0,5677,1024,6701,7365,14066,-0.0372723,0.600932,-0.798431,1
0,0,0,0,0,4100,717,4817,3190,8007,-0.0424558,0.569996,-0.82055,1
0,0,0,0,0,5208,934,6142,6401,12543,-0.0174137,0.591249,-0.806301,1
0,0,0,0,0,5875,898,6773,5684,12457,-0.0132685,0.472999,-0.880963,1
0,0,0,0,0,5472,1041,6513,6163,12676,-0.0029296,0.190568,-0.98167,1
0,0,0,0,0,5140,1008,6148,10198,16346,0.0679125,-0.0818586,-0.994327,1
0,0,0,0,0,3958,753,4711,5757,10468,0.08144,0.0191136,-0.996495,1
0,0,0,0,0,6593,1281,7874,7395,15269,0.0676175,-0.0327093,-0.997175,1
0,0,0,0,0,4682,834,5516,6008,11524,0.00487096,0.113222,-0.993558,1
0,0,0,0,0,7267,1343,8610,7064,15674,-0.00431893,-0.215899,-0.976406,1
0,0,0,0,0,4540,957,5497,4393,9890,0.0368804,-0.0682536,-0.996986,1
0,0,0,0,0,3525,661,4186,4025,8211,0.0345214,-0.144427,-0.988913,1
0,0,0,0,0,6333,1134,7467,6774,14241,-0.0786684,-0.193561,-0.977929,1
0,0,0,0,0,4303,835,5138,4458,9596,-0.0528693,-0.195536,-0.97927,1
0,0,0,0,0,8096,1438,9534,5473,15007,-0.0302473,-0.283274,-0.958562,1
0,0,0,0,0,4292,796,5088,4754,9842,-0.0146357,0.0117693,-0.999824,1
0,0,0,0,0,6632,1207,7839,7161,15000,-0.0603515,-0.0622359,-0.996235,1
0,0,0,0,0,4257,802,5059,6459,11518,-0.036177,0.107049,-0.993595,1
0,0,0,0,0,5980,1269,7249,6754,14003,-0.0112911,0.0780271,-0.996887,1
0,0,0,0,0,5817,1065,6882,6316,13198,-0.0560985,0.0210395,-0.998204,1
0,0,0,0,0,3125,623,3748,3235,6983,-0.0861158,0.0710754,-0.993747,1
0,0,0,0,0,6708,1106,7814,5984,13798,-0.0651781,0.0157733,-0.997749,1
0,0,0,0,0,5420,1036,6456,6344,12800,-0.0225466,0.13146,-0.991065,1
0,0,0,0,0,3774,712,4486,4731,9217,-0.0642818,0.0500455,-0.996676,1
0,0,0,0,0,5165,945,6110,4938,11048,-0.111432,0.0686662,-0.991397,1
0,0,0,0,0,5857,1155,7012,5818,12830,-0.0950676,0.11418,-0.988901,1
0,0,0,0,0,5544,963,6507,12857,19364,-0.105939,0.184633,-0.977081,1
0,0,0,0,0,2559,434,2993,6317,9310,-0.0720373,-0.565972,-0.821271,1
0,0,0,0,0,5141,917,6058,6289,12347,-0.0391327,-0.0001603,-0.999234,1
0,0,0,0,0,5567,1007,6574,14372,20946,-0.0565385,-0.0482475,-0.997234,1
0,0,0,0,0,2242,411,2653,3421,6074,-0.000175381,-0.0236912,-0.999719,1
0,0,0,0,0,5692,909,6601,7359,13960,0.0961604,-0.0386718,-0.994614,1
0,0,0,0,0,4996,1002,5998,3874,9872,0.176002,-0.0462135,-0.983304,1
0,0,0,0,0,5364,1026,6390,3505,9895,-0.027338,-0.0635188,-0.997606,1
0,0,0,0,0,4059,759,4818,2041,6859,-0.041977,-0.0989906,-0.994203,1
0,0,0,0,0,6322,1154,7476,2532,10008,-0.0469879,-0.107884,-0.993052,1
0,0,0,0,0,6379,1033,7412,1753,9165,-0.0752793,-0.0974103,-0.992393,1
0,0,0,0,0,6183,1133,7316,2176,9492,-0.0481387,-0.0547054,-0.997341,1
0,0,0,0,0,5947,1127,7074,2311,9385,-0.0455802,-0.0984973,-0.994093,1
0,0,0,0,0,4158,785,4943,1523,6466,-0.0270861,-0.083816,-0.996113,1
0,0,0,0,0,6276,1210,7486,2326,9812,-0.0244824,-0.0823926,-0.996299,1
0,0,0,0,0,5860,1151,7011,2181,9192,-0.0477602,-0.0869376,-0.995068,1
0,0,0,0,0,5757,1183,6940,2354,9294,-0.0814642,-0.0647138,-0.994573,1
0,0,0,0,0,5945,1092,7037,2820,9857,-0.0819186,-0.0658858,-0.994459,1
0,0,0,0,0,6479,1293,7772,3185,10957,-0.0724698,-0.0424147,-0.996468,1
0,0,0,0,0,6623,1229,7852,3441,11293,-0.0798757,-0.141223,-0.98675,1
0,0,0,0,0,5817,1284,7101,3231,10332,-0.0677164,-0.0522747,-0.996334,1
0,0,0,0,0,6297,1260,7557,4054,11611,-0.0301237,-0.0186798,-0.999372,1
0,0,0,0,0,5562,1095,6657,4854,11511,-0.0172026,-0.212371,-0.977038,1
0,0,0,0,0,5428,1102,6530,6289,12819,0.0306503,-0.00766297,-0.999501,1
0,0,0,0,0,3897,774,4671,4193,8864,0.0244962,0.0752771,-0.996862,1
0,0,0,0,0,5650,1175,6825,9125,15950,0.0307979,0.187781,-0.981728,1
0,0,0,0,0,3626,742,4368,7363,11731,0.0344024,-0.0835706,-0.995908,1
0,0,0,0,0,4229,863,5092,7868,12960,0.033305,0.0654397,-0.997301,1
0,0,0,0,0,5127,1072,6199,8764,14963,0.0127583,0.194556,-0.980808,1
0,0,0,0,0,5164,1009,6173,6069,12242,0.0994725,0.0300061,-0.994588,1
0,0,0,0,0,2806,552,3358,6113,9471,-0.0267564,0.0376941,-0.998931,1
0,0,0,0,0,5204,1011,6215,10979,17194,-0.0230591,0.197799,-0.979971,1
0,0,0,0,0,2860,574,3434,6272,9706,0.0432031,0.229909,-0.972253,1
0,0,0,0,0,5314,1047,6361,6789,13150,0.00552856,0.157278,-0.987539,1
0,0,0,0,0,5218,1054,6272,6078,12350,0.0328468,0.195653,-0.980123,1
0,0,0,0,0,5266,967,6233,3520,9753,0.014063,0.229529,-0.9732,1
0,0,0,0,0,5628,985,6613,4322,10935,0.0322925,0.202599,-0.978729,1
0,0,0,0,0,6376,1064,7440,3520,10960,0.0133296,0.168384,-0.985631,1
0,0,0,0,0,5483,997,6480,3598,10078,-0.0325859,0.0558057,-0.99791,1
0,0,0,0,0,3922,670,4592,1658,6250,-0.022629,0.0794453,-0.996582,1
0,0,0,0,0,6007,1006,7013,2733,9746,0.00315816,0.160473,-0.987035,1
0,0,0,0,0,6265,1092,7357,1957,9314,0.0111878,0.230684,-0.972964,1
0,0,0,0,0,3152,578,3730,1726,5456,0.0355228,0.266767,-0.963106,1
0,0,0,0,0,6233,1154,7387,2720,10107,0.0468802,0.387212,-0.920798,1
0,0,0,0,0,7282,1091,8373,3233,11606,0.011414,0.459884,-0.887906,1
0,0,0,0,0,6444,1124,7568,3634,11202,-0.0205597,0.52585,-0.850329,1
0,0,0,0,0,3877,572,4449,2849,7298,-0.0461832,0.599859,-0.798772,1
0,0,0,0,0,5472,973,6445,4393,10838,-0.0932732,0.660774,-0.744767,1
0,0,0,0,0,6889,1168,8057,7215,15272,-0.0867441,0.63985,-0.763589,1
0,0,0,0,0,6357,1101,7458,7890,15348,-0.0589496,0.538912,-0.840297,1
0,0,0,0,0,7292,1293,8585,6951,15536,-0.0538672,0.393604,-0.9177,1
0,0,0,0,0,3010,580,3590,6982,10572,-0.0353243,0.418482,-0.907538,1
0,0,0,0,0,3508,645,4153,7469,11622,-0.156012,0.148879,-0.976471,1
0,0,0,0,0,6532,1120,7652,12191,19843,0.0496884,-0.104019,-0.993333,1
0,0,0,0,0,3527,644,4171,7014,11185,0.04804,-0.119345,-0.99169,1
0,0,0,0,0,3288,576,3864,5242,9106,0.0915935,-0.0699552,-0.993336,1
0,0,0,0,0,6146,1187,7333,7756,15089,0.0170209,-0.137077,-0.990414,1
0,0,0,0,0,4291,786,5077,6184,11261,0.00769601,-0.0182412,-0.999804,1
0,0,0,0,0,5299,1047,6346,5821,12167,-0.0053638,-0.035617,-0.999351,1
0,0,0,0,0,5154,993,6147,6725,12872,-0.153072,0.168523,-0.97374,1
0,0,0,0,0,5046,952,5998,5540,11538,-0.0260928,-0.0368636,-0.99898,1
0,0,0,0,0,5625,1062,6687,7348,14035,-0.0259999,0.111828,-0.993387,1
0,0,0,0,0,5340,1097,6437,8363,14800,-0.0422507,0.0175764,-0.998952,1
0,0,0,0,0,3701,726,4427,4320,8747,-0.0619598,0.104157,-0.992629,1
0,0,0,0,0,5841,1108,6949,9038,15987,-0.0574395,0.156836,-0.985953,1
0,0,0,0,0,3976,722,4698,11020,15718,-0.0539266,-0.545796,-0.836181,1
0,0,0,0,0,5075,904,5979,6692,12671,-0.0806007,-0.0590202,-0.994998,1
0,0,0,0,0,6115,1055,7170,3772,10942,-0.0366145,0.0399031,-0.998532,1
0,0,0,0,0,5543,965,6508,12744,19252,0.361932,-0.468498,-0.805925,1
0,0,0,0,0,2328,403,2731,4059,6790,0.322852,-0.42544,-0.845439,1
0,0,0,0,0,5501,986,6487,7232,13719,0.291249,-0.313622,-0.903778,1
0,0,0,0,0,5858,1033,6891,4860,11751,-0.0493481,-0.0175744,-0.998627,1
0,0,0,0,0,6269,1102,7371,3998,11369,-0.0711255,-0.0492608,-0.99625,1
0,0,0,0,0,6348,1237,7585,2479,10064,-0.0543596,-0.0491106,-0.997313,1
0,0,0,0,0,4544,842,5386,1733,7119,-0.0379147,-0.0816051,-0.995943,1
0,0,0,0,0,6004,1106,7110,2213,9323,-0.0417691,-0.0956443,-0.994539,1
0,0,0,0,0,6665,1241,7906,2488,10394,-0.057288,-0.0511118,-0.997048,1
0,0,0,0,0,4532,911,5443,1801,7244,-0.0625456,-0.0972967,-0.993288,1
0,0,0,0,0,6244,1127,7371,2423,9794,-0.0705619,-0.131028,-0.988864,1
0,0,0,0,0,6296,1233,7529,2594,10123,-0.0939853,-0.160905,-0.982485,1
0,0,0,0,0,6119,1341,7460,2959,10419,-0.066456,-0.12273,-0.990213,1
0,0,0,0,0,4256,769,5025,2206,7231,-0.0814719,-0.115177,-0.989998,1
0,0,0,0,0,6560,1234,7794,4377,12171,-0.0808677,-0.0740329,-0.993972,1
0,0,0,0,0,6500,1323,7823,3192,11015,-0.0796054,-0.105187,-0.991261,1
0,0,0,0,0,3921,678,4599,2340,6939,-0.0825579,-0.202291,-0.975839,1
0,0,0,0,0,4207,845,5052,2813,7865,-0.0103703,-0.152464,-0.988255,1
0,0,0,0,0,5710,1274,6984,5217,12201,-0.0198216,-0.0549602,-0.998292,1
0,0,0,0,0,5390,1136,6526,4792,11318,-0.0338306,0.0379846,-0.998705,1
0,0,0,0,0,5569,1109,6678,7184,13862,0.0357692,0.0234646,-0.999085,1
0,0,0,0,0,2621,488,3109,3194,6303,-0.0501405,-0.0474328,-0.997615,1
0,0,0,0,0,1765,355,2120,4294,6414,-0.0759692,-0.0154141,-0.996991,1
0,0,0,0,0,4332,864,5196,10327,15523,-0.203202,0.244731,-0.948059,1
0,0,0,0,0,5122,1053,6175,17968,24143,-0.147177,0.131975,-0.980266,1
0,0,0,0,0,2260,455,2715,9363,12078,-0.198279,-0.0265158,-0.979787,1
0,0,0,0,0,2531,479,3010,7329,10339,-0.239676,0.142872,-0.960283,1
0,0,0,0,0,5339,1007,6346,20671,27017,-0.0261519,0.585595,-0.810182,1
0,0,0,0,0,1915,401,2316,11487,13803,0.0876175,0.121056,-0.988771,1
0,0,0,0,0,1791,337,2128,6235,8363,0.0755493,-0.0454485,-0.996106,1
0,0,0,0,0,4063,753,4816,7177,11993,0.0912941,-0.0602938,-0.993997,1
0,0,0,0,0,5608,1186,6794,9571,16365,0.111127,0.0557534,-0.992241,1
0,0,0,0,0,6055,1124,7179,12151,19330,0.208964,0.52505,-0.825019,1
0,0,0,0,0,4384,564,4948,5575,10523,0.118998,0.211394,-0.97013,1
0,0,0,0,0,1815,299,2114,1920,4034,0.0788052,0.216116,-0.973182,1
0,0,0,0,0,2094,363,2457,1857,4314,0.0853851,0.233856,-0.968515,1
0,0,0,0,0,7733,998,8731,6257,14988,0.102481,0.15772,-0.982152,1
0,0,0,0,0,5855,948,6803,3870,10673,0.112191,0.0374674,-0.99298,1
0,0,0,0,0,4329,911,5240,3451,8691,0.118859,0.0910552,-0.988727,1
0,0,0,0,0,6314,1095,7409,5389,12798,0.123896,0.218409,-0.96796,1
0,0,0,0,0,6205,1110,7315,3436,10751,0.127433,0.350126,-0.927994,1
0,0,0,0,0,3219,547,3766,1470,5236,0.108411,0.422793,-0.899718,1
0,0,0,0,0,6668,995,7663,3053,10716,0.0608149,0.547804,-0.834393,1
0,0,0,0,0,5844,1012,6856,3465,10321,0.0567363,0.616468,-0.785333,1
0,0,0,0,0,6015,989,7004,7218,14222,-0.0539867,0.0534131,-0.997112,1
0,0,0,0,0,4953,1017,5970,12195,18165,0.0105553,0.427543,-0.903933,1
0,0,0,0,0,2853,509,3362,5098,8460,0.0127205,0.529281,-0.848351,1
0,0,0,0,0,7373,1315,8688,10583,19271,0.0516824,0.471244,-0.880487,1
0,0,0,0,0,6919,923,7842,8758,16600,0.103887,0.635219,-0.765313,1
0,0,0,0,0,1885,340,2225,4646,6871,0.0778396,0.0628139,-0.994985,1
0,0,0,0,0,2119,331,2450,4271,6721,0.0463182,-0.156567,-0.986581,1
0,0,0,0,0,4728,912,5640,9510,15150,0.167025,0.12915,-0.977457,1
0,0,0,0,0,6837,1218,8055,11033,19088,0.0764734,-0.122607,-0.989505,1
0,0,0,0,0,3563,624,4187,6835,11022,0.0500933,-0.0188854,-0.998566,1
0,0,0,0,0,5393,1005,6398,9497,15895,0.068551,-0.0274318,-0.99727,1
0,0,0,0,0,3868,711,4579,5516,10095,-0.0485011,-0.16534,-0.985043,1
0,0,0,0,0,6447,1147,7594,9491,17085,-0.0701027,-0.00430902,-0.99753,1
0,0,0,0,0,5676,837,6513,4429,10942,-0.103168,-0.0517445,-0.993317,1
0,0,0,0,0,6165,1141,7306,5397,12703,-0.0741413,0.024192,-0.996954,1
0,0,0,0,0,3130,571,3701,2108,5809,-0.0601198,0.128436,-0.989894,1
0,0,0,0,0,5944,1072,7016,3532,10548,-0.0440314,0.112451,-0.992681,1
0,0,0,0,0,5904,1023,6927,3685,10612,-0.0089907,0.119892,-0.992746,1
0,0,0,0,0,5757,955,6712,5910,12622,-0.0760152,-0.602353,-0.794602,1
0,0,0,0,0,4268,658,4926,2584,7510,-0.0750111,-0.564076,-0.822308,1
0,0,0,0,0,2365,417,2782,2099,4881,-0.0466911,-0.559893,-0.827248,1
0,0,0,0,0,4818,876,5694,4308,10002,-0.0601041,-0.158824,-0.985476,1
0,0,0,0,0,5515,1105,6620,2874,9494,-0.0581454,-0.0718307,-0.995721,1
0,0,0,0,0,5656,975,6631,8047,14678,-0.072552,-0.0773665,-0.994359,1
0,0,0,0,0,3906,782,4688,2530,7218,-0.0592757,-0.0945615,-0.993753,1
0,0,0,0,0,6015,1031,7046,3010,10056,-0.072872,-0.0685656,-0.994982,1
0,0,0,0,0,5952,1145,7097,3116,10213,-0.0353517,-0.092898,-0.995048,1
0,0,0,0,0,6181,1214,7395,2435,9830,-0.0532959,-0.0944591,-0.994101,1
0,0,0,0,0,5704,1127,6831,2414,9245,-0.0340392,-0.133534,-0.99046,1
0,0,0,0,0,5754,1087,6841,2213,9054,-0.0226158,-0.14303,-0.98946,1
0,0,0,0,0,5752,1182,6934,2173,9107,-0.0589242,-0.123279,-0.990621,1
0,0,0,0,0,4042,786,4828,1581,6409,-0.0634568,-0.132972,-0.989086,1
0,0,0,0,0,6298,1272,7570,2545,10115,-0.0414391,-0.102757,-0.993843,1
0,0,0,0,0,6638,1245,7883,4076,11959,-0.0589521,-0.117976,-0.991265,1
0,0,0,0,0,5071,922,5993,1982,7975,-0.0431572,-0.100765,-0.993974,1
0,0,0,0,0,4453,831,5284,2602,7886,-0.051817,-0.0946065,-0.994165,1
0,0,0,0,0,3708,675,4383,2255,6638,-0.0522025,-0.0615635,-0.996737,1
0,0,0,0,0,1507,291,1798,965,2763,-0.0432851,-0.116159,-0.992287,1
0,0,0,0,0,6127,1245,7372,5826,13198,-0.0337205,-0.0464356,-0.998352,1
0,0,0,0,0,7749,1286,9035,6583,15618,-0.0520328,0.0338126,-0.998073,1
0,0,0,0,0,5551,1090,6641,7345,13986,-0.0622956,0.262403,-0.962945,1
0,0,0,0,0,2332,455,2787,4832,7619,-0.145362,0.0626586,-0.987392,1
0,0,0,0,0,5290,1195,6485,13838,20323,-0.0482222,0.094842,-0.994324,1
0,0,0,0,0,2255,456,2711,7964,10675,-0.0650441,-0.014298,-0.99778,1
0,0,0,0,0,3052,595,3647,14807,18454,0.168573,0.271331,-0.947609,1
0,0,0,0,0,2466,514,2980,6884,9864,0.119674,0.101516,-0.98761,1
0,0,0,0,0,5488,1092,6580,11953,18533,0.117196,0.12199,-0.985588,1
0,0,0,0,0,5546,1114,6660,10961,17621,0.0852601,0.148179,-0.985279,1
0,0,0,0,0,3688,547,4235,3747,7982,0.129688,0.159358,-0.978666,1
0,0,0,0,0,2039,379,2418,3930,6348,0.00181101,0.0672452,-0.997735,1
0,0,0,0,0,2591,457,3048,5750,8798,0.0137073,0.202808,-0.979123,1
0,0,0,0,0,6073,1183,7256,6257,13513,-0.0217953,0.247513,-0.968639,1
0,0,0,0,0,3816,702,4518,2382,6900,0.0224909,0.199924,-0.979553,1
0,0,0,0,0,6167,1151,7318,3621,10939,0.0483513,0.17065,-0.984145,1
0,0,0,0,0,6091,1202,7293,2686,9979,0.0355096,0.173822,-0.984137,1
0,0,0,0,0,3107,606,3713,2785,6498,0.112605,0.147335,-0.982656,1
0,0,0,0,0,6448,1084,7532,5547,13079,0.15078,-0.021251,-0.988339,1
0,0,0,0,0,5957,1173,7130,9122,16252,0.223206,0.056401,-0.973138,1
0,0,0,0,0,3133,591,3724,3628,7352,0.1388,-0.116447,-0.98345,1
0,0,0,0,0,1846,354,2200,2669,4869,0.0475332,-0.158037,-0.986288,1
0,0,0,0,0,5862,1502,7364,12985,20349,0.0229047,0.0884833,-0.995814,1
0,0,0,0,0,3848,729,4577,6628,11205,0.0582209,0.223327,-0.973003,1
0,0,0,0,0,6035,1051,7086,8164,15250,0.0384736,0.273791,-0.961019,1
0,0,0,0,0,3925,736,4661,6822,11483,-0.0158293,0.346741,-0.937827,1
0,0,0,0,0,6962,1066,8028,11902,19930,-0.0355406,0.391998,-0.919279,1
0,0,0,0,0,3308,593,3901,6113,10014,-0.0316409,0.267493,-0.96304,1
0,0,0,0,0,3831,732,4563,6262,10825,-0.0287827,0.199032,-0.97957,1
0,0,0,0,0,6316,1162,7478,11018,18496,0.0992814,-0.0135404,-0.994967,1
0,0,0,0,0,2815,531,3346,2682,6028,0.101622,-0.0963296,-0.990148,1
0,0,0,0,0,6859,1111,7970,8874,16844,0.0832189,0.0412395,-0.995678,1
0,0,0,0,0,6825,1201,8026,8822,16848,-0.0217021,0.110911,-0.993593,1
0,0,0,0,0,4301,621,4922,3227,8149,-0.00724901,0.106539,-0.994282,1
0,0,0,0,0,2269,412,2681,1844,4525,-0.0350927,-0.103612,-0.993999,1
0,0,0,0,0,2310,417,2727,2972,5699,0.00522638,-0.0334145,-0.999428,1
0,0,0,0,0,5906,1106,7012,6330,13342,-0.0429807,0.0671946,-0.996814,1
0,0,0,0,0,5368,1101,6469,6327,12796,0.0112212,0.0133949,-0.999847,1
0,0,0,0,0,5288,940,6228,5130,11358,-0.0168055,0.109953,-0.993795,1
0,0,0,0,0,5888,1197,7085,4905,11990,-0.0201949,0.0869699,-0.996006,1
0,0,0,0,0,4051,725,4776,3578,8354,-0.0354805,0.0801627,-0.99615,1
0,0,0,0,0,5163,886,6049,8328,14377,-0.0604764,0.148293,-0.987093,1
0,0,0,0,0,3601,586,4187,7314,11501,-0.053917,-0.663532,-0.746203,1
0,0,0,0,0,5003,722,5725,3286,9011,-0.0643805,-0.636521,-0.768567,1
0,0,0,0,0,5544,1104,6648,3558,10206,-0.0421951,-0.593852,-0.803467,1
0,0,0,0,0,5454,879,6333,2831,9164,-0.0219218,-0.531526,-0.846758,1
0,0,0,0,0,5365,978,6343,3585,9928,-0.0207121,-0.195814,-0.980422,1
0,0,0,0,0,5495,916,6411,2227,8638,-0.0433621,-0.0874345,-0.995226,1
0,0,0,0,0,2360,432,2792,1762,4554,-0.110396,-0.0107415,-0.99383,1
0,0,0,0,0,5203,1019,6222,3326,9548,-0.120746,0.1348,-0.983488,1
0,0,0,0,0,6395,1053,7448,4566,12014,-0.123461,0.194856,-0.973031,1
0,0,0,0,0,5716,1059,6775,3393,10168,-0.105284,0.300867,-0.947837,1
0,0,0,0,0,3900,762,4662,2841,7503,-0.0793294,0.365622,-0.927377,1
0,0,0,0,0,5720,995,6715,3775,10490,-0.011313,0.45174,-0.892078,1
0,0,0,0,0,5473,1019,6492,4135,10627,-0.0336562,0.47047,-0.881774,1
0,0,0,0,0,4514,748,5262,3347,8609,-0.0166026,-0.0365355,-0.999194,1
0,0,0,0,0,6566,1245,7811,2645,10456,-0.0610595,-0.0989716,-0.993215,1
0,0,0,0,0,5657,1107,6764,2654,9418,-0.0847849,-0.187063,-0.978682,1
0,0,0,0,0,6338,1305,7643,2924,10567,-0.0858324,-0.185726,-0.978846,1
0,0,0,0,0,6315,1198,7513,3235,10748,-0.0355085,-0.077148,-0.996387,1
0,0,0,0,0,6365,1282,7647,2480,10127,-0.0530565,-0.140272,-0.98869,1
0,0,0,0,0,4296,848,5144,2779,7923,-0.0372391,-0.220161,-0.974752,1
0,0,0,0,0,4290,1126,5416,2588,8004,-0.0395975,-0.100221,-0.994177,1
0,0,0,0,0,5528,1199,6727,3977,10704,-0.0214376,-0.144965,-0.989205,1
0,0,0,0,0,5448,1144,6592,4295,10887,-0.0349079,-0.0591007,-0.997641,1
0,0,0,0,0,6090,1224,7314,5196,12510,0.0127178,-0.090292,-0.995834,1
0,0,0,0,0,5257,1084,6341,6692,13033,-0.0183689,-0.0249417,-0.99952,1
0,0,0,0,0,3648,732,4380,4891,9271,-0.0479556,0.0188345,-0.998672,1
0,0,0,0,0,4971,996,5967,9177,15144,-0.00388169,-0.0313711,-0.9995,1
0,0,0,0,0,2676,549,3225,6100,9325,-0.0504986,-0.210681,-0.97625,1
0,0,0,0,0,4047,808,4855,13984,18839,0.0810569,-0.0225911,-0.996453,1
0,0,0,0,0,3000,610,3610,9944,13554,0.0501073,-0.0751632,-0.995912,1
0,0,0,0,0,5007,933,5940,10400,16340,0.0495997,0.0613819,-0.996881,1
0,0,0,0,0,5758,1471,7229,13460,20689,0.0837216,0.107087,-0.990718,1
0,0,0,0,0,3191,503,3694,6805,10499,0.0684437,-0.0118156,-0.997585,1
0,0,0,0,0,1895,358,2253,2856,5109,0.16392,0.0243896,-0.986172,1
0,0,0,0,0,1806,340,2146,3360,5506,0.137567,0.100404,-0.985391,1
0,0,0,0,0,5036,1318,6354,8496,14850,0.149357,0.269948,-0.951221,1
0,0,0,0,0,5078,926,6004,7093,13097,0.0791637,0.172627,-0.981801,1
0,0,0,0,0,2810,517,3327,2896,6223,0.0745114,0.130627,-0.988628,1
0,0,0,0,0,5391,1062,6453,4181,10634,0.00304978,0.216387,-0.976303,1
0,0,0,0,0,5604,970,6574,4142,10716,0.0184282,0.184514,-0.982657,1
0,0,0,0,0,4178,689,4867,2317,7184,-4.5412e-05,0.0938367,-0.995588,1
0,0,0,0,0,4891,988,5879,3474,9353,0.00904321,0.199304,-0.979896,1
0,0,0,0,0,6547,1165,7712,3851,11563,0.0233283,0.374331,-0.927002,1
0,0,0,0,0,6381,1090,7471,3092,10563,0.0191272,0.432876,-0.901251,1
0,0,0,0,0,5495,953,6448,3361,9809,0.0171329,0.425425,-0.904832,1
0,0,0,0,0,6769,1206,7975,6291,14266,0.0280764,0.446548,-0.894319,1
0,0,0,0,0,4864,861,5725,5392,11117,0.0114966,0.411014,-0.911556,1
0,0,0,0,0,4833,850,5683,7667,13350,0.0121256,0.301535,-0.953378,1
0,0,0,0,0,5190,1098,6288,12220,18508,0.0263088,0.30669,-0.951446,1
0,0,0,0,0,5808,1058,6866,8789,15655,0.168308,0.0126898,-0.985653,1
0,0,0,0,0,3987,739,4726,7001,11727,0.00790065,-0.122428,-0.992446,1
0,0,0,0,0,5235,1087,6322,10046,16368,0.0447215,0.0336188,-0.998434,1
0,0,0,0,0,5543,1001,6544,9568,16112,0.0490167,-0.0765764,-0.995858,1
0,0,0,0,0,3947,732,4679,6613,11292,0.0138502,-0.323103,-0.946262,1
0,0,0,0,0,5669,1152,6821,7705,14526,0.0298496,-0.241504,-0.969941,1
0,0,0,0,0,3931,723,4654,6060,10714,0.128683,0.00011972,-0.991686,1
0,0,0,0,0,3873,755,4628,4886,9514,0.055869,-0.0144862,-0.998333,1
0,0,0,0,0,3929,740,4669,4522,9191,0.0194543,0.0147658,-0.999702,1
0,0,0,0,0,5376,1050,6426,7290,13716,0.0785663,0.00538432,-0.996894,1
0,0,0,0,0,5347,1025,6372,6896,13268,0.0185402,0.015947,-0.999701,1
0,0,0,0,0,3815,691,4506,4289,8795,0.0392464,0.109493,-0.993212,1
0,0,0,0,0,3703,682,4385,5193,9578,0.0232882,0.10256,-0.994454,1
0,0,0,0,0,4586,856,5442,6086,11528,-0.00618829,0.170604,-0.98532,1
0,0,0,0,0,5653,1072,6725,6695,13420,0.0721609,0.115037,-0.990737,1
0,0,0,0,0,5028,720,5748,3858,9606,0.0211343,0.0237097,-0.999495,1
0,0,0,0,0,2306,443,2749,2143,4892,0.0353515,0.0278896,-0.998986,1
0,0,0,0,0,5376,992,6368,4494,10862,0.014567,0.0416761,-0.999025,1
0,0,0,0,0,5573,1049,6622,3424,10046,0.00712195,0.0374575,-0.999273,1
0,0,0,0,0,4907,910,5817,3277,9094,0.0125436,0.0678635,-0.997616,1
0,0,0,0,0,5005,873,5878,4102,9980,-0.00760473,0.0355572,-0.999339,1
0,0,0,0,0,5422,881,6303,4692,10995,-0.000919012,0.102491,-0.994734,1
0,0,0,0,0,4865,852,5717,14417,20134,0.194858,-0.289917,-0.937005,1
0,0,0,0,0,5483,1004,6487,3828,10315,0.00447957,-0.00444368,-0.99998,1
0,0,0,0,0,5215,983,6198,3620,9818,4.39789e-05,0.0346104,-0.999401,1
0,0,0,0,0,2138,392,2530,6333,8863,0.138386,-0.248928,-0.958584,1
0,0,0,0,0,1699,319,2018,2091,4109,-0.0281571,-0.0663856,-0.997397,1
0,0,0,0,0,5294,833,6127,22778,28905,0.285846,-0.0454301,-0.957198,1
0,0,0,0,0,1731,351,2082,2314,4396,0.303802,-0.120444,-0.945091,1
0,0,0,0,0,4743,874,5617,4662,10279,0.302308,-0.126122,-0.94483,1
0,0,0,0,0,5381,1033,6414,4107,10521,0.302906,-0.0698488,-0.950457,1
0,0,0,0,0,5473,1029,6502,4557,11059,0.104796,-0.0393134,-0.993716,1
0,0,0,0,0,5728,1093,6821,2979,9800,0.158147,-0.0204359,-0.987204,1
0,0,0,0,0,4009,718,4727,2260,6987,0.143901,-0.0403481,-0.988769,1
0,0,0,0,0,5891,1094,6985,3550,10535,0.136856,-0.0547615,-0.989076,1
0,0,0,0,0,5317,973,6290,2800,9090,0.0232868,-0.0486738,-0.998543,1
0,0,0,0,0,5594,995,6589,2268,8857,-0.0355835,-0.0434652,-0.998421,1
0,0,0,0,0,5691,1111,6802,2179,8981,-0.0387756,-0.0651246,-0.997123,1
0,0,0,0,0,5746,1105,6851,2136,8987,-0.046104,-0.0660594,-0.99675,1
0,0,0,0,0,5258,996,6254,2244,8498,-0.0468409,-0.0313321,-0.998411,1
0,0,0,0,0,5388,967,6355,2060,8415,-0.0631826,-0.0426917,-0.997088,1
0,0,0,0,0,6860,1149,8009,2553,10562,-0.0633928,-0.0834568,-0.994493,1
0,0,0,0,0,3261,613,3874,1368,5242,-0.0587122,-0.114704,-0.991663,1
0,0,0,0,0,5032,991,6023,2107,8130,-0.0338479,-0.112554,-0.993069,1
0,0,0,0,0,4982,944,5926,2325,8251,-0.0280642,-0.122091,-0.992122,1
0,0,0,0,0,6506,1331,7837,3618,11455,-0.0297093,-0.0743404,-0.99679,1
0,0,0,0,0,4313,873,5186,3529,8715,-0.0394216,-0.069907,-0.996774,1
0,0,0,0,0,3249,685,3934,1931,5865,-0.0636882,0.0530374,-0.99656,1
0,0,0,0,0,6620,1180,7800,4052,11852,-0.0419205,-0.0925462,-0.994826,1
0,0,0,0,0,6373,1202,7575,4016,11591,-0.0364054,-0.13668,-0.989946,1
0,0,0,0,0,5320,1090,6410,3765,10175,-0.0442237,0.0589992,-0.997278,1
0,0,0,0,0,5924,1149,7073,5093,12166,-0.0280912,0.0412297,-0.998755,1
0,0,0,0,0,6545,1226,7771,5485,13256,-0.0411319,0.0357256,-0.998515,1
0,0,0,0,0,2831,540,3371,3200,6571,-0.0308182,-0.00594895,-0.999507,1
0,0,0,0,0,5992,1232,7224,8237,15461,-0.0210866,0.0699298,-0.997329,1
0,0,0,0,0,3652,730,4382,6089,10471,-0.044879,-0.0327049,-0.998457,1
0,0,0,0,0,5201,1001,6202,8038,14240,-0.0369251,0.0554113,-0.997781,1
0,0,0,0,0,5002,956,5958,10978,16936,-0.0173974,-0.0351829,-0.999229,1
0,0,0,0,0,2742,530,3272,4752,8024,-0.0613772,-0.263247,-0.962774,1
0,0,0,0,0,6091,1142,7233,12050,19283,-0.0215486,-0.0939183,-0.995347,1
0,0,0,0,0,3542,683,4225,8877,13102,-0.0323693,0.0669386,-0.997232,1
0,0,0,0,0,2799,536,3335,6444,9779,0.00505969,-0.188536,-0.982053,1
0,0,0,0,0,4971,953,5924,11239,17163,0.0187722,-0.171747,-0.984962,1
0,0,0,0,0,2582,470,3052,6476,9528,0.114414,0.00516656,-0.99342,1
0,0,0,0,0,5587,1005,6592,14058,20650,0.226171,0.0596703,-0.972258,1
0,0,0,0,0,2703,503,3206,6178,9384,0.303223,0.233943,-0.923757,1
0,0,0,0,0,4217,775,4992,10541,15533,0.116299,0.132029,-0.9844,1
0,0,0,0,0,3093,556,3649,5957,9606,0.062619,0.064618,-0.995943,1
0,0,0,0,0,5105,928,6033,4199,10232,0.0860448,0.213844,-0.973071,1
0,0,0,0,0,5157,912,6069,6206,12275,0.0714008,0.198603,-0.977476,1
0,0,0,0,0,5427,905,6332,3396,9728,0.117911,0.239107,-0.963808,1
0,0,0,0,0,5530,991,6521,4350,10871,0.0449556,0.213651,-0.975875,1
0,0,0,0,0,6163,1054,7217,4295,11512,0.0774076,0.317435,-0.945115,1
0,0,0,0,0,6123,1093,7216,4213,11429,0.0572795,0.385649,-0.920866,1
0,0,0,0,0,5538,984,6522,3325,9847,0.0263734,0.397723,-0.917126,1
0,0,0,0,0,3932,665,4597,1978,6575,0.0171653,0.450055,-0.892836,1
0,0,0,0,0,5313,915,6228,2783,9011,-0.000973672,0.503102,-0.864227,1
0,0,0,0,0,5448,958,6406,2532,8938,-0.0100429,0.555769,-0.831276,1
0,0,0,0,0,5238,951,6189,2500,8689,-0.00359669,0.596529,-0.802583,1
0,0,0,0,0,5161,984,6145,2417,8562,0.00909937,0.642643,-0.766111,1
0,0,0,0,0,5807,1075,6882,7049,13931,0.0380676,0.0392912,-0.998502,1
0,0,0,0,0,4167,841,5008,11861,16869,0.239977,-0.130198,-0.962008,1
0,0,0,0,0,3442,686,4128,6078,10206,0.218625,0.062307,-0.973818,1
0,0,0,0,0,4105,825,4930,8580,13510,0.113719,0.300319,-0.947036,1
0,0,0,0,0,7659,1279,8938,7540,16478,-0.0316683,0.35619,-0.933877,1
0,0,0,0,0,3290,494,3784,4877,8661,0.0349199,0.0515515,-0.99806,1
0,0,0,0,0,1984,348,2332,3397,5729,0.0360907,-0.0346923,-0.998746,1
0,0,0,0,0,2682,479,3161,4476,7637,-0.00433398,0.144661,-0.989472,1
0,0,0,0,0,7167,1173,8340,9956,18296,0.0188229,-0.0377705,-0.999109,1
0,0,0,0,0,4233,789,5022,3161,8183,0.0037666,-0.00374249,-0.999986,1
0,0,0,0,0,3705,655,4360,3918,8278,0.0563715,-0.0274133,-0.998033,1
0,0,0,0,0,6032,1002,7034,9008,16042,0.0649854,-0.0354821,-0.997255,1
0,0,0,0,0,4098,752,4850,4477,9327,0.0331385,0.195461,-0.980151,1
0,0,0,0,0,4032,675,4707,3596,8303,0.0433419,0.0744282,-0.996284,1
0,0,0,0,0,6507,1099,7606,6471,14077,0.0366856,0.14001,-0.98947,1
0,0,0,0,0,6253,1215,7468,3842,11310,0.0203853,0.0468383,-0.998694,1
0,0,0,0,0,3241,551,3792,2618,6410,0.0154029,0.0834508,-0.996393,1
0,0,0,0,0,5176,904,6080,3929,10009,-0.0139235,0.12865,-0.991592,1
0,0,0,0,0,5409,899,6308,4853,11161,-0.0265372,0.0851141,-0.996018,1
0,0,0,0,0,5999,953,6952,3245,10197,-0.0549537,0.169715,-0.98396,1
0,0,0,0,0,3686,605,4291,9718,14009,-0.188947,-0.072699,-0.979293,1
0,0,0,0,0,3715,682,4397,2759,7156,-0.0163412,0.00822577,-0.999833,1
0,0,0,0,0,3791,611,4402,12990,17392,0.0770448,-0.318082,-0.944928,1
0,0,0,0,0,2741,485,3226,1920,5146,-0.0308394,-0.0383973,-0.998787,1
0,0,0,0,0,5831,1029,6860,8924,15784,0.127163,-0.352785,-0.927024,1
0,0,0,0,0,3573,666,4239,2457,6696,0.224202,-0.420628,-0.879094,1
0,0,0,0,0,5939,1023,6962,4667,11629,0.242271,-0.362257,-0.900041,1
0,0,0,0,0,5270,985,6255,4896,11151,0.304559,0.0316491,-0.951967,1
0,0,0,0,0,5491,1052,6543,3229,9772,0.0470845,0.0596535,-0.997108,1
0,0,0,0,0,5623,1092,6715,2204,8919,0.0182095,0.0651243,-0.997711,1
0,0,0,0,0,4025,773,4798,1966,6764,0.019702,-0.0298939,-0.999359,1
0,0,0,0,0,5759,1104,6863,2544,9407,-0.010015,-0.0029632,-0.999945,1
0,0,0,0,0,4112,807,4919,1483,6402,-0.0191475,-0.0282364,-0.999418,1
0,0,0,0,0,6580,1283,7863,2501,10364,-0.00576094,0.00826159,-0.999949,1
0,0,0,0,0,6602,1249,7851,2772,10623,-0.042753,-0.0871359,-0.995279,1
0,0,0,0,0,4491,825,5316,1845,7161,-0.0199254,0.00650097,-0.99978,1
0,0,0,0,0,7873,1245,9118,3022,12140,0.00549013,0.0286654,-0.999574,1
0,0,0,0,0,6577,1256,7833,3096,10929,-0.00819399,-0.00829298,-0.999932,1
0,0,0,0,0,4511,849,5360,2008,7368,-0.0439853,-0.0592405,-0.997274,1
0,0,0,0,0,6357,1235,7592,3886,11478,0.0101231,0.00385951,-0.999941,1
0,0,0,0,0,6132,1148,7280,3842,11122,-0.0303476,0.0351247,-0.998922,1
0,0,0,0,0,3971,784,4755,4161,8916,-0.0232888,0.0674085,-0.997454,1
0,0,0,0,0,3970,793,4763,3972,8735,-0.0295698,0.0453244,-0.998535,1
0,0,0,0,0,6609,1188,7797,7618,15415,-0.0242472,0.216138,-0.976062,1
0,0,0,0,0,3793,782,4575,5374,9949,-0.032513,0.173345,-0.984324,1
0,0,0,0,0,2888,566,3454,5827,9281,0.03682,0.248071,-0.968042,1
0,0,0,0,0,5952,1077,7029,13040,20069,-0.0234848,0.485365,-0.873996,1
0,0,0,0,0,3888,747,4635,10152,14787,0.0431158,0.330575,-0.942794,1
0,0,0,0,0,2994,567,3561,5775,9336,-0.0784978,0.00709473,-0.996889,1
0,0,0,0,0,5638,1021,6659,11803,18462,-0.0704655,0.0518612,-0.996165,1
0,0,0,0,0,2938,559,3497,5320,8817,-0.0718677,0.208459,-0.975387,1
0,0,0,0,0,5082,984,6066,8865,14931,-0.0712468,0.173061,-0.982331,1
0,0,0,0,0,5945,1080,7025,11236,18261,-0.0312035,0.267256,-0.96312,1
0,0,0,0,0,2796,520,3316,4501,7817,-0.100681,0.416501,-0.903543,1
0,0,0,0,0,5186,978,6164,8214,14378,-0.0397777,0.179863,-0.982887,1
0,0,0,0,0,5032,1015,6047,7716,13763,-0.0195085,0.0899881,-0.995752,1
0,0,0,0,0,3321,628,3949,6319,10268,-0.0318777,0.090709,-0.995367,1
0,0,0,0,0,5761,1071,6832,10067,16899,-0.0649382,0.0588574,-0.996152,1
0,0,0,0,0,3942,699,4641,6398,11039,-0.0743747,0.0582256,-0.995529,1
0,0,0,0,0,5007,969,5976,6514,12490,-0.100186,0.028347,-0.994565,1
0,0,0,0,0,5079,881,5960,7019,12979,-0.0835103,-0.00664293,-0.996485,1
0,0,0,0,0,4941,887,5828,5789,11617,-0.0830247,0.0192346,-0.996362,1
0,0,0,0,0,5894,965,6859,5494,12353,-0.0736573,0.0700778,-0.994818,1
0,0,0,0,0,5511,1047,6558,7407,13965,-0.0677893,0.177944,-0.981703,1
0,0,0,0,0,5169,909,6078,4708,10786,-0.00889835,0.236875,-0.971499,1
0,0,0,0,0,3445,661,4106,3459,7565,0.0497951,0.212065,-0.975986,1
0,0,0,0,0,4733,999,5732,4483,10215,0.105804,0.267044,-0.957859,1
0,0,0,0,0,4687,959,5646,3113,8759,0.072159,0.13428,-0.988313,1
0,0,0,0,0,4707,884,5591,2576,8167,0.0660103,0.128444,-0.989517,1
0,0,0,0,0,5990,1068,7058,2409,9467,0.0633101,0.150319,-0.986608,1
0,0,0,0,0,5146,973,6119,3937,10056,0.0574772,0.151498,-0.986785,1
0,0,0,0,0,6462,995,7457,2630,10087,0.0294239,0.118516,-0.992516,1
0,0,0,0,0,4941,880,5821,2216,8037,0.0199323,0.0966979,-0.995114,1
0,0,0,0,0,5650,936,6586,2199,8785,-0.00210891,0.0884818,-0.996076,1
0,0,0,0,0,4811,913,5724,2634,8358,-0.0013452,0.0720765,-0.997398,1
0,0,0,0,0,5037,1023,6060,1948,8008,-0.00275697,0.0711868,-0.997459,1
0,0,0,0,0,4971,907,5878,2917,8795,-0.0100164,0.0724656,-0.997321,1
0,0,0,0,0,2752,459,3211,1044,4255,0.00342033,0.0731255,-0.997317,1
0,0,0,0,0,5538,910,6448,1960,8408,-0.00786914,0.0561735,-0.99839,1
0,0,0,0,0,5258,907,6165,1978,8143,-0.0099657,0.0774435,-0.996947,1
0,0,0,0,0,5687,983,6670,2131,8801,0.0056766,0.0811781,-0.996683,1
0,0,0,0,0,5093,970,6063,2116,8179,0.00221773,0.0557389,-0.998443,1
0,0,0,0,0,5506,991,6497,2124,8621,-0.00507602,0.0624432,-0.998036,1
0,0,0,0,0,5232,950,6182,2274,8456,0.00887762,0.0725087,-0.997328,1
0,0,0,0,0,5351,947,6298,2297,8595,0.00759964,0.061206,-0.998096,1
0,0,0,0,0,6071,1015,7086,2189,9275,-0.00200174,0.0515946,-0.998666,1
0,0,0,0,0,5219,891,6110,1862,7972,-0.00480893,0.0499714,-0.998739,1
0,0,0,0,0,5661,900,6561,1909,8470,0.000136938,0.0460814,-0.998938,1
0,0,0,0,0,4704,805,5509,1955,7464,0.00463181,0.0548323,-0.998485,1
0,0,0,0,0,5739,948,6687,2073,8760,0.00673069,0.0490806,-0.998772,1
0,0,0,0,0,5218,973,6191,2906,9097,0.0019273,0.0729439,-0.997334,1
0,0,0,0,0,5526,1014,6540,2301,8841,-0.011376,0.0537355,-0.99849,1
0,0,0,0,0,5992,942,6934,2094,9028,-0.00758747,0.0573262,-0.998327,1
0,0,0,0,0,4955,882,5837,1968,7805,-0.0164997,0.0527962,-0.998469,1
0,0,0,0,0,5182,883,6065,1880,7945,-0.0126083,0.0475547,-0.998789,1
0,0,0,0,0,4845,903,5748,1848,7596,-0.00822502,0.0589998,-0.998224,1
0,0,0,0,0,5561,852,6413,1858,8271,0.00701493,0.0578586,-0.9983,1
0,0,0,0,0,4756,852,5608,2046,7654,-0.0116055,0.0600332,-0.998129,1
0,0,0,0,0,5561,840,6401,1927,8328,-0.0195854,0.0552773,-0.998279,1
0,0,0,0,0,4829,890,5719,1965,7684,-0.0139498,0.0523004,-0.998534,1
0,0,0,0,0,5039,843,5882,1857,7739,-0.0136391,0.0501925,-0.998646,1
0,0,0,0,0,4914,909,5823,1885,7708,-0.0132098,0.0616765,-0.998009,1
0,0,0,0,0,4959,843,5802,1971,7773,-0.0172184,0.0469787,-0.998747,1
0,0,0,0,0,4854,846,5700,2073,7773,-0.0124599,0.0385592,-0.999179,1
0,0,0,0,0,4893,836,5729,1864,7593,-0.00861692,0.0318797,-0.999455,1
0,0,0,0,0,5055,835,5890,2007,7897,-0.00965279,0.0437665,-0.998995,1
0,0,0,0,0,4691,803,5494,1885,7379,-0.0148524,0.0395502,-0.999107,1
0,0,0,0,0,4804,844,5648,2084,7732,-0.00774982,0.0537402,-0.998525,1
0,0,0,0,0,5284,976,6260,2066,8326,0.00860208,0.0479711,-0.998812,1
0,0,0,0,0,5282,944,6226,2211,8437,-0.0155362,0.0307982,-0.999405,1
0,0,0,0,0,4739,864,5603,1899,7502,-0.0153489,0.0233642,-0.999609,1
0,0,0,0,0,5428,943,6371,2479,8850,-0.00529567,0.0299403,-0.999538,1
0,0,0,0,0,5836,968,6804,1987,8791,-0.00683902,0.0270612,-0.99961,1
0,0,0,0,0,4686,811,5497,2071,7568,-0.00236894,0.0275241,-0.999618,1
0,0,0,0,0,5423,977,6400,2348,8748,-0.0210356,0.0492489,-0.998565,1
0,0,0,0,0,5246,931,6177,2441,8618,-0.0300733,0.0369419,-0.998865,1
0,0,0,0,0,5567,892,6459,2122,8581,-0.0281695,0.0377869,-0.998889,1
0,0,0,0,0,5828,884,6712,1503,8215,-0.0224511,0.033899,-0.999173,1
0,0,0,0,0,3356,595,3951,1323,5274,-0.0194204,0.0431359,-0.99888,1
0,0,0,0,0,5244,944,6188,2022,8210,-0.0130621,0.0304807,-0.99945,1
0,0,0,0,0,5258,968,6226,2219,8445,-0.0192795,0.0358669,-0.999171,1
0,0,0,0,0,5254,994,6248,2102,8350,-0.0125748,0.0351233,-0.999304,1
0,0,0,0,0,5269,971,6240,2214,8454,-0.00826302,0.0418517,-0.99909,1
0,0,0,0,0,5218,931,6149,2144,8293,-0.00983938,0.056262,-0.998368,1
0,0,0,0,0,5281,939,6220,2166,8386,-0.00913237,0.0438558,-0.998996,1
0,0,0,0,0,5228,1013,6241,2117,8358,-0.014665,0.0444762,-0.998903,1
0,0,0,0,0,5316,829,6145,1988,8133,-0.0187701,0.0403734,-0.999008,1
0,0,0,0,0,4854,849,5703,1877,7580,-0.0214559,0.0217601,-0.999533,1
0,0,0,0,0,4700,829,5529,1969,7498,-0.0195386,0.0425967,-0.998901,1
0,0,0,0,0,4829,841,5670,1827,7497,-0.0080007,0.0415968,-0.999102,1
0,0,0,0,0,5263,985,6248,2081,8329,0.00287394,0.0430178,-0.99907,1
0,0,0,0,0,5420,1007,6427,2190,8617,-0.00481371,0.0565744,-0.998387,1
0,0,0,0,0,4916,889,5805,2034,7839,-0.00639765,0.0552376,-0.998453,1
0,0,0,0,0,4881,891,5772,2066,7838,-0.0193289,0.0534474,-0.998384,1
0,0,0,0,0,5520,963,6483,2151,8634,-0.0101041,0.0503256,-0.998682,1
0,0,0,0,0,4800,835,5635,1919,7554,-0.00283987,0.0485002,-0.998819,1
0,0,0,0,0,5208,1087,6295,2160,8455,-0.0102361,0.0448459,-0.998941,1
0,0,0,0,0,6021,985,7006,2236,9242,0.00541341,0.0453222,-0.998958,1
0,0,0,0,0,5225,1003,6228,2596,8824,0.00245815,0.0330744,-0.99945,1
0,0,0,0,0,5278,948,6226,2435,8661,-0.00681221,0.0358571,-0.999334,1
0,0,0,0,0,3633,639,4272,1527,5799,0.00731139,0.0355512,-0.999341,1
0,0,0,0,0,5685,936,6621,2406,9027,-0.011591,0.0371871,-0.999241,1
0,0,0,0,0,6236,928,7164,2116,9280,-0.0117447,0.0484667,-0.998756,1
0,0,0,0,0,5243,962,6205,2152,8357,-0.0170499,0.0326838,-0.99932,1
0,0,0,0,0,5239,957,6196,2103,8299,-0.0077352,0.0409174,-0.999133,1
0,0,0,0,0,5294,931,6225,2487,8712,-0.00861883,0.0466196,-0.998876,1
0,0,0,0,0,5311,942,6253,2152,8405,0.00459366,0.0424196,-0.999089,1
0,0,0,0,0,5457,949,6406,3301,9707,-0.0198652,0.0376112,-0.999095,1
0,0,0,0,0,3731,663,4394,1452,5846,0.00164597,0.0438897,-0.999035,1
0,0,0,0,0,3700,649,4349,1566,5915,-0.0057445,0.0292675,-0.999555,1
0,0,0,0,0,5568,946,6514,2127,8641,-0.00807797,0.0349999,-0.999355,1
0,0,0,0,0,5244,1008,6252,2182,8434,0.000928456,0.036051,-0.99935,1
0,0,0,0,0,5341,977,6318,2145,8463,-0.019525,0.0401037,-0.999005,1
0,0,0,0,0,4869,1043,5912,2058,7970,-0.0143625,0.0325322,-0.999367,1
0,0,0,0,0,5106,816,5922,1842,7764,-0.0087898,0.0231795,-0.999693,2
0,0,0,0,0,5373,931,6304,2214,8518,-0.0126858,0.0229858,-0.999655,2
0,0,0,0,0,4794,703,5497,1464,6961,-0.00531264,0.0225257,-0.999732,2
0,0,0,0,0,1144,282,1426,562,1988,-0.0060178,0.0441949,-0.999005,2
0,0,0,0,0,1195,222,1417,469,1886,-0.0018888,0.0502468,-0.998735,2
0,0,0,0,0,2997,537,3534,1307,4841,0.0163088,0.0583355,-0.998164,2
0,0,0,0,0,5380,863,6243,2083,8326,0.0160789,0.0475093,-0.998741,2
0,0,0,0,0,4704,929,5633,2401,8034,0.0209835,0.0508894,-0.998484,2
0,0,0,0,0,5461,912,6373,2537,8910,0.0163214,0.0435935,-0.998916,2
0,0,0,0,0,4915,914,5829,2954,8783,0.0270875,0.0530884,-0.998222,2
0,0,0,0,0,5243,1173,6416,2103,8519,0.023107,0.0504901,-0.998457,2
0,0,0,0,0,6250,1244,7494,2212,9706,0.0109013,0.0757099,-0.99707,2
0,0,0,0,0,3321,486,3807,1034,4841,0.00842295,0.0702926,-0.997491,2
0,0,0,0,0,2492,430,2922,1108,4030,0.0069712,0.0666264,-0.997754,2
0,0,0,0,0,4851,836,5687,2152,7839,0.0101263,0.0619515,-0.998028,2
0,0,0,0,0,5335,930,6265,2335,8600,0.0195861,0.060924,-0.99795,2
0,0,0,0,0,5230,929,6159,2157,8316,0.0113391,0.0477928,-0.998793,2
0,0,0,0,0,5387,966,6353,2417,8770,0.00219222,0.0511135,-0.99869,2
0,0,0,0,0,5063,896,5959,2252,8211,0.0106201,0.0520992,-0.998585,2
0,0,0,0,0,4988,902,5890,2020,7910,0.0124426,0.0515044,-0.998595,2
0,0,0,0,0,4745,864,5609,1922,7531,0.00778645,0.0439217,-0.999005,2
0,0,0,0,0,5380,1008,6388,2255,8643,0.010633,0.0430008,-0.999018,2
0,0,0,0,0,4738,886,5624,1998,7622,-0.0210878,0.0441571,-0.998802,2
0,0,0,0,0,4958,865,5823,1911,7734,-0.0241919,0.0436022,-0.998756,2
0,0,0,0,0,5332,987,6319,2189,8508,-0.023035,0.0501582,-0.998476,2
0,0,0,0,0,5307,981,6288,2262,8550,-0.0271701,0.0352305,-0.99901,2
0,0,0,0,0,5369,948,6317,2149,8466,-0.0209505,0.0294145,-0.999348,2
0,0,0,0,0,5319,918,6237,2223,8460,-0.0156573,0.0238354,-0.999593,2
0,0,0,0,0,5123,844,5967,2010,7977,-0.0136213,0.0254605,-0.999583,2
0,0,0,0,0,4733,869,5602,2073,7675,-0.010783,0.0384573,-0.999202,2
0,0,0,0,0,4828,821,5649,1890,7539,-0.00665659,0.0407612,-0.999147,2
0,0,0,0,0,5251,973,6224,2096,8320,-0.0151325,0.0440542,-0.998915,2
0,0,0,0,0,4841,854,5695,1861,7556,-0.00656872,0.0499591,-0.99873,2
0,0,0,0,0,4883,832,5715,1883,7598,0.0020297,0.0532197,-0.998581,2
0,0,0,0,0,5434,968,6402,2300,8702,0.0064037,0.0498956,-0.998734,2
0,0,0,0,0,5255,994,6249,1856,8105,-0.0110527,0.0391778,-0.999171,2
0,0,0,0,0,2994,481,3475,977,4452,-0.00948798,0.0311723,-0.999469,2
0,0,0,0,0,3956,696,4652,1592,6244,-0.00294327,0.0329603,-0.999452,2
0,0,0,0,0,4744,839,5583,2020,7603,-0.0052185,0.0308478,-0.99951,2
0,0,0,0,0,4938,898,5836,2168,8004,-0.0043491,0.0323143,-0.999468,2
0,0,0,0,0,5574,923,6497,2276,8773,0.0090216,0.0325115,-0.999431,2
0,0,0,0,0,4855,904,5759,2693,8452,0.0208827,0.04473,-0.998781,2
0,0,0,0,0,5644,951,6595,2338,8933,0.0254186,0.054646,-0.998182,2
0,0,0,0,0,5245,853,6098,1403,7501,0.0256928,0.047128,-0.998558,2
0,0,0,0,0,3171,550,3721,1308,5029,0.0380339,0.0525774,-0.997892,2
0,0,0,0,0,5740,940,6680,2138,8818,0.0465032,0.037351,-0.99822,2
0,0,0,0,0,5375,992,6367,2254,8621,0.0552131,0.0379123,-0.997755,2
0,0,0,0,0,5619,1023,6642,2609,9251,0.0154082,0.0476347,-0.998746,2
0,0,0,0,0,3687,630,4317,1482,5799,0.0174281,0.0479751,-0.998696,2
0,0,0,0,0,5409,881,6290,2021,8311,0.0247797,0.0516361,-0.998358,2
0,0,0,0,0,5914,965,6879,2406,9285,0.0471608,0.0417521,-0.998014,2
0,0,0,0,0,5664,971,6635,2320,8955,0.0258721,0.0431395,-0.998734,2
0,0,0,0,0,5294,953,6247,1951,8198,0.0328563,0.03271,-0.998925,2
0,0,0,0,0,5275,1007,6282,2120,8402,0.0361189,0.0244106,-0.999049,2
0,0,0,0,0,5489,928,6417,2625,9042,0.0486838,0.018502,-0.998643,2
0,0,0,0,0,4959,885,5844,2363,8207,0.0339559,0.0267198,-0.999066,2
0,0,0,0,0,5104,886,5990,2383,8373,0.0428759,0.0259485,-0.998743,2
0,0,0,0,0,5213,862,6075,2130,8205,0.055847,0.0238138,-0.998155,2
0,0,0,0,0,5408,895,6303,2510,8813,0.0786841,0.0305687,-0.996431,2
0,0,0,0,0,4874,954,5828,2363,8191,0.0681969,0.043724,-0.996713,2
0,0,0,0,0,5258,1050,6308,2126,8434,0.0305112,0.0276719,-0.999151,2
0,0,0,0,0,5459,926,6385,2399,8784,0.00863031,0.0158816,-0.999837,2
0,0,0,0,0,5468,950,6418,3730,10148,-0.00275253,0.0119176,-0.999925,2
0,0,0,0,0,3676,663,4339,1961,6300,-0.0184785,0.0305675,-0.999362,2
0,0,0,0,0,4743,812,5555,2594,8149,-0.032679,0.0152002,-0.99935,2
0,0,0,0,0,5033,878,5911,2008,7919,-0.0290213,0.00971237,-0.999532,2
0,0,0,0,0,5386,822,6208,2178,8386,-0.0378038,0.008687,-0.999247,2
0,0,0,0,0,5007,980,5987,2109,8096,-0.0299981,0.0156607,-0.999427,2
0,0,0,0,0,5434,975,6409,2315,8724,-0.0357536,0.0100961,-0.99931,2
0,0,0,0,0,5290,935,6225,2767,8992,-0.0338427,0.00634864,-0.999407,2
0,0,0,0,0,5518,915,6433,1981,8414,-0.0362448,0.0104524,-0.999288,2
0,0,0,0,0,3684,655,4339,1590,5929,-0.0260243,0.0190123,-0.99948,2
0,0,0,0,0,5268,851,6119,2052,8171,-0.0364632,0.0112952,-0.999271,2
0,0,0,0,0,5584,866,6450,2013,8463,-0.0237808,0.0130042,-0.999633,2
0,0,0,0,0,4819,814,5633,2168,7801,-0.0396956,0.0187792,-0.999035,2
0,0,0,0,0,5933,962,6895,2349,9244,-0.0534277,0.00484615,-0.99856,2
0,0,0,0,0,5203,960,6163,2167,8330,-0.0472448,0.0275788,-0.998503,2
0,0,0,0,0,6265,1020,7285,2068,9353,-0.045319,0.0473627,-0.997849,2
0,0,0,0,0,4826,830,5656,1999,7655,-0.0527951,0.0467379,-0.997511,2
0,0,0,0,0,5666,886,6552,2220,8772,-0.0548412,0.0361639,-0.99784,2
0,0,0,0,0,4939,918,5857,2170,8027,-0.0426879,0.0243971,-0.998791,2
0,0,0,0,0,4876,841,5717,1968,7685,-0.04615,0.0196692,-0.998741,2
0,0,0,0,0,4834,873,5707,1632,7339,-0.0439348,0.0258708,-0.998699,2
0,0,0,0,0,2685,482,3167,1083,4250,-0.0544148,0.0222584,-0.99827,2
0,0,0,0,0,5268,876,6144,1906,8050,-0.056862,0.0252774,-0.998062,2
0,0,0,0,0,5329,1053,6382,1902,8284,-0.0534219,0.0157062,-0.998449,2
0,0,0,0,0,5500,981,6481,2213,8694,-0.0651791,0.0126165,-0.997794,2
0,0,0,0,0,5068,958,6026,2174,8200,-0.074154,0.014279,-0.997145,2
0,0,0,0,0,5462,962,6424,2199,8623,-0.0580729,0.0210868,-0.99809,2
0,0,0,0,0,4809,928,5737,2027,7764,-0.0657677,0.0265712,-0.997481,2
0,0,0,0,0,5481,978,6459,2032,8491,-0.040866,0.0383448,-0.998429,2
0,0,0,0,0,5513,927,6440,2432,8872,-0.0360246,0.0432751,-0.998413,2
0,0,0,0,0,6000,988,6988,2372,9360,-0.0245118,0.0454778,-0.998665,2
0,0,0,0,0,5701,920,6621,1887,8508,-0.0321866,0.0399506,-0.998683,2
0,0,0,0,0,4851,913,5764,2020,7784,-0.0318176,0.0414409,-0.998634,2
0,0,0,0,0,5186,831,6017,1896,7913,-0.0264888,0.0498305,-0.998406,2
0,0,0,0,0,6290,1023,7313,2114,9427,-0.0223137,0.0417505,-0.998879,2
0,0,0,0,0,5041,922,5963,2041,8004,-0.0171675,0.0340136,-0.999274,2
0,0,0,0,0,4815,875,5690,1882,7572,-0.010907,0.0144929,-0.999835,2
0,0,0,0,0,4812,932,5744,2351,8095,-0.01295,0.0128563,-0.999833,2
0,0,0,0,0,5497,914,6411,2583,8994,-0.0247099,0.0164701,-0.999559,2
0,0,0,0,0,5307,945,6252,3799,10051,-0.0231099,0.0145994,-0.999626,2
0,0,0,0,0,3459,596,4055,1610,5665,-0.0098071,0.0257669,-0.99962,2
0,0,0,0,0,4808,869,5677,2389,8066,-0.00897098,0.0328155,-0.999421,2
0,0,0,0,0,5392,950,6342,2094,8436,-0.00405938,0.0329351,-0.999449,2
0,0,0,0,0,6099,1044,7143,2032,9175,0.00476968,0.0366497,-0.999317,2
0,0,0,0,0,5392,970,6362,2795,9157,0.0207119,0.0287288,-0.999373,2
0,0,0,0,0,6372,972,7344,2511,9855,0.0332966,0.0329365,-0.998903,2
0,0,0,0,0,5157,924,6081,2503,8584,0.0142601,0.0304712,-0.999434,2
0,0,0,0,0,3488,684,4172,1560,5732,-0.000660644,0.044418,-0.999013,2
0,0,0,0,0,5335,912,6247,2114,8361,0.000619213,0.0425802,-0.999093,2
0,0,0,0,0,5541,992,6533,2364,8897,-0.0339348,0.0576134,-0.997762,2
0,0,0,0,0,6227,980,7207,1893,9100,-0.033864,0.0415488,-0.998562,2
0,0,0,0,0,3452,644,4096,1526,5622,-0.0647129,0.0328803,-0.997362,2
0,0,0,0,0,4536,879,5415,1848,7263,-0.0630109,0.0151623,-0.997898,2
0,0,0,0,0,4467,844,5311,1839,7150,-0.0530056,0.0244276,-0.998295,2
0,0,0,0,0,5564,1021,6585,2455,9040,-0.0403151,0.03549,-0.998557,2
0,0,0,0,0,5018,869,5887,2019,7906,-0.0676484,0.0151447,-0.997594,2
0,0,0,0,0,5100,848,5948,2283,8231,-0.0714343,0.0223108,-0.997196,2
0,0,0,0,0,5726,892,6618,2013,8631,-0.028325,0.029708,-0.999157,2
0,0,0,0,0,5241,872,6113,1945,8058,-0.0333078,0.0287282,-0.999032,2
0,0,0,0,0,5447,994,6441,2398,8839,-0.0336164,0.0281587,-0.999038,2
0,0,0,0,0,5409,977,6386,2277,8663,-0.0363526,0.0271326,-0.998971,2
0,0,0,0,0,5642,923,6565,2017,8582,-0.0220125,0.0348224,-0.999151,2
0,0,0,0,0,4855,835,5690,1844,7534,-0.0253646,0.0286462,-0.999268,2
0,0,0,0,0,4936,856,5792,1855,7647,-0.0402945,0.0207348,-0.998973,2
0,0,0,0,0,5038,863,5901,2035,7936,-0.0459546,0.0144463,-0.998839,2
0,0,0,0,0,4989,890,5879,2016,7895,-0.0377926,0.019377,-0.999098,2
0,0,0,0,0,4861,941,5802,1978,7780,-0.00901685,0.015418,-0.99984,2
0,0,0,0,0,4979,894,5873,2711,8584,-0.000879875,0.00346597,-0.999994,2
0,0,0,0,0,2809,480,3289,1483,4772,0.0011971,0.0113222,-0.999935,2
0,0,0,0,0,4776,822,5598,2471,8069,0.0103149,-0.0149399,-0.999835,2
0,0,0,0,0,5367,1019,6386,2897,9283,0.00855564,0.0109024,-0.999904,2
0,0,0,0,0,4938,863,5801,2753,8554,-0.000336265,0.0238319,-0.999716,2
0,0,0,0,0,4853,871,5724,2217,7941,0.0123224,0.0230336,-0.999659,2
0,0,0,0,0,5715,990,6705,2091,8796,0.0115117,0.0322771,-0.999413,2
0,0,0,0,0,4897,937,5834,1988,7822,0.00282936,0.0406792,-0.999168,2
0,0,0,0,0,4944,861,5805,2050,7855,0.0113523,0.0390298,-0.999174,2
0,0,0,0,0,4841,857,5698,1958,7656,0.00291042,0.0250658,-0.999682,2
0,0,0,0,0,5160,859,6019,2138,8157,0.00215172,0.0184899,-0.999827,2
0,0,0,0,0,4821,891,5712,2694,8406,-0.00584133,0.0288429,-0.999567,2
0,0,0,0,0,5098,874,5972,2006,7978,0.00972579,0.0314561,-0.999458,2
0,0,0,0,0,5687,901,6588,2134,8722,0.013691,0.0387534,-0.999155,2
0,0,0,0,0,4849,870,5719,2033,7752,-0.00953918,0.0373645,-0.999256,2
0,0,0,0,0,5630,824,6454,2160,8614,-0.00629473,0.0454845,-0.998945,2
0,0,0,0,0,4804,824,5628,2076,7704,-0.00877819,0.045922,-0.998906,2
0,0,0,0,0,5644,1011,6655,2178,8833,-0.00732453,0.0327298,-0.999437,2
0,0,0,0,0,4936,889,5825,2924,8749,-0.0199025,0.0341784,-0.999218,2
0,0,0,0,0,3905,602,4507,1316,5823,-0.0125217,0.0287438,-0.999508,2
0,0,0,0,0,5367,991,6358,2135,8493,-0.0121807,0.0265385,-0.999574,2
0,0,0,0,0,4903,835,5738,2055,7793,-0.0217748,0.0383275,-0.999028,2
0,0,0,0,0,5412,952,6364,2135,8499,-0.0321052,0.039592,-0.9987,2
0,0,0,0,0,5121,882,6003,1782,7785,-0.0413295,0.021558,-0.998913,2
0,0,0,0,0,5114,952,6066,1924,7990,-0.0442697,0.0158555,-0.998894,2
0,0,0,0,0,5356,897,6253,2050,8303,-0.0780748,0.0158895,-0.996821,2
0,0,0,0,0,5494,1035,6529,2462,8991,-0.053697,0.0218978,-0.998317,2
0,0,0,0,0,4889,854,5743,2028,7771,-0.0585661,0.0269607,-0.997919,2
0,0,0,0,0,4943,860,5803,2017,7820,-0.0119778,0.0324991,-0.9994,2
0,0,0,0,0,5543,941,6484,2176,8660,-0.0341458,0.0386439,-0.998669,2
0,0,0,0,0,4874,852,5726,1970,7696,-0.0260619,0.0324463,-0.999134,2
0,0,0,0,0,5348,943,6291,2254,8545,-0.0209345,0.0288736,-0.999364,2
0,0,0,0,0,5307,910,6217,1883,8100,-0.00393912,0.00921769,-0.99995,2
0,0,0,0,0,5622,991,6613,2698,9311,0.0347074,0.00914742,-0.999356,2
0,0,0,0,0,5629,1024,6653,3009,9662,0.0279214,0.0149167,-0.999499,2
0,0,0,0,0,5503,979,6482,2556,9038,0.0444167,0.0238445,-0.998728,2
0,0,0,0,0,4908,883,5791,2224,8015,0.0448849,0.0321961,-0.998473,2
0,0,0,0,0,5500,1034,6534,2355,8889,0.0132104,0.0247973,-0.999605,2
0,0,0,0,0,4804,907,5711,2146,7857,-0.00474349,0.0398632,-0.999194,2
0,0,0,0,0,5409,988,6397,2158,8555,-0.00505971,0.0312453,-0.999499,2
0,0,0,0,0,5359,1044,6403,2237,8640,-5.38804e-05,0.0340717,-0.999419,2
0,0,0,0,0,5521,1017,6538,2040,8578,-0.00620306,0.0373613,-0.999283,2
0,0,0,0,0,6246,991,7237,2297,9534,-0.00257174,0.0400871,-0.999193,2
0,0,0,0,0,5343,954,6297,2359,8656,-0.0158995,0.0485673,-0.998693,2
0,0,0,0,0,5897,1205,7102,2261,9363,-0.0268165,0.0457214,-0.998594,2
0,0,0,0,0,5504,977,6481,2194,8675,-0.0244407,0.0408397,-0.998867,2
0,0,0,0,0,5636,1110,6746,2349,9095,-0.0228138,0.0492123,-0.998528,2
0,0,0,0,0,5591,988,6579,2326,8905,-0.0209554,0.0469533,-0.998677,2
0,0,0,0,0,6283,1000,7283,2287,9570,-0.0236928,0.0430991,-0.99879,2
0,0,0,0,0,5527,922,6449,2200,8649,-0.0304007,0.0538164,-0.998088,2
0,0,0,0,0,5575,993,6568,1588,8156,-0.0328975,0.0569366,-0.997836,2
0,0,0,0,0,3486,614,4100,1427,5527,-0.0282804,0.0613033,-0.997718,2
0,0,0,0,0,5583,972,6555,2426,8981,-0.035834,0.0699856,-0.996904,2
0,0,0,0,0,5575,1025,6600,2524,9124,-0.0158805,0.0400512,-0.999071,2
0,0,0,0,0,5552,1178,6730,2125,8855,-0.010389,0.0162697,-0.999814,2
0,0,0,0,0,5467,1035,6502,2310,8812,-0.0128908,0.014298,-0.999815,2
0,0,0,0,0,5583,930,6513,2473,8986,-0.0291228,0.00461107,-0.999565,2
0,0,0,0,0,5622,933,6555,2440,8995,-0.0122603,0.0308623,-0.999448,2
0,0,0,0,0,5806,943,6749,2202,8951,-0.0184018,0.0324282,-0.999305,2
0,0,0,0,0,5309,917,6226,2240,8466,-0.0341547,0.0296927,-0.998975,2
0,0,0,0,0,5595,936,6531,2323,8854,-0.0330706,0.0312214,-0.998965,2
0,0,0,0,0,5009,841,5850,1878,7728,-0.03793,0.022991,-0.999016,2
0,0,0,0,0,5700,873,6573,1980,8553,-0.0366772,0.031274,-0.998838,2
0,0,0,0,0,5472,969,6441,2303,8744,-0.0217892,0.0452875,-0.998736,2
0,0,0,0,0,5599,969,6568,2235,8803,-0.0232022,0.0269743,-0.999367,2
0,0,0,0,0,5549,1034,6583,2382,8965,-0.0369017,0.0230564,-0.999053,2
0,0,0,0,0,3968,667,4635,1587,6222,-0.0216868,0.0293582,-0.999334,2
0,0,0,0,0,5413,928,6341,2081,8422,-0.00372468,0.0180959,-0.999829,2
0,0,0,0,0,5375,940,6315,2233,8548,-0.00229863,0.0277408,-0.999613,2
0,0,0,0,0,5572,987,6559,2460,9019,-0.00242465,0.0355379,-0.999365,2
0,0,0,0,0,5588,1000,6588,2138,8726,0.0118941,0.0475175,-0.9988,2
0,0,0,0,0,5490,1023,6513,2338,8851,0.016361,0.0898149,-0.995824,2
0,0,0,0,0,5542,1009,6551,2581,9132,-0.000136667,0.124225,-0.992254,2
0,0,0,0,0,2384,416,2800,974,3774,-0.0161231,0.0926349,-0.99557,2
0,0,0,0,0,2532,454,2986,1090,4076,-0.0390796,0.087719,-0.995378,2
0,0,0,0,0,5777,1016,6793,2605,9398,-0.0554242,0.167256,-0.984354,2
0,0,0,0,0,5867,1031,6898,2865,9763,-0.049868,0.218362,-0.974593,2
0,0,0,0,0,5951,1018,6969,2799,9768,-0.0756314,0.276851,-0.957932,2
0,0,0,0,0,5228,979,6207,3253,9460,-0.0628019,0.282009,-0.957354,2
0,0,0,0,0,6141,1052,7193,5328,12521,-0.0503308,0.292184,-0.955037,2
0,0,0,0,0,6310,1086,7396,5838,13234,-0.050362,0.460793,-0.886078,2
0,0,0,0,0,5490,1103,6593,4955,11548,-0.0432098,0.519189,-0.853567,2
0,0,0,0,0,2759,451,3210,3545,6755,-0.0272572,0.367218,-0.929735,2
0,0,0,0,0,1842,336,2178,3284,5462,-0.080044,0.318579,-0.944511,2
0,0,0,0,0,6795,1202,7997,8523,16520,-0.00120014,0.211518,-0.977373,2
0,0,0,0,0,6012,1078,7090,8197,15287,0.0316808,-0.0200603,-0.999297,2
0,0,0,0,0,3433,637,4070,3949,8019,0.0820969,-0.0526721,-0.995232,2
0,0,0,0,0,6968,1296,8264,7047,15311,0.0319237,0.0666286,-0.997267,2
0,0,0,0,0,4777,834,5611,6283,11894,0.0948479,0.0920693,-0.991225,2
0,0,0,0,0,4708,829,5537,4656,10193,0.0470105,0.0446497,-0.997896,2
0,0,0,0,0,4919,862,5781,4694,10475,0.00859453,0.14402,-0.989538,2
0,0,0,0,0,4456,771,5227,4028,9255,0.0288605,0.104392,-0.994117,2
0,0,0,0,0,4334,762,5096,3327,8423,0.0205747,0.12789,-0.991575,2
0,0,0,0,0,5571,961,6532,3206,9738,-0.014322,0.0752127,-0.997065,2
0,0,0,0,0,5818,1085,6903,3729,10632,0.00466609,0.0004619,-0.999989,2
0,0,0,0,0,6029,1081,7110,3298,10408,-0.0556713,0.275252,-0.959759,2
0,0,0,0,0,3149,554,3703,2130,5833,-0.0295807,0.16887,-0.985194,2
0,0,0,0,0,5822,1029,6851,2955,9806,-0.0385542,0.181885,-0.982564,2
0,0,0,0,0,5793,971,6764,2807,9571,-0.0188341,0.167143,-0.985753,2
0,0,0,0,0,5962,1031,6993,2586,9579,-0.0167545,0.174032,-0.984598,2
0,0,0,0,0,5800,899,6699,3174,9873,0.0357246,0.113163,-0.992934,2
0,0,0,0,0,4996,829,5825,2920,8745,0.0167205,0.138554,-0.990214,2
0,0,0,0,0,6128,959,7087,7099,14186,0.0211274,0.201176,-0.979327,2
0,0,0,0,0,3858,660,4518,17179,21697,0.115257,-0.0773233,-0.990322,2
0,0,0,0,0,2100,362,2462,1062,3524,-0.00128178,0.0796862,-0.996819,2
0,0,0,0,0,5734,875,6609,13147,19756,-0.0196593,0.125967,-0.99184,2
0,0,0,0,0,2854,492,3346,5992,9338,-0.0560096,0.106142,-0.992772,2
0,0,0,0,0,5570,986,6556,8066,14622,-0.221467,-0.0263246,-0.974812,2
0,0,0,0,0,3709,753,4462,3700,8162,-0.0925045,-0.173976,-0.980395,2
0,0,0,0,0,5848,1061,6909,2873,9782,-0.0491782,0.109271,-0.992795,2
0,0,0,0,0,6504,1031,7535,2285,9820,-0.0427624,0.145822,-0.988386,2
0,0,0,0,0,4027,750,4777,1486,6263,-0.0443496,0.167956,-0.984796,2
0,0,0,0,0,5759,1100,6859,2153,9012,-0.0350288,0.143715,-0.988999,2
0,0,0,0,0,5981,1214,7195,1907,9102,-0.0388368,0.165984,-0.985363,2
0,0,0,0,0,5132,772,5904,1536,7440,-0.0199074,0.11383,-0.993301,2
0,0,0,0,0,4075,793,4868,1571,6439,-0.0357868,0.0926658,-0.995054,2
0,0,0,0,0,5941,1084,7025,2288,9313,-0.0230612,0.0186831,-0.999559,2
0,0,0,0,0,6226,1156,7382,2576,9958,-0.035791,0.0121138,-0.999286,2
0,0,0,0,0,5901,1085,6986,3523,10509,-0.0460816,-0.0131309,-0.998851,2
0,0,0,0,0,6043,1174,7217,2849,10066,-0.0425308,0.0965347,-0.994421,2
0,0,0,0,0,5760,1111,6871,2812,9683,-0.0639823,-0.00292837,-0.997947,2
0,0,0,0,0,6160,1250,7410,2786,10196,-0.0289664,0.112611,-0.993217,2
0,0,0,0,0,5676,1024,6700,3005,9705,-0.0315786,0.126807,-0.991425,2
0,0,0,0,0,6054,1107,7161,3536,10697,-0.0472434,0.18563,-0.981483,2
0,0,0,0,0,5918,1110,7028,4123,11151,-0.0631204,0.328339,-0.942449,2
0,0,0,0,0,5081,990,6071,4776,10847,-0.0537717,0.398098,-0.915765,2
0,0,0,0,0,3015,565,3580,1727,5307,-0.0609595,0.159588,-0.9853,2
0,0,0,0,0,2427,447,2874,1756,4630,-0.0551775,0.295358,-0.953792,2
0,0,0,0,0,5456,1034,6490,4410,10900,-0.06885,0.205672,-0.976196,2
0,0,0,0,0,5227,1007,6234,5464,11698,-0.0538204,0.344906,-0.937093,2
0,0,0,0,0,5472,1072,6544,5525,12069,-0.0401662,0.318393,-0.947108,2
0,0,0,0,0,5544,1066,6610,6422,13032,-0.0559303,0.308889,-0.949452,2
0,0,0,0,0,4922,901,5823,4556,10379,-0.0517202,0.224796,-0.973032,2
0,0,0,0,0,5354,1100,6454,5396,11850,-0.0148009,0.350544,-0.936429,2
0,0,0,0,0,3578,705,4283,3295,7578,-0.02813,0.279558,-0.959717,2
0,0,0,0,0,5192,1108,6300,4049,10349,-0.00597084,0.317605,-0.948204,2
0,0,0,0,0,4955,882,5837,3040,8877,-0.0246404,0.312721,-0.949525,2
0,0,0,0,0,4212,801,5013,2191,7204,-0.0406044,0.253969,-0.96636,2
0,0,0,0,0,4889,923,5812,2308,8120,-0.0543403,0.293943,-0.954277,2
0,0,0,0,0,5584,1051,6635,2756,9391,-0.0771813,0.361307,-0.929247,2
0,0,0,0,0,5818,1181,6999,2435,9434,-0.104384,0.385272,-0.91688,2
0,0,0,0,0,5882,1021,6903,3251,10154,-0.175349,0.484522,-0.857025,2
0,0,0,0,0,5286,907,6193,4535,10728,-0.178611,0.464667,-0.867285,2
0,0,0,0,0,5424,909,6333,5504,11837,-0.189406,0.487667,-0.852236,2
0,0,0,0,0,3874,703,4577,4077,8654,-0.161272,0.531949,-0.831277,2
0,0,0,0,0,6325,1100,7425,6490,13915,-0.136331,0.500007,-0.855223,2
0,0,0,0,0,6408,1142,7550,5479,13029,-0.0290286,0.231895,-0.972308,2
0,0,0,0,0,4368,806,5174,6582,11756,-0.0451897,0.144793,-0.988429,2
0,0,0,0,0,5516,998,6514,7542,14056,-0.0407113,0.125718,-0.99123,2
0,0,0,0,0,5659,1021,6680,6910,13590,-0.0781981,-0.0286795,-0.996525,2
0,0,0,0,0,3194,582,3776,3661,7437,-0.0473187,0.0411084,-0.998034,2
0,0,0,0,0,6603,1261,7864,6528,14392,-0.0487454,0.141504,-0.988737,2
0,0,0,0,0,4307,758,5065,5615,10680,-0.0452657,0.130535,-0.99041,2
0,0,0,0,0,6726,1215,7941,6268,14209,-0.124377,0.231656,-0.964814,2
0,0,0,0,0,4535,846,5381,4589,9970,-0.0780414,0.112781,-0.99055,2
0,0,0,0,0,7366,1225,8591,4521,13112,-0.0840724,0.190379,-0.978104,2
0,0,0,0,0,6222,1123,7345,4247,11592,-0.0925583,0.195311,-0.976364,2
0,0,0,0,0,5979,1059,7038,3908,10946,-0.00795125,0.0714072,-0.997416,2
0,0,0,0,0,5732,1024,6756,3680,10436,-0.0228655,0.18166,-0.983095,2
0,0,0,0,0,6124,1069,7193,3460,10653,-0.0481373,0.141257,-0.988802,2
0,0,0,0,0,6400,1165,7565,3008,10573,-0.0542592,0.189573,-0.980366,2
0,0,0,0,0,6128,1062,7190,4036,11226,-0.0739538,0.210736,-0.974742,2
0,0,0,0,0,5848,1035,6883,3396,10279,-0.0445896,0.19838,-0.97911,2
0,0,0,0,0,6613,1072,7685,2561,10246,-0.0506443,0.218487,-0.974525,2
0,0,0,0,0,4053,708,4761,2244,7005,-0.041059,0.136885,-0.989736,2
0,0,0,0,0,6257,1140,7397,2463,9860,-0.0367192,0.203837,-0.978316,2
0,0,0,0,0,5551,919,6470,4184,10654,-0.0145349,0.20044,-0.979598,2
0,0,0,0,0,6124,1077,7201,8377,15578,0.173121,-0.362719,-0.915677,2
0,0,0,0,0,4170,754,4924,2615,7539,-0.0224444,0.160812,-0.98673,2
0,0,0,0,0,5344,970,6314,16793,23107,-0.517617,-0.138004,-0.84441,2
0,0,0,0,0,5854,949,6803,10398,17201,-0.0216739,0.162463,-0.986477,2
0,0,0,0,0,3748,625,4373,10788,15161,-0.149547,0.0807587,-0.985451,2
0,0,0,0,0,1792,326,2118,1051,3169,-0.0395251,0.0431987,-0.998284,2
0,0,0,0,0,5220,990,6210,6669,12879,-0.0233473,0.0754237,-0.996878,2
0,0,0,0,0,4674,839,5513,13922,19435,-0.0260712,-0.292945,-0.955774,2
0,0,0,0,0,2723,475,3198,2158,5356,-0.00672965,0.0418679,-0.9991,2
0,0,0,0,0,5941,1115,7056,14644,21700,-0.0654006,0.0858968,-0.994155,2
0,0,0,0,0,2945,550,3495,3351,6846,-0.29629,-0.013604,-0.955001,2
0,0,0,0,0,5286,1016,6302,4470,10772,-0.333487,0.0056744,-0.942738,2
0,0,0,0,0,5495,1021,6516,4176,10692,-0.355052,0.0389512,-0.934035,2
0,0,0,0,0,3797,710,4507,3317,7824,-0.349551,0.079656,-0.933525,2
0,0,0,0,0,6243,1186,7429,5116,12545,-0.345781,0.144067,-0.927189,2
0,0,0,0,0,4241,808,5049,3496,8545,-0.373262,0.207723,-0.904172,2
0,0,0,0,0,3954,738,4692,4221,8913,-0.381708,0.231468,-0.894831,2
0,0,0,0,0,4908,993,5901,7381,13282,-0.393828,0.229325,-0.890118,2
0,0,0,0,0,3709,688,4397,7075,11472,-0.383224,0.230931,-0.894321,2
0,0,0,0,0,2871,556,3427,4998,8425,-0.497694,0.258037,-0.828081,2
0,0,0,0,0,4573,808,5381,8699,14080,-0.504376,0.296483,-0.810989,2
0,0,0,0,0,4300,810,5110,12809,17919,-0.403093,0.276461,-0.872402,2
0,0,0,0,0,2130,374,2504,2203,4707,-0.340401,0.273272,-0.899694,2
0,0,0,0,0,4028,757,4785,3010,7795,-0.316696,0.332264,-0.888428,2
0,0,0,0,0,6366,1191,7557,3104,10661,-0.0500871,0.0785487,-0.995651,2
0,0,0,0,0,2669,515,3184,1070,4254,-0.0295966,0.0883716,-0.995648,2
0,0,0,0,0,5771,1046,6817,2223,9040,-0.0541972,0.0592254,-0.996772,2
0,0,0,0,0,5834,1092,6926,2171,9097,-0.0478817,0.0489184,-0.997654,2
0,0,0,0,0,5814,1106,6920,2131,9051,-0.0508717,0.0521695,-0.997342,2
0,0,0,0,0,6533,1242,7775,2620,10395,-0.0296507,0.00526012,-0.999546,2
0,0,0,0,0,4320,660,4980,1189,6169,-0.0229554,0.01735,-0.999586,2
0,0,0,0,0,2288,413,2701,833,3534,-0.0294269,0.021396,-0.999338,2
0,0,0,0,0,2193,392,2585,819,3404,-0.0170312,0.013435,-0.999765,2
0,0,0,0,0,6302,1181,7483,2418,9901,-0.0377939,0.0215268,-0.999054,2
0,0,0,0,0,6488,1218,7706,3101,10807,-0.0585808,0.029499,-0.997847,2
0,0,0,0,0,3397,575,3972,1014,4986,-0.0301793,-0.0138706,-0.999448,2
0,0,0,0,0,2229,440,2669,844,3513,-0.0275789,-0.000688317,-0.999619,2
0,0,0,0,0,6396,1412,7808,2347,10155,-0.0159904,0.0281606,-0.999476,2
0,0,0,0,0,6373,1159,7532,2584,10116,-0.0427063,0.031743,-0.998583,2
0,0,0,0,0,4311,854,5165,1618,6783,-0.0657757,0.033695,-0.997265,2
0,0,0,0,0,5716,1090,6806,2318,9124,-0.0445465,0.0532033,-0.99759,2
0,0,0,0,0,5773,1115,6888,2035,8923,-0.0625384,0.0500488,-0.996787,2
0,0,0,0,0,3995,765,4760,1514,6274,-0.041984,0.0311631,-0.998632,2
0,0,0,0,0,6451,1230,7681,2228,9909,-0.0405575,0.00422121,-0.999168,2
0,0,0,0,0,6389,1175,7564,3056,10620,-0.0376374,-0.00669011,-0.999269,2
0,0,0,0,0,4315,589,4904,1254,6158,-0.0354271,-0.00340459,-0.999366,2
0,0,0,0,0,2279,408,2687,760,3447,-0.0367882,0.0121977,-0.999249,2
0,0,0,0,0,1990,353,2343,734,3077,-0.0311733,0.0218624,-0.999275,2
0,0,0,0,0,6622,1242,7864,2265,10129,-0.0240361,-0.000831597,-0.999711,2
0,0,0,0,0,6384,1209,7593,2321,9914,-0.0401044,0.0123326,-0.999119,2
0,0,0,0,0,4283,885,5168,1621,6789,-0.0364744,-0.00800905,-0.999302,2
0,0,0,0,0,6715,1219,7934,1978,9912,-0.0310974,0.00574356,-0.9995,2
0,0,0,0,0,5752,1105,6857,2223,9080,-0.023474,-0.00323332,-0.999719,2
0,0,0,0,0,6249,1021,7270,1428,8698,-0.0199218,-0.00332573,-0.999796,2
0,0,0,0,0,3097,560,3657,1155,4812,-0.0148444,0.0167674,-0.999749,2
0,0,0,0,0,6032,1132,7164,2184,9348,-0.019967,0.0430847,-0.998872,2
0,0,0,0,0,5613,1090,6703,2131,8834,-0.0571349,0.0290375,-0.997944,2
0,0,0,0,0,5778,1119,6897,2031,8928,-0.0204044,0.0185306,-0.99962,2
0,0,0,0,0,4384,767,5151,1643,6794,-0.0204458,0.0346101,-0.999192,2
0,0,0,0,0,6353,1240,7593,2714,10307,-0.00860487,0.00517079,-0.99995,2
0,0,0,0,0,6196,1075,7271,2121,9392,0.00306888,0.0310619,-0.999513,2
0,0,0,0,0,4003,587,4590,1195,5785,-0.00188219,0.0224617,-0.999746,2
0,0,0,0,0,2535,464,2999,981,3980,-0.0297047,0.0234159,-0.999284,2
0,0,0,0,0,6619,1249,7868,2305,10173,-0.0494413,0.0442288,-0.997797,2
0,0,0,0,0,6367,1204,7571,1719,9290,-0.0118645,0.0562641,-0.998345,2
0,0,0,0,0,3512,643,4155,1215,5370,-0.0499929,0.0199108,-0.998551,2
0,0,0,0,0,6306,1229,7535,3795,11330,-0.0502234,0.021285,-0.998511,2
0,0,0,0,0,3499,603,4102,1328,5430,-0.0355989,0.0233977,-0.999092,2
0,0,0,0,0,6703,1243,7946,1676,9622,-0.0216471,0.0388523,-0.99901,2
0,0,0,0,0,4392,903,5295,1814,7109,-0.0569479,0.0229682,-0.998113,2
0,0,0,0,0,6309,1147,7456,2049,9505,-0.0641213,0.0202758,-0.997736,2
0,0,0,0,0,4052,750,4802,1179,5981,-0.036101,0.0196266,-0.999155,2
0,0,0,0,0,2604,471,3075,977,4052,-0.0475592,0.0103968,-0.998814,2
0,0,0,0,0,6557,1095,7652,2344,9996,-0.0298206,0.026765,-0.999197,2
