Downsample[ns],BuildFilTree[ns],SearchFil[ns],DeleteFil[ns],BuildTreeSub[ns],SearchSub[ns],DeleteSub[ns],PreProcTotal[ns],Plane[ns],Total[ns],nx,ny,nz,planeCount
0,0,0,0,0,7845,996,8841,2434,11275,-0.00497538,-0.0573804,-0.99834,0
0,0,0,0,0,2986,503,3489,1168,4657,-0.00369844,-0.0450811,-0.998976,0
0,0,0,0,0,3612,611,4223,1384,5607,-0.00480513,0.0209866,-0.999768,0
0,0,0,0,0,2636,446,3082,724,3806,0.00105534,0.0106567,-0.999943,0
0,0,0,0,0,2918,463,3381,1092,4473,0.0122537,0.0114847,-0.999859,0
0,0,0,0,0,2728,493,3221,837,4058,0.0101871,0.0190603,-0.999766,0
0,0,0,0,0,2855,496,3351,937,4288,0.00444693,0.0218394,-0.999752,0
0,0,0,0,0,2859,487,3346,1025,4371,-0.00115175,0.0194747,-0.99981,0
0,0,0,0,0,3173,544,3717,963,4680,0.0159346,0.00452101,-0.999863,0
0,0,0,0,0,3063,504,3567,1077,4644,0.0113992,0.0079595,-0.999903,0
0,0,0,0,0,4024,540,4564,1090,5654,-0.0127967,0.0103407,-0.999865,0
0,0,0,0,0,3193,546,3739,1045,4784,0.00397773,0.0235304,-0.999715,0
0,0,0,0,0,3318,572,3890,1068,4958,0.00317475,0.0190373,-0.999814,0
0,0,0,0,0,7521,1241,8762,1490,10252,7.36917e-05,0.0224458,-0.999748,0
0,0,0,0,0,3595,600,4195,1195,5390,-0.00457896,0.00760072,-0.999961,0
0,0,0,0,0,4359,735,5094,1456,6550,0.0174268,0.0115573,-0.999781,0
0,0,0,0,0,7125,1221,8346,2254,10600,0.0101463,0.0152053,-0.999833,0
0,0,0,0,0,7037,1285,8322,1871,10193,0.00847392,0.00542608,-0.999949,0
0,0,0,0,0,4811,820,5631,2109,7740,-0.0109012,0.0161078,-0.999811,0
0,0,0,0,0,4992,800,5792,1683,7475,0.00412088,0.0270381,-0.999626,0
0,0,0,0,0,3442,561,4003,1184,5187,-0.00533309,0.0333472,-0.99943,0
0,0,0,0,0,3647,614,4261,1250,5511,-0.00754663,0.00494508,-0.999959,0
0,0,0,0,0,4755,675,5430,1204,6634,0.0159977,0.011961,-0.9998,0
0,0,0,0,0,3900,638,4538,1200,5738,0.00998012,0.0261864,-0.999607,0
0,0,0,0,0,3944,649,4593,1161,5754,-0.00365543,0.0330767,-0.999446,0
0,0,0,0,0,3985,635,4620,1863,6483,-0.0049507,0.0265174,-0.999636,0
0,0,0,0,0,4281,677,4958,1513,6471,-0.004639,0.016593,-0.999852,0
0,0,0,0,0,4338,718,5056,1336,6392,-0.026654,0.0288572,-0.999228,0
0,0,0,0,0,4280,677,4957,1480,6437,-0.0184426,0.0319153,-0.99932,0
0,0,0,0,0,4142,695,4837,1401,6238,-0.0136022,0.0116644,-0.999839,0
0,0,0,0,0,4420,748,5168,1408,6576,-9.49257e-05,0.0156724,-0.999877,0
0,0,0,0,0,4450,736,5186,2052,7238,-0.00483647,0.0291922,-0.999562,0
0,0,0,0,0,4411,733,5144,1361,6505,-0.0153791,0.0471612,-0.998769,0
0,0,0,0,0,4472,780,5252,1607,6859,-0.0253753,0.0675352,-0.997394,0
0,0,0,0,0,4802,779,5581,2051,7632,0.0203281,-0.040561,-0.99897,0
0,0,0,0,0,4839,827,5666,2120,7786,-0.0537476,0.00522937,-0.998541,0
0,0,0,0,0,5119,951,6070,1571,7641,-0.0387704,-0.0294613,-0.998814,0
0,0,0,0,0,5064,962,6026,1792,7818,-0.0787038,-0.00409217,-0.99689,0
0,0,0,0,0,5768,1006,6774,1664,8438,-0.043361,-0.00143298,-0.999058,0
0,0,0,0,0,5994,985,6979,1837,8816,-0.0789278,-0.0317672,-0.996374,0
0,0,0,0,0,5420,939,6359,1897,8256,-0.0906305,0.0130137,-0.9958,0
0,0,0,0,0,5957,1033,6990,2095,9085,-0.106765,0.00452464,-0.994274,0
0,0,0,0,0,6094,1034,7128,2028,9156,-0.0582539,-0.014716,-0.998193,0
0,0,0,0,0,6178,1087,7265,2166,9431,-0.0629522,0.00577028,-0.998,0
0,0,0,0,0,6139,1077,7216,2105,9321,-0.0586804,-0.00131853,-0.998276,0
0,0,0,0,0,5617,1171,6788,2064,8852,-0.0779728,0.0536122,-0.995513,0
0,0,0,0,0,5582,1012,6594,2407,9001,-0.0746765,0.0344969,-0.996611,0
0,0,0,0,0,5555,1107,6662,2145,8807,-0.0537966,0.0337121,-0.997983,0
0,0,0,0,0,5587,1019,6606,2166,8772,-0.0468125,0.0447963,-0.997899,0
0,0,0,0,0,6644,1249,7893,2532,10425,-0.0348361,0.0187751,-0.999217,0
0,0,0,0,0,6919,1168,8087,2303,10390,-0.0287605,-0.020335,-0.999379,0
0,0,0,0,0,6220,1272,7492,2430,9922,-0.00579287,-0.0331,-0.999435,0
0,0,0,0,0,6483,1347,7830,2316,10146,0.00975523,-0.0335188,-0.99939,0
0,0,0,0,0,6396,1104,7500,2143,9643,0.00467475,-0.0159276,-0.999862,0
0,0,0,0,0,6328,1091,7419,2025,9444,0.0132678,0.00442773,-0.999902,0
0,0,0,0,0,6136,1082,7218,1977,9195,0.0378149,0.00940665,-0.99924,0
0,0,0,0,0,6429,1071,7500,2074,9574,0.039202,0.0162795,-0.999099,0
0,0,0,0,0,7218,1365,8583,2271,10854,0.0368838,0.0195436,-0.999128,0
0,0,0,0,0,6639,1181,7820,2542,10362,0.0250739,0.0328577,-0.999145,0
0,0,0,0,0,7567,1233,8800,2231,11031,0.0302015,0.0235872,-0.999265,0
0,0,0,0,0,7045,1417,8462,2300,10762,-0.00805461,0.000110391,-0.999968,0
0,0,0,0,0,6730,1416,8146,1939,10085,0.00466069,0.0184736,-0.999818,0
0,0,0,0,0,6794,1329,8123,2285,10408,0.0315125,0.0661929,-0.997309,0
0,0,0,0,0,7014,1207,8221,2325,10546,0.0128654,0.082566,-0.996503,0
0,0,0,0,0,7786,1253,9039,2172,11211,0.0126341,0.064751,-0.997821,0
0,0,0,0,0,7000,1505,8505,2207,10712,0.016297,0.0797524,-0.996681,0
0,0,0,0,0,6888,1215,8103,2123,10226,0.0308339,0.0696008,-0.997098,0
0,0,0,0,0,7953,1666,9619,2570,12189,0.0118266,0.0913966,-0.995744,0
0,0,0,0,0,8626,1581,10207,3062,13269,0.00410827,0.0989564,-0.995083,0
0,0,0,0,0,8639,1657,10296,2481,12777,0.00463593,0.0807481,-0.996724,0
0,0,0,0,0,8904,1471,10375,3150,13525,0.0395485,0.0932118,-0.994861,0
0,0,0,0,0,8533,1376,9909,3333,13242,0.0376691,0.103642,-0.993901,0
0,0,0,0,0,8762,1435,10197,3765,13962,0.0424821,0.0931659,-0.994744,0
0,0,0,0,0,8000,1378,9378,2944,12322,-0.00534853,0.118852,-0.992898,0
0,0,0,0,0,9588,1419,11007,3325,14332,-0.0057811,0.103005,-0.994664,0
0,0,0,0,0,10969,1760,12729,3724,16453,-0.0130571,0.132146,-0.991144,0
0,0,0,0,0,9351,1654,11005,4792,15797,-0.00608508,0.137717,-0.990453,0
0,0,0,0,0,10086,1643,11729,5625,17354,0.00252767,0.255436,-0.966823,0
0,0,0,0,0,9309,1628,10937,6382,17319,0.0225597,0.323577,-0.945933,0
0,0,0,0,0,10065,1706,11771,6597,18368,-0.00622352,0.333958,-0.942568,0
0,0,0,0,0,11100,1656,12756,7438,20194,0.0519612,0.18294,-0.98175,0
0,0,0,0,0,9650,1693,11343,7888,19231,0.0327539,0.150166,-0.988118,0
0,0,0,0,0,9862,1837,11699,7336,19035,0.0235434,0.197176,-0.980085,0
0,0,0,0,0,11009,2094,13103,11175,24278,-0.0338972,0.342859,-0.938775,0
0,0,0,0,0,11795,2091,13886,14623,28509,-0.0412701,0.242169,-0.969356,0
0,0,0,0,0,12368,2242,14610,9000,23610,-0.0146148,0.192545,-0.981179,0
0,0,0,0,0,11473,2070,13543,11608,25151,-0.0626917,0.299865,-0.951919,0
0,0,0,0,0,12521,2320,14841,11082,25923,-0.0240083,0.137524,-0.990207,0
0,0,0,0,0,11255,2056,13311,7964,21275,0.0735402,0.00307834,-0.997288,0
0,0,0,0,0,11851,2261,14112,10428,24540,0.075372,0.0904068,-0.993049,0
0,0,0,0,0,13862,3125,16987,14117,31104,0.0239639,0.107368,-0.99393,0
0,0,0,0,0,13457,2593,16050,10233,26283,-0.0332749,0.187087,-0.98178,0
0,0,0,0,0,12820,2581,15401,8364,23765,0.00238757,0.144975,-0.989432,0
0,0,0,0,0,13248,2458,15706,7701,23407,-0.0582204,0.158725,-0.985605,0
0,0,0,0,0,13671,2806,16477,8011,24488,-0.0591439,0.174095,-0.982951,0
0,0,0,0,0,13376,2569,15945,7961,23906,-0.043562,0.12975,-0.990589,0
0,0,0,0,0,12951,2519,15470,11194,26664,0.00461691,0.157479,-0.987512,0
0,0,0,0,0,13965,2977,16942,8170,25112,-0.125243,0.193412,-0.973091,0
0,0,0,0,0,13055,2421,15476,7348,22824,-0.118565,0.212949,-0.969843,0
0,0,0,0,0,12064,2440,14504,6027,20531,-0.0286692,0.145737,-0.988908,0
0,0,0,0,0,17800,3156,20956,7867,28823,-0.0579339,0.164272,-0.984712,0
0,0,0,0,0,15768,3185,18953,7008,25961,-0.00998332,0.16178,-0.986776,0
0,0,0,0,0,16308,3654,19962,8645,28607,-0.0228949,0.165939,-0.98587,0
0,0,0,0,0,19099,3011,22110,8248,30358,-0.190609,0.152963,-0.969675,0
0,0,0,0,0,18595,2910,21505,8660,30165,-0.140675,0.11336,-0.983545,0
0,0,0,0,0,15455,2992,18447,5858,24305,-0.1676,0.0814092,-0.982488,0
0,0,0,0,0,16023,3061,19084,7051,26135,-0.22168,0.0706498,-0.972557,0
0,0,0,0,0,19042,3414,22456,7459,29915,-0.175727,0.0928172,-0.980054,0
0,0,0,0,0,16983,3591,20574,6610,27184,-0.1377,0.0712623,-0.987907,0
0,0,0,0,0,16524,3332,19856,5655,25511,-0.134275,0.094639,-0.986415,0
0,0,0,0,0,16992,3538,20530,7401,27931,-0.175984,0.101916,-0.979103,0
0,0,0,0,0,18432,3262,21694,6342,28036,-0.196183,0.0935728,-0.976092,0
0,0,0,0,0,18203,2978,21181,6977,28158,-0.116153,0.13447,-0.984087,0
0,0,0,0,0,16270,3135,19405,6574,25979,-0.193226,0.139802,-0.971143,0
0,0,0,0,0,16893,3390,20283,6876,27159,-0.192302,0.166186,-0.967162,0
0,0,0,0,0,17152,3206,20358,5289,25647,-0.158896,0.182395,-0.970301,0
0,0,0,0,0,17803,3064,20867,7129,27996,-0.181643,0.125499,-0.975323,0
0,0,0,0,0,16500,3030,19530,6360,25890,-0.0922092,0.165353,-0.981914,0
0,0,0,0,0,17795,3022,20817,6889,27706,-0.186692,0.172019,-0.967241,0
0,0,0,0,0,17102,3102,20204,6119,26323,-0.157512,0.154893,-0.975294,0
0,0,0,0,0,19256,3253,22509,6653,29162,-0.19102,0.189063,-0.963206,0
0,0,0,0,0,15422,3387,18809,6093,24902,-0.181913,0.178256,-0.967023,0
0,0,0,0,0,16166,3282,19448,6116,25564,-0.105822,0.151635,-0.982756,0
0,0,0,0,0,18223,3350,21573,5912,27485,-0.127349,0.185115,-0.97443,0
0,0,0,0,0,16334,2984,19318,5523,24841,-0.0947843,0.179938,-0.979101,0
0,0,0,0,0,15743,3025,18768,7257,26025,-0.127439,0.171233,-0.976954,0
0,0,0,0,0,17008,3010,20018,7238,27256,-0.10788,0.124277,-0.986366,0
0,0,0,0,0,18852,3671,22523,8479,31002,-0.0697826,0.173633,-0.982335,0
0,0,0,0,0,16744,3131,19875,6826,26701,-0.118657,0.190773,-0.974436,0
0,0,0,0,0,16679,3062,19741,8176,27917,-0.0533966,0.230564,-0.971591,0
0,0,0,0,0,18054,3170,21224,7632,28856,-0.0634506,0.218005,-0.973883,0
0,0,0,0,0,17002,3373,20375,7738,28113,-0.0641491,0.241425,-0.968297,0
0,0,0,0,0,15864,3066,18930,6740,25670,-0.0582756,0.24438,-0.967927,0
0,0,0,0,0,16469,3077,19546,7367,26913,-0.0982716,0.155477,-0.982939,0
0,0,0,0,0,19415,3597,23012,10367,33379,-0.072664,0.225648,-0.971495,0
0,0,0,0,0,18479,3184,21663,9883,31546,-0.0265781,0.261128,-0.964938,0
0,0,0,0,0,18340,3260,21600,11744,33344,0.0159156,0.23203,-0.972579,0
0,0,0,0,0,16873,3421,20294,10947,31241,0.137501,0.324808,-0.935731,0
0,0,0,0,0,15440,3035,18475,12425,30900,0.0150006,0.307618,-0.951392,0
0,0,0,0,0,15374,3121,18495,9095,27590,0.057497,0.332656,-0.941294,0
0,0,0,0,0,15957,2992,18949,14537,33486,0.120804,0.357275,-0.926154,0
0,0,0,0,0,14626,3043,17669,10991,28660,0.084233,0.357557,-0.930085,0
0,0,0,0,0,16970,2966,19936,15180,35116,-0.03193,0.332783,-0.942463,0
0,0,0,0,0,15116,3175,18291,11804,30095,0.214956,0.384016,-0.897956,0
0,0,0,0,0,14163,3070,17233,14628,31861,0.0792649,0.35682,-0.930804,0
0,0,0,0,0,14213,2955,17168,11530,28698,0.00907971,0.346429,-0.938032,0
0,0,0,0,0,14901,2913,17814,12829,30643,0.0886566,0.366966,-0.926,0
0,0,0,0,0,14459,2975,17434,12148,29582,0.115414,0.324912,-0.938675,0
0,0,0,0,0,14273,2950,17223,10613,27836,0.106473,0.331048,-0.937588,0
0,0,0,0,0,14361,2907,17268,13825,31093,0.0682388,0.344599,-0.936267,0
0,0,0,0,0,14880,2901,17781,15594,33375,-0.0724638,0.448117,-0.891033,0
0,0,0,0,0,21154,3014,24168,17894,42062,-0.046561,0.462006,-0.885654,0
0,0,0,0,0,14099,2822,16921,15098,32019,-0.0250062,0.305968,-0.951713,0
0,0,0,0,0,14102,2986,17088,14355,31443,0.147578,0.20676,-0.967197,0
0,0,0,0,0,14255,2939,17194,16751,33945,-0.000421894,0.290568,-0.956854,0
0,0,0,0,0,14059,2965,17024,14936,31960,-0.0191381,0.257577,-0.966068,0
0,0,0,0,0,13911,3061,16972,15550,32522,0.0848502,0.243475,-0.966189,0
0,0,0,0,0,14317,2885,17202,14941,32143,-0.0365005,0.25722,-0.965663,0
0,0,0,0,0,13856,2952,16808,13913,30721,0.143401,0.175452,-0.973988,0
0,0,0,0,0,14402,2906,17308,16785,34093,-0.122586,0.320981,-0.939119,0
0,0,0,0,0,15266,2915,18181,14602,32783,0.0447947,0.191326,-0.980504,0
0,0,0,0,0,16341,2999,19340,14614,33954,-0.0186643,0.247226,-0.968778,0
0,0,0,0,0,15074,3054,18128,11797,29925,0.0359517,0.242066,-0.969593,0
0,0,0,0,0,14967,3022,17989,12277,30266,-0.0198226,0.211746,-0.977124,0
0,0,0,0,0,18260,3183,21443,8126,29569,-0.0734422,0.260625,-0.962643,0
0,0,0,0,0,15928,3039,18967,10135,29102,-0.0553481,0.3058,-0.950486,0
0,0,0,0,0,16016,3093,19109,8104,27213,-0.00478258,0.246208,-0.969205,0
0,0,0,0,0,12567,2407,14974,7165,22139,-0.0336133,0.274926,-0.960878,0
0,0,0,0,0,12869,2474,15343,6137,21480,-0.0081821,0.259582,-0.965686,0
0,0,0,0,0,12655,2408,15063,6464,21527,-0.00429057,0.200937,-0.979595,0
0,0,0,0,0,12352,2388,14740,5919,20659,-0.0626065,0.238139,-0.969211,0
0,0,0,0,0,12469,2470,14939,5564,20503,-0.0454631,0.209494,-0.976752,0
0,0,0,0,0,12387,2372,14759,4916,19675,-0.0715267,0.273941,-0.959083,0
0,0,0,0,0,12561,2463,15024,4616,19640,-0.117447,0.275064,-0.954225,0
0,0,0,0,0,10499,2058,12557,6311,18868,-0.0864817,0.202885,-0.975376,0
0,0,0,0,0,11627,1940,13567,3825,17392,-0.122968,0.217789,-0.968218,0
0,0,0,0,0,10111,1771,11882,4679,16561,-0.171849,0.268278,-0.94789,0
0,0,0,0,0,10932,1782,12714,4274,16988,-0.0429087,0.138032,-0.989498,0
0,0,0,0,0,10874,1787,12661,4808,17469,-0.122885,0.143214,-0.982033,0
0,0,0,0,0,9212,1473,10685,6737,17422,-0.168627,0.223909,-0.959911,0
0,0,0,0,0,9251,1551,10802,5617,16419,-0.159,0.200334,-0.966739,0
0,0,0,0,0,9393,1536,10929,4176,15105,-0.176777,0.273037,-0.945622,0
0,0,0,0,0,9713,1528,11241,4145,15386,-0.204633,0.351449,-0.913569,0
0,0,0,0,0,8611,1505,10116,5248,15364,-0.243718,0.441272,-0.863644,0
0,0,0,0,0,9105,1506,10611,4896,15507,-0.261629,0.494519,-0.828855,0
0,0,0,0,0,8741,1512,10253,5825,16078,-0.270834,0.518053,-0.811339,0
0,0,0,0,0,9213,1485,10698,4051,14749,-0.265633,0.482385,-0.834712,0
0,0,0,0,0,8860,1369,10229,3557,13786,-0.269678,0.513373,-0.814691,0
0,0,0,0,0,7974,1339,9313,3780,13093,-0.279362,0.505157,-0.816561,0
0,0,0,0,0,8791,1373,10164,4153,14317,-0.307632,0.498177,-0.810668,0
0,0,0,0,0,7810,1467,9277,5028,14305,-0.337944,0.535621,-0.773889,0
0,0,0,0,0,7937,1365,9302,4773,14075,-0.406286,0.52961,-0.744611,0
0,0,0,0,0,8629,1395,10024,4751,14775,-0.445508,0.526368,-0.724195,0
0,0,0,0,0,6678,1221,7899,2787,10686,-0.105452,0.0517916,-0.993075,0
0,0,0,0,0,7818,1312,9130,3162,12292,-0.0132489,-0.0211248,-0.999689,0
0,0,0,0,0,6988,1353,8341,2666,11007,-0.111521,0.039874,-0.992962,0
0,0,0,0,0,7757,1316,9073,3013,12086,-0.0618611,0.00645357,-0.998064,0
0,0,0,0,0,7937,1367,9304,3322,12626,-0.0563076,0.0253735,-0.998091,0
0,0,0,0,0,7284,1311,8595,3046,11641,-0.0627191,0.0012517,-0.99803,0
0,0,0,0,0,7592,1352,8944,2914,11858,-0.0713314,-0.00402056,-0.997445,0
0,0,0,0,0,6003,1196,7199,2990,10189,-0.0466779,0.00510901,-0.998897,0
0,0,0,0,0,6617,1220,7837,2685,10522,-0.153865,0.0919282,-0.983806,0
0,0,0,0,0,5952,1430,7382,3638,11020,-0.10239,0.0545648,-0.993247,0
0,0,0,0,0,5900,1190,7090,3907,10997,-0.134771,0.143577,-0.98042,0
0,0,0,0,0,6796,1220,8016,3111,11127,-0.158583,0.108146,-0.981405,0
0,0,0,0,0,6263,1188,7451,4250,11701,-0.199116,0.0435344,-0.979008,0
0,0,0,0,0,6540,1196,7736,5539,13275,-0.202916,0.120211,-0.971789,0
0,0,0,0,0,7022,1107,8129,4836,12965,-0.239647,0.132381,-0.961792,0
0,0,0,0,0,5868,1093,6961,4207,11168,-0.263103,0.193044,-0.945257,0
0,0,0,0,0,5763,1078,6841,3715,10556,-0.261054,0.180915,-0.94822,0
0,0,0,0,0,6905,1340,8245,3604,11849,-0.229057,0.174015,-0.957733,0
0,0,0,0,0,5831,1055,6886,2723,9609,-0.237969,0.203167,-0.949786,0
0,0,0,0,0,6715,1325,8040,4369,12409,-0.254933,0.230472,-0.939091,0
0,0,0,0,0,5487,1043,6530,4512,11042,-0.231434,0.198801,-0.952322,0
0,0,0,0,0,5902,1074,6976,4123,11099,-0.128269,0.293843,-0.947208,0
0,0,0,0,0,6380,1258,7638,6518,14156,-0.149962,0.287108,-0.946087,0
0,0,0,0,0,5510,1056,6566,4939,11505,-0.0980489,0.245571,-0.964407,0
0,0,0,0,0,6511,1314,7825,5180,13005,-0.153263,0.238387,-0.959001,0
0,0,0,0,0,4904,979,5883,3469,9352,-0.0429931,0.188322,-0.981166,0
0,0,0,0,0,5577,997,6574,4997,11571,-0.28391,0.265109,-0.921473,0
0,0,0,0,0,5132,999,6131,3625,9756,-0.137816,0.195784,-0.970915,0
0,0,0,0,0,6652,1318,7970,3725,11695,-0.195107,0.20678,-0.958736,0
0,0,0,0,0,7282,1318,8600,4094,12694,-0.260018,0.22445,-0.939155,0
0,0,0,0,0,4891,1023,5914,3387,9301,-0.190811,0.202188,-0.960579,0
0,0,0,0,0,7169,1323,8492,3892,12384,-0.262486,0.209184,-0.941989,0
0,0,0,0,0,6539,1314,7853,2162,10015,-0.140541,0.182143,-0.973176,0
0,0,0,0,0,6229,1169,7398,3001,10399,-0.242029,0.19025,-0.951434,0
0,0,0,0,0,6337,1183,7520,3127,10647,-0.110176,0.158256,-0.981232,0
0,0,0,0,0,4847,896,5743,2017,7760,-0.182422,0.15509,-0.970912,0
0,0,0,0,0,7670,1304,8974,3577,12551,-0.241633,0.164971,-0.956242,0
0,0,0,0,0,7219,1318,8537,2701,11238,-0.206257,0.231091,-0.950818,0
0,0,0,0,0,5029,827,5856,1821,7677,-0.158455,0.172911,-0.972108,0
0,0,0,0,0,5015,840,5855,1682,7537,-0.123077,0.161024,-0.979246,0
0,0,0,0,0,5250,853,6103,1861,7964,-0.159329,0.116931,-0.980276,0
0,0,0,0,0,4913,907,5820,1686,7506,-0.0785532,0.115208,-0.990231,0
0,0,0,0,0,4860,855,5715,1875,7590,-0.225236,0.0972658,-0.969437,0
0,0,0,0,0,8236,1512,9748,2899,12647,-0.115818,0.145832,-0.982507,0
0,0,0,0,0,5360,893,6253,2366,8619,-0.211955,0.142805,-0.96679,0
0,0,0,0,0,5687,1044,6731,2680,9411,-0.146824,0.119296,-0.981942,0
0,0,0,0,0,5460,946,6406,2033,8439,-0.108029,0.103393,-0.988757,0
0,0,0,0,0,6128,916,7044,1994,9038,-0.142531,0.118902,-0.982623,0
0,0,0,0,0,5155,853,6008,2259,8267,-0.103795,0.0903884,-0.990483,0
0,0,0,0,0,7597,1304,8901,2926,11827,-0.105493,0.124086,-0.986648,0
0,0,0,0,0,7561,1287,8848,2779,11627,-0.109738,0.0969516,-0.989221,0
0,0,0,0,0,7781,1325,9106,2370,11476,-0.12038,0.119339,-0.985529,0
0,0,0,0,0,5170,896,6066,1752,7818,-0.115685,0.11198,-0.986954,0
0,0,0,0,0,7514,1298,8812,2615,11427,-0.111785,0.111254,-0.987485,0
0,0,0,0,0,7677,1262,8939,2999,11938,-0.0296983,0.20588,-0.978127,0
0,0,0,0,0,4929,804,5733,1768,7501,-0.115205,0.128408,-0.985007,0
0,0,0,0,0,4518,796,5314,1823,7137,-0.114654,0.0578497,-0.99172,0
0,0,0,0,0,4539,784,5323,1921,7244,-0.117149,0.0434685,-0.992163,0
0,0,0,0,0,7491,1320,8811,3491,12302,-0.0629614,0.0593444,-0.99625,0
0,0,0,0,0,7520,1341,8861,3389,12250,0.0419796,0.183158,-0.982187,0
0,0,0,0,0,6108,915,7023,1770,8793,-0.0487768,0.0626095,-0.996845,0
0,0,0,0,0,4195,756,4951,1762,6713,-0.0399023,0.0458479,-0.998151,0
0,0,0,0,0,5161,984,6145,2873,9018,-0.0583406,0.0607542,-0.996446,0
0,0,0,0,0,5439,781,6220,2312,8532,-0.0543886,0.0851485,-0.994883,0
0,0,0,0,0,4418,997,5415,2264,7679,-0.056954,0.0792073,-0.99523,0
0,0,0,0,0,6409,1222,7631,3579,11210,-0.0129209,0.136696,-0.990529,0
0,0,0,0,0,8056,1408,9464,4553,14017,-0.0385986,0.126215,-0.991252,0
0,0,0,0,0,4947,926,5873,4112,9985,-0.0103832,0.140454,-0.990033,0
0,0,0,0,0,4048,827,4875,2398,7273,-0.0478863,0.128448,-0.990559,0
0,0,0,0,0,4130,876,5006,2743,7749,0.00835066,0.158944,-0.987252,0
0,0,0,0,0,5588,1001,6589,4852,11441,-0.055499,0.0920727,-0.994204,0
0,0,0,0,0,5230,995,6225,4808,11033,0.034333,0.243986,-0.969171,0
0,0,0,0,0,5140,1064,6204,5489,11693,-0.0281771,0.0353582,-0.998977,0
0,0,0,0,0,6989,1421,8410,6413,14823,0.0970523,0.315017,-0.944111,0
0,0,0,0,0,4142,776,4918,2542,7460,0.0410787,0.22539,-0.973402,0
0,0,0,0,0,6892,1325,8217,6219,14436,0.045554,0.239064,-0.969935,0
0,0,0,0,0,5515,901,6416,3466,9882,0.0683378,0.24216,-0.967827,0
0,0,0,0,0,4775,898,5673,2961,8634,0.0669439,0.237558,-0.969064,0
0,0,0,0,0,6889,1343,8232,4581,12813,0.0164927,0.234428,-0.971994,0
0,0,0,0,0,7019,1386,8405,3341,11746,0.0630465,0.219476,-0.973579,0
0,0,0,0,0,4749,944,5693,2182,7875,0.0269558,0.199108,-0.979607,0
0,0,0,0,0,7213,1305,8518,2575,11093,0.0449158,0.21506,-0.975568,0
0,0,0,0,0,4736,871,5607,1685,7292,0.0380278,0.168491,-0.984969,0
0,0,0,0,0,6142,1130,7272,2817,10089,0.0459155,0.244131,-0.968655,0
0,0,0,0,0,8197,1261,9458,3057,12515,0.041425,0.216481,-0.975407,0
0,0,0,0,0,6804,1235,8039,2142,10181,0.108605,0.292341,-0.950127,0
0,0,0,0,0,3664,617,4281,2867,7148,0.131013,0.224534,-0.965619,0
0,0,0,0,0,6794,1199,7993,3954,11947,0.154486,0.322622,-0.933836,0
0,0,0,0,0,7084,1180,8264,3452,11716,0.197915,0.412293,-0.889294,0
0,0,0,0,0,3966,665,4631,1685,6316,0.23515,0.499298,-0.83391,0
0,0,0,0,0,7221,1175,8396,3874,12270,0.267069,0.547197,-0.793252,0
0,0,0,0,0,7157,1261,8418,-1000,-1000,-1,-1,-1,0
0,0,0,0,0,4829,643,5472,-1000,-1000,-1,-1,-1,0
0,0,0,0,0,3399,571,3970,-1000,-1000,-1,-1,-1,0
0,0,0,0,0,3663,585,4248,-1000,-1000,-1,-1,-1,0
0,0,0,0,0,3442,615,4057,2258,6315,0.00758848,0.0660331,-0.997789,0
0,0,0,0,0,7765,1332,9097,4231,13328,0.0725953,0.215526,-0.973796,0
0,0,0,0,0,7521,1330,8851,3594,12445,0.0242424,0.176072,-0.984079,0
0,0,0,0,0,5180,912,6092,2714,8806,0.0716537,0.127915,-0.989193,0
0,0,0,0,0,7405,1447,8852,3349,12201,0.0728765,0.288252,-0.954777,0
0,0,0,0,0,6606,944,7550,2449,9999,0.0670583,0.281854,-0.957111,0
0,0,0,0,0,3544,628,4172,1739,5911,0.01507,0.330842,-0.943566,0
0,0,0,0,0,7500,1312,8812,3109,11921,0.0178561,0.275217,-0.961216,0
0,0,0,0,0,7408,1299,8707,3992,12699,0.028054,0.227842,-0.973294,0
0,0,0,0,0,5172,931,6103,2986,9089,-0.00348717,0.307984,-0.951385,0
0,0,0,0,0,7478,1349,8827,3446,12273,0.0370386,0.246604,-0.968408,0
0,0,0,0,0,7680,1336,9016,2562,11578,0.00352201,0.240889,-0.970546,0
0,0,0,0,0,5169,910,6079,2087,8166,0.00504179,0.233265,-0.9724,0
0,0,0,0,0,7616,1306,8922,2929,11851,-0.00448819,0.231021,-0.972938,0
0,0,0,0,0,7764,1323,9087,2616,11703,-0.0417223,0.259996,-0.964708,0
0,0,0,0,0,5138,820,5958,3910,9868,-0.0165277,0.15153,-0.988315,0
0,0,0,0,0,7680,1233,8913,6359,15272,-0.0269922,0.250861,-0.967647,0
0,0,0,0,0,7238,1205,8443,6327,14770,0.175178,-0.0875185,-0.980639,0
0,0,0,0,0,4007,679,4686,1445,6131,-0.0136038,0.168408,-0.985624,0
0,0,0,0,0,8014,1472,9486,9494,18980,0.164169,0.15956,-0.973442,0
0,0,0,0,0,3750,523,4273,1204,5477,0.00825437,0.180914,-0.983464,0
0,0,0,0,0,3153,520,3673,2527,6200,0.135698,0.0997432,-0.985717,0
0,0,0,0,0,5312,892,6204,2808,9012,0.030664,0.123386,-0.991885,0
0,0,0,0,0,7338,1190,8528,3732,12260,0.031122,0.141831,-0.989401,0
0,0,0,0,0,7219,1213,8432,2465,10897,0.0220349,0.148651,-0.988644,0
0,0,0,0,0,7110,1211,8321,3094,11415,0.00638946,0.150566,-0.988579,0
0,0,0,0,0,6748,1109,7857,3896,11753,0.0106632,0.141652,-0.989859,0
0,0,0,0,0,6112,1063,7175,2982,10157,0.0175608,0.137504,-0.990346,0
0,0,0,0,0,7488,1279,8767,3217,11984,-0.0195349,0.0822408,-0.996421,0
0,0,0,0,0,5225,1005,6230,2334,8564,-0.0150333,0.0953989,-0.995326,0
0,0,0,0,0,7713,1346,9059,3462,12521,0.032202,0.121806,-0.992031,0
0,0,0,0,0,4468,692,5160,1723,6883,0.0210326,0.09663,-0.995098,0
0,0,0,0,0,3076,525,3601,1337,4938,-0.0510433,0.0476593,-0.997559,0
0,0,0,0,0,7536,1303,8839,2796,11635,-0.00924386,0.0747915,-0.997156,0
0,0,0,0,0,7867,1319,9186,3091,12277,0.00898194,0.0957768,-0.995362,0
0,0,0,0,0,5290,956,6246,2190,8436,0.0253209,0.127037,-0.991575,0
0,0,0,0,0,7952,1382,9334,3728,13062,-0.029688,0.16432,-0.98596,0
0,0,0,0,0,5226,1006,6232,2548,8780,-0.00566207,0.162005,-0.986774,0
0,0,0,0,0,7488,1313,8801,3932,12733,-0.0147868,0.191148,-0.98145,0
0,0,0,0,0,5946,918,6864,3093,9957,0.0894881,0.220235,-0.971333,0
0,0,0,0,0,7368,1340,8708,4933,13641,0.160407,0.279525,-0.946644,0
0,0,0,0,0,7394,1360,8754,4115,12869,0.211107,0.291698,-0.932923,0
0,0,0,0,0,5539,952,6491,4493,10984,0.0339525,0.289617,-0.95654,0
0,0,0,0,0,7284,1293,8577,6983,15560,0.124243,0.334789,-0.934067,0
0,0,0,0,0,4038,696,4734,2989,7723,0.185923,0.357507,-0.915217,0
0,0,0,0,0,6763,1303,8066,7189,15255,0.147256,0.3705,-0.917085,0
0,0,0,0,0,5115,894,6009,5496,11505,0.11834,0.290744,-0.949454,0
0,0,0,0,0,7356,1305,8661,6360,15021,0.0857749,0.363094,-0.927796,0
0,0,0,0,0,4367,878,5245,4125,9370,0.179685,0.282922,-0.942162,0
0,0,0,0,0,6507,1165,7672,6125,13797,0.167267,0.377843,-0.910635,0
0,0,0,0,0,4229,835,5064,4369,9433,0.163265,0.262121,-0.951124,0
0,0,0,0,0,6634,1311,7945,6232,14177,0.179033,0.387701,-0.904232,0
0,0,0,0,0,3525,677,4202,3501,7703,0.192979,0.280696,-0.940196,0
0,0,0,0,0,2379,445,2824,2961,5785,0.119881,0.2859,-0.950731,0
0,0,0,0,0,6963,1339,8302,8599,16901,0.220726,0.436061,-0.872428,0
0,0,0,0,0,3731,679,4410,2499,6909,0.124872,0.291576,-0.948362,0
0,0,0,0,0,2532,465,2997,2070,5067,0.0636078,0.254625,-0.964946,0
0,0,0,0,0,5563,944,6507,3088,9595,0.0724768,0.300543,-0.951011,0
0,0,0,0,0,12002,1652,13654,4479,18133,0.0245969,0.376509,-0.926086,0
0,0,0,0,0,5225,714,5939,2434,8373,0.0585839,0.326187,-0.943488,0
0,0,0,0,0,2928,525,3453,2091,5544,0.0215668,0.279444,-0.95992,0
0,0,0,0,0,7156,1309,8465,4674,13139,0.0576951,0.251375,-0.966169,0
0,0,0,0,0,7279,1326,8605,4538,13143,0.00386719,0.328302,-0.944565,0
0,0,0,0,0,4930,861,5791,2380,8171,-0.0712465,0.283722,-0.956256,0
0,0,0,0,0,7197,1252,8449,4493,12942,-0.105353,0.295543,-0.949503,0
0,0,0,0,0,4935,913,5848,3265,9113,-0.256154,0.291253,-0.921714,0
0,0,0,0,0,7916,1280,9196,4217,13413,0.0718449,0.175334,-0.981884,0
0,0,0,0,0,4910,879,5789,3087,8876,0.0332121,0.134001,-0.990424,0
0,0,0,0,0,7339,1336,8675,5235,13910,-0.0603659,0.15716,-0.985726,0
0,0,0,0,0,4140,692,4832,2268,7100,0.00149071,0.136467,-0.990644,0
0,0,0,0,0,6198,1100,7298,4666,11964,-0.0033048,0.118309,-0.992971,0
0,0,0,0,0,7510,1339,8849,3986,12835,-0.0260043,0.126647,-0.991607,0
0,0,0,0,0,5096,952,6048,3833,9881,-0.0118681,0.0952025,-0.995387,0
0,0,0,0,0,5161,900,6061,2793,8854,-0.0331141,0.086359,-0.995714,0
0,0,0,0,0,7589,1379,8968,5018,13986,-0.112011,0.113804,-0.987169,0
0,0,0,0,0,7433,1358,8791,3970,12761,-0.0658828,0.103326,-0.992463,0
0,0,0,0,0,3968,701,4669,3125,7794,-0.0583611,0.105317,-0.992725,0
0,0,0,0,0,7574,1339,8913,4640,13553,-0.142851,0.180777,-0.973095,0
0,0,0,0,0,7531,1347,8878,3840,12718,-0.227459,0.227235,-0.946904,0
0,0,0,0,0,3868,691,4559,2669,7228,-0.222652,0.142091,-0.964487,0
0,0,0,0,0,7709,1398,9107,4715,13822,-0.0824494,0.124385,-0.988803,0
0,0,0,0,0,7454,1344,8798,4171,12969,-0.124775,0.151181,-0.9806,0
0,0,0,0,0,4567,686,5253,2343,7596,-0.0646663,0.106058,-0.992255,0
0,0,0,0,0,4777,832,5609,2345,7954,-0.223074,0.132794,-0.965714,0
0,0,0,0,0,7371,1338,8709,3927,12636,-0.0284539,0.198393,-0.979709,0
0,0,0,0,0,3777,559,4336,1841,6177,-0.14106,0.172542,-0.974849,0
0,0,0,0,0,2286,411,2697,1221,3918,-0.111867,0.123378,-0.986034,0
0,0,0,0,0,5901,1047,6948,3846,10794,-0.167209,0.170584,-0.971052,0
0,0,0,0,0,7559,1605,9164,4432,13596,-0.110923,0.157282,-0.981304,0
0,0,0,0,0,5231,933,6164,2773,8937,-0.0521708,0.13434,-0.989561,0
0,0,0,0,0,7390,1358,8748,4259,13007,-0.0329703,0.201224,-0.97899,0
0,0,0,0,0,3813,557,4370,1899,6269,-0.159595,0.176258,-0.97132,0
0,0,0,0,0,2656,470,3126,1416,4542,-0.221146,0.151892,-0.963339,0
0,0,0,0,0,4348,739,5087,2009,7096,-0.192392,0.134408,-0.97207,0
0,0,0,0,0,7455,1327,8782,4039,12821,-0.205926,0.18528,-0.960867,0
0,0,0,0,0,7295,1365,8660,3015,11675,-0.161068,0.187969,-0.968878,0
0,0,0,0,0,3830,685,4515,2123,6638,-0.0497036,0.162482,-0.985459,0
0,0,0,0,0,7400,1350,8750,4306,13056,-0.21,0.197917,-0.95746,0
0,0,0,0,0,6751,1184,7935,3422,11357,-0.147826,0.227724,-0.962439,0
0,0,0,0,0,6759,1178,7937,3835,11772,-0.235655,0.21337,-0.948124,0
0,0,0,0,0,5671,1067,6738,3235,9973,-0.196942,0.229121,-0.953267,0
0,0,0,0,0,7357,1296,8653,3295,11948,-0.172796,0.253508,-0.951775,0
0,0,0,0,0,5340,909,6249,2512,8761,-0.1822,0.297568,-0.937154,0
0,0,0,0,0,6581,1173,7754,3537,11291,-0.0984522,0.3023,-0.948115,0
0,0,0,0,0,4899,914,5813,2194,8007,-0.118702,0.301878,-0.945928,0
0,0,0,0,0,7522,1323,8845,3210,12055,-0.106762,0.345583,-0.932295,0
0,0,0,0,0,5164,892,6056,2515,8571,0.0146538,0.274212,-0.961558,0
0,0,0,0,0,7622,1344,8966,3686,12652,-0.0528828,0.295096,-0.954003,0
0,0,0,0,0,6664,1179,7843,3405,11248,-0.0565971,0.311399,-0.948592,0
0,0,0,0,0,6686,1194,7880,2728,10608,0.00385786,0.246491,-0.969137,0
0,0,0,0,0,7290,1361,8651,3362,12013,0.0354334,0.233897,-0.971616,0
0,0,0,0,0,4957,932,5889,3018,8907,0.0337185,0.209426,-0.977243,0
0,0,0,0,0,7164,1311,8475,4295,12770,0.187005,0.270195,-0.94447,0
0,0,0,0,0,3562,561,4123,1921,6044,0.0687385,0.339451,-0.938109,0
0,0,0,0,0,2209,402,2611,1546,4157,0.130004,0.169677,-0.976887,0
0,0,0,0,0,7391,1364,8755,4341,13096,0.10444,0.243536,-0.964252,0
0,0,0,0,0,7713,1340,9053,3216,12269,0.137431,0.20556,-0.968947,0
0,0,0,0,0,3925,702,4627,2048,6675,0.168021,0.115359,-0.97901,0
0,0,0,0,0,8954,1450,10404,4395,14799,0.254347,0.0470646,-0.965967,0
0,0,0,0,0,5337,928,6265,3169,9434,0.143396,0.153128,-0.977747,0
0,0,0,0,0,6949,1214,8163,3881,12044,0.16306,0.115072,-0.979883,0
0,0,0,0,0,6990,1303,8293,3872,12165,0.168116,0.194611,-0.966366,0
0,0,0,0,0,4697,862,5559,2560,8119,0.180737,0.0928619,-0.979138,0
0,0,0,0,0,7459,1319,8778,5320,14098,0.164814,0.19171,-0.967514,0
0,0,0,0,0,4965,915,5880,3089,8969,0.147991,0.0893443,-0.984945,0
0,0,0,0,0,7244,1312,8556,4447,13003,0.196984,0.164327,-0.966537,0
0,0,0,0,0,5131,892,6023,3637,9660,0.0911288,0.316838,-0.944092,0
0,0,0,0,0,5115,916,6031,3649,9680,0.149765,0.111056,-0.982465,0
0,0,0,0,0,7534,1367,8901,4505,13406,0.194928,0.159606,-0.967744,0
0,0,0,0,0,5177,961,6138,3912,10050,0.123605,0.153353,-0.980411,0
0,0,0,0,0,7757,1322,9079,3951,13030,0.167716,0.180946,-0.969087,0
0,0,0,0,0,4939,914,5853,2944,8797,0.1291,0.0787115,-0.988503,0
0,0,0,0,0,6671,1274,7945,3347,11292,0.220677,0.208164,-0.952874,0
0,0,0,0,0,6607,1499,8106,2860,10966,0.324945,0.17472,-0.929453,0
0,0,0,0,0,3489,642,4131,1820,5951,0.195371,0.166596,-0.966476,0
0,0,0,0,0,7225,1355,8580,3799,12379,0.289738,0.171069,-0.941694,0
0,0,0,0,0,7017,1304,8321,3527,11848,0.384699,0.16257,-0.908613,0
0,0,0,0,0,5041,895,5936,3078,9014,0.26541,0.0926255,-0.959676,0
0,0,0,0,0,7270,1346,8616,3580,12196,0.233352,0.095344,-0.967707,0
0,0,0,0,0,4716,893,5609,1812,7421,0.216199,0.0911723,-0.972083,0
0,0,0,0,0,6990,1328,8318,3693,12011,0.234438,0.067893,-0.969757,0
0,0,0,0,0,4849,940,5789,2514,8303,0.258897,0.0293518,-0.965459,0
0,0,0,0,0,6318,1085,7403,4063,11466,0.145122,0.048969,-0.988201,0
0,0,0,0,0,7189,1299,8488,4451,12939,0.229878,-0.0539152,-0.971725,0
0,0,0,0,0,5512,835,6347,2605,8952,0.177899,-0.0384418,-0.983298,0
0,0,0,0,0,5429,822,6251,2544,8795,0.204177,-0.0125316,-0.978854,0
0,0,0,0,0,2917,498,3415,2088,5503,0.226641,-0.0492664,-0.972732,0
0,0,0,0,0,6640,1185,7825,5600,13425,0.255121,-0.0921078,-0.962512,0
0,0,0,0,0,6678,1190,7868,3720,11588,0.309688,-0.190047,-0.931652,0
0,0,0,0,0,3481,623,4104,3748,7852,0.273187,-0.213304,-0.938014,0
0,0,0,0,0,6611,1148,7759,4685,12444,0.297328,-0.248316,-0.921919,0
0,0,0,0,0,4502,793,5295,3028,8323,0.308374,-0.215109,-0.926625,0
0,0,0,0,0,4714,813,5527,3064,8591,0.361297,-0.239022,-0.901295,0
0,0,0,0,0,6423,1148,7571,2837,10408,0.385038,-0.287054,-0.877123,0
0,0,0,0,0,6491,1060,7551,3213,10764,0.408418,-0.31272,-0.857555,0
0,0,0,0,0,4568,752,5320,2431,7751,0.417625,-0.317411,-0.851375,0
0,0,0,0,0,6315,985,7300,4389,11689,0.417766,-0.357332,-0.835336,0
0,0,0,0,0,7650,1228,8878,3473,12351,0.322722,-0.379584,-0.867045,0
0,0,0,0,0,7461,1229,8690,3297,11987,0.304669,-0.421497,-0.854118,0
0,0,0,0,0,4998,845,5843,2840,8683,0.266502,-0.403052,-0.875514,0
0,0,0,0,0,7348,1229,8577,3637,12214,0.219056,-0.462985,-0.858871,0
0,0,0,0,0,7413,1228,8641,3414,12055,0.1993,-0.461765,-0.864322,0
0,0,0,0,0,5029,867,5896,2919,8815,0.150232,-0.451711,-0.879425,0
0,0,0,0,0,7114,1125,8239,4046,12285,0.121114,-0.102437,-0.987339,0
0,0,0,0,0,4783,824,5607,2372,7979,0.0965825,-0.067694,-0.99302,0
0,0,0,0,0,7858,1312,9170,3918,13088,0.143418,-0.0849558,-0.986009,0
0,0,0,0,0,5076,875,5951,2510,8461,0.13301,-0.013583,-0.991022,0
0,0,0,0,0,8037,1311,9348,4622,13970,0.140427,-0.0291949,-0.98966,0
0,0,0,0,0,3951,683,4634,2181,6815,0.0807512,0.0684037,-0.994384,0
0,0,0,0,0,7234,1355,8589,3508,12097,0.0626414,-0.0910405,-0.993875,0
0,0,0,0,0,4796,900,5696,3120,8816,0.0298926,0.0403956,-0.998737,0
0,0,0,0,0,6433,1193,7626,3689,11315,0.0308224,-0.0579415,-0.997844,0
0,0,0,0,0,6456,1172,7628,3390,11018,0.0249142,-0.0180456,-0.999527,0
0,0,0,0,0,6747,1429,8176,3465,11641,-0.00974464,-0.114561,-0.993368,0
0,0,0,0,0,6635,1171,7806,4307,12113,-0.0317818,-0.0829409,-0.996048,0
0,0,0,0,0,6207,1072,7279,3616,10895,-0.0538276,-0.126028,-0.990565,0
0,0,0,0,0,6126,1094,7220,5578,12798,-0.0417468,-0.244508,-0.968748,0
0,0,0,0,0,4424,784,5208,3168,8376,-0.0294162,-0.13651,-0.990202,0
0,0,0,0,0,7845,1361,9206,7648,16854,-0.125581,-0.247395,-0.960742,0
0,0,0,0,0,7249,1356,8605,8443,17048,-0.289217,-0.52924,-0.797658,0
0,0,0,0,0,3742,561,4303,3399,7702,-0.220848,-0.422944,-0.878832,0
0,0,0,0,0,2277,368,2645,1817,4462,-0.217691,-0.415356,-0.883227,0
0,0,0,0,0,2048,391,2439,1753,4192,-0.062309,-0.192506,-0.979316,0
0,0,0,0,0,6369,1199,7568,4746,12314,-0.0241094,-0.170721,-0.985024,0
0,0,0,0,0,7073,1374,8447,4674,13121,-0.0539686,-0.241812,-0.968821,0
0,0,0,0,0,6264,1200,7464,4615,12079,0.0250842,-0.213789,-0.976558,0
0,0,0,0,0,5338,828,6166,3053,9219,0.0686872,-0.25963,-0.963262,0
0,0,0,0,0,6889,1213,8102,3534,11636,0.0727384,-0.32328,-0.943504,0
0,0,0,0,0,7176,1258,8434,3831,12265,0.0687883,-0.372376,-0.925529,0
0,0,0,0,0,4772,847,5619,2953,8572,0.0687729,-0.406715,-0.910963,0
0,0,0,0,0,7011,1212,8223,3385,11608,0.0461892,-0.459522,-0.886964,0
0,0,0,0,0,7107,1192,8299,3117,11416,0.0525896,-0.432935,-0.89989,0
0,0,0,0,0,7163,1196,8359,2770,11129,0.0885609,-0.456153,-0.885483,0
0,0,0,0,0,6353,1058,7411,3127,10538,0.0916862,-0.497112,-0.862829,0
0,0,0,0,0,7118,1152,8270,4050,12320,0.134183,-0.609795,-0.781118,0
0,0,0,0,0,5778,796,6574,2432,9006,0.15719,-0.64347,-0.749158,0
0,0,0,0,0,2635,412,3047,1791,4838,0.167475,-0.63143,-0.757131,0
0,0,0,0,0,3568,605,4173,2692,6865,0.188818,-0.637933,-0.746585,0
0,0,0,0,0,7087,1225,8312,-1000,-1000,-1,-1,-1,0
0,0,0,0,0,4772,885,5657,4755,10412,-0.0229939,-0.127083,-0.991625,0
0,0,0,0,0,7204,1552,8756,5374,14130,-0.117248,-0.00857921,-0.993066,0
0,0,0,0,0,7095,1349,8444,6752,15196,-0.0349206,-0.332329,-0.942517,0
0,0,0,0,0,7021,1308,8329,7194,15523,-0.0101774,-0.223726,-0.974599,0
0,0,0,0,0,4069,701,4770,1842,6612,-0.0322106,-0.20666,-0.977883,0
0,0,0,0,0,2508,504,3012,1681,4693,0.049389,-0.321334,-0.945677,0
0,0,0,0,0,6988,1308,8296,4155,12451,0.0141753,-0.210387,-0.977515,0
0,0,0,0,0,7328,1331,8659,3022,11681,0.103862,-0.402869,-0.909345,0
0,0,0,0,0,3479,557,4036,1756,5792,0.0511709,-0.28162,-0.95816,0
0,0,0,0,0,2222,406,2628,1333,3961,0.0682696,-0.229336,-0.97095,0
0,0,0,0,0,3712,712,4424,2307,6731,0.1014,-0.325637,-0.940042,0
0,0,0,0,0,7238,1377,8615,4068,12683,0.0238501,-0.208189,-0.977798,0
0,0,0,0,0,4975,946,5921,4444,10365,0.064658,-0.282242,-0.957162,0
0,0,0,0,0,4580,840,5420,3822,9242,0.0685927,-0.246966,-0.966593,0
0,0,0,0,0,7913,1361,9274,4199,13473,0.195216,-0.518139,-0.83272,0
0,0,0,0,0,3756,641,4397,4180,8577,0.132632,-0.432061,-0.892038,0
0,0,0,0,0,5938,975,6913,6148,13061,0.165272,-0.544184,-0.822526,0
0,0,0,0,0,7063,1255,8318,6867,15185,0.130843,-0.497806,-0.857362,0
0,0,0,0,0,6991,1208,8199,8316,16515,0.125012,-0.608732,-0.783465,0
0,0,0,0,0,3967,510,4477,2179,6656,0.12395,-0.589252,-0.798385,0
0,0,0,0,0,2087,389,2476,1460,3936,0.110624,-0.632151,-0.766908,0
0,0,0,0,0,2503,422,2925,3430,6355,0.0809658,-0.656159,-0.750267,0
0,0,0,0,0,7724,1222,8946,-1000,-1000,-1,-1,-1,0
0,0,0,0,0,3785,637,4422,2252,6674,-0.0169553,-0.093933,-0.995434,0
0,0,0,0,0,7332,1314,8646,3028,11674,-0.0087067,-0.156797,-0.987592,0
0,0,0,0,0,7449,1343,8792,2441,11233,-0.0162609,-0.188651,-0.98191,0
0,0,0,0,0,5132,946,6078,3021,9099,0.00648606,-0.128901,-0.991636,0
0,0,0,0,0,6239,1128,7367,3079,10446,-0.00296577,-0.113046,-0.993585,0
0,0,0,0,0,7817,1376,9193,4323,13516,-0.00511713,-0.135034,-0.990828,0
0,0,0,0,0,5434,918,6352,2848,9200,-0.0259274,-0.188771,-0.981679,0
0,0,0,0,0,4975,883,5858,2552,8410,0.0587401,-0.0750907,-0.995445,0
0,0,0,0,0,7832,1378,9210,4221,13431,-0.0571135,-0.323898,-0.944367,0
0,0,0,0,0,5429,923,6352,3965,10317,-0.171661,-0.394818,-0.90258,0
0,0,0,0,0,5964,1067,7031,5319,12350,-0.103866,-0.323818,-0.940401,0
0,0,0,0,0,8280,1493,9773,4983,14756,-0.152096,-0.234594,-0.960121,0
0,0,0,0,0,7367,1307,8674,6668,15342,-0.341134,-0.325191,-0.881974,0
0,0,0,0,0,3644,676,4320,7129,11449,-0.454408,-0.305614,-0.836728,0
0,0,0,0,0,4229,765,4994,4664,9658,-0.101333,-0.165488,-0.980992,0
0,0,0,0,0,5068,968,6036,7719,13755,-0.111786,-0.129586,-0.985247,0
0,0,0,0,0,3971,717,4688,4804,9492,-0.212181,-0.235755,-0.948366,0
0,0,0,0,0,8165,1434,9599,6098,15697,-0.23141,-0.178667,-0.956309,0
0,0,0,0,0,3716,676,4392,5870,10262,-0.316529,-0.180327,-0.931285,0
0,0,0,0,0,7719,1344,9063,6484,15547,-0.142102,-0.138152,-0.980164,0
0,0,0,0,0,5355,969,6324,5105,11429,-0.0846931,-0.134977,-0.987223,0
0,0,0,0,0,8021,1144,9165,4961,14126,-0.0261139,-0.143095,-0.989364,0
0,0,0,0,0,8805,1404,10209,4399,14608,-0.181133,-0.174476,-0.967858,0
0,0,0,0,0,3258,559,3817,2266,6083,-0.114185,-0.119509,-0.986245,0
0,0,0,0,0,1990,356,2346,1786,4132,-0.0845315,-0.123815,-0.988698,0
0,0,0,0,0,8386,1459,9845,7953,17798,-0.128504,-0.0847605,-0.98808,0
0,0,0,0,0,4418,791,5209,3517,8726,-0.0223261,-0.0991027,-0.994827,0
0,0,0,0,0,3278,640,3918,3160,7078,-0.030729,-0.134612,-0.990422,0
0,0,0,0,0,3927,820,4747,3591,8338,-0.0203172,-0.107203,-0.99403,0
0,0,0,0,0,5103,884,5987,3699,9686,0.0082228,-0.101403,-0.994811,0
0,0,0,0,0,8285,980,9265,3557,12822,-0.0605839,-0.189964,-0.97992,0
0,0,0,0,0,2835,497,3332,1968,5300,-0.10807,-0.070774,-0.991621,0
0,0,0,0,0,2469,481,2950,1493,4443,-0.104045,0.0254393,-0.994247,0
0,0,0,0,0,3043,636,3679,1815,5494,-0.067467,-0.0108175,-0.997663,0
0,0,0,0,0,5593,1014,6607,4766,11373,-0.0580058,-0.143023,-0.988018,0
0,0,0,0,0,5484,995,6479,4035,10514,-0.0863445,0.0148508,-0.996155,0
0,0,0,0,0,3909,695,4604,2936,7540,-0.0991711,0.00853011,-0.995034,0
0,0,0,0,0,7734,1368,9102,5180,14282,-0.122912,0.0219702,-0.992174,0
0,0,0,0,0,3111,559,3670,3014,6684,-0.0707601,-0.108091,-0.99162,0
0,0,0,0,0,8541,1530,10071,5141,15212,-0.115075,-0.0858644,-0.989639,0
0,0,0,0,0,3930,697,4627,3953,8580,-0.0733872,0.00576058,-0.997287,0
0,0,0,0,0,5597,1016,6613,4291,10904,-0.102689,0.00345476,-0.994707,0
0,0,0,0,0,7530,1396,8926,5118,14044,-0.107276,-0.0204837,-0.994018,0
0,0,0,0,0,4041,694,4735,3420,8155,-0.0519398,-0.123395,-0.990997,0
0,0,0,0,0,8658,1738,10396,4836,15232,-0.0690615,-0.0577044,-0.995942,0
0,0,0,0,0,4305,736,5041,3480,8521,-0.0701996,-0.0397807,-0.996739,0
0,0,0,0,0,4922,840,5762,2478,8240,-0.0730946,-0.207788,-0.975439,0
0,0,0,0,0,8739,1484,10223,3705,13928,-0.111663,-0.0969224,-0.989008,0
0,0,0,0,0,5835,980,6815,2868,9683,-0.0852707,-0.243039,-0.966261,0
0,0,0,0,0,5236,923,6159,3663,9822,-0.157043,-0.129457,-0.97907,0
0,0,0,0,0,8904,1482,10386,4082,14468,-0.0409309,-0.321589,-0.945994,0
0,0,0,0,0,9061,1515,10576,4836,15412,-0.049105,-0.399596,-0.915375,0
0,0,0,0,0,3499,599,4098,2472,6570,-0.022036,-0.283018,-0.958861,0
0,0,0,0,0,2152,373,2525,1521,4046,-0.0298339,-0.320177,-0.946888,0
0,0,0,0,0,2683,440,3123,1940,5063,-0.00937735,-0.514883,-0.857209,0
0,0,0,0,0,8745,1296,10041,6635,16676,-0.0165447,-0.523585,-0.851813,0
0,0,0,0,0,3236,529,3765,3221,6986,-0.052765,-0.59575,-0.801435,0
0,0,0,0,0,4611,752,5363,6195,11558,-0.0910878,-0.548877,-0.830925,0
0,0,0,0,0,4517,908,5425,4839,10264,-0.140611,-0.629472,-0.764195,0
0,0,0,0,0,4588,753,5341,4601,9942,-0.113605,-0.677493,-0.726703,0
0,0,0,0,0,3438,602,4040,-1000,-1000,-1,-1,-1,0
0,0,0,0,0,3439,594,4033,2680,6713,-0.0578401,-0.195445,-0.979007,0
0,0,0,0,0,8430,1513,9943,2261,12204,-0.00126308,-0.28384,-0.958871,0
0,0,0,0,0,5227,889,6116,1586,7702,0.00462255,-0.255975,-0.966672,0
0,0,0,0,0,6976,1200,8176,2283,10459,-0.0348501,-0.264561,-0.963739,0
0,0,0,0,0,7732,1327,9059,2158,11217,-0.00144863,-0.243701,-0.969849,0
0,0,0,0,0,7571,1342,8913,3828,12741,0.00933817,-0.314164,-0.949323,0
0,0,0,0,0,3912,559,4471,1516,5987,0.0133229,-0.255238,-0.966786,0
0,0,0,0,0,2271,405,2676,1106,3782,0.0281978,-0.098372,-0.99475,0
0,0,0,0,0,4758,835,5593,3707,9300,-0.00481098,-0.194523,-0.980886,0
0,0,0,0,0,9062,1435,10497,3525,14022,0.0186381,-0.18054,-0.983391,0
0,0,0,0,0,3902,699,4601,3400,8001,-0.091071,-0.234469,-0.967848,0
0,0,0,0,0,4260,770,5030,3408,8438,0.0428773,-0.196529,-0.97956,0
0,0,0,0,0,7466,1304,8770,5839,14609,-0.115785,-0.249198,-0.961506,0
0,0,0,0,0,3593,685,4278,2701,6979,0.0914349,-0.198689,-0.975788,0
0,0,0,0,0,6763,1304,8067,7028,15095,-0.083912,-0.179914,-0.980097,0
0,0,0,0,0,7114,1406,8520,4730,13250,-0.087383,-0.173223,-0.980998,0
0,0,0,0,0,2859,555,3414,3806,7220,-0.168622,-0.129923,-0.977081,0
0,0,0,0,0,5076,1000,6076,7435,13511,-0.0718467,-0.100856,-0.992303,0
0,0,0,0,0,3732,729,4461,3289,7750,-0.0346694,-0.0916487,-0.995188,0
0,0,0,0,0,5270,905,6175,4747,10922,-0.0663525,-0.120031,-0.99055,0
0,0,0,0,0,7817,1324,9141,8462,17603,-0.128956,-0.0974839,-0.986847,0
0,0,0,0,0,3636,674,4310,3933,8243,-0.139724,-0.144267,-0.979625,0
0,0,0,0,0,4604,815,5419,4344,9763,-0.126086,-0.140346,-0.982041,0
0,0,0,0,0,7182,1267,8449,7303,15752,-0.119799,-0.108079,-0.986898,0
0,0,0,0,0,5376,880,6256,4284,10540,-0.0914943,-0.124211,-0.988029,0
0,0,0,0,0,4759,858,5617,3298,8915,-0.167755,-0.0815618,-0.982449,0
0,0,0,0,0,7993,1250,9243,4036,13279,-0.176705,-0.128847,-0.975794,0
0,0,0,0,0,6514,1170,7684,4379,12063,-0.193833,-0.0846477,-0.977376,0
0,0,0,0,0,4706,827,5533,2658,8191,-0.223947,-0.0718277,-0.971951,0
0,0,0,0,0,7476,1267,8743,4528,13271,-0.184698,-0.128157,-0.974404,0
0,0,0,0,0,7524,1337,8861,6731,15592,-0.174524,-0.238075,-0.955438,0
0,0,0,0,0,4665,692,5357,2154,7511,-0.127813,-0.149807,-0.980419,0
0,0,0,0,0,2023,358,2381,2054,4435,-0.167626,-0.0789955,-0.982681,0
0,0,0,0,0,2400,414,2814,1826,4640,-0.061826,-0.17951,-0.981811,0
0,0,0,0,0,7509,1352,8861,6159,15020,-0.12633,-0.0762688,-0.989052,0
0,0,0,0,0,8537,1147,9684,5557,15241,-0.0412741,-0.0880604,-0.99526,0
0,0,0,0,0,2447,410,2857,2328,5185,-0.0922973,-0.0788292,-0.992606,0
0,0,0,0,0,4639,935,5574,4356,9930,-0.0925445,0.00864096,-0.995671,0
0,0,0,0,0,7359,1359,8718,5329,14047,-0.0646802,-0.0269555,-0.997542,0
0,0,0,0,0,4239,724,4963,2683,7646,-0.110548,-0.0353158,-0.993243,0
0,0,0,0,0,4547,842,5389,3217,8606,-0.0199975,-0.126099,-0.991816,0
0,0,0,0,0,7177,1353,8530,3854,12384,-0.00878271,-0.161706,-0.9868,0
0,0,0,0,0,3755,698,4453,2143,6596,-0.0442295,-0.174018,-0.983749,0
0,0,0,0,0,3792,706,4498,1953,6451,-0.0148538,-0.216147,-0.976248,0
0,0,0,0,0,7764,1377,9141,2400,11541,0.041312,-0.242064,-0.96938,0
0,0,0,0,0,4901,960,5861,2167,8028,0.0445272,-0.257145,-0.965346,0
0,0,0,0,0,4568,903,5471,2063,7534,0.00530081,-0.22875,-0.973471,0
0,0,0,0,0,4557,838,5395,1824,7219,0.0361671,-0.228065,-0.972974,0
0,0,0,0,0,7300,1340,8640,1689,10329,0.10154,-0.303177,-0.947509,0
0,0,0,0,0,4936,907,5843,2164,8007,0.0512777,-0.25074,-0.966695,0
0,0,0,0,0,4886,899,5785,1626,7411,0.0850418,-0.278089,-0.956783,0
0,0,0,0,0,5182,1081,6263,1661,7924,0.123028,-0.266634,-0.955913,0
0,0,0,0,0,7051,1200,8251,2747,10998,0.085908,-0.279867,-0.956187,0
0,0,0,0,0,5835,859,6694,1580,8274,0.0875219,-0.260003,-0.961633,0
0,0,0,0,0,4740,870,5610,1455,7065,0.0711088,-0.252947,-0.964863,0
0,0,0,0,0,5003,873,5876,1654,7530,0.0540345,-0.263416,-0.963168,0
0,0,0,0,0,4889,894,5783,1740,7523,0.0395694,-0.279071,-0.959455,0
0,0,0,0,0,4691,887,5578,1969,7547,0.0743806,-0.218187,-0.973068,0
0,0,0,0,0,7304,1311,8615,2865,11480,0.0884013,-0.214391,-0.972739,0
0,0,0,0,0,7181,1322,8503,1827,10330,0.0808797,-0.241256,-0.967085,0
0,0,0,0,0,3896,681,4577,1399,5976,0.0988242,-0.190284,-0.976742,0
0,0,0,0,0,7579,1292,8871,3167,12038,0.0695233,-0.243435,-0.967422,0
0,0,0,0,0,7346,1235,8581,1886,10467,0.0753955,-0.213236,-0.974087,0
0,0,0,0,0,7207,1341,8548,1896,10444,0.0743786,-0.215845,-0.973591,0
0,0,0,0,0,3773,684,4457,1653,6110,0.027404,-0.222604,-0.974524,0
0,0,0,0,0,7316,1361,8677,4258,12935,0.128945,-0.230282,-0.964543,0
0,0,0,0,0,4838,909,5747,2963,8710,0.0667999,-0.164036,-0.98419,0
0,0,0,0,0,7340,1308,8648,5715,14363,0.0294007,-0.21471,-0.976235,0
0,0,0,0,0,4952,903,5855,3718,9573,-0.0256345,-0.211124,-0.977123,0
0,0,0,0,0,4726,915,5641,3560,9201,-0.044538,-0.121451,-0.991598,0
0,0,0,0,0,7053,1326,8379,5039,13418,-0.00333192,-0.227642,-0.973739,0
0,0,0,0,0,7147,1315,8462,4793,13255,-0.0289659,-0.206405,-0.978038,0
0,0,0,0,0,2982,550,3532,3050,6582,-0.000215416,-0.179013,-0.983847,0
0,0,0,0,0,6962,1288,8250,5751,14001,-0.115048,-0.200134,-0.97299,0
0,0,0,0,0,7146,1300,8446,4693,13139,-0.067368,-0.200148,-0.977447,0
0,0,0,0,0,3666,683,4349,3821,8170,0.0240393,-0.226604,-0.97369,0
0,0,0,0,0,6502,1272,7774,7278,15052,-0.215897,-0.179588,-0.959759,0
0,0,0,0,0,6418,1269,7687,4908,12595,-0.0854665,-0.194818,-0.977109,0
0,0,0,0,0,3443,676,4119,3488,7607,-0.11567,-0.177739,-0.977256,0
0,0,0,0,0,6847,1298,8145,8223,16368,-0.0922794,-0.210341,-0.973263,0
0,0,0,0,0,4014,692,4706,3975,8681,-0.137457,-0.158733,-0.977706,0
0,0,0,0,0,5856,1101,6957,7002,13959,-0.134348,-0.15748,-0.978341,0
0,0,0,0,0,3306,653,3959,4282,8241,-0.123648,-0.112763,-0.985898,0
0,0,0,0,0,4923,920,5843,4594,10437,-0.0549229,-0.135251,-0.989288,0
0,0,0,0,0,7262,1388,8650,4456,13106,-0.116331,-0.271229,-0.955459,0
0,0,0,0,0,3066,619,3685,2733,6418,-0.141404,-0.18757,-0.97202,0
0,0,0,0,0,1929,360,2289,1860,4149,-0.117131,-0.156155,-0.980763,0
0,0,0,0,0,2482,463,2945,1934,4879,-0.084114,-0.120773,-0.98911,0
0,0,0,0,0,7844,1356,9200,4510,13710,-0.103833,-0.136532,-0.985179,0
0,0,0,0,0,3827,718,4545,2951,7496,-0.0926308,-0.185527,-0.978263,0
0,0,0,0,0,7235,1331,8566,4301,12867,-0.107281,-0.221425,-0.969258,0
0,0,0,0,0,4965,944,5909,4161,10070,-0.097352,-0.260893,-0.960446,0
0,0,0,0,0,7640,1366,9006,4660,13666,-0.094846,-0.290839,-0.952059,0
0,0,0,0,0,3274,559,3833,1492,5325,-0.0972014,-0.216966,-0.971328,0
0,0,0,0,0,2185,406,2591,1260,3851,-0.0916611,-0.174278,-0.980421,0
0,0,0,0,0,5962,1096,7058,3146,10204,-0.0702521,-0.249069,-0.965934,0
0,0,0,0,0,5707,1084,6791,3775,10566,-0.0427906,-0.327864,-0.943755,0
0,0,0,0,0,5501,978,6479,2685,9164,-0.0914963,-0.237308,-0.967116,0
0,0,0,0,0,6850,1549,8399,2816,11215,-0.0479432,-0.260475,-0.96429,0
0,0,0,0,0,4682,894,5576,2105,7681,-0.0411132,-0.227505,-0.972909,0
0,0,0,0,0,6117,1206,7323,2840,10163,-0.0308743,-0.267608,-0.963033,0
0,0,0,0,0,6069,1165,7234,2024,9258,0.053886,-0.317283,-0.946799,0
0,0,0,0,0,4299,787,5086,1449,6535,0.0753422,-0.271269,-0.95955,0
0,0,0,0,0,6607,1243,7850,2614,10464,0.110508,-0.300031,-0.947507,0
0,0,0,0,0,4542,860,5402,2160,7562,0.105473,-0.301326,-0.94767,0
0,0,0,0,0,5838,1128,6966,3553,10519,0.20664,-0.246986,-0.94673,0
0,0,0,0,0,4175,820,4995,2570,7565,0.131092,-0.242567,-0.961237,0
0,0,0,0,0,6799,1338,8137,2681,10818,0.101067,-0.302359,-0.947821,0
0,0,0,0,0,4680,915,5595,2735,8330,0.112578,-0.273373,-0.955298,0
0,0,0,0,0,3753,735,4488,1704,6192,0.0858703,-0.24108,-0.966699,0
0,0,0,0,0,7092,1346,8438,3907,12345,0.0475498,-0.277353,-0.959591,0
0,0,0,0,0,3791,691,4482,1929,6411,0.00576294,-0.256988,-0.966397,0
0,0,0,0,0,6249,1132,7381,4309,11690,0.0445268,-0.243714,-0.968825,0
0,0,0,0,0,5624,1066,6690,2608,9298,0.039522,-0.205952,-0.977764,0
0,0,0,0,0,5191,1042,6233,5061,11294,0.0208796,-0.25088,-0.967793,0
0,0,0,0,0,6841,1306,8147,4797,12944,-0.062587,-0.329553,-0.94206,0
0,0,0,0,0,4708,932,5640,3248,8888,0.074881,-0.31395,-0.946482,0
0,0,0,0,0,6616,1333,7949,6181,14130,0.0306915,-0.272324,-0.961716,0
0,0,0,0,0,4579,892,5471,4086,9557,-0.0270239,-0.266855,-0.963358,0
0,0,0,0,0,4280,811,5091,4421,9512,-0.0217973,-0.216629,-0.976011,0
0,0,0,0,0,6500,1326,7826,5171,12997,-0.000289303,-0.215628,-0.976475,0
0,0,0,0,0,4400,895,5295,3466,8761,-0.0362075,-0.121648,-0.991913,0
0,0,0,0,0,5667,1120,6787,5172,11959,0.0219174,-0.0702059,-0.997292,0
0,0,0,0,0,6266,1163,7429,5181,12610,0.137333,-0.0575612,-0.988851,0
0,0,0,0,0,4052,815,4867,4591,9458,0.0439545,-0.0159272,-0.998907,0
0,0,0,0,0,6604,1306,7910,5139,13049,0.0568259,-0.0182303,-0.998218,0
0,0,0,0,0,6702,1325,8027,5677,13704,0.0866927,-0.0093704,-0.996191,0
0,0,0,0,0,4599,905,5504,3524,9028,0.198485,-0.0697038,-0.977622,0
0,0,0,0,0,7058,1332,8390,4553,12943,0.138353,-0.0813196,-0.987039,0
0,0,0,0,0,6728,1296,8024,3345,11369,0.0909571,-0.0359385,-0.995206,0
0,0,0,0,0,3551,750,4301,2192,6493,0.151725,-0.0704169,-0.985911,0
0,0,0,0,0,6836,1305,8141,4249,12390,0.0758424,-0.00132269,-0.997119,0
0,0,0,0,0,4813,924,5737,2405,8142,0.144917,-0.0396625,-0.988649,0
0,0,0,0,0,6822,1335,8157,3364,11521,0.208895,-0.0362545,-0.977266,0
0,0,0,0,0,6887,1259,8146,2070,10216,0.178802,-0.0363516,-0.983213,0
0,0,0,0,0,3639,734,4373,1445,5818,0.193512,-0.0321104,-0.980572,0
0,0,0,0,0,7083,1390,8473,2649,11122,0.189914,-0.01534,-0.981681,0
0,0,0,0,0,7279,1363,8642,1968,10610,0.148677,-0.00512929,-0.988872,0
0,0,0,0,0,4937,937,5874,2736,8610,0.165625,-0.0267454,-0.985826,0
0,0,0,0,0,4619,838,5457,1805,7262,0.191818,-0.0272659,-0.981052,0
0,0,0,0,0,5898,1082,6980,2098,9078,0.243039,-0.0401797,-0.969184,0
0,0,0,0,0,7245,1288,8533,1587,10120,0.19042,-0.0260959,-0.981356,0
0,0,0,0,0,3988,648,4636,1210,5846,0.145875,-0.00419169,-0.989294,0
0,0,0,0,0,6996,1168,8164,2420,10584,0.193864,-0.00998561,-0.980978,0
0,0,0,0,0,6833,1188,8021,2016,10037,0.143528,-0.00966398,-0.989599,0
0,0,0,0,0,4685,814,5499,3843,9342,0.14484,-0.0145604,-0.989348,0
0,0,0,0,0,6032,1024,7056,4465,11521,0.132015,-0.0303654,-0.990782,0
0,0,0,0,0,6716,1120,7836,5057,12893,0.141009,-0.040152,-0.989194,0
0,0,0,0,0,6695,1140,7835,4501,12336,0.197864,-0.150411,-0.968621,0
0,0,0,0,0,4410,605,5015,1304,6319,0.118221,-0.0392572,-0.992211,0
0,0,0,0,0,2806,416,3222,1028,4250,0.139733,-0.142722,-0.97985,0
0,0,0,0,0,3747,653,4400,1963,6363,0.0714918,-0.0162895,-0.997308,0
0,0,0,0,0,6624,1202,7826,2998,10824,0.0848086,-0.0250128,-0.996083,0
0,0,0,0,0,6774,1201,7975,2397,10372,0.0650112,-0.00621631,-0.997865,0
0,0,0,0,0,6626,1202,7828,2772,10600,0.0425786,0.0175996,-0.998938,0
0,0,0,0,0,4518,832,5350,2406,7756,0.0648144,0.0350059,-0.997283,0
0,0,0,0,0,6687,1230,7917,3775,11692,0.0246952,0.0339392,-0.999119,0
0,0,0,0,0,3531,622,4153,1409,5562,0.0204107,0.0322095,-0.999273,0
0,0,0,0,0,2381,367,2748,915,3663,0.0187878,0.0394248,-0.999046,0
0,0,0,0,0,2448,462,2910,1136,4046,0.0862507,0.0899246,-0.992207,0
0,0,0,0,0,6605,1264,7869,2691,10560,-0.0298353,0.0247009,-0.99925,0
0,0,0,0,0,6704,1192,7896,1963,9859,-0.00909398,0.0470599,-0.998851,0
0,0,0,0,0,3573,632,4205,1677,5882,-0.00671553,0.0853806,-0.996326,0
0,0,0,0,0,6827,1330,8157,3227,11384,0.00359202,0.0131762,-0.999907,0
0,0,0,0,0,4723,867,5590,2215,7805,0.0144359,0.0170131,-0.999751,0
0,0,0,0,0,7192,1276,8468,3852,12320,0.0075772,0.0105796,-0.999915,0
0,0,0,0,0,4649,809,5458,2001,7459,0.0218544,0.0269283,-0.999398,0
0,0,0,0,0,4754,860,5614,1665,7279,-0.0019778,-0.0034508,-0.999992,0
0,0,0,0,0,2849,512,3361,1448,4809,-0.0494098,0.00236834,-0.998776,0
0,0,0,0,0,3177,561,3738,1571,5309,0.00226919,-0.0017844,-0.999996,0
0,0,0,0,0,6676,1245,7921,3698,11619,0.0103859,0.0216929,-0.999711,0
0,0,0,0,0,6906,1195,8101,2225,10326,0.0885705,0.107859,-0.990213,0
0,0,0,0,0,3762,636,4398,1373,5771,0.129398,0.109587,-0.985519,0
0,0,0,0,0,6692,1255,7947,2934,10881,0.0108784,0.00421878,-0.999932,0
0,0,0,0,0,6819,1182,8001,3146,11147,-0.0124777,-0.0202737,-0.999717,0
0,0,0,0,0,3532,629,4161,1357,5518,0.00455445,-0.0133468,-0.999901,0
0,0,0,0,0,7676,1200,8876,3255,12131,-0.00659899,-0.0975061,-0.995213,0
