Downsample[ns],BuildFilTree[ns],SearchFil[ns],DeleteFil[ns],BuildTreeSub[ns],SearchSub[ns],DeleteSub[ns],PreProcTotal[ns],Plane[ns],Total[ns],nx,ny,nz,planeCount
0,0,0,0,0,7026,1211,8237,19844,28081,-0.0884027,-0.0419149,-0.995203,0
0,0,0,0,0,1944,356,2300,979,3279,-0.000950061,0.0554415,-0.998461,0
0,0,0,0,0,2524,460,2984,948,3932,0.0184026,0.0329947,-0.999286,0
0,0,0,0,0,6410,1130,7540,3025,10565,0.0376837,0.0202122,-0.999085,0
0,0,0,0,0,6390,1146,7536,1912,9448,0.0393417,0.0200035,-0.999026,0
0,0,0,0,0,4311,773,5084,1944,7028,0.0103939,-0.00488626,-0.999934,0
0,0,0,0,0,6474,1144,7618,2400,10018,0.0332796,0.0101294,-0.999395,0
0,0,0,0,0,6298,1149,7447,1924,9371,0.0561455,0.0300282,-0.997971,0
0,0,0,0,0,3314,593,3907,1529,5436,0.0527412,0.0421714,-0.997717,0
0,0,0,0,0,6461,1128,7589,3175,10764,0.0518653,0.0495329,-0.997425,0
0,0,0,0,0,6412,1255,7667,2933,10600,0.0252494,0.0122594,-0.999606,0
0,0,0,0,0,4359,777,5136,1773,6909,-0.0132699,0.041152,-0.999065,0
0,0,0,0,0,6681,1220,7901,2710,10611,0.0205969,0.0561135,-0.998212,0
0,0,0,0,0,6558,1128,7686,2944,10630,0.0265953,0.0317523,-0.999142,0
0,0,0,0,0,3298,656,3954,1281,5235,0.0393495,0.0241947,-0.998933,0
0,0,0,0,0,6805,1123,7928,2307,10235,0.0483657,0.030977,-0.998349,0
0,0,0,0,0,6578,1126,7704,2303,10007,0.0356246,0.0415696,-0.9985,0
0,0,0,0,0,3431,595,4026,1756,5782,0.0321393,0.0441798,-0.998506,0
0,0,0,0,0,6321,1125,7446,2952,10398,0.0354911,0.0398617,-0.998575,0
0,0,0,0,0,3794,594,4388,1221,5609,0.031179,0.0312628,-0.999025,0
0,0,0,0,0,2281,519,2800,787,3587,0.0473482,0.0120887,-0.998805,0
0,0,0,0,0,2858,503,3361,1061,4422,0.0480365,0.0163194,-0.998712,0
0,0,0,0,0,6500,1128,7628,3064,10692,0.0413392,0.0152197,-0.999029,0
0,0,0,0,0,6414,1159,7573,2191,9764,0.0422434,0.0334284,-0.998548,0
0,0,0,0,0,4624,813,5437,2029,7466,0.0465033,0.0308319,-0.998442,0
0,0,0,0,0,6578,1139,7717,3231,10948,0.0446404,0.0310984,-0.998519,0
0,0,0,0,0,6640,1224,7864,3046,10910,0.0500933,0.0366717,-0.998071,0
0,0,0,0,0,6808,798,7606,2181,9787,0.0389342,0.0524873,-0.997862,0
0,0,0,0,0,3461,594,4055,1501,5556,0.0573668,0.0609202,-0.996493,0
0,0,0,0,0,6992,1148,8140,3552,11692,0.0564383,0.0622698,-0.996462,0
0,0,0,0,0,6701,1157,7858,3039,10897,0.063404,0.054284,-0.996511,0
0,0,0,0,0,3421,614,4035,2140,6175,0.033936,0.00336595,-0.999418,0
0,0,0,0,0,6497,1133,7630,3378,11008,0.04204,0.032535,-0.998586,0
0,0,0,0,0,6773,1541,8314,2438,10752,0.0936711,0.0321236,-0.995085,0
0,0,0,0,0,4667,815,5482,3220,8702,0.0785008,0.0161317,-0.996784,0
0,0,0,0,0,5974,1036,7010,3000,10010,0.0704822,0.0124732,-0.997435,0
0,0,0,0,0,4134,725,4859,1720,6579,0.0674266,0.0154037,-0.997605,0
0,0,0,0,0,6467,1114,7581,3137,10718,0.0555673,0.0143013,-0.998353,0
0,0,0,0,0,6499,1120,7619,2739,10358,0.0270389,0.031461,-0.999139,0
0,0,0,0,0,5474,790,6264,1428,7692,0.0321912,0.0384548,-0.998742,0
0,0,0,0,0,2575,410,2985,1024,4009,0.019746,0.0497979,-0.998564,0
0,0,0,0,0,1994,353,2347,809,3156,0.0312884,0.0511148,-0.998203,0
0,0,0,0,0,5353,990,6343,2359,8702,0.0511456,0.0523356,-0.997319,0
0,0,0,0,0,6509,1146,7655,3527,11182,0.0611029,0.0748858,-0.995318,0
0,0,0,0,0,4463,777,5240,2832,8072,0.0977006,0.123105,-0.987573,0
0,0,0,0,0,5888,1051,6939,3701,10640,0.106657,0.150002,-0.982916,0
0,0,0,0,0,5945,1039,6984,2854,9838,0.0727024,0.118857,-0.990246,0
0,0,0,0,0,6433,1148,7581,2914,10495,0.0430972,0.0872418,-0.995254,0
0,0,0,0,0,6416,1163,7579,3115,10694,-0.0821134,-0.043431,-0.995676,0
0,0,0,0,0,6399,1185,7584,3093,10677,-0.0266367,-0.00135469,-0.999644,0
0,0,0,0,0,4444,836,5280,2060,7340,-0.0558909,0.00802367,-0.998405,0
0,0,0,0,0,6399,1230,7629,3247,10876,-0.0436839,0.0177827,-0.998887,0
0,0,0,0,0,6389,1212,7601,3154,10755,-0.0370428,-0.00535627,-0.999299,0
0,0,0,0,0,6403,1233,7636,3013,10649,0.00127172,0.00212762,-0.999997,0
0,0,0,0,0,4375,828,5203,1890,7093,-0.0481396,-0.0184681,-0.99867,0
0,0,0,0,0,6493,1213,7706,2526,10232,-0.0463847,-0.0439496,-0.997956,0
0,0,0,0,0,4639,913,5552,1844,7396,-0.0478523,-0.0209103,-0.998636,0
0,0,0,0,0,4425,837,5262,2163,7425,-0.0340875,0.0150342,-0.999306,0
0,0,0,0,0,6515,1222,7737,3363,11100,-0.0751064,0.0412574,-0.996322,0
0,0,0,0,0,7190,1264,8454,3151,11605,-0.0379552,-0.0149045,-0.999168,0
0,0,0,0,0,4447,879,5326,2093,7419,-0.00667278,-0.0115493,-0.999911,0
0,0,0,0,0,6475,1202,7677,3186,10863,-0.0285351,-0.00279707,-0.999589,0
0,0,0,0,0,4446,839,5285,2511,7796,-0.0132032,-0.0159143,-0.999786,0
0,0,0,0,0,6498,1208,7706,3114,10820,-0.010373,-0.0171526,-0.999799,0
0,0,0,0,0,7036,1196,8232,2618,10850,-0.00571763,0.0275724,-0.999603,0
0,0,0,0,0,5875,819,6694,1713,8407,0.0177719,0.0228141,-0.999582,0
0,0,0,0,0,2813,472,3285,950,4235,0.00750164,0.0313591,-0.99948,0
0,0,0,0,0,2229,408,2637,1626,4263,0.0139556,0.0721476,-0.997296,0
0,0,0,0,0,3424,625,4049,1851,5900,0.0259604,0.0542293,-0.998191,0
0,0,0,0,0,6832,1176,8008,2489,10497,0.0218882,0.0829925,-0.99631,0
0,0,0,0,0,3928,617,4545,1604,6149,-0.00389669,0.0460373,-0.998932,0
0,0,0,0,0,2327,420,2747,1013,3760,0.0186435,0.0614475,-0.997936,0
0,0,0,0,0,5849,1068,6917,2704,9621,0.0374488,0.0630964,-0.997305,0
0,0,0,0,0,6593,1150,7743,2962,10705,0.0102225,0.060243,-0.998131,0
0,0,0,0,0,4845,818,5663,1610,7273,0.0119581,0.0558477,-0.998368,0
0,0,0,0,0,6450,1162,7612,2977,10589,0.0325847,0.0928733,-0.995145,0
0,0,0,0,0,6461,1173,7634,2435,10069,-0.00258849,0.0226475,-0.99974,0
0,0,0,0,0,4471,795,5266,1761,7027,0.028972,0.00749889,-0.999552,0
0,0,0,0,0,6737,1211,7948,3011,10959,0.0125188,0.0441176,-0.998948,0
0,0,0,0,0,6593,1156,7749,2001,9750,0.0194624,0.0259311,-0.999474,0
0,0,0,0,0,3395,607,4002,1469,5471,0.0201489,0.0240272,-0.999508,0
0,0,0,0,0,6554,1151,7705,2516,10221,0.0381529,0.0405355,-0.998449,0
0,0,0,0,0,4770,814,5584,2160,7744,0.0235208,0.0500868,-0.998468,0
0,0,0,0,0,6597,1187,7784,2108,9892,0.00397202,0.00728533,-0.999966,0
0,0,0,0,0,4640,826,5466,1913,7379,0.0234102,0.0504202,-0.998454,0
0,0,0,0,0,5911,1068,6979,2545,9524,0.0316618,0.0557597,-0.997942,0
0,0,0,0,0,4141,750,4891,1837,6728,-0.00761584,0.0143046,-0.999869,0
0,0,0,0,0,7440,1155,8595,2177,10772,-0.00802038,0.0228388,-0.999707,0
0,0,0,0,0,6521,1177,7698,2773,10471,-0.00692202,0.0743973,-0.997205,0
0,0,0,0,0,3415,643,4058,1259,5317,0.0142328,0.0206513,-0.999685,0
0,0,0,0,0,2131,356,2487,826,3313,0.00675665,0.00118369,-0.999976,0
0,0,0,0,0,6603,1184,7787,2344,10131,-0.00971466,0.00953171,-0.999907,0
0,0,0,0,0,5099,790,5889,2049,7938,0.0182695,-0.00181597,-0.999831,0
0,0,0,0,0,5966,1057,7023,2617,9640,0.0222192,-0.0142191,-0.999652,0
0,0,0,0,0,6507,1161,7668,2605,10273,0.0266746,-0.0355734,-0.999011,0
0,0,0,0,0,6532,1154,7686,2094,9780,0.00770371,-0.0384283,-0.999232,0
0,0,0,0,0,5881,1056,6937,2348,9285,-0.000488598,-0.076043,-0.997104,0
0,0,0,0,0,6093,1084,7177,2099,9276,-0.000939564,-0.0714749,-0.997442,0
0,0,0,0,0,4129,740,4869,1480,6349,-0.0181896,-0.0656716,-0.997675,0
0,0,0,0,0,6491,1156,7647,2534,10181,0.00441158,-0.0679066,-0.997682,0
0,0,0,0,0,6512,1199,7711,2307,10018,0.00799548,-0.0536755,-0.998526,0
0,0,0,0,0,4546,799,5345,1653,6998,-0.0014952,-0.0557584,-0.998443,0
0,0,0,0,0,6716,1532,8248,2539,10787,0.0103744,-0.0539275,-0.998491,0
0,0,0,0,0,4467,790,5257,1852,7109,0.0076178,-0.0495066,-0.998745,0
0,0,0,0,0,6497,1151,7648,2567,10215,0.00256051,-0.0719469,-0.997405,0
0,0,0,0,0,4537,882,5419,2753,8172,-0.0134963,-0.0184367,-0.999739,0
0,0,0,0,0,6583,1155,7738,2365,10103,-0.00597,-0.00713751,-0.999957,0
0,0,0,0,0,6750,1163,7913,2672,10585,-0.0110868,-0.0286581,-0.999528,0
0,0,0,0,0,6467,1144,7611,1736,9347,-0.00213133,-0.00501282,-0.999985,0
0,0,0,0,0,3535,623,4158,1446,5604,0.0162656,0.0244208,-0.999569,0
0,0,0,0,0,6917,1196,8113,2395,10508,0.0331624,0.0219707,-0.999208,0
0,0,0,0,0,4584,798,5382,1639,7021,0.0194379,0.0428007,-0.998895,0
0,0,0,0,0,7154,1199,8353,2925,11278,0.0170795,0.0143573,-0.999751,0
0,0,0,0,0,4562,814,5376,1800,7176,0.00204797,0.0164783,-0.999862,0
0,0,0,0,0,6228,1065,7293,2300,9593,0.00253201,0.0216402,-0.999763,0
0,0,0,0,0,5287,1058,6345,2980,9325,-0.0166407,-0.0599105,-0.998065,0
0,0,0,0,0,6565,1147,7712,2676,10388,0.0075218,-0.0576128,-0.998311,0
0,0,0,0,0,6567,1150,7717,3118,10835,0.000180111,-0.0261512,-0.999658,0
0,0,0,0,0,7410,1154,8564,1694,10258,-0.00969108,-0.0175824,-0.999798,0
0,0,0,0,0,2972,489,3461,1019,4480,-0.0188549,-0.0377511,-0.999109,0
0,0,0,0,0,2002,355,2357,727,3084,-0.000465487,-0.0219116,-0.99976,0
0,0,0,0,0,6750,1162,7912,2600,10512,0.00174997,-0.00619732,-0.999979,0
0,0,0,0,0,6561,1157,7718,2401,10119,0.0115206,0.0166997,-0.999794,0
0,0,0,0,0,4497,795,5292,1892,7184,0.0125189,0.0489883,-0.998721,0
0,0,0,0,0,6631,1157,7788,2599,10387,0.0152489,0.0658384,-0.997714,0
0,0,0,0,0,4553,839,5392,2383,7775,0.0502594,0.0618443,-0.99682,0
0,0,0,0,0,6479,1155,7634,2293,9927,0.0912921,0.110187,-0.989709,0
0,0,0,0,0,6542,1137,7679,2662,10341,0.128126,0.146424,-0.980889,0
0,0,0,0,0,6604,1180,7784,2793,10577,0.124941,0.202938,-0.971188,0
0,0,0,0,0,3361,581,3942,1005,4947,0.108692,0.183395,-0.977012,0
0,0,0,0,0,2024,356,2380,797,3177,0.143065,0.229663,-0.962698,0
0,0,0,0,0,5214,798,6012,1414,7426,0.145086,0.274969,-0.950443,0
0,0,0,0,0,6482,1149,7631,3296,10927,0.186933,0.327773,-0.926078,0
0,0,0,0,0,7068,1294,8362,1998,10360,0.206404,0.344919,-0.915657,0
0,0,0,0,0,3425,618,4043,1843,5886,0.236186,0.386781,-0.891413,0
0,0,0,0,0,6621,1169,7790,3956,11746,0.323945,0.406158,-0.854456,0
0,0,0,0,0,4264,788,5052,3269,8321,0.320986,0.416423,-0.850623,0
0,0,0,0,0,6783,1196,7979,4059,12038,0.3977,0.458874,-0.794524,0
0,0,0,0,0,4392,758,5150,4545,9695,0.36835,0.421749,-0.828521,0
0,0,0,0,0,4154,727,4881,5338,10219,0.394465,0.422048,-0.816255,0
0,0,0,0,0,6785,1248,8033,5412,13445,0.310085,0.278114,-0.90912,0
0,0,0,0,0,3494,660,4154,4232,8386,0.0577702,0.0182675,-0.998163,0
0,0,0,0,0,7546,1275,8821,5849,14670,0.0585528,-0.00878136,-0.998246,0
0,0,0,0,0,3814,709,4523,3249,7772,0.17426,0.179233,-0.96825,0
0,0,0,0,0,6070,1275,7345,5685,13030,0.1478,0.102499,-0.983692,0
0,0,0,0,0,4378,790,5168,4107,9275,0.0553394,0.0320833,-0.997952,0
0,0,0,0,0,5943,997,6940,4673,11613,0.109608,0.117209,-0.98704,0
0,0,0,0,0,5663,998,6661,3439,10100,0.0414117,-0.0170535,-0.998997,0
0,0,0,0,0,4419,739,5158,3630,8788,0.132296,0.199818,-0.970861,0
0,0,0,0,0,7004,1209,8213,4363,12576,0.179643,0.241018,-0.95375,0
0,0,0,0,0,7230,1216,8446,2744,11190,0.201117,0.2673,-0.942392,0
0,0,0,0,0,3837,763,4600,2413,7013,0.135414,0.162903,-0.977305,0
0,0,0,0,0,7635,1344,8979,4684,13663,0.235507,0.252207,-0.938578,0
0,0,0,0,0,4879,828,5707,2912,8619,0.130163,0.178125,-0.975361,0
0,0,0,0,0,4319,891,5210,3118,8328,0.181331,0.216555,-0.959283,0
0,0,0,0,0,6766,1175,7941,3671,11612,0.186375,0.230791,-0.954987,0
0,0,0,0,0,4574,869,5443,3290,8733,0.229434,0.296898,-0.926937,0
0,0,0,0,0,7743,1279,9022,5037,14059,0.294426,0.327679,-0.897741,0
0,0,0,0,0,4106,636,4742,3824,8566,0.301123,0.341427,-0.890366,0
0,0,0,0,0,2311,357,2668,6611,9279,-0.408302,-0.47761,-0.777932,0
0,0,0,0,0,2632,447,3079,1809,4888,-0.289508,-0.388472,-0.8748,0
0,0,0,0,0,7297,1239,8536,4151,12687,-0.255519,-0.294637,-0.920814,0
0,0,0,0,0,6248,1390,7638,3324,10962,-0.187556,-0.208471,-0.959876,0
0,0,0,0,0,3445,612,4057,2535,6592,-0.0998378,-0.180292,-0.978533,0
0,0,0,0,0,7052,1265,8317,5422,13739,-0.0424119,-0.065324,-0.996962,0
0,0,0,0,0,6069,1110,7179,3529,10708,0.105259,0.0689251,-0.992053,0
0,0,0,0,0,3213,579,3792,4604,8396,0.00653636,0.116977,-0.993113,0
0,0,0,0,0,4823,878,5701,5704,11405,0.0299672,0.222167,-0.974548,0
0,0,0,0,0,6554,1199,7753,7948,15701,0.124967,0.399861,-0.908017,0
0,0,0,0,0,3139,510,3649,2750,6399,0.136546,0.429807,-0.892536,0
0,0,0,0,0,1997,326,2323,3655,5978,0.162176,0.462241,-0.871798,0
0,0,0,0,0,1722,322,2044,1952,3996,0.114153,0.385518,-0.915612,0
0,0,0,0,0,6783,1138,7921,3617,11538,0.132995,0.477532,-0.868491,0
0,0,0,0,0,6058,1086,7144,5314,12458,0.097977,0.450733,-0.887266,0
0,0,0,0,0,7632,1241,8873,4018,12891,0.137901,0.50497,-0.852049,0
0,0,0,0,0,3638,647,4285,3121,7406,0.114716,0.538011,-0.835095,0
0,0,0,0,0,7085,1257,8342,5863,14205,0.196694,0.664545,-0.720896,0
0,0,0,0,0,3749,646,4395,-1000,-1000,-1,-1,-1,0
0,0,0,0,0,3001,547,3548,3400,6948,-0.0451597,-0.121882,-0.991517,0
0,0,0,0,0,6991,1286,8277,5972,14249,-0.00697001,0.0450192,-0.998962,0
0,0,0,0,0,4469,827,5296,3239,8535,0.0350501,0.0356436,-0.99875,0
0,0,0,0,0,6897,1289,8186,4651,12837,0.0293888,-0.0508287,-0.998275,0
0,0,0,0,0,3636,694,4330,3028,7358,0.0616348,0.0708889,-0.995578,0
0,0,0,0,0,6927,1300,8227,3505,11732,0.118237,0.167279,-0.978794,0
0,0,0,0,0,6907,1326,8233,3195,11428,0.0775452,0.0872642,-0.993162,0
0,0,0,0,0,3572,690,4262,2996,7258,0.0893332,0.145596,-0.985303,0
0,0,0,0,0,6899,1297,8196,5771,13967,0.128747,0.238475,-0.962577,0
0,0,0,0,0,4389,828,5217,4423,9640,0.08817,0.0803781,-0.992857,0
0,0,0,0,0,4131,770,4901,3028,7929,0.0779383,0.202208,-0.976236,0
0,0,0,0,0,6811,1332,8143,5983,14126,0.179684,0.341219,-0.92265,0
0,0,0,0,0,3486,547,4033,3147,7180,0.106096,0.175589,-0.97873,0
0,0,0,0,0,2129,399,2528,2556,5084,0.126796,0.0812078,-0.988599,0
0,0,0,0,0,6903,1281,8184,7381,15565,0.0841447,0.273425,-0.958206,0
0,0,0,0,0,3554,557,4111,3343,7454,0.066164,0.273207,-0.959677,0
0,0,0,0,0,2104,394,2498,3037,5535,0.0170059,0.332613,-0.94291,0
0,0,0,0,0,7634,1313,8947,9527,18474,0.0380125,0.316826,-0.947722,0
0,0,0,0,0,3378,628,4006,4030,8036,-0.0109086,0.250249,-0.96812,0
0,0,0,0,0,2014,376,2390,1333,3723,0.00348247,0.246142,-0.969228,0
0,0,0,0,0,6704,1269,7973,4814,12787,0.0181578,0.248045,-0.968578,0
0,0,0,0,0,6009,1116,7125,2944,10069,0.0389308,0.20655,-0.977661,0
0,0,0,0,0,6716,1284,8000,5282,13282,-0.0398683,0.206014,-0.977737,0
0,0,0,0,0,7585,1229,8814,2318,11132,0.033176,0.202574,-0.978705,0
0,0,0,0,0,3549,623,4172,1798,5970,0.015479,0.133437,-0.990936,0
0,0,0,0,0,6846,1174,8020,3170,11190,0.0402969,0.172129,-0.98425,0
0,0,0,0,0,6742,1152,7894,2473,10367,0.0451826,0.217405,-0.975035,0
0,0,0,0,0,3585,603,4188,1819,6007,0.0422241,0.197088,-0.979476,0
0,0,0,0,0,7389,1157,8546,2577,11123,0.0223475,0.264885,-0.964021,0
0,0,0,0,0,6972,1165,8137,2938,11075,0.0254315,0.301302,-0.953189,0
0,0,0,0,0,4079,609,4688,1577,6265,0.030908,0.355959,-0.93399,0
0,0,0,0,0,7241,1182,8423,2996,11419,0.0202117,0.410905,-0.911454,0
0,0,0,0,0,7925,1168,9093,3007,12100,-8.98811e-05,0.469228,-0.883077,0
0,0,0,0,0,3768,610,4378,2084,6462,-0.057776,0.53717,-0.841493,0
0,0,0,0,0,7137,1158,8295,3357,11652,-0.0677105,0.620691,-0.781126,0
0,0,0,0,0,5141,1069,6210,1990,8200,-0.0747954,0.668396,-0.740036,0
0,0,0,0,0,7132,1152,8284,7710,15994,-0.0417821,0.700022,-0.712898,0
0,0,0,0,0,3822,619,4441,-1000,-1000,-1,-1,-1,0
0,0,0,0,0,2243,370,2613,2609,5222,-0.062501,0.632458,-0.772069,0
0,0,0,0,0,7187,1195,8382,7507,15889,0.0434213,0.329689,-0.94309,0
0,0,0,0,0,3688,635,4323,3982,8305,0.0790066,0.0283812,-0.99647,0
0,0,0,0,0,6837,1168,8005,10810,18815,0.0675434,-0.11472,-0.991099,0
0,0,0,0,0,7477,1316,8793,8822,17615,0.046862,0.201791,-0.978307,0
0,0,0,0,0,3361,553,3914,3450,7364,0.0878532,0.118896,-0.989012,0
0,0,0,0,0,1995,350,2345,2742,5087,-0.00697702,0.187487,-0.982242,0
0,0,0,0,0,7483,1303,8786,7036,15822,0.0461136,0.208908,-0.976847,0
0,0,0,0,0,4729,888,5617,5337,10954,0.0358704,0.309334,-0.950277,0
0,0,0,0,0,5982,1076,7058,5677,12735,0.0544606,0.323465,-0.944672,0
0,0,0,0,0,4379,776,5155,4998,10153,0.0770519,0.272346,-0.959109,0
0,0,0,0,0,7311,1295,8606,7609,16215,0.0391479,0.208759,-0.977183,0
0,0,0,0,0,3057,550,3607,3127,6734,0.0293582,0.287058,-0.957463,0
0,0,0,0,0,5932,964,6896,6034,12930,0.0316783,0.24547,-0.968887,0
0,0,0,0,0,5439,980,6419,3898,10317,0.0230385,0.197442,-0.980044,0
0,0,0,0,0,4957,886,5843,4058,9901,0.0113102,0.24232,-0.97013,0
0,0,0,0,0,4918,916,5834,5727,11561,0.0052582,0.251758,-0.967776,0
0,0,0,0,0,4481,821,5302,5154,10456,-0.011852,0.299939,-0.953885,0
0,0,0,0,0,7100,1347,8447,5188,13635,0.00626448,0.337244,-0.941396,0
0,0,0,0,0,4508,904,5412,4724,10136,-0.00718967,0.310288,-0.950616,0
0,0,0,0,0,4543,899,5442,7246,12688,-0.0012727,0.266115,-0.96394,0
0,0,0,0,0,6944,1199,8143,7500,15643,-0.00593,0.268837,-0.963167,0
0,0,0,0,0,3507,622,4129,5304,9433,0.0129531,0.316771,-0.948413,0
0,0,0,0,0,4317,745,5062,13613,18675,0.0431968,-0.296515,-0.954051,0
0,0,0,0,0,3251,588,3839,3049,6888,-0.0027658,0.26535,-0.964148,0
0,0,0,0,0,6044,1069,7113,11746,18859,0.0179609,-0.194,-0.980837,0
0,0,0,0,0,4043,747,4790,8362,13152,0.00279054,0.166006,-0.986121,0
0,0,0,0,0,6092,1093,7185,11810,18995,-0.0576448,-0.109171,-0.99235,0
0,0,0,0,0,2745,522,3267,4911,8178,-0.126855,-0.190941,-0.97337,0
0,0,0,0,0,4603,876,5479,6914,12393,-0.015058,-0.335802,-0.941812,0
0,0,0,0,0,4715,811,5526,2988,8514,-0.0762879,-0.250402,-0.965132,0
0,0,0,0,0,6575,1205,7780,4249,12029,-0.116321,-0.18933,-0.974999,0
0,0,0,0,0,4195,769,4964,3902,8866,-0.166189,-0.094685,-0.981538,0
0,0,0,0,0,6538,1196,7734,4309,12043,-0.187616,-0.0150228,-0.982128,0
0,0,0,0,0,4460,820,5280,3253,8533,-0.23428,0.0654873,-0.969961,0
0,0,0,0,0,4394,777,5171,4438,9609,-0.228542,0.148915,-0.962077,0
0,0,0,0,0,7102,1239,8341,3902,12243,-0.25319,0.246511,-0.935482,0
0,0,0,0,0,4458,1090,5548,3424,8972,-0.274714,0.303317,-0.912431,0
0,0,0,0,0,4574,786,5360,3285,8645,-0.285125,0.339932,-0.896187,0
0,0,0,0,0,8018,1270,9288,3866,13154,-0.329402,0.451742,-0.82911,0
0,0,0,0,0,7359,838,8197,3571,11768,-0.332112,0.485394,-0.808761,0
0,0,0,0,0,2527,371,2898,3498,6396,-0.320793,0.45557,-0.83039,0
0,0,0,0,0,3087,531,3618,2295,5913,-0.309622,0.523096,-0.794043,0
0,0,0,0,0,6786,1106,7892,4345,12237,-0.269393,0.55423,-0.787564,0
0,0,0,0,0,6583,1109,7692,3518,11210,-0.281907,0.634753,-0.719456,0
0,0,0,0,0,4720,844,5564,5165,10729,-0.231006,0.655016,-0.719437,0
0,0,0,0,0,4731,796,5527,5310,10837,-0.0033876,0.675644,-0.73722,0
0,0,0,0,0,7411,1261,8672,4835,13507,0.0340148,0.0354247,-0.998793,0
0,0,0,0,0,4625,826,5451,4421,9872,0.0533674,-0.0866968,-0.994804,0
0,0,0,0,0,5932,1077,7009,4306,11315,0.0213926,-0.0441694,-0.998795,0
0,0,0,0,0,5288,962,6250,4051,10301,0.0201504,-0.0516637,-0.998461,0
0,0,0,0,0,5852,1005,6857,4023,10880,0.00788401,-0.0134268,-0.999879,0
0,0,0,0,0,3876,723,4599,3797,8396,0.0171772,-0.022384,-0.999602,0
0,0,0,0,0,6960,1288,8248,4543,12791,0.0246367,0.0964786,-0.99503,0
0,0,0,0,0,3603,678,4281,3448,7729,0.0241323,-0.0472011,-0.998594,0
0,0,0,0,0,6860,1298,8158,5309,13467,0.0206118,0.0940708,-0.995352,0
0,0,0,0,0,5114,1087,6201,3128,9329,0.0207459,0.0640883,-0.997729,0
0,0,0,0,0,3572,672,4244,2967,7211,0.00820891,0.194087,-0.98095,0
0,0,0,0,0,6884,1294,8178,6598,14776,0.0131234,0.196118,-0.980492,0
0,0,0,0,0,6573,826,7399,5227,12626,0.00450008,0.27772,-0.960651,0
0,0,0,0,0,2635,443,3078,2960,6038,0.0294159,0.320408,-0.946823,0
0,0,0,0,0,1783,346,2129,2172,4301,0.0511833,0.158029,-0.986107,0
0,0,0,0,0,4348,840,5188,6359,11547,0.00284603,0.211007,-0.97748,0
0,0,0,0,0,6766,1297,8063,6558,14621,0.080834,0.336107,-0.938349,0
0,0,0,0,0,4347,836,5183,4859,10042,0.0242261,0.30154,-0.953146,0
0,0,0,0,0,6733,1272,8005,6994,14999,-0.00192403,0.371424,-0.928461,0
0,0,0,0,0,2876,542,3418,2706,6124,0.0359566,0.245035,-0.968847,0
0,0,0,0,0,2346,406,2752,1365,4117,0.069195,0.153493,-0.985724,0
0,0,0,0,0,4366,829,5195,3199,8394,0.0201113,0.200888,-0.979408,0
0,0,0,0,0,6734,1268,8002,3218,11220,0.049253,0.268142,-0.96212,0
0,0,0,0,0,3542,902,4444,2820,7264,-0.0354257,0.159175,-0.986615,0
0,0,0,0,0,6935,1203,8138,3648,11786,-0.0511157,0.275371,-0.959978,0
0,0,0,0,0,5887,819,6706,1618,8324,-0.0580011,0.27716,-0.959072,0
0,0,0,0,0,2772,444,3216,1647,4863,-0.030015,0.234688,-0.971607,0
0,0,0,0,0,2010,341,2351,753,3104,-0.061735,0.274816,-0.959513,0
0,0,0,0,0,6893,1140,8033,3163,11196,-0.065528,0.388552,-0.919094,0
0,0,0,0,0,6944,1141,8085,2664,10749,-0.0906818,0.443518,-0.891666,0
0,0,0,0,0,6973,1142,8115,2033,10148,-0.0657479,0.498364,-0.864471,0
0,0,0,0,0,4549,803,5352,1985,7337,-0.0758097,0.565401,-0.821325,0
0,0,0,0,0,7145,1147,8292,2797,11089,-0.0934019,0.644676,-0.758729,0
0,0,0,0,0,5161,859,6020,-1000,-1000,-1,-1,-1,0
0,0,0,0,0,3895,679,4574,12524,17098,0.0404285,-0.195744,-0.979821,0
0,0,0,0,0,3096,546,3642,4716,8358,0.0360894,0.12719,-0.991222,0
0,0,0,0,0,6205,961,7166,9282,16448,0.031385,0.214701,-0.976175,0
0,0,0,0,0,4194,762,4956,4382,9338,0.067924,0.0848868,-0.994073,0
0,0,0,0,0,5192,935,6127,6586,12713,0.0618573,0.182972,-0.98117,0
0,0,0,0,0,3916,714,4630,5949,10579,0.0869836,0.16218,-0.98292,0
0,0,0,0,0,7052,1149,8201,6234,14435,0.0584151,0.236021,-0.969991,0
0,0,0,0,0,4710,829,5539,4585,10124,0.111534,0.222868,-0.968447,0
0,0,0,0,0,4661,863,5524,3820,9344,0.0719255,0.197008,-0.97776,0
0,0,0,0,0,7236,1322,8558,7193,15751,0.0410399,0.284204,-0.957885,0
0,0,0,0,0,3805,689,4494,4225,8719,0.00494147,0.224852,-0.97438,0
0,0,0,0,0,7150,1304,8454,8903,17357,-0.0333608,0.342552,-0.938907,0
0,0,0,0,0,3874,694,4568,4469,9037,-0.0418206,0.268472,-0.962379,0
0,0,0,0,0,2286,398,2684,3068,5752,-0.0198844,0.245268,-0.969251,0
0,0,0,0,0,2260,411,2671,2466,5137,-0.0368169,0.30844,-0.950531,0
0,0,0,0,0,7175,1314,8489,8308,16797,-0.0243385,0.25453,-0.966759,0
0,0,0,0,0,3188,553,3741,2731,6472,-0.0376462,0.293507,-0.955215,0
0,0,0,0,0,1880,349,2229,2710,4939,-0.0121072,0.174267,-0.984624,0
0,0,0,0,0,2179,415,2594,4283,6877,-0.0152101,0.26131,-0.965135,0
0,0,0,0,0,2568,422,2990,4112,7102,-0.0371156,0.211931,-0.97658,0
0,0,0,0,0,2287,409,2696,5731,8427,-0.0157033,0.273447,-0.961759,0
0,0,0,0,0,2879,509,3388,8167,11555,0.278416,-0.269437,-0.921894,0
0,0,0,0,0,5114,923,6037,11692,17729,0.253774,-0.241446,-0.936644,0
0,0,0,0,0,3738,666,4404,7445,11849,-0.0307584,0.126184,-0.99153,0
0,0,0,0,0,5076,838,5914,14213,20127,0.0216471,-0.0493529,-0.998547,0
0,0,0,0,0,2827,513,3340,2569,5909,-0.0429203,-0.0231855,-0.998809,0
0,0,0,0,0,6631,1219,7850,7201,15051,-0.0833366,0.0137909,-0.996426,0
0,0,0,0,0,4196,789,4985,3210,8195,-0.174054,-0.030505,-0.984264,0
0,0,0,0,0,6509,1256,7765,5182,12947,-0.229344,0.0590434,-0.971553,0
0,0,0,0,0,3583,649,4232,4306,8538,-0.226609,0.151128,-0.962189,0
0,0,0,0,0,6757,1238,7995,6589,14584,-0.283933,0.247804,-0.926269,0
0,0,0,0,0,7159,1235,8394,10186,18580,-0.238926,0.443346,-0.863921,0
0,0,0,0,0,2956,527,3483,6972,10455,-0.269796,0.47048,-0.840154,0
0,0,0,0,0,2165,387,2552,4497,7049,-0.128358,0.552746,-0.823405,0
0,0,0,0,0,1706,298,2004,2028,4032,-0.10365,0.575109,-0.811484,0
0,0,0,0,0,3971,818,4789,3230,8019,-0.0733079,0.603,-0.794366,0
0,0,0,0,0,7014,1217,8231,4367,12598,-0.0669625,0.66203,-0.74648,0
0,0,0,0,0,4917,909,5826,9814,15640,0.166952,0.545556,-0.821277,0
0,0,0,0,0,2522,441,2963,2024,4987,0.00676593,0.0433862,-0.999035,0
0,0,0,0,0,6475,1202,7677,9124,16801,-0.0252278,0.14708,-0.988803,0
0,0,0,0,0,3564,657,4221,4326,8547,-0.000742245,0.0713469,-0.997451,0
0,0,0,0,0,7488,1368,8856,8089,16945,-0.0150134,-0.0274264,-0.999511,0
0,0,0,0,0,3768,696,4464,3501,7965,0.0274887,0.0205891,-0.99941,0
0,0,0,0,0,4160,961,5121,4167,9288,0.0183361,0.0316759,-0.99933,0
0,0,0,0,0,6965,1284,8249,3956,12205,0.0351726,-0.000945936,-0.999381,0
0,0,0,0,0,3671,680,4351,3466,7817,-0.000854781,0.145771,-0.989318,0
0,0,0,0,0,7080,1362,8442,4991,13433,0.0203554,0.143521,-0.989438,0
0,0,0,0,0,7005,908,7913,3135,11048,-0.0188173,0.190146,-0.981576,0
0,0,0,0,0,2918,570,3488,2690,6178,0.000108096,0.104729,-0.994501,0
0,0,0,0,0,6888,1321,8209,7132,15341,-0.0522683,0.282843,-0.957741,0
0,0,0,0,0,4654,955,5609,5459,11068,-0.0272667,0.0698959,-0.997182,0
0,0,0,0,0,4711,894,5605,7579,13184,-0.0525949,0.265738,-0.962609,0
0,0,0,0,0,4691,935,5626,8315,13941,0.0246273,0.241231,-0.970155,0
0,0,0,0,0,6986,1000,7986,6003,13989,-0.00423606,0.38121,-0.924479,0
0,0,0,0,0,3182,427,3609,1896,5505,-0.00978446,0.293416,-0.955935,0
0,0,0,0,0,2172,408,2580,2294,4874,0.00760989,0.347752,-0.937556,0
0,0,0,0,0,6993,1288,8281,5008,13289,0.0313423,0.316999,-0.947908,0
0,0,0,0,0,6888,1276,8164,3338,11502,0.0084624,0.348802,-0.937158,0
0,0,0,0,0,3779,653,4432,2443,6875,0.0184407,0.336568,-0.941478,0
0,0,0,0,0,7768,1263,9031,3115,12146,0.00195409,0.303537,-0.952818,0
0,0,0,0,0,3704,637,4341,1648,5989,-0.0131695,0.240334,-0.970601,0
0,0,0,0,0,7205,1194,8399,3369,11768,-0.0210233,0.244037,-0.969538,0
0,0,0,0,0,4707,847,5554,2577,8131,-0.0678524,0.266545,-0.961431,0
0,0,0,0,0,6865,1154,8019,2989,11008,-0.0790978,0.297876,-0.951322,0
0,0,0,0,0,6979,1167,8146,2678,10824,-0.102377,0.336727,-0.93602,0
0,0,0,0,0,4906,793,5699,1910,7609,-0.129294,0.343564,-0.930186,0
0,0,0,0,0,7245,1152,8397,2752,11149,-0.111952,0.4487,-0.886642,0
0,0,0,0,0,5005,844,5849,2381,8230,-0.150214,0.522866,-0.839075,0
0,0,0,0,0,7180,1154,8334,2644,10978,-0.203153,0.567038,-0.798246,0
0,0,0,0,0,5041,822,5863,1878,7741,-0.229577,0.598602,-0.767444,0
0,0,0,0,0,7183,1160,8343,2826,11169,-0.231903,0.63983,-0.732693,0
0,0,0,0,0,5128,836,5964,2190,8154,-0.232811,0.652595,-0.721054,0
0,0,0,0,0,7108,1157,8265,6467,14732,-0.151141,0.679457,-0.717979,0
0,0,0,0,0,3792,632,4424,4311,8735,-0.0125575,0.518578,-0.854938,0
0,0,0,0,0,6596,1043,7639,7014,14653,0.120365,0.0449624,-0.991711,0
0,0,0,0,0,4479,774,5253,6747,12000,0.117283,0.240913,-0.963434,0
0,0,0,0,0,4225,729,4954,3473,8427,-0.0174424,0.12515,-0.991984,0
0,0,0,0,0,7343,1296,8639,6145,14784,0.0834757,0.0420955,-0.99562,0
0,0,0,0,0,3840,674,4514,3916,8430,0.0680378,0.126694,-0.989606,0
0,0,0,0,0,6157,1076,7233,6925,14158,0.01026,0.215546,-0.97644,0
0,0,0,0,0,4318,788,5106,4528,9634,0.0222532,0.260852,-0.965122,0
0,0,0,0,0,7321,1311,8632,5818,14450,-0.0167907,0.32462,-0.945696,0
0,0,0,0,0,3766,689,4455,2916,7371,-0.0357876,0.334163,-0.941836,0
0,0,0,0,0,7116,1322,8438,6723,15161,-0.0463935,0.32271,-0.94536,0
0,0,0,0,0,3819,677,4496,3318,7814,-0.0222679,0.273958,-0.961484,0
0,0,0,0,0,7116,1334,8450,8014,16464,0.00136144,0.354593,-0.93502,0
0,0,0,0,0,3671,662,4333,7350,11683,0.0150034,0.39335,-0.919266,0
0,0,0,0,0,4420,768,5188,16871,22059,0.0818068,-0.20295,-0.975766,0
0,0,0,0,0,2793,506,3299,4783,8082,-0.0427977,0.265727,-0.963098,0
0,0,0,0,0,6443,1100,7543,8396,15939,0.0129489,-0.0325995,-0.999385,0
0,0,0,0,0,4326,828,5154,6574,11728,-0.0228766,0.140531,-0.989812,0
0,0,0,0,0,6097,1100,7197,14173,21370,0.0309909,0.154867,-0.987449,0
0,0,0,0,0,2715,486,3201,5388,8589,0.070779,0.125254,-0.989597,0
0,0,0,0,0,6527,1203,7730,9409,17139,0.0607163,0.201802,-0.977543,0
0,0,0,0,0,3424,590,4014,3709,7723,-0.0302244,0.218358,-0.975401,0
0,0,0,0,0,6742,1202,7944,4090,12034,-0.0440425,0.359409,-0.93214,0
0,0,0,0,0,4676,823,5499,3835,9334,-0.0479777,0.429733,-0.901681,0
0,0,0,0,0,7004,1222,8226,4419,12645,-0.115029,0.393212,-0.912224,0
0,0,0,0,0,3684,646,4330,2038,6368,-0.132911,0.406507,-0.903928,0
0,0,0,0,0,7025,1234,8259,4276,12535,-0.162568,0.494958,-0.853574,0
0,0,0,0,0,7131,1263,8394,3451,11845,-0.157436,0.530432,-0.83298,0
0,0,0,0,0,3961,663,4624,1810,6434,-0.175402,0.560213,-0.809565,0
0,0,0,0,0,7722,1238,8960,4686,13646,-0.231709,0.655394,-0.718867,0
0,0,0,0,0,3992,669,4661,-1000,-1000,-1,-1,-1,0
0,0,0,0,0,2661,510,3171,1683,4854,0.0200534,-0.0220974,-0.999555,0
0,0,0,0,0,7231,1331,8562,5520,14082,0.0520736,-0.0142655,-0.998541,0
0,0,0,0,0,7060,1336,8396,3110,11506,0.0414901,0.0900749,-0.99507,0
0,0,0,0,0,3355,587,3942,1426,5368,0.0364616,0.0451054,-0.998317,0
0,0,0,0,0,5235,964,6199,3573,9772,0.0358248,0.00455205,-0.999348,0
0,0,0,0,0,6888,1316,8204,3401,11605,0.00140502,0.165376,-0.98623,0
0,0,0,0,0,6871,1300,8171,3094,11265,0.0269593,0.152318,-0.987964,0
0,0,0,0,0,3557,696,4253,3000,7253,0.0149892,0.105949,-0.994259,0
0,0,0,0,0,6678,1296,7974,4372,12346,-0.0199122,0.228736,-0.973285,0
0,0,0,0,0,4368,849,5217,4342,9559,-0.0161437,0.219696,-0.975435,0
0,0,0,0,0,6663,1294,7957,4818,12775,-0.0810054,0.281364,-0.956176,0
0,0,0,0,0,7125,1145,8270,4151,12421,-0.1178,0.235091,-0.964808,0
0,0,0,0,0,2828,560,3388,3078,6466,-0.057088,0.154954,-0.986271,0
0,0,0,0,0,6812,1300,8112,4845,12957,-0.129469,0.24039,-0.962003,0
0,0,0,0,0,4443,816,5259,2997,8256,-0.141956,0.205421,-0.968324,0
0,0,0,0,0,6467,1440,7907,3182,11089,-0.170309,0.179931,-0.968824,0
0,0,0,0,0,4429,911,5340,2400,7740,-0.123802,0.175928,-0.976587,0
0,0,0,0,0,6923,1273,8196,3275,11471,-0.113725,0.154917,-0.98136,0
0,0,0,0,0,4562,866,5428,2108,7536,-0.142088,0.133765,-0.980774,0
0,0,0,0,0,7232,1215,8447,3093,11540,-0.19405,0.195771,-0.961259,0
0,0,0,0,0,6590,818,7408,2197,9605,-0.214432,0.241959,-0.946296,0
0,0,0,0,0,2987,491,3478,1194,4672,-0.253926,0.283897,-0.924621,0
0,0,0,0,0,8131,1217,9348,2978,12326,-0.371624,0.369948,-0.851489,0
0,0,0,0,0,8089,1175,9264,1804,11068,-0.494062,0.424492,-0.758755,0
0,0,0,0,0,3957,622,4579,-1000,-1000,-1,-1,-1,0
0,0,0,0,0,7543,1211,8754,-1000,-1000,-1,-1,-1,0
0,0,0,0,0,2335,412,2747,3158,5905,-0.242028,0.108031,-0.964236,0
0,0,0,0,0,2157,373,2530,2467,4997,-0.270073,0.186307,-0.944643,0
0,0,0,0,0,5259,963,6222,6069,12291,-0.321509,0.246094,-0.914368,0
0,0,0,0,0,6917,1226,8143,6195,14338,-0.341454,0.216829,-0.914546,0
0,0,0,0,0,4706,882,5588,4164,9752,-0.0873916,0.133311,-0.987214,0
0,0,0,0,0,4335,800,5135,3732,8867,-0.105046,0.0826634,-0.991026,0
0,0,0,0,0,7053,1304,8357,4832,13189,-0.247126,0.0907914,-0.96472,0
0,0,0,0,0,6293,1163,7456,4636,12092,-0.174508,0.0732179,-0.98193,0
0,0,0,0,0,4332,857,5189,2839,8028,-0.252985,0.127041,-0.959093,0
0,0,0,0,0,7732,1376,9108,3798,12906,-0.242668,0.0920387,-0.965733,0
0,0,0,0,0,3537,700,4237,2539,6776,-0.245015,0.0610992,-0.967592,0
0,0,0,0,0,7082,1416,8498,4218,12716,-0.239715,0.0719411,-0.968174,0
0,0,0,0,0,5759,847,6606,2729,9335,-0.310807,0.0827026,-0.946868,0
0,0,0,0,0,2653,480,3133,3434,6567,-0.346476,0.103323,-0.932351,0
0,0,0,0,0,3474,815,4289,8869,13158,0.135626,0.13386,-0.981676,0
0,0,0,0,0,4341,871,5212,2395,7607,-0.114097,0.0418813,-0.992586,0
0,0,0,0,0,6153,1202,7355,10507,17862,-0.0346571,0.160124,-0.986488,0
0,0,0,0,0,2666,542,3208,2491,5699,-0.15289,0.0464775,-0.98715,0
0,0,0,0,0,1913,371,2284,2362,4646,-0.0511953,-0.015648,-0.998566,0
0,0,0,0,0,4957,1002,5959,8191,14150,-0.13432,-0.0898554,-0.986856,0
0,0,0,0,0,5267,976,6243,5563,11806,-0.247502,-0.116237,-0.96189,0
0,0,0,0,0,5197,933,6130,3901,10031,-0.314468,-0.132574,-0.939965,0
0,0,0,0,0,5781,894,6675,3510,10185,-0.387177,-0.15718,-0.908509,0
0,0,0,0,0,6472,1115,7587,2881,10468,-0.47007,-0.207446,-0.857905,0
0,0,0,0,0,3379,820,4199,2313,6512,-0.503554,-0.225276,-0.834077,0
0,0,0,0,0,6436,1063,7499,3917,11416,-0.615139,-0.252217,-0.746988,0
0,0,0,0,0,4455,849,5304,2499,7803,-0.576974,-0.211662,-0.78886,0
0,0,0,0,0,7126,1251,8377,3180,11557,-0.667109,-0.176559,-0.723735,0
0,0,0,0,0,4394,791,5185,2750,7935,-0.151423,-0.03941,-0.987683,0
0,0,0,0,0,7262,1322,8584,3332,11916,-0.0694602,-0.00667671,-0.997562,0
0,0,0,0,0,4618,887,5505,2249,7754,-0.0635911,-0.0158984,-0.997849,0
0,0,0,0,0,6368,1300,7668,3513,11181,-0.108335,0.0472749,-0.99299,0
0,0,0,0,0,3740,637,4377,1888,6265,-0.0629568,-0.0022638,-0.998014,0
0,0,0,0,0,2101,444,2545,1402,3947,-0.0405139,-0.00599386,-0.999161,0
0,0,0,0,0,5975,1307,7282,5015,12297,-0.178261,0.0215633,-0.983747,0
0,0,0,0,0,6230,1323,7553,3995,11548,-0.249032,0.0313187,-0.967989,0
0,0,0,0,0,4128,931,5059,4733,9792,-0.257763,0.0262792,-0.965851,0
0,0,0,0,0,6396,1315,7711,5622,13333,-0.417613,-0.0178246,-0.90845,0
0,0,0,0,0,3104,684,3788,6809,10597,-0.310914,-0.0429874,-0.949465,0
0,0,0,0,0,5180,1066,6246,10237,16483,-0.261629,-0.00554107,-0.965153,0
0,0,0,0,0,3574,759,4333,5897,10230,-0.11481,-0.0266909,-0.993029,0
0,0,0,0,0,2815,601,3416,4936,8352,-0.114748,-0.0176668,-0.993237,0
0,0,0,0,0,5773,1241,7014,6472,13486,-0.382435,-0.0329356,-0.923395,0
0,0,0,0,0,4185,811,4996,3417,8413,-0.329523,-0.0708973,-0.941482,0
0,0,0,0,0,5577,1036,6613,3456,10069,-0.349742,-0.123205,-0.928709,0
0,0,0,0,0,6705,1240,7945,4142,12087,-0.458527,-0.191632,-0.867773,0
0,0,0,0,0,4254,628,4882,2136,7018,-0.434394,-0.11573,-0.893257,0
0,0,0,0,0,2448,430,2878,1341,4219,-0.344364,-0.0933634,-0.934182,0
0,0,0,0,0,2024,343,2367,1078,3445,-0.432378,-0.229595,-0.871972,0
0,0,0,0,0,7104,1139,8243,3835,12078,-0.568088,-0.3198,-0.75829,0
0,0,0,0,0,6989,1216,8205,2733,10938,-0.564579,-0.386846,-0.72911,0
0,0,0,0,0,3701,629,4330,-1000,-1000,-1,-1,-1,0
0,0,0,0,0,3481,669,4150,4502,8652,-0.199829,-0.0678593,-0.977478,0
0,0,0,0,0,7964,1383,9347,8561,17908,-0.315293,-0.182683,-0.931245,0
0,0,0,0,0,3826,684,4510,3981,8491,-0.368949,-0.289985,-0.883055,0
0,0,0,0,0,7322,1366,8688,6252,14940,-0.247622,-0.061531,-0.966901,0
0,0,0,0,0,4927,935,5862,4302,10164,-0.28198,-0.146016,-0.948244,0
0,0,0,0,0,5858,1067,6925,5456,12381,-0.222375,-0.120333,-0.967507,0
0,0,0,0,0,6995,1373,8368,6542,14910,-0.258888,-0.194956,-0.946028,0
0,0,0,0,0,5687,922,6609,2758,9367,-0.305963,-0.310139,-0.900111,0
0,0,0,0,0,2593,473,3066,1509,4575,-0.193519,-0.145445,-0.970256,0
0,0,0,0,0,2039,391,2430,1561,3991,-0.256159,-0.214118,-0.942622,0
0,0,0,0,0,7016,1317,8333,4640,12973,-0.275506,-0.193068,-0.941712,0
0,0,0,0,0,7029,1348,8377,2977,11354,-0.27928,-0.254547,-0.925856,0
0,0,0,0,0,3675,678,4353,2530,6883,-0.237843,-0.208006,-0.94877,0
0,0,0,0,0,7157,1312,8469,3244,11713,-0.244428,-0.252653,-0.936174,0
0,0,0,0,0,6319,1093,7412,9185,16597,-0.363437,-0.410993,-0.836061,0
0,0,0,0,0,3428,583,4011,17547,21558,0.339718,0.0471306,-0.939346,0
0,0,0,0,0,2116,376,2492,1597,4089,-0.0919903,-0.0755628,-0.992889,0
0,0,0,0,0,7173,1177,8350,14401,22751,0.205666,-0.154859,-0.966292,0
0,0,0,0,0,3733,517,4250,3638,7888,0.190538,-0.142412,-0.971295,0
0,0,0,0,0,3344,583,3927,2138,6065,0.0966921,-0.133762,-0.986285,0
0,0,0,0,0,7075,1193,8268,3290,11558,-0.00286277,-0.172263,-0.985047,0
0,0,0,0,0,7095,1253,8348,3168,11516,-0.15698,-0.255788,-0.953902,0
0,0,0,0,0,4796,877,5673,2581,8254,-0.189357,-0.267644,-0.944728,0
0,0,0,0,0,6990,1257,8247,3853,12100,-0.318735,-0.322028,-0.891463,0
0,0,0,0,0,7183,1195,8378,4678,13056,-0.236343,-0.182258,-0.954423,0
0,0,0,0,0,3876,659,4535,1167,5702,-0.149319,-0.0881744,-0.98485,0
0,0,0,0,0,2540,475,3015,1000,4015,-0.0885097,-0.080069,-0.992852,0
0,0,0,0,0,4383,825,5208,2148,7356,0.0371841,0.0291214,-0.998884,0
0,0,0,0,0,7086,1346,8432,4188,12620,-0.0276865,-0.0230684,-0.99935,0
0,0,0,0,0,4654,924,5578,2638,8216,-0.0315828,-0.048304,-0.998333,0
0,0,0,0,0,6852,1319,8171,3101,11272,-0.0576644,-0.0432138,-0.9974,0
0,0,0,0,0,4582,959,5541,2878,8419,-0.190084,-0.113188,-0.975221,0
0,0,0,0,0,5335,1085,6420,3103,9523,-0.150912,-0.113506,-0.982009,0
0,0,0,0,0,6426,1336,7762,3558,11320,-0.190728,-0.157843,-0.96887,0
0,0,0,0,0,4502,970,5472,2678,8150,-0.155373,-0.121382,-0.98037,0
0,0,0,0,0,6559,1324,7883,5776,13659,-0.351408,-0.273477,-0.89539,0
0,0,0,0,0,3706,689,4395,3336,7731,-0.20429,-0.18055,-0.962116,0
0,0,0,0,0,2074,402,2476,2099,4575,-0.181376,-0.0865239,-0.9796,0
0,0,0,0,0,2086,373,2459,2866,5325,-0.28289,-0.189106,-0.940325,0
0,0,0,0,0,6404,1246,7650,10515,18165,-0.288803,-0.229078,-0.929579,0
0,0,0,0,0,4597,822,5419,4334,9753,-0.252183,-0.211103,-0.944372,0
0,0,0,0,0,5777,1052,6829,5713,12542,-0.317109,-0.244593,-0.916306,0
0,0,0,0,0,5304,966,6270,4420,10690,-0.276914,-0.216303,-0.936233,0
0,0,0,0,0,6872,1226,8098,4766,12864,-0.279787,-0.231873,-0.931641,0
0,0,0,0,0,3744,644,4388,3194,7582,-0.230968,-0.135207,-0.963521,0
0,0,0,0,0,6764,1208,7972,4140,12112,-0.199959,-0.182689,-0.962622,0
0,0,0,0,0,6823,1187,8010,2211,10221,-0.201645,-0.209128,-0.956872,0
0,0,0,0,0,4513,870,5383,1575,6958,-0.21957,-0.234945,-0.946884,0
0,0,0,0,0,6688,1151,7839,2537,10376,-0.254043,-0.279703,-0.925866,0
0,0,0,0,0,5772,1043,6815,2665,9480,-0.328855,-0.387801,-0.861083,0
0,0,0,0,0,5917,1025,6942,3465,10407,-0.376752,-0.443536,-0.813224,0
0,0,0,0,0,5379,936,6315,3260,9575,-0.468899,-0.473026,-0.745909,0
0,0,0,0,0,6657,1145,7802,-1000,-1000,-1,-1,-1,0
0,0,0,0,0,3020,551,3571,2821,6392,-0.27567,-0.165274,-0.946938,0
0,0,0,0,0,1880,356,2236,2234,4470,-0.188057,0.0106894,-0.9821,0
0,0,0,0,0,2556,488,3044,2722,5766,-0.215884,-0.0336359,-0.975839,0
0,0,0,0,0,6959,1287,8246,7496,15742,-0.161897,0.00338773,-0.986802,0
0,0,0,0,0,4918,924,5842,4329,10171,-0.224798,-0.127844,-0.965982,0
0,0,0,0,0,7141,1381,8522,4713,13235,-0.179496,-0.061419,-0.981839,0
0,0,0,0,0,3841,685,4526,1680,6206,-0.20677,-0.125134,-0.970354,0
0,0,0,0,0,2218,401,2619,1761,4380,-0.294379,-0.322064,-0.899787,0
0,0,0,0,0,4596,828,5424,3232,8656,-0.235999,-0.188563,-0.953283,0
0,0,0,0,0,7182,1305,8487,4953,13440,-0.209704,-0.296879,-0.931605,0
0,0,0,0,0,4938,913,5851,3600,9451,-0.208978,-0.293635,-0.932795,0
0,0,0,0,0,6106,1056,7162,4892,12054,-0.268613,-0.3442,-0.899652,0
0,0,0,0,0,6733,1083,7816,3798,11614,-0.209194,-0.274108,-0.938671,0
0,0,0,0,0,4367,765,5132,3563,8695,-0.189642,-0.236226,-0.953013,0
0,0,0,0,0,7511,1429,8940,3951,12891,-0.256534,-0.378631,-0.889286,0
0,0,0,0,0,7338,1083,8421,7879,16300,0.332381,0.450014,-0.828861,0
0,0,0,0,0,3020,464,3484,2049,5533,0.277795,0.426521,-0.860761,0
0,0,0,0,0,5692,951,6643,2953,9596,0.2962,0.313914,-0.902066,0
0,0,0,0,0,7041,1240,8281,4190,12471,0.269819,0.186483,-0.944681,0
0,0,0,0,0,4973,891,5864,3816,9680,0.207753,0.124056,-0.970283,0
0,0,0,0,0,7086,1254,8340,5330,13670,0.197782,0.0445842,-0.979232,0
0,0,0,0,0,4891,908,5799,3502,9301,0.171978,-0.0154176,-0.98498,0
0,0,0,0,0,4967,830,5797,2989,8786,0.1615,-0.0585882,-0.985132,0
0,0,0,0,0,7403,1230,8633,4254,12887,0.131213,-0.125754,-0.983346,0
0,0,0,0,0,3800,640,4440,2485,6925,0.0964928,-0.20837,-0.973279,0
0,0,0,0,0,6753,1275,8028,5702,13730,0.0584592,-0.272377,-0.960413,0
0,0,0,0,0,4857,859,5716,2943,8659,-0.067836,-0.359304,-0.930752,0
0,0,0,0,0,4339,971,5310,2121,7431,-0.0580337,-0.446548,-0.892876,0
0,0,0,0,0,6835,1196,8031,4211,12242,-0.0897641,-0.516392,-0.851635,0
0,0,0,0,0,4836,835,5671,2747,8418,-0.102806,-0.541187,-0.834594,0
0,0,0,0,0,6409,1113,7522,4096,11618,-0.200331,-0.632574,-0.748143,0
0,0,0,0,0,5772,996,6768,-1000,-1000,-1,-1,-1,0
0,0,0,0,0,3913,648,4561,2998,7559,-0.0508656,-0.0817761,-0.995352,0
0,0,0,0,0,6374,1158,7532,5864,13396,-0.0312805,0.0407959,-0.998678,0
0,0,0,0,0,4561,867,5428,4452,9880,-0.0433687,-0.0846934,-0.995463,0
0,0,0,0,0,6429,1060,7489,4978,12467,-0.0706545,-0.00106734,-0.9975,0
0,0,0,0,0,4236,790,5026,3311,8337,-0.0582963,-0.00496875,-0.998287,0
0,0,0,0,0,6867,1366,8233,4366,12599,-0.126995,-0.0984456,-0.987006,0
0,0,0,0,0,3582,678,4260,2977,7237,-0.0317437,-0.0225852,-0.999241,0
0,0,0,0,0,6742,1299,8041,5256,13297,-0.0819923,-0.197784,-0.97681,0
0,0,0,0,0,4704,900,5604,4536,10140,-0.14353,-0.258932,-0.955172,0
0,0,0,0,0,6797,1295,8092,9292,17384,-0.106101,-0.163243,-0.980864,0
0,0,0,0,0,4911,899,5810,5829,11639,-0.0930903,-0.283906,-0.954323,0
0,0,0,0,0,3614,675,4289,5967,10256,-0.0872363,-0.229954,-0.969284,0
0,0,0,0,0,5649,1071,6720,7188,13908,-0.0958044,-0.306909,-0.946905,0
0,0,0,0,0,4221,775,4996,3468,8464,-0.108917,-0.33438,-0.936124,0
0,0,0,0,0,7803,1345,9148,4462,13610,-0.146534,-0.358277,-0.922044,0
0,0,0,0,0,3694,695,4389,3001,7390,-0.00393392,-0.282313,-0.959314,0
0,0,0,0,0,7797,1290,9087,4020,13107,-0.026133,-0.343013,-0.938967,0
0,0,0,0,0,4880,842,5722,3293,9015,-0.00690771,-0.327082,-0.944971,0
0,0,0,0,0,4700,828,5528,3554,9082,0.0035811,-0.274454,-0.961594,0
0,0,0,0,0,7159,1173,8332,4320,12652,-0.0419931,-0.293757,-0.954957,0
0,0,0,0,0,5082,825,5907,3964,9871,0.00432226,-0.378907,-0.925425,0
0,0,0,0,0,3760,616,4376,2359,6735,0.0473872,-0.441795,-0.895864,0
0,0,0,0,0,7506,1154,8660,4148,12808,0.0372287,-0.589598,-0.806838,0
0,0,0,0,0,4971,863,5834,3043,8877,0.0137127,-0.700928,-0.7131,0
0,0,0,0,0,2414,402,2816,-1000,-1000,-1,-1,-1,0
0,0,0,0,0,7180,1327,8507,9554,18061,-0.0898378,-0.119761,-0.98873,0
0,0,0,0,0,5012,890,5902,5468,11370,-0.0647583,-0.0996753,-0.99291,0
0,0,0,0,0,3842,686,4528,4634,9162,-0.0792453,-0.100567,-0.991769,0
0,0,0,0,0,7660,1366,9026,4893,13919,-0.0611846,-0.168482,-0.983804,0
0,0,0,0,0,5058,912,5970,3868,9838,-0.0727337,-0.344164,-0.936088,0
0,0,0,0,0,3821,688,4509,2249,6758,-0.0418483,-0.324078,-0.945104,0
0,0,0,0,0,7493,1312,8805,6097,14902,-0.0533972,-0.283927,-0.957358,0
0,0,0,0,0,5219,1068,6287,4040,10327,-0.0506851,-0.269593,-0.96164,0
0,0,0,0,0,3858,698,4556,2390,6946,-0.0145566,-0.327941,-0.944586,0
0,0,0,0,0,7624,1295,8919,3913,12832,-0.0356325,-0.302701,-0.952419,0
0,0,0,0,0,3707,688,4395,2676,7071,-0.00905433,-0.291951,-0.95639,0
0,0,0,0,0,7123,1320,8443,6253,14696,0.0254273,-0.335114,-0.941835,0
0,0,0,0,0,4866,908,5774,3267,9041,0.0107441,-0.325963,-0.945321,0
0,0,0,0,0,4452,781,5233,18201,23434,0.0108829,-0.426528,-0.904409,0
0,0,0,0,0,2367,415,2782,9115,11897,-0.0999292,0.14309,-0.984652,0
0,0,0,0,0,3622,668,4290,8425,12715,-0.00995738,-0.21693,-0.976136,0
0,0,0,0,0,6836,1245,8081,9641,17722,0.0358426,0.130602,-0.990787,0
0,0,0,0,0,2902,529,3431,5043,8474,0.0625202,0.168642,-0.983693,0
0,0,0,0,0,5240,908,6148,6899,13047,0.0707007,0.284018,-0.956209,0
0,0,0,0,0,5300,1068,6368,2979,9347,0.0676284,0.192986,-0.978868,0
0,0,0,0,0,4599,830,5429,6459,11888,0.0234706,-0.0912396,-0.995552,0
0,0,0,0,0,6802,1132,7934,4554,12488,0.0793441,-0.181258,-0.98023,0
0,0,0,0,0,4295,799,5094,6843,11937,-0.0206497,-0.092854,-0.995466,0
0,0,0,0,0,4293,718,5011,2539,7550,-0.0333226,-0.0655409,-0.997293,0
0,0,0,0,0,6914,1251,8165,3245,11410,-0.0341502,-0.100177,-0.994383,0
0,0,0,0,0,5126,893,6019,1828,7847,-0.0207439,-0.123821,-0.992088,0
0,0,0,0,0,7145,1272,8417,2405,10822,-0.0227021,-0.140799,-0.989778,0
0,0,0,0,0,5230,887,6117,2594,8711,0.0150579,-0.162902,-0.986527,0
0,0,0,0,0,7067,1276,8343,3786,12129,0.0300057,-0.14735,-0.988629,0
0,0,0,0,0,4949,889,5838,2673,8511,0.0246843,-0.132059,-0.990935,0
0,0,0,0,0,7143,1296,8439,5358,13797,0.035748,-0.162964,-0.985984,0
0,0,0,0,0,7215,1293,8508,5192,13700,0.0561152,-0.2315,-0.971215,0
0,0,0,0,0,3552,548,4100,1440,5540,0.0313887,-0.152708,-0.987773,0
0,0,0,0,0,2546,460,3006,1674,4680,-0.0342267,-0.0659573,-0.997235,0
0,0,0,0,0,6945,1334,8279,3533,11812,-0.00163333,-0.214346,-0.976756,0
0,0,0,0,0,6936,1296,8232,4655,12887,-0.0912411,-0.302012,-0.948928,0
0,0,0,0,0,6966,1335,8301,4207,12508,-0.103723,-0.407577,-0.907261,0
0,0,0,0,0,4952,806,5758,2980,8738,-0.150816,-0.395924,-0.905814,0
0,0,0,0,0,2425,398,2823,2513,5336,-0.134629,-0.502376,-0.854104,0
0,0,0,0,0,2195,419,2614,2189,4803,-0.135621,-0.310909,-0.940714,0
0,0,0,0,0,6940,1298,8238,4925,13163,-0.110623,-0.565974,-0.816968,0
0,0,0,0,0,4346,787,5133,2874,8007,-0.000619575,-0.430677,-0.902506,0
0,0,0,0,0,2535,412,2947,1098,4045,-0.0119322,-0.342457,-0.939458,0
0,0,0,0,0,2416,436,2852,1140,3992,-0.0297493,-0.320897,-0.946647,0
0,0,0,0,0,5654,1031,6685,2414,9099,-0.00583851,-0.347433,-0.937687,0
0,0,0,0,0,7538,1223,8761,4695,13456,-0.000331288,-0.450955,-0.892547,0
0,0,0,0,0,4784,819,5603,2426,8029,-0.00592396,-0.34426,-0.938856,0
0,0,0,0,0,2548,418,2966,1186,4152,0.0364719,-0.261557,-0.964499,0
0,0,0,0,0,1897,315,2212,812,3024,0.0282569,-0.327286,-0.944503,0
0,0,0,0,0,6796,1097,7893,2963,10856,0.0022428,-0.372799,-0.927909,0
0,0,0,0,0,7107,1069,8176,1944,10120,-0.0413537,-0.264383,-0.963531,0
0,0,0,0,0,3767,666,4433,2479,6912,-0.0732613,-0.129525,-0.988866,0
0,0,0,0,0,6661,1213,7874,4804,12678,-0.0691012,-0.201942,-0.976957,0
0,0,0,0,0,4651,820,5471,3732,9203,-0.0532178,-0.27715,-0.959352,0
0,0,0,0,0,5991,1076,7067,6299,13366,-0.079876,-0.0210991,-0.996581,0
0,0,0,0,0,4795,792,5587,3719,9306,-0.0830256,-0.186404,-0.978959,0
0,0,0,0,0,6492,1156,7648,4821,12469,-0.126506,-0.23054,-0.964804,0
0,0,0,0,0,4874,871,5745,3620,9365,-0.0763273,-0.190819,-0.978653,0
0,0,0,0,0,6607,1166,7773,5111,12884,-0.090951,-0.074526,-0.993063,0
0,0,0,0,0,4759,825,5584,2674,8258,-0.070265,-0.23942,-0.96837,0
0,0,0,0,0,7029,1173,8202,3041,11243,-0.0632676,-0.213677,-0.974854,0
0,0,0,0,0,4717,871,5588,2744,8332,-0.0486896,-0.20784,-0.97695,0
0,0,0,0,0,5859,1062,6921,2732,9653,-0.0517895,-0.168816,-0.984286,0
0,0,0,0,0,6173,1083,7256,3680,10936,-0.0604777,-0.23937,-0.969043,0
0,0,0,0,0,4344,771,5115,2559,7674,-0.0649106,-0.207529,-0.976073,0
0,0,0,0,0,7350,1251,8601,4111,12712,-0.0534646,-0.155728,-0.986352,0
0,0,0,0,0,4529,819,5348,2739,8087,-0.0134065,-0.194462,-0.980818,0
0,0,0,0,0,7287,1311,8598,4386,12984,-0.025717,-0.241982,-0.96994,0
0,0,0,0,0,7851,1305,9156,3753,12909,-0.0438022,-0.349775,-0.935809,0
0,0,0,0,0,3830,581,4411,10787,15198,-0.0549907,-0.371935,-0.926628,0
0,0,0,0,0,1662,289,1951,-1000,-1000,-1,-1,-1,0
0,0,0,0,0,1807,322,2129,1416,3545,-0.00733192,-0.194126,-0.980949,0
0,0,0,0,0,3526,624,4150,21554,25704,0.0414757,-0.155056,-0.987035,0
0,0,0,0,0,2589,435,3024,5191,8215,0.154983,0.0556622,-0.986348,0
0,0,0,0,0,3205,587,3792,6318,10110,-0.0165668,-0.151947,-0.98825,0
0,0,0,0,0,4953,871,5824,25958,31782,0.478343,0.304536,-0.823678,0
0,0,0,0,0,1459,279,1738,2078,3816,-0.0863052,-0.13757,-0.986725,0
0,0,0,0,0,2567,561,3128,16000,19128,-0.399719,-0.0997951,-0.911189,0
0,0,0,0,0,6519,1047,7566,12451,20017,-0.470406,-0.251484,-0.845857,0
0,0,0,0,0,3251,501,3752,3860,7612,-0.446311,-0.24335,-0.861154,0
0,0,0,0,0,1921,313,2234,2650,4884,-0.519099,-0.310031,-0.796503,0
0,0,0,0,0,7621,1198,8819,9826,18645,-0.415515,-0.48872,-0.767138,0
0,0,0,0,0,2839,487,3326,2575,5901,-0.345932,-0.517369,-0.782726,0
0,0,0,0,0,1826,314,2140,1590,3730,-0.00659436,-0.0657402,-0.997815,0
0,0,0,0,0,2262,401,2663,1191,3854,-0.00159382,-0.063769,-0.997963,0
0,0,0,0,0,6339,1144,7483,3777,11260,-0.0169933,-0.121337,-0.992466,0
0,0,0,0,0,6633,1142,7775,4784,12559,-0.0111516,-0.0924284,-0.995657,0
0,0,0,0,0,4927,820,5747,3730,9477,0.0217659,-0.139986,-0.989914,0
0,0,0,0,0,6920,1148,8068,4991,13059,-0.039954,-0.0284197,-0.998797,0
0,0,0,0,0,5009,839,5848,2595,8443,-0.0234794,-0.0157081,-0.999601,0
0,0,0,0,0,5728,1053,6781,4154,10935,-0.00941016,-0.0569034,-0.998335,0
0,0,0,0,0,6273,1186,7459,4175,11634,-0.0520778,-0.060857,-0.996787,0
0,0,0,0,0,4451,837,5288,3512,8800,-0.0194973,-0.0706952,-0.997307,0
0,0,0,0,0,6343,1175,7518,3379,10897,-0.0467487,-0.159913,-0.986024,0
0,0,0,0,0,6193,1173,7366,4460,11826,-0.0542228,-0.124494,-0.990738,0
0,0,0,0,0,4375,840,5215,3674,8889,-0.0335469,-0.201225,-0.97897,0
0,0,0,0,0,6778,1404,8182,4932,13114,-0.0428591,-0.0947751,-0.994576,0
0,0,0,0,0,3571,685,4256,3043,7299,-0.0911466,-0.316219,-0.944298,0
0,0,0,0,0,6387,1176,7563,6232,13795,-0.088766,-0.248519,-0.964551,0
0,0,0,0,0,3648,646,4294,4226,8520,-0.0539991,-0.254169,-0.965651,0
0,0,0,0,0,5171,958,6129,6362,12491,-0.0551098,-0.160435,-0.985507,0
0,0,0,0,0,5138,987,6125,5057,11182,-0.0740817,-0.211419,-0.974584,0
0,0,0,0,0,5205,936,6141,5430,11571,-0.103481,-0.322501,-0.940896,0
0,0,0,0,0,6186,1163,7349,4046,11395,-0.0860342,-0.339728,-0.93658,0
0,0,0,0,0,4404,824,5228,2846,8074,-0.0425097,-0.306782,-0.95083,0
0,0,0,0,0,7528,1180,8708,3462,12170,-0.011402,-0.258219,-0.966019,0
0,0,0,0,0,4361,851,5212,2005,7217,-0.0436,-0.212846,-0.976112,0
0,0,0,0,0,6377,1147,7524,3093,10617,-0.0673186,-0.295301,-0.95303,0
0,0,0,0,0,6782,1218,8000,2748,10748,-0.0471713,-0.458243,-0.887574,0
0,0,0,0,0,3600,596,4196,1529,5725,0.0281935,-0.344943,-0.9382,0
0,0,0,0,0,6647,780,7427,1559,8986,0.0446096,-0.424481,-0.904337,0
0,0,0,0,0,3455,584,4039,1437,5476,0.0667972,-0.446031,-0.892522,0
0,0,0,0,0,6618,1091,7709,2578,10287,0.0804585,-0.576184,-0.81335,0
0,0,0,0,0,6715,1389,8104,2731,10835,0.0886458,-0.628742,-0.772545,0
0,0,0,0,0,4547,740,5287,1852,7139,0.0994427,-0.67076,-0.734977,0
0,0,0,0,0,6581,1041,7622,-1000,-1000,-1,-1,-1,0
0,0,0,0,0,3553,641,4194,3523,7717,-0.100408,0.0306791,-0.994473,0
0,0,0,0,0,7110,1238,8348,4751,13099,-0.122498,0.0292748,-0.992037,0
0,0,0,0,0,6666,1160,7826,4968,12794,-0.0733087,-0.222151,-0.972253,0
0,0,0,0,0,4676,822,5498,2610,8108,-0.050275,-0.0550177,-0.997219,0
0,0,0,0,0,5530,985,6515,3791,10306,-0.0610009,-0.250269,-0.966253,0
0,0,0,0,0,5517,958,6475,4425,10900,-0.0401458,-0.193328,-0.980313,0
0,0,0,0,0,5001,891,5892,3173,9065,-0.0156675,-0.214808,-0.976531,0
0,0,0,0,0,7236,1291,8527,3693,12220,-0.0377447,-0.303794,-0.95199,0
0,0,0,0,0,4610,873,5483,1952,7435,-0.0620944,-0.260184,-0.96356,0
0,0,0,0,0,6959,1175,8134,2851,10985,-0.0212886,-0.213107,-0.976797,0
0,0,0,0,0,7857,1311,9168,4932,14100,-0.0521941,-0.338909,-0.93937,0
0,0,0,0,0,3605,656,4261,1852,6113,-0.0461996,-0.249869,-0.967177,0
0,0,0,0,0,2117,388,2505,1069,3574,-0.0434431,-0.192521,-0.980331,0
0,0,0,0,0,4254,761,5015,1540,6555,-0.0296397,-0.200281,-0.97929,0
0,0,0,0,0,7116,1281,8397,3877,12274,-0.0479924,-0.226096,-0.972922,0
0,0,0,0,0,7003,1226,8229,15500,23729,-0.0255598,0.687288,-0.725935,0
0,0,0,0,0,2740,393,3133,2539,5672,0.00382226,0.649125,-0.760672,0
0,0,0,0,0,1945,306,2251,1980,4231,-0.0316401,0.0248026,-0.999192,0
0,0,0,0,0,2271,420,2691,1174,3865,-0.0105791,-0.0903201,-0.995857,0
0,0,0,0,0,6484,1389,7873,-1000,-1000,-1,-1,-1,0
0,0,0,0,0,1770,320,2090,1367,3457,-0.0189309,-0.117867,-0.992849,0
0,0,0,0,0,1749,316,2065,5934,7999,0.11774,-0.0766006,-0.990086,0
0,0,0,0,0,3744,681,4425,7420,11845,-0.0108295,-0.115164,-0.993287,0
0,0,0,0,0,6245,1075,7320,3608,10928,0.120604,-0.213521,-0.969465,0
0,0,0,0,0,6088,1090,7178,4371,11549,0.135532,-0.299455,-0.944435,0
0,0,0,0,0,4410,783,5193,3390,8583,0.13217,-0.406082,-0.904228,0
0,0,0,0,0,5720,1008,6728,5179,11907,0.150475,-0.524964,-0.837717,0
0,0,0,0,0,5364,956,6320,5428,11748,0.152262,-0.606397,-0.780448,0
0,0,0,0,0,3960,676,4636,3527,8163,0.172877,-0.61491,-0.769415,0
0,0,0,0,0,6834,1091,7925,11620,19545,-0.051051,-0.677317,-0.733918,0
0,0,0,0,0,4010,597,4607,3957,8564,0.00226471,-0.137536,-0.990494,0
0,0,0,0,0,7201,1289,8490,3361,11851,0.00166769,-0.211521,-0.977372,0
0,0,0,0,0,6050,833,6883,2736,9619,0.0291143,-0.158938,-0.986859,0
0,0,0,0,0,2487,454,2941,1664,4605,-0.0360259,-0.0779985,-0.996302,0
0,0,0,0,0,6482,1163,7645,3074,10719,0.00839517,-0.180719,-0.983499,0
0,0,0,0,0,4212,826,5038,3500,8538,-0.0048359,-0.132698,-0.991145,0
0,0,0,0,0,6776,1226,8002,4392,12394,-0.0554771,-0.217397,-0.974505,0
0,0,0,0,0,6195,1174,7369,3924,11293,-0.0268918,-0.230377,-0.97273,0
0,0,0,0,0,3639,644,4283,3372,7655,-0.000324612,-0.293185,-0.956056,0
0,0,0,0,0,6042,1191,7233,5606,12839,0.0100839,-0.26992,-0.96283,0
0,0,0,0,0,6048,1171,7219,5783,13002,0.0381899,-0.301671,-0.952647,0
0,0,0,0,0,7004,1258,8262,5513,13775,0.0582176,-0.237876,-0.969549,0
0,0,0,0,0,3408,643,4051,2743,6794,0.0473953,-0.270147,-0.961652,0
0,0,0,0,0,4013,912,4925,4741,9666,0.0720754,-0.293832,-0.953136,0
0,0,0,0,0,4108,778,4886,2284,7170,0.0617442,-0.260133,-0.963597,0
0,0,0,0,0,6675,1145,7820,3998,11818,0.0568643,-0.353007,-0.933891,0
0,0,0,0,0,6079,1132,7211,2771,9982,0.0838619,-0.353802,-0.931553,0
0,0,0,0,0,3323,615,3938,2362,6300,0.0678938,-0.170051,-0.983094,0
0,0,0,0,0,6908,1193,8101,3700,11801,0.106868,-0.247791,-0.962901,0
0,0,0,0,0,7030,1233,8263,1758,10021,0.161707,-0.305987,-0.938202,0
0,0,0,0,0,3762,615,4377,1344,5721,0.235553,-0.41096,-0.880697,0
0,0,0,0,0,7582,1594,9176,2770,11946,0.311468,-0.477334,-0.821669,0
0,0,0,0,0,5109,802,5911,1787,7698,0.340293,-0.504469,-0.793543,0
0,0,0,0,0,7505,1162,8667,2883,11550,0.430392,-0.544476,-0.719936,0
0,0,0,0,0,5113,809,5922,3800,9722,0.0990102,-0.131129,-0.986409,0
0,0,0,0,0,7530,1331,8861,5486,14347,0.0212447,-0.155572,-0.987596,0
0,0,0,0,0,3903,719,4622,2761,7383,0.123848,-0.178892,-0.976043,0
0,0,0,0,0,7378,1184,8562,5909,14471,0.186161,-0.215091,-0.958687,0
0,0,0,0,0,3942,685,4627,2591,7218,0.139533,-0.186406,-0.972514,0
0,0,0,0,0,8287,1345,9632,6438,16070,0.159294,-0.178771,-0.97091,0
0,0,0,0,0,5003,927,5930,3278,9208,0.16552,-0.182679,-0.969139,0
0,0,0,0,0,4538,858,5396,3138,8534,0.111899,-0.127662,-0.985485,0
0,0,0,0,0,6299,1185,7484,3551,11035,0.1352,-0.17477,-0.975283,0
0,0,0,0,0,4383,847,5230,2169,7399,0.158193,-0.159775,-0.974396,0
0,0,0,0,0,6773,1317,8090,3443,11533,0.175648,-0.200855,-0.963745,0
0,0,0,0,0,6111,1189,7300,2620,9920,0.243273,-0.231859,-0.941838,0
0,0,0,0,0,3104,523,3627,1574,5201,0.170252,-0.144088,-0.974809,0
0,0,0,0,0,1981,370,2351,1091,3442,0.127992,-0.137106,-0.982252,0
0,0,0,0,0,6168,1078,7246,6639,13885,0.284752,-0.226356,-0.931493,0
0,0,0,0,0,5789,1040,6829,8480,15309,-0.0174302,0.162705,-0.986521,0
0,0,0,0,0,2641,513,3154,2076,5230,0.143597,-0.102918,-0.98427,0
0,0,0,0,0,5919,1101,7020,9874,16894,-0.0226224,-0.0103306,-0.999691,0
0,0,0,0,0,3204,636,3840,4073,7913,0.112826,-0.0867769,-0.989818,0
0,0,0,0,0,4874,929,5803,6130,11933,0.126095,-0.0949288,-0.987466,0
0,0,0,0,0,6376,1202,7578,4379,11957,0.216578,-0.132159,-0.967279,0
0,0,0,0,0,3349,653,4002,3829,7831,0.178269,-0.108454,-0.977987,0
0,0,0,0,0,6648,1216,7864,2870,10734,0.202776,-0.160237,-0.966026,0
0,0,0,0,0,4349,822,5171,2952,8123,0.305202,-0.214321,-0.927857,0
0,0,0,0,0,4735,846,5581,2413,7994,0.32284,-0.273751,-0.905999,0
0,0,0,0,0,7359,1239,8598,3572,12170,0.392998,-0.352657,-0.849227,0
0,0,0,0,0,4680,779,5459,3235,8694,0.486607,-0.318972,-0.813308,0
0,0,0,0,0,6655,1159,7814,-1000,-1000,-1,-1,-1,0
0,0,0,0,0,2973,526,3499,1028,4527,0.0327655,-0.0227735,-0.999204,0
0,0,0,0,0,5028,909,5937,2147,8084,0.0633319,-0.0508146,-0.996698,0
0,0,0,0,0,7198,1365,8563,3040,11603,0.0769755,-0.0680818,-0.994706,0
0,0,0,0,0,4839,908,5747,2266,8013,0.0701005,-0.0364748,-0.996873,0
0,0,0,0,0,6743,1197,7940,2807,10747,0.248439,-0.171764,-0.953297,0
0,0,0,0,0,6727,1338,8065,2436,10501,0.126587,-0.0751999,-0.989101,0
0,0,0,0,0,4176,833,5009,2546,7555,0.119946,-0.0504117,-0.9915,0
0,0,0,0,0,6316,1220,7536,4389,11925,0.168478,-0.125168,-0.977726,0
0,0,0,0,0,4066,826,4892,3216,8108,0.18666,-0.131816,-0.973541,0
0,0,0,0,0,5270,1061,6331,4066,10397,0.214841,-0.264557,-0.940135,0
0,0,0,0,0,5177,1066,6243,4562,10805,0.232714,-0.204111,-0.950885,0
0,0,0,0,0,4757,967,5724,5285,11009,0.266415,-0.291228,-0.918809,0
0,0,0,0,0,6425,1286,7711,3213,10924,0.285036,-0.206088,-0.9361,0
0,0,0,0,0,3986,819,4805,2499,7304,0.225948,-0.173858,-0.958499,0
0,0,0,0,0,6127,1264,7391,2336,9727,0.208377,-0.18075,-0.961202,0
0,0,0,0,0,6984,1276,8260,2627,10887,0.181696,-0.142252,-0.973011,0
0,0,0,0,0,3999,794,4793,2230,7023,0.243573,-0.144018,-0.95913,0
0,0,0,0,0,6470,1252,7722,3213,10935,0.154982,-0.148176,-0.976742,0
0,0,0,0,0,4422,831,5253,1615,6868,0.139425,-0.146204,-0.97938,0
0,0,0,0,0,6623,1199,7822,2414,10236,0.148251,-0.134186,-0.979804,0
0,0,0,0,0,6575,1333,7908,2609,10517,0.116907,-0.117468,-0.986171,0
0,0,0,0,0,4526,830,5356,1656,7012,0.106471,-0.0983081,-0.989444,0
0,0,0,0,0,6770,1235,8005,1953,9958,0.0879339,-0.0865119,-0.992362,0
0,0,0,0,0,4844,892,5736,1564,7300,0.0863827,-0.0846492,-0.992659,0
0,0,0,0,0,4573,834,5407,1672,7079,0.101438,-0.0811291,-0.991528,0
0,0,0,0,0,6738,1216,7954,2162,10116,0.100296,-0.073239,-0.992258,0
0,0,0,0,0,6425,1200,7625,1887,9512,0.0845916,-0.0422276,-0.995521,0
0,0,0,0,0,4541,835,5376,1743,7119,0.0560509,-0.0261236,-0.998086,0
0,0,0,0,0,6081,1124,7205,2131,9336,0.068813,-0.0556893,-0.996074,0
0,0,0,0,0,6690,1213,7903,3072,10975,0.0601114,-0.0412747,-0.997338,0
0,0,0,0,0,4554,878,5432,1644,7076,0.0845863,-0.0321808,-0.995896,0
0,0,0,0,0,7539,1228,8767,2412,11179,0.0728804,-0.0471499,-0.996226,0
0,0,0,0,0,4530,889,5419,1730,7149,0.0726163,-0.0567273,-0.995745,0
0,0,0,0,0,7367,1213,8580,2493,11073,0.0784366,-0.0419923,-0.996034,0
0,0,0,0,0,6397,1145,7542,2181,9723,0.0760735,-0.0369785,-0.996416,0
0,0,0,0,0,6066,1145,7211,2172,9383,0.0647663,-0.0382296,-0.997168,0
0,0,0,0,0,4231,843,5074,1499,6573,0.0814901,-0.032649,-0.996139,0
0,0,0,0,0,6642,1248,7890,2280,10170,0.0505799,-0.00692894,-0.998696,0
0,0,0,0,0,6619,1242,7861,2309,10170,0.0660201,-0.0477788,-0.996674,0
0,0,0,0,0,7825,1453,9278,1507,10785,0.0576603,-0.076306,-0.995416,0
0,0,0,0,0,3489,654,4143,1206,5349,0.0641764,-0.0717823,-0.995354,0
0,0,0,0,0,6658,1258,7916,2531,10447,0.0727355,-0.0629651,-0.995362,0
0,0,0,0,0,4539,864,5403,1530,6933,0.0767626,-0.07721,-0.994055,0
0,0,0,0,0,6610,1225,7835,2344,10179,0.0654672,-0.0720973,-0.995247,0
