Downsample[ns],BuildFilTree[ns],SearchFil[ns],DeleteFil[ns],BuildTreeSub[ns],SearchSub[ns],DeleteSub[ns],PreProcTotal[ns],Plane[ns],Total[ns],nx,ny,nz,planeCount
0,0,0,0,0,6864,1567,8431,4546,12977,-0.0116575,-0.0306185,-0.999463,0
0,0,0,0,0,6545,1124,7669,1816,9485,-0.0111091,-0.0267412,-0.999581,0
0,0,0,0,0,3530,596,4126,1792,5918,-0.00854151,-0.0260188,-0.999625,0
0,0,0,0,0,6692,1145,7837,2492,10329,-0.0238724,0.0113162,-0.999651,0
0,0,0,0,0,6578,1503,8081,1748,9829,-0.0304321,-0.00754187,-0.999508,0
0,0,0,0,0,6070,956,7026,2104,9130,-0.0236744,-0.0142573,-0.999618,0
0,0,0,0,0,5426,920,6346,2134,8480,-0.0112882,0.00149677,-0.999935,0
0,0,0,0,0,7785,1155,8940,2082,11022,-0.0145118,0.00270103,-0.999891,0
0,0,0,0,0,4531,800,5331,1665,6996,-0.0306395,0.0319818,-0.999019,0
0,0,0,0,0,9863,1147,11010,2417,13427,-0.0340129,0.0346956,-0.998819,0
0,0,0,0,0,6853,1418,8271,1807,10078,-0.0457742,0.0119418,-0.99888,0
0,0,0,0,0,7800,1130,8930,2611,11541,-0.0542724,0.00105136,-0.998526,0
0,0,0,0,0,6625,1142,7767,2057,9824,-0.0687126,0.0055743,-0.997621,0
0,0,0,0,0,2902,485,3387,1069,4456,-0.0757553,6.27659e-05,-0.997126,0
0,0,0,0,0,2298,391,2689,860,3549,-0.0813101,-0.000651899,-0.996689,0
0,0,0,0,0,6692,1135,7827,3375,11202,-0.0911945,-0.0069747,-0.995809,0
0,0,0,0,0,6623,1133,7756,3416,11172,-0.0735623,0.0260237,-0.996951,0
0,0,0,0,0,4606,784,5390,2724,8114,-0.049794,0.0616623,-0.996854,0
0,0,0,0,0,6732,1563,8295,2454,10749,-0.0481762,0.06375,-0.996802,0
0,0,0,0,0,4539,788,5327,1881,7208,-0.0647963,0.0571476,-0.996261,0
0,0,0,0,0,7031,1387,8418,3174,11592,-0.0772709,0.065187,-0.994877,0
0,0,0,0,0,6689,1132,7821,3326,11147,-0.0630751,0.0350372,-0.997394,0
0,0,0,0,0,4596,787,5383,2259,7642,-0.0551289,0.0563043,-0.99689,0
0,0,0,0,0,7727,1663,9390,2203,11593,-0.0565677,0.026704,-0.998042,0
0,0,0,0,0,3674,635,4309,1837,6146,-0.0737838,0.0696396,-0.99484,0
0,0,0,0,0,7737,1148,8885,3330,12215,-0.0162867,-0.0063817,-0.999847,0
0,0,0,0,0,6702,1123,7825,2164,9989,-0.015416,-0.0117882,-0.999812,0
0,0,0,0,0,6908,1029,7937,2331,10268,-0.014234,0.0260663,-0.999559,0
0,0,0,0,0,5916,1024,6940,2293,9233,-0.0163512,0.0571844,-0.99823,0
0,0,0,0,0,7246,1168,8414,2753,11167,-0.0297831,0.0712643,-0.997013,0
0,0,0,0,0,7699,1173,8872,2849,11721,-0.0285156,0.0739885,-0.996851,0
0,0,0,0,0,6748,1141,7889,3109,10998,-0.0416034,0.0870923,-0.995331,0
0,0,0,0,0,6880,1154,8034,3396,11430,-0.0300419,0.027054,-0.999182,0
0,0,0,0,0,4529,780,5309,2219,7528,-0.0484872,0.023573,-0.998546,0
0,0,0,0,0,6665,1127,7792,2323,10115,-0.0597123,0.0348298,-0.997608,0
0,0,0,0,0,6900,1164,8064,2332,10396,-0.0366237,0.0228417,-0.999068,0
0,0,0,0,0,4573,796,5369,1654,7023,-0.0380865,0.0384512,-0.998534,0
0,0,0,0,0,6678,1130,7808,2568,10376,-0.0550493,0.0495532,-0.997253,0
0,0,0,0,0,6598,1143,7741,2860,10601,-0.0261095,-0.0163098,-0.999526,0
0,0,0,0,0,6627,1152,7779,2715,10494,-0.0150927,0.0148373,-0.999776,0
0,0,0,0,0,5950,1033,6983,1959,8942,-0.0183978,0.0135603,-0.999739,0
0,0,0,0,0,6623,1134,7757,2318,10075,-0.0314281,0.0220096,-0.999264,0
0,0,0,0,0,6636,1127,7763,2188,9951,-0.0333506,0.0390411,-0.998681,0
0,0,0,0,0,6010,1055,7065,2425,9490,-0.0543225,0.0376072,-0.997815,0
0,0,0,0,0,6593,1142,7735,3167,10902,-0.0505529,0.0467686,-0.997626,0
0,0,0,0,0,6608,1137,7745,2887,10632,-0.0499269,0.0757954,-0.995873,0
0,0,0,0,0,6620,1142,7762,3052,10814,-0.0670598,0.0547326,-0.996247,0
0,0,0,0,0,6698,1137,7835,3087,10922,-0.067644,0.0658223,-0.995536,0
0,0,0,0,0,6647,1139,7786,2946,10732,-0.0663947,0.0560403,-0.996218,0
0,0,0,0,0,4926,788,5714,2027,7741,-0.0703909,0.0565617,-0.995915,0
0,0,0,0,0,4597,810,5407,2212,7619,-0.0580882,0.0748494,-0.995502,0
0,0,0,0,0,6685,1139,7824,2899,10723,-0.0611708,0.0337606,-0.997556,0
0,0,0,0,0,6630,1147,7777,2757,10534,-0.0766813,0.0582059,-0.995355,0
0,0,0,0,0,6729,1141,7870,3507,11377,-0.0747029,0.0535062,-0.995769,0
0,0,0,0,0,6669,1133,7802,3013,10815,-0.020483,0.00945243,-0.999746,0
0,0,0,0,0,6023,1045,7068,2126,9194,-0.0290628,0.00482539,-0.999566,0
0,0,0,0,0,6580,1212,7792,2669,10461,-0.0260048,0.0127279,-0.999581,0
0,0,0,0,0,6705,1124,7829,1849,9678,-0.0403097,0.0108515,-0.999128,0
0,0,0,0,0,4619,780,5399,1576,6975,-0.0398646,0.0138644,-0.999109,0
0,0,0,0,0,6600,1123,7723,2491,10214,-0.0324246,-0.00220096,-0.999472,0
0,0,0,0,0,6759,1564,8323,2200,10523,-0.0299772,0.0640717,-0.997495,0
0,0,0,0,0,6417,1267,7684,2396,10080,-0.0213364,0.060127,-0.997963,0
0,0,0,0,0,5985,1041,7026,2443,9469,-0.0128292,0.0415827,-0.999053,0
0,0,0,0,0,7348,1137,8485,2576,11061,-0.004451,0.044144,-0.999015,0
0,0,0,0,0,6686,1132,7818,2462,10280,-0.0241794,0.0370811,-0.99902,0
0,0,0,0,0,6577,1132,7709,2660,10369,-0.0183643,-0.0135138,-0.99974,0
0,0,0,0,0,6695,1359,8054,2698,10752,-0.0294263,0.00350613,-0.999561,0
0,0,0,0,0,4642,776,5418,1702,7120,-0.0227718,0.00235266,-0.999738,0
0,0,0,0,0,7320,1155,8475,2284,10759,-0.0268915,0.00319146,-0.999633,0
0,0,0,0,0,6654,1302,7956,2307,10263,-0.0397264,-0.00698416,-0.999186,0
0,0,0,0,0,4673,774,5447,1896,7343,-0.0408457,0.0225534,-0.998911,0
0,0,0,0,0,6858,1134,7992,2456,10448,-0.032723,0.0357685,-0.998824,0
0,0,0,0,0,6681,1132,7813,2598,10411,-0.0271306,0.0242335,-0.999338,0
0,0,0,0,0,6782,1152,7934,2489,10423,-0.0182169,0.0328408,-0.999295,0
0,0,0,0,0,6674,1234,7908,2647,10555,-0.0318543,0.0156101,-0.999371,0
0,0,0,0,0,5966,1033,6999,2062,9061,-0.0298782,0.0319518,-0.999043,0
0,0,0,0,0,7590,1135,8725,2800,11525,-0.0470906,0.0288715,-0.998473,0
0,0,0,0,0,6573,1132,7705,2495,10200,-0.0365606,0.0515819,-0.997999,0
0,0,0,0,0,6735,1137,7872,2469,10341,-0.0733652,0.061215,-0.995425,0
0,0,0,0,0,4533,826,5359,2037,7396,-0.0446769,0.0422975,-0.998106,0
0,0,0,0,0,6843,1129,7972,2624,10596,-0.042187,0.0622334,-0.99717,0
0,0,0,0,0,7450,1149,8599,2687,11286,-0.050169,0.045211,-0.997717,0
0,0,0,0,0,4648,804,5452,1754,7206,-0.0601228,0.0424613,-0.997287,0
0,0,0,0,0,6632,1142,7774,2627,10401,-0.0447537,0.063616,-0.99697,0
0,0,0,0,0,6636,1162,7798,2964,10762,-0.0269715,0.0242875,-0.999341,0
0,0,0,0,0,6709,1142,7851,2356,10207,-0.0432883,0.0220766,-0.998819,0
0,0,0,0,0,6806,1138,7944,2470,10414,-0.0358412,0.0280404,-0.998964,0
0,0,0,0,0,5997,1031,7028,2247,9275,-0.0451114,0.024608,-0.998679,0
0,0,0,0,0,6616,1123,7739,2621,10360,-0.0252167,0.0213841,-0.999453,0
0,0,0,0,0,7778,1644,9422,3557,12979,-0.0486839,0.0192726,-0.998628,0
0,0,0,0,0,4612,779,5391,1800,7191,-0.0712137,0.06464,-0.995364,0
0,0,0,0,0,7510,1137,8647,3333,11980,-0.0791535,0.0605118,-0.995024,0
0,0,0,0,0,6584,1134,7718,3410,11128,-0.0602892,0.0336176,-0.997615,0
0,0,0,0,0,6588,1139,7727,2592,10319,-0.0585104,0.0637121,-0.996252,0
0,0,0,0,0,7371,1140,8511,2661,11172,-0.0591631,0.0750826,-0.995421,0
0,0,0,0,0,6951,1144,8095,3446,11541,-0.067402,0.092835,-0.993398,0
0,0,0,0,0,5771,1038,6809,2951,9760,-0.0707923,0.0735167,-0.994778,0
0,0,0,0,0,6672,1153,7825,3120,10945,-0.0739093,0.0896074,-0.993231,0
0,0,0,0,0,6570,1146,7716,3527,11243,-0.0694776,0.0852158,-0.993937,0
0,0,0,0,0,6738,1148,7886,3040,10926,-0.0638757,0.0974042,-0.993193,0
0,0,0,0,0,6671,1149,7820,3107,10927,-0.0665857,0.118556,-0.990712,0
0,0,0,0,0,4930,922,5852,2247,8099,-0.0694178,0.122504,-0.990037,0
0,0,0,0,0,6692,1192,7884,2970,10854,-0.0644121,0.117562,-0.990974,0
0,0,0,0,0,7180,1208,8388,3676,12064,-0.106165,0.119763,-0.98711,0
0,0,0,0,0,4581,814,5395,2115,7510,-0.106658,0.1152,-0.9876,0
0,0,0,0,0,6698,1244,7942,2989,10931,-0.0891379,0.0863056,-0.992273,0
0,0,0,0,0,6691,1154,7845,3799,11644,-0.110461,0.0951615,-0.989314,0
0,0,0,0,0,5996,1052,7048,3647,10695,-0.0283648,0.0325276,-0.999068,0
0,0,0,0,0,6615,1126,7741,2592,10333,-0.055228,0.0271831,-0.998104,0
0,0,0,0,0,6676,1185,7861,2970,10831,-0.0611107,0.0152735,-0.998014,0
0,0,0,0,0,4586,786,5372,2180,7552,-0.0659934,0.0104367,-0.997765,0
0,0,0,0,0,6705,1124,7829,2688,10517,-0.0569748,0.0143253,-0.998273,0
0,0,0,0,0,6608,1135,7743,2813,10556,-0.059277,0.00719611,-0.998216,0
0,0,0,0,0,6664,1146,7810,2560,10370,-0.0745068,0.00856117,-0.997184,0
0,0,0,0,0,6665,1132,7797,2553,10350,-0.0757535,-0.00239239,-0.997124,0
0,0,0,0,0,6078,1044,7122,2567,9689,-0.0722285,0.00431403,-0.997379,0
0,0,0,0,0,6605,1123,7728,2976,10704,-0.0610046,0.0141584,-0.998037,0
0,0,0,0,0,6796,1151,7947,2748,10695,-0.0256913,0.0804576,-0.996427,0
0,0,0,0,0,6702,1142,7844,2897,10741,-0.00947392,0.0959067,-0.995345,0
0,0,0,0,0,6030,1090,7120,2633,9753,-0.0219469,0.113826,-0.993258,0
0,0,0,0,0,6643,1170,7813,3382,11195,0.0218402,0.0663117,-0.99756,0
0,0,0,0,0,6042,1071,7113,2899,10012,0.0211017,0.0642275,-0.997712,0
0,0,0,0,0,6016,1032,7048,2387,9435,-0.0246941,0.034509,-0.999099,0
0,0,0,0,0,6714,1188,7902,2492,10394,-0.0388539,0.0244921,-0.998945,0
0,0,0,0,0,6595,1121,7716,2349,10065,-0.0393698,0.0201007,-0.999023,0
0,0,0,0,0,6100,1019,7119,2181,9300,-0.0378233,0.0161176,-0.999154,0
0,0,0,0,0,6647,1127,7774,2382,10156,-0.048119,0.0130259,-0.998757,0
0,0,0,0,0,6721,1167,7888,2537,10425,-0.0326473,0.0284545,-0.999062,0
0,0,0,0,0,4562,781,5343,1793,7136,-0.0258139,0.0186403,-0.999493,0
0,0,0,0,0,6657,1154,7811,2140,9951,-0.0399026,0.0314228,-0.998709,0
0,0,0,0,0,6787,1154,7941,2309,10250,-0.0402317,0.0160274,-0.999062,0
0,0,0,0,0,6468,783,7251,1494,8745,-0.045527,0.0116577,-0.998895,0
0,0,0,0,0,2927,484,3411,864,4275,-0.0707399,0.0118499,-0.997424,0
0,0,0,0,0,2987,507,3494,1453,4947,-0.0865296,0.0339118,-0.995672,0
0,0,0,0,0,6845,1131,7976,3686,11662,-0.0283568,0.0257679,-0.999266,0
0,0,0,0,0,6772,1191,7963,2309,10272,-0.0344213,0.0423602,-0.998509,0
0,0,0,0,0,6711,1139,7850,2518,10368,-0.0316443,0.0475333,-0.998368,0
0,0,0,0,0,6905,1150,8055,2654,10709,-0.0300359,0.042773,-0.998633,0
0,0,0,0,0,6675,1137,7812,2486,10298,-0.0308398,0.0462477,-0.998454,0
0,0,0,0,0,6670,1173,7843,2668,10511,-0.0334236,0.00751594,-0.999413,0
0,0,0,0,0,6733,1127,7860,2550,10410,-0.0505095,0.029061,-0.998301,0
0,0,0,0,0,5888,1048,6936,2379,9315,-0.028683,0.0430024,-0.998663,0
0,0,0,0,0,5971,1024,6995,2558,9553,-0.0645626,0.0575634,-0.996252,0
0,0,0,0,0,7009,1157,8166,3033,11199,-0.0664322,0.0656309,-0.99563,0
0,0,0,0,0,3922,645,4567,1382,5949,-0.0443095,0.0462312,-0.997948,0
0,0,0,0,0,2368,406,2774,933,3707,-0.0379619,0.0370708,-0.998591,0
0,0,0,0,0,6016,1017,7033,2224,9257,-0.0392535,0.04085,-0.998394,0
0,0,0,0,0,6789,1142,7931,2463,10394,-0.0621381,0.0442755,-0.997085,0
0,0,0,0,0,6657,1134,7791,2705,10496,0.00505422,0.0489567,-0.998788,0
0,0,0,0,0,6816,1140,7956,2749,10705,-0.0174305,0.062807,-0.997873,0
0,0,0,0,0,6668,1141,7809,2644,10453,-0.0220265,0.0813371,-0.996443,0
0,0,0,0,0,7262,1150,8412,2899,11311,-0.0327766,0.0603449,-0.997639,0
0,0,0,0,0,6682,1140,7822,2804,10626,-0.0165185,0.0725148,-0.997231,0
0,0,0,0,0,5073,797,5870,1989,7859,-0.0285936,0.0772725,-0.9966,0
0,0,0,0,0,6682,1173,7855,2757,10612,-0.039658,0.0598565,-0.997419,0
0,0,0,0,0,7328,1142,8470,2129,10599,-0.058623,0.0468941,-0.997178,0
0,0,0,0,0,4553,785,5338,1853,7191,-0.059148,0.0529316,-0.996845,0
0,0,0,0,0,7434,1277,8711,2524,11235,-0.0635791,0.0632234,-0.995972,0
0,0,0,0,0,5244,821,6065,1625,7690,-0.0567345,0.0147118,-0.998281,0
0,0,0,0,0,2624,405,3029,1041,4070,-0.0612287,-0.00222046,-0.998121,0
0,0,0,0,0,2947,508,3455,1097,4552,-0.0717811,-0.00658387,-0.997399,0
0,0,0,0,0,6770,1145,7915,3042,10957,-0.0836614,-0.018293,-0.996326,0
0,0,0,0,0,6540,1139,7679,2794,10473,-0.0689666,-0.00225604,-0.997616,0
0,0,0,0,0,7524,1142,8666,2701,11367,-0.0190925,-0.0102414,-0.999765,0
0,0,0,0,0,6542,1145,7687,2535,10222,-0.0203302,-0.0163443,-0.99966,0
0,0,0,0,0,4516,776,5292,1755,7047,-0.00766204,0.00180511,-0.999969,0
0,0,0,0,0,6589,1140,7729,2818,10547,0.0127872,-0.00187619,-0.999916,0
0,0,0,0,0,6903,1168,8071,3142,11213,-0.0565573,0.0124396,-0.998322,0
0,0,0,0,0,7429,1286,8715,2601,11316,-0.0456083,0.0586926,-0.997234,0
0,0,0,0,0,4535,785,5320,2385,7705,-0.0495848,0.0663168,-0.996566,0
0,0,0,0,0,5849,1063,6912,2961,9873,-0.0469476,0.0891254,-0.994913,0
0,0,0,0,0,7552,1312,8864,3067,11931,-0.0491885,0.0920687,-0.994537,0
0,0,0,0,0,4542,808,5350,2395,7745,-0.0458888,0.0458648,-0.997893,0
0,0,0,0,0,6806,1148,7954,2500,10454,-0.0595495,0.0607477,-0.996375,0
0,0,0,0,0,6570,1136,7706,2519,10225,-0.0632221,0.0682046,-0.995666,0
0,0,0,0,0,6855,1137,7992,2879,10871,-0.0612726,0.0681856,-0.995789,0
0,0,0,0,0,6668,1144,7812,3459,11271,-0.0599326,0.0457956,-0.997151,0
0,0,0,0,0,5893,1080,6973,2484,9457,-0.0510273,0.0513965,-0.997374,0
0,0,0,0,0,6650,1136,7786,3162,10948,-0.0581791,0.038343,-0.99757,0
0,0,0,0,0,6711,1200,7911,2445,10356,-0.0629702,0.0411879,-0.997165,0
0,0,0,0,0,6622,1167,7789,3213,11002,-0.078565,0.0512995,-0.995588,0
0,0,0,0,0,6987,1160,8147,3234,11381,-0.0566864,0.0707349,-0.995883,0
0,0,0,0,0,7897,1239,9136,2941,12077,-0.0660665,0.0638368,-0.995771,0
0,0,0,0,0,3942,606,4548,1739,6287,-0.0554557,0.0779849,-0.995411,0
0,0,0,0,0,2351,410,2761,1117,3878,-0.0547126,0.0718011,-0.995917,0
0,0,0,0,0,5914,1074,6988,2280,9268,-0.0457091,0.0151665,-0.99884,0
0,0,0,0,0,7331,1134,8465,2415,10880,-0.0486755,0.0708984,-0.996295,0
0,0,0,0,0,6602,1138,7740,3031,10771,-0.0309442,0.105606,-0.993927,0
0,0,0,0,0,4644,797,5441,2516,7957,-0.0588071,0.0618997,-0.996348,0
0,0,0,0,0,6989,1223,8212,3173,11385,-0.0800618,0.0572498,-0.995144,0
0,0,0,0,0,6549,1131,7680,2826,10506,-0.0292247,0.0209201,-0.999354,0
0,0,0,0,0,7466,1296,8762,2252,11014,-0.035939,0.0304058,-0.998891,0
0,0,0,0,0,6305,784,7089,1680,8769,-0.0340476,0.024736,-0.999114,0
0,0,0,0,0,3071,482,3553,1052,4605,-0.0460946,0.011175,-0.998875,0
0,0,0,0,0,2344,404,2748,759,3507,-0.0487305,0.0216747,-0.998577,0
0,0,0,0,0,6702,1154,7856,2830,10686,-0.0597273,0.0403652,-0.997398,0
0,0,0,0,0,7635,1224,8859,2901,11760,-0.0600397,0.0376801,-0.997485,0
0,0,0,0,0,4748,795,5543,2625,8168,-0.0389001,0.000651111,-0.999243,0
0,0,0,0,0,6677,1132,7809,2667,10476,-0.0317474,0.0040525,-0.999488,0
0,0,0,0,0,8513,1299,9812,2417,12229,-0.0216013,0.0409,-0.99893,0
0,0,0,0,0,4544,804,5348,1901,7249,-0.0400388,0.0252466,-0.998879,0
0,0,0,0,0,8250,1333,9583,2827,12410,-0.0549484,0.0567829,-0.996873,0
0,0,0,0,0,6631,1138,7769,2376,10145,-0.0685981,0.0607277,-0.995794,0
0,0,0,0,0,6008,1021,7029,2855,9884,-0.0672371,0.0582671,-0.996034,0
0,0,0,0,0,5999,1038,7037,3152,10189,-0.0571572,0.0754594,-0.995509,0
0,0,0,0,0,5770,1047,6817,2770,9587,0.0195375,0.0190314,-0.999628,0
0,0,0,0,0,6705,1156,7861,3049,10910,0.00517394,0.0483341,-0.998818,0
0,0,0,0,0,4551,805,5356,2064,7420,-0.0197772,0.0308968,-0.999327,0
0,0,0,0,0,6725,1155,7880,2407,10287,0.00366224,0.0274665,-0.999616,0
0,0,0,0,0,6555,1186,7741,2543,10284,0.00146062,0.0333678,-0.999442,0
0,0,0,0,0,6622,1160,7782,2252,10034,-0.000109509,0.0358766,-0.999356,0
0,0,0,0,0,6404,1025,7429,2085,9514,-0.0163029,0.0500349,-0.998614,0
0,0,0,0,0,6527,1256,7783,2838,10621,-0.0466034,0.0433712,-0.997971,0
0,0,0,0,0,6551,1130,7681,2231,9912,-0.0653209,0.0609092,-0.996004,0
0,0,0,0,0,6614,1032,7646,2738,10384,-0.0640615,0.0544392,-0.99646,0
0,0,0,0,0,6578,1137,7715,3088,10803,-0.0409369,0.0524829,-0.997782,0
0,0,0,0,0,7384,1135,8519,2590,11109,-0.0481442,0.0565735,-0.997237,0
0,0,0,0,0,6347,1241,7588,2348,9936,-0.0498535,0.0661752,-0.996562,0
0,0,0,0,0,6531,1134,7665,3039,10704,-0.0474453,0.06915,-0.996477,0
0,0,0,0,0,4760,781,5541,1571,7112,-0.0192829,0.00177149,-0.999812,0
0,0,0,0,0,6602,1125,7727,2070,9797,-0.0151119,0.0122159,-0.999811,0
0,0,0,0,0,6644,1045,7689,2226,9915,-0.0306289,9.27956e-05,-0.999531,0
0,0,0,0,0,7418,1137,8555,2527,11082,-0.0467475,0.0157595,-0.998782,0
0,0,0,0,0,6592,1127,7719,2297,10016,-0.0465663,0.0245847,-0.998613,0
0,0,0,0,0,6616,1249,7865,2056,9921,-0.055517,0.053998,-0.996997,0
0,0,0,0,0,3125,485,3610,1109,4719,-0.0543165,0.0208098,-0.998307,0
0,0,0,0,0,2064,351,2415,973,3388,-0.010345,0.0527634,-0.998553,0
0,0,0,0,0,7178,1167,8345,2915,11260,-0.0284238,0.0770616,-0.996621,0
0,0,0,0,0,6545,1145,7690,2169,9859,-0.0128416,0.090713,-0.995794,0
0,0,0,0,0,4055,736,4791,2027,6818,-0.0244434,0.0792059,-0.996559,0
0,0,0,0,0,6572,1142,7714,2848,10562,-0.0317133,0.0629255,-0.997514,0
0,0,0,0,0,6635,1186,7821,3342,11163,-0.0510962,0.0703452,-0.996213,0
0,0,0,0,0,6585,1169,7754,3431,11185,-0.0155727,-0.00806691,-0.999846,0
0,0,0,0,0,7069,1153,8222,2575,10797,-0.0308662,-0.0063762,-0.999503,0
0,0,0,0,0,6558,1129,7687,2097,9784,-0.0137219,0.0146384,-0.999799,0
0,0,0,0,0,4597,801,5398,1791,7189,-0.0382771,0.0475958,-0.998133,0
0,0,0,0,0,6571,1162,7733,2430,10163,-0.040914,0.0602914,-0.997342,0
0,0,0,0,0,8493,1045,9538,1897,11435,-0.0440241,0.0619057,-0.997111,0
0,0,0,0,0,2016,352,2368,884,3252,-0.0491673,0.0762298,-0.995877,0
0,0,0,0,0,6593,1136,7729,2919,10648,-0.0467446,0.0707255,-0.9964,0
0,0,0,0,0,6611,1140,7751,2851,10602,-0.0589425,0.0602356,-0.996442,0
0,0,0,0,0,6710,1216,7926,2048,9974,-0.0544569,0.0252282,-0.998197,0
0,0,0,0,0,3580,604,4184,1529,5713,-0.0423997,0.0127917,-0.999019,0
0,0,0,0,0,7072,1135,8207,2093,10300,-0.0452618,0.0109485,-0.998915,0
0,0,0,0,0,6616,1124,7740,2320,10060,-0.0460916,0.0101001,-0.998886,0
0,0,0,0,0,6760,1169,7929,2435,10364,-0.0672227,-0.00977608,-0.99769,0
0,0,0,0,0,6711,1133,7844,2808,10652,-0.0946441,0.0428862,-0.994587,0
0,0,0,0,0,6925,1154,8079,3335,11414,-0.091822,0.027278,-0.995402,0
0,0,0,0,0,6668,1148,7816,2156,9972,-0.0693695,0.0152478,-0.997474,0
0,0,0,0,0,4554,799,5353,2231,7584,-0.0545541,0.0559652,-0.996941,0
0,0,0,0,0,5976,1044,7020,2553,9573,-0.0519993,0.0742828,-0.995881,0
0,0,0,0,0,6591,1131,7722,3488,11210,0.00748987,-0.00203362,-0.99997,0
0,0,0,0,0,6628,1122,7750,2713,10463,0.00178825,0.00690642,-0.999975,0
0,0,0,0,0,6539,1153,7692,2386,10078,-0.00625858,0.0226326,-0.999724,0
0,0,0,0,0,6505,1121,7626,2492,10118,-0.0149424,0.0524104,-0.998514,0
0,0,0,0,0,6592,1147,7739,2538,10277,-0.0176675,0.0804738,-0.9966,0
0,0,0,0,0,6513,1129,7642,3327,10969,-0.0274808,0.0682518,-0.99729,0
0,0,0,0,0,6626,1144,7770,2869,10639,-0.0288073,0.0567573,-0.997972,0
0,0,0,0,0,5948,1012,6960,2517,9477,-0.0254542,0.0737969,-0.996948,0
0,0,0,0,0,6612,1153,7765,2630,10395,-0.0540287,0.0669268,-0.996294,0
0,0,0,0,0,6559,1160,7719,3025,10744,-0.000817677,0.0467064,-0.998908,0
0,0,0,0,0,5916,1072,6988,2430,9418,-0.00503872,0.0425729,-0.999081,0
0,0,0,0,0,6617,1129,7746,2795,10541,-0.0342686,0.0199245,-0.999214,0
0,0,0,0,0,6567,1128,7695,2600,10295,-0.0431695,0.0214969,-0.998836,0
0,0,0,0,0,6539,1151,7690,2711,10401,-0.0563315,0.0193782,-0.998224,0
0,0,0,0,0,6705,1147,7852,2852,10704,-0.0591925,0.0561285,-0.996667,0
0,0,0,0,0,6607,1129,7736,3195,10931,-0.0219161,0.0241742,-0.999468,0
0,0,0,0,0,6760,1132,7892,2687,10579,-0.00935318,0.0269731,-0.999592,0
0,0,0,0,0,7780,1198,8978,1810,10788,-0.0200312,0.0331703,-0.999249,0
0,0,0,0,0,6610,1128,7738,2492,10230,-0.0201823,0.0301577,-0.999341,0
0,0,0,0,0,6526,1124,7650,2548,10198,-0.0356824,0.0258781,-0.999028,0
0,0,0,0,0,6566,1091,7657,1602,9259,-0.0388752,0.0306119,-0.998775,0
0,0,0,0,0,3490,596,4086,1412,5498,-0.0446248,0.0434631,-0.998058,0
0,0,0,0,0,6516,1128,7644,2735,10379,-0.0463382,0.0359312,-0.998279,0
0,0,0,0,0,7361,1264,8625,2783,11408,-0.0264903,0.0883716,-0.995735,0
0,0,0,0,0,4178,600,4778,1739,6517,-0.0249637,0.0813171,-0.996376,0
0,0,0,0,0,2388,407,2795,1110,3905,-0.0419317,0.081276,-0.995809,0
0,0,0,0,0,6693,1187,7880,4424,12304,0.00399733,0.0413235,-0.999138,0
0,0,0,0,0,6654,1138,7792,2830,10622,-0.0123577,0.0413855,-0.999067,0
0,0,0,0,0,7024,1124,8148,2651,10799,0.00460767,0.0475829,-0.998857,0
0,0,0,0,0,5940,1024,6964,2629,9593,-0.00139259,0.0695231,-0.997579,0
0,0,0,0,0,6589,1147,7736,3176,10912,0.00718724,0.103987,-0.994553,0
0,0,0,0,0,6688,1166,7854,4196,12050,0.0298745,0.04348,-0.998608,0
0,0,0,0,0,4924,837,5761,1928,7689,-0.0310147,0.00767554,-0.999489,0
0,0,0,0,0,6552,1115,7667,2486,10153,-0.0465507,0.0108189,-0.998857,0
0,0,0,0,0,6682,1209,7891,2266,10157,-0.0392696,0.0188693,-0.99905,0
0,0,0,0,0,4506,811,5317,1621,6938,-0.0488662,0.0235059,-0.998529,0
0,0,0,0,0,6686,1151,7837,3270,11107,-0.052481,0.0254679,-0.998297,0
0,0,0,0,0,7681,1318,8999,3264,12263,-0.0639432,0.0618307,-0.996036,0
0,0,0,0,0,6537,1137,7674,3639,11313,-0.0254848,0.00686436,-0.999652,0
0,0,0,0,0,3421,587,4008,1388,5396,-0.0435327,0.00780285,-0.999022,0
0,0,0,0,0,7163,1140,8303,2047,10350,-0.030903,0.0310828,-0.999039,0
0,0,0,0,0,6479,1128,7607,2207,9814,-0.020897,0.0477332,-0.998642,0
0,0,0,0,0,6710,1173,7883,2377,10260,-0.0146514,0.0604632,-0.998063,0
0,0,0,0,0,6792,1562,8354,2206,10560,-0.0160291,0.057564,-0.998213,0
0,0,0,0,0,4594,816,5410,1900,7310,-0.000865065,0.00242579,-0.999997,0
0,0,0,0,0,6623,1181,7804,2297,10101,-0.0197639,-0.0190557,-0.999623,0
0,0,0,0,0,6949,1237,8186,2690,10876,-0.0213032,0.0248322,-0.999465,0
0,0,0,0,0,4651,873,5524,2003,7527,-0.0194548,0.0521925,-0.998448,0
0,0,0,0,0,7178,1263,8441,3323,11764,-0.0145361,0.025536,-0.999568,0
0,0,0,0,0,4610,889,5499,2179,7678,0.00686416,0.0329087,-0.999435,0
0,0,0,0,0,6963,1340,8303,2969,11272,-0.0338169,-0.00945565,-0.999383,0
0,0,0,0,0,4616,848,5464,1871,7335,-0.0263043,-0.00373028,-0.999647,0
0,0,0,0,0,6339,1134,7473,2238,9711,-0.0302648,0.0102023,-0.99949,0
0,0,0,0,0,4221,787,5008,1730,6738,-0.00143969,0.0514891,-0.998673,0
0,0,0,0,0,6580,1249,7829,2798,10627,-0.0101334,0.0287775,-0.999534,0
0,0,0,0,0,6619,1246,7865,2721,10586,-0.00562936,0.0569712,-0.99836,0
0,0,0,0,0,4548,849,5397,1883,7280,-0.00342793,0.0976175,-0.995218,0
0,0,0,0,0,7160,1258,8418,2165,10583,-0.0109643,0.0600785,-0.998133,0
0,0,0,0,0,4533,895,5428,1723,7151,-0.0099518,0.0270217,-0.999585,0
0,0,0,0,0,6685,1250,7935,2528,10463,0.00182139,-0.0222788,-0.99975,0
0,0,0,0,0,6997,1244,8241,2977,11218,0.0189784,-0.071013,-0.997295,0
0,0,0,0,0,6549,1221,7770,2888,10658,0.000912884,0.00702937,-0.999975,0
0,0,0,0,0,5953,1118,7071,2787,9858,0.0202626,-0.0344469,-0.999201,0
0,0,0,0,0,6415,1204,7619,2640,10259,-0.00678543,0.00866711,-0.999939,0
0,0,0,0,0,6561,1232,7793,3097,10890,0.0143109,0.0318705,-0.99939,0
0,0,0,0,0,4727,866,5593,2451,8044,0.0185549,0.0043406,-0.999818,0
0,0,0,0,0,7120,1280,8400,2846,11246,-0.0110748,0.0240404,-0.99965,0
0,0,0,0,0,4810,869,5679,1836,7515,-0.0124759,0.0213281,-0.999695,0
0,0,0,0,0,6677,1255,7932,3358,11290,-0.00677436,0.0446828,-0.998978,0
0,0,0,0,0,4550,847,5397,2294,7691,-0.0297825,0.0042591,-0.999547,0
0,0,0,0,0,6797,1244,8041,2804,10845,-0.0236815,0.0105495,-0.999664,0
0,0,0,0,0,6615,1214,7829,2590,10419,-0.0156967,0.0215671,-0.999644,0
0,0,0,0,0,6641,1251,7892,2990,10882,-0.033866,0.0173248,-0.999276,0
0,0,0,0,0,6594,1239,7833,2645,10478,-0.0239163,-0.0211763,-0.99949,0
0,0,0,0,0,4544,1067,5611,1785,7396,-0.0455428,-0.00643678,-0.998942,0
0,0,0,0,0,6884,1232,8116,2960,11076,-0.0358711,0.00443572,-0.999347,0
0,0,0,0,0,7814,1283,9097,2741,11838,-0.0505846,0.00348222,-0.998714,0
0,0,0,0,0,4541,826,5367,1953,7320,-0.0361586,-0.0361784,-0.998691,0
0,0,0,0,0,7030,1260,8290,2437,10727,-0.0217218,-0.00935066,-0.99972,0
0,0,0,0,0,6507,856,7363,1622,8985,-0.0238148,-0.00981553,-0.999668,0
0,0,0,0,0,4367,933,5300,1552,6852,-0.0257513,-0.0144991,-0.999563,0
0,0,0,0,0,6654,1189,7843,2396,10239,-0.0162036,-0.0386484,-0.999121,0
0,0,0,0,0,6566,1218,7784,2371,10155,-0.0328268,-0.0146747,-0.999353,0
0,0,0,0,0,6735,1172,7907,2353,10260,-0.0353929,-0.0029265,-0.999369,0
0,0,0,0,0,6554,1156,7710,2609,10319,-0.00616017,-0.0148361,-0.999871,0
0,0,0,0,0,4537,845,5382,1502,6884,-0.0343754,-0.00110498,-0.999408,0
0,0,0,0,0,7653,1232,8885,2474,11359,-0.0157072,-0.000782745,-0.999876,0
0,0,0,0,0,6667,1169,7836,2025,9861,-0.0250579,0.0208029,-0.99947,0
0,0,0,0,0,6022,1097,7119,2180,9299,-0.0494626,0.0367158,-0.998101,0
0,0,0,0,0,6789,1443,8232,2442,10674,-0.0585098,0.0550268,-0.996769,0
0,0,0,0,0,6831,1254,8085,2496,10581,-0.0470718,0.0631744,-0.996892,0
0,0,0,0,0,4614,806,5420,1715,7135,-0.0725491,0.0810965,-0.994062,0
0,0,0,0,0,6637,1186,7823,2602,10425,-0.0514272,0.108573,-0.992757,0
0,0,0,0,0,6840,1194,8034,3365,11399,0.00828183,0.17463,-0.984599,0
0,0,0,0,0,4723,613,5336,1457,6793,-0.00580003,0.162624,-0.986671,0
0,0,0,0,0,2930,497,3427,1064,4491,0.00694021,0.17765,-0.984069,0
0,0,0,0,0,7714,1195,8909,2547,11456,0.0436031,0.163303,-0.985612,0
0,0,0,0,0,6942,1178,8120,2080,10200,0.0383647,0.212235,-0.976465,0
0,0,0,0,0,3757,720,4477,1289,5766,0.0184915,0.197742,-0.98008,0
0,0,0,0,0,7250,1371,8621,2797,11418,0.0611423,0.290906,-0.954796,0
0,0,0,0,0,7211,1185,8396,2881,11277,0.0729543,0.386881,-0.919239,0
0,0,0,0,0,4097,699,4796,2273,7069,0.0377422,0.409595,-0.911486,0
0,0,0,0,0,7210,1198,8408,4405,12813,0.00834925,0.545111,-0.838323,0
0,0,0,0,0,7121,1232,8353,3105,11458,-0.0401403,0.561057,-0.826803,0
0,0,0,0,0,5385,853,6238,3261,9499,-0.0594844,0.571376,-0.81853,0
0,0,0,0,0,5047,889,5936,4569,10505,-0.0925664,0.529192,-0.843438,0
0,0,0,0,0,6505,1117,7622,5371,12993,-0.0919721,0.432262,-0.897046,0
0,0,0,0,0,4671,861,5532,5260,10792,-0.0517141,0.298131,-0.953123,0
0,0,0,0,0,6469,1101,7570,4948,12518,0.0505318,-0.00656887,-0.998701,0
0,0,0,0,0,4711,910,5621,3558,9179,0.0401107,0.0774097,-0.996192,0
0,0,0,0,0,8072,1289,9361,5331,14692,-0.0415568,0.113265,-0.992695,0
0,0,0,0,0,3914,687,4601,2384,6985,-0.0393343,0.127343,-0.991079,0
0,0,0,0,0,7466,1332,8798,6387,15185,0.00971725,0.135835,-0.990684,0
0,0,0,0,0,5046,901,5947,2982,8929,-0.0437814,0.184878,-0.981786,0
0,0,0,0,0,7439,1418,8857,4777,13634,-0.0606061,0.39397,-0.917123,0
0,0,0,0,0,3829,678,4507,1861,6368,-0.0676394,0.225128,-0.971978,0
0,0,0,0,0,2578,469,3047,1095,4142,-0.0306949,0.192867,-0.980745,0
0,0,0,0,0,2412,452,2864,1363,4227,-0.0424566,0.237371,-0.970491,0
0,0,0,0,0,6898,1308,8206,3136,11342,-0.0251762,0.264188,-0.964143,0
0,0,0,0,0,3865,760,4625,1706,6331,-0.00279892,0.23696,-0.971515,0
0,0,0,0,0,5138,984,6122,2114,8236,-0.0151464,0.246626,-0.968992,0
0,0,0,0,0,6770,1305,8075,3254,11329,0.00431103,0.226135,-0.974087,0
0,0,0,0,0,5083,872,5955,2859,8814,0.00860237,0.274937,-0.961424,0
0,0,0,0,0,4973,832,5805,11304,17109,0.063642,0.24434,-0.967599,0
0,0,0,0,0,2897,516,3413,5983,9396,0.15998,-0.107267,-0.981275,0
0,0,0,0,0,4083,786,4869,2633,7502,0.0348134,0.148921,-0.988236,0
0,0,0,0,0,6876,1193,8069,10330,18399,0.00565557,0.116783,-0.993141,0
0,0,0,0,0,2946,508,3454,4301,7755,0.0234054,0.122135,-0.992237,0
0,0,0,0,0,6734,1166,7900,6860,14760,-0.00942322,0.244413,-0.969625,0
0,0,0,0,0,6733,1209,7942,5674,13616,-0.000806443,0.285834,-0.958279,0
0,0,0,0,0,3816,610,4426,2426,6852,0.00997473,0.314058,-0.949351,0
0,0,0,0,0,6982,1166,8148,3466,11614,0.0354551,0.368808,-0.928829,0
0,0,0,0,0,7098,1181,8279,3236,11515,0.0443383,0.478802,-0.876803,0
0,0,0,0,0,6915,1174,8089,3474,11563,0.0122807,0.493409,-0.869711,0
0,0,0,0,0,3671,602,4273,1917,6190,-0.021772,0.566971,-0.82345,0
0,0,0,0,0,7624,1204,8828,4519,13347,-0.0279682,0.659005,-0.751618,0
0,0,0,0,0,7331,1230,8561,-1000,-1000,-1,-1,-1,0
0,0,0,0,0,3150,542,3692,1268,4960,-0.030998,0.0432285,-0.998584,0
0,0,0,0,0,7319,1232,8551,3362,11913,-0.0468737,0.0809202,-0.995618,0
0,0,0,0,0,7574,1352,8926,2214,11140,-0.0561768,0.0511111,-0.997112,0
0,0,0,0,0,7226,1236,8462,2250,10712,-0.0482033,0.127095,-0.990719,0
0,0,0,0,0,4556,863,5419,2018,7437,-0.0493211,0.170237,-0.984168,0
0,0,0,0,0,6892,1332,8224,3993,12217,0.00573986,0.128989,-0.991629,0
0,0,0,0,0,6757,1317,8074,3785,11859,-0.00851366,0.184625,-0.982772,0
0,0,0,0,0,4590,905,5495,3276,8771,0.0251162,0.217255,-0.975792,0
0,0,0,0,0,7017,1303,8320,4589,12909,0.00942964,0.24649,-0.9691,0
0,0,0,0,0,6812,1323,8135,4917,13052,0.0137826,0.334924,-0.942144,0
0,0,0,0,0,6875,1321,8196,3977,12173,0.0494498,0.629201,-0.775668,0
0,0,0,0,0,3587,694,4281,3890,8171,0.0247441,0.289183,-0.956954,0
0,0,0,0,0,6956,1332,8288,4414,12702,0.0330675,0.295383,-0.954806,0
0,0,0,0,0,4752,928,5680,2794,8474,0.0519688,0.343766,-0.937616,0
0,0,0,0,0,6812,1315,8127,4239,12366,0.0464554,0.366596,-0.92922,0
0,0,0,0,0,4699,915,5614,2216,7830,0.0264645,0.320581,-0.946851,0
0,0,0,0,0,6884,1278,8162,4329,12491,0.00714654,0.293694,-0.955873,0
0,0,0,0,0,6871,1319,8190,2133,10323,0.0222388,0.290203,-0.956707,0
0,0,0,0,0,4067,648,4715,1857,6572,-0.0559038,0.305232,-0.950636,0
0,0,0,0,0,6737,1259,7996,3148,11144,-0.101965,0.494083,-0.863415,0
0,0,0,0,0,7343,794,8137,2550,10687,-0.105407,0.461678,-0.880762,0
0,0,0,0,0,2904,495,3399,1028,4427,-0.122635,0.390813,-0.912264,0
0,0,0,0,0,2365,405,2770,977,3747,-0.157193,0.445555,-0.881346,0
0,0,0,0,0,7060,1233,8293,3864,12157,-0.181782,0.571019,-0.800558,0
0,0,0,0,0,7320,1158,8478,-1000,-1000,-1,-1,-1,0
0,0,0,0,0,3339,563,3902,2586,6488,-0.0640318,0.19667,-0.978377,0
0,0,0,0,0,2167,351,2518,2208,4726,-0.0652566,0.131597,-0.989153,0
0,0,0,0,0,2328,416,2744,1864,4608,-0.0708328,0.13536,-0.988261,0
0,0,0,0,0,7296,1354,8650,7481,16131,-0.108865,0.392335,-0.913357,0
0,0,0,0,0,5137,955,6092,4354,10446,-0.0300964,0.130065,-0.991049,0
0,0,0,0,0,3516,560,4076,1782,5858,0.0303627,0.0621605,-0.997604,0
0,0,0,0,0,7494,1341,8835,5586,14421,-0.028305,0.321879,-0.946358,0
0,0,0,0,0,5070,899,5969,2773,8742,-0.047546,0.227557,-0.972603,0
0,0,0,0,0,7385,1322,8707,3152,11859,-0.0576641,0.260782,-0.963674,0
0,0,0,0,0,4890,953,5843,2227,8070,-0.0159526,0.138903,-0.990178,0
0,0,0,0,0,5807,1058,6865,3245,10110,0.00801243,0.16621,-0.986058,0
0,0,0,0,0,7038,1372,8410,4326,12736,0.00777184,0.216249,-0.976307,0
0,0,0,0,0,4839,935,5774,4827,10601,0.0236135,0.14909,-0.988542,0
0,0,0,0,0,4471,818,5289,2998,8287,-0.0038511,0.171846,-0.985116,0
0,0,0,0,0,7139,1271,8410,7287,15697,0.00404432,0.167105,-0.985931,0
0,0,0,0,0,3638,653,4291,4276,8567,-0.0354489,0.301767,-0.952723,0
0,0,0,0,0,6866,1173,8039,11000,19039,-0.0151822,0.437317,-0.899179,0
0,0,0,0,0,3361,587,3948,5135,9083,-0.055179,0.582155,-0.811203,0
0,0,0,0,0,5082,859,5941,11680,17621,-0.121757,0.689811,-0.713678,0
0,0,0,0,0,4275,661,4936,10404,15340,-0.0566671,0.0615901,-0.996492,0
0,0,0,0,0,3030,534,3564,4921,8485,-0.0801883,0.0554218,-0.995238,0
0,0,0,0,0,5586,977,6563,6539,13102,-0.0374654,0.0768672,-0.996337,0
0,0,0,0,0,4945,865,5810,2344,8154,-0.0288234,0.19823,-0.979732,0
0,0,0,0,0,6590,1160,7750,3763,11513,-0.0214861,0.257281,-0.966098,0
0,0,0,0,0,5513,969,6482,3730,10212,-0.0193494,0.351764,-0.935889,0
0,0,0,0,0,6845,1205,8050,3614,11664,-0.0403434,0.455444,-0.88935,0
0,0,0,0,0,7070,1255,8325,4017,12342,-0.0112917,0.556282,-0.830917,0
0,0,0,0,0,3827,633,4460,2510,6970,0.00104393,0.56653,-0.824041,0
0,0,0,0,0,7473,1224,8697,4182,12879,0.0261958,0.650346,-0.759186,0
0,0,0,0,0,5104,876,5980,-1000,-1000,-1,-1,-1,0
0,0,0,0,0,4870,826,5696,2302,7998,-0.0641338,0.0855311,-0.994269,0
0,0,0,0,0,7149,1193,8342,3050,11392,-0.0806229,0.0974811,-0.991966,0
0,0,0,0,0,4884,838,5722,2791,8513,-0.0605525,0.0387416,-0.997413,0
0,0,0,0,0,6279,1067,7346,3844,11190,-0.0392263,0.120998,-0.991877,0
0,0,0,0,0,6152,1094,7246,3034,10280,-0.0370526,0.167614,-0.985156,0
0,0,0,0,0,3416,772,4188,1843,6031,-0.0850198,0.111504,-0.99012,0
0,0,0,0,0,7014,1213,8227,4453,12680,-0.048734,0.287789,-0.956453,0
0,0,0,0,0,6437,1320,7757,4665,12422,0.0494787,0.360108,-0.931598,0
0,0,0,0,0,3464,645,4109,2788,6897,0.0470763,0.21156,-0.976231,0
0,0,0,0,0,6919,1336,8255,7203,15458,0.00597527,0.533005,-0.846091,0
0,0,0,0,0,4551,841,5392,7079,12471,0.0322477,0.355163,-0.934248,0
0,0,0,0,0,3442,647,4089,3600,7689,0.0501455,0.339974,-0.939097,0
0,0,0,0,0,6846,1193,8039,4615,12654,0.0166412,0.405985,-0.913728,0
0,0,0,0,0,6280,1173,7453,3560,11013,-0.00924587,0.390091,-0.92073,0
0,0,0,0,0,3501,652,4153,1955,6108,-0.018834,0.431629,-0.901855,0
0,0,0,0,0,7385,1376,8761,3429,12190,-0.0211011,0.344728,-0.938465,0
0,0,0,0,0,4453,779,5232,2701,7933,-0.00868311,0.312977,-0.949721,0
0,0,0,0,0,6855,1070,7925,4016,11941,-0.0305388,0.295768,-0.954771,0
0,0,0,0,0,6278,1043,7321,2684,10005,-0.0552334,0.372556,-0.926365,0
0,0,0,0,0,6931,1163,8094,1801,9895,-0.0553642,0.486015,-0.872195,0
0,0,0,0,0,7211,1177,8388,2574,10962,-0.0538333,0.550316,-0.833219,0
0,0,0,0,0,4966,821,5787,2892,8679,-0.0735911,0.580918,-0.810629,0
0,0,0,0,0,7596,1212,8808,3196,12004,-0.0722681,0.645538,-0.760302,0
0,0,0,0,0,4776,820,5596,4427,10023,-0.0764453,0.627542,-0.774821,0
0,0,0,0,0,6596,1064,7660,5892,13552,0.0602058,0.298982,-0.952358,0
0,0,0,0,0,4469,794,5263,4826,10089,0.0952553,0.185048,-0.978102,0
0,0,0,0,0,5983,1003,6986,4214,11200,0.0568663,0.321504,-0.945199,0
0,0,0,0,0,5563,997,6560,4282,10842,-0.0476512,0.349269,-0.93581,0
0,0,0,0,0,7522,1300,8822,5065,13887,-0.067515,0.403825,-0.912341,0
0,0,0,0,0,3816,612,4428,1714,6142,0.0334968,0.307081,-0.951094,0
0,0,0,0,0,2335,416,2751,1291,4042,0.00778622,0.154832,-0.98791,0
0,0,0,0,0,2748,523,3271,1826,5097,-0.0396548,0.239193,-0.970162,0
0,0,0,0,0,7603,1367,8970,4458,13428,-0.0287301,0.220718,-0.974914,0
0,0,0,0,0,4540,850,5390,2776,8166,-0.037604,0.25315,-0.966696,0
0,0,0,0,0,7390,1229,8619,3277,11896,0.000264668,0.208113,-0.978105,0
0,0,0,0,0,4468,827,5295,2939,8234,-0.0110059,0.177481,-0.984063,0
0,0,0,0,0,6238,1055,7293,4863,12156,-0.0130697,0.212656,-0.97704,0
0,0,0,0,0,4152,748,4900,6121,11021,-0.0133178,0.225272,-0.974205,0
0,0,0,0,0,5494,911,6405,9632,16037,0.0332266,0.297202,-0.954236,0
0,0,0,0,0,3896,684,4580,7338,11918,0.090932,0.326423,-0.94084,0
0,0,0,0,0,3587,636,4223,6230,10453,0.144858,0.235502,-0.961018,0
0,0,0,0,0,6900,1124,8024,10025,18049,0.14125,0.229274,-0.963059,0
0,0,0,0,0,3489,716,4205,5828,10033,0.148133,0.283189,-0.947555,0
0,0,0,0,0,3876,688,4564,4979,9543,0.140669,0.301944,-0.94289,0
0,0,0,0,0,5086,1042,6128,7678,13806,0.10581,0.284653,-0.952773,0
0,0,0,0,0,3679,671,4350,4687,9037,0.123391,0.399504,-0.90839,0
0,0,0,0,0,5615,968,6583,9781,16364,0.0816522,0.389756,-0.917291,0
0,0,0,0,0,4000,698,4698,3087,7785,0.0755186,0.43919,-0.895214,0
0,0,0,0,0,3224,557,3781,2256,6037,0.00357815,0.41151,-0.911398,0
0,0,0,0,0,6827,1118,7945,4820,12765,-0.00894964,0.48177,-0.876252,0
0,0,0,0,0,6358,1052,7410,3398,10808,-0.0114787,0.546283,-0.837522,0
0,0,0,0,0,5352,942,6294,4198,10492,-0.0104589,0.568803,-0.822407,0
0,0,0,0,0,6582,1085,7667,3906,11573,-0.00798001,0.664789,-0.746988,0
0,0,0,0,0,6509,1120,7629,4526,12155,-0.0340111,0.698933,-0.714378,0
0,0,0,0,0,4977,812,5789,-1000,-1000,-1,-1,-1,0
0,0,0,0,0,6083,1049,7132,2426,9558,0.0199803,0.0372396,-0.999107,0
0,0,0,0,0,7408,1181,8589,3520,12109,-0.0163225,0.0222826,-0.999618,0
0,0,0,0,0,7501,1273,8774,3493,12267,-0.00929232,-0.00433822,-0.999947,0
0,0,0,0,0,4869,867,5736,2045,7781,-0.0337135,-0.0533415,-0.998007,0
0,0,0,0,0,7443,1326,8769,3819,12588,-0.0424485,-0.00940391,-0.999054,0
0,0,0,0,0,7597,1347,8944,2291,11235,-0.00360853,0.063167,-0.997996,0
0,0,0,0,0,3851,700,4551,1617,6168,-0.0171494,0.0294754,-0.999418,0
0,0,0,0,0,7171,1339,8510,3601,12111,0.0131665,0.13535,-0.99071,0
0,0,0,0,0,6308,1172,7480,3240,10720,-0.0264688,0.0069215,-0.999626,0
0,0,0,0,0,4490,846,5336,3595,8931,0.0192934,0.0656871,-0.997654,0
0,0,0,0,0,6942,1326,8268,5318,13586,-0.00215104,0.0900272,-0.995937,0
0,0,0,0,0,3720,840,4560,3605,8165,0.0330383,0.245665,-0.968792,0
0,0,0,0,0,4513,875,5388,5526,10914,0.0502541,0.340448,-0.938919,0
0,0,0,0,0,7101,1330,8431,4690,13121,0.0963364,0.428315,-0.898479,0
0,0,0,0,0,3013,562,3575,3844,7419,0.0369097,0.310652,-0.949807,0
0,0,0,0,0,5529,1012,6541,3931,10472,0.0489372,0.373443,-0.926361,0
0,0,0,0,0,5260,978,6238,3141,9379,0.0533826,0.331066,-0.942096,0
0,0,0,0,0,5660,982,6642,2932,9574,0.0411804,0.37664,-0.925444,0
0,0,0,0,0,5182,947,6129,3072,9201,-0.00252471,0.288997,-0.957327,0
0,0,0,0,0,7052,1188,8240,3653,11893,-0.00635143,0.358881,-0.933362,0
0,0,0,0,0,6285,1099,7384,2621,10005,-0.0161332,0.45885,-0.888367,0
0,0,0,0,0,3440,581,4021,2291,6312,-0.0476773,0.485533,-0.872917,0
0,0,0,0,0,6993,1171,8164,3584,11748,-0.0476548,0.537673,-0.841805,0
0,0,0,0,0,7288,1161,8449,3174,11623,-0.104751,0.641927,-0.759576,0
0,0,0,0,0,4552,753,5305,-1000,-1000,-1,-1,-1,0
0,0,0,0,0,5115,859,5974,4416,10390,-0.00366721,0.206984,-0.978338,0
0,0,0,0,0,6779,1177,7956,5660,13616,-0.0403599,0.335169,-0.941293,0
0,0,0,0,0,4673,872,5545,5323,10868,-0.0356236,0.485156,-0.873702,0
0,0,0,0,0,4748,840,5588,5516,11104,-0.0626166,0.636996,-0.76832,0
0,0,0,0,0,7458,1302,8760,6298,15058,-0.0352603,0.256809,-0.965819,0
0,0,0,0,0,3931,701,4632,3220,7852,-0.022023,0.253841,-0.966995,0
0,0,0,0,0,4744,831,5575,3021,8596,-0.00897866,0.230967,-0.97292,0
0,0,0,0,0,7251,1151,8402,2863,11265,-0.0128656,0.230779,-0.972921,0
0,0,0,0,0,3140,672,3812,1721,5533,-0.0428427,0.182747,-0.982226,0
0,0,0,0,0,6329,1178,7507,3838,11345,0.0042907,0.199576,-0.979873,0
0,0,0,0,0,7138,1310,8448,2730,11178,0.00660167,0.237556,-0.971352,0
0,0,0,0,0,4502,1048,5550,2686,8236,-0.00891381,0.223148,-0.974744,0
0,0,0,0,0,7208,1315,8523,3185,11708,-0.00952409,0.213896,-0.97681,0
0,0,0,0,0,4798,895,5693,2854,8547,-0.00719643,0.203594,-0.979029,0
0,0,0,0,0,7066,1354,8420,2815,11235,0.00562719,0.246498,-0.969127,0
0,0,0,0,0,7432,1331,8763,3039,11802,0.0243578,0.361174,-0.93218,0
0,0,0,0,0,4459,683,5142,1804,6946,-0.012764,0.311118,-0.950286,0
0,0,0,0,0,2954,525,3479,1324,4803,0.0208285,0.151106,-0.988298,0
0,0,0,0,0,7093,1313,8406,2278,10684,0.00524869,0.243615,-0.969858,0
0,0,0,0,0,3665,667,4332,2090,6422,0.025157,0.208191,-0.977765,0
0,0,0,0,0,7037,1258,8295,5197,13492,0.035971,0.224258,-0.973866,0
0,0,0,0,0,4817,904,5721,3518,9239,0.0394248,0.207337,-0.977475,0
0,0,0,0,0,4411,780,5191,3989,9180,0.0124974,0.261742,-0.965057,0
0,0,0,0,0,6908,1185,8093,5970,14063,0.012778,0.364934,-0.930946,0
0,0,0,0,0,3584,619,4203,3650,7853,-0.000353853,0.410538,-0.911843,0
0,0,0,0,0,6814,1145,7959,8533,16492,-0.0417737,0.420957,-0.906118,0
0,0,0,0,0,3691,606,4297,6465,10762,-0.170398,-0.0729758,-0.982669,0
0,0,0,0,0,4423,786,5209,3466,8675,-0.0195713,0.0729924,-0.99714,0
0,0,0,0,0,6882,1171,8053,6062,14115,-0.0408159,0.0540583,-0.997703,0
0,0,0,0,0,4648,850,5498,3403,8901,-0.0887296,0.0549331,-0.99454,0
0,0,0,0,0,5426,966,6392,3373,9765,-0.0942362,0.0437943,-0.994586,0
0,0,0,0,0,6908,1174,8082,3140,11222,-0.0155613,0.0778858,-0.996841,0
0,0,0,0,0,7243,1220,8463,2396,10859,0.0112664,0.214979,-0.976554,0
0,0,0,0,0,3569,624,4193,2223,6416,0.0391491,0.249368,-0.967617,0
0,0,0,0,0,6961,1201,8162,3844,12006,0.0291097,0.384045,-0.922855,0
0,0,0,0,0,4874,856,5730,2762,8492,0.0187635,0.464893,-0.885168,0
0,0,0,0,0,7352,1208,8560,4114,12674,0.0150557,0.543113,-0.839524,0
0,0,0,0,0,4995,830,5825,2585,8410,0.0183144,0.582943,-0.812306,0
0,0,0,0,0,7500,1201,8701,4195,12896,-0.0140069,0.631849,-0.774965,0
0,0,0,0,0,5127,839,5966,2520,8486,-0.00237669,0.698387,-0.715717,0
0,0,0,0,0,7410,1246,8656,-1000,-1000,-1,-1,-1,0
0,0,0,0,0,8008,1382,9390,4099,13489,0.0119311,0.0687525,-0.997562,0
0,0,0,0,0,7244,928,8172,2727,10899,0.00566084,0.0949213,-0.995469,0
0,0,0,0,0,3091,465,3556,1755,5311,-0.0301153,0.106712,-0.993834,0
0,0,0,0,0,2532,482,3014,1280,4294,-0.012377,0.0198848,-0.999726,0
0,0,0,0,0,4282,787,5069,2860,7929,-0.0280744,0.0611171,-0.997736,0
0,0,0,0,0,7165,1320,8485,3101,11586,-0.0129788,0.153615,-0.988046,0
0,0,0,0,0,3737,858,4595,3020,7615,-0.0109697,0.232944,-0.972428,0
0,0,0,0,0,6560,1170,7730,5867,13597,-0.00680055,0.393371,-0.919355,0
0,0,0,0,0,4449,836,5285,4883,10168,0.00224957,0.353308,-0.935504,0
0,0,0,0,0,6960,1462,8422,8726,17148,0.0198709,0.174075,-0.984532,0
0,0,0,0,0,3718,701,4419,4476,8895,0.0110958,0.372339,-0.928031,0
0,0,0,0,0,3635,657,4292,5095,9387,0.0433699,0.514492,-0.856397,0
0,0,0,0,0,6566,1258,7824,6720,14544,0.0262891,0.403232,-0.91472,0
0,0,0,0,0,4524,857,5381,2828,8209,-1.60308e-05,0.340291,-0.94032,0
0,0,0,0,0,5937,996,6933,3391,10324,0.0641661,0.35956,-0.930913,0
0,0,0,0,0,5357,933,6290,2983,9273,-0.00485264,0.32114,-0.947019,0
0,0,0,0,0,7236,1249,8485,3045,11530,0.0323028,0.398799,-0.916469,0
0,0,0,0,0,3671,659,4330,2143,6473,0.0762822,0.488908,-0.868994,0
0,0,0,0,0,5776,949,6725,3408,10133,0.0542705,0.617871,-0.784405,0
0,0,0,0,0,6602,964,7566,5467,13033,0.0493465,0.700864,-0.711586,0
0,0,0,0,0,4287,737,5024,2216,7240,0.0352708,0.705429,-0.707903,0
0,0,0,0,0,7379,1167,8546,-1000,-1000,-1,-1,-1,0
0,0,0,0,0,3856,684,4540,4797,9337,0.0156789,0.293713,-0.955765,0
0,0,0,0,0,6144,1140,7284,7338,14622,-0.00215781,0.550457,-0.834861,0
0,0,0,0,0,4482,754,5236,4960,10196,0.00478056,0.57571,-0.81764,0
0,0,0,0,0,4410,758,5168,5063,10231,-0.0366306,0.423688,-0.905067,0
0,0,0,0,0,7539,1318,8857,5879,14736,-0.0344695,0.259135,-0.965226,0
0,0,0,0,0,3964,687,4651,4280,8931,0.0191255,0.0609455,-0.997958,0
0,0,0,0,0,7718,1320,9038,5185,14223,0.0377811,-0.00547008,-0.999271,0
0,0,0,0,0,5094,889,5983,3868,9851,-0.016995,-0.0164253,-0.999721,0
0,0,0,0,0,3688,660,4348,2346,6694,-0.0232071,0.0794484,-0.996569,0
0,0,0,0,0,7521,1312,8833,5283,14116,-0.0145377,0.188597,-0.981947,0
0,0,0,0,0,4453,734,5187,2048,7235,0.03484,0.0994902,-0.994428,0
0,0,0,0,0,2237,402,2639,1458,4097,-0.0214533,0.176264,-0.984109,0
0,0,0,0,0,2303,419,2722,1700,4422,0.00702417,0.151446,-0.988441,0
0,0,0,0,0,7981,1346,9327,4874,14201,0.017525,0.206143,-0.978365,0
0,0,0,0,0,7068,1309,8377,3051,11428,0.0235536,0.138474,-0.990086,0
0,0,0,0,0,2971,551,3522,2548,6070,-0.0405078,0.278547,-0.959568,0
0,0,0,0,0,6965,1158,8123,4705,12828,-0.0785861,0.322054,-0.943454,0
0,0,0,0,0,6345,1183,7528,3278,10806,-0.0457661,0.227557,-0.972689,0
0,0,0,0,0,4101,775,4876,2933,7809,-0.0388476,0.211161,-0.976679,0
0,0,0,0,0,6999,1315,8314,5868,14182,-0.102126,0.434998,-0.894621,0
0,0,0,0,0,4794,864,5658,4425,10083,-0.0399892,0.30202,-0.952462,0
0,0,0,0,0,4818,910,5728,4294,10022,-0.00904757,0.247038,-0.968963,0
0,0,0,0,0,4771,882,5653,3911,9564,-0.00143967,0.229026,-0.973419,0
0,0,0,0,0,6382,1233,7615,4178,11793,-0.0345394,0.344174,-0.93827,0
0,0,0,0,0,4324,756,5080,4045,9125,-0.0336055,0.452093,-0.891338,0
0,0,0,0,0,3760,653,4413,4631,9044,-0.00677573,0.569559,-0.821923,0
0,0,0,0,0,7341,1181,8522,6578,15100,0.00664543,0.644606,-0.764486,0
0,0,0,0,0,6831,1132,7963,4451,12414,0.00225206,0.695209,-0.718804,0
0,0,0,0,0,3813,601,4414,-1000,-1000,-1,-1,-1,0
0,0,0,0,0,3430,604,4034,1977,6011,0.0178454,0.0419269,-0.998961,0
0,0,0,0,0,6756,1263,8019,4479,12498,0.00109277,0.0786353,-0.996903,0
0,0,0,0,0,7550,1468,9018,4162,13180,-0.0171766,0.196071,-0.980439,0
0,0,0,0,0,6959,1168,8127,2372,10499,-0.032661,0.23125,-0.972346,0
0,0,0,0,0,4988,855,5843,2233,8076,-0.00160914,0.346733,-0.937963,0
0,0,0,0,0,7033,1189,8222,3670,11892,0.0446043,0.41193,-0.910123,0
0,0,0,0,0,7276,1194,8470,3953,12423,0.0624885,0.483851,-0.872917,0
0,0,0,0,0,5013,825,5838,2566,8404,0.106934,0.519576,-0.847706,0
0,0,0,0,0,7374,1205,8579,4051,12630,0.129344,0.620734,-0.773278,0
0,0,0,0,0,5042,874,5916,3365,9281,0.155574,0.678405,-0.718027,0
0,0,0,0,0,6775,1084,7859,-1000,-1000,-1,-1,-1,0
0,0,0,0,0,3762,649,4411,1955,6366,-0.0287028,0.0682679,-0.997254,0
0,0,0,0,0,8373,1367,9740,3706,13446,-0.0657246,-0.0135075,-0.997746,0
0,0,0,0,0,5169,923,6092,2113,8205,-0.0860264,-0.0560484,-0.994715,0
0,0,0,0,0,7558,1344,8902,3849,12751,-0.016086,0.042609,-0.998962,0
0,0,0,0,0,3821,683,4504,2065,6569,-0.0567659,0.0359021,-0.997742,0
0,0,0,0,0,7148,1335,8483,3854,12337,-0.0763722,0.0567213,-0.995465,0
0,0,0,0,0,4881,898,5779,2833,8612,-0.0670528,0.0361854,-0.997093,0
0,0,0,0,0,6758,1309,8067,4810,12877,0.0857553,0.257861,-0.962369,0
0,0,0,0,0,3779,716,4495,1745,6240,0.103284,0.223342,-0.969253,0
0,0,0,0,0,2141,402,2543,1663,4206,-0.00361243,0.14051,-0.990073,0
0,0,0,0,0,2184,439,2623,2512,5135,0.0976656,0.191427,-0.976636,0
0,0,0,0,0,7304,1377,8681,7913,16594,0.194088,0.31671,-0.928453,0
0,0,0,0,0,4769,895,5664,5935,11599,0.0833691,0.172639,-0.981451,0
0,0,0,0,0,3411,647,4058,5410,9468,-0.00946635,0.0934682,-0.995577,0
0,0,0,0,0,6901,1292,8193,7415,15608,0.222908,0.278325,-0.934263,0
0,0,0,0,0,3620,547,4167,3235,7402,0.26369,0.293674,-0.918816,0
0,0,0,0,0,1908,356,2264,1249,3513,0.187616,0.224231,-0.956306,0
0,0,0,0,0,2720,489,3209,1323,4532,0.174055,0.234243,-0.95647,0
0,0,0,0,0,7755,1366,9121,5518,14639,0.269438,0.366271,-0.890645,0
0,0,0,0,0,3699,612,4311,1991,6302,0.279068,0.394193,-0.875633,0
0,0,0,0,0,2390,376,2766,1158,3924,0.282858,0.418002,-0.863288,0
0,0,0,0,0,6952,1519,8471,3174,11645,0.262036,0.443327,-0.857204,0
0,0,0,0,0,6976,1161,8137,3593,11730,0.223034,0.417735,-0.880768,0
0,0,0,0,0,3801,652,4453,1860,6313,0.191304,0.408418,-0.892523,0
0,0,0,0,0,3059,502,3561,1957,5518,0.184763,0.480529,-0.857295,0
0,0,0,0,0,7703,1208,8911,4351,13262,0.137806,0.532641,-0.835046,0
0,0,0,0,0,4979,874,5853,4470,10323,0.128426,0.420169,-0.898312,0
0,0,0,0,0,5047,862,5909,5806,11715,0.126566,0.47324,-0.871794,0
0,0,0,0,0,6701,1158,7859,5020,12879,0.106612,0.506057,-0.855886,0
0,0,0,0,0,4701,1002,5703,7367,13070,0.0482542,0.528065,-0.847832,0
0,0,0,0,0,6069,1054,7123,8011,15134,-0.00410644,0.447931,-0.894059,0
0,0,0,0,0,4427,779,5206,5386,10592,-0.0101576,0.2233,-0.974697,0
0,0,0,0,0,8030,1362,9392,5987,15379,0.0654412,0.202231,-0.977149,0
0,0,0,0,0,3933,693,4626,3187,7813,0.0249937,0.194829,-0.980519,0
0,0,0,0,0,7457,1328,8785,5441,14226,0.052502,0.142244,-0.988438,0
0,0,0,0,0,5144,959,6103,4915,11018,-0.0168325,0.221715,-0.974966,0
0,0,0,0,0,4776,888,5664,2749,8413,-0.0197888,0.138997,-0.990095,0
0,0,0,0,0,7695,1430,9125,5710,14835,0.0229148,0.189805,-0.981554,0
0,0,0,0,0,7489,1315,8804,3141,11945,0.0176826,0.199505,-0.979737,0
0,0,0,0,0,3925,686,4611,2624,7235,-0.00621535,0.142642,-0.989755,0
0,0,0,0,0,9952,1333,11285,5579,16864,0.0229616,0.210698,-0.977281,0
0,0,0,0,0,3904,598,4502,1856,6358,0.0365156,0.242192,-0.969541,0
0,0,0,0,0,2274,426,2700,1281,3981,0.0211318,0.267667,-0.96328,0
0,0,0,0,0,2525,452,2977,1899,4876,0.0235729,0.148418,-0.988644,0
0,0,0,0,0,7349,1371,8720,5508,14228,0.0275546,0.236473,-0.971247,0
0,0,0,0,0,7203,1266,8469,3408,11877,-0.0983218,0.364145,-0.926138,0
0,0,0,0,0,2995,565,3560,2172,5732,-0.115705,0.379347,-0.917991,0
0,0,0,0,0,7521,1342,8863,6846,15709,-0.0882632,0.290522,-0.952789,0
0,0,0,0,0,3719,684,4403,3934,8337,-0.116444,0.293097,-0.948965,0
0,0,0,0,0,4282,805,5087,4382,9469,-0.0339796,0.182697,-0.982582,0
0,0,0,0,0,5234,1171,6405,6293,12698,-0.0716071,0.224822,-0.971765,0
0,0,0,0,0,3847,679,4526,7972,12498,-0.0990825,0.312359,-0.944783,0
0,0,0,0,0,4678,832,5510,15268,20778,-0.130195,0.372405,-0.918893,0
0,0,0,0,0,2406,431,2837,4960,7797,-0.22001,0.549645,-0.805907,0
0,0,0,0,0,3858,658,4516,5847,10363,-0.295821,0.615968,-0.730119,0
0,0,0,0,0,7438,1157,8595,-1000,-1000,-1,-1,-1,0
0,0,0,0,0,2081,392,2473,1394,3867,-0.0165559,0.0788791,-0.996747,0
0,0,0,0,0,4276,845,5121,3521,8642,0.0557377,0.135159,-0.989255,0
0,0,0,0,0,7180,1247,8427,6393,14820,0.0220745,0.094448,-0.995285,0
0,0,0,0,0,4635,812,5447,2783,8230,-0.0336142,0.112687,-0.993062,0
0,0,0,0,0,8159,1540,9699,4142,13841,-0.0566714,0.147489,-0.987439,0
0,0,0,0,0,6943,1185,8128,2722,10850,-0.0361127,0.0920884,-0.995096,0
0,0,0,0,0,3646,636,4282,1493,5775,-0.0395323,0.0796189,-0.996041,0
0,0,0,0,0,7774,1411,9185,3118,12303,-0.0233179,0.0771352,-0.996748,0
0,0,0,0,0,3754,671,4425,1582,6007,-0.0264575,0.0855192,-0.995985,0
0,0,0,0,0,8874,1635,10509,3182,13691,-0.0224047,0.108056,-0.993892,0
0,0,0,0,0,7916,870,8786,2008,10794,0.0104669,0.0390477,-0.999183,0
0,0,0,0,0,3997,653,4650,1415,6065,-0.0109159,0.0371176,-0.999251,0
0,0,0,0,0,8074,1261,9335,2608,11943,0.0133683,0.00596489,-0.999893,0
0,0,0,0,0,5242,928,6170,2107,8277,0.0484945,0.0125229,-0.998745,0
0,0,0,0,0,7745,1312,9057,3862,12919,0.0284597,-0.0197636,-0.9994,0
0,0,0,0,0,5282,972,6254,2443,8697,-0.0353334,0.00810749,-0.999343,0
0,0,0,0,0,6166,1085,7251,3351,10602,-0.0175251,-0.0005907,-0.999846,0
0,0,0,0,0,6092,1144,7236,3884,11120,0.00220647,-0.0484986,-0.998821,0
0,0,0,0,0,4403,784,5187,2531,7718,0.105546,-0.164813,-0.980661,0
0,0,0,0,0,7624,1320,8944,3401,12345,-0.0816898,0.0614985,-0.994759,0
0,0,0,0,0,7261,1317,8578,2086,10664,-0.0569213,0.0150776,-0.998265,0
0,0,0,0,0,3784,694,4478,1734,6212,0.00572469,-0.0310232,-0.999502,0
0,0,0,0,0,7121,1344,8465,3586,12051,-0.12174,0.09033,-0.988443,0
0,0,0,0,0,4850,904,5754,2910,8664,-0.128783,0.0927958,-0.987322,0
0,0,0,0,0,4659,934,5593,3835,9428,-0.0398814,-0.0234083,-0.99893,0
0,0,0,0,0,5984,1182,7166,4216,11382,-0.0980925,0.106353,-0.989478,0
0,0,0,0,0,4148,837,4985,2785,7770,-0.129742,0.0707997,-0.989017,0
0,0,0,0,0,8355,1347,9702,6505,16207,-0.0925951,0.0154417,-0.995584,0
0,0,0,0,0,3460,701,4161,5259,9420,-0.212219,0.112862,-0.970683,0
0,0,0,0,0,6120,1162,7282,7314,14596,-0.269447,0.16455,-0.948853,0
0,0,0,0,0,4064,771,4835,4441,9276,-0.213585,0.109664,-0.97075,0
0,0,0,0,0,7592,1291,8883,6238,15121,-0.184787,0.131308,-0.973967,0
0,0,0,0,0,4704,891,5595,2948,8543,-0.30018,0.247989,-0.921083,0
0,0,0,0,0,7431,1292,8723,4155,12878,-0.255906,0.174005,-0.950912,0
0,0,0,0,0,6715,1252,7967,2933,10900,-0.239573,0.13846,-0.960954,0
0,0,0,0,0,3624,652,4276,2289,6565,-0.273301,0.114583,-0.95508,0
0,0,0,0,0,5490,982,6472,3156,9628,-0.352849,0.161418,-0.921652,0
0,0,0,0,0,8500,1380,9880,3542,13422,-0.492157,0.107071,-0.863897,0
0,0,0,0,0,4502,798,5300,2317,7617,-0.522254,0.0496882,-0.851341,0
0,0,0,0,0,7430,1310,8740,3713,12453,-0.623939,0.0248801,-0.781077,0
0,0,0,0,0,6740,1626,8366,2161,10527,-0.616195,-0.074345,-0.784077,0
0,0,0,0,0,4018,733,4751,2111,6862,-0.601352,-0.139268,-0.786753,0
0,0,0,0,0,7339,1727,9066,2930,11996,-0.630257,-0.167039,-0.758204,0
0,0,0,0,0,6797,1184,7981,3636,11617,-0.618228,-0.172076,-0.766931,0
0,0,0,0,0,6691,1201,7892,4333,12225,-0.64666,-0.188475,-0.739126,0
0,0,0,0,0,4376,799,5175,3622,8797,-0.633179,-0.270137,-0.725334,0
0,0,0,0,0,7236,1347,8583,-1000,-1000,-1,-1,-1,0
0,0,0,0,0,2427,477,2904,3578,6482,-0.0613626,0.0018979,-0.998114,0
0,0,0,0,0,1603,320,1923,2357,4280,-0.184999,0.0369655,-0.982043,0
0,0,0,0,0,6819,1295,8114,10583,18697,-0.341106,-0.0989026,-0.934808,0
0,0,0,0,0,3543,553,4096,2784,6880,0.0394417,0.0553438,-0.997688,0
0,0,0,0,0,2174,401,2575,1990,4565,-0.180228,-0.0754228,-0.980729,0
0,0,0,0,0,3665,683,4348,3485,7833,-0.25157,-0.0605312,-0.965944,0
0,0,0,0,0,7358,1433,8791,6587,15378,-0.0753644,-0.0176335,-0.997,0
0,0,0,0,0,4724,965,5689,3148,8837,-0.110559,-0.0284535,-0.993462,0
0,0,0,0,0,3413,651,4064,2500,6564,-0.135216,-0.0740261,-0.988047,0
0,0,0,0,0,6948,1428,8376,5063,13439,-0.054916,0.0171243,-0.998344,0
0,0,0,0,0,5027,914,5941,2524,8465,-0.0661882,-0.0306231,-0.997337,0
0,0,0,0,0,5753,1102,6855,3803,10658,-0.114795,-0.0634388,-0.991362,0
0,0,0,0,0,4355,808,5163,2634,7797,-0.187362,-0.171865,-0.967139,0
0,0,0,0,0,7265,1336,8601,4226,12827,-0.161976,-0.136976,-0.977242,0
0,0,0,0,0,4975,940,5915,3599,9514,-0.15606,-0.120395,-0.980383,0
0,0,0,0,0,3773,695,4468,2086,6554,-0.18254,-0.25355,-0.949943,0
0,0,0,0,0,5898,1076,6974,4101,11075,-0.193643,-0.331584,-0.923339,0
0,0,0,0,0,7412,1331,8743,3854,12597,-0.157672,-0.287345,-0.94476,0
0,0,0,0,0,8154,1519,9673,4051,13724,-0.0970598,-0.272571,-0.957227,0
0,0,0,0,0,3635,593,4228,2087,6315,-0.141603,-0.258576,-0.955556,0
0,0,0,0,0,2196,402,2598,1245,3843,-0.0957338,-0.154331,-0.98337,0
0,0,0,0,0,2468,429,2897,1559,4456,-0.140572,-0.296549,-0.944615,0
0,0,0,0,0,8014,1305,9319,4848,14167,-0.200027,-0.448794,-0.870961,0
0,0,0,0,0,6912,1195,8107,5322,13429,-0.221559,-0.571586,-0.790064,0
0,0,0,0,0,2942,611,3553,2266,5819,-0.210976,-0.650352,-0.729748,0
0,0,0,0,0,4146,675,4821,-1000,-1000,-1,-1,-1,0
0,0,0,0,0,3354,600,3954,2087,6041,-0.00679486,-0.0608096,-0.998126,0
0,0,0,0,0,6870,1185,8055,7423,15478,-0.0211964,-0.235174,-0.971722,0
0,0,0,0,0,7298,1203,8501,7782,16283,-0.0206428,-0.298493,-0.954189,0
0,0,0,0,0,6826,1257,8083,3510,11593,-0.035595,-0.292981,-0.955456,0
0,0,0,0,0,3608,628,4236,2610,6846,-0.00980638,-0.329747,-0.944018,0
0,0,0,0,0,7092,1222,8314,5018,13332,-0.0416143,-0.416306,-0.908272,0
0,0,0,0,0,7145,1316,8461,4475,12936,-0.115845,-0.438864,-0.891055,0
0,0,0,0,0,4976,829,5805,2356,8161,-0.094655,-0.489112,-0.86707,0
0,0,0,0,0,8065,1217,9282,4207,13489,-0.0886073,-0.52712,-0.845159,0
0,0,0,0,0,5063,881,5944,3472,9416,-0.015383,-0.115346,-0.993206,0
0,0,0,0,0,7849,1292,9141,3243,12384,-0.0328278,-0.205165,-0.978177,0
0,0,0,0,0,5642,880,6522,1700,8222,-0.0415353,-0.184581,-0.981939,0
0,0,0,0,0,2877,465,3342,1487,4829,-0.0125898,0.114489,-0.993345,0
0,0,0,0,0,2423,414,2837,1032,3869,-0.0547948,-0.038657,-0.997749,0
0,0,0,0,0,8305,1351,9656,3897,13553,0.00195955,-0.15013,-0.988664,0
0,0,0,0,0,7339,1492,8831,2610,11441,-0.0179542,-0.0547732,-0.998337,0
0,0,0,0,0,3818,709,4527,2550,7077,-0.0103641,0.0389228,-0.999188,0
0,0,0,0,0,7021,1311,8332,4148,12480,-0.00881954,-0.134539,-0.990869,0
0,0,0,0,0,4773,953,5726,3469,9195,0.0358892,-0.0118045,-0.999286,0
0,0,0,0,0,6193,1145,7338,4858,12196,-0.0656484,-0.424937,-0.902839,0
0,0,0,0,0,5668,1073,6741,4922,11663,-0.0591052,-0.368523,-0.927738,0
0,0,0,0,0,5499,1187,6686,4817,11503,-0.0828113,-0.279984,-0.956426,0
0,0,0,0,0,5252,1002,6254,5623,11877,-0.0222063,-0.189074,-0.981712,0
0,0,0,0,0,6989,1311,8300,4631,12931,-0.0435355,-0.300523,-0.95278,0
0,0,0,0,0,2969,551,3520,2823,6343,-0.00364285,-0.29411,-0.955765,0
0,0,0,0,0,6968,1323,8291,5535,13826,-0.0516004,-0.322986,-0.944996,0
0,0,0,0,0,4827,929,5756,2727,8483,0.010381,-0.324455,-0.945844,0
0,0,0,0,0,4837,859,5696,3135,8831,-0.0179846,-0.380998,-0.924401,0
0,0,0,0,0,7114,1217,8331,5063,13394,0.0144459,-0.38389,-0.923266,0
0,0,0,0,0,3746,618,4364,1999,6363,0.0216023,-0.389818,-0.920638,0
0,0,0,0,0,7131,1167,8298,3091,11389,0.0394736,-0.524095,-0.850745,0
0,0,0,0,0,7251,1169,8420,2845,11265,0.0563006,-0.632451,-0.772552,0
0,0,0,0,0,9856,1226,11082,3974,15056,0.129466,-0.693332,-0.708893,0
0,0,0,0,0,5059,698,5757,-1000,-1000,-1,-1,-1,0
0,0,0,0,0,3022,543,3565,3730,7295,-0.0711596,-0.181206,-0.980867,0
0,0,0,0,0,7625,1850,9475,6939,16414,-0.00614261,-0.323805,-0.946104,0
0,0,0,0,0,5041,901,5942,3822,9764,-0.00690798,-0.213874,-0.976837,0
0,0,0,0,0,5943,1114,7057,3354,10411,-0.0299829,-0.246297,-0.96873,0
0,0,0,0,0,7255,1345,8600,3830,12430,0.0122972,-0.361372,-0.932341,0
0,0,0,0,0,3845,736,4581,2382,6963,-0.0627906,-0.278042,-0.958515,0
0,0,0,0,0,7156,1362,8518,3886,12404,-0.0103968,-0.374728,-0.927077,0
0,0,0,0,0,7167,1306,8473,3065,11538,0.0256227,-0.285501,-0.958036,0
0,0,0,0,0,3762,692,4454,2516,6970,0.0369238,-0.297996,-0.953853,0
0,0,0,0,0,5753,1084,6837,3632,10469,0.024899,-0.355798,-0.934231,0
0,0,0,0,0,5338,1035,6373,3219,9592,0.00298221,-0.349257,-0.937022,0
0,0,0,0,0,6956,1319,8275,3807,12082,0.0103026,-0.230765,-0.972955,0
0,0,0,0,0,4764,889,5653,4779,10432,0.0758521,-0.330512,-0.940749,0
0,0,0,0,0,7474,1254,8728,9940,18668,0.072372,-0.39869,-0.914226,0
0,0,0,0,0,4712,851,5563,9510,15073,0.054925,-0.48751,-0.871388,0
0,0,0,0,0,2382,421,2803,8010,10813,0.0126845,-0.456545,-0.88961,0
0,0,0,0,0,7442,1185,8627,11843,20470,0.000882672,-0.634493,-0.772928,0
0,0,0,0,0,3555,616,4171,15475,19646,-0.0289459,-0.47895,-0.877365,0
0,0,0,0,0,3478,607,4085,9327,13412,-0.0565713,-0.246551,-0.967477,0
0,0,0,0,0,3929,710,4639,5291,9930,-0.042983,-0.270618,-0.961727,0
0,0,0,0,0,6899,1170,8069,5919,13988,-0.0135286,-0.36925,-0.929232,0
0,0,0,0,0,6678,1157,7835,4454,12289,-0.0384503,-0.440699,-0.896831,0
0,0,0,0,0,3524,611,4135,3609,7744,0.00398035,-0.430398,-0.90263,0
0,0,0,0,0,7011,1179,8190,5310,13500,0.0372167,-0.574343,-0.817768,0
0,0,0,0,0,5836,818,6654,2123,8777,0.0440956,-0.620811,-0.782719,0
0,0,0,0,0,2609,427,3036,1674,4710,-0.0251337,-0.620297,-0.783964,0
0,0,0,0,0,2494,428,2922,1325,4247,-0.0171972,-0.645049,-0.763948,0
0,0,0,0,0,7629,1200,8829,-1000,-1000,-1,-1,-1,0
0,0,0,0,0,4018,693,4711,2748,7459,0.00843174,0.0484503,-0.99879,0
0,0,0,0,0,7649,1336,8985,4196,13181,-0.00884658,-0.0610684,-0.998094,0
0,0,0,0,0,7477,1332,8809,3607,12416,-0.013975,-0.179234,-0.983707,0
0,0,0,0,0,3861,694,4555,2181,6736,0.0255868,-0.103387,-0.994312,0
0,0,0,0,0,7176,1307,8483,3616,12099,-0.0110529,-0.274754,-0.961451,0
0,0,0,0,0,3711,688,4399,2256,6655,0.00476062,-0.197116,-0.980369,0
0,0,0,0,0,7710,1324,9034,4448,13482,0.00392449,-0.292439,-0.956276,0
0,0,0,0,0,7687,1331,9018,5885,14903,-0.101683,-0.437406,-0.893497,0
0,0,0,0,0,4397,755,5152,2232,7384,-0.0693296,-0.339951,-0.937884,0
0,0,0,0,0,2458,441,2899,2196,5095,-0.0236248,-0.307448,-0.951272,0
0,0,0,0,0,2299,442,2741,2831,5572,-0.0129898,-0.230491,-0.972988,0
0,0,0,0,0,6987,1527,8514,8003,16517,-0.0586074,-0.304717,-0.950638,0
0,0,0,0,0,4775,913,5688,4630,10318,-0.0489235,-0.406759,-0.912224,0
0,0,0,0,0,5702,1094,6796,3944,10740,-0.0707324,-0.41537,-0.906898,0
0,0,0,0,0,6875,1313,8188,3248,11436,-0.0113256,-0.383673,-0.9234,0
0,0,0,0,0,4696,910,5606,2527,8133,-0.0260258,-0.284321,-0.958376,0
0,0,0,0,0,6938,1247,8185,4448,12633,0.00869148,-0.274267,-0.961614,0
0,0,0,0,0,6782,1207,7989,2737,10726,-0.0186025,-0.260525,-0.965288,0
0,0,0,0,0,6128,1006,7134,2605,9739,-0.0389649,-0.354324,-0.93431,0
0,0,0,0,0,6864,1175,8039,4161,12200,0.020766,-0.373727,-0.927306,0
0,0,0,0,0,6994,1181,8175,3407,11582,0.0179046,-0.460059,-0.887708,0
0,0,0,0,0,6760,1053,7813,3739,11552,0.0600502,-0.543284,-0.837398,0
0,0,0,0,0,7049,1174,8223,4240,12463,0.0664053,-0.629905,-0.773828,0
0,0,0,0,0,4849,800,5649,2276,7925,0.102096,-0.634876,-0.765839,0
0,0,0,0,0,7012,1172,8184,9071,17255,0.108027,-0.67043,-0.734067,0
0,0,0,0,0,4860,856,5716,-1000,-1000,-1,-1,-1,0
0,0,0,0,0,3038,547,3585,3678,7263,-0.134726,0.0953949,-0.98628,0
0,0,0,0,0,7247,1284,8531,7260,15791,-0.0475908,-0.221965,-0.973892,0
0,0,0,0,0,4967,877,5844,3736,9580,-0.0639106,-0.192819,-0.979151,0
0,0,0,0,0,7697,1311,9008,5271,14279,-0.07254,-0.135958,-0.988055,0
0,0,0,0,0,7172,1329,8501,3383,11884,-0.0365183,-0.305811,-0.951392,0
0,0,0,0,0,7699,1465,9164,4531,13695,-0.0147433,-0.302716,-0.952967,0
0,0,0,0,0,4657,829,5486,4769,10255,-0.0384981,-0.237103,-0.970721,0
0,0,0,0,0,7458,1334,8792,9934,18726,0.0048233,-0.247269,-0.968935,0
0,0,0,0,0,3033,549,3582,3540,7122,0.0138879,-0.17295,-0.984833,0
0,0,0,0,0,7021,1257,8278,7318,15596,0.0268856,-0.220598,-0.974994,0
0,0,0,0,0,4547,971,5518,5111,10629,0.0749152,-0.31784,-0.94518,0
0,0,0,0,0,4246,808,5054,5575,10629,0.0292421,-0.271048,-0.962122,0
0,0,0,0,0,6906,1307,8213,8807,17020,0.000164945,-0.250857,-0.968024,0
0,0,0,0,0,3534,586,4120,2246,6366,0.000188862,-0.197181,-0.980367,0
0,0,0,0,0,2132,400,2532,1616,4148,-0.0153133,-0.189689,-0.981725,0
0,0,0,0,0,4421,876,5297,3040,8337,0.0108107,-0.271077,-0.962497,0
0,0,0,0,0,7588,1234,8822,5450,14272,-0.00811644,-0.286071,-0.958174,0
0,0,0,0,0,3741,617,4358,3971,8329,0.0106298,-0.30925,-0.950921,0
0,0,0,0,0,7204,1387,8591,6724,15315,0.00320022,-0.452643,-0.891686,0
0,0,0,0,0,4328,739,5067,15816,20883,0.0237491,-0.645142,-0.763694,0
0,0,0,0,0,2247,401,2648,7157,9805,0.0316205,-0.623261,-0.781374,0
0,0,0,0,0,4230,950,5180,15181,20361,-0.23308,-0.138049,-0.962609,0
0,0,0,0,0,4272,759,5031,4055,9086,-0.216746,0.0124539,-0.976149,0
0,0,0,0,0,5881,976,6857,3698,10555,-0.204588,-0.12023,-0.971436,0
0,0,0,0,0,6556,1198,7754,4612,12366,-0.231837,-0.251333,-0.939725,0
0,0,0,0,0,6087,799,6886,1959,8845,-0.237654,-0.319286,-0.917375,0
0,0,0,0,0,2806,499,3305,2288,5593,-0.00826307,-0.0815182,-0.996638,0
0,0,0,0,0,2349,421,2770,923,3693,-0.00496548,-0.0777692,-0.996959,0
0,0,0,0,0,7117,1272,8389,2300,10689,0.00468399,-0.113471,-0.99353,0
0,0,0,0,0,7089,1260,8349,1639,9988,0.00707764,-0.0926969,-0.995669,0
0,0,0,0,0,6527,1159,7686,2252,9938,-0.020608,-0.0833314,-0.996309,0
0,0,0,0,0,6725,1230,7955,2008,9963,-0.000898375,-0.086528,-0.996249,0
0,0,0,0,0,6145,1105,7250,2261,9511,0.0130311,-0.0712068,-0.997376,0
0,0,0,0,0,7726,1306,9032,2154,11186,0.0152731,-0.0530227,-0.998477,0
0,0,0,0,0,5268,926,6194,2307,8501,0.00714485,-0.0637273,-0.997942,0
0,0,0,0,0,7485,1325,8810,2475,11285,-0.0299884,-0.0777547,-0.996521,0
0,0,0,0,0,5265,948,6213,2185,8398,0.00574072,-0.163156,-0.986584,0
0,0,0,0,0,7394,1340,8734,3150,11884,0.00956441,-0.00750184,-0.999926,0
0,0,0,0,0,3905,770,4675,1848,6523,-0.00781932,0.0714234,-0.997415,0
0,0,0,0,0,7280,1343,8623,4121,12744,0.00235834,-0.225721,-0.974189,0
0,0,0,0,0,4937,952,5889,2879,8768,0.0259626,-0.305428,-0.951861,0
0,0,0,0,0,7086,1318,8404,4948,13352,0.0190563,-0.233614,-0.972143,0
0,0,0,0,0,4804,943,5747,4253,10000,0.0592632,-0.286459,-0.956258,0
0,0,0,0,0,6158,1179,7337,5224,12561,0.040592,-0.239726,-0.969992,0
0,0,0,0,0,4435,860,5295,3680,8975,0.0017441,-0.266279,-0.963894,0
0,0,0,0,0,6882,1307,8189,6256,14445,0.0177774,-0.225167,-0.974158,0
0,0,0,0,0,3620,700,4320,2862,7182,0.000932349,-0.21178,-0.977317,0
0,0,0,0,0,6896,1295,8191,5570,13761,0.0170158,-0.329063,-0.944155,0
0,0,0,0,0,4831,896,5727,2392,8119,0.0122497,-0.361332,-0.932357,0
0,0,0,0,0,6232,1158,7390,3267,10657,0.00457903,-0.275388,-0.961322,0
0,0,0,0,0,5606,1049,6655,2711,9366,-0.0212117,-0.372247,-0.927891,0
0,0,0,0,0,5948,1082,7030,3498,10528,-0.0118464,-0.407856,-0.912969,0
0,0,0,0,0,5569,1020,6589,3207,9796,0.0721028,-0.468216,-0.880668,0
0,0,0,0,0,5310,904,6214,3666,9880,0.0757341,-0.42314,-0.902894,0
0,0,0,0,0,7292,1194,8486,3499,11985,0.10775,-0.444327,-0.889361,0
0,0,0,0,0,4981,817,5798,2734,8532,0.0719033,-0.488196,-0.869767,0
0,0,0,0,0,7341,1210,8551,3069,11620,0.105446,-0.514313,-0.851096,0
0,0,0,0,0,4975,815,5790,2205,7995,0.135289,-0.558751,-0.818226,0
0,0,0,0,0,7236,1157,8393,2877,11270,0.195916,-0.622398,-0.757785,0
0,0,0,0,0,4962,826,5788,2250,8038,0.21564,-0.641402,-0.736276,0
0,0,0,0,0,7184,1173,8357,8276,16633,0.269853,-0.624888,-0.732595,0
0,0,0,0,0,4972,812,5784,2622,8406,0.285261,-0.62476,-0.726843,0
0,0,0,0,0,7503,1187,8690,-1000,-1000,-1,-1,-1,0
0,0,0,0,0,3083,552,3635,3227,6862,0.0270268,0.0552789,-0.998105,0
0,0,0,0,0,4360,757,5117,2998,8115,0.0336991,0.022668,-0.999175,0
0,0,0,0,0,7227,1360,8587,5380,13967,0.042776,0.000479681,-0.999085,0
0,0,0,0,0,3849,743,4592,3593,8185,0.0434714,-0.149733,-0.98777,0
0,0,0,0,0,6459,1205,7664,4365,12029,-0.0189317,-0.181802,-0.983153,0
0,0,0,0,0,7173,1301,8474,5047,13521,-0.0268692,-0.18889,-0.981631,0
0,0,0,0,0,3850,695,4545,2553,7098,-0.0474203,-0.0439301,-0.997909,0
0,0,0,0,0,6761,1229,7990,4010,12000,-0.00286676,-0.157645,-0.987492,0
0,0,0,0,0,5897,1095,6992,2700,9692,0.00889859,-0.184095,-0.982868,0
0,0,0,0,0,5661,1032,6693,3473,10166,0.0357333,-0.257157,-0.965709,0
0,0,0,0,0,5346,991,6337,3865,10202,0.00406699,-0.159898,-0.987125,0
0,0,0,0,0,5929,993,6922,2957,9879,0.00310676,-0.175329,-0.984505,0
0,0,0,0,0,4048,732,4780,2700,7480,0.0363964,-0.217668,-0.975344,0
0,0,0,0,0,7083,1336,8419,4287,12706,0.0507218,-0.203428,-0.977775,0
0,0,0,0,0,6884,1343,8227,4117,12344,0.0371,-0.2003,-0.979032,0
0,0,0,0,0,4824,903,5727,3455,9182,0.027599,-0.270356,-0.962365,0
0,0,0,0,0,6887,1275,8162,4019,12181,0.0277601,-0.306348,-0.951515,0
0,0,0,0,0,4764,873,5637,7112,12749,0.0533559,-0.339995,-0.938912,0
0,0,0,0,0,4319,771,5090,5266,10356,0.0217944,-0.442292,-0.896606,0
0,0,0,0,0,5498,951,6449,7967,14416,0.0172876,-0.494889,-0.868784,0
0,0,0,0,0,3965,698,4663,3918,8581,0.0320164,-0.586735,-0.809146,0
0,0,0,0,0,7024,1160,8184,7232,15416,0.0147393,-0.655328,-0.7552,0
0,0,0,0,0,4687,786,5473,5401,10874,0.0165212,-0.692511,-0.721218,0
0,0,0,0,0,4430,729,5159,10628,15787,-0.0165739,-0.594035,-0.804268,0
0,0,0,0,0,4278,766,5044,9257,14301,-0.0429574,-0.652252,-0.756784,0
0,0,0,0,0,5496,944,6440,10274,16714,-0.0430281,-0.323822,-0.945139,0
0,0,0,0,0,3168,550,3718,2294,6012,-0.034749,-0.351274,-0.935628,0
0,0,0,0,0,6997,1179,8176,6655,14831,-0.0572028,-0.442834,-0.894777,0
0,0,0,0,0,6787,1167,7954,4276,12230,-0.0724083,-0.394416,-0.916075,0
0,0,0,0,0,4368,749,5117,2301,7418,-0.0698924,-0.433516,-0.898431,0
0,0,0,0,0,6991,1213,8204,4559,12763,-0.0614215,-0.497368,-0.865363,0
0,0,0,0,0,5001,873,5874,3715,9589,-0.0182475,-0.508225,-0.861031,0
0,0,0,0,0,5973,984,6957,2793,9750,0.055521,-0.52111,-0.851682,0
0,0,0,0,0,7830,1243,9073,3790,12863,0.0866541,-0.535755,-0.839916,0
0,0,0,0,0,8168,1230,9398,3049,12447,0.126018,-0.60464,-0.786467,0
0,0,0,0,0,3965,561,4526,1985,6511,0.0487547,-0.0659055,-0.996634,0
0,0,0,0,0,2361,400,2761,761,3522,-0.00921077,-0.0130263,-0.999873,0
0,0,0,0,0,4050,702,4752,1585,6337,-0.00214649,0.025217,-0.99968,0
0,0,0,0,0,8155,1361,9516,2882,12398,0.0164137,0.041801,-0.998991,0
0,0,0,0,0,5431,924,6355,2110,8465,0.014361,-0.0599172,-0.9981,0
0,0,0,0,0,7559,1320,8879,3813,12692,-0.00456058,-0.0374105,-0.99929,0
0,0,0,0,0,5136,949,6085,2414,8499,0.0205845,-0.0302788,-0.99933,0
0,0,0,0,0,7605,1341,8946,3615,12561,-0.0107026,0.00352002,-0.999937,0
0,0,0,0,0,5267,985,6252,2437,8689,-0.0115789,-0.0970082,-0.995216,0
0,0,0,0,0,7006,1323,8329,4920,13249,-0.0253775,-0.223947,-0.974271,0
0,0,0,0,0,4826,963,5789,2891,8680,-0.0446014,-0.215319,-0.975525,0
0,0,0,0,0,6192,1172,7364,4698,12062,-0.0771205,-0.282854,-0.956057,0
0,0,0,0,0,4468,906,5374,4542,9916,-0.0507847,-0.260601,-0.96411,0
0,0,0,0,0,5680,1101,6781,6331,13112,-0.0577685,-0.387939,-0.919873,0
0,0,0,0,0,5202,978,6180,5277,11457,-0.038606,-0.336909,-0.940745,0
0,0,0,0,0,5371,986,6357,3955,10312,-0.0504217,-0.342125,-0.938301,0
0,0,0,0,0,7041,1373,8414,5246,13660,-0.0341334,-0.455428,-0.889618,0
0,0,0,0,0,4872,892,5764,2890,8654,-0.0319484,-0.401413,-0.91534,0
0,0,0,0,0,5959,1086,7045,2813,9858,-0.0127306,-0.380811,-0.924565,0
0,0,0,0,0,6769,1262,8031,3900,11931,0.0547924,-0.30917,-0.949427,0
0,0,0,0,0,3716,650,4366,2378,6744,0.0532525,-0.248592,-0.967143,0
0,0,0,0,0,8067,1230,9297,3769,13066,0.0745433,-0.453328,-0.888221,0
0,0,0,0,0,7272,1213,8485,3377,11862,0.0665356,-0.515759,-0.854146,0
0,0,0,0,0,4234,623,4857,1893,6750,0.0939006,-0.560339,-0.822923,0
0,0,0,0,0,7155,1166,8321,3747,12068,0.103655,-0.670316,-0.7348,0
0,0,0,0,0,5064,833,5897,-1000,-1000,-1,-1,-1,0
0,0,0,0,0,3951,701,4652,4307,8959,0.0515072,-0.199339,-0.978576,0
0,0,0,0,0,7407,1325,8732,6543,15275,0.0164726,-0.150764,-0.988433,0
0,0,0,0,0,3682,678,4360,3575,7935,-0.00226526,-0.108517,-0.994092,0
0,0,0,0,0,3801,700,4501,4562,9063,-0.00981152,-0.394877,-0.918682,0
0,0,0,0,0,4446,799,5245,4327,9572,-0.0257356,-0.321247,-0.946646,0
0,0,0,0,0,7464,1365,8829,6027,14856,-0.06322,-0.142699,-0.987745,0
0,0,0,0,0,5094,950,6044,2908,8952,-0.0355378,-0.123911,-0.991657,0
0,0,0,0,0,3274,450,3724,1354,5078,0.00321892,-0.22377,-0.974637,0
0,0,0,0,0,2048,369,2417,1189,3606,-0.0318841,-0.1635,-0.986028,0
0,0,0,0,0,5945,1069,7014,3911,10925,-0.0614451,-0.213023,-0.975113,0
0,0,0,0,0,7137,1340,8477,3578,12055,-0.000933655,-0.218906,-0.975745,0
0,0,0,0,0,7551,1326,8877,3965,12842,-0.0405232,-0.35482,-0.934056,0
0,0,0,0,0,3747,558,4305,1334,5639,-0.0127243,-0.24471,-0.969513,0
0,0,0,0,0,2500,468,2968,1220,4188,-0.0242664,-0.271399,-0.962161,0
0,0,0,0,0,4921,927,5848,2317,8165,-0.0293742,-0.280717,-0.959341,0
0,0,0,0,0,7771,1343,9114,3663,12777,-0.0137864,-0.309842,-0.950688,0
0,0,0,0,0,4808,884,5692,2205,7897,-0.023813,-0.299079,-0.953931,0
0,0,0,0,0,6936,1268,8204,4376,12580,-0.0414264,-0.298446,-0.953527,0
0,0,0,0,0,4368,785,5153,6120,11273,-0.0510818,-0.401432,-0.914463,0
0,0,0,0,0,6675,1178,7853,14244,22097,-0.0774869,-0.103407,-0.991616,0
0,0,0,0,0,2509,438,2947,1602,4549,-0.0491558,-0.149434,-0.987549,0
0,0,0,0,0,5446,1004,6450,12642,19092,-0.109141,-0.292443,-0.950034,0
0,0,0,0,0,5689,1008,6697,7329,14026,-0.131591,-0.319823,-0.938295,0
0,0,0,0,0,3146,554,3700,5587,9287,-0.0916115,-0.385023,-0.918349,0
0,0,0,0,0,6006,1043,7049,9689,16738,0.0640585,-0.268373,-0.961183,0
0,0,0,0,0,4625,769,5394,3642,9036,0.0780927,-0.318735,-0.944621,0
0,0,0,0,0,6621,1117,7738,5942,13680,0.092474,-0.28427,-0.954274,0
0,0,0,0,0,6352,1055,7407,3917,11324,0.105541,-0.339379,-0.93471,0
0,0,0,0,0,6863,1140,8003,3000,11003,0.0922106,-0.402432,-0.910794,0
0,0,0,0,0,4502,753,5255,3123,8378,0.090559,-0.477744,-0.873819,0
0,0,0,0,0,7268,1179,8447,5331,13778,0.109202,-0.518584,-0.848025,0
0,0,0,0,0,6543,1064,7607,3712,11319,0.129095,-0.571423,-0.810438,0
0,0,0,0,0,4738,786,5524,2587,8111,0.114475,-0.587928,-0.800772,0
0,0,0,0,0,7570,1205,8775,3212,11987,0.0938323,-0.642192,-0.760779,0
0,0,0,0,0,7531,1210,8741,-1000,-1000,-1,-1,-1,0
0,0,0,0,0,3263,517,3780,1081,4861,-0.0218404,-0.0497067,-0.998525,0
0,0,0,0,0,2369,409,2778,677,3455,-0.0468163,0.00439207,-0.998894,0
0,0,0,0,0,2264,389,2653,831,3484,-0.00191844,0.0205943,-0.999786,0
0,0,0,0,0,7605,1371,8976,2920,11896,-0.0225696,-0.0469241,-0.998643,0
0,0,0,0,0,7516,1347,8863,1772,10635,0.00286605,-0.0586201,-0.998276,0
0,0,0,0,0,4105,702,4807,1639,6446,-0.0108655,-0.0406993,-0.999112,0
0,0,0,0,0,7339,1386,8725,2912,11637,-0.00979511,-0.119245,-0.992817,0
0,0,0,0,0,5224,941,6165,2501,8666,-0.00750315,-0.249465,-0.968355,0
0,0,0,0,0,4958,970,5928,2872,8800,-0.0204931,-0.199366,-0.979711,0
0,0,0,0,0,7108,1342,8450,3863,12313,-0.055385,-0.126125,-0.990467,0
0,0,0,0,0,4783,963,5746,3911,9657,-0.0197064,-0.260553,-0.965258,0
0,0,0,0,0,4597,873,5470,4053,9523,0.00698007,-0.188272,-0.982092,0
0,0,0,0,0,6942,1344,8286,5209,13495,-0.0153784,-0.451693,-0.892041,0
0,0,0,0,0,3648,688,4336,2961,7297,-0.0379711,-0.268055,-0.962655,0
0,0,0,0,0,5741,1072,6813,5081,11894,-0.000953188,-0.229224,-0.973373,0
0,0,0,0,0,4288,942,5230,3283,8513,0.00802808,-0.227491,-0.973747,0
0,0,0,0,0,7169,1343,8512,4997,13509,-0.0640028,-0.342971,-0.937163,0
0,0,0,0,0,4707,887,5594,2230,7824,-0.0254613,-0.314234,-0.949004,0
0,0,0,0,0,6846,1283,8129,2935,11064,0.0144445,-0.352572,-0.935673,0
0,0,0,0,0,8179,1308,9487,3362,12849,0.0124217,-0.444455,-0.895715,0
0,0,0,0,0,3741,643,4384,1943,6327,0.0261248,-0.441557,-0.896853,0
0,0,0,0,0,7164,1235,8399,3896,12295,0.00546642,-0.479374,-0.877594,0
0,0,0,0,0,4945,839,5784,2471,8255,0.0116636,-0.518138,-0.855218,0
0,0,0,0,0,4656,789,5445,2497,7942,0.0282235,-0.507225,-0.861352,0
0,0,0,0,0,7226,1213,8439,3080,11519,0.070941,-0.568252,-0.819791,0
0,0,0,0,0,5053,852,5905,2549,8454,0.0898899,-0.609713,-0.787509,0
0,0,0,0,0,3849,671,4520,2742,7262,0.0870617,-0.615478,-0.78333,0
0,0,0,0,0,7428,1257,8685,-1000,-1000,-1,-1,-1,0
0,0,0,0,0,3083,559,3642,2100,5742,0.00942374,-0.187515,-0.982217,0
0,0,0,0,0,1960,323,2283,1627,3910,-0.0111911,-0.0990365,-0.995021,0
0,0,0,0,0,2425,436,2861,1754,4615,-0.0156905,-0.115867,-0.993141,0
0,0,0,0,0,7481,1328,8809,5717,14526,-0.0247892,-0.114034,-0.993167,0
0,0,0,0,0,4807,866,5673,3531,9204,-0.0218746,-0.203563,-0.978817,0
0,0,0,0,0,7302,1387,8689,3344,12033,0.0226123,-0.398147,-0.917043,0
0,0,0,0,0,4272,683,4955,1819,6774,0.00894551,-0.112649,-0.993595,0
0,0,0,0,0,2352,400,2752,1132,3884,-0.0013008,-0.180589,-0.983558,0
0,0,0,0,0,2008,387,2395,1064,3459,0.0538769,-0.284453,-0.957175,0
0,0,0,0,0,7378,1309,8687,3032,11719,-0.00249406,-0.276905,-0.960894,0
0,0,0,0,0,4454,853,5307,1751,7058,-0.0124485,-0.241653,-0.970283,0
0,0,0,0,0,7007,1362,8369,2787,11156,-0.0253322,-0.233431,-0.972043,0
0,0,0,0,0,4506,830,5336,3042,8378,-0.0304331,-0.321469,-0.946431,0
0,0,0,0,0,5681,962,6643,8336,14979,-0.0497473,-0.456483,-0.88834,0
0,0,0,0,0,3201,568,3769,5742,9511,-0.078129,-0.516882,-0.852484,0
0,0,0,0,0,6161,1037,7198,10832,18030,-0.0841874,-0.607047,-0.790194,0
0,0,0,0,0,6658,1125,7783,15878,23661,-0.0547088,-0.422595,-0.904666,0
0,0,0,0,0,2871,496,3367,3828,7195,-0.0238631,-0.286215,-0.957868,0
0,0,0,0,0,2040,361,2401,2433,4834,-0.0263092,-0.183899,-0.982593,0
0,0,0,0,0,3048,579,3627,3270,6897,-0.00864579,-0.253731,-0.967236,0
0,0,0,0,0,2250,402,2652,1678,4330,0.0147251,-0.342915,-0.939251,0
0,0,0,0,0,5539,1026,6565,3532,10097,0.0264982,-0.380882,-0.924244,0
0,0,0,0,0,6726,1207,7933,5509,13442,0.037496,-0.42326,-0.905232,0
0,0,0,0,0,6191,1081,7272,4601,11873,0.0697177,-0.425931,-0.902065,0
0,0,0,0,0,4384,760,5144,3181,8325,0.0821823,-0.392205,-0.916199,0
0,0,0,0,0,6840,1262,8102,2887,10989,0.0353392,-0.495688,-0.867781,0
0,0,0,0,0,7048,1237,8285,3541,11826,-0.00568765,-0.550494,-0.83482,0
0,0,0,0,0,4566,786,5352,2582,7934,-0.0437098,-0.616773,-0.785927,0
0,0,0,0,0,7176,1194,8370,3446,11816,-0.0491374,-0.677644,-0.733747,0
0,0,0,0,0,7261,1197,8458,-1000,-1000,-1,-1,-1,0
0,0,0,0,0,2615,466,3081,767,3848,-0.0169955,-0.0360127,-0.999207,0
0,0,0,0,0,7463,1346,8809,2609,11418,-0.0432683,-0.0742765,-0.996299,0
0,0,0,0,0,7467,1361,8828,2214,11042,-0.0404882,-0.0837689,-0.995662,0
0,0,0,0,0,3127,551,3678,1214,4892,-0.0159139,-0.0276926,-0.99949,0
0,0,0,0,0,7654,1334,8988,2887,11875,0.0159526,-0.0777235,-0.996847,0
0,0,0,0,0,8008,932,8940,1871,10811,0.00649929,-0.100934,-0.994872,0
0,0,0,0,0,3691,716,4407,1678,6085,-0.0162884,-0.105787,-0.994255,0
0,0,0,0,0,6825,1339,8164,2764,10928,-0.0367347,-0.172888,-0.984256,0
0,0,0,0,0,4632,930,5562,2396,7958,-0.00594586,-0.128985,-0.991629,0
0,0,0,0,0,6486,1086,7572,4292,11864,-0.0387596,-0.136694,-0.989855,0
0,0,0,0,0,6800,1313,8113,4315,12428,-0.0596204,-0.234612,-0.970259,0
0,0,0,0,0,3536,716,4252,2595,6847,-0.0590174,-0.158816,-0.985543,0
0,0,0,0,0,7093,1336,8429,4163,12592,-0.00425735,-0.268128,-0.963374,0
0,0,0,0,0,3757,715,4472,3097,7569,-0.0367118,-0.230553,-0.972367,0
0,0,0,0,0,5992,1087,7079,4404,11483,-0.0694352,-0.36114,-0.929923,0
0,0,0,0,0,5999,1109,7108,4712,11820,-0.0396437,-0.15637,-0.986903,0
0,0,0,0,0,4099,827,4926,4184,9110,-0.0014961,-0.219805,-0.975543,0
0,0,0,0,0,5310,979,6289,3408,9697,-0.0141996,-0.169102,-0.985496,0
0,0,0,0,0,5176,988,6164,4635,10799,-0.0240166,-0.151666,-0.98814,0
0,0,0,0,0,7162,1309,8471,5497,13968,-0.0442773,-0.228214,-0.972604,0
0,0,0,0,0,3613,621,4234,1753,5987,0.00887428,-0.151872,-0.98836,0
0,0,0,0,0,2049,360,2409,1513,3922,-0.0228836,-0.258511,-0.965737,0
0,0,0,0,0,1957,383,2340,1499,3839,-0.0528803,-0.199123,-0.978547,0
0,0,0,0,0,4657,886,5543,3764,9307,-0.0562253,-0.247561,-0.96724,0
0,0,0,0,0,6073,1140,7213,4198,11411,0.0181786,-0.198963,-0.979838,0
0,0,0,0,0,4306,824,5130,2143,7273,0.0144485,-0.1747,-0.984516,0
0,0,0,0,0,7003,1350,8353,2846,11199,0.00920952,-0.17984,-0.983653,0
0,0,0,0,0,6213,985,7198,1591,8789,0.00342241,-0.151334,-0.988477,0
0,0,0,0,0,2744,444,3188,1420,4608,-0.00432271,-0.137502,-0.990492,0
0,0,0,0,0,6990,1303,8293,3965,12258,-0.00813842,-0.155354,-0.987825,0
0,0,0,0,0,4738,895,5633,2210,7843,-0.012788,-0.199206,-0.979874,0
0,0,0,0,0,4350,779,5129,2685,7814,-0.093262,-0.156949,-0.983193,0
0,0,0,0,0,6898,1225,8123,3272,11395,-0.0178665,-0.0167472,-0.9997,0
0,0,0,0,0,6882,1196,8078,1682,9760,0.0154969,-0.0453306,-0.998852,0
0,0,0,0,0,4270,754,5024,1839,6863,-0.0173477,0.0119679,-0.999778,0
0,0,0,0,0,6830,1225,8055,2386,10441,0.00154224,-0.00821363,-0.999965,0
0,0,0,0,0,6689,1228,7917,1941,9858,-0.00830405,-0.0156289,-0.999843,0
0,0,0,0,0,3545,622,4167,1215,5382,-0.0197573,-0.00475928,-0.999793,0
0,0,0,0,0,6431,1134,7565,2192,9757,-0.00264488,0.0273176,-0.999623,0
0,0,0,0,0,6763,1216,7979,2148,10127,0.00855556,-0.0129795,-0.999879,0
0,0,0,0,0,4809,866,5675,1497,7172,0.0078867,-0.0319823,-0.999457,0
0,0,0,0,0,7069,1207,8276,2696,10972,-0.0158611,-0.0128075,-0.999792,0
0,0,0,0,0,4711,854,5565,1586,7151,0.00626853,-0.0029257,-0.999976,0
0,0,0,0,0,6897,1209,8106,2390,10496,-0.0149703,-0.0445961,-0.998893,0
0,0,0,0,0,6899,1253,8152,2184,10336,-0.00184456,-0.0617741,-0.998088,0
0,0,0,0,0,4812,908,5720,1743,7463,-0.019791,-0.0684984,-0.997455,0
0,0,0,0,0,6413,1064,7477,2035,9512,0.0133303,-0.0383864,-0.999174,0
0,0,0,0,0,4487,770,5257,1545,6802,0.0037537,-0.0347903,-0.999388,0
0,0,0,0,0,6908,1211,8119,2384,10503,-0.0272592,-0.0209855,-0.999408,0
0,0,0,0,0,7453,1172,8625,1666,10291,-0.0193537,-0.0255311,-0.999487,0
0,0,0,0,0,4815,815,5630,1780,7410,-0.0163103,-0.0421389,-0.998979,0
0,0,0,0,0,6781,1178,7959,2512,10471,-0.0118349,-0.0394224,-0.999153,0
0,0,0,0,0,6774,1212,7986,2014,10000,-0.0249653,-0.0373702,-0.99899,0
0,0,0,0,0,7292,1270,8562,2506,11068,0.00476018,0.0136295,-0.999896,0
0,0,0,0,0,4802,816,5618,1925,7543,-0.017143,-0.0113402,-0.999789,0
0,0,0,0,0,4960,833,5793,1621,7414,-0.0190298,-0.0381435,-0.999091,0
0,0,0,0,0,6861,1195,8056,2435,10491,-0.00960445,-0.0248057,-0.999646,0
0,0,0,0,0,6900,1230,8130,2124,10254,-0.0140256,-0.0566255,-0.998297,0
0,0,0,0,0,4713,814,5527,1773,7300,-0.0126794,-0.0556737,-0.998369,0
0,0,0,0,0,5055,855,5910,1869,7779,-0.0158663,-0.0505673,-0.998595,0
0,0,0,0,0,6810,1213,8023,2347,10370,0.00304823,-0.0155682,-0.999874,0
0,0,0,0,0,6895,1266,8161,2176,10337,-0.0354401,-0.00162498,-0.99937,0
0,0,0,0,0,4682,833,5515,1574,7089,-0.00883916,-0.0157539,-0.999837,0
0,0,0,0,0,6891,1207,8098,2363,10461,-0.039509,-0.0236864,-0.998938,0
0,0,0,0,0,6861,1206,8067,1851,9918,-0.0325075,0.00282984,-0.999467,0
0,0,0,0,0,3561,623,4184,1310,5494,-0.0444727,-0.00745308,-0.998983,0
0,0,0,0,0,6983,1182,8165,2464,10629,-0.0389219,-0.0162448,-0.99911,0
0,0,0,0,0,6912,1194,8106,1565,9671,-0.00351428,-0.0297582,-0.999551,0
0,0,0,0,0,3598,630,4228,1214,5442,0.00925631,-0.0134747,-0.999866,0
0,0,0,0,0,7213,1303,8516,2264,10780,0.0113931,-0.00490062,-0.999923,0
0,0,0,0,0,6953,1258,8211,1732,9943,0.0205657,-0.000616183,-0.999788,0
0,0,0,0,0,3579,624,4203,1234,5437,-0.00253261,0.00435083,-0.999987,0
0,0,0,0,0,6802,1209,8011,2319,10330,0.00560366,0.00522976,-0.999971,0
0,0,0,0,0,4729,833,5562,1634,7196,0.00304753,-0.0198926,-0.999797,0
0,0,0,0,0,6355,1118,7473,2094,9567,-0.00193426,-0.00102163,-0.999998,0
0,0,0,0,0,6504,1115,7619,1988,9607,-0.016559,-0.014452,-0.999758,0
0,0,0,0,0,4387,757,5144,1515,6659,-0.00244148,-0.0260262,-0.999658,0
0,0,0,0,0,7356,1280,8636,2374,11010,-0.000422153,-0.018578,-0.999827,0
0,0,0,0,0,4702,845,5547,1722,7269,0.0143188,-0.0546312,-0.998404,0
0,0,0,0,0,6894,1191,8085,2459,10544,0.000986225,-0.0186194,-0.999826,0
0,0,0,0,0,6826,1399,8225,1648,9873,-0.00244647,-0.0195376,-0.999806,0
0,0,0,0,0,3591,630,4221,1256,5477,-0.00450723,-0.0267604,-0.999632,0
0,0,0,0,0,7688,1265,8953,2421,11374,-0.0020975,-0.0277243,-0.999613,0
0,0,0,0,0,6873,1211,8084,1665,9749,0.00259648,-0.0513525,-0.998677,0
0,0,0,0,0,4088,652,4740,1331,6071,-0.0329456,-0.0625141,-0.9975,0
0,0,0,0,0,6936,1227,8163,2637,10800,-0.0277119,-0.0367401,-0.998941,0
0,0,0,0,0,4279,625,4904,1163,6067,-0.0265596,-0.0288214,-0.999232,0
0,0,0,0,0,2432,431,2863,954,3817,-0.0151031,-0.0174502,-0.999734,0
